0	37	45	14	43	26	4	63	59	40	6	61	21	61	11	28	7	27	46	14	45	21	16	8	11	20	46	57	44	2	18	18	17	15	18	11	15	58	17	43	33	58	15	12	22	7	30	25	13	35	59	38	16	25	41	39	62	16	28	20	59	29	53	45
0	0	21	56	19	60	59	30	14	63	55	4	62	12	25	42	62	36	31	61	19	31	42	47	38	5	43	4	30	36	37	46	30	28	58	50	4	30	25	20	5	58	18	20	53	54	59	42	28	26	27	28	49	19	49	24	21	26	8	30	39	25	16	19
0	0	0	10	54	44	52	49	56	27	58	41	40	41	18	10	60	9	33	18	22	12	4	21	12	36	40	34	19	37	25	48	14	52	50	29	11	39	44	34	46	2	10	40	20	19	21	40	44	7	42	46	48	38	49	15	50	14	40	9	58	16	14	3
0	0	0	0	6	63	65	24	61	8	7	21	16	56	43	68	52	6	58	45	38	8	19	19	29	16	64	30	46	13	7	30	51	40	20	10	66	56	46	11	16	16	5	27	9	45	29	33	15	7	22	22	21	11	34	63	18	19	43	12	56	38	37	12
0	0	0	0	0	58	37	34	38	62	32	31	32	9	27	62	12	4	27	28	44	67	66	17	64	40	8	5	25	34	38	62	34	59	53	49	56	10	63	50	15	32	12	12	28	20	18	55	12	45	18	62	50	38	10	42	48	10	65	21	21	66	8	28
0	0	0	0	0	0	13	32	42	7	24	52	35	16	22	30	15	67	32	18	46	8	55	55	60	9	40	16	41	41	10	51	35	20	47	11	27	36	40	33	34	8	69	11	26	45	30	68	54	61	17	10	19	25	50	26	30	6	30	60	22	47	18	56
0	0	0	0	0	0	0	27	67	25	58	7	32	63	8	51	56	37	24	28	30	59	26	31	38	54	49	65	32	30	29	28	37	35	57	10	50	43	35	60	46	59	57	40	29	48	33	21	54	41	46	31	18	54	17	33	51	36	51	37	56	2	31	43
0	0	0	0	0	0	0	0	46	43	34	46	58	53	45	60	42	63	10	28	58	2	11	50	46	42	6	33	41	19	31	61	56	11	18	68	13	48	41	30	17	8	12	55	63	26	20	67	18	56	28	15	58	67	31	54	24	53	17	56	43	51	33	53
0	0	0	0	0	0	0	0	0	52	42	43	19	6	7	21	47	4	26	54	58	34	36	56	10	12	8	46	3	21	66	53	73	15	34	46	28	35	56	8	30	58	25	12	26	22	53	15	36	36	57	19	57	35	14	21	23	60	49	61	51	41	62	26
0	0	0	0	0	0	0	0	0	0	43	21	11	65	16	69	18	50	25	64	61	12	60	36	13	3	46	68	22	52	64	21	33	33	33	49	22	26	18	50	73	61	39	62	37	38	33	51	59	29	42	47	15	50	9	23	68	16	11	13	49	44	27	13
0	0	0	0	0	0	0	0	0	0	0	19	56	18	56	10	25	21	22	69	5	11	7	4	65	72	27	33	7	16	25	7	21	38	54	12	13	23	35	28	42	55	21	18	34	46	74	60	9	30	29	48	42	17	53	27	57	42	55	23	51	19	13	51
0	0	0	0	0	0	0	0	0	0	0	0	37	41	55	40	27	23	12	54	57	57	25	32	25	64	49	10	30	61	57	55	61	39	63	22	53	45	24	17	39	58	55	63	52	45	17	22	62	68	20	41	44	54	30	20	55	18	13	68	71	36	19	69
0	0	0	0	0	0	0	0	0	0	0	0	0	43	32	59	42	70	29	51	32	35	36	23	48	42	25	17	43	66	58	65	71	24	52	23	36	55	57	60	17	40	47	67	25	29	13	12	70	61	65	62	59	27	3	16	32	67	27	46	17	24	43	33
0	0	0	0	0	0	0	0	0	0	0	0	0	0	31	59	18	43	23	64	27	51	44	48	42	21	21	27	7	51	61	64	55	13	10	65	51	14	16	48	24	40	19	58	35	24	43	69	34	17	47	68	62	53	65	68	49	35	52	14	12	41	43	57
0	0	0	0	0	0	0	0	0	0	0	0	0	0	0	62	65	44	8	17	29	65	26	12	19	66	40	29	29	20	35	24	54	45	59	55	48	9	72	67	38	56	50	62	35	34	52	20	54	75	30	66	39	27	37	35	58	51	42	50	13	17	31	63
0	0	0	0	0	0	0	0	0	0	0	0	0	0	0	0	70	64	39	24	49	61	31	49	60	13	27	14	25	63	4	71	34	54	24	76	20	30	11	45	58	30	43	44	31	48	37	16	16	15	45	68	46	43	32	14	20	58	34	76	59	19	35	45
0	0	0	0	0	0	0	0	0	0	0	0	0	0	0	0	0	40	21	60	9	13	69	46	17	38	9	19	57	25	40	46	57	28	20	58	42	34	52	65	41	68	64	34	53	66	49	31	57	58	65	80	48	51	20	50	20	16	18	30	58	71	20	23
0	0	0	0	0	0	0	0	0	0	0	0	0	0	0	0	0	0	66	48	35	55	11	43	12	68	37	19	20	22	76	66	35	33	21	63	46	70	16	75	24	65	45	69	21	64	54	51	47	28	42	22	35	40	20	30	46	42	64	29	21	49	39	16
0	0	0	0	0	0	0	0	0	0	0	0	0	0	0	0	0	0	0	24	57	81	38	54	59	44	61	63	71	30	62	18	52	79	22	41	51	13	27	54	47	56	15	44	26	20	29	72	69	74	18	77	38	53	44	24	55	20	78	20	9	15	42	25
0	0	0	0	0	0	0	0	0	0	0	0	0	0	0	0	0	0	0	0	57	64	51	56	27	47	68	50	71	60	28	19	55	16	27	53	73	74	58	10	68	37	37	32	33	47	60	35	10	29	16	6	59	26	17	27	16	69	28	44	76	63	31	75
0	0	0	0	0	0	0	0	0	0	0	0	0	0	0	0	0	0	0	0	0	9	24	17	59	58	23	17	20	29	20	31	26	45	69	60	53	20	27	42	74	33	69	45	46	19	39	43	29	12	58	63	65	16	29	27	37	41	51	63	35	65	77	78
0	0	0	0	0	0	0	0	0	0	0	0	0	0	0	0	0	0	0	0	0	0	25	62	69	66	52	74	64	67	52	55	28	47	31	45	67	46	32	64	78	46	9	73	36	25	35	23	56	50	35	76	36	36	31	55	29	38	62	76	37	47	60	67
0	0	0	0	0	0	0	0	0	0	0	0	0	0	0	0	0	0	0	0	0	0	0	57	56	64	57	57	7	25	59	33	44	28	15	43	20	43	57	78	42	48	26	51	50	73	54	24	47	25	31	80	38	9	55	51	26	17	65	58	58	32	62	19
0	0	0	0	0	0	0	0	0	0	0	0	0	0	0	0	0	0	0	0	0	0	0	0	42	32	21	29	23	34	74	8	59	38	52	61	52	27	57	62	50	25	54	27	30	42	55	70	71	33	49	74	6	58	41	75	19	18	27	69	16	55	35	51
0	0	0	0	0	0	0	0	0	0	0	0	0	0	0	0	0	0	0	0	0	0	0	0	0	8	50	31	25	53	66	62	7	42	83	37	70	48	23	45	53	47	29	56	21	40	72	63	65	26	53	71	40	29	39	59	21	38	39	55	52	17	36	13
0	0	0	0	0	0	0	0	0	0	0	0	0	0	0	0	0	0	0	0	0	0	0	0	0	0	70	61	24	19	17	63	69	62	6	58	28	74	30	67	14	47	48	73	48	40	52	70	69	53	36	53	26	74	50	90	31	56	31	83	40	45	46	54
0	0	0	0	0	0	0	0	0	0	0	0	0	0	0	0	0	0	0	0	0	0	0	0	0	0	0	43	37	80	46	46	44	85	85	49	33	52	42	58	32	52	40	59	79	44	14	59	46	41	66	32	52	38	76	69	55	73	32	30	81	17	33	21
0	0	0	0	0	0	0	0	0	0	0	0	0	0	0	0	0	0	0	0	0	0	0	0	0	0	0	0	70	54	32	47	29	67	36	9	64	49	53	16	36	49	62	57	24	46	39	33	17	46	63	47	57	17	67	25	14	45	36	35	9	41	30	4
0	0	0	0	0	0	0	0	0	0	0	0	0	0	0	0	0	0	0	0	0	0	0	0	0	0	0	0	0	67	66	64	56	43	35	62	7	58	11	34	44	63	61	35	53	69	60	70	38	69	40	34	21	66	72	59	86	47	35	20	37	19	29	52
0	0	0	0	0	0	0	0	0	0	0	0	0	0	0	0	0	0	0	0	0	0	0	0	0	0	0	0	0	0	46	26	52	86	63	47	90	58	88	67	41	46	67	38	18	78	37	68	87	47	51	52	68	43	7	75	28	74	47	38	64	32	71	32
0	0	0	0	0	0	0	0	0	0	0	0	0	0	0	0	0	0	0	0	0	0	0	0	0	0	0	0	0	0	0	76	49	55	11	22	25	23	62	24	72	13	69	58	11	22	58	44	70	63	42	79	61	38	22	81	50	21	71	73	79	73	66	72
0	0	0	0	0	0	0	0	0	0	0	0	0	0	0	0	0	0	0	0	0	0	0	0	0	0	0	0	0	0	0	0	67	83	82	58	36	78	70	19	64	36	22	31	49	84	36	50	30	51	59	45	53	39	73	36	22	66	18	63	91	56	52	73
0	0	0	0	0	0	0	0	0	0	0	0	0	0	0	0	0	0	0	0	0	0	0	0	0	0	0	0	0	0	0	0	0	65	34	36	33	4	41	28	68	40	21	65	50	22	36	70	40	68	41	77	86	47	65	43	84	18	46	79	78	51	59	65
0	0	0	0	0	0	0	0	0	0	0	0	0	0	0	0	0	0	0	0	0	0	0	0	0	0	0	0	0	0	0	0	0	0	44	55	79	56	45	57	15	68	42	57	15	41	64	41	55	62	60	54	83	58	73	38	37	9	19	54	40	77	24	48
0	0	0	0	0	0	0	0	0	0	0	0	0	0	0	0	0	0	0	0	0	0	0	0	0	0	0	0	0	0	0	0	0	0	0	61	45	66	42	17	27	62	74	46	43	90	62	64	32	88	51	64	83	18	22	24	32	57	37	60	41	28	66	59
0	0	0	0	0	0	0	0	0	0	0	0	0	0	0	0	0	0	0	0	0	0	0	0	0	0	0	0	0	0	0	0	0	0	0	0	26	48	58	52	50	79	47	56	61	84	58	57	66	95	63	28	57	14	30	93	27	69	12	40	95	53	55	77
0	0	0	0	0	0	0	0	0	0	0	0	0	0	0	0	0	0	0	0	0	0	0	0	0	0	0	0	0	0	0	0	0	0	0	0	0	42	43	61	32	29	72	11	20	78	90	58	62	69	68	42	67	54	69	70	92	79	42	58	74	25	75	5
0	0	0	0	0	0	0	0	0	0	0	0	0	0	0	0	0	0	0	0	0	0	0	0	0	0	0	0	0	0	0	0	0	0	0	0	0	0	37	72	49	50	44	29	56	66	44	64	14	41	45	67	66	45	68	38	37	46	72	72	39	56	10	102
0	0	0	0	0	0	0	0	0	0	0	0	0	0	0	0	0	0	0	0	0	0	0	0	0	0	0	0	0	0	0	0	0	0	0	0	0	0	0	57	78	67	22	70	71	54	10	57	23	76	73	33	89	16	57	78	30	27	23	69	18	39	32	70
0	0	0	0	0	0	0	0	0	0	0	0	0	0	0	0	0	0	0	0	0	0	0	0	0	0	0	0	0	0	0	0	0	0	0	0	0	0	0	0	58	5	60	40	16	65	65	40	58	50	77	78	37	50	31	47	63	64	19	40	79	97	38	65
0	0	0	0	0	0	0	0	0	0	0	0	0	0	0	0	0	0	0	0	0	0	0	0	0	0	0	0	0	0	0	0	0	0	0	0	0	0	0	0	0	18	75	7	83	58	48	15	81	76	58	69	81	66	54	37	80	88	44	70	39	33	33	84
0	0	0	0	0	0	0	0	0	0	0	0	0	0	0	0	0	0	0	0	0	0	0	0	0	0	0	0	0	0	0	0	0	0	0	0	0	0	0	0	0	0	69	25	57	22	62	39	75	24	62	52	15	27	25	61	77	58	46	61	37	88	57	16
0	0	0	0	0	0	0	0	0	0	0	0	0	0	0	0	0	0	0	0	0	0	0	0	0	0	0	0	0	0	0	0	0	0	0	0	0	0	0	0	0	0	0	79	30	59	80	88	70	44	49	65	27	14	21	87	100	102	50	39	55	51	43	26
0	0	0	0	0	0	0	0	0	0	0	0	0	0	0	0	0	0	0	0	0	0	0	0	0	0	0	0	0	0	0	0	0	0	0	0	0	0	0	0	0	0	0	0	55	32	69	47	55	41	61	60	105	63	57	67	54	76	33	82	95	50	59	84
0	0	0	0	0	0	0	0	0	0	0	0	0	0	0	0	0	0	0	0	0	0	0	0	0	0	0	0	0	0	0	0	0	0	0	0	0	0	0	0	0	0	0	0	0	18	62	48	63	42	103	67	60	64	103	60	11	28	56	16	24	27	9	36
0	0	0	0	0	0	0	0	0	0	0	0	0	0	0	0	0	0	0	0	0	0	0	0	0	0	0	0	0	0	0	0	0	0	0	0	0	0	0	0	0	0	0	0	0	0	46	70	92	23	102	13	75	32	69	61	76	92	34	28	22	85	30	74
0	0	0	0	0	0	0	0	0	0	0	0	0	0	0	0	0	0	0	0	0	0	0	0	0	0	0	0	0	0	0	0	0	0	0	0	0	0	0	0	0	0	0	0	0	0	0	19	47	69	58	66	38	82	91	46	96	86	53	61	93	60	43	19
0	0	0	0	0	0	0	0	0	0	0	0	0	0	0	0	0	0	0	0	0	0	0	0	0	0	0	0	0	0	0	0	0	0	0	0	0	0	0	0	0	0	0	0	0	0	0	0	55	61	49	58	81	96	76	52	43	59	76	53	55	62	36	79
0	0	0	0	0	0	0	0	0	0	0	0	0	0	0	0	0	0	0	0	0	0	0	0	0	0	0	0	0	0	0	0	0	0	0	0	0	0	0	0	0	0	0	0	0	0	0	0	0	22	107	71	42	75	40	41	42	65	80	21	49	50	78	88
0	0	0	0	0	0	0	0	0	0	0	0	0	0	0	0	0	0	0	0	0	0	0	0	0	0	0	0	0	0	0	0	0	0	0	0	0	0	0	0	0	0	0	0	0	0	0	0	0	0	73	59	69	77	41	101	69	67	96	61	64	53	66	57
0	0	0	0	0	0	0	0	0	0	0	0	0	0	0	0	0	0	0	0	0	0	0	0	0	0	0	0	0	0	0	0	0	0	0	0	0	0	0	0	0	0	0	0	0	0	0	0	0	0	0	53	36	25	75	50	82	39	61	82	59	43	14	97
0	0	0	0	0	0	0	0	0	0	0	0	0	0	0	0	0	0	0	0	0	0	0	0	0	0	0	0	0	0	0	0	0	0	0	0	0	0	0	0	0	0	0	0	0	0	0	0	0	0	0	0	54	89	90	82	41	111	41	46	110	75	103	21
0	0	0	0	0	0	0	0	0	0	0	0	0	0	0	0	0	0	0	0	0	0	0	0	0	0	0	0	0	0	0	0	0	0	0	0	0	0	0	0	0	0	0	0	0	0	0	0	0	0	0	0	0	65	98	92	81	36	69	51	23	72	67	46
0	0	0	0	0	0	0	0	0	0	0	0	0	0	0	0	0	0	0	0	0	0	0	0	0	0	0	0	0	0	0	0	0	0	0	0	0	0	0	0	0	0	0	0	0	0	0	0	0	0	0	0	0	0	68	48	46	61	67	79	71	55	78	73
0	0	0	0	0	0	0	0	0	0	0	0	0	0	0	0	0	0	0	0	0	0	0	0	0	0	0	0	0	0	0	0	0	0	0	0	0	0	0	0	0	0	0	0	0	0	0	0	0	0	0	0	0	0	0	36	100	16	47	102	67	29	100	60
0	0	0	0	0	0	0	0	0	0	0	0	0	0	0	0	0	0	0	0	0	0	0	0	0	0	0	0	0	0	0	0	0	0	0	0	0	0	0	0	0	0	0	0	0	0	0	0	0	0	0	0	0	0	0	0	52	58	33	51	97	52	51	7
0	0	0	0	0	0	0	0	0	0	0	0	0	0	0	0	0	0	0	0	0	0	0	0	0	0	0	0	0	0	0	0	0	0	0	0	0	0	0	0	0	0	0	0	0	0	0	0	0	0	0	0	0	0	0	0	0	53	55	86	39	56	62	71
0	0	0	0	0	0	0	0	0	0	0	0	0	0	0	0	0	0	0	0	0	0	0	0	0	0	0	0	0	0	0	0	0	0	0	0	0	0	0	0	0	0	0	0	0	0	0	0	0	0	0	0	0	0	0	0	0	0	37	50	44	68	40	45
0	0	0	0	0	0	0	0	0	0	0	0	0	0	0	0	0	0	0	0	0	0	0	0	0	0	0	0	0	0	0	0	0	0	0	0	0	0	0	0	0	0	0	0	0	0	0	0	0	0	0	0	0	0	0	0	0	0	0	72	52	61	74	48
0	0	0	0	0	0	0	0	0	0	0	0	0	0	0	0	0	0	0	0	0	0	0	0	0	0	0	0	0	0	0	0	0	0	0	0	0	0	0	0	0	0	0	0	0	0	0	0	0	0	0	0	0	0	0	0	0	0	0	0	97	67	31	8
0	0	0	0	0	0	0	0	0	0	0	0	0	0	0	0	0	0	0	0	0	0	0	0	0	0	0	0	0	0	0	0	0	0	0	0	0	0	0	0	0	0	0	0	0	0	0	0	0	0	0	0	0	0	0	0	0	0	0	0	0	61	88	39
0	0	0	0	0	0	0	0	0	0	0	0	0	0	0	0	0	0	0	0	0	0	0	0	0	0	0	0	0	0	0	0	0	0	0	0	0	0	0	0	0	0	0	0	0	0	0	0	0	0	0	0	0	0	0	0	0	0	0	0	0	0	72	77
0	0	0	0	0	0	0	0	0	0	0	0	0	0	0	0	0	0	0	0	0	0	0	0	0	0	0	0	0	0	0	0	0	0	0	0	0	0	0	0	0	0	0	0	0	0	0	0	0	0	0	0	0	0	0	0	0	0	0	0	0	0	0	95
0	0	0	0	0	0	0	0	0	0	0	0	0	0	0	0	0	0	0	0	0	0	0	0	0	0	0	0	0	0	0	0	0	0	0	0	0	0	0	0	0	0	0	0	0	0	0	0	0	0	0	0	0	0	0	0	0	0	0	0	0	0	0	0