0	16	63	64	3	35	51	47	37	44	65	26	4	40	31	34	63	21	39	43	51	40	23	6	53	15	21	27	57	12	9	65	8	38	26	31	35	65	48	8	14	56	42	36	41	42	39	42	16	26	16	59	14	37	40	23	42	45	48	45	42	61	20	17
0	0	43	48	44	34	39	11	2	17	47	5	64	44	61	41	36	8	22	64	61	30	62	32	54	56	46	9	59	4	32	64	57	7	25	9	55	29	38	33	62	42	3	32	59	36	29	14	24	52	52	21	30	27	49	12	55	39	56	16	64	53	10	48
0	0	0	23	9	28	21	9	7	11	28	65	54	57	22	23	51	21	8	61	57	61	14	51	9	15	60	32	42	46	50	22	61	37	55	42	32	43	22	26	37	39	19	56	39	21	14	60	9	65	5	3	9	52	40	63	32	52	7	18	22	23	9	39
0	0	0	0	23	37	30	7	27	35	7	15	18	19	24	20	40	20	3	52	6	9	16	40	4	63	49	59	26	35	13	56	64	4	41	14	58	34	13	22	62	29	18	34	53	12	62	5	14	43	65	37	9	45	16	47	35	54	18	44	41	63	45	44
0	0	0	0	0	52	31	6	14	6	46	55	26	45	53	34	39	46	49	11	10	48	28	6	37	16	21	13	43	14	29	54	24	57	61	14	17	67	58	19	18	52	22	67	22	33	66	12	37	7	35	22	10	67	59	29	36	8	35	9	39	56	18	9
0	0	0	0	0	0	44	65	46	52	28	61	39	36	16	66	33	29	12	14	65	62	50	63	9	16	39	31	61	8	32	28	26	53	30	44	34	26	55	41	42	12	54	37	21	24	52	47	8	52	34	16	14	10	48	67	17	49	66	61	31	49	46	60
0	0	0	0	0	0	0	46	14	23	22	30	70	45	49	16	35	8	21	51	66	35	52	36	66	44	63	44	53	67	30	34	14	13	8	4	39	47	5	9	10	41	36	19	56	14	68	21	7	53	14	60	11	35	13	66	45	61	8	57	31	45	66	21
0	0	0	0	0	0	0	0	30	5	57	43	13	8	42	40	58	66	61	18	32	40	22	11	50	15	56	65	55	29	48	66	27	50	45	55	12	47	18	15	30	54	55	9	67	21	46	22	53	64	48	6	58	53	16	54	61	13	34	39	55	44	30	41
0	0	0	0	0	0	0	0	0	66	19	40	22	67	41	61	62	18	22	30	54	47	7	41	66	36	20	24	30	63	62	35	12	44	12	58	27	32	38	43	35	72	32	34	49	18	23	52	38	66	9	14	42	40	10	15	27	23	65	23	27	17	60	58
0	0	0	0	0	0	0	0	0	0	61	58	33	40	52	55	11	44	41	28	14	21	71	11	33	17	66	34	44	14	45	50	6	48	37	64	64	16	52	62	12	11	40	45	57	57	14	64	52	44	61	34	30	48	20	35	21	62	41	31	43	59	56	41
0	0	0	0	0	0	0	0	0	0	0	20	37	29	61	21	17	55	51	26	74	34	28	36	24	34	69	60	23	36	54	11	69	49	4	56	34	23	39	28	47	43	41	17	60	54	45	35	5	15	19	13	27	24	7	41	47	64	35	46	22	27	24	70
0	0	0	0	0	0	0	0	0	0	0	0	65	47	72	62	43	54	35	50	15	12	61	61	68	44	25	7	38	65	15	49	46	47	61	32	63	51	24	45	20	51	39	57	42	43	27	6	25	63	44	50	37	41	50	46	32	11	52	71	52	6	27	23
0	0	0	0	0	0	0	0	0	0	0	0	0	8	11	36	36	61	40	70	46	27	27	21	68	7	21	40	28	24	28	33	45	41	46	7	15	23	26	25	38	65	9	7	10	67	15	28	57	15	30	8	74	47	26	62	56	22	29	11	37	10	8	21
0	0	0	0	0	0	0	0	0	0	0	0	0	0	43	32	41	27	46	13	20	43	41	39	41	55	43	58	47	58	72	40	24	23	50	65	10	35	49	44	51	52	39	13	61	15	52	18	21	16	51	63	26	60	58	8	15	53	65	43	41	78	23	70
0	0	0	0	0	0	0	0	0	0	0	0	0	0	0	23	57	56	33	43	45	56	66	44	10	22	63	33	56	23	73	71	38	39	23	72	56	42	47	64	12	13	43	35	35	30	70	66	68	54	65	66	39	55	32	62	27	57	55	65	41	61	64	47
0	0	0	0	0	0	0	0	0	0	0	0	0	0	0	0	69	14	6	43	18	38	67	14	46	42	39	22	71	67	24	26	28	33	43	60	35	60	14	41	42	74	17	66	34	25	67	47	24	30	71	54	69	59	46	61	52	16	39	74	76	31	21	61
0	0	0	0	0	0	0	0	0	0	0	0	0	0	0	0	0	12	26	15	76	12	53	35	37	49	15	64	25	43	31	54	42	74	38	28	71	47	67	56	69	74	66	34	38	53	78	30	9	57	54	27	58	18	72	23	46	34	15	52	41	50	41	40
0	0	0	0	0	0	0	0	0	0	0	0	0	0	0	0	0	0	75	17	20	15	21	21	48	64	55	35	30	41	35	52	33	16	25	16	28	22	14	65	41	48	76	33	35	37	22	23	24	7	24	56	48	63	56	39	35	69	54	11	54	53	41	24
0	0	0	0	0	0	0	0	0	0	0	0	0	0	0	0	0	0	0	68	24	22	40	27	43	5	32	37	58	30	32	65	35	23	19	65	13	75	63	16	60	52	58	45	62	23	52	70	33	29	76	35	42	44	35	35	29	55	32	55	70	11	45	41
0	0	0	0	0	0	0	0	0	0	0	0	0	0	0	0	0	0	0	0	73	21	14	73	9	76	37	21	73	70	37	47	33	36	20	54	14	61	64	64	21	20	63	37	19	58	60	43	20	42	34	67	13	40	32	44	40	51	66	47	9	50	46	38
0	0	0	0	0	0	0	0	0	0	0	0	0	0	0	0	0	0	0	0	0	36	63	43	68	26	33	17	26	55	42	3	7	76	7	31	17	80	25	75	40	34	19	45	42	50	30	53	48	76	76	16	25	20	40	63	51	68	16	12	76	43	59	18
0	0	0	0	0	0	0	0	0	0	0	0	0	0	0	0	0	0	0	0	0	0	37	67	59	39	68	16	61	55	61	51	58	51	54	71	41	19	52	37	82	30	11	12	36	36	54	20	46	32	78	76	37	32	37	61	37	72	14	40	43	52	10	23
0	0	0	0	0	0	0	0	0	0	0	0	0	0	0	0	0	0	0	0	0	0	0	46	4	38	62	14	64	61	7	40	62	31	32	35	33	49	68	20	18	10	55	31	59	16	66	9	70	43	36	77	12	24	15	25	48	53	18	21	45	30	71	30
0	0	0	0	0	0	0	0	0	0	0	0	0	0	0	0	0	0	0	0	0	0	0	0	33	64	65	72	51	11	71	23	76	67	61	33	20	52	23	44	68	53	18	53	11	58	75	55	81	40	41	63	38	33	49	13	78	52	56	22	63	52	38	55
0	0	0	0	0	0	0	0	0	0	0	0	0	0	0	0	0	0	0	0	0	0	0	0	0	59	50	29	38	31	67	43	54	60	75	58	23	60	79	46	66	50	22	69	54	69	32	45	41	71	19	35	70	51	50	26	62	36	88	29	25	68	56	72
0	0	0	0	0	0	0	0	0	0	0	0	0	0	0	0	0	0	0	0	0	0	0	0	0	0	56	43	76	11	22	70	63	35	50	72	2	63	71	64	85	58	36	33	29	41	43	79	51	35	38	33	57	60	15	51	58	59	28	29	76	47	38	81
0	0	0	0	0	0	0	0	0	0	0	0	0	0	0	0	0	0	0	0	0	0	0	0	0	0	0	67	65	43	58	7	40	62	38	27	86	21	53	65	20	32	78	55	20	34	41	76	64	27	62	27	62	28	13	57	69	70	32	38	72	60	21	20
0	0	0	0	0	0	0	0	0	0	0	0	0	0	0	0	0	0	0	0	0	0	0	0	0	0	0	0	68	56	60	42	34	32	38	76	58	37	68	19	58	82	24	24	25	37	76	55	17	45	33	57	49	22	24	53	53	66	4	64	63	53	70	70
0	0	0	0	0	0	0	0	0	0	0	0	0	0	0	0	0	0	0	0	0	0	0	0	0	0	0	0	0	46	36	57	40	36	28	20	19	70	21	34	31	74	23	49	17	47	29	45	56	21	49	27	27	56	36	19	87	56	73	60	23	28	75	59
0	0	0	0	0	0	0	0	0	0	0	0	0	0	0	0	0	0	0	0	0	0	0	0	0	0	0	0	0	0	46	50	64	51	62	26	31	70	40	21	59	9	42	29	56	42	67	19	26	21	67	60	36	58	67	36	22	65	16	13	40	16	92	78
0	0	0	0	0	0	0	0	0	0	0	0	0	0	0	0	0	0	0	0	0	0	0	0	0	0	0	0	0	0	0	51	77	31	53	73	36	56	50	48	48	32	82	82	74	77	36	45	47	42	74	35	53	77	10	52	7	12	49	38	52	74	53	65
0	0	0	0	0	0	0	0	0	0	0	0	0	0	0	0	0	0	0	0	0	0	0	0	0	0	0	0	0	0	0	0	69	32	49	40	73	47	62	24	36	27	60	48	49	60	73	74	58	23	39	32	33	49	27	67	60	57	21	23	68	30	63	20
0	0	0	0	0	0	0	0	0	0	0	0	0	0	0	0	0	0	0	0	0	0	0	0	0	0	0	0	0	0	0	0	0	58	57	38	63	60	60	49	36	46	64	36	78	2	56	34	52	31	70	60	46	10	22	34	16	37	10	17	8	25	76	34
0	0	0	0	0	0	0	0	0	0	0	0	0	0	0	0	0	0	0	0	0	0	0	0	0	0	0	0	0	0	0	0	0	0	21	81	36	53	46	62	56	37	35	67	74	54	63	40	61	17	41	48	54	65	20	59	19	53	56	67	45	81	33	60
0	0	0	0	0	0	0	0	0	0	0	0	0	0	0	0	0	0	0	0	0	0	0	0	0	0	0	0	0	0	0	0	0	0	0	63	63	72	66	75	33	51	74	22	86	41	91	63	61	46	55	16	80	72	49	25	46	60	26	30	55	6	33	67
0	0	0	0	0	0	0	0	0	0	0	0	0	0	0	0	0	0	0	0	0	0	0	0	0	0	0	0	0	0	0	0	0	0	0	0	48	72	52	54	55	49	50	66	31	6	26	34	67	76	63	35	59	45	20	59	52	43	68	65	33	57	35	82
0	0	0	0	0	0	0	0	0	0	0	0	0	0	0	0	0	0	0	0	0	0	0	0	0	0	0	0	0	0	0	0	0	0	0	0	0	46	8	42	45	42	65	52	67	85	27	33	49	13	54	42	44	11	68	35	20	57	46	25	79	59	79	51
0	0	0	0	0	0	0	0	0	0	0	0	0	0	0	0	0	0	0	0	0	0	0	0	0	0	0	0	0	0	0	0	0	0	0	0	0	0	81	36	21	50	78	66	23	89	93	89	55	75	45	36	52	35	38	32	56	23	65	14	25	50	102	68
0	0	0	0	0	0	0	0	0	0	0	0	0	0	0	0	0	0	0	0	0	0	0	0	0	0	0	0	0	0	0	0	0	0	0	0	0	0	0	48	48	41	22	48	32	51	55	36	70	47	44	75	67	46	35	45	68	31	34	76	32	22	37	74
0	0	0	0	0	0	0	0	0	0	0	0	0	0	0	0	0	0	0	0	0	0	0	0	0	0	0	0	0	0	0	0	0	0	0	0	0	0	0	0	95	43	44	25	24	55	82	69	76	43	63	77	43	79	65	32	45	34	69	23	43	51	60	72
0	0	0	0	0	0	0	0	0	0	0	0	0	0	0	0	0	0	0	0	0	0	0	0	0	0	0	0	0	0	0	0	0	0	0	0	0	0	0	0	0	65	36	56	43	29	26	73	81	9	92	60	66	75	93	98	74	65	30	28	75	11	38	45
0	0	0	0	0	0	0	0	0	0	0	0	0	0	0	0	0	0	0	0	0	0	0	0	0	0	0	0	0	0	0	0	0	0	0	0	0	0	0	0	0	0	46	15	76	41	42	86	62	35	51	79	57	84	46	66	62	48	49	73	61	17	90	25
0	0	0	0	0	0	0	0	0	0	0	0	0	0	0	0	0	0	0	0	0	0	0	0	0	0	0	0	0	0	0	0	0	0	0	0	0	0	0	0	0	0	0	3	48	25	43	74	29	61	40	70	75	7	39	54	35	15	66	64	101	77	78	34
0	0	0	0	0	0	0	0	0	0	0	0	0	0	0	0	0	0	0	0	0	0	0	0	0	0	0	0	0	0	0	0	0	0	0	0	0	0	0	0	0	0	0	0	74	19	57	76	74	91	82	65	80	74	26	49	67	62	63	54	76	100	81	13
0	0	0	0	0	0	0	0	0	0	0	0	0	0	0	0	0	0	0	0	0	0	0	0	0	0	0	0	0	0	0	0	0	0	0	0	0	0	0	0	0	0	0	0	0	78	47	71	61	65	63	51	77	71	53	93	35	53	47	99	14	27	19	82
0	0	0	0	0	0	0	0	0	0	0	0	0	0	0	0	0	0	0	0	0	0	0	0	0	0	0	0	0	0	0	0	0	0	0	0	0	0	0	0	0	0	0	0	0	0	52	51	59	51	32	42	33	45	82	35	69	85	68	56	20	39	28	47
0	0	0	0	0	0	0	0	0	0	0	0	0	0	0	0	0	0	0	0	0	0	0	0	0	0	0	0	0	0	0	0	0	0	0	0	0	0	0	0	0	0	0	0	0	0	0	63	62	94	47	61	56	57	54	75	76	100	27	91	76	8	54	62
0	0	0	0	0	0	0	0	0	0	0	0	0	0	0	0	0	0	0	0	0	0	0	0	0	0	0	0	0	0	0	0	0	0	0	0	0	0	0	0	0	0	0	0	0	0	0	0	72	46	58	44	25	72	36	17	58	51	63	59	40	27	14	34
0	0	0	0	0	0	0	0	0	0	0	0	0	0	0	0	0	0	0	0	0	0	0	0	0	0	0	0	0	0	0	0	0	0	0	0	0	0	0	0	0	0	0	0	0	0	0	0	0	27	37	94	102	43	61	65	34	28	39	73	48	85	49	40
0	0	0	0	0	0	0	0	0	0	0	0	0	0	0	0	0	0	0	0	0	0	0	0	0	0	0	0	0	0	0	0	0	0	0	0	0	0	0	0	0	0	0	0	0	0	0	0	0	0	65	42	34	51	77	20	84	52	43	33	74	59	74	74
0	0	0	0	0	0	0	0	0	0	0	0	0	0	0	0	0	0	0	0	0	0	0	0	0	0	0	0	0	0	0	0	0	0	0	0	0	0	0	0	0	0	0	0	0	0	0	0	0	0	0	70	35	75	70	14	29	51	42	73	75	51	52	77
0	0	0	0	0	0	0	0	0	0	0	0	0	0	0	0	0	0	0	0	0	0	0	0	0	0	0	0	0	0	0	0	0	0	0	0	0	0	0	0	0	0	0	0	0	0	0	0	0	0	0	0	65	65	54	8	28	44	94	56	63	48	51	60
0	0	0	0	0	0	0	0	0	0	0	0	0	0	0	0	0	0	0	0	0	0	0	0	0	0	0	0	0	0	0	0	0	0	0	0	0	0	0	0	0	0	0	0	0	0	0	0	0	0	0	0	0	76	62	80	53	45	66	82	35	78	73	43
0	0	0	0	0	0	0	0	0	0	0	0	0	0	0	0	0	0	0	0	0	0	0	0	0	0	0	0	0	0	0	0	0	0	0	0	0	0	0	0	0	0	0	0	0	0	0	0	0	0	0	0	0	0	18	84	58	80	49	68	58	57	87	83
0	0	0	0	0	0	0	0	0	0	0	0	0	0	0	0	0	0	0	0	0	0	0	0	0	0	0	0	0	0	0	0	0	0	0	0	0	0	0	0	0	0	0	0	0	0	0	0	0	0	0	0	0	0	0	67	51	53	9	109	66	113	25	65
0	0	0	0	0	0	0	0	0	0	0	0	0	0	0	0	0	0	0	0	0	0	0	0	0	0	0	0	0	0	0	0	0	0	0	0	0	0	0	0	0	0	0	0	0	0	0	0	0	0	0	0	0	0	0	0	105	53	28	78	86	54	78	63
0	0	0	0	0	0	0	0	0	0	0	0	0	0	0	0	0	0	0	0	0	0	0	0	0	0	0	0	0	0	0	0	0	0	0	0	0	0	0	0	0	0	0	0	0	0	0	0	0	0	0	0	0	0	0	0	0	85	73	46	63	45	63	54
0	0	0	0	0	0	0	0	0	0	0	0	0	0	0	0	0	0	0	0	0	0	0	0	0	0	0	0	0	0	0	0	0	0	0	0	0	0	0	0	0	0	0	0	0	0	0	0	0	0	0	0	0	0	0	0	0	0	89	54	28	100	38	29
0	0	0	0	0	0	0	0	0	0	0	0	0	0	0	0	0	0	0	0	0	0	0	0	0	0	0	0	0	0	0	0	0	0	0	0	0	0	0	0	0	0	0	0	0	0	0	0	0	0	0	0	0	0	0	0	0	0	0	61	103	86	20	38
0	0	0	0	0	0	0	0	0	0	0	0	0	0	0	0	0	0	0	0	0	0	0	0	0	0	0	0	0	0	0	0	0	0	0	0	0	0	0	0	0	0	0	0	0	0	0	0	0	0	0	0	0	0	0	0	0	0	0	0	25	60	74	66
0	0	0	0	0	0	0	0	0	0	0	0	0	0	0	0	0	0	0	0	0	0	0	0	0	0	0	0	0	0	0	0	0	0	0	0	0	0	0	0	0	0	0	0	0	0	0	0	0	0	0	0	0	0	0	0	0	0	0	0	0	51	91	79
0	0	0	0	0	0	0	0	0	0	0	0	0	0	0	0	0	0	0	0	0	0	0	0	0	0	0	0	0	0	0	0	0	0	0	0	0	0	0	0	0	0	0	0	0	0	0	0	0	0	0	0	0	0	0	0	0	0	0	0	0	0	48	60
0	0	0	0	0	0	0	0	0	0	0	0	0	0	0	0	0	0	0	0	0	0	0	0	0	0	0	0	0	0	0	0	0	0	0	0	0	0	0	0	0	0	0	0	0	0	0	0	0	0	0	0	0	0	0	0	0	0	0	0	0	0	0	119
0	0	0	0	0	0	0	0	0	0	0	0	0	0	0	0	0	0	0	0	0	0	0	0	0	0	0	0	0	0	0	0	0	0	0	0	0	0	0	0	0	0	0	0	0	0	0	0	0	0	0	0	0	0	0	0	0	0	0	0	0	0	0	0