0	5	3	21	3	29	5	38	14	9	35	7	30	11	22	60	63	22	52	6	15	41	62	54	48	19	12	30	9	61	58	4	61	37	46	27	21	39	33	48	43	26	41	37	53	39	44	32	40	37	36	46	18	27	60	65	11	27	9	24	18	33	30	59
0	0	36	15	5	29	27	39	66	2	26	12	25	23	11	13	7	28	60	7	38	21	25	37	56	47	48	8	66	17	50	43	14	11	19	17	29	45	5	53	32	41	4	9	41	2	48	65	60	24	16	43	57	34	45	29	62	51	60	28	3	24	8	34
0	0	0	20	27	31	27	14	63	60	19	19	15	51	32	62	39	42	60	52	59	57	43	43	54	57	3	4	50	9	3	10	53	57	31	55	42	24	13	57	57	36	58	10	29	9	18	44	47	66	37	42	33	31	56	34	9	10	34	20	13	39	32	40
0	0	0	0	38	18	60	53	10	23	64	30	15	52	22	22	20	7	39	32	26	32	15	32	7	35	7	21	29	6	32	28	53	6	24	64	9	52	42	38	32	47	10	44	50	37	17	4	24	49	54	60	21	56	67	60	9	63	57	6	2	6	19	59
0	0	0	0	0	17	15	22	12	43	7	24	40	54	17	19	12	59	34	25	22	47	9	37	32	49	52	10	9	40	6	33	12	8	15	62	49	11	8	47	18	54	6	31	50	52	4	52	18	5	8	56	22	22	55	47	22	52	60	29	43	69	33	18
0	0	0	0	0	0	63	23	33	34	57	28	19	18	47	15	7	7	58	34	70	27	39	4	37	63	40	10	12	68	41	49	7	11	51	40	24	65	17	39	56	45	50	69	64	62	29	62	22	51	27	11	9	16	57	38	17	25	40	49	66	36	38	28
0	0	0	0	0	0	0	63	26	54	42	20	16	13	39	52	49	17	36	59	61	43	54	41	57	29	50	55	10	16	40	30	54	32	10	33	19	34	33	11	3	17	49	47	52	54	27	9	58	34	54	14	70	33	4	34	67	42	21	56	28	29	34	57
0	0	0	0	0	0	0	0	44	16	23	25	70	67	11	10	64	34	8	33	60	54	51	64	19	37	62	47	61	22	40	70	64	62	60	70	13	43	48	72	58	46	23	66	16	10	17	65	46	34	8	44	47	56	65	5	41	66	48	34	20	17	48	6
0	0	0	0	0	0	0	0	0	11	40	15	41	20	48	17	62	12	45	60	50	59	54	33	19	64	59	50	23	55	68	35	25	47	36	36	37	9	14	52	65	45	49	28	65	55	60	45	33	65	25	60	12	45	30	11	31	40	49	13	54	65	56	65
0	0	0	0	0	0	0	0	0	0	49	41	44	58	33	56	23	46	31	67	46	45	17	53	52	51	21	23	19	34	48	43	58	42	65	64	16	53	33	64	16	34	48	56	41	55	48	62	7	11	45	41	28	31	63	62	28	16	60	24	52	28	14	53
0	0	0	0	0	0	0	0	0	0	0	29	54	27	65	19	21	36	32	40	39	61	50	30	30	18	31	41	25	11	30	47	57	32	33	60	3	61	52	71	16	8	18	17	7	4	35	69	15	34	66	74	9	30	33	17	12	30	71	17	70	29	55	34
0	0	0	0	0	0	0	0	0	0	0	0	59	52	47	58	37	18	48	63	16	48	22	69	12	10	29	17	13	51	21	8	28	17	15	55	45	44	71	49	43	17	20	5	62	48	43	67	42	69	57	20	71	14	11	16	55	44	6	16	32	44	56	17
0	0	0	0	0	0	0	0	0	0	0	0	0	56	28	43	70	51	68	39	68	20	29	41	27	32	19	18	19	11	27	58	73	62	71	57	37	62	62	49	43	12	34	57	46	10	60	58	29	59	8	8	68	62	33	45	32	46	63	29	33	65	19	53
0	0	0	0	0	0	0	0	0	0	0	0	0	0	57	34	20	6	9	63	11	34	42	41	6	38	37	13	25	38	23	57	8	34	24	38	44	26	37	72	12	31	50	11	50	35	65	32	30	20	52	33	33	59	27	70	59	61	71	22	71	50	6	45
0	0	0	0	0	0	0	0	0	0	0	0	0	0	0	34	10	29	14	8	59	52	42	27	53	33	61	33	57	41	43	42	25	22	25	42	7	16	5	51	16	16	33	20	30	21	6	27	46	24	6	10	61	66	45	13	26	63	76	26	26	15	28	35
0	0	0	0	0	0	0	0	0	0	0	0	0	0	0	0	31	68	68	63	39	57	16	66	17	21	35	22	38	11	50	30	44	26	15	43	37	41	23	66	60	20	23	6	8	57	69	34	55	27	71	39	55	7	58	15	20	59	30	28	63	36	16	31
0	0	0	0	0	0	0	0	0	0	0	0	0	0	0	0	0	56	47	68	61	24	75	76	62	67	24	13	25	30	17	20	14	75	48	34	47	21	57	53	31	46	27	49	57	75	11	22	29	69	24	33	23	22	15	28	71	63	45	12	63	63	20	75
0	0	0	0	0	0	0	0	0	0	0	0	0	0	0	0	0	0	19	23	56	64	53	63	54	26	37	49	38	47	24	42	58	22	61	27	75	20	61	62	30	73	68	28	19	23	48	53	13	38	72	23	61	46	20	27	52	39	23	65	61	3	56	66
0	0	0	0	0	0	0	0	0	0	0	0	0	0	0	0	0	0	0	48	63	45	42	34	50	11	73	40	36	75	34	43	72	37	19	33	18	44	49	73	54	65	62	56	53	36	70	76	16	36	53	41	76	43	49	73	41	22	25	67	31	21	48	29
0	0	0	0	0	0	0	0	0	0	0	0	0	0	0	0	0	0	0	0	56	15	53	28	49	13	21	79	67	42	76	40	54	22	21	15	46	34	22	27	72	50	54	41	68	23	63	52	40	28	46	40	55	58	63	61	34	27	53	19	75	83	31	64
0	0	0	0	0	0	0	0	0	0	0	0	0	0	0	0	0	0	0	0	0	29	44	53	14	56	23	61	74	72	67	72	36	79	27	65	38	52	27	16	11	16	49	44	69	66	67	62	52	49	12	78	13	64	11	17	7	16	72	17	6	43	30	63
0	0	0	0	0	0	0	0	0	0	0	0	0	0	0	0	0	0	0	0	0	0	29	45	54	68	29	75	62	20	23	72	12	59	55	29	54	14	35	23	5	20	65	26	5	41	48	71	56	26	39	56	56	43	64	35	53	20	70	63	29	15	37	19
0	0	0	0	0	0	0	0	0	0	0	0	0	0	0	0	0	0	0	0	0	0	0	82	43	50	59	72	30	59	74	52	69	49	43	19	52	37	13	52	63	36	35	76	47	38	49	52	68	40	77	38	12	77	64	82	22	54	54	12	15	13	4	51
0	0	0	0	0	0	0	0	0	0	0	0	0	0	0	0	0	0	0	0	0	0	0	0	62	35	45	26	23	23	41	25	66	85	45	40	44	67	47	14	26	65	17	37	21	30	48	43	63	48	34	63	81	57	33	57	45	48	46	66	21	52	51	67
0	0	0	0	0	0	0	0	0	0	0	0	0	0	0	0	0	0	0	0	0	0	0	0	0	31	75	8	33	8	36	41	11	39	35	71	66	47	37	71	42	21	42	24	31	85	45	30	64	45	57	30	26	53	14	78	36	20	68	28	57	57	30	44
0	0	0	0	0	0	0	0	0	0	0	0	0	0	0	0	0	0	0	0	0	0	0	0	0	0	65	38	66	55	24	31	57	67	49	68	51	46	23	11	64	20	62	85	61	23	37	78	57	38	38	67	63	61	62	38	48	51	76	8	25	35	37	20
0	0	0	0	0	0	0	0	0	0	0	0	0	0	0	0	0	0	0	0	0	0	0	0	0	0	0	58	68	27	72	13	80	9	45	30	14	31	38	23	60	54	38	15	35	54	43	9	59	65	54	63	36	55	56	41	44	22	38	11	69	33	24	80
0	0	0	0	0	0	0	0	0	0	0	0	0	0	0	0	0	0	0	0	0	0	0	0	0	0	0	0	62	45	31	40	50	88	24	50	49	20	65	68	23	52	15	79	48	75	47	78	68	43	52	19	56	61	12	58	82	34	13	39	13	40	20	18
0	0	0	0	0	0	0	0	0	0	0	0	0	0	0	0	0	0	0	0	0	0	0	0	0	0	0	0	0	82	49	46	58	58	30	35	18	22	54	36	53	66	53	70	67	26	33	53	54	71	54	65	90	41	63	55	31	70	77	17	34	75	85	46
0	0	0	0	0	0	0	0	0	0	0	0	0	0	0	0	0	0	0	0	0	0	0	0	0	0	0	0	0	0	30	41	50	41	41	42	40	28	56	31	59	54	20	46	63	57	66	33	25	58	38	70	81	64	68	92	19	63	85	69	69	67	46	30
0	0	0	0	0	0	0	0	0	0	0	0	0	0	0	0	0	0	0	0	0	0	0	0	0	0	0	0	0	0	0	39	30	67	53	26	22	40	32	65	45	32	26	37	88	76	68	70	39	50	71	51	44	38	80	55	63	16	51	91	78	27	28	65
0	0	0	0	0	0	0	0	0	0	0	0	0	0	0	0	0	0	0	0	0	0	0	0	0	0	0	0	0	0	0	0	50	56	37	73	9	49	87	66	19	18	71	67	42	24	27	43	35	43	68	44	40	28	75	50	39	62	29	7	85	60	35	62
0	0	0	0	0	0	0	0	0	0	0	0	0	0	0	0	0	0	0	0	0	0	0	0	0	0	0	0	0	0	0	0	0	83	16	21	63	25	44	21	54	16	95	72	37	46	70	42	47	72	21	47	70	27	40	49	41	44	36	68	69	31	91	81
0	0	0	0	0	0	0	0	0	0	0	0	0	0	0	0	0	0	0	0	0	0	0	0	0	0	0	0	0	0	0	0	0	0	54	62	30	36	41	78	41	63	61	9	91	66	16	28	38	14	23	22	42	54	42	76	46	29	50	76	59	62	33	49
0	0	0	0	0	0	0	0	0	0	0	0	0	0	0	0	0	0	0	0	0	0	0	0	0	0	0	0	0	0	0	0	0	0	0	24	39	60	29	35	53	55	70	68	41	54	23	94	47	45	74	16	57	31	80	72	36	73	24	54	54	43	62	46
0	0	0	0	0	0	0	0	0	0	0	0	0	0	0	0	0	0	0	0	0	0	0	0	0	0	0	0	0	0	0	0	0	0	0	0	45	30	7	77	37	60	35	64	29	80	57	73	57	31	93	24	52	71	47	69	25	56	23	36	11	37	44	78
0	0	0	0	0	0	0	0	0	0	0	0	0	0	0	0	0	0	0	0	0	0	0	0	0	0	0	0	0	0	0	0	0	0	0	0	0	24	33	36	47	49	69	62	73	31	41	38	68	63	78	65	100	57	38	73	40	31	39	13	44	39	28	70
0	0	0	0	0	0	0	0	0	0	0	0	0	0	0	0	0	0	0	0	0	0	0	0	0	0	0	0	0	0	0	0	0	0	0	0	0	0	32	23	53	97	32	74	62	84	94	77	30	58	52	60	31	48	78	49	72	49	7	89	43	46	62	35
0	0	0	0	0	0	0	0	0	0	0	0	0	0	0	0	0	0	0	0	0	0	0	0	0	0	0	0	0	0	0	0	0	0	0	0	0	0	0	50	68	23	16	56	59	24	61	62	21	18	76	85	57	60	34	53	81	3	67	4	38	43	34	55
0	0	0	0	0	0	0	0	0	0	0	0	0	0	0	0	0	0	0	0	0	0	0	0	0	0	0	0	0	0	0	0	0	0	0	0	0	0	0	0	21	15	84	83	62	76	39	50	30	54	72	49	47	28	45	81	68	22	76	63	50	17	19	56
0	0	0	0	0	0	0	0	0	0	0	0	0	0	0	0	0	0	0	0	0	0	0	0	0	0	0	0	0	0	0	0	0	0	0	0	0	0	0	0	0	71	78	63	24	19	67	35	42	45	29	52	98	62	53	86	57	36	20	44	84	74	50	50
0	0	0	0	0	0	0	0	0	0	0	0	0	0	0	0	0	0	0	0	0	0	0	0	0	0	0	0	0	0	0	0	0	0	0	0	0	0	0	0	0	0	48	50	74	64	17	87	31	76	88	75	24	70	61	58	53	73	42	32	71	50	41	74
0	0	0	0	0	0	0	0	0	0	0	0	0	0	0	0	0	0	0	0	0	0	0	0	0	0	0	0	0	0	0	0	0	0	0	0	0	0	0	0	0	0	0	45	82	49	81	54	38	14	98	6	68	47	34	7	28	13	54	87	41	100	77	38
0	0	0	0	0	0	0	0	0	0	0	0	0	0	0	0	0	0	0	0	0	0	0	0	0	0	0	0	0	0	0	0	0	0	0	0	0	0	0	0	0	0	0	0	14	52	34	50	21	15	19	96	47	48	28	54	76	67	24	62	80	59	72	25
0	0	0	0	0	0	0	0	0	0	0	0	0	0	0	0	0	0	0	0	0	0	0	0	0	0	0	0	0	0	0	0	0	0	0	0	0	0	0	0	0	0	0	0	0	97	46	52	73	35	58	71	52	50	56	104	49	45	74	90	44	38	58	41
0	0	0	0	0	0	0	0	0	0	0	0	0	0	0	0	0	0	0	0	0	0	0	0	0	0	0	0	0	0	0	0	0	0	0	0	0	0	0	0	0	0	0	0	0	0	42	18	30	46	44	56	80	70	54	81	32	55	37	40	69	80	19	66
0	0	0	0	0	0	0	0	0	0	0	0	0	0	0	0	0	0	0	0	0	0	0	0	0	0	0	0	0	0	0	0	0	0	0	0	0	0	0	0	0	0	0	0	0	0	0	64	42	25	27	52	40	58	104	72	83	70	26	64	80	60	69	60
0	0	0	0	0	0	0	0	0	0	0	0	0	0	0	0	0	0	0	0	0	0	0	0	0	0	0	0	0	0	0	0	0	0	0	0	0	0	0	0	0	0	0	0	0	0	0	0	86	22	98	59	47	35	64	51	71	58	63	33	64	46	54	73
0	0	0	0	0	0	0	0	0	0	0	0	0	0	0	0	0	0	0	0	0	0	0	0	0	0	0	0	0	0	0	0	0	0	0	0	0	0	0	0	0	0	0	0	0	0	0	0	0	39	69	56	40	54	52	52	51	29	61	66	85	49	78	57
0	0	0	0	0	0	0	0	0	0	0	0	0	0	0	0	0	0	0	0	0	0	0	0	0	0	0	0	0	0	0	0	0	0	0	0	0	0	0	0	0	0	0	0	0	0	0	0	0	0	47	32	71	35	47	50	68	61	38	72	56	13	54	59
0	0	0	0	0	0	0	0	0	0	0	0	0	0	0	0	0	0	0	0	0	0	0	0	0	0	0	0	0	0	0	0	0	0	0	0	0	0	0	0	0	0	0	0	0	0	0	0	0	0	0	39	44	63	42	60	31	87	72	76	50	29	80	67
0	0	0	0	0	0	0	0	0	0	0	0	0	0	0	0	0	0	0	0	0	0	0	0	0	0	0	0	0	0	0	0	0	0	0	0	0	0	0	0	0	0	0	0	0	0	0	0	0	0	0	0	16	43	68	57	95	45	59	37	61	18	25	88
0	0	0	0	0	0	0	0	0	0	0	0	0	0	0	0	0	0	0	0	0	0	0	0	0	0	0	0	0	0	0	0	0	0	0	0	0	0	0	0	0	0	0	0	0	0	0	0	0	0	0	0	0	99	65	75	30	85	62	36	36	39	22	99
0	0	0	0	0	0	0	0	0	0	0	0	0	0	0	0	0	0	0	0	0	0	0	0	0	0	0	0	0	0	0	0	0	0	0	0	0	0	0	0	0	0	0	0	0	0	0	0	0	0	0	0	0	0	84	108	80	70	42	87	70	9	46	61
0	0	0	0	0	0	0	0	0	0	0	0	0	0	0	0	0	0	0	0	0	0	0	0	0	0	0	0	0	0	0	0	0	0	0	0	0	0	0	0	0	0	0	0	0	0	0	0	0	0	0	0	0	0	0	56	48	73	85	96	35	82	21	49
0	0	0	0	0	0	0	0	0	0	0	0	0	0	0	0	0	0	0	0	0	0	0	0	0	0	0	0	0	0	0	0	0	0	0	0	0	0	0	0	0	0	0	0	0	0	0	0	0	0	0	0	0	0	0	0	20	87	28	45	66	54	74	51
0	0	0	0	0	0	0	0	0	0	0	0	0	0	0	0	0	0	0	0	0	0	0	0	0	0	0	0	0	0	0	0	0	0	0	0	0	0	0	0	0	0	0	0	0	0	0	0	0	0	0	0	0	0	0	0	0	64	96	45	46	51	69	36
0	0	0	0	0	0	0	0	0	0	0	0	0	0	0	0	0	0	0	0	0	0	0	0	0	0	0	0	0	0	0	0	0	0	0	0	0	0	0	0	0	0	0	0	0	0	0	0	0	0	0	0	0	0	0	0	0	0	95	71	49	88	9	44
0	0	0	0	0	0	0	0	0	0	0	0	0	0	0	0	0	0	0	0	0	0	0	0	0	0	0	0	0	0	0	0	0	0	0	0	0	0	0	0	0	0	0	0	0	0	0	0	0	0	0	0	0	0	0	0	0	0	0	53	73	81	19	104
0	0	0	0	0	0	0	0	0	0	0	0	0	0	0	0	0	0	0	0	0	0	0	0	0	0	0	0	0	0	0	0	0	0	0	0	0	0	0	0	0	0	0	0	0	0	0	0	0	0	0	0	0	0	0	0	0	0	0	0	68	58	37	102
0	0	0	0	0	0	0	0	0	0	0	0	0	0	0	0	0	0	0	0	0	0	0	0	0	0	0	0	0	0	0	0	0	0	0	0	0	0	0	0	0	0	0	0	0	0	0	0	0	0	0	0	0	0	0	0	0	0	0	0	0	80	76	50
0	0	0	0	0	0	0	0	0	0	0	0	0	0	0	0	0	0	0	0	0	0	0	0	0	0	0	0	0	0	0	0	0	0	0	0	0	0	0	0	0	0	0	0	0	0	0	0	0	0	0	0	0	0	0	0	0	0	0	0	0	0	92	30
0	0	0	0	0	0	0	0	0	0	0	0	0	0	0	0	0	0	0	0	0	0	0	0	0	0	0	0	0	0	0	0	0	0	0	0	0	0	0	0	0	0	0	0	0	0	0	0	0	0	0	0	0	0	0	0	0	0	0	0	0	0	0	33
0	0	0	0	0	0	0	0	0	0	0	0	0	0	0	0	0	0	0	0	0	0	0	0	0	0	0	0	0	0	0	0	0	0	0	0	0	0	0	0	0	0	0	0	0	0	0	0	0	0	0	0	0	0	0	0	0	0	0	0	0	0	0	0