0	59	18	18	21	28	26	12	3	10	49	15	37	56	59	21	45	43	49	53	25	65	40	54	52	43	45	64	23	32	60	12	58	62	29	40	33	29	40	40	51	17	37	52	47	59	7	52	49	34	41	7	26	7	10	55	64	31	31	20	50	37	45	12
0	0	66	33	18	38	56	4	41	3	42	19	14	34	62	66	56	40	28	49	4	59	23	39	29	28	47	16	52	41	7	51	20	58	55	12	36	50	65	55	38	40	43	16	9	58	16	56	7	38	16	32	4	61	2	57	14	61	56	57	20	23	7	60
0	0	0	9	47	64	38	65	32	66	36	43	42	35	21	52	21	59	36	24	14	12	47	20	19	36	5	23	59	52	31	26	45	37	40	64	8	48	56	17	54	4	3	44	15	3	42	54	51	9	56	59	31	55	19	47	51	19	53	25	66	33	10	53
0	0	0	0	64	23	24	50	18	39	18	9	47	31	30	26	35	55	63	4	12	36	43	46	57	4	19	54	3	25	27	40	33	18	31	15	3	60	26	39	23	22	27	42	45	34	67	55	53	65	22	35	11	27	55	23	22	25	40	65	9	40	29	48
0	0	0	0	0	56	34	67	59	59	62	69	26	32	34	28	12	7	66	37	41	9	47	49	31	63	48	30	33	53	10	17	6	37	14	29	49	22	9	9	4	51	65	38	29	51	63	6	60	53	67	30	39	48	26	64	17	6	59	10	51	5	29	57
0	0	0	0	0	0	17	39	10	35	65	56	20	22	30	23	24	7	60	55	58	58	63	34	9	28	58	26	57	35	42	50	48	64	59	49	51	60	56	10	58	4	4	29	55	17	58	29	46	65	66	30	64	4	66	11	65	39	40	39	11	15	27	60
0	0	0	0	0	0	0	22	56	23	59	54	23	40	33	8	44	19	28	26	44	25	50	4	27	62	63	13	21	53	63	57	57	31	66	14	44	49	58	6	68	5	50	42	48	37	37	6	53	31	4	11	49	12	43	46	56	34	54	67	34	58	50	64
0	0	0	0	0	0	0	0	28	57	6	19	10	41	20	45	21	59	65	46	23	29	7	53	57	15	5	47	42	48	24	30	58	37	65	9	39	59	36	16	41	6	49	55	62	39	19	46	57	58	50	60	8	29	52	33	11	62	55	57	65	56	19	27
0	0	0	0	0	0	0	0	0	37	15	46	34	60	14	39	5	67	11	18	43	62	22	51	31	48	51	46	34	52	14	13	40	37	42	20	46	39	15	56	8	66	58	39	37	18	23	61	63	52	65	34	37	30	67	31	47	61	53	14	20	13	14	6
0	0	0	0	0	0	0	0	0	0	28	10	4	36	56	53	61	28	15	31	25	49	50	6	14	65	29	36	45	10	37	53	24	55	33	48	8	63	48	18	68	56	62	39	40	43	26	7	18	22	46	48	39	33	61	11	10	18	26	51	33	42	55	58
0	0	0	0	0	0	0	0	0	0	0	26	18	10	69	19	44	57	23	12	35	23	49	22	60	6	44	21	11	50	18	56	10	56	52	23	34	42	20	42	50	58	64	20	28	19	26	16	36	19	12	34	25	32	61	48	36	17	22	41	5	46	17	25
0	0	0	0	0	0	0	0	0	0	0	0	50	34	11	62	38	61	56	55	72	16	38	63	58	23	24	5	60	58	16	9	65	23	11	63	50	49	42	56	56	43	72	51	11	42	27	57	57	49	48	30	14	63	64	57	43	43	69	21	75	6	20	57
0	0	0	0	0	0	0	0	0	0	0	0	0	24	33	58	69	56	23	27	21	23	22	53	66	50	54	20	66	20	45	27	70	5	24	62	9	17	24	47	23	14	63	35	35	29	56	40	13	10	61	16	40	23	29	62	7	22	33	37	26	63	30	44
0	0	0	0	0	0	0	0	0	0	0	0	0	0	46	45	34	9	63	27	28	17	68	33	38	23	10	36	61	8	24	30	54	43	40	70	60	55	5	65	29	44	11	52	16	28	58	13	57	13	74	29	72	10	34	48	47	6	72	24	50	33	32	11
0	0	0	0	0	0	0	0	0	0	0	0	0	0	0	48	19	49	46	70	66	12	69	60	18	16	22	25	39	45	35	52	24	46	62	38	19	17	34	60	40	20	22	39	55	55	23	12	29	41	41	35	51	65	45	24	31	61	50	38	19	13	15	48
0	0	0	0	0	0	0	0	0	0	0	0	0	0	0	0	15	40	37	33	50	50	20	36	49	52	32	37	59	30	10	17	63	19	75	41	31	21	14	33	25	71	41	22	38	41	23	53	42	43	26	42	35	19	15	39	41	53	69	17	27	33	53	12
0	0	0	0	0	0	0	0	0	0	0	0	0	0	0	0	0	38	20	75	61	73	63	40	70	10	11	58	69	35	39	14	38	31	42	58	33	34	39	71	35	68	28	59	60	37	40	65	79	29	52	51	25	54	54	63	65	29	31	12	31	80	9	53
0	0	0	0	0	0	0	0	0	0	0	0	0	0	0	0	0	0	57	23	54	56	50	46	60	70	39	38	7	49	72	24	32	23	76	56	52	60	28	13	43	59	23	8	74	53	57	31	78	44	43	54	57	63	65	45	39	32	63	16	73	48	56	49
0	0	0	0	0	0	0	0	0	0	0	0	0	0	0	0	0	0	0	39	13	33	59	16	50	66	39	51	6	53	14	42	14	23	27	15	79	49	61	47	48	78	26	22	47	43	59	27	50	58	40	10	54	22	36	76	37	22	62	76	20	50	55	17
0	0	0	0	0	0	0	0	0	0	0	0	0	0	0	0	0	0	0	0	12	50	15	24	46	22	51	50	66	61	39	55	29	60	22	50	68	22	4	44	67	23	56	45	63	20	37	62	22	47	31	74	56	84	73	66	13	46	35	55	24	51	71	69
0	0	0	0	0	0	0	0	0	0	0	0	0	0	0	0	0	0	0	0	0	14	29	32	26	38	46	71	30	15	35	81	35	57	55	73	36	33	62	49	19	40	28	52	78	33	45	29	53	32	75	27	5	82	36	42	47	20	38	24	71	52	36	63
0	0	0	0	0	0	0	0	0	0	0	0	0	0	0	0	0	0	0	0	0	0	24	7	19	76	65	71	15	50	54	38	34	46	65	56	28	57	47	65	37	47	43	15	62	72	21	47	56	55	60	58	61	56	68	57	55	47	32	69	70	68	15	27
0	0	0	0	0	0	0	0	0	0	0	0	0	0	0	0	0	0	0	0	0	0	0	31	53	52	41	81	28	79	39	26	33	16	32	15	53	75	63	22	47	53	27	76	69	58	46	59	61	34	9	40	75	59	9	18	72	70	73	59	32	21	59	47
0	0	0	0	0	0	0	0	0	0	0	0	0	0	0	0	0	0	0	0	0	0	0	0	55	40	32	55	42	70	33	54	76	60	13	58	9	52	42	56	32	18	54	63	36	51	38	63	61	60	47	21	39	26	54	36	68	53	50	15	54	37	38	34
0	0	0	0	0	0	0	0	0	0	0	0	0	0	0	0	0	0	0	0	0	0	0	0	0	64	32	60	66	26	81	22	66	51	48	71	61	37	11	25	68	65	36	27	42	33	39	75	77	75	58	38	45	38	76	5	30	34	48	64	15	23	48	47
0	0	0	0	0	0	0	0	0	0	0	0	0	0	0	0	0	0	0	0	0	0	0	0	0	0	43	78	18	25	50	72	10	54	30	36	59	9	63	36	19	52	68	41	40	62	60	11	71	43	19	61	26	26	41	36	67	43	70	25	26	56	31	23
0	0	0	0	0	0	0	0	0	0	0	0	0	0	0	0	0	0	0	0	0	0	0	0	0	0	0	49	60	30	29	31	18	38	35	62	28	8	40	58	75	24	19	27	28	55	22	49	27	43	58	46	30	55	10	23	31	39	36	61	16	32	25	72
0	0	0	0	0	0	0	0	0	0	0	0	0	0	0	0	0	0	0	0	0	0	0	0	0	0	0	0	15	74	55	42	63	59	34	30	47	76	16	69	40	26	40	13	29	22	52	85	25	41	18	68	72	28	29	65	84	30	35	23	67	36	31	36
0	0	0	0	0	0	0	0	0	0	0	0	0	0	0	0	0	0	0	0	0	0	0	0	0	0	0	0	0	55	65	37	53	40	23	23	40	42	61	30	61	36	49	43	41	79	50	71	53	63	33	18	22	33	43	61	60	64	31	79	35	60	40	60
0	0	0	0	0	0	0	0	0	0	0	0	0	0	0	0	0	0	0	0	0	0	0	0	0	0	0	0	0	0	68	46	56	79	38	56	58	52	10	43	48	26	20	46	27	43	57	11	20	36	24	65	72	41	39	46	30	51	17	68	38	69	63	28
0	0	0	0	0	0	0	0	0	0	0	0	0	0	0	0	0	0	0	0	0	0	0	0	0	0	0	0	0	0	0	39	73	69	16	62	89	27	89	65	46	37	47	31	41	46	63	75	58	41	32	26	64	48	66	37	53	75	39	45	17	36	59	73
0	0	0	0	0	0	0	0	0	0	0	0	0	0	0	0	0	0	0	0	0	0	0	0	0	0	0	0	0	0	0	0	50	76	42	32	52	73	45	87	30	14	36	63	63	11	32	71	40	36	27	67	57	61	44	79	38	60	21	15	71	16	30	14
0	0	0	0	0	0	0	0	0	0	0	0	0	0	0	0	0	0	0	0	0	0	0	0	0	0	0	0	0	0	0	0	0	58	63	58	50	67	78	24	93	32	31	36	31	31	30	57	68	44	51	12	41	35	39	52	29	20	37	39	45	43	7	34
0	0	0	0	0	0	0	0	0	0	0	0	0	0	0	0	0	0	0	0	0	0	0	0	0	0	0	0	0	0	0	0	0	0	48	6	59	19	95	56	65	5	71	42	46	19	55	52	61	38	77	84	39	43	41	41	93	46	38	49	80	60	79	7
0	0	0	0	0	0	0	0	0	0	0	0	0	0	0	0	0	0	0	0	0	0	0	0	0	0	0	0	0	0	0	0	0	0	0	41	56	39	72	20	98	31	80	45	8	60	88	72	20	13	22	25	61	14	50	44	47	39	77	42	19	56	86	76
0	0	0	0	0	0	0	0	0	0	0	0	0	0	0	0	0	0	0	0	0	0	0	0	0	0	0	0	0	0	0	0	0	0	0	0	43	15	88	50	23	54	33	45	48	66	86	12	55	48	5	65	55	81	53	66	83	29	64	78	49	44	54	50
0	0	0	0	0	0	0	0	0	0	0	0	0	0	0	0	0	0	0	0	0	0	0	0	0	0	0	0	0	0	0	0	0	0	0	0	0	59	34	95	41	13	55	38	54	90	68	61	57	62	80	82	78	7	69	62	75	80	93	86	50	45	56	75
0	0	0	0	0	0	0	0	0	0	0	0	0	0	0	0	0	0	0	0	0	0	0	0	0	0	0	0	0	0	0	0	0	0	0	0	0	0	11	67	44	78	73	26	35	65	23	62	46	56	47	34	56	87	41	41	38	64	70	45	27	63	50	68
0	0	0	0	0	0	0	0	0	0	0	0	0	0	0	0	0	0	0	0	0	0	0	0	0	0	0	0	0	0	0	0	0	0	0	0	0	0	0	49	84	51	31	92	56	32	45	80	35	38	85	48	59	27	42	85	58	24	13	85	20	74	89	91
0	0	0	0	0	0	0	0	0	0	0	0	0	0	0	0	0	0	0	0	0	0	0	0	0	0	0	0	0	0	0	0	0	0	0	0	0	0	0	0	14	45	42	41	82	63	68	95	18	79	43	83	59	53	55	47	64	30	32	68	39	41	16	80
0	0	0	0	0	0	0	0	0	0	0	0	0	0	0	0	0	0	0	0	0	0	0	0	0	0	0	0	0	0	0	0	0	0	0	0	0	0	0	0	0	16	75	75	75	85	21	55	85	72	59	63	93	54	83	57	96	60	66	34	44	33	71	104
0	0	0	0	0	0	0	0	0	0	0	0	0	0	0	0	0	0	0	0	0	0	0	0	0	0	0	0	0	0	0	0	0	0	0	0	0	0	0	0	0	0	80	71	64	32	58	53	72	54	41	76	36	66	29	59	65	92	41	21	47	53	54	68
0	0	0	0	0	0	0	0	0	0	0	0	0	0	0	0	0	0	0	0	0	0	0	0	0	0	0	0	0	0	0	0	0	0	0	0	0	0	0	0	0	0	0	68	25	43	51	87	59	62	39	47	66	62	78	67	41	43	42	89	40	43	63	45
0	0	0	0	0	0	0	0	0	0	0	0	0	0	0	0	0	0	0	0	0	0	0	0	0	0	0	0	0	0	0	0	0	0	0	0	0	0	0	0	0	0	0	0	37	68	74	75	10	38	37	61	47	33	61	40	66	30	81	61	42	26	77	72
0	0	0	0	0	0	0	0	0	0	0	0	0	0	0	0	0	0	0	0	0	0	0	0	0	0	0	0	0	0	0	0	0	0	0	0	0	0	0	0	0	0	0	0	0	82	52	57	41	20	52	96	74	64	43	31	86	59	66	14	50	37	29	52
0	0	0	0	0	0	0	0	0	0	0	0	0	0	0	0	0	0	0	0	0	0	0	0	0	0	0	0	0	0	0	0	0	0	0	0	0	0	0	0	0	0	0	0	0	0	62	60	54	54	37	36	37	28	20	43	62	51	32	51	71	57	96	24
0	0	0	0	0	0	0	0	0	0	0	0	0	0	0	0	0	0	0	0	0	0	0	0	0	0	0	0	0	0	0	0	0	0	0	0	0	0	0	0	0	0	0	0	0	0	0	19	45	48	45	65	49	79	8	84	95	57	81	72	50	59	85	55
0	0	0	0	0	0	0	0	0	0	0	0	0	0	0	0	0	0	0	0	0	0	0	0	0	0	0	0	0	0	0	0	0	0	0	0	0	0	0	0	0	0	0	0	0	0	0	0	95	75	24	32	84	58	89	71	90	74	39	55	45	90	54	33
0	0	0	0	0	0	0	0	0	0	0	0	0	0	0	0	0	0	0	0	0	0	0	0	0	0	0	0	0	0	0	0	0	0	0	0	0	0	0	0	0	0	0	0	0	0	0	0	0	51	83	24	53	9	25	42	59	62	57	39	53	46	25	58
0	0	0	0	0	0	0	0	0	0	0	0	0	0	0	0	0	0	0	0	0	0	0	0	0	0	0	0	0	0	0	0	0	0	0	0	0	0	0	0	0	0	0	0	0	0	0	0	0	0	36	79	94	29	102	59	89	66	72	73	93	33	85	15
0	0	0	0	0	0	0	0	0	0	0	0	0	0	0	0	0	0	0	0	0	0	0	0	0	0	0	0	0	0	0	0	0	0	0	0	0	0	0	0	0	0	0	0	0	0	0	0	0	0	0	55	109	42	56	38	86	57	67	60	53	82	57	57
0	0	0	0	0	0	0	0	0	0	0	0	0	0	0	0	0	0	0	0	0	0	0	0	0	0	0	0	0	0	0	0	0	0	0	0	0	0	0	0	0	0	0	0	0	0	0	0	0	0	0	0	27	47	77	97	29	82	20	53	70	43	52	49
0	0	0	0	0	0	0	0	0	0	0	0	0	0	0	0	0	0	0	0	0	0	0	0	0	0	0	0	0	0	0	0	0	0	0	0	0	0	0	0	0	0	0	0	0	0	0	0	0	0	0	0	0	84	57	58	42	88	32	31	41	71	53	45
0	0	0	0	0	0	0	0	0	0	0	0	0	0	0	0	0	0	0	0	0	0	0	0	0	0	0	0	0	0	0	0	0	0	0	0	0	0	0	0	0	0	0	0	0	0	0	0	0	0	0	0	0	0	56	87	79	80	61	48	58	71	84	34
0	0	0	0	0	0	0	0	0	0	0	0	0	0	0	0	0	0	0	0	0	0	0	0	0	0	0	0	0	0	0	0	0	0	0	0	0	0	0	0	0	0	0	0	0	0	0	0	0	0	0	0	0	0	0	62	66	42	41	96	23	57	69	28
0	0	0	0	0	0	0	0	0	0	0	0	0	0	0	0	0	0	0	0	0	0	0	0	0	0	0	0	0	0	0	0	0	0	0	0	0	0	0	0	0	0	0	0	0	0	0	0	0	0	0	0	0	0	0	0	76	113	71	63	83	89	78	46
0	0	0	0	0	0	0	0	0	0	0	0	0	0	0	0	0	0	0	0	0	0	0	0	0	0	0	0	0	0	0	0	0	0	0	0	0	0	0	0	0	0	0	0	0	0	0	0	0	0	0	0	0	0	0	0	0	64	65	44	78	43	89	16
0	0	0	0	0	0	0	0	0	0	0	0	0	0	0	0	0	0	0	0	0	0	0	0	0	0	0	0	0	0	0	0	0	0	0	0	0	0	0	0	0	0	0	0	0	0	0	0	0	0	0	0	0	0	0	0	0	0	68	63	61	14	77	72
0	0	0	0	0	0	0	0	0	0	0	0	0	0	0	0	0	0	0	0	0	0	0	0	0	0	0	0	0	0	0	0	0	0	0	0	0	0	0	0	0	0	0	0	0	0	0	0	0	0	0	0	0	0	0	0	0	0	0	111	101	25	101	77
0	0	0	0	0	0	0	0	0	0	0	0	0	0	0	0	0	0	0	0	0	0	0	0	0	0	0	0	0	0	0	0	0	0	0	0	0	0	0	0	0	0	0	0	0	0	0	0	0	0	0	0	0	0	0	0	0	0	0	0	51	54	111	103
0	0	0	0	0	0	0	0	0	0	0	0	0	0	0	0	0	0	0	0	0	0	0	0	0	0	0	0	0	0	0	0	0	0	0	0	0	0	0	0	0	0	0	0	0	0	0	0	0	0	0	0	0	0	0	0	0	0	0	0	0	34	93	114
0	0	0	0	0	0	0	0	0	0	0	0	0	0	0	0	0	0	0	0	0	0	0	0	0	0	0	0	0	0	0	0	0	0	0	0	0	0	0	0	0	0	0	0	0	0	0	0	0	0	0	0	0	0	0	0	0	0	0	0	0	0	65	43
0	0	0	0	0	0	0	0	0	0	0	0	0	0	0	0	0	0	0	0	0	0	0	0	0	0	0	0	0	0	0	0	0	0	0	0	0	0	0	0	0	0	0	0	0	0	0	0	0	0	0	0	0	0	0	0	0	0	0	0	0	0	0	90
0	0	0	0	0	0	0	0	0	0	0	0	0	0	0	0	0	0	0	0	0	0	0	0	0	0	0	0	0	0	0	0	0	0	0	0	0	0	0	0	0	0	0	0	0	0	0	0	0	0	0	0	0	0	0	0	0	0	0	0	0	0	0	0