0	30	52	11	21	20	20	56	43	5	15	61	43	8	11	44	11	39	28	53	45	37	19	3	15	20	33	55	18	64	17	54	15	51	42	54	51	49	31	55	5	15	65	23	64	49	38	27	43	48	51	43	12	21	4	47	3	27	22	22	37	53	49	17
0	0	30	38	43	35	25	41	59	6	52	21	62	62	43	28	31	30	57	35	57	45	51	36	33	44	37	14	50	21	35	7	44	61	26	46	53	57	23	45	49	66	47	57	36	21	33	33	45	47	55	59	58	21	29	4	62	50	53	28	62	7	27	39
0	0	0	53	21	23	27	17	8	12	58	31	60	19	58	61	25	64	8	24	40	46	11	28	37	29	55	36	37	5	47	37	2	34	62	55	51	17	9	36	9	19	13	47	12	33	29	62	20	56	51	42	18	25	47	62	48	51	7	65	41	41	24	25
0	0	0	0	14	24	43	11	65	47	65	29	23	35	25	31	20	22	18	45	18	42	42	50	61	66	63	47	56	39	61	24	47	61	41	53	11	15	65	60	20	28	38	28	64	44	59	54	34	46	6	16	14	64	24	56	51	34	8	57	42	31	6	28
0	0	0	0	0	49	48	64	8	59	28	69	49	61	27	27	57	21	11	38	28	47	17	17	30	47	45	40	59	21	60	15	54	42	57	53	35	24	54	48	14	15	66	11	5	59	7	15	50	54	63	66	5	49	42	58	56	62	36	5	28	14	60	53
0	0	0	0	0	0	9	65	40	54	53	23	65	62	18	32	51	62	59	46	26	19	19	60	30	64	39	65	67	11	4	39	14	32	34	31	62	20	24	54	62	27	11	25	33	42	22	59	53	27	28	17	56	10	7	49	39	38	13	53	13	31	52	48
0	0	0	0	0	0	0	33	61	19	20	64	31	60	27	65	48	32	18	64	65	43	51	39	49	37	51	13	58	8	64	38	29	67	21	10	40	46	55	8	10	47	51	22	21	65	63	43	40	21	40	36	16	60	46	25	8	50	59	34	35	27	57	12
0	0	0	0	0	0	0	0	31	5	28	61	14	29	18	39	33	30	49	34	40	14	11	10	27	31	33	26	49	56	35	53	4	57	61	60	60	11	30	52	61	52	8	16	29	47	60	61	58	22	60	49	6	9	45	51	16	45	23	6	56	30	10	29
0	0	0	0	0	0	0	0	0	40	46	63	26	70	15	71	55	44	57	8	30	46	47	59	42	38	64	58	5	4	32	14	67	19	58	41	11	9	56	9	64	44	70	41	53	45	42	22	61	17	11	23	23	55	54	16	51	55	27	64	26	42	56	59
0	0	0	0	0	0	0	0	0	0	32	49	27	60	41	34	53	50	25	37	62	40	51	32	30	37	37	9	46	20	25	11	57	22	63	50	42	30	56	13	32	36	14	49	26	23	68	58	70	47	51	25	24	5	47	57	69	42	15	60	55	12	67	60
0	0	0	0	0	0	0	0	0	0	0	37	41	45	52	65	34	47	6	9	48	44	37	7	25	60	52	44	7	62	24	44	69	60	58	15	42	65	68	54	63	58	63	30	13	70	41	22	42	11	56	67	69	17	31	7	58	63	63	67	71	20	24	34
0	0	0	0	0	0	0	0	0	0	0	0	62	55	66	68	63	15	50	16	14	18	24	47	47	34	9	70	9	68	69	58	25	54	49	24	37	51	17	4	23	58	20	44	63	62	42	50	64	54	44	45	8	67	17	49	10	69	46	47	70	58	26	48
0	0	0	0	0	0	0	0	0	0	0	0	0	69	68	60	46	46	69	9	22	49	64	17	34	26	60	71	32	70	33	46	23	40	2	58	44	57	67	36	61	8	70	31	13	65	22	36	56	40	26	44	48	33	61	27	14	42	45	16	47	57	35	66
0	0	0	0	0	0	0	0	0	0	0	0	0	0	52	60	75	5	31	46	67	28	44	43	32	48	27	43	21	65	22	40	13	72	55	63	25	30	59	23	63	41	64	32	55	67	40	72	21	50	48	8	45	31	13	26	64	62	13	59	5	37	71	26
0	0	0	0	0	0	0	0	0	0	0	0	0	0	0	29	64	12	12	19	35	63	10	30	31	66	40	53	22	23	75	20	17	57	18	9	20	9	61	10	61	64	55	9	23	28	39	57	60	55	66	57	33	34	37	64	63	13	51	31	32	34	38	47
0	0	0	0	0	0	0	0	0	0	0	0	0	0	0	0	38	68	44	52	48	62	68	31	40	49	38	72	67	69	61	38	53	34	25	13	53	63	57	50	66	37	16	55	73	54	49	41	35	21	60	38	28	12	62	56	66	53	66	6	63	51	22	26
0	0	0	0	0	0	0	0	0	0	0	0	0	0	0	0	0	59	29	65	8	71	67	30	78	40	36	39	20	69	33	34	64	76	70	61	22	35	42	9	42	41	57	19	41	39	38	55	16	49	20	66	13	9	18	49	66	35	27	69	70	75	44	52
0	0	0	0	0	0	0	0	0	0	0	0	0	0	0	0	0	0	32	59	38	46	53	32	40	35	43	59	9	9	45	32	56	62	24	42	42	49	67	77	25	43	73	36	58	75	51	75	30	37	32	50	78	54	9	51	51	26	24	21	55	19	18	50
0	0	0	0	0	0	0	0	0	0	0	0	0	0	0	0	0	0	0	68	44	12	64	56	59	56	28	17	68	31	41	55	74	34	11	37	29	43	59	9	54	33	33	43	60	11	20	52	50	45	63	69	79	61	69	33	18	69	13	12	24	26	39	15
0	0	0	0	0	0	0	0	0	0	0	0	0	0	0	0	0	0	0	0	45	63	11	58	29	9	40	20	42	64	35	62	59	23	76	36	70	54	42	19	25	70	20	51	41	18	62	15	47	38	7	16	32	4	60	77	26	67	29	50	21	62	76	23
0	0	0	0	0	0	0	0	0	0	0	0	0	0	0	0	0	0	0	0	0	19	17	44	71	62	37	61	34	37	19	74	31	54	36	54	67	14	51	66	46	24	54	23	40	3	43	52	22	48	13	75	57	43	46	38	52	46	28	55	14	35	46	4
0	0	0	0	0	0	0	0	0	0	0	0	0	0	0	0	0	0	0	0	0	0	77	36	25	52	51	50	69	58	4	22	32	37	12	43	60	15	39	43	17	51	54	51	62	14	30	64	26	22	11	22	30	23	48	20	45	34	37	41	15	36	36	21
0	0	0	0	0	0	0	0	0	0	0	0	0	0	0	0	0	0	0	0	0	0	0	33	38	32	35	62	72	64	36	47	78	60	65	45	9	25	7	64	12	56	16	11	10	12	53	40	60	44	29	44	34	47	61	62	32	66	6	68	18	67	41	57
0	0	0	0	0	0	0	0	0	0	0	0	0	0	0	0	0	0	0	0	0	0	0	0	37	22	51	33	20	63	69	14	59	85	28	63	33	30	22	28	27	44	34	40	65	10	64	68	6	68	47	25	55	38	52	23	27	59	54	23	28	44	27	44
0	0	0	0	0	0	0	0	0	0	0	0	0	0	0	0	0	0	0	0	0	0	0	0	0	28	74	38	57	41	16	28	27	49	41	72	22	58	35	57	22	60	27	34	71	61	32	39	17	71	67	13	62	82	65	50	67	87	37	47	68	27	71	54
0	0	0	0	0	0	0	0	0	0	0	0	0	0	0	0	0	0	0	0	0	0	0	0	0	0	28	26	6	29	52	7	39	69	42	58	44	85	50	42	87	25	58	32	40	61	78	54	26	64	73	30	31	31	66	79	65	57	79	67	29	41	71	16
0	0	0	0	0	0	0	0	0	0	0	0	0	0	0	0	0	0	0	0	0	0	0	0	0	0	0	26	82	72	80	46	64	56	76	62	18	51	37	56	64	12	32	19	24	73	63	44	57	52	23	31	24	83	47	71	60	84	63	46	48	53	54	42
0	0	0	0	0	0	0	0	0	0	0	0	0	0	0	0	0	0	0	0	0	0	0	0	0	0	0	0	43	75	65	28	58	34	71	33	38	22	37	82	59	26	36	53	41	13	45	51	57	30	58	48	41	84	62	12	29	10	38	69	34	60	28	18
0	0	0	0	0	0	0	0	0	0	0	0	0	0	0	0	0	0	0	0	0	0	0	0	0	0	0	0	0	78	73	51	54	28	64	48	51	83	62	43	21	38	31	55	50	77	61	30	56	71	93	54	71	51	30	37	20	65	22	56	54	49	10	38
0	0	0	0	0	0	0	0	0	0	0	0	0	0	0	0	0	0	0	0	0	0	0	0	0	0	0	0	0	0	34	64	36	77	78	69	73	49	51	81	35	46	71	70	82	67	44	73	63	28	26	24	24	26	76	23	79	80	24	78	7	67	64	36
0	0	0	0	0	0	0	0	0	0	0	0	0	0	0	0	0	0	0	0	0	0	0	0	0	0	0	0	0	0	0	50	35	60	54	77	64	28	11	68	56	89	37	55	78	80	45	66	44	62	61	69	47	15	89	83	45	60	28	21	40	14	81	45
0	0	0	0	0	0	0	0	0	0	0	0	0	0	0	0	0	0	0	0	0	0	0	0	0	0	0	0	0	0	0	0	51	94	53	46	17	52	34	53	41	31	42	10	78	80	50	29	62	44	35	68	73	58	12	60	48	25	40	64	26	41	40	74
0	0	0	0	0	0	0	0	0	0	0	0	0	0	0	0	0	0	0	0	0	0	0	0	0	0	0	0	0	0	0	0	0	38	67	42	39	23	49	57	83	16	63	71	67	43	61	60	49	43	49	42	60	68	16	38	25	14	70	33	56	46	46	91
0	0	0	0	0	0	0	0	0	0	0	0	0	0	0	0	0	0	0	0	0	0	0	0	0	0	0	0	0	0	0	0	0	0	38	64	43	35	37	75	55	24	38	8	29	78	54	32	55	40	50	53	39	34	38	77	50	15	45	88	56	38	42	56
0	0	0	0	0	0	0	0	0	0	0	0	0	0	0	0	0	0	0	0	0	0	0	0	0	0	0	0	0	0	0	0	0	0	0	78	65	20	18	24	47	66	14	68	67	7	80	51	55	36	85	78	78	65	66	33	70	23	73	57	50	89	57	33
0	0	0	0	0	0	0	0	0	0	0	0	0	0	0	0	0	0	0	0	0	0	0	0	0	0	0	0	0	0	0	0	0	0	0	0	32	45	36	64	27	74	34	89	31	47	39	84	92	30	34	46	47	53	77	39	21	52	30	43	75	22	42	16
0	0	0	0	0	0	0	0	0	0	0	0	0	0	0	0	0	0	0	0	0	0	0	0	0	0	0	0	0	0	0	0	0	0	0	0	0	41	46	59	76	54	59	28	69	20	55	69	55	60	56	46	33	33	37	89	53	66	34	43	32	52	58	65
0	0	0	0	0	0	0	0	0	0	0	0	0	0	0	0	0	0	0	0	0	0	0	0	0	0	0	0	0	0	0	0	0	0	0	0	0	0	80	26	47	62	38	53	62	11	32	28	95	82	49	75	69	89	22	42	78	74	66	35	90	63	44	47
0	0	0	0	0	0	0	0	0	0	0	0	0	0	0	0	0	0	0	0	0	0	0	0	0	0	0	0	0	0	0	0	0	0	0	0	0	0	0	26	77	7	70	78	48	50	33	26	72	74	6	39	35	53	67	15	78	59	59	34	60	99	15	38
0	0	0	0	0	0	0	0	0	0	0	0	0	0	0	0	0	0	0	0	0	0	0	0	0	0	0	0	0	0	0	0	0	0	0	0	0	0	0	0	57	56	96	29	42	81	64	45	30	50	22	89	44	25	14	41	75	37	34	90	64	54	45	33
0	0	0	0	0	0	0	0	0	0	0	0	0	0	0	0	0	0	0	0	0	0	0	0	0	0	0	0	0	0	0	0	0	0	0	0	0	0	0	0	0	45	29	59	33	95	37	61	38	33	71	40	20	80	59	62	24	66	62	70	40	85	87	90
0	0	0	0	0	0	0	0	0	0	0	0	0	0	0	0	0	0	0	0	0	0	0	0	0	0	0	0	0	0	0	0	0	0	0	0	0	0	0	0	0	0	82	51	38	29	83	36	57	26	87	62	58	27	85	64	48	75	19	66	14	84	69	39
0	0	0	0	0	0	0	0	0	0	0	0	0	0	0	0	0	0	0	0	0	0	0	0	0	0	0	0	0	0	0	0	0	0	0	0	0	0	0	0	0	0	0	43	85	38	61	66	33	66	57	73	44	55	64	12	54	64	47	19	53	57	54	44
0	0	0	0	0	0	0	0	0	0	0	0	0	0	0	0	0	0	0	0	0	0	0	0	0	0	0	0	0	0	0	0	0	0	0	0	0	0	0	0	0	0	0	0	94	33	41	101	10	49	38	100	62	44	59	73	72	50	65	30	39	99	55	42
0	0	0	0	0	0	0	0	0	0	0	0	0	0	0	0	0	0	0	0	0	0	0	0	0	0	0	0	0	0	0	0	0	0	0	0	0	0	0	0	0	0	0	0	0	56	23	87	67	40	42	5	48	63	54	48	36	45	59	24	48	80	42	42
0	0	0	0	0	0	0	0	0	0	0	0	0	0	0	0	0	0	0	0	0	0	0	0	0	0	0	0	0	0	0	0	0	0	0	0	0	0	0	0	0	0	0	0	0	0	76	34	81	86	32	62	96	60	86	67	56	25	91	83	29	82	70	76
0	0	0	0	0	0	0	0	0	0	0	0	0	0	0	0	0	0	0	0	0	0	0	0	0	0	0	0	0	0	0	0	0	0	0	0	0	0	0	0	0	0	0	0	0	0	0	58	26	46	63	75	35	52	73	59	85	67	18	53	43	51	56	36
0	0	0	0	0	0	0	0	0	0	0	0	0	0	0	0	0	0	0	0	0	0	0	0	0	0	0	0	0	0	0	0	0	0	0	0	0	0	0	0	0	0	0	0	0	0	0	0	18	48	46	48	39	42	9	95	75	87	73	66	58	38	30	90
0	0	0	0	0	0	0	0	0	0	0	0	0	0	0	0	0	0	0	0	0	0	0	0	0	0	0	0	0	0	0	0	0	0	0	0	0	0	0	0	0	0	0	0	0	0	0	0	0	27	25	51	59	53	39	29	30	43	65	75	69	55	47	55
0	0	0	0	0	0	0	0	0	0	0	0	0	0	0	0	0	0	0	0	0	0	0	0	0	0	0	0	0	0	0	0	0	0	0	0	0	0	0	0	0	0	0	0	0	0	0	0	0	0	73	63	75	104	54	47	24	62	71	10	57	40	42	17
0	0	0	0	0	0	0	0	0	0	0	0	0	0	0	0	0	0	0	0	0	0	0	0	0	0	0	0	0	0	0	0	0	0	0	0	0	0	0	0	0	0	0	0	0	0	0	0	0	0	0	87	44	69	33	35	54	42	36	37	71	42	89	42
0	0	0	0	0	0	0	0	0	0	0	0	0	0	0	0	0	0	0	0	0	0	0	0	0	0	0	0	0	0	0	0	0	0	0	0	0	0	0	0	0	0	0	0	0	0	0	0	0	0	0	0	52	95	109	41	45	7	69	76	99	79	35	47
0	0	0	0	0	0	0	0	0	0	0	0	0	0	0	0	0	0	0	0	0	0	0	0	0	0	0	0	0	0	0	0	0	0	0	0	0	0	0	0	0	0	0	0	0	0	0	0	0	0	0	0	0	84	72	81	40	56	58	62	32	48	82	62
0	0	0	0	0	0	0	0	0	0	0	0	0	0	0	0	0	0	0	0	0	0	0	0	0	0	0	0	0	0	0	0	0	0	0	0	0	0	0	0	0	0	0	0	0	0	0	0	0	0	0	0	0	0	27	30	66	78	53	53	44	64	32	79
0	0	0	0	0	0	0	0	0	0	0	0	0	0	0	0	0	0	0	0	0	0	0	0	0	0	0	0	0	0	0	0	0	0	0	0	0	0	0	0	0	0	0	0	0	0	0	0	0	0	0	0	0	0	0	63	72	79	18	49	27	65	66	32
0	0	0	0	0	0	0	0	0	0	0	0	0	0	0	0	0	0	0	0	0	0	0	0	0	0	0	0	0	0	0	0	0	0	0	0	0	0	0	0	0	0	0	0	0	0	0	0	0	0	0	0	0	0	0	0	50	48	50	60	55	52	80	61
0	0	0	0	0	0	0	0	0	0	0	0	0	0	0	0	0	0	0	0	0	0	0	0	0	0	0	0	0	0	0	0	0	0	0	0	0	0	0	0	0	0	0	0	0	0	0	0	0	0	0	0	0	0	0	0	0	55	52	59	61	88	77	52
0	0	0	0	0	0	0	0	0	0	0	0	0	0	0	0	0	0	0	0	0	0	0	0	0	0	0	0	0	0	0	0	0	0	0	0	0	0	0	0	0	0	0	0	0	0	0	0	0	0	0	0	0	0	0	0	0	0	104	30	46	50	105	26
0	0	0	0	0	0	0	0	0	0	0	0	0	0	0	0	0	0	0	0	0	0	0	0	0	0	0	0	0	0	0	0	0	0	0	0	0	0	0	0	0	0	0	0	0	0	0	0	0	0	0	0	0	0	0	0	0	0	0	65	59	88	74	21
0	0	0	0	0	0	0	0	0	0	0	0	0	0	0	0	0	0	0	0	0	0	0	0	0	0	0	0	0	0	0	0	0	0	0	0	0	0	0	0	0	0	0	0	0	0	0	0	0	0	0	0	0	0	0	0	0	0	0	0	48	74	44	14
0	0	0	0	0	0	0	0	0	0	0	0	0	0	0	0	0	0	0	0	0	0	0	0	0	0	0	0	0	0	0	0	0	0	0	0	0	0	0	0	0	0	0	0	0	0	0	0	0	0	0	0	0	0	0	0	0	0	0	0	0	48	58	61
0	0	0	0	0	0	0	0	0	0	0	0	0	0	0	0	0	0	0	0	0	0	0	0	0	0	0	0	0	0	0	0	0	0	0	0	0	0	0	0	0	0	0	0	0	0	0	0	0	0	0	0	0	0	0	0	0	0	0	0	0	0	50	24
0	0	0	0	0	0	0	0	0	0	0	0	0	0	0	0	0	0	0	0	0	0	0	0	0	0	0	0	0	0	0	0	0	0	0	0	0	0	0	0	0	0	0	0	0	0	0	0	0	0	0	0	0	0	0	0	0	0	0	0	0	0	0	76
0	0	0	0	0	0	0	0	0	0	0	0	0	0	0	0	0	0	0	0	0	0	0	0	0	0	0	0	0	0	0	0	0	0	0	0	0	0	0	0	0	0	0	0	0	0	0	0	0	0	0	0	0	0	0	0	0	0	0	0	0	0	0	0