0	9	56	50	61	3	9	51	52	51	37	50	19	23	39	44	6	60	49	2	14	12	9	62	13	4	6	25	34	8	41	13	32	12	26	6	39	10	9	28	11	19	61	44	39	48	3	12	14	65	56	51	53	20	15	10	56	14	29	8	5	55	62	60
0	0	20	66	15	39	7	21	31	56	28	34	29	28	36	25	19	63	42	63	24	37	41	49	58	38	20	17	65	36	32	30	55	31	60	62	15	46	65	60	16	58	47	18	52	9	29	28	30	17	37	51	39	29	54	20	41	49	49	41	45	18	63	20
0	0	0	14	28	4	50	26	24	28	28	25	50	17	42	10	43	54	57	24	20	64	25	65	60	43	55	35	39	46	39	5	44	64	19	41	34	31	51	43	41	20	23	18	60	64	63	44	51	32	14	50	36	26	23	11	13	39	51	61	14	18	13	38
0	0	0	0	61	11	23	29	48	19	31	41	58	23	51	41	61	56	57	7	21	12	25	5	54	12	31	15	12	19	6	14	49	62	11	64	17	8	22	42	38	38	32	63	17	50	4	68	65	12	31	59	24	52	23	51	46	33	25	6	16	45	20	11
0	0	0	0	0	46	23	52	17	33	19	64	23	55	43	42	13	18	4	69	42	54	21	44	9	22	24	36	6	14	63	55	22	54	33	26	24	35	6	30	43	7	39	39	55	50	38	48	3	31	39	44	39	8	64	36	56	51	62	16	16	2	24	13
0	0	0	0	0	0	54	61	5	3	53	3	54	65	55	11	43	8	31	30	37	66	43	43	33	65	19	55	60	7	24	63	65	23	39	46	6	43	48	52	55	66	64	21	23	49	57	42	9	23	48	17	61	57	20	54	46	23	17	53	15	38	41	10
0	0	0	0	0	0	0	38	70	43	60	23	43	34	30	8	49	43	10	25	23	9	50	56	61	46	45	34	15	12	34	2	54	65	16	52	69	49	46	36	66	64	57	68	47	21	55	16	17	18	43	7	25	13	55	28	15	54	44	57	8	41	60	7
0	0	0	0	0	0	0	0	35	67	18	30	32	13	52	58	38	51	56	28	28	56	30	51	55	25	62	17	39	21	33	32	15	28	56	18	64	53	22	60	35	55	16	56	32	8	44	33	8	65	17	43	20	25	54	54	22	49	36	41	20	61	20	15
0	0	0	0	0	0	0	0	0	43	53	61	66	44	62	8	63	66	43	62	20	68	29	41	57	13	50	8	68	27	21	20	51	30	30	51	44	69	14	48	36	43	54	58	36	55	49	24	63	31	64	48	52	14	21	31	54	65	8	36	6	27	16	67
0	0	0	0	0	0	0	0	0	0	62	60	37	44	3	16	16	63	13	17	60	60	45	24	71	47	16	11	10	40	27	67	52	44	45	56	35	66	32	28	17	11	58	52	54	68	27	50	43	27	40	36	73	26	2	18	48	21	39	6	19	58	48	49
0	0	0	0	0	0	0	0	0	0	0	63	45	46	59	66	47	59	42	54	72	64	67	33	22	45	31	11	21	29	60	35	10	5	57	24	50	74	19	68	20	43	65	6	63	55	45	12	68	25	24	21	35	10	49	67	57	24	21	64	30	46	63	62
0	0	0	0	0	0	0	0	0	0	0	0	46	37	51	50	2	58	48	14	58	7	32	69	28	8	48	42	60	26	29	56	58	69	18	22	33	60	69	36	5	52	25	30	19	49	45	17	33	19	23	43	14	13	48	56	29	70	17	46	26	70	34	35
0	0	0	0	0	0	0	0	0	0	0	0	0	18	18	19	65	48	45	63	26	59	38	33	57	36	48	46	15	39	31	41	39	53	64	59	27	64	54	50	7	14	26	13	12	44	56	25	60	71	62	41	12	52	35	66	60	74	45	37	52	38	61	38
0	0	0	0	0	0	0	0	0	0	0	0	0	0	45	3	51	30	64	18	56	59	70	39	20	25	40	60	21	42	16	48	20	72	47	21	39	73	11	34	16	56	14	31	29	37	19	23	36	63	52	11	33	68	54	32	52	25	16	36	34	56	16	13
0	0	0	0	0	0	0	0	0	0	0	0	0	0	0	26	49	58	47	34	34	48	75	37	12	41	30	29	45	8	48	72	32	57	62	45	59	51	35	67	14	19	50	24	73	43	21	26	43	60	53	14	31	18	45	69	55	71	19	13	15	69	42	48
0	0	0	0	0	0	0	0	0	0	0	0	0	0	0	0	42	76	62	41	26	20	52	12	19	31	53	34	58	14	64	36	41	54	6	41	9	70	40	54	50	41	25	68	76	42	47	34	62	75	48	14	58	20	62	62	10	41	17	59	49	51	34	17
0	0	0	0	0	0	0	0	0	0	0	0	0	0	0	0	0	57	18	55	48	7	41	26	58	40	51	57	28	72	62	29	27	33	50	24	64	59	24	67	35	64	22	14	76	20	44	60	29	68	36	45	41	42	47	66	65	65	24	55	36	60	47	35
0	0	0	0	0	0	0	0	0	0	0	0	0	0	0	0	0	0	68	17	53	44	45	70	58	58	39	38	66	31	65	30	62	66	55	24	33	64	60	14	15	24	11	42	19	31	14	65	39	26	62	36	36	69	54	23	54	51	61	28	12	55	17	42
0	0	0	0	0	0	0	0	0	0	0	0	0	0	0	0	0	0	0	63	19	14	5	35	65	34	55	15	68	22	45	50	21	43	81	28	20	71	24	52	28	62	56	62	74	19	64	58	27	59	52	35	54	39	5	33	21	47	21	68	40	12	57	62
0	0	0	0	0	0	0	0	0	0	0	0	0	0	0	0	0	0	0	0	56	30	23	30	59	51	39	53	67	44	21	68	23	31	44	33	51	29	67	68	26	55	33	42	62	54	66	69	45	59	50	19	31	18	54	59	76	24	60	52	56	51	6	76
0	0	0	0	0	0	0	0	0	0	0	0	0	0	0	0	0	0	0	0	0	28	41	32	72	41	39	29	51	16	76	72	47	35	65	18	79	26	20	84	37	21	78	20	82	46	60	42	23	49	41	74	75	63	52	59	25	9	44	58	32	60	65	21
0	0	0	0	0	0	0	0	0	0	0	0	0	0	0	0	0	0	0	0	0	0	71	61	57	49	44	83	10	40	26	63	70	66	49	43	76	79	63	36	6	13	30	47	71	7	22	65	56	27	71	50	7	82	67	16	30	46	23	15	34	72	71	29
0	0	0	0	0	0	0	0	0	0	0	0	0	0	0	0	0	0	0	0	0	0	0	36	51	58	57	79	34	35	61	74	56	67	57	76	66	32	55	4	53	55	70	44	43	53	18	30	63	35	79	32	25	83	49	59	50	12	62	34	50	28	59	76
0	0	0	0	0	0	0	0	0	0	0	0	0	0	0	0	0	0	0	0	0	0	0	0	70	72	58	40	32	47	32	55	52	52	64	62	23	58	42	73	78	55	45	62	78	21	30	76	23	86	9	29	67	60	60	71	30	45	10	63	36	78	23	75
0	0	0	0	0	0	0	0	0	0	0	0	0	0	0	0	0	0	0	0	0	0	0	0	0	58	26	18	35	26	40	10	18	12	62	32	59	32	54	28	35	46	49	66	29	31	21	22	20	28	70	69	12	53	15	38	30	15	66	57	62	47	9	24
0	0	0	0	0	0	0	0	0	0	0	0	0	0	0	0	0	0	0	0	0	0	0	0	0	0	63	48	32	34	32	41	76	63	57	24	45	79	82	80	60	68	50	38	32	56	21	54	63	30	5	61	45	48	67	43	43	39	25	73	51	35	35	63
0	0	0	0	0	0	0	0	0	0	0	0	0	0	0	0	0	0	0	0	0	0	0	0	0	0	0	12	55	18	24	26	27	31	72	76	50	15	48	71	86	26	68	38	16	20	51	37	39	37	51	68	59	25	80	84	30	64	55	27	20	64	64	42
0	0	0	0	0	0	0	0	0	0	0	0	0	0	0	0	0	0	0	0	0	0	0	0	0	0	0	0	16	26	52	44	56	81	54	37	46	79	38	59	49	15	21	40	66	90	54	85	24	45	84	26	55	74	29	16	73	23	83	70	53	57	41	50
0	0	0	0	0	0	0	0	0	0	0	0	0	0	0	0	0	0	0	0	0	0	0	0	0	0	0	0	0	71	56	83	42	38	83	69	29	48	41	66	14	39	65	65	15	12	30	31	44	47	19	25	44	45	4	72	37	23	53	88	30	37	58	56
0	0	0	0	0	0	0	0	0	0	0	0	0	0	0	0	0	0	0	0	0	0	0	0	0	0	0	0	0	0	38	60	84	46	75	72	21	71	26	63	65	42	66	45	51	44	19	68	61	41	60	59	80	27	81	63	63	34	40	32	67	64	78	76
0	0	0	0	0	0	0	0	0	0	0	0	0	0	0	0	0	0	0	0	0	0	0	0	0	0	0	0	0	0	0	6	20	79	26	43	75	42	32	57	76	63	77	32	55	63	45	3	39	91	30	24	29	61	38	40	32	81	22	25	58	28	75	44
0	0	0	0	0	0	0	0	0	0	0	0	0	0	0	0	0	0	0	0	0	0	0	0	0	0	0	0	0	0	0	0	53	38	18	41	62	92	42	19	91	19	61	39	49	44	30	76	26	64	41	35	89	73	44	23	45	81	68	40	63	48	49	28
0	0	0	0	0	0	0	0	0	0	0	0	0	0	0	0	0	0	0	0	0	0	0	0	0	0	0	0	0	0	0	0	0	52	60	61	26	31	44	55	23	64	78	64	38	33	49	66	22	51	51	52	14	26	39	72	45	61	13	47	43	62	55	83
0	0	0	0	0	0	0	0	0	0	0	0	0	0	0	0	0	0	0	0	0	0	0	0	0	0	0	0	0	0	0	0	0	0	88	63	91	96	32	31	74	56	48	58	73	29	21	33	64	95	36	66	61	68	66	21	63	66	18	15	50	33	46	13
0	0	0	0	0	0	0	0	0	0	0	0	0	0	0	0	0	0	0	0	0	0	0	0	0	0	0	0	0	0	0	0	0	0	0	53	33	64	51	86	34	42	67	29	70	31	3	58	6	89	29	24	52	28	51	70	53	45	62	75	36	83	31	18
0	0	0	0	0	0	0	0	0	0	0	0	0	0	0	0	0	0	0	0	0	0	0	0	0	0	0	0	0	0	0	0	0	0	0	0	44	23	23	78	58	32	37	29	61	49	45	73	57	78	59	44	29	47	46	98	19	26	54	19	66	73	16	81
0	0	0	0	0	0	0	0	0	0	0	0	0	0	0	0	0	0	0	0	0	0	0	0	0	0	0	0	0	0	0	0	0	0	0	0	0	41	63	22	55	72	23	84	53	78	57	49	40	54	16	39	41	61	37	46	50	50	47	31	50	40	61	44
0	0	0	0	0	0	0	0	0	0	0	0	0	0	0	0	0	0	0	0	0	0	0	0	0	0	0	0	0	0	0	0	0	0	0	0	0	0	91	51	30	55	15	32	58	88	75	4	60	64	48	38	93	62	57	44	63	38	32	39	71	92	16	92
0	0	0	0	0	0	0	0	0	0	0	0	0	0	0	0	0	0	0	0	0	0	0	0	0	0	0	0	0	0	0	0	0	0	0	0	0	0	0	59	66	55	29	73	53	51	19	34	76	21	82	54	30	52	80	37	84	84	68	56	77	34	23	68
0	0	0	0	0	0	0	0	0	0	0	0	0	0	0	0	0	0	0	0	0	0	0	0	0	0	0	0	0	0	0	0	0	0	0	0	0	0	0	0	97	19	68	96	56	66	22	42	34	47	34	57	62	35	88	78	99	37	37	73	59	41	36	22
0	0	0	0	0	0	0	0	0	0	0	0	0	0	0	0	0	0	0	0	0	0	0	0	0	0	0	0	0	0	0	0	0	0	0	0	0	0	0	0	0	55	87	63	27	62	24	49	76	102	44	57	54	25	35	23	33	57	74	67	60	51	69	65
0	0	0	0	0	0	0	0	0	0	0	0	0	0	0	0	0	0	0	0	0	0	0	0	0	0	0	0	0	0	0	0	0	0	0	0	0	0	0	0	0	0	94	56	14	95	63	34	70	33	87	84	64	49	37	45	38	22	46	49	92	71	78	25
0	0	0	0	0	0	0	0	0	0	0	0	0	0	0	0	0	0	0	0	0	0	0	0	0	0	0	0	0	0	0	0	0	0	0	0	0	0	0	0	0	0	0	79	54	12	62	16	87	91	79	67	89	43	95	74	50	77	57	53	69	34	16	68
0	0	0	0	0	0	0	0	0	0	0	0	0	0	0	0	0	0	0	0	0	0	0	0	0	0	0	0	0	0	0	0	0	0	0	0	0	0	0	0	0	0	0	0	30	31	77	13	81	28	25	29	36	40	53	39	51	58	54	71	40	6	28	59
0	0	0	0	0	0	0	0	0	0	0	0	0	0	0	0	0	0	0	0	0	0	0	0	0	0	0	0	0	0	0	0	0	0	0	0	0	0	0	0	0	0	0	0	0	42	30	60	30	70	59	86	54	20	33	43	60	45	51	54	60	45	69	62
0	0	0	0	0	0	0	0	0	0	0	0	0	0	0	0	0	0	0	0	0	0	0	0	0	0	0	0	0	0	0	0	0	0	0	0	0	0	0	0	0	0	0	0	0	0	5	72	65	95	51	48	68	54	82	74	33	106	57	90	47	83	56	102
0	0	0	0	0	0	0	0	0	0	0	0	0	0	0	0	0	0	0	0	0	0	0	0	0	0	0	0	0	0	0	0	0	0	0	0	0	0	0	0	0	0	0	0	0	0	0	18	28	59	46	79	18	64	86	81	19	102	90	46	73	75	75	81
0	0	0	0	0	0	0	0	0	0	0	0	0	0	0	0	0	0	0	0	0	0	0	0	0	0	0	0	0	0	0	0	0	0	0	0	0	0	0	0	0	0	0	0	0	0	0	0	59	59	24	49	70	54	32	14	46	10	43	47	68	4	73	49
0	0	0	0	0	0	0	0	0	0	0	0	0	0	0	0	0	0	0	0	0	0	0	0	0	0	0	0	0	0	0	0	0	0	0	0	0	0	0	0	0	0	0	0	0	0	0	0	0	102	63	63	29	50	43	64	38	25	39	62	63	65	18	78
0	0	0	0	0	0	0	0	0	0	0	0	0	0	0	0	0	0	0	0	0	0	0	0	0	0	0	0	0	0	0	0	0	0	0	0	0	0	0	0	0	0	0	0	0	0	0	0	0	0	47	50	55	101	75	21	54	10	83	98	70	93	107	73
0	0	0	0	0	0	0	0	0	0	0	0	0	0	0	0	0	0	0	0	0	0	0	0	0	0	0	0	0	0	0	0	0	0	0	0	0	0	0	0	0	0	0	0	0	0	0	0	0	0	0	103	34	46	84	93	29	23	30	52	54	69	48	87
0	0	0	0	0	0	0	0	0	0	0	0	0	0	0	0	0	0	0	0	0	0	0	0	0	0	0	0	0	0	0	0	0	0	0	0	0	0	0	0	0	0	0	0	0	0	0	0	0	0	0	0	73	53	61	56	51	24	78	45	44	44	96	33
0	0	0	0	0	0	0	0	0	0	0	0	0	0	0	0	0	0	0	0	0	0	0	0	0	0	0	0	0	0	0	0	0	0	0	0	0	0	0	0	0	0	0	0	0	0	0	0	0	0	0	0	0	11	70	64	68	75	88	20	87	10	68	45
0	0	0	0	0	0	0	0	0	0	0	0	0	0	0	0	0	0	0	0	0	0	0	0	0	0	0	0	0	0	0	0	0	0	0	0	0	0	0	0	0	0	0	0	0	0	0	0	0	0	0	0	0	0	24	85	35	53	87	15	35	45	65	76
0	0	0	0	0	0	0	0	0	0	0	0	0	0	0	0	0	0	0	0	0	0	0	0	0	0	0	0	0	0	0	0	0	0	0	0	0	0	0	0	0	0	0	0	0	0	0	0	0	0	0	0	0	0	0	100	100	45	82	60	42	70	37	44
0	0	0	0	0	0	0	0	0	0	0	0	0	0	0	0	0	0	0	0	0	0	0	0	0	0	0	0	0	0	0	0	0	0	0	0	0	0	0	0	0	0	0	0	0	0	0	0	0	0	0	0	0	0	0	0	50	50	63	38	52	42	70	79
0	0	0	0	0	0	0	0	0	0	0	0	0	0	0	0	0	0	0	0	0	0	0	0	0	0	0	0	0	0	0	0	0	0	0	0	0	0	0	0	0	0	0	0	0	0	0	0	0	0	0	0	0	0	0	0	0	85	92	49	98	34	88	35
0	0	0	0	0	0	0	0	0	0	0	0	0	0	0	0	0	0	0	0	0	0	0	0	0	0	0	0	0	0	0	0	0	0	0	0	0	0	0	0	0	0	0	0	0	0	0	0	0	0	0	0	0	0	0	0	0	0	71	69	64	85	75	65
0	0	0	0	0	0	0	0	0	0	0	0	0	0	0	0	0	0	0	0	0	0	0	0	0	0	0	0	0	0	0	0	0	0	0	0	0	0	0	0	0	0	0	0	0	0	0	0	0	0	0	0	0	0	0	0	0	0	0	40	88	71	82	116
0	0	0	0	0	0	0	0	0	0	0	0	0	0	0	0	0	0	0	0	0	0	0	0	0	0	0	0	0	0	0	0	0	0	0	0	0	0	0	0	0	0	0	0	0	0	0	0	0	0	0	0	0	0	0	0	0	0	0	0	98	68	8	38
0	0	0	0	0	0	0	0	0	0	0	0	0	0	0	0	0	0	0	0	0	0	0	0	0	0	0	0	0	0	0	0	0	0	0	0	0	0	0	0	0	0	0	0	0	0	0	0	0	0	0	0	0	0	0	0	0	0	0	0	0	47	22	77
0	0	0	0	0	0	0	0	0	0	0	0	0	0	0	0	0	0	0	0	0	0	0	0	0	0	0	0	0	0	0	0	0	0	0	0	0	0	0	0	0	0	0	0	0	0	0	0	0	0	0	0	0	0	0	0	0	0	0	0	0	0	99	51
0	0	0	0	0	0	0	0	0	0	0	0	0	0	0	0	0	0	0	0	0	0	0	0	0	0	0	0	0	0	0	0	0	0	0	0	0	0	0	0	0	0	0	0	0	0	0	0	0	0	0	0	0	0	0	0	0	0	0	0	0	0	0	31
0	0	0	0	0	0	0	0	0	0	0	0	0	0	0	0	0	0	0	0	0	0	0	0	0	0	0	0	0	0	0	0	0	0	0	0	0	0	0	0	0	0	0	0	0	0	0	0	0	0	0	0	0	0	0	0	0	0	0	0	0	0	0	0