0	46	56	45	16	51	3	37	44	46	31	18	26	28	10	2	48	23	26	25	8	56	60	62	54	21	4	22	40	38	53	51	45	48	60	6	56	51	38	65	17	42	51	35	45	17	38	60	13	56	30	22	48	8	37	29	24	11	32	3	55	4	31	52
0	0	46	64	47	43	30	4	39	17	4	21	37	47	60	64	63	4	8	63	61	63	19	5	22	16	54	63	17	52	37	57	2	17	4	33	64	12	52	59	18	48	65	53	21	32	11	50	10	7	38	65	57	40	32	10	66	64	42	19	37	52	17	9
0	0	0	39	22	8	63	20	45	21	43	25	38	24	34	11	25	31	11	11	7	51	48	41	12	25	25	36	56	43	57	14	8	31	6	43	40	51	56	35	21	44	31	8	56	6	14	61	40	29	43	34	27	28	65	49	47	64	43	23	5	54	36	43
0	0	0	0	54	51	23	64	62	18	59	33	13	10	39	67	9	42	25	7	42	7	6	48	45	2	37	58	9	55	43	61	44	49	18	55	4	12	51	12	44	8	21	57	12	7	29	40	55	20	56	22	12	34	32	27	51	36	4	53	18	6	42	18
0	0	0	0	0	65	59	36	56	30	60	58	49	54	8	46	6	21	26	16	25	56	55	22	38	65	50	64	8	47	57	9	40	18	20	13	24	20	59	47	10	7	50	66	62	31	34	3	38	54	12	29	67	17	44	21	19	47	35	47	23	65	42	20
0	0	0	0	0	0	3	29	31	49	16	56	46	28	42	56	9	16	32	14	13	8	63	2	21	11	62	67	68	17	16	30	27	8	58	29	14	10	36	28	62	23	53	43	61	48	64	47	63	21	56	45	66	42	64	22	47	20	49	21	26	16	57	50
0	0	0	0	0	0	0	31	65	22	29	50	54	8	15	70	11	25	8	27	34	49	23	37	71	57	51	26	62	38	10	31	33	37	34	32	41	9	64	17	20	59	41	34	37	28	10	38	8	42	7	33	45	21	15	15	59	41	9	16	62	45	18	16
0	0	0	0	0	0	0	0	43	22	12	53	8	14	46	32	37	50	28	66	40	59	28	23	46	20	59	37	56	43	51	58	2	38	65	51	66	59	8	31	27	37	50	23	45	55	47	31	23	9	58	28	62	38	30	54	49	60	17	64	51	33	51	63
0	0	0	0	0	0	0	0	0	25	17	46	24	11	49	21	20	72	41	22	53	15	4	40	28	25	7	13	63	57	4	60	8	10	59	16	71	54	39	20	62	54	61	42	18	14	19	37	60	52	24	21	61	61	64	26	44	7	58	43	23	50	12	67
0	0	0	0	0	0	0	0	0	0	42	63	51	60	34	13	45	20	65	19	33	16	63	64	43	68	44	39	63	69	25	70	70	9	24	20	19	34	16	13	69	10	27	29	15	50	26	71	21	61	31	49	47	49	6	28	46	24	37	19	58	46	23	31
0	0	0	0	0	0	0	0	0	0	0	32	39	27	11	48	67	41	17	57	12	16	41	28	27	32	55	37	27	48	18	73	14	47	15	48	52	22	36	27	27	24	52	62	67	58	14	26	20	18	15	45	50	67	15	23	63	13	15	36	51	7	44	66
0	0	0	0	0	0	0	0	0	0	0	0	22	43	57	60	17	16	32	70	45	55	62	32	23	12	70	65	55	59	36	41	45	66	40	64	61	44	15	62	61	72	30	32	10	35	40	37	64	49	35	60	16	53	24	37	12	56	70	13	25	50	42	52
0	0	0	0	0	0	0	0	0	0	0	0	0	10	72	16	50	8	51	31	26	4	14	4	36	64	4	48	20	31	35	50	13	48	40	28	32	45	24	62	57	47	23	13	43	71	50	65	24	15	9	20	43	61	16	51	14	42	66	35	27	57	44	18
0	0	0	0	0	0	0	0	0	0	0	0	0	0	40	60	49	44	76	40	38	11	26	9	40	36	42	69	15	71	67	70	53	41	35	64	54	32	63	50	14	26	26	70	42	53	34	48	36	53	12	34	65	17	32	60	15	28	13	27	41	28	22	58
0	0	0	0	0	0	0	0	0	0	0	0	0	0	0	19	52	66	69	26	43	51	62	25	23	69	73	68	43	30	42	55	30	45	58	30	26	74	73	67	32	67	57	72	55	28	34	43	49	64	57	25	26	20	51	47	19	22	47	59	52	60	59	50
0	0	0	0	0	0	0	0	0	0	0	0	0	0	0	0	20	67	36	62	63	34	43	20	54	72	27	50	37	77	34	18	57	7	60	67	17	13	28	64	53	32	42	67	65	58	58	53	59	73	55	34	65	50	36	19	10	58	69	66	43	63	74	78
0	0	0	0	0	0	0	0	0	0	0	0	0	0	0	0	0	40	59	62	23	16	55	55	34	40	13	18	27	55	23	51	49	36	11	47	56	69	52	46	52	36	8	19	52	47	36	24	35	40	23	19	40	33	57	34	62	25	69	5	30	19	20	63
0	0	0	0	0	0	0	0	0	0	0	0	0	0	0	0	0	0	61	17	40	10	57	51	43	61	57	36	65	10	50	36	55	35	59	59	70	24	56	46	39	71	21	61	23	53	4	69	62	11	17	63	70	22	20	26	14	25	4	45	69	60	33	14
0	0	0	0	0	0	0	0	0	0	0	0	0	0	0	0	0	0	0	62	24	66	60	36	33	24	62	43	33	65	20	71	19	24	17	41	14	23	53	36	47	19	23	22	33	75	54	24	24	67	51	64	21	37	63	29	25	62	68	29	62	22	10	22
0	0	0	0	0	0	0	0	0	0	0	0	0	0	0	0	0	0	0	0	65	21	46	44	28	60	38	12	82	68	17	48	68	37	62	42	28	69	48	25	29	16	51	56	66	21	68	46	75	58	39	10	67	40	21	47	32	30	28	38	65	14	37	18
0	0	0	0	0	0	0	0	0	0	0	0	0	0	0	0	0	0	0	0	0	59	74	24	70	16	30	53	33	35	23	68	46	71	21	56	33	50	59	46	32	65	83	16	22	45	15	37	74	23	21	69	45	19	40	62	33	44	77	37	57	63	44	15
0	0	0	0	0	0	0	0	0	0	0	0	0	0	0	0	0	0	0	0	0	0	44	26	62	76	27	25	72	44	31	72	51	73	63	43	79	31	48	58	22	39	65	20	51	85	36	51	75	83	41	34	31	60	29	58	60	71	40	16	51	42	80	27
0	0	0	0	0	0	0	0	0	0	0	0	0	0	0	0	0	0	0	0	0	0	0	44	22	22	48	48	77	73	62	14	21	22	70	49	50	33	25	27	73	28	17	52	5	43	19	63	29	19	36	45	57	70	7	19	49	56	50	50	80	31	20	79
0	0	0	0	0	0	0	0	0	0	0	0	0	0	0	0	0	0	0	0	0	0	0	0	68	64	47	60	65	60	31	24	24	64	16	23	39	23	54	38	34	25	45	61	61	24	70	48	34	14	29	48	65	67	32	16	21	56	20	50	17	17	69	67
0	0	0	0	0	0	0	0	0	0	0	0	0	0	0	0	0	0	0	0	0	0	0	0	0	28	33	62	8	68	11	28	25	81	78	44	56	24	33	75	62	42	42	60	24	26	37	11	49	47	52	37	32	32	26	16	36	51	18	28	61	64	33	23
0	0	0	0	0	0	0	0	0	0	0	0	0	0	0	0	0	0	0	0	0	0	0	0	0	0	28	64	66	50	15	36	37	74	27	58	26	66	70	60	27	33	84	49	26	36	33	42	16	52	14	65	7	34	65	27	65	30	84	18	46	31	32	55
0	0	0	0	0	0	0	0	0	0	0	0	0	0	0	0	0	0	0	0	0	0	0	0	0	0	0	36	80	37	50	55	59	45	74	76	80	76	81	74	47	46	23	49	66	54	31	79	45	49	65	50	69	66	34	40	29	62	60	33	49	10	50	12
0	0	0	0	0	0	0	0	0	0	0	0	0	0	0	0	0	0	0	0	0	0	0	0	0	0	0	0	12	39	38	39	59	70	69	19	26	48	69	14	48	18	66	14	48	18	64	57	13	51	60	38	68	81	64	75	59	52	30	42	66	59	44	35
0	0	0	0	0	0	0	0	0	0	0	0	0	0	0	0	0	0	0	0	0	0	0	0	0	0	0	0	0	9	31	62	73	23	53	46	59	43	27	28	25	76	23	42	67	79	64	81	54	68	18	55	64	51	23	56	77	77	62	17	25	28	48	28
0	0	0	0	0	0	0	0	0	0	0	0	0	0	0	0	0	0	0	0	0	0	0	0	0	0	0	0	0	0	76	69	56	70	53	42	66	58	18	39	48	66	68	45	43	27	40	32	19	5	81	39	31	72	68	32	65	71	83	77	36	37	29	53
0	0	0	0	0	0	0	0	0	0	0	0	0	0	0	0	0	0	0	0	0	0	0	0	0	0	0	0	0	0	0	81	19	39	16	51	65	90	65	38	53	29	11	69	29	27	41	47	25	54	14	13	59	84	36	56	9	36	82	58	36	47	35	24
0	0	0	0	0	0	0	0	0	0	0	0	0	0	0	0	0	0	0	0	0	0	0	0	0	0	0	0	0	0	0	0	59	85	52	24	54	15	47	54	21	27	68	47	32	19	52	37	27	66	40	78	35	82	92	13	21	45	35	12	45	24	44	53
0	0	0	0	0	0	0	0	0	0	0	0	0	0	0	0	0	0	0	0	0	0	0	0	0	0	0	0	0	0	0	0	0	80	23	60	25	46	3	82	12	62	55	47	83	18	39	24	71	79	70	64	55	75	91	63	64	63	42	62	72	35	8	31
0	0	0	0	0	0	0	0	0	0	0	0	0	0	0	0	0	0	0	0	0	0	0	0	0	0	0	0	0	0	0	0	0	0	25	15	61	32	16	53	25	63	36	66	37	48	53	49	56	67	91	29	53	67	29	64	72	48	84	25	76	75	50	49
0	0	0	0	0	0	0	0	0	0	0	0	0	0	0	0	0	0	0	0	0	0	0	0	0	0	0	0	0	0	0	0	0	0	0	62	66	85	47	36	50	13	93	27	56	80	38	76	30	62	21	43	69	33	40	27	9	57	85	90	32	33	23	25
0	0	0	0	0	0	0	0	0	0	0	0	0	0	0	0	0	0	0	0	0	0	0	0	0	0	0	0	0	0	0	0	0	0	0	0	79	39	37	70	33	51	35	91	68	73	19	49	58	76	27	39	27	29	38	41	95	50	76	39	91	99	46	39
0	0	0	0	0	0	0	0	0	0	0	0	0	0	0	0	0	0	0	0	0	0	0	0	0	0	0	0	0	0	0	0	0	0	0	0	0	32	64	23	81	65	95	57	44	83	46	81	67	33	70	42	35	67	90	54	32	61	46	84	51	31	45	65
0	0	0	0	0	0	0	0	0	0	0	0	0	0	0	0	0	0	0	0	0	0	0	0	0	0	0	0	0	0	0	0	0	0	0	0	0	0	15	71	82	55	6	50	34	18	69	57	81	81	55	94	72	91	63	62	48	27	58	61	67	55	78	49
0	0	0	0	0	0	0	0	0	0	0	0	0	0	0	0	0	0	0	0	0	0	0	0	0	0	0	0	0	0	0	0	0	0	0	0	0	0	0	52	40	52	48	38	28	98	39	59	53	92	97	70	40	86	83	52	27	20	40	59	75	18	74	27
0	0	0	0	0	0	0	0	0	0	0	0	0	0	0	0	0	0	0	0	0	0	0	0	0	0	0	0	0	0	0	0	0	0	0	0	0	0	0	0	25	38	30	78	83	91	33	71	21	64	50	63	9	47	72	23	55	89	61	52	72	36	86	95
0	0	0	0	0	0	0	0	0	0	0	0	0	0	0	0	0	0	0	0	0	0	0	0	0	0	0	0	0	0	0	0	0	0	0	0	0	0	0	0	0	80	62	82	53	83	22	10	13	64	65	67	19	25	70	56	90	82	58	92	74	49	68	44
0	0	0	0	0	0	0	0	0	0	0	0	0	0	0	0	0	0	0	0	0	0	0	0	0	0	0	0	0	0	0	0	0	0	0	0	0	0	0	0	0	0	42	29	49	62	61	68	72	46	19	54	65	60	90	72	62	59	43	50	38	86	78	15
0	0	0	0	0	0	0	0	0	0	0	0	0	0	0	0	0	0	0	0	0	0	0	0	0	0	0	0	0	0	0	0	0	0	0	0	0	0	0	0	0	0	0	82	42	68	28	26	29	39	29	18	65	42	77	49	51	83	60	82	94	53	31	46
0	0	0	0	0	0	0	0	0	0	0	0	0	0	0	0	0	0	0	0	0	0	0	0	0	0	0	0	0	0	0	0	0	0	0	0	0	0	0	0	0	0	0	0	14	87	18	85	45	21	70	54	78	8	67	54	67	52	41	65	70	46	30	79
0	0	0	0	0	0	0	0	0	0	0	0	0	0	0	0	0	0	0	0	0	0	0	0	0	0	0	0	0	0	0	0	0	0	0	0	0	0	0	0	0	0	0	0	0	71	21	24	70	20	96	66	27	60	67	58	83	65	20	11	10	58	50	49
0	0	0	0	0	0	0	0	0	0	0	0	0	0	0	0	0	0	0	0	0	0	0	0	0	0	0	0	0	0	0	0	0	0	0	0	0	0	0	0	0	0	0	0	0	0	81	47	71	48	37	38	26	43	40	59	18	41	45	82	83	72	73	63
0	0	0	0	0	0	0	0	0	0	0	0	0	0	0	0	0	0	0	0	0	0	0	0	0	0	0	0	0	0	0	0	0	0	0	0	0	0	0	0	0	0	0	0	0	0	0	62	45	84	101	92	67	71	56	30	52	35	79	81	33	41	86	14
0	0	0	0	0	0	0	0	0	0	0	0	0	0	0	0	0	0	0	0	0	0	0	0	0	0	0	0	0	0	0	0	0	0	0	0	0	0	0	0	0	0	0	0	0	0	0	0	61	80	19	49	76	77	63	59	27	32	27	66	67	73	65	70
0	0	0	0	0	0	0	0	0	0	0	0	0	0	0	0	0	0	0	0	0	0	0	0	0	0	0	0	0	0	0	0	0	0	0	0	0	0	0	0	0	0	0	0	0	0	0	0	0	99	50	65	31	79	62	77	97	26	59	49	81	57	79	43
0	0	0	0	0	0	0	0	0	0	0	0	0	0	0	0	0	0	0	0	0	0	0	0	0	0	0	0	0	0	0	0	0	0	0	0	0	0	0	0	0	0	0	0	0	0	0	0	0	0	34	75	72	98	39	54	62	50	86	27	55	91	31	104
0	0	0	0	0	0	0	0	0	0	0	0	0	0	0	0	0	0	0	0	0	0	0	0	0	0	0	0	0	0	0	0	0	0	0	0	0	0	0	0	0	0	0	0	0	0	0	0	0	0	0	31	80	27	10	56	75	58	93	98	79	69	76	90
0	0	0	0	0	0	0	0	0	0	0	0	0	0	0	0	0	0	0	0	0	0	0	0	0	0	0	0	0	0	0	0	0	0	0	0	0	0	0	0	0	0	0	0	0	0	0	0	0	0	0	0	75	52	59	51	76	79	87	38	104	73	12	50
0	0	0	0	0	0	0	0	0	0	0	0	0	0	0	0	0	0	0	0	0	0	0	0	0	0	0	0	0	0	0	0	0	0	0	0	0	0	0	0	0	0	0	0	0	0	0	0	0	0	0	0	0	72	71	83	79	60	41	73	56	44	99	39
0	0	0	0	0	0	0	0	0	0	0	0	0	0	0	0	0	0	0	0	0	0	0	0	0	0	0	0	0	0	0	0	0	0	0	0	0	0	0	0	0	0	0	0	0	0	0	0	0	0	0	0	0	0	67	90	63	45	57	73	36	50	91	32
0	0	0	0	0	0	0	0	0	0	0	0	0	0	0	0	0	0	0	0	0	0	0	0	0	0	0	0	0	0	0	0	0	0	0	0	0	0	0	0	0	0	0	0	0	0	0	0	0	0	0	0	0	0	0	58	79	100	41	78	23	45	89	69
0	0	0	0	0	0	0	0	0	0	0	0	0	0	0	0	0	0	0	0	0	0	0	0	0	0	0	0	0	0	0	0	0	0	0	0	0	0	0	0	0	0	0	0	0	0	0	0	0	0	0	0	0	0	0	0	60	60	33	45	40	32	99	74
0	0	0	0	0	0	0	0	0	0	0	0	0	0	0	0	0	0	0	0	0	0	0	0	0	0	0	0	0	0	0	0	0	0	0	0	0	0	0	0	0	0	0	0	0	0	0	0	0	0	0	0	0	0	0	0	0	73	66	79	69	49	56	83
0	0	0	0	0	0	0	0	0	0	0	0	0	0	0	0	0	0	0	0	0	0	0	0	0	0	0	0	0	0	0	0	0	0	0	0	0	0	0	0	0	0	0	0	0	0	0	0	0	0	0	0	0	0	0	0	0	0	42	66	71	72	22	75
0	0	0	0	0	0	0	0	0	0	0	0	0	0	0	0	0	0	0	0	0	0	0	0	0	0	0	0	0	0	0	0	0	0	0	0	0	0	0	0	0	0	0	0	0	0	0	0	0	0	0	0	0	0	0	0	0	0	0	38	43	66	45	86
0	0	0	0	0	0	0	0	0	0	0	0	0	0	0	0	0	0	0	0	0	0	0	0	0	0	0	0	0	0	0	0	0	0	0	0	0	0	0	0	0	0	0	0	0	0	0	0	0	0	0	0	0	0	0	0	0	0	0	0	67	57	67	54
0	0	0	0	0	0	0	0	0	0	0	0	0	0	0	0	0	0	0	0	0	0	0	0	0	0	0	0	0	0	0	0	0	0	0	0	0	0	0	0	0	0	0	0	0	0	0	0	0	0	0	0	0	0	0	0	0	0	0	0	0	56	74	113
0	0	0	0	0	0	0	0	0	0	0	0	0	0	0	0	0	0	0	0	0	0	0	0	0	0	0	0	0	0	0	0	0	0	0	0	0	0	0	0	0	0	0	0	0	0	0	0	0	0	0	0	0	0	0	0	0	0	0	0	0	0	80	81
0	0	0	0	0	0	0	0	0	0	0	0	0	0	0	0	0	0	0	0	0	0	0	0	0	0	0	0	0	0	0	0	0	0	0	0	0	0	0	0	0	0	0	0	0	0	0	0	0	0	0	0	0	0	0	0	0	0	0	0	0	0	0	46
0	0	0	0	0	0	0	0	0	0	0	0	0	0	0	0	0	0	0	0	0	0	0	0	0	0	0	0	0	0	0	0	0	0	0	0	0	0	0	0	0	0	0	0	0	0	0	0	0	0	0	0	0	0	0	0	0	0	0	0	0	0	0	0