0	50	51	13	53	30	16	9	18	54	6	2	4	33	47	13	42	65	11	25	50	39	26	33	13	24	31	43	56	29	11	20	15	60	8	14	7	30	21	23	12	8	36	31	45	36	49	55	22	65	23	24	54	53	7	43	40	51	49	57	20	5	59	65
0	0	60	38	31	18	33	27	30	44	31	48	20	27	48	41	37	45	4	4	48	26	42	31	21	11	63	11	2	46	58	24	49	24	8	56	53	55	17	48	37	58	15	26	3	56	19	44	33	28	52	57	51	21	46	37	51	30	35	38	9	20	34	8
0	0	0	60	66	55	15	44	23	62	42	24	12	57	11	13	54	24	5	44	53	4	39	28	42	37	61	39	55	15	7	26	55	7	14	6	5	23	64	27	29	43	60	29	17	4	6	53	43	65	65	43	40	25	6	31	9	16	43	29	11	7	11	4
0	0	0	0	64	32	57	24	45	4	44	51	49	41	19	9	45	38	38	5	16	58	37	60	20	12	35	59	10	56	25	61	49	48	52	64	2	52	7	4	59	2	28	49	26	29	48	18	13	44	12	24	4	29	35	37	16	43	65	16	64	30	55	28
0	0	0	0	0	14	38	9	60	36	55	54	54	54	14	11	27	11	27	54	66	10	53	38	5	59	27	46	30	52	41	29	36	37	21	12	38	16	21	25	13	63	18	63	11	35	22	34	43	12	34	57	46	9	4	32	50	21	3	62	43	63	65	36
0	0	0	0	0	0	20	65	21	33	24	13	39	19	3	25	25	66	40	10	46	26	11	18	24	41	46	49	31	14	58	34	58	61	63	59	28	19	54	12	68	54	62	46	51	9	34	23	25	43	3	50	26	38	17	61	53	58	55	12	57	49	64	24
0	0	0	0	0	0	0	35	16	29	36	48	31	61	15	41	45	10	3	37	44	23	62	14	10	36	42	46	7	32	19	59	57	66	5	19	7	66	29	10	27	49	18	14	5	55	40	55	20	63	59	34	45	16	29	49	4	9	15	22	10	41	42	31
0	0	0	0	0	0	0	0	14	46	62	39	32	62	41	41	36	30	19	42	15	23	54	29	52	50	23	64	41	38	15	49	69	47	11	23	53	12	28	28	37	44	23	67	25	70	54	24	9	27	10	61	56	20	39	40	9	30	61	67	5	32	12	55
0	0	0	0	0	0	0	0	0	53	20	62	54	19	19	23	42	32	36	25	11	64	32	61	53	9	34	40	44	30	6	39	36	31	45	60	64	59	9	63	22	5	9	52	57	60	6	19	44	27	64	33	56	44	61	43	65	68	34	58	9	22	53	57
0	0	0	0	0	0	0	0	0	0	14	16	52	33	17	45	29	39	12	11	19	26	20	19	48	20	65	8	10	63	65	57	13	47	67	28	25	21	29	13	12	29	64	9	15	36	36	48	26	49	20	48	18	38	26	52	11	45	31	69	23	10	23	13
0	0	0	0	0	0	0	0	0	0	0	48	14	46	19	35	49	57	59	13	57	23	11	51	45	53	30	14	56	63	10	34	50	46	43	46	62	26	57	56	67	36	37	43	49	14	47	9	23	48	55	50	9	60	64	68	46	43	18	17	59	24	16	64
0	0	0	0	0	0	0	0	0	0	0	0	65	38	49	55	33	65	72	24	18	11	73	11	63	65	58	52	49	19	60	51	63	42	37	24	12	32	73	53	49	15	19	61	34	18	35	14	34	28	9	63	26	61	21	13	20	22	62	24	29	50	26	58
0	0	0	0	0	0	0	0	0	0	0	0	0	60	50	40	71	4	37	52	23	41	39	69	38	60	14	21	10	59	47	43	56	42	64	24	36	62	14	20	12	16	31	58	58	34	71	6	45	41	42	43	74	58	72	25	56	51	8	67	60	56	19	52
0	0	0	0	0	0	0	0	0	0	0	0	0	0	64	72	6	57	69	27	29	15	12	60	41	24	21	42	37	17	9	53	51	11	72	36	40	64	60	51	59	31	27	69	16	16	39	22	67	70	43	73	46	9	46	63	62	18	64	50	37	30	41	71
0	0	0	0	0	0	0	0	0	0	0	0	0	0	0	37	75	77	18	45	68	20	19	74	46	26	34	51	48	53	34	50	62	37	24	48	40	8	50	49	32	38	16	47	18	48	38	27	71	49	19	52	72	43	47	48	54	31	5	70	55	21	25	36
0	0	0	0	0	0	0	0	0	0	0	0	0	0	0	0	38	57	47	51	48	75	33	62	64	41	45	7	66	74	66	35	42	49	42	6	55	23	12	40	60	32	17	43	62	66	53	35	64	18	63	18	28	24	74	64	20	37	53	50	46	56	53	10
0	0	0	0	0	0	0	0	0	0	0	0	0	0	0	0	0	66	78	17	67	31	33	74	61	71	21	42	46	24	22	55	48	59	77	70	58	18	13	23	57	27	44	25	48	42	60	40	52	70	73	38	52	42	68	12	43	12	71	64	70	70	26	50
0	0	0	0	0	0	0	0	0	0	0	0	0	0	0	0	0	0	46	55	53	67	51	43	66	21	46	44	36	58	9	63	21	26	46	81	8	67	14	51	27	60	21	55	34	8	71	71	23	25	63	15	69	50	49	24	32	57	43	20	45	42	58	51
0	0	0	0	0	0	0	0	0	0	0	0	0	0	0	0	0	0	0	13	13	32	49	28	16	18	37	11	75	51	17	40	50	48	62	54	67	42	46	19	7	35	57	62	69	46	78	76	49	47	60	41	5	15	20	28	27	17	27	26	30	39	42	34
0	0	0	0	0	0	0	0	0	0	0	0	0	0	0	0	0	0	0	0	64	64	37	14	65	53	28	24	60	14	32	46	47	42	28	67	67	9	51	29	71	10	51	36	39	22	32	13	46	43	40	59	64	70	27	17	49	42	19	40	56	43	65	20
0	0	0	0	0	0	0	0	0	0	0	0	0	0	0	0	0	0	0	0	0	37	22	67	76	40	40	12	32	17	35	8	83	40	41	35	24	19	50	70	75	18	67	43	35	36	29	36	58	61	42	42	47	55	69	53	58	13	71	60	44	22	19	53
0	0	0	0	0	0	0	0	0	0	0	0	0	0	0	0	0	0	0	0	0	0	78	18	33	37	62	83	76	72	31	45	30	39	55	58	56	22	23	64	51	42	78	51	21	55	64	38	65	81	56	73	63	46	69	40	69	68	58	34	78	48	47	32
0	0	0	0	0	0	0	0	0	0	0	0	0	0	0	0	0	0	0	0	0	0	0	58	20	11	18	77	32	60	33	65	25	75	28	54	54	37	36	11	54	39	36	38	55	30	68	52	4	16	42	20	39	63	76	66	24	84	59	25	31	30	33	48
0	0	0	0	0	0	0	0	0	0	0	0	0	0	0	0	0	0	0	0	0	0	0	0	62	57	13	55	41	41	69	11	55	65	9	17	34	52	21	41	73	56	65	55	64	37	59	67	36	29	69	62	51	22	41	63	30	22	49	56	51	22	50	21
0	0	0	0	0	0	0	0	0	0	0	0	0	0	0	0	0	0	0	0	0	0	0	0	0	54	54	70	16	67	37	49	36	69	69	45	76	72	33	61	15	40	55	73	40	36	51	46	7	25	57	65	71	73	68	72	54	61	46	40	49	62	71	44
0	0	0	0	0	0	0	0	0	0	0	0	0	0	0	0	0	0	0	0	0	0	0	0	0	0	81	56	22	61	65	27	43	32	25	68	59	39	50	61	29	24	80	76	24	38	25	12	47	16	33	16	8	20	63	48	73	38	24	52	50	27	14	39
0	0	0	0	0	0	0	0	0	0	0	0	0	0	0	0	0	0	0	0	0	0	0	0	0	0	0	55	44	71	59	48	68	74	67	53	45	7	73	4	74	57	29	39	32	65	48	55	57	26	40	57	29	52	15	30	23	29	30	47	57	29	14	28
0	0	0	0	0	0	0	0	0	0	0	0	0	0	0	0	0	0	0	0	0	0	0	0	0	0	0	0	83	59	11	29	45	59	9	28	88	64	36	39	26	21	19	28	52	75	54	53	71	60	11	52	56	71	84	53	36	21	22	42	16	53	9	50
0	0	0	0	0	0	0	0	0	0	0	0	0	0	0	0	0	0	0	0	0	0	0	0	0	0	0	0	0	12	44	41	18	68	52	63	40	32	39	68	25	79	44	42	47	48	52	46	64	38	62	38	52	26	37	55	69	58	47	52	31	27	41	77
0	0	0	0	0	0	0	0	0	0	0	0	0	0	0	0	0	0	0	0	0	0	0	0	0	0	0	0	0	0	37	36	24	80	13	24	78	62	41	40	92	30	82	62	43	34	80	66	70	62	59	44	73	79	71	69	36	72	60	23	21	51	54	33
0	0	0	0	0	0	0	0	0	0	0	0	0	0	0	0	0	0	0	0	0	0	0	0	0	0	0	0	0	0	0	67	37	52	56	9	16	8	58	24	71	50	71	30	41	68	54	26	31	29	48	56	30	27	33	49	39	44	21	54	28	77	74	73
0	0	0	0	0	0	0	0	0	0	0	0	0	0	0	0	0	0	0	0	0	0	0	0	0	0	0	0	0	0	0	0	36	31	29	60	16	61	42	17	36	36	46	70	30	38	45	44	66	41	76	34	31	25	56	59	29	59	67	39	63	48	16	70
0	0	0	0	0	0	0	0	0	0	0	0	0	0	0	0	0	0	0	0	0	0	0	0	0	0	0	0	0	0	0	0	0	12	90	79	44	43	58	50	83	38	66	45	52	35	34	53	62	53	45	34	24	20	28	14	84	53	61	44	82	48	74	32
0	0	0	0	0	0	0	0	0	0	0	0	0	0	0	0	0	0	0	0	0	0	0	0	0	0	0	0	0	0	0	0	0	0	17	59	62	48	36	38	62	70	41	65	51	80	28	73	56	65	46	64	43	42	56	61	68	34	33	65	85	26	75	85
0	0	0	0	0	0	0	0	0	0	0	0	0	0	0	0	0	0	0	0	0	0	0	0	0	0	0	0	0	0	0	0	0	0	0	24	86	50	54	44	63	45	68	59	86	40	72	31	63	7	30	62	43	58	52	47	25	93	38	84	54	59	74	37
0	0	0	0	0	0	0	0	0	0	0	0	0	0	0	0	0	0	0	0	0	0	0	0	0	0	0	0	0	0	0	0	0	0	0	0	48	97	88	46	8	34	44	63	28	82	32	43	63	45	37	74	64	40	55	22	37	63	93	72	74	28	61	85
0	0	0	0	0	0	0	0	0	0	0	0	0	0	0	0	0	0	0	0	0	0	0	0	0	0	0	0	0	0	0	0	0	0	0	0	0	69	55	29	42	35	56	90	22	70	27	15	84	51	58	31	40	33	50	88	25	77	61	53	68	59	48	20
0	0	0	0	0	0	0	0	0	0	0	0	0	0	0	0	0	0	0	0	0	0	0	0	0	0	0	0	0	0	0	0	0	0	0	0	0	0	87	13	51	27	55	40	19	28	29	45	65	30	39	60	52	60	90	62	31	73	77	54	53	69	72	83
0	0	0	0	0	0	0	0	0	0	0	0	0	0	0	0	0	0	0	0	0	0	0	0	0	0	0	0	0	0	0	0	0	0	0	0	0	0	0	69	19	76	63	86	64	60	6	79	89	53	55	50	23	66	17	61	78	46	33	52	32	46	32	56
0	0	0	0	0	0	0	0	0	0	0	0	0	0	0	0	0	0	0	0	0	0	0	0	0	0	0	0	0	0	0	0	0	0	0	0	0	0	0	0	31	43	84	47	74	71	21	46	53	71	17	72	46	79	64	47	98	72	10	42	73	29	69	65
0	0	0	0	0	0	0	0	0	0	0	0	0	0	0	0	0	0	0	0	0	0	0	0	0	0	0	0	0	0	0	0	0	0	0	0	0	0	0	0	0	81	50	31	72	17	84	47	62	49	29	83	47	55	35	62	26	69	46	88	65	76	76	68
0	0	0	0	0	0	0	0	0	0	0	0	0	0	0	0	0	0	0	0	0	0	0	0	0	0	0	0	0	0	0	0	0	0	0	0	0	0	0	0	0	0	62	49	21	50	36	49	23	9	105	59	70	72	45	61	32	68	32	62	38	70	22	90
0	0	0	0	0	0	0	0	0	0	0	0	0	0	0	0	0	0	0	0	0	0	0	0	0	0	0	0	0	0	0	0	0	0	0	0	0	0	0	0	0	0	0	76	17	33	54	76	50	14	74	66	52	44	80	21	79	34	65	33	45	86	40	68
0	0	0	0	0	0	0	0	0	0	0	0	0	0	0	0	0	0	0	0	0	0	0	0	0	0	0	0	0	0	0	0	0	0	0	0	0	0	0	0	0	0	0	0	29	86	85	70	46	69	75	31	51	44	45	42	50	58	55	55	57	41	91	86
0	0	0	0	0	0	0	0	0	0	0	0	0	0	0	0	0	0	0	0	0	0	0	0	0	0	0	0	0	0	0	0	0	0	0	0	0	0	0	0	0	0	0	0	0	58	98	56	27	92	42	53	36	81	30	47	47	42	83	69	79	70	92	62
0	0	0	0	0	0	0	0	0	0	0	0	0	0	0	0	0	0	0	0	0	0	0	0	0	0	0	0	0	0	0	0	0	0	0	0	0	0	0	0	0	0	0	0	0	0	57	83	109	57	76	46	37	8	33	52	102	50	71	37	33	52	88	78
0	0	0	0	0	0	0	0	0	0	0	0	0	0	0	0	0	0	0	0	0	0	0	0	0	0	0	0	0	0	0	0	0	0	0	0	0	0	0	0	0	0	0	0	0	0	0	51	65	14	81	45	54	32	43	45	78	72	22	89	90	40	24	27
0	0	0	0	0	0	0	0	0	0	0	0	0	0	0	0	0	0	0	0	0	0	0	0	0	0	0	0	0	0	0	0	0	0	0	0	0	0	0	0	0	0	0	0	0	0	0	0	44	49	55	47	44	64	78	109	19	90	91	61	46	21	49	55
0	0	0	0	0	0	0	0	0	0	0	0	0	0	0	0	0	0	0	0	0	0	0	0	0	0	0	0	0	0	0	0	0	0	0	0	0	0	0	0	0	0	0	0	0	0	0	0	0	34	68	21	100	65	49	57	101	43	27	78	46	90	45	70
0	0	0	0	0	0	0	0	0	0	0	0	0	0	0	0	0	0	0	0	0	0	0	0	0	0	0	0	0	0	0	0	0	0	0	0	0	0	0	0	0	0	0	0	0	0	0	0	0	0	75	63	43	27	57	81	51	25	89	71	48	59	37	74
0	0	0	0	0	0	0	0	0	0	0	0	0	0	0	0	0	0	0	0	0	0	0	0	0	0	0	0	0	0	0	0	0	0	0	0	0	0	0	0	0	0	0	0	0	0	0	0	0	0	0	10	54	45	72	60	41	42	51	73	57	75	73	35
0	0	0	0	0	0	0	0	0	0	0	0	0	0	0	0	0	0	0	0	0	0	0	0	0	0	0	0	0	0	0	0	0	0	0	0	0	0	0	0	0	0	0	0	0	0	0	0	0	0	0	0	4	34	52	107	51	66	45	82	83	22	12	82
0	0	0	0	0	0	0	0	0	0	0	0	0	0	0	0	0	0	0	0	0	0	0	0	0	0	0	0	0	0	0	0	0	0	0	0	0	0	0	0	0	0	0	0	0	0	0	0	0	0	0	0	0	98	74	85	15	88	89	60	99	32	43	15
0	0	0	0	0	0	0	0	0	0	0	0	0	0	0	0	0	0	0	0	0	0	0	0	0	0	0	0	0	0	0	0	0	0	0	0	0	0	0	0	0	0	0	0	0	0	0	0	0	0	0	0	0	0	76	44	29	80	51	65	59	58	54	26
0	0	0	0	0	0	0	0	0	0	0	0	0	0	0	0	0	0	0	0	0	0	0	0	0	0	0	0	0	0	0	0	0	0	0	0	0	0	0	0	0	0	0	0	0	0	0	0	0	0	0	0	0	0	0	105	70	95	28	36	34	86	68	81
0	0	0	0	0	0	0	0	0	0	0	0	0	0	0	0	0	0	0	0	0	0	0	0	0	0	0	0	0	0	0	0	0	0	0	0	0	0	0	0	0	0	0	0	0	0	0	0	0	0	0	0	0	0	0	0	35	78	19	48	29	49	98	27
0	0	0	0	0	0	0	0	0	0	0	0	0	0	0	0	0	0	0	0	0	0	0	0	0	0	0	0	0	0	0	0	0	0	0	0	0	0	0	0	0	0	0	0	0	0	0	0	0	0	0	0	0	0	0	0	0	61	45	59	80	37	57	71
0	0	0	0	0	0	0	0	0	0	0	0	0	0	0	0	0	0	0	0	0	0	0	0	0	0	0	0	0	0	0	0	0	0	0	0	0	0	0	0	0	0	0	0	0	0	0	0	0	0	0	0	0	0	0	0	0	0	45	59	33	111	12	42
0	0	0	0	0	0	0	0	0	0	0	0	0	0	0	0	0	0	0	0	0	0	0	0	0	0	0	0	0	0	0	0	0	0	0	0	0	0	0	0	0	0	0	0	0	0	0	0	0	0	0	0	0	0	0	0	0	0	0	43	31	52	68	14
0	0	0	0	0	0	0	0	0	0	0	0	0	0	0	0	0	0	0	0	0	0	0	0	0	0	0	0	0	0	0	0	0	0	0	0	0	0	0	0	0	0	0	0	0	0	0	0	0	0	0	0	0	0	0	0	0	0	0	0	63	50	67	94
0	0	0	0	0	0	0	0	0	0	0	0	0	0	0	0	0	0	0	0	0	0	0	0	0	0	0	0	0	0	0	0	0	0	0	0	0	0	0	0	0	0	0	0	0	0	0	0	0	0	0	0	0	0	0	0	0	0	0	0	0	21	61	59
0	0	0	0	0	0	0	0	0	0	0	0	0	0	0	0	0	0	0	0	0	0	0	0	0	0	0	0	0	0	0	0	0	0	0	0	0	0	0	0	0	0	0	0	0	0	0	0	0	0	0	0	0	0	0	0	0	0	0	0	0	0	51	30
0	0	0	0	0	0	0	0	0	0	0	0	0	0	0	0	0	0	0	0	0	0	0	0	0	0	0	0	0	0	0	0	0	0	0	0	0	0	0	0	0	0	0	0	0	0	0	0	0	0	0	0	0	0	0	0	0	0	0	0	0	0	0	115
0	0	0	0	0	0	0	0	0	0	0	0	0	0	0	0	0	0	0	0	0	0	0	0	0	0	0	0	0	0	0	0	0	0	0	0	0	0	0	0	0	0	0	0	0	0	0	0	0	0	0	0	0	0	0	0	0	0	0	0	0	0	0	0