0	21	56	43	19	37	35	63	63	13	48	24	7	47	19	31	55	54	41	55	2	28	34	38	35	28	14	8	47	42	25	47	15	12	64	28	27	20	64	60	57	7	48	19	3	65	5	48	12	41	31	39	18	56	33	63	52	17	30	40	27	54	49	20
0	0	18	66	63	63	5	6	39	28	39	62	11	58	17	60	27	56	2	24	6	38	61	55	13	63	18	53	66	31	22	58	64	46	61	40	14	61	3	42	54	41	35	47	9	46	50	48	20	29	24	58	43	25	55	40	19	9	60	38	17	42	45	66
0	0	0	31	9	62	27	45	53	9	28	13	56	19	64	36	46	48	28	40	57	50	62	54	53	61	16	8	30	15	37	64	15	54	30	66	24	54	55	46	29	46	35	41	42	56	4	57	31	21	52	47	10	24	56	25	8	14	20	36	41	21	21	24
0	0	0	0	26	40	60	62	52	35	4	26	5	32	49	4	38	53	23	47	40	48	38	8	44	64	37	54	43	37	48	39	64	19	11	42	35	68	63	25	9	20	8	40	49	5	60	49	34	37	58	9	50	55	22	23	22	11	64	37	31	14	58	21
0	0	0	0	0	26	29	8	42	10	24	32	37	44	26	26	23	4	22	57	59	47	7	28	9	35	40	8	60	48	16	7	25	6	63	36	25	7	25	33	53	61	33	23	57	5	55	42	13	38	7	55	24	60	61	32	64	22	8	20	48	6	27	63
0	0	0	0	0	0	58	65	41	42	42	11	30	17	27	66	62	17	16	35	9	52	63	10	26	47	31	61	47	14	44	53	9	67	53	29	60	22	38	15	7	60	55	16	53	42	41	22	64	58	45	24	6	48	27	61	32	33	11	40	53	54	17	5
0	0	0	0	0	0	0	60	64	16	47	63	25	32	28	8	66	11	28	44	11	6	69	71	27	61	49	46	12	21	69	22	39	7	30	50	65	11	47	54	20	51	34	11	4	18	46	18	35	14	32	53	32	56	22	15	13	66	44	59	64	49	66	26
0	0	0	0	0	0	0	0	56	52	64	30	28	30	50	37	43	28	43	22	59	8	51	41	43	14	41	60	21	11	59	56	38	19	53	52	14	36	24	12	19	24	58	20	58	44	22	24	30	47	43	54	28	17	16	36	3	32	23	31	52	11	65	51
0	0	0	0	0	0	0	0	0	69	47	59	47	55	51	22	59	10	33	26	44	18	63	49	59	29	55	52	67	28	43	34	19	22	37	28	8	20	66	13	32	55	26	15	17	55	56	23	47	23	15	21	16	48	53	41	60	42	31	24	29	33	26	59
0	0	0	0	0	0	0	0	0	0	8	54	65	28	65	63	39	40	47	36	5	23	58	17	31	13	66	24	22	18	30	38	44	67	61	5	9	49	57	39	34	21	39	63	67	5	20	32	11	67	42	60	48	52	57	17	44	8	51	41	45	65	17	51
0	0	0	0	0	0	0	0	0	0	0	44	37	22	33	30	44	15	12	17	46	45	42	24	8	18	26	66	28	72	42	35	22	13	52	61	25	43	46	50	28	18	59	50	68	49	27	10	61	37	23	58	46	24	11	50	26	11	18	38	25	17	40	67
0	0	0	0	0	0	0	0	0	0	0	0	27	34	61	33	61	35	40	56	55	53	54	45	17	32	52	21	22	9	33	28	57	48	53	64	70	42	34	3	27	35	64	52	57	23	38	15	33	6	55	38	71	71	55	64	8	43	65	53	27	25	15	14
0	0	0	0	0	0	0	0	0	0	0	0	0	46	16	64	26	73	58	40	19	18	25	66	55	20	69	35	53	38	34	50	28	13	2	36	20	64	50	11	66	12	44	67	29	73	31	52	36	56	21	50	7	49	65	47	14	30	64	62	18	63	14	10
0	0	0	0	0	0	0	0	0	0	0	0	0	0	16	17	34	36	56	34	21	46	28	73	64	66	68	22	64	24	27	28	57	60	50	61	65	72	24	64	11	65	40	72	42	16	61	50	62	5	23	20	29	41	31	29	22	63	61	25	39	36	49	13
0	0	0	0	0	0	0	0	0	0	0	0	0	0	0	39	46	12	59	47	12	76	69	35	67	31	23	42	29	62	50	50	33	43	72	45	57	51	70	45	29	66	79	11	32	63	26	16	32	19	9	67	64	74	13	22	46	18	13	34	35	16	16	70
0	0	0	0	0	0	0	0	0	0	0	0	0	0	0	0	48	61	69	69	40	18	72	38	53	24	34	67	33	12	51	35	23	54	46	58	77	13	16	22	65	57	23	20	58	47	38	21	17	43	12	27	41	31	36	49	19	27	4	20	13	63	24	58
0	0	0	0	0	0	0	0	0	0	0	0	0	0	0	0	0	69	16	54	16	43	58	19	70	56	54	10	16	67	67	6	65	61	72	25	31	41	28	63	63	33	69	45	62	24	64	59	51	15	32	36	29	28	21	45	26	56	56	50	23	53	53	62
0	0	0	0	0	0	0	0	0	0	0	0	0	0	0	0	0	0	19	36	16	74	36	18	31	52	48	25	63	73	56	19	44	58	25	12	45	67	24	55	29	30	65	55	22	45	3	73	55	9	33	63	17	27	47	53	14	71	22	7	61	35	29	73
0	0	0	0	0	0	0	0	0	0	0	0	0	0	0	0	0	0	0	51	32	54	27	47	37	29	62	50	51	46	34	70	25	58	60	51	57	66	22	17	38	76	50	57	65	45	6	12	64	56	67	43	21	28	57	16	16	29	41	53	39	37	38	47
0	0	0	0	0	0	0	0	0	0	0	0	0	0	0	0	0	0	0	0	45	37	65	23	39	36	53	31	31	81	12	15	67	68	62	49	55	45	40	23	29	26	67	34	42	64	66	20	20	35	8	54	50	56	75	31	26	29	45	54	69	64	41	62
0	0	0	0	0	0	0	0	0	0	0	0	0	0	0	0	0	0	0	0	0	60	28	9	29	33	38	74	47	29	39	17	36	53	42	48	2	64	48	13	56	50	52	32	25	40	15	23	40	26	28	48	9	39	18	11	12	67	24	24	84	68	23	17
0	0	0	0	0	0	0	0	0	0	0	0	0	0	0	0	0	0	0	0	0	0	19	17	43	69	28	70	18	49	52	27	43	72	54	43	20	27	33	29	75	26	61	45	13	31	19	28	43	61	59	38	47	54	45	33	30	52	37	72	19	10	53	36
0	0	0	0	0	0	0	0	0	0	0	0	0	0	0	0	0	0	0	0	0	0	0	59	39	32	49	31	55	34	8	13	50	10	42	51	41	78	17	58	48	46	29	19	36	32	57	40	31	47	51	71	66	30	51	15	58	70	22	49	65	20	36	61
0	0	0	0	0	0	0	0	0	0	0	0	0	0	0	0	0	0	0	0	0	0	0	0	64	43	56	25	56	19	52	38	51	56	44	84	83	25	24	83	15	34	18	68	51	3	45	54	76	69	35	68	30	31	45	34	41	78	75	20	18	41	56	26
0	0	0	0	0	0	0	0	0	0	0	0	0	0	0	0	0	0	0	0	0	0	0	0	0	47	48	34	24	41	39	58	75	31	54	55	51	46	53	65	37	15	30	51	46	30	19	78	32	60	78	64	50	56	58	47	41	33	74	85	68	76	21	27
0	0	0	0	0	0	0	0	0	0	0	0	0	0	0	0	0	0	0	0	0	0	0	0	0	0	59	57	42	27	49	13	64	19	78	38	53	74	66	9	58	57	61	59	27	40	64	31	77	74	29	58	13	50	59	45	74	62	27	55	65	33	41	69
0	0	0	0	0	0	0	0	0	0	0	0	0	0	0	0	0	0	0	0	0	0	0	0	0	0	0	81	50	82	58	37	23	61	22	46	34	56	39	6	47	52	53	24	5	16	82	79	12	34	57	40	59	33	62	48	65	70	58	53	58	71	37	40
0	0	0	0	0	0	0	0	0	0	0	0	0	0	0	0	0	0	0	0	0	0	0	0	0	0	0	0	26	72	64	75	33	44	46	41	57	61	17	52	68	65	70	82	19	78	63	38	29	53	48	49	44	54	25	32	29	32	82	61	74	47	33	56
0	0	0	0	0	0	0	0	0	0	0	0	0	0	0	0	0	0	0	0	0	0	0	0	0	0	0	0	0	68	81	9	72	75	30	24	56	25	34	57	14	21	37	45	62	39	75	63	37	23	70	64	21	33	90	28	39	19	73	70	53	3	77	57
0	0	0	0	0	0	0	0	0	0	0	0	0	0	0	0	0	0	0	0	0	0	0	0	0	0	0	0	0	0	54	60	48	91	35	57	35	68	69	20	53	41	35	31	33	35	9	33	66	70	43	44	57	76	7	51	25	54	44	89	81	79	62	33
0	0	0	0	0	0	0	0	0	0	0	0	0	0	0	0	0	0	0	0	0	0	0	0	0	0	0	0	0	0	0	11	62	39	53	66	31	21	30	73	31	37	31	61	46	3	45	58	62	33	38	41	50	62	65	34	44	42	37	76	70	74	22	69
0	0	0	0	0	0	0	0	0	0	0	0	0	0	0	0	0	0	0	0	0	0	0	0	0	0	0	0	0	0	0	0	76	43	77	27	37	69	32	27	18	32	61	7	79	46	86	63	78	54	68	42	29	63	47	64	44	80	69	58	56	75	21	60
0	0	0	0	0	0	0	0	0	0	0	0	0	0	0	0	0	0	0	0	0	0	0	0	0	0	0	0	0	0	0	0	0	91	56	13	23	37	44	66	73	17	38	73	39	28	84	51	69	29	83	52	74	14	22	67	42	40	27	40	77	36	72	46
0	0	0	0	0	0	0	0	0	0	0	0	0	0	0	0	0	0	0	0	0	0	0	0	0	0	0	0	0	0	0	0	0	0	44	76	65	28	85	82	11	37	48	26	53	66	73	33	24	68	47	20	55	22	80	51	63	25	54	46	63	35	56	65
0	0	0	0	0	0	0	0	0	0	0	0	0	0	0	0	0	0	0	0	0	0	0	0	0	0	0	0	0	0	0	0	0	0	0	54	83	37	72	5	30	58	48	72	30	48	75	60	66	74	62	76	64	33	67	41	14	25	31	61	59	64	54	45
0	0	0	0	0	0	0	0	0	0	0	0	0	0	0	0	0	0	0	0	0	0	0	0	0	0	0	0	0	0	0	0	0	0	0	0	60	10	34	44	50	30	61	26	82	77	30	89	42	81	46	10	47	80	61	43	42	76	81	54	36	75	24	59
0	0	0	0	0	0	0	0	0	0	0	0	0	0	0	0	0	0	0	0	0	0	0	0	0	0	0	0	0	0	0	0	0	0	0	0	0	65	88	6	70	76	17	80	41	31	44	36	75	44	64	90	14	65	48	64	79	61	39	33	72	47	13	70
0	0	0	0	0	0	0	0	0	0	0	0	0	0	0	0	0	0	0	0	0	0	0	0	0	0	0	0	0	0	0	0	0	0	0	0	0	0	70	57	47	64	17	45	35	89	24	35	48	33	65	93	31	40	60	82	70	14	52	57	18	47	53	57
0	0	0	0	0	0	0	0	0	0	0	0	0	0	0	0	0	0	0	0	0	0	0	0	0	0	0	0	0	0	0	0	0	0	0	0	0	0	0	68	57	67	26	77	36	34	71	44	36	36	48	43	62	58	43	43	55	91	83	37	49	17	68	19
0	0	0	0	0	0	0	0	0	0	0	0	0	0	0	0	0	0	0	0	0	0	0	0	0	0	0	0	0	0	0	0	0	0	0	0	0	0	0	0	13	25	35	14	76	43	32	37	54	68	54	65	54	75	42	25	49	50	48	45	75	58	22	26
0	0	0	0	0	0	0	0	0	0	0	0	0	0	0	0	0	0	0	0	0	0	0	0	0	0	0	0	0	0	0	0	0	0	0	0	0	0	0	0	0	71	63	60	83	54	26	39	17	55	59	32	93	34	70	93	54	87	95	54	37	51	47	23
0	0	0	0	0	0	0	0	0	0	0	0	0	0	0	0	0	0	0	0	0	0	0	0	0	0	0	0	0	0	0	0	0	0	0	0	0	0	0	0	0	0	59	44	57	71	74	36	36	65	42	78	85	9	41	30	58	77	43	40	40	23	80	31
0	0	0	0	0	0	0	0	0	0	0	0	0	0	0	0	0	0	0	0	0	0	0	0	0	0	0	0	0	0	0	0	0	0	0	0	0	0	0	0	0	0	0	73	50	26	56	75	57	46	72	75	52	27	42	76	51	30	49	104	42	19	72	54
0	0	0	0	0	0	0	0	0	0	0	0	0	0	0	0	0	0	0	0	0	0	0	0	0	0	0	0	0	0	0	0	0	0	0	0	0	0	0	0	0	0	0	0	20	68	80	68	7	65	40	46	47	86	54	81	87	72	41	66	73	69	57	75
0	0	0	0	0	0	0	0	0	0	0	0	0	0	0	0	0	0	0	0	0	0	0	0	0	0	0	0	0	0	0	0	0	0	0	0	0	0	0	0	0	0	0	0	0	53	80	31	77	55	36	34	25	59	64	65	63	62	36	40	67	33	55	57
0	0	0	0	0	0	0	0	0	0	0	0	0	0	0	0	0	0	0	0	0	0	0	0	0	0	0	0	0	0	0	0	0	0	0	0	0	0	0	0	0	0	0	0	0	0	32	70	48	43	87	61	79	85	61	30	80	72	12	55	55	35	73	32
0	0	0	0	0	0	0	0	0	0	0	0	0	0	0	0	0	0	0	0	0	0	0	0	0	0	0	0	0	0	0	0	0	0	0	0	0	0	0	0	0	0	0	0	0	0	0	15	52	56	59	78	30	37	57	103	71	26	9	63	17	103	90	60
0	0	0	0	0	0	0	0	0	0	0	0	0	0	0	0	0	0	0	0	0	0	0	0	0	0	0	0	0	0	0	0	0	0	0	0	0	0	0	0	0	0	0	0	0	0	0	0	28	58	43	99	48	48	105	8	45	20	56	57	71	66	43	45
0	0	0	0	0	0	0	0	0	0	0	0	0	0	0	0	0	0	0	0	0	0	0	0	0	0	0	0	0	0	0	0	0	0	0	0	0	0	0	0	0	0	0	0	0	0	0	0	0	47	47	75	73	75	70	81	39	73	92	16	51	30	44	36
0	0	0	0	0	0	0	0	0	0	0	0	0	0	0	0	0	0	0	0	0	0	0	0	0	0	0	0	0	0	0	0	0	0	0	0	0	0	0	0	0	0	0	0	0	0	0	0	0	0	93	58	78	58	103	55	69	52	84	15	43	83	7	77
0	0	0	0	0	0	0	0	0	0	0	0	0	0	0	0	0	0	0	0	0	0	0	0	0	0	0	0	0	0	0	0	0	0	0	0	0	0	0	0	0	0	0	0	0	0	0	0	0	0	0	63	104	38	41	69	32	23	39	49	58	101	75	39
0	0	0	0	0	0	0	0	0	0	0	0	0	0	0	0	0	0	0	0	0	0	0	0	0	0	0	0	0	0	0	0	0	0	0	0	0	0	0	0	0	0	0	0	0	0	0	0	0	0	0	0	30	53	67	74	107	97	63	46	45	87	57	54
0	0	0	0	0	0	0	0	0	0	0	0	0	0	0	0	0	0	0	0	0	0	0	0	0	0	0	0	0	0	0	0	0	0	0	0	0	0	0	0	0	0	0	0	0	0	0	0	0	0	0	0	0	41	83	86	78	11	90	104	31	75	76	59
0	0	0	0	0	0	0	0	0	0	0	0	0	0	0	0	0	0	0	0	0	0	0	0	0	0	0	0	0	0	0	0	0	0	0	0	0	0	0	0	0	0	0	0	0	0	0	0	0	0	0	0	0	0	57	68	67	20	46	14	26	73	54	70
0	0	0	0	0	0	0	0	0	0	0	0	0	0	0	0	0	0	0	0	0	0	0	0	0	0	0	0	0	0	0	0	0	0	0	0	0	0	0	0	0	0	0	0	0	0	0	0	0	0	0	0	0	0	0	90	84	76	73	24	76	77	48	15
0	0	0	0	0	0	0	0	0	0	0	0	0	0	0	0	0	0	0	0	0	0	0	0	0	0	0	0	0	0	0	0	0	0	0	0	0	0	0	0	0	0	0	0	0	0	0	0	0	0	0	0	0	0	0	0	31	69	23	93	65	69	35	67
0	0	0	0	0	0	0	0	0	0	0	0	0	0	0	0	0	0	0	0	0	0	0	0	0	0	0	0	0	0	0	0	0	0	0	0	0	0	0	0	0	0	0	0	0	0	0	0	0	0	0	0	0	0	0	0	0	52	75	62	23	78	59	54
0	0	0	0	0	0	0	0	0	0	0	0	0	0	0	0	0	0	0	0	0	0	0	0	0	0	0	0	0	0	0	0	0	0	0	0	0	0	0	0	0	0	0	0	0	0	0	0	0	0	0	0	0	0	0	0	0	0	20	34	64	35	75	74
0	0	0	0	0	0	0	0	0	0	0	0	0	0	0	0	0	0	0	0	0	0	0	0	0	0	0	0	0	0	0	0	0	0	0	0	0	0	0	0	0	0	0	0	0	0	0	0	0	0	0	0	0	0	0	0	0	0	0	55	72	108	53	90
0	0	0	0	0	0	0	0	0	0	0	0	0	0	0	0	0	0	0	0	0	0	0	0	0	0	0	0	0	0	0	0	0	0	0	0	0	0	0	0	0	0	0	0	0	0	0	0	0	0	0	0	0	0	0	0	0	0	0	0	79	109	103	65
0	0	0	0	0	0	0	0	0	0	0	0	0	0	0	0	0	0	0	0	0	0	0	0	0	0	0	0	0	0	0	0	0	0	0	0	0	0	0	0	0	0	0	0	0	0	0	0	0	0	0	0	0	0	0	0	0	0	0	0	0	47	86	91
0	0	0	0	0	0	0	0	0	0	0	0	0	0	0	0	0	0	0	0	0	0	0	0	0	0	0	0	0	0	0	0	0	0	0	0	0	0	0	0	0	0	0	0	0	0	0	0	0	0	0	0	0	0	0	0	0	0	0	0	0	0	68	90
0	0	0	0	0	0	0	0	0	0	0	0	0	0	0	0	0	0	0	0	0	0	0	0	0	0	0	0	0	0	0	0	0	0	0	0	0	0	0	0	0	0	0	0	0	0	0	0	0	0	0	0	0	0	0	0	0	0	0	0	0	0	0	63
0	0	0	0	0	0	0	0	0	0	0	0	0	0	0	0	0	0	0	0	0	0	0	0	0	0	0	0	0	0	0	0	0	0	0	0	0	0	0	0	0	0	0	0	0	0	0	0	0	0	0	0	0	0	0	0	0	0	0	0	0	0	0	0