0	10	28	57	9	7	28	18	33	21	23	39	47	12	24	59	25	42	15	61	65	33	12	41	59	63	12	29	13	28	21	27	25	30	59	6	20	59	50	60	15	55	20	18	34	37	4	57	20	30	5	32	18	46	9	20	56	52	45	26	51	40	14	14
0	0	16	22	47	33	18	9	55	25	40	46	37	42	8	56	46	43	17	7	58	15	43	9	22	18	60	29	47	30	15	24	30	22	13	60	55	9	59	65	46	29	56	57	29	66	49	43	41	10	32	16	14	8	12	29	27	6	26	57	47	58	42	40
0	0	0	42	6	39	16	24	14	33	40	52	53	56	37	38	10	9	5	53	38	18	63	58	17	48	17	36	9	25	17	41	38	8	52	13	40	33	62	30	18	7	19	29	18	18	22	29	44	40	38	51	38	29	27	62	24	32	31	50	20	28	23	4
0	0	0	0	44	47	4	64	42	45	53	48	41	25	37	31	18	66	46	54	23	9	55	30	10	43	23	10	4	28	32	61	60	41	61	36	12	63	57	18	53	57	12	6	30	62	15	51	8	18	50	16	64	12	16	61	7	25	57	32	20	31	34	22
0	0	0	0	0	28	16	34	15	48	67	61	35	35	52	53	55	65	53	15	24	48	44	52	50	24	34	53	22	27	36	8	68	58	39	20	45	65	53	23	59	61	60	8	55	5	49	21	33	40	16	47	29	9	20	65	11	15	16	14	53	66	58	19
0	0	0	0	0	0	46	25	56	25	26	23	8	61	39	59	16	27	56	45	40	45	3	15	38	33	15	47	31	5	10	60	61	49	64	4	16	62	10	15	31	34	12	55	69	37	38	43	64	33	14	51	22	62	8	69	63	13	8	30	6	42	33	8
0	0	0	0	0	0	0	14	51	46	57	20	33	65	62	51	68	4	4	25	63	36	11	67	44	65	50	25	62	36	31	65	17	5	60	41	34	64	7	61	31	30	8	29	59	45	59	27	53	44	16	44	68	38	5	21	36	25	9	19	22	41	8	35
0	0	0	0	0	0	0	0	6	21	16	52	55	63	40	49	34	8	63	25	69	48	23	32	25	51	53	47	31	23	29	25	13	68	17	61	54	40	11	41	43	9	51	58	18	27	58	34	42	68	33	20	43	57	31	8	15	69	25	64	10	12	55	22
0	0	0	0	0	0	0	0	0	9	27	60	36	21	25	17	65	68	56	19	10	17	42	10	46	34	8	20	20	50	60	29	45	37	30	51	36	26	57	15	59	23	9	51	49	9	24	72	66	41	31	43	42	31	42	13	66	19	35	21	17	66	26	9
0	0	0	0	0	0	0	0	0	0	43	55	26	28	64	15	65	10	19	13	11	19	22	30	48	28	62	61	42	69	68	36	56	29	53	14	54	69	72	56	10	67	33	53	19	40	26	53	19	64	22	7	53	63	61	61	15	41	8	25	62	6	27	30
0	0	0	0	0	0	0	0	0	0	0	20	51	23	55	25	58	43	38	65	60	74	29	37	54	11	60	64	67	74	29	42	6	56	20	46	20	44	9	30	37	59	18	57	41	29	35	18	57	26	26	56	50	37	63	56	74	45	22	21	39	62	20	28
0	0	0	0	0	0	0	0	0	0	0	0	30	66	53	29	44	34	62	62	56	5	49	21	55	71	56	46	65	44	30	16	48	59	21	50	73	60	51	11	29	19	60	19	15	6	55	26	13	32	62	35	23	23	30	66	13	46	9	73	29	42	16	42
0	0	0	0	0	0	0	0	0	0	0	0	0	32	44	68	8	61	50	60	12	55	62	23	31	47	24	5	52	30	34	11	73	14	50	16	19	22	36	66	21	68	62	12	51	34	56	31	30	53	13	73	24	68	64	17	13	17	16	61	40	37	73	48
0	0	0	0	0	0	0	0	0	0	0	0	0	0	60	74	27	23	24	28	13	64	20	36	37	64	68	38	41	73	64	29	42	74	35	71	27	51	46	23	46	66	68	75	65	53	55	29	55	66	53	20	54	7	6	12	69	53	7	55	15	65	34	59
0	0	0	0	0	0	0	0	0	0	0	0	0	0	0	66	63	42	4	61	16	47	63	16	33	68	47	52	26	17	11	65	71	27	65	11	9	7	29	22	26	45	59	37	71	47	68	50	34	66	26	59	23	17	49	32	15	54	9	24	55	15	55	20
0	0	0	0	0	0	0	0	0	0	0	0	0	0	0	0	14	67	43	62	23	48	55	14	26	24	8	34	48	30	34	44	21	58	34	7	5	65	71	38	44	69	64	41	29	8	25	20	8	26	36	23	67	69	53	30	34	52	72	47	17	38	33	35
0	0	0	0	0	0	0	0	0	0	0	0	0	0	0	0	0	43	16	75	65	20	8	36	75	26	71	65	40	19	8	44	53	14	57	53	42	53	39	45	60	53	24	19	56	34	22	21	8	12	40	22	50	51	29	50	70	31	52	26	49	21	54	34
0	0	0	0	0	0	0	0	0	0	0	0	0	0	0	0	0	0	23	25	45	57	18	58	31	56	41	36	13	32	22	24	43	63	63	23	59	23	3	27	54	76	14	44	41	41	59	61	70	65	22	16	35	65	43	40	22	33	71	32	56	40	33	70
0	0	0	0	0	0	0	0	0	0	0	0	0	0	0	0	0	0	0	29	13	54	46	17	37	6	21	12	26	64	62	25	16	45	12	51	55	34	13	65	53	31	32	38	63	10	25	33	61	9	22	61	65	53	56	52	59	82	65	70	32	27	19	7
0	0	0	0	0	0	0	0	0	0	0	0	0	0	0	0	0	0	0	0	56	28	22	19	54	61	78	31	41	80	42	25	72	49	71	26	79	52	77	43	69	75	14	44	23	49	54	61	54	47	28	69	54	28	41	81	21	20	56	37	48	9	64	19
0	0	0	0	0	0	0	0	0	0	0	0	0	0	0	0	0	0	0	0	0	54	22	37	57	37	48	30	31	51	58	68	11	67	30	29	44	32	81	56	12	21	44	70	44	46	49	64	51	59	62	48	11	70	13	40	66	10	77	30	67	54	34	30
0	0	0	0	0	0	0	0	0	0	0	0	0	0	0	0	0	0	0	0	0	0	4	63	34	56	24	46	80	38	45	45	33	24	32	26	40	27	18	57	77	34	41	75	52	67	46	63	13	76	47	65	39	35	50	30	56	43	80	38	60	76	55	35
0	0	0	0	0	0	0	0	0	0	0	0	0	0	0	0	0	0	0	0	0	0	0	58	76	33	43	29	62	66	24	50	10	20	43	52	51	30	20	72	54	42	53	46	80	29	25	63	50	24	57	37	30	20	58	15	24	19	30	45	36	30	49	27
0	0	0	0	0	0	0	0	0	0	0	0	0	0	0	0	0	0	0	0	0	0	0	0	59	36	48	48	71	29	15	36	61	14	68	45	13	61	63	67	26	13	47	39	38	44	50	52	68	78	40	66	18	77	37	43	25	74	58	47	23	84	38	33
0	0	0	0	0	0	0	0	0	0	0	0	0	0	0	0	0	0	0	0	0	0	0	0	0	15	74	25	29	47	50	35	38	43	38	31	74	65	68	55	42	60	73	17	66	33	51	82	20	47	51	30	19	35	27	72	50	38	45	24	27	53	63	84
0	0	0	0	0	0	0	0	0	0	0	0	0	0	0	0	0	0	0	0	0	0	0	0	0	0	71	55	70	59	51	22	34	60	87	29	77	9	46	30	57	26	40	30	19	54	47	24	70	65	17	80	68	42	25	38	46	44	71	45	49	25	18	58
0	0	0	0	0	0	0	0	0	0	0	0	0	0	0	0	0	0	0	0	0	0	0	0	0	0	0	38	50	40	83	51	29	27	36	31	56	82	76	56	60	65	30	66	60	52	26	47	42	40	66	71	28	60	37	36	58	48	59	9	74	57	21	32
0	0	0	0	0	0	0	0	0	0	0	0	0	0	0	0	0	0	0	0	0	0	0	0	0	0	0	0	18	51	32	77	3	41	60	28	51	64	66	64	42	48	30	32	56	19	48	67	15	63	75	60	46	34	49	56	34	20	58	9	62	33	59	60
0	0	0	0	0	0	0	0	0	0	0	0	0	0	0	0	0	0	0	0	0	0	0	0	0	0	0	0	0	23	26	38	65	10	73	48	19	42	29	11	37	43	73	30	22	38	84	66	57	6	63	54	58	55	70	89	59	17	43	76	46	24	40	47
0	0	0	0	0	0	0	0	0	0	0	0	0	0	0	0	0	0	0	0	0	0	0	0	0	0	0	0	0	0	43	30	11	45	56	27	50	22	15	42	22	69	58	28	33	75	50	82	13	27	11	58	59	19	40	54	37	73	34	68	24	40	71	25
0	0	0	0	0	0	0	0	0	0	0	0	0	0	0	0	0	0	0	0	0	0	0	0	0	0	0	0	0	0	0	71	48	15	78	79	48	46	54	26	57	58	52	40	77	27	51	65	84	31	67	45	16	49	39	51	51	56	20	29	23	70	61	53
0	0	0	0	0	0	0	0	0	0	0	0	0	0	0	0	0	0	0	0	0	0	0	0	0	0	0	0	0	0	0	0	58	49	53	65	37	23	59	58	77	43	52	28	9	34	58	25	58	64	46	40	59	34	56	11	67	69	56	59	63	57	72	84
0	0	0	0	0	0	0	0	0	0	0	0	0	0	0	0	0	0	0	0	0	0	0	0	0	0	0	0	0	0	0	0	0	8	40	71	24	49	7	50	41	29	83	71	38	41	52	22	17	20	33	36	64	48	40	27	27	50	34	44	30	71	52	59
0	0	0	0	0	0	0	0	0	0	0	0	0	0	0	0	0	0	0	0	0	0	0	0	0	0	0	0	0	0	0	0	0	0	40	25	90	73	27	30	49	55	70	55	13	31	21	61	34	59	32	45	35	35	62	58	62	92	16	55	36	70	21	21
0	0	0	0	0	0	0	0	0	0	0	0	0	0	0	0	0	0	0	0	0	0	0	0	0	0	0	0	0	0	0	0	0	0	0	41	43	63	75	81	38	87	33	36	62	48	70	87	40	52	75	85	63	49	26	47	80	92	81	91	47	82	20	56
0	0	0	0	0	0	0	0	0	0	0	0	0	0	0	0	0	0	0	0	0	0	0	0	0	0	0	0	0	0	0	0	0	0	0	0	31	64	44	27	60	34	25	10	77	20	18	26	56	85	46	60	93	49	78	41	35	64	23	20	95	73	70	9
0	0	0	0	0	0	0	0	0	0	0	0	0	0	0	0	0	0	0	0	0	0	0	0	0	0	0	0	0	0	0	0	0	0	0	0	0	29	60	84	75	62	51	65	29	47	47	23	51	49	64	56	62	56	49	70	17	51	37	58	55	55	77	41
0	0	0	0	0	0	0	0	0	0	0	0	0	0	0	0	0	0	0	0	0	0	0	0	0	0	0	0	0	0	0	0	0	0	0	0	0	0	45	58	82	91	75	74	37	39	3	53	47	68	40	28	47	42	65	10	11	67	52	49	26	48	5	39
0	0	0	0	0	0	0	0	0	0	0	0	0	0	0	0	0	0	0	0	0	0	0	0	0	0	0	0	0	0	0	0	0	0	0	0	0	0	0	33	67	71	54	88	26	50	42	69	79	30	61	59	33	84	24	46	21	41	68	71	63	97	49	85
0	0	0	0	0	0	0	0	0	0	0	0	0	0	0	0	0	0	0	0	0	0	0	0	0	0	0	0	0	0	0	0	0	0	0	0	0	0	0	0	22	20	33	40	70	35	34	43	74	84	52	70	31	71	53	53	72	54	25	94	81	45	53	51
0	0	0	0	0	0	0	0	0	0	0	0	0	0	0	0	0	0	0	0	0	0	0	0	0	0	0	0	0	0	0	0	0	0	0	0	0	0	0	0	0	33	65	87	46	92	26	74	7	100	49	102	25	63	49	64	32	36	24	87	24	34	22	69
0	0	0	0	0	0	0	0	0	0	0	0	0	0	0	0	0	0	0	0	0	0	0	0	0	0	0	0	0	0	0	0	0	0	0	0	0	0	0	0	0	0	52	53	34	60	81	45	65	48	58	92	26	28	46	36	31	51	34	41	45	62	73	50
0	0	0	0	0	0	0	0	0	0	0	0	0	0	0	0	0	0	0	0	0	0	0	0	0	0	0	0	0	0	0	0	0	0	0	0	0	0	0	0	0	0	0	80	31	54	16	18	35	52	41	19	23	90	79	62	65	39	74	89	89	18	55	46
0	0	0	0	0	0	0	0	0	0	0	0	0	0	0	0	0	0	0	0	0	0	0	0	0	0	0	0	0	0	0	0	0	0	0	0	0	0	0	0	0	0	0	0	85	51	49	78	71	39	49	46	101	52	34	79	12	73	55	102	80	39	35	78
0	0	0	0	0	0	0	0	0	0	0	0	0	0	0	0	0	0	0	0	0	0	0	0	0	0	0	0	0	0	0	0	0	0	0	0	0	0	0	0	0	0	0	0	0	61	83	23	30	55	64	43	65	45	91	65	33	79	19	54	20	73	66	70
0	0	0	0	0	0	0	0	0	0	0	0	0	0	0	0	0	0	0	0	0	0	0	0	0	0	0	0	0	0	0	0	0	0	0	0	0	0	0	0	0	0	0	0	0	0	73	52	64	73	45	28	64	9	64	39	93	65	44	56	44	51	106	51
0	0	0	0	0	0	0	0	0	0	0	0	0	0	0	0	0	0	0	0	0	0	0	0	0	0	0	0	0	0	0	0	0	0	0	0	0	0	0	0	0	0	0	0	0	0	0	78	92	25	31	75	18	60	58	45	60	77	76	45	10	21	85	55
0	0	0	0	0	0	0	0	0	0	0	0	0	0	0	0	0	0	0	0	0	0	0	0	0	0	0	0	0	0	0	0	0	0	0	0	0	0	0	0	0	0	0	0	0	0	0	0	75	18	48	28	58	96	40	42	87	43	44	21	95	44	34	49
0	0	0	0	0	0	0	0	0	0	0	0	0	0	0	0	0	0	0	0	0	0	0	0	0	0	0	0	0	0	0	0	0	0	0	0	0	0	0	0	0	0	0	0	0	0	0	0	0	59	58	89	82	47	90	26	60	40	86	68	21	112	54	68
0	0	0	0	0	0	0	0	0	0	0	0	0	0	0	0	0	0	0	0	0	0	0	0	0	0	0	0	0	0	0	0	0	0	0	0	0	0	0	0	0	0	0	0	0	0	0	0	0	0	43	59	68	46	74	45	66	40	104	93	34	47	85	43
0	0	0	0	0	0	0	0	0	0	0	0	0	0	0	0	0	0	0	0	0	0	0	0	0	0	0	0	0	0	0	0	0	0	0	0	0	0	0	0	0	0	0	0	0	0	0	0	0	0	0	50	51	61	44	34	46	70	71	38	18	93	55	18
0	0	0	0	0	0	0	0	0	0	0	0	0	0	0	0	0	0	0	0	0	0	0	0	0	0	0	0	0	0	0	0	0	0	0	0	0	0	0	0	0	0	0	0	0	0	0	0	0	0	0	0	70	54	72	67	38	70	53	73	39	46	67	97
0	0	0	0	0	0	0	0	0	0	0	0	0	0	0	0	0	0	0	0	0	0	0	0	0	0	0	0	0	0	0	0	0	0	0	0	0	0	0	0	0	0	0	0	0	0	0	0	0	0	0	0	0	47	35	31	82	73	45	69	64	114	49	35
0	0	0	0	0	0	0	0	0	0	0	0	0	0	0	0	0	0	0	0	0	0	0	0	0	0	0	0	0	0	0	0	0	0	0	0	0	0	0	0	0	0	0	0	0	0	0	0	0	0	0	0	0	0	60	79	21	39	19	20	67	22	42	73
0	0	0	0	0	0	0	0	0	0	0	0	0	0	0	0	0	0	0	0	0	0	0	0	0	0	0	0	0	0	0	0	0	0	0	0	0	0	0	0	0	0	0	0	0	0	0	0	0	0	0	0	0	0	0	33	67	33	51	84	68	9	31	104
0	0	0	0	0	0	0	0	0	0	0	0	0	0	0	0	0	0	0	0	0	0	0	0	0	0	0	0	0	0	0	0	0	0	0	0	0	0	0	0	0	0	0	0	0	0	0	0	0	0	0	0	0	0	0	0	77	39	62	21	50	51	26	53
0	0	0	0	0	0	0	0	0	0	0	0	0	0	0	0	0	0	0	0	0	0	0	0	0	0	0	0	0	0	0	0	0	0	0	0	0	0	0	0	0	0	0	0	0	0	0	0	0	0	0	0	0	0	0	0	0	56	52	83	55	94	11	68
0	0	0	0	0	0	0	0	0	0	0	0	0	0	0	0	0	0	0	0	0	0	0	0	0	0	0	0	0	0	0	0	0	0	0	0	0	0	0	0	0	0	0	0	0	0	0	0	0	0	0	0	0	0	0	0	0	0	58	14	52	120	91	64
0	0	0	0	0	0	0	0	0	0	0	0	0	0	0	0	0	0	0	0	0	0	0	0	0	0	0	0	0	0	0	0	0	0	0	0	0	0	0	0	0	0	0	0	0	0	0	0	0	0	0	0	0	0	0	0	0	0	0	94	66	60	46	60
0	0	0	0	0	0	0	0	0	0	0	0	0	0	0	0	0	0	0	0	0	0	0	0	0	0	0	0	0	0	0	0	0	0	0	0	0	0	0	0	0	0	0	0	0	0	0	0	0	0	0	0	0	0	0	0	0	0	0	0	83	33	73	48
0	0	0	0	0	0	0	0	0	0	0	0	0	0	0	0	0	0	0	0	0	0	0	0	0	0	0	0	0	0	0	0	0	0	0	0	0	0	0	0	0	0	0	0	0	0	0	0	0	0	0	0	0	0	0	0	0	0	0	0	0	117	60	56
0	0	0	0	0	0	0	0	0	0	0	0	0	0	0	0	0	0	0	0	0	0	0	0	0	0	0	0	0	0	0	0	0	0	0	0	0	0	0	0	0	0	0	0	0	0	0	0	0	0	0	0	0	0	0	0	0	0	0	0	0	0	45	89
0	0	0	0	0	0	0	0	0	0	0	0	0	0	0	0	0	0	0	0	0	0	0	0	0	0	0	0	0	0	0	0	0	0	0	0	0	0	0	0	0	0	0	0	0	0	0	0	0	0	0	0	0	0	0	0	0	0	0	0	0	0	0	99
0	0	0	0	0	0	0	0	0	0	0	0	0	0	0	0	0	0	0	0	0	0	0	0	0	0	0	0	0	0	0	0	0	0	0	0	0	0	0	0	0	0	0	0	0	0	0	0	0	0	0	0	0	0	0	0	0	0	0	0	0	0	0	0