0	64	3	65	15	46	5	61	44	41	24	46	21	56	27	31	48	63	24	65	44	48	44	59	13	35	21	26	14	45	63	28	47	59	53	19	50	21	15	24	43	32	7	30	53	2	43	34	18	50	23	6	2	31	28	46	23	25	29	8	58	31	15	65
0	0	11	21	16	9	20	37	48	18	34	54	35	32	29	24	49	42	47	23	9	26	51	3	64	45	46	16	21	59	23	24	41	3	44	3	3	8	32	29	37	30	31	25	48	20	5	18	53	36	54	32	35	58	15	63	28	38	11	52	5	54	47	13
0	0	0	18	7	3	45	12	36	37	9	55	63	12	39	13	8	13	10	32	17	63	7	66	8	63	17	9	41	26	2	35	23	5	29	26	56	64	41	17	29	54	26	38	9	36	54	19	24	16	42	41	48	44	9	9	37	31	62	45	17	51	61	49
0	0	0	0	67	18	52	12	23	64	37	58	20	45	54	36	16	21	26	26	19	53	51	62	12	45	38	37	68	50	37	56	16	7	41	59	49	44	7	20	5	10	57	42	65	19	48	18	44	57	16	29	20	38	49	13	34	51	46	29	34	5	9	34
0	0	0	0	0	60	16	20	58	17	9	35	59	64	39	61	62	53	45	56	52	43	50	15	48	19	41	8	62	7	11	50	27	67	22	15	33	48	44	4	29	49	51	38	33	13	24	16	17	47	46	56	62	57	49	55	21	62	13	30	44	42	56	9
0	0	0	0	0	0	51	44	40	6	27	69	28	63	23	62	31	63	40	61	58	24	15	22	26	18	12	31	59	58	15	62	32	32	12	34	24	28	52	24	15	46	33	46	33	30	39	33	11	31	59	48	10	11	65	68	19	14	16	33	60	30	64	54
0	0	0	0	0	0	0	53	44	4	9	32	37	22	29	5	54	24	52	31	55	5	20	44	24	11	9	27	52	65	52	49	25	59	57	36	61	59	24	13	49	55	16	34	6	24	15	41	26	68	15	35	38	50	28	50	17	29	8	45	46	40	18	36
0	0	0	0	0	0	0	0	36	16	57	13	51	19	8	26	22	41	4	67	67	3	42	21	14	14	62	37	62	13	49	56	43	58	32	32	62	8	37	44	48	23	43	9	54	35	12	57	31	9	9	14	47	56	45	59	49	50	45	6	45	51	21	7
0	0	0	0	0	0	0	0	0	48	50	12	64	59	57	49	52	53	46	70	10	57	23	38	45	67	35	71	12	64	31	43	10	23	30	23	11	41	47	24	24	14	45	47	33	66	14	37	38	23	12	46	36	48	61	35	26	11	32	12	9	38	28	40
0	0	0	0	0	0	0	0	0	0	54	20	60	56	17	32	57	60	23	18	41	60	70	44	55	59	15	29	25	36	28	65	21	58	51	10	24	61	63	18	32	57	29	49	5	41	74	40	29	51	14	24	55	5	58	39	11	20	57	18	62	59	58	45
0	0	0	0	0	0	0	0	0	0	0	60	55	59	11	29	71	43	37	19	38	67	14	68	37	44	54	60	15	59	53	27	41	68	10	29	12	22	68	20	68	43	7	58	28	34	54	13	63	32	67	70	18	14	28	4	57	52	46	21	48	44	70	64
0	0	0	0	0	0	0	0	0	0	0	0	24	50	62	56	45	60	30	43	23	28	31	29	63	30	60	54	38	21	52	40	16	59	46	67	67	41	22	37	27	34	11	75	13	22	23	18	68	17	49	63	59	42	70	47	62	65	8	32	61	16	18	19
0	0	0	0	0	0	0	0	0	0	0	0	0	14	50	8	43	60	45	55	67	37	50	75	62	47	43	67	42	50	14	66	47	62	27	62	20	21	66	48	53	67	16	67	19	13	22	40	20	31	49	67	49	57	53	57	49	18	13	14	25	51	37	46
0	0	0	0	0	0	0	0	0	0	0	0	0	0	65	36	38	36	18	51	32	71	50	44	62	53	62	40	17	35	28	39	46	15	22	49	25	12	71	33	25	52	56	12	28	46	51	42	35	42	26	8	65	43	22	65	21	29	58	14	51	34	11	39
0	0	0	0	0	0	0	0	0	0	0	0	0	0	0	38	73	16	19	36	49	63	21	50	21	71	32	2	68	75	62	62	34	36	34	43	45	60	4	59	36	53	37	49	29	8	9	19	47	12	11	48	40	27	38	68	30	64	48	25	60	28	10	71
0	0	0	0	0	0	0	0	0	0	0	0	0	0	0	0	27	33	35	22	69	54	33	44	17	62	29	73	37	8	63	45	48	63	35	11	32	72	39	54	35	40	51	72	35	20	46	29	70	48	67	60	54	48	6	24	61	67	63	42	49	53	42	39
0	0	0	0	0	0	0	0	0	0	0	0	0	0	0	0	0	41	30	71	80	62	29	62	58	63	14	50	23	71	68	23	47	18	47	29	28	38	67	22	41	15	59	20	57	52	16	49	10	70	27	66	16	46	23	57	19	56	64	26	22	41	51	14
0	0	0	0	0	0	0	0	0	0	0	0	0	0	0	0	0	0	26	65	50	36	25	52	52	32	68	69	13	43	14	12	74	14	67	48	62	64	51	25	24	55	41	25	25	19	29	61	28	17	22	34	58	32	58	35	66	40	66	50	61	63	48	53
0	0	0	0	0	0	0	0	0	0	0	0	0	0	0	0	0	0	0	61	23	61	74	15	41	56	38	5	46	52	52	43	66	15	56	22	55	50	51	29	64	57	22	19	29	61	41	65	58	56	21	66	53	18	61	14	49	26	24	48	47	67	28	64
0	0	0	0	0	0	0	0	0	0	0	0	0	0	0	0	0	0	0	0	65	46	59	32	57	61	62	43	27	54	58	80	14	71	33	20	65	19	37	36	50	35	6	16	59	55	17	47	54	64	47	72	45	15	22	39	33	64	61	66	61	13	44	14
0	0	0	0	0	0	0	0	0	0	0	0	0	0	0	0	0	0	0	0	0	21	19	11	64	75	39	47	70	72	10	30	75	34	30	38	57	27	54	70	58	27	50	47	23	47	41	9	53	43	28	78	23	40	69	33	8	38	33	18	40	73	22	41
0	0	0	0	0	0	0	0	0	0	0	0	0	0	0	0	0	0	0	0	0	0	59	12	12	58	35	57	33	38	36	55	69	54	55	63	34	60	50	37	54	54	73	21	19	15	55	58	40	42	60	9	52	65	46	20	60	70	13	45	42	80	16	65
0	0	0	0	0	0	0	0	0	0	0	0	0	0	0	0	0	0	0	0	0	0	0	64	35	64	74	45	28	30	32	46	79	50	6	55	64	17	24	9	76	6	23	51	16	7	44	61	47	12	34	54	77	29	49	72	55	28	59	64	25	70	48	28
0	0	0	0	0	0	0	0	0	0	0	0	0	0	0	0	0	0	0	0	0	0	0	0	34	58	25	43	71	49	21	37	60	33	10	63	51	27	58	43	27	16	15	56	17	24	63	70	55	40	35	31	49	23	69	86	47	60	53	33	54	41	56	28
0	0	0	0	0	0	0	0	0	0	0	0	0	0	0	0	0	0	0	0	0	0	0	0	0	38	45	55	43	79	54	38	77	20	64	51	49	50	42	41	70	50	53	32	32	20	46	26	76	30	42	67	13	38	84	22	64	40	20	34	26	47	24	66
0	0	0	0	0	0	0	0	0	0	0	0	0	0	0	0	0	0	0	0	0	0	0	0	0	0	71	47	22	35	49	73	56	70	16	44	46	34	73	70	9	56	55	75	47	52	50	19	49	65	28	61	35	22	74	38	58	47	28	10	11	69	32	31
0	0	0	0	0	0	0	0	0	0	0	0	0	0	0	0	0	0	0	0	0	0	0	0	0	0	0	42	41	68	81	36	64	30	61	69	70	46	29	21	35	26	51	51	63	3	60	64	82	39	65	20	61	58	42	81	79	70	26	27	43	59	43	44
0	0	0	0	0	0	0	0	0	0	0	0	0	0	0	0	0	0	0	0	0	0	0	0	0	0	0	0	50	66	66	60	56	17	15	3	42	33	75	7	73	69	35	35	57	43	7	44	53	14	43	70	44	51	84	33	48	19	81	11	66	54	23	76
0	0	0	0	0	0	0	0	0	0	0	0	0	0	0	0	0	0	0	0	0	0	0	0	0	0	0	0	0	42	22	73	44	3	67	84	24	59	43	60	55	77	49	51	81	45	71	55	36	39	64	51	32	62	45	23	82	52	59	8	36	62	41	36
0	0	0	0	0	0	0	0	0	0	0	0	0	0	0	0	0	0	0	0	0	0	0	0	0	0	0	0	0	0	45	40	54	49	28	77	62	38	84	42	35	41	82	29	32	76	66	51	49	20	47	78	65	84	44	59	75	41	67	28	81	30	56	40
0	0	0	0	0	0	0	0	0	0	0	0	0	0	0	0	0	0	0	0	0	0	0	0	0	0	0	0	0	0	0	65	59	50	41	31	34	76	23	64	28	63	66	17	9	86	84	73	64	44	31	33	28	39	61	10	28	30	42	70	32	4	54	27
0	0	0	0	0	0	0	0	0	0	0	0	0	0	0	0	0	0	0	0	0	0	0	0	0	0	0	0	0	0	0	0	41	44	18	36	74	63	60	49	43	60	58	27	17	53	52	55	49	50	15	72	81	63	51	36	41	49	22	69	29	22	72	62
0	0	0	0	0	0	0	0	0	0	0	0	0	0	0	0	0	0	0	0	0	0	0	0	0	0	0	0	0	0	0	0	0	59	6	69	32	28	91	46	86	39	37	41	67	51	67	54	31	22	71	28	32	78	48	66	34	55	47	32	53	56	67	32
0	0	0	0	0	0	0	0	0	0	0	0	0	0	0	0	0	0	0	0	0	0	0	0	0	0	0	0	0	0	0	0	0	0	36	36	53	41	29	72	85	64	43	24	35	69	48	48	78	83	25	32	44	61	60	24	42	40	56	53	88	52	65	24
0	0	0	0	0	0	0	0	0	0	0	0	0	0	0	0	0	0	0	0	0	0	0	0	0	0	0	0	0	0	0	0	0	0	0	35	25	24	35	71	51	65	63	15	62	59	58	6	83	59	44	70	86	68	45	67	40	13	37	25	60	28	98	28
0	0	0	0	0	0	0	0	0	0	0	0	0	0	0	0	0	0	0	0	0	0	0	0	0	0	0	0	0	0	0	0	0	0	0	0	65	36	46	51	52	62	79	43	56	65	22	52	42	71	51	72	29	35	18	95	64	49	52	34	52	83	73	34
0	0	0	0	0	0	0	0	0	0	0	0	0	0	0	0	0	0	0	0	0	0	0	0	0	0	0	0	0	0	0	0	0	0	0	0	0	71	35	49	15	87	65	61	47	53	65	33	65	49	45	76	70	28	45	48	33	13	33	24	91	36	49	93
0	0	0	0	0	0	0	0	0	0	0	0	0	0	0	0	0	0	0	0	0	0	0	0	0	0	0	0	0	0	0	0	0	0	0	0	0	0	23	38	48	38	57	46	58	57	84	56	44	52	54	89	26	50	55	65	24	61	69	54	54	74	28	35
0	0	0	0	0	0	0	0	0	0	0	0	0	0	0	0	0	0	0	0	0	0	0	0	0	0	0	0	0	0	0	0	0	0	0	0	0	0	0	71	97	54	67	103	56	59	83	66	50	91	77	51	62	26	58	25	62	52	37	74	40	77	65	64
0	0	0	0	0	0	0	0	0	0	0	0	0	0	0	0	0	0	0	0	0	0	0	0	0	0	0	0	0	0	0	0	0	0	0	0	0	0	0	0	4	60	45	66	56	86	46	87	26	51	27	28	88	60	64	56	14	43	50	76	48	25	31	65
0	0	0	0	0	0	0	0	0	0	0	0	0	0	0	0	0	0	0	0	0	0	0	0	0	0	0	0	0	0	0	0	0	0	0	0	0	0	0	0	0	36	53	61	81	103	39	28	55	92	81	61	74	55	9	26	92	40	31	50	95	41	31	65
0	0	0	0	0	0	0	0	0	0	0	0	0	0	0	0	0	0	0	0	0	0	0	0	0	0	0	0	0	0	0	0	0	0	0	0	0	0	0	0	0	0	76	71	60	35	83	42	45	82	59	43	38	65	43	26	84	23	64	61	95	43	91	50
0	0	0	0	0	0	0	0	0	0	0	0	0	0	0	0	0	0	0	0	0	0	0	0	0	0	0	0	0	0	0	0	0	0	0	0	0	0	0	0	0	0	0	70	56	62	86	28	21	26	85	92	72	7	59	65	69	68	56	18	52	41	29	57
0	0	0	0	0	0	0	0	0	0	0	0	0	0	0	0	0	0	0	0	0	0	0	0	0	0	0	0	0	0	0	0	0	0	0	0	0	0	0	0	0	0	0	0	84	76	25	91	76	47	33	67	104	91	24	75	102	32	55	63	106	64	57	76
0	0	0	0	0	0	0	0	0	0	0	0	0	0	0	0	0	0	0	0	0	0	0	0	0	0	0	0	0	0	0	0	0	0	0	0	0	0	0	0	0	0	0	0	0	78	17	38	69	36	32	39	45	43	72	6	81	58	62	82	29	30	52	42
0	0	0	0	0	0	0	0	0	0	0	0	0	0	0	0	0	0	0	0	0	0	0	0	0	0	0	0	0	0	0	0	0	0	0	0	0	0	0	0	0	0	0	0	0	0	32	38	10	76	59	99	87	39	58	54	76	66	63	33	62	58	74	75
0	0	0	0	0	0	0	0	0	0	0	0	0	0	0	0	0	0	0	0	0	0	0	0	0	0	0	0	0	0	0	0	0	0	0	0	0	0	0	0	0	0	0	0	0	0	0	62	57	18	88	92	65	99	77	75	36	41	66	36	94	50	58	91
0	0	0	0	0	0	0	0	0	0	0	0	0	0	0	0	0	0	0	0	0	0	0	0	0	0	0	0	0	0	0	0	0	0	0	0	0	0	0	0	0	0	0	0	0	0	0	0	67	83	32	41	45	68	57	76	52	51	75	88	82	38	75	78
0	0	0	0	0	0	0	0	0	0	0	0	0	0	0	0	0	0	0	0	0	0	0	0	0	0	0	0	0	0	0	0	0	0	0	0	0	0	0	0	0	0	0	0	0	0	0	0	0	22	91	71	85	71	40	92	50	80	40	25	97	51	44	15
0	0	0	0	0	0	0	0	0	0	0	0	0	0	0	0	0	0	0	0	0	0	0	0	0	0	0	0	0	0	0	0	0	0	0	0	0	0	0	0	0	0	0	0	0	0	0	0	0	0	89	43	40	41	75	96	74	33	52	64	67	27	38	64
0	0	0	0	0	0	0	0	0	0	0	0	0	0	0	0	0	0	0	0	0	0	0	0	0	0	0	0	0	0	0	0	0	0	0	0	0	0	0	0	0	0	0	0	0	0	0	0	0	0	0	69	79	43	31	42	51	16	53	102	11	50	62	58
0	0	0	0	0	0	0	0	0	0	0	0	0	0	0	0	0	0	0	0	0	0	0	0	0	0	0	0	0	0	0	0	0	0	0	0	0	0	0	0	0	0	0	0	0	0	0	0	0	0	0	0	44	71	28	73	45	46	65	47	94	41	74	60
0	0	0	0	0	0	0	0	0	0	0	0	0	0	0	0	0	0	0	0	0	0	0	0	0	0	0	0	0	0	0	0	0	0	0	0	0	0	0	0	0	0	0	0	0	0	0	0	0	0	0	0	0	66	74	86	50	29	46	23	24	50	71	18
0	0	0	0	0	0	0	0	0	0	0	0	0	0	0	0	0	0	0	0	0	0	0	0	0	0	0	0	0	0	0	0	0	0	0	0	0	0	0	0	0	0	0	0	0	0	0	0	0	0	0	0	0	0	34	65	89	86	75	37	87	43	69	59
0	0	0	0	0	0	0	0	0	0	0	0	0	0	0	0	0	0	0	0	0	0	0	0	0	0	0	0	0	0	0	0	0	0	0	0	0	0	0	0	0	0	0	0	0	0	0	0	0	0	0	0	0	0	0	24	66	96	106	17	56	57	56	62
0	0	0	0	0	0	0	0	0	0	0	0	0	0	0	0	0	0	0	0	0	0	0	0	0	0	0	0	0	0	0	0	0	0	0	0	0	0	0	0	0	0	0	0	0	0	0	0	0	0	0	0	0	0	0	0	72	76	14	79	45	69	81	75
0	0	0	0	0	0	0	0	0	0	0	0	0	0	0	0	0	0	0	0	0	0	0	0	0	0	0	0	0	0	0	0	0	0	0	0	0	0	0	0	0	0	0	0	0	0	0	0	0	0	0	0	0	0	0	0	0	57	50	72	15	48	72	61
0	0	0	0	0	0	0	0	0	0	0	0	0	0	0	0	0	0	0	0	0	0	0	0	0	0	0	0	0	0	0	0	0	0	0	0	0	0	0	0	0	0	0	0	0	0	0	0	0	0	0	0	0	0	0	0	0	0	38	72	97	81	87	93
0	0	0	0	0	0	0	0	0	0	0	0	0	0	0	0	0	0	0	0	0	0	0	0	0	0	0	0	0	0	0	0	0	0	0	0	0	0	0	0	0	0	0	0	0	0	0	0	0	0	0	0	0	0	0	0	0	0	0	32	62	67	60	110
0	0	0	0	0	0	0	0	0	0	0	0	0	0	0	0	0	0	0	0	0	0	0	0	0	0	0	0	0	0	0	0	0	0	0	0	0	0	0	0	0	0	0	0	0	0	0	0	0	0	0	0	0	0	0	0	0	0	0	0	54	97	92	80
0	0	0	0	0	0	0	0	0	0	0	0	0	0	0	0	0	0	0	0	0	0	0	0	0	0	0	0	0	0	0	0	0	0	0	0	0	0	0	0	0	0	0	0	0	0	0	0	0	0	0	0	0	0	0	0	0	0	0	0	0	64	53	104
0	0	0	0	0	0	0	0	0	0	0	0	0	0	0	0	0	0	0	0	0	0	0	0	0	0	0	0	0	0	0	0	0	0	0	0	0	0	0	0	0	0	0	0	0	0	0	0	0	0	0	0	0	0	0	0	0	0	0	0	0	0	78	81
0	0	0	0	0	0	0	0	0	0	0	0	0	0	0	0	0	0	0	0	0	0	0	0	0	0	0	0	0	0	0	0	0	0	0	0	0	0	0	0	0	0	0	0	0	0	0	0	0	0	0	0	0	0	0	0	0	0	0	0	0	0	0	44
0	0	0	0	0	0	0	0	0	0	0	0	0	0	0	0	0	0	0	0	0	0	0	0	0	0	0	0	0	0	0	0	0	0	0	0	0	0	0	0	0	0	0	0	0	0	0	0	0	0	0	0	0	0	0	0	0	0	0	0	0	0	0	0