0	24	20	32	17	27	18	43	20	6	46	43	14	63	28	25	8	10	57	35	24	58	42	38	23	41	35	36	63	29	6	61	11	60	32	51	9	49	62	65	43	11	24	63	30	3	38	36	46	15	58	49	47	5	36	38	25	24	63	19	37	56	64	30
0	0	61	9	60	38	52	52	64	17	35	53	14	20	25	52	27	32	59	45	64	25	60	27	22	25	17	14	25	28	28	25	2	24	62	25	56	38	9	23	22	20	45	41	21	55	56	29	42	17	51	43	46	26	61	14	36	37	34	55	45	51	55	37
0	0	0	14	23	48	34	52	39	16	60	49	46	58	16	6	57	38	27	44	41	28	45	59	19	32	22	33	52	52	28	11	24	47	23	58	42	25	3	65	52	2	2	58	18	56	32	38	62	25	12	51	56	54	53	36	10	30	3	15	34	60	20	35
0	0	0	0	56	53	44	53	23	34	25	50	65	24	9	60	44	17	50	53	28	44	26	18	42	10	19	63	10	32	4	5	64	63	65	8	46	63	19	28	17	67	25	5	63	8	35	36	34	25	43	60	21	35	42	20	60	28	33	9	25	58	36	22
0	0	0	0	0	60	66	6	24	39	58	32	66	25	65	26	37	22	45	39	7	9	47	26	27	11	52	34	49	56	58	9	32	31	2	63	60	58	16	34	47	12	4	10	17	48	15	55	29	62	58	33	28	17	43	49	13	26	62	36	39	34	54	44
0	0	0	0	0	0	50	19	31	19	29	58	7	61	46	20	58	69	11	6	12	39	10	32	64	46	61	67	62	44	31	6	6	27	18	62	63	16	37	44	25	32	48	9	21	41	38	21	46	21	24	42	39	56	39	37	23	52	14	41	59	56	52	53
0	0	0	0	0	0	0	44	6	55	39	17	54	19	59	50	39	63	30	56	9	19	62	60	33	14	14	16	20	63	61	67	7	57	29	41	16	56	50	45	46	63	37	25	24	33	49	27	66	26	56	44	9	12	29	51	24	25	54	7	50	38	55	30
0	0	0	0	0	0	0	0	8	13	11	61	20	42	49	59	16	65	17	63	44	40	20	38	41	17	12	41	71	58	34	61	23	22	37	38	52	58	67	39	23	46	51	30	39	56	47	17	44	26	35	61	30	43	53	64	22	7	18	56	25	8	67	30
0	0	0	0	0	0	0	0	0	14	31	15	40	13	9	38	48	5	47	34	28	23	42	24	20	36	18	56	62	33	9	17	45	57	59	29	23	26	27	45	32	70	40	18	10	54	47	27	26	67	65	62	28	62	5	56	31	47	33	32	57	56	17	50
0	0	0	0	0	0	0	0	0	0	57	10	11	65	38	16	26	21	49	71	13	26	35	53	73	7	58	44	20	60	31	26	33	11	21	57	41	68	73	14	34	14	43	63	68	41	41	42	9	14	67	44	7	52	49	50	39	30	60	21	34	71	63	60
0	0	0	0	0	0	0	0	0	0	0	39	27	31	56	67	36	14	57	72	25	7	26	20	33	63	11	28	50	34	20	21	24	62	67	42	25	35	50	13	11	21	54	22	71	58	14	27	35	13	54	56	57	64	46	38	25	48	34	57	68	66	55	65
0	0	0	0	0	0	0	0	0	0	0	0	11	10	53	59	43	53	70	17	34	64	63	22	56	43	22	64	67	12	28	42	54	37	30	21	12	18	68	49	43	72	14	72	17	52	44	11	53	43	37	13	34	19	32	18	38	5	33	30	21	15	37	38
0	0	0	0	0	0	0	0	0	0	0	0	0	25	56	35	66	39	65	46	35	21	23	46	44	47	58	67	63	53	66	51	30	26	38	25	47	53	7	68	11	38	4	24	69	48	72	23	66	40	25	56	65	57	17	52	25	44	35	21	18	32	13	50
0	0	0	0	0	0	0	0	0	0	0	0	0	0	17	39	21	46	27	65	16	63	35	40	40	39	29	32	41	44	16	9	46	33	65	31	54	18	48	15	52	55	58	35	15	54	59	16	14	19	59	34	25	40	26	18	59	34	51	72	38	43	51	29
0	0	0	0	0	0	0	0	0	0	0	0	0	0	0	38	59	63	72	18	59	45	72	14	23	41	10	59	72	52	19	12	76	51	69	15	30	64	39	26	33	27	70	4	30	54	28	23	26	21	68	27	60	27	58	64	24	57	52	62	64	48	34	23
0	0	0	0	0	0	0	0	0	0	0	0	0	0	0	0	59	31	21	12	16	32	52	40	53	76	69	11	32	72	39	29	55	66	54	20	35	48	31	44	47	59	65	34	18	24	22	30	26	47	57	34	57	62	29	67	21	67	42	54	37	66	20	30
0	0	0	0	0	0	0	0	0	0	0	0	0	0	0	0	0	30	56	37	21	8	41	19	29	56	23	18	53	65	25	67	45	14	35	60	29	42	70	39	27	14	30	26	40	61	63	30	42	23	74	67	17	70	26	75	13	30	16	31	32	15	58	66
0	0	0	0	0	0	0	0	0	0	0	0	0	0	0	0	0	0	54	62	39	40	67	16	23	24	71	54	59	59	27	19	26	48	80	64	30	28	79	13	27	80	40	8	31	39	74	41	60	27	31	31	14	71	14	37	41	47	32	72	55	39	61	22
0	0	0	0	0	0	0	0	0	0	0	0	0	0	0	0	0	0	0	53	38	24	67	52	70	23	54	14	72	37	28	15	67	44	15	38	73	18	21	14	14	30	61	72	33	65	30	56	32	18	66	33	22	44	57	21	76	64	72	14	52	57	41	26
0	0	0	0	0	0	0	0	0	0	0	0	0	0	0	0	0	0	0	0	23	56	25	40	5	33	75	35	74	34	21	63	48	32	61	30	19	55	6	27	61	65	54	73	84	67	44	47	5	46	56	47	78	36	29	48	69	42	54	53	20	27	42	21
0	0	0	0	0	0	0	0	0	0	0	0	0	0	0	0	0	0	0	0	0	68	56	27	23	29	37	71	61	45	47	81	16	10	19	37	30	51	39	56	25	51	57	63	52	43	68	45	46	57	74	81	61	57	69	20	47	40	20	33	52	37	71	31
0	0	0	0	0	0	0	0	0	0	0	0	0	0	0	0	0	0	0	0	0	0	44	70	25	9	62	40	43	30	9	23	16	31	71	55	56	10	80	77	41	57	47	58	22	36	45	51	19	35	64	59	42	79	33	24	46	39	77	37	26	56	62	26
0	0	0	0	0	0	0	0	0	0	0	0	0	0	0	0	0	0	0	0	0	0	0	51	39	53	58	16	36	72	54	23	32	32	42	27	51	72	71	20	40	28	33	15	77	57	20	24	18	51	51	18	2	4	21	46	45	61	77	44	11	39	27	17
0	0	0	0	0	0	0	0	0	0	0	0	0	0	0	0	0	0	0	0	0	0	0	0	60	82	20	20	43	22	58	83	32	24	70	35	54	53	41	10	42	76	60	32	33	19	38	64	23	38	27	49	28	49	45	85	57	27	59	26	41	10	49	47
0	0	0	0	0	0	0	0	0	0	0	0	0	0	0	0	0	0	0	0	0	0	0	0	0	67	18	22	44	39	62	55	54	59	25	31	67	18	30	70	28	58	28	46	47	28	40	42	69	39	61	56	25	39	63	28	67	60	61	53	31	45	61	16
0	0	0	0	0	0	0	0	0	0	0	0	0	0	0	0	0	0	0	0	0	0	0	0	0	0	43	59	65	11	30	41	22	37	58	36	76	79	39	67	18	70	37	66	31	69	34	41	53	55	53	12	18	63	36	27	36	23	51	58	90	43	21	35
0	0	0	0	0	0	0	0	0	0	0	0	0	0	0	0	0	0	0	0	0	0	0	0	0	0	0	49	34	46	87	80	58	51	78	80	49	73	60	69	74	56	40	72	19	21	76	63	68	47	35	33	30	17	85	59	84	25	62	31	58	21	22	63
0	0	0	0	0	0	0	0	0	0	0	0	0	0	0	0	0	0	0	0	0	0	0	0	0	0	0	0	25	28	35	59	58	17	66	53	79	19	78	37	14	74	7	40	14	63	38	52	74	53	26	9	25	68	81	45	35	65	56	34	23	53	74	31
0	0	0	0	0	0	0	0	0	0	0	0	0	0	0	0	0	0	0	0	0	0	0	0	0	0	0	0	0	56	37	23	15	68	39	23	33	31	43	40	10	53	30	50	26	18	64	23	32	66	6	57	82	85	36	48	51	62	55	37	32	13	72	57
0	0	0	0	0	0	0	0	0	0	0	0	0	0	0	0	0	0	0	0	0	0	0	0	0	0	0	0	0	0	55	59	68	63	80	58	75	70	41	26	65	48	30	28	89	42	49	36	66	16	49	68	89	49	17	51	32	31	55	7	12	57	86	39
0	0	0	0	0	0	0	0	0	0	0	0	0	0	0	0	0	0	0	0	0	0	0	0	0	0	0	0	0	0	0	55	84	34	81	39	72	39	30	63	75	55	29	68	77	74	28	35	83	23	19	93	85	41	32	19	25	57	27	71	25	24	77	8
0	0	0	0	0	0	0	0	0	0	0	0	0	0	0	0	0	0	0	0	0	0	0	0	0	0	0	0	0	0	0	0	62	6	63	50	20	83	46	17	31	36	79	56	45	63	55	51	27	43	34	14	75	21	85	12	33	81	35	33	47	26	88	82
0	0	0	0	0	0	0	0	0	0	0	0	0	0	0	0	0	0	0	0	0	0	0	0	0	0	0	0	0	0	0	0	0	66	74	85	45	36	29	56	78	53	75	66	19	74	47	68	57	43	41	39	66	27	34	41	32	13	26	45	58	82	44	89
0	0	0	0	0	0	0	0	0	0	0	0	0	0	0	0	0	0	0	0	0	0	0	0	0	0	0	0	0	0	0	0	0	0	27	19	22	80	39	75	92	15	62	59	26	37	47	40	61	70	16	70	17	51	72	22	55	40	65	88	26	72	71	83
0	0	0	0	0	0	0	0	0	0	0	0	0	0	0	0	0	0	0	0	0	0	0	0	0	0	0	0	0	0	0	0	0	0	0	67	51	36	60	3	60	46	61	48	39	60	85	65	14	47	35	46	94	22	20	55	63	33	12	52	24	25	87	36
0	0	0	0	0	0	0	0	0	0	0	0	0	0	0	0	0	0	0	0	0	0	0	0	0	0	0	0	0	0	0	0	0	0	0	0	79	63	77	34	37	75	45	65	28	22	78	47	67	35	36	69	47	54	35	96	23	5	81	14	53	57	51	42
0	0	0	0	0	0	0	0	0	0	0	0	0	0	0	0	0	0	0	0	0	0	0	0	0	0	0	0	0	0	0	0	0	0	0	0	0	62	50	8	79	41	84	87	24	30	49	50	47	30	62	12	58	78	38	86	48	16	56	35	49	56	22	56
0	0	0	0	0	0	0	0	0	0	0	0	0	0	0	0	0	0	0	0	0	0	0	0	0	0	0	0	0	0	0	0	0	0	0	0	0	0	41	42	47	64	44	99	51	38	31	11	52	26	12	26	59	77	47	34	59	69	66	33	60	62	34	65
0	0	0	0	0	0	0	0	0	0	0	0	0	0	0	0	0	0	0	0	0	0	0	0	0	0	0	0	0	0	0	0	0	0	0	0	0	0	0	26	43	35	6	95	64	73	91	37	47	62	84	90	17	42	41	46	57	53	49	30	35	42	75	68
0	0	0	0	0	0	0	0	0	0	0	0	0	0	0	0	0	0	0	0	0	0	0	0	0	0	0	0	0	0	0	0	0	0	0	0	0	0	0	0	16	81	31	75	36	61	49	45	56	71	60	75	59	54	44	83	56	72	42	47	26	44	70	47
0	0	0	0	0	0	0	0	0	0	0	0	0	0	0	0	0	0	0	0	0	0	0	0	0	0	0	0	0	0	0	0	0	0	0	0	0	0	0	0	0	28	71	40	16	28	46	94	61	62	89	30	44	82	33	19	63	60	75	90	74	71	87	87
0	0	0	0	0	0	0	0	0	0	0	0	0	0	0	0	0	0	0	0	0	0	0	0	0	0	0	0	0	0	0	0	0	0	0	0	0	0	0	0	0	0	55	55	96	63	40	101	50	57	61	67	49	47	66	38	42	11	73	69	81	92	84	33
0	0	0	0	0	0	0	0	0	0	0	0	0	0	0	0	0	0	0	0	0	0	0	0	0	0	0	0	0	0	0	0	0	0	0	0	0	0	0	0	0	0	0	56	50	12	68	47	58	58	48	73	65	46	94	63	49	101	43	23	44	40	77	21
0	0	0	0	0	0	0	0	0	0	0	0	0	0	0	0	0	0	0	0	0	0	0	0	0	0	0	0	0	0	0	0	0	0	0	0	0	0	0	0	0	0	0	0	15	70	59	102	61	49	62	85	50	34	55	49	15	39	50	77	67	66	52	82
0	0	0	0	0	0	0	0	0	0	0	0	0	0	0	0	0	0	0	0	0	0	0	0	0	0	0	0	0	0	0	0	0	0	0	0	0	0	0	0	0	0	0	0	0	8	41	37	73	84	36	37	29	101	23	97	49	12	18	62	49	44	81	47
0	0	0	0	0	0	0	0	0	0	0	0	0	0	0	0	0	0	0	0	0	0	0	0	0	0	0	0	0	0	0	0	0	0	0	0	0	0	0	0	0	0	0	0	0	0	86	30	79	55	44	13	65	16	52	40	63	53	52	79	25	70	92	46
0	0	0	0	0	0	0	0	0	0	0	0	0	0	0	0	0	0	0	0	0	0	0	0	0	0	0	0	0	0	0	0	0	0	0	0	0	0	0	0	0	0	0	0	0	0	0	71	76	77	72	47	85	15	48	80	32	79	38	25	73	48	63	73
0	0	0	0	0	0	0	0	0	0	0	0	0	0	0	0	0	0	0	0	0	0	0	0	0	0	0	0	0	0	0	0	0	0	0	0	0	0	0	0	0	0	0	0	0	0	0	0	56	34	78	73	60	4	23	22	22	82	32	83	46	60	77	58
0	0	0	0	0	0	0	0	0	0	0	0	0	0	0	0	0	0	0	0	0	0	0	0	0	0	0	0	0	0	0	0	0	0	0	0	0	0	0	0	0	0	0	0	0	0	0	0	0	19	74	60	57	37	77	22	73	28	61	10	83	71	89	58
0	0	0	0	0	0	0	0	0	0	0	0	0	0	0	0	0	0	0	0	0	0	0	0	0	0	0	0	0	0	0	0	0	0	0	0	0	0	0	0	0	0	0	0	0	0	0	0	0	0	24	56	56	21	42	76	112	62	41	68	14	32	100	21
0	0	0	0	0	0	0	0	0	0	0	0	0	0	0	0	0	0	0	0	0	0	0	0	0	0	0	0	0	0	0	0	0	0	0	0	0	0	0	0	0	0	0	0	0	0	0	0	0	0	0	71	76	48	17	92	56	11	75	74	78	100	57	22
0	0	0	0	0	0	0	0	0	0	0	0	0	0	0	0	0	0	0	0	0	0	0	0	0	0	0	0	0	0	0	0	0	0	0	0	0	0	0	0	0	0	0	0	0	0	0	0	0	0	0	0	63	88	49	60	47	91	93	37	15	47	77	102
0	0	0	0	0	0	0	0	0	0	0	0	0	0	0	0	0	0	0	0	0	0	0	0	0	0	0	0	0	0	0	0	0	0	0	0	0	0	0	0	0	0	0	0	0	0	0	0	0	0	0	0	0	24	55	35	9	66	35	94	71	104	45	59
0	0	0	0	0	0	0	0	0	0	0	0	0	0	0	0	0	0	0	0	0	0	0	0	0	0	0	0	0	0	0	0	0	0	0	0	0	0	0	0	0	0	0	0	0	0	0	0	0	0	0	0	0	0	33	68	112	82	62	80	44	93	63	86
0	0	0	0	0	0	0	0	0	0	0	0	0	0	0	0	0	0	0	0	0	0	0	0	0	0	0	0	0	0	0	0	0	0	0	0	0	0	0	0	0	0	0	0	0	0	0	0	0	0	0	0	0	0	0	59	62	56	57	63	107	35	56	68
0	0	0	0	0	0	0	0	0	0	0	0	0	0	0	0	0	0	0	0	0	0	0	0	0	0	0	0	0	0	0	0	0	0	0	0	0	0	0	0	0	0	0	0	0	0	0	0	0	0	0	0	0	0	0	0	46	85	82	58	103	54	30	61
0	0	0	0	0	0	0	0	0	0	0	0	0	0	0	0	0	0	0	0	0	0	0	0	0	0	0	0	0	0	0	0	0	0	0	0	0	0	0	0	0	0	0	0	0	0	0	0	0	0	0	0	0	0	0	0	0	65	62	79	112	46	48	49
0	0	0	0	0	0	0	0	0	0	0	0	0	0	0	0	0	0	0	0	0	0	0	0	0	0	0	0	0	0	0	0	0	0	0	0	0	0	0	0	0	0	0	0	0	0	0	0	0	0	0	0	0	0	0	0	0	0	48	59	67	13	30	38
0	0	0	0	0	0	0	0	0	0	0	0	0	0	0	0	0	0	0	0	0	0	0	0	0	0	0	0	0	0	0	0	0	0	0	0	0	0	0	0	0	0	0	0	0	0	0	0	0	0	0	0	0	0	0	0	0	0	0	44	59	29	76	64
0	0	0	0	0	0	0	0	0	0	0	0	0	0	0	0	0	0	0	0	0	0	0	0	0	0	0	0	0	0	0	0	0	0	0	0	0	0	0	0	0	0	0	0	0	0	0	0	0	0	0	0	0	0	0	0	0	0	0	0	52	90	84	83
0	0	0	0	0	0	0	0	0	0	0	0	0	0	0	0	0	0	0	0	0	0	0	0	0	0	0	0	0	0	0	0	0	0	0	0	0	0	0	0	0	0	0	0	0	0	0	0	0	0	0	0	0	0	0	0	0	0	0	0	0	68	21	37
0	0	0	0	0	0	0	0	0	0	0	0	0	0	0	0	0	0	0	0	0	0	0	0	0	0	0	0	0	0	0	0	0	0	0	0	0	0	0	0	0	0	0	0	0	0	0	0	0	0	0	0	0	0	0	0	0	0	0	0	0	0	46	28
0	0	0	0	0	0	0	0	0	0	0	0	0	0	0	0	0	0	0	0	0	0	0	0	0	0	0	0	0	0	0	0	0	0	0	0	0	0	0	0	0	0	0	0	0	0	0	0	0	0	0	0	0	0	0	0	0	0	0	0	0	0	0	81
0	0	0	0	0	0	0	0	0	0	0	0	0	0	0	0	0	0	0	0	0	0	0	0	0	0	0	0	0	0	0	0	0	0	0	0	0	0	0	0	0	0	0	0	0	0	0	0	0	0	0	0	0	0	0	0	0	0	0	0	0	0	0	0