0	9	63	32	6	53	22	60	36	57	50	30	25	26	14	41	52	49	35	19	6	8	61	44	46	55	5	57	23	42	44	21	13	48	3	16	29	43	56	59	24	39	52	56	52	40	62	52	20	52	26	12	16	47	28	26	9	55	45	44	64	65	3	8
0	0	41	22	65	66	40	54	53	54	11	43	49	24	35	47	33	5	5	47	65	29	10	34	8	33	40	28	9	60	46	18	47	15	56	55	13	53	26	16	41	33	33	25	39	51	20	48	5	59	47	24	21	16	15	25	65	61	60	37	23	21	9	21
0	0	0	33	65	49	46	19	27	25	14	60	29	36	26	19	27	67	24	29	58	65	17	49	65	51	64	34	63	51	43	12	53	63	18	20	20	20	14	44	22	23	63	51	13	50	58	29	10	33	4	26	40	24	44	54	29	62	47	38	31	31	16	23
0	0	0	0	53	48	23	43	6	43	24	59	2	67	60	68	37	26	62	13	7	39	56	44	4	9	54	35	11	41	35	25	35	24	41	20	64	52	26	29	10	43	22	53	15	30	44	5	62	30	15	9	39	14	43	19	47	45	48	51	17	53	7	60
0	0	0	0	0	17	57	41	40	42	49	13	62	17	56	39	59	41	47	57	67	37	56	50	35	29	67	29	56	43	33	28	64	53	52	28	50	9	17	13	23	35	15	63	10	40	9	24	53	64	23	9	35	35	59	38	8	28	13	29	68	59	33	59
0	0	0	0	0	0	35	27	27	62	21	12	11	10	28	11	9	5	22	53	62	14	24	35	46	32	48	47	65	18	25	49	58	38	51	47	46	9	7	47	47	49	40	67	38	11	18	25	49	17	9	51	27	37	44	35	30	56	58	48	17	29	24	18
0	0	0	0	0	0	0	15	27	67	38	64	61	23	52	8	10	11	51	44	33	41	62	67	27	38	29	37	12	17	9	50	61	39	7	48	67	9	42	25	56	48	45	40	10	48	15	25	10	28	36	55	28	15	58	7	7	23	14	47	57	36	34	40
0	0	0	0	0	0	0	0	44	32	48	26	4	45	55	27	50	65	11	38	30	70	35	39	64	54	23	36	49	65	30	32	68	38	10	35	43	26	37	57	59	61	68	15	13	41	23	9	35	69	69	40	60	11	11	60	30	17	12	12	34	63	9	23
0	0	0	0	0	0	0	0	0	24	55	68	15	64	36	19	67	63	22	58	28	51	5	53	42	46	66	10	49	10	46	6	10	37	65	56	62	23	37	61	58	7	70	45	30	14	46	40	52	48	35	14	47	71	64	10	39	11	47	68	30	58	4	58
0	0	0	0	0	0	0	0	0	0	20	25	16	47	62	24	17	54	63	12	57	58	8	40	62	33	31	34	23	31	21	72	26	67	13	28	67	17	52	41	11	59	62	62	65	5	33	51	50	53	48	38	53	46	16	65	59	47	52	24	54	66	45	74
0	0	0	0	0	0	0	0	0	0	0	63	72	69	29	29	45	16	2	31	56	45	42	44	49	50	21	17	32	34	73	63	22	44	43	64	50	40	62	54	27	23	21	36	62	50	36	22	40	10	64	4	23	37	43	67	11	62	54	43	24	44	23	6
0	0	0	0	0	0	0	0	0	0	0	0	32	24	36	60	70	58	27	29	45	34	17	25	36	16	58	57	68	39	54	65	46	17	40	35	38	13	2	3	28	71	42	18	60	30	70	37	58	34	13	39	36	70	38	62	45	68	25	53	66	3	10	21
0	0	0	0	0	0	0	0	0	0	0	0	0	26	32	47	73	33	68	63	46	65	23	42	18	25	51	36	17	51	35	4	60	71	29	31	16	26	59	54	30	51	24	14	52	56	41	19	30	53	26	13	51	56	44	68	26	42	10	63	47	39	31	23
0	0	0	0	0	0	0	0	0	0	0	0	0	0	45	61	62	38	13	23	67	56	17	62	36	74	54	14	13	56	12	37	25	3	26	4	54	5	34	15	69	24	51	32	16	40	39	11	26	32	41	27	25	37	5	54	8	11	47	25	60	34	29	25
0	0	0	0	0	0	0	0	0	0	0	0	0	0	0	38	22	26	58	18	24	57	41	32	11	72	54	13	56	61	54	60	70	30	35	54	27	29	62	72	42	12	34	62	36	50	7	36	50	27	60	33	37	29	21	38	25	8	43	39	25	48	64	8
0	0	0	0	0	0	0	0	0	0	0	0	0	0	0	0	34	23	23	65	10	39	13	44	25	17	46	41	12	75	53	23	37	40	34	33	47	13	56	59	46	59	42	13	19	19	31	22	44	34	56	30	71	59	36	53	18	36	43	65	21	17	40	20
0	0	0	0	0	0	0	0	0	0	0	0	0	0	0	0	0	41	43	59	18	57	21	64	68	67	3	69	19	22	41	13	30	35	54	26	41	75	59	62	65	7	22	53	5	17	41	64	34	39	10	71	54	47	49	10	33	51	62	34	14	32	29	66
0	0	0	0	0	0	0	0	0	0	0	0	0	0	0	0	0	0	57	59	18	63	14	67	38	53	23	37	12	65	23	62	43	59	72	23	5	68	24	49	62	32	27	42	12	40	55	75	51	20	5	72	33	74	35	22	34	40	58	24	47	60	62	58
0	0	0	0	0	0	0	0	0	0	0	0	0	0	0	0	0	0	0	35	79	62	59	46	28	55	15	24	75	48	47	52	51	23	51	11	49	28	23	50	16	13	18	28	17	20	28	74	66	57	55	45	58	24	54	44	34	14	23	9	19	49	26	73
0	0	0	0	0	0	0	0	0	0	0	0	0	0	0	0	0	0	0	0	45	61	15	74	69	54	69	54	28	41	33	51	29	34	60	63	39	10	19	13	22	76	37	65	44	65	61	63	30	21	55	31	62	17	21	12	13	22	21	57	51	63	31	57
0	0	0	0	0	0	0	0	0	0	0	0	0	0	0	0	0	0	0	0	0	19	67	50	18	33	49	69	57	15	66	54	52	31	53	53	31	73	64	62	58	47	31	35	36	36	23	19	59	35	15	41	64	43	56	71	47	19	43	57	53	66	57	55
0	0	0	0	0	0	0	0	0	0	0	0	0	0	0	0	0	0	0	0	0	0	68	22	28	46	23	30	21	54	29	30	30	36	58	79	75	44	26	77	27	37	19	21	36	29	22	26	71	58	68	33	66	6	31	67	50	69	23	21	35	20	37	35
0	0	0	0	0	0	0	0	0	0	0	0	0	0	0	0	0	0	0	0	0	0	0	83	17	54	45	64	36	69	49	31	61	50	41	14	76	40	55	76	69	74	46	85	29	33	8	53	82	31	29	37	38	20	34	69	69	59	23	54	45	44	44	68
0	0	0	0	0	0	0	0	0	0	0	0	0	0	0	0	0	0	0	0	0	0	0	0	50	25	80	42	54	55	55	31	67	41	36	48	50	22	33	79	31	22	35	29	53	67	59	60	44	9	70	34	36	64	34	33	62	35	54	76	56	53	28	50
0	0	0	0	0	0	0	0	0	0	0	0	0	0	0	0	0	0	0	0	0	0	0	0	0	70	49	54	34	49	66	15	66	58	57	71	68	48	34	21	47	81	32	54	49	12	52	46	74	67	14	22	72	28	68	34	65	54	54	77	27	20	55	32
0	0	0	0	0	0	0	0	0	0	0	0	0	0	0	0	0	0	0	0	0	0	0	0	0	0	16	45	82	29	81	67	57	24	27	45	61	19	51	63	51	71	61	65	62	77	24	59	59	38	56	65	24	75	8	56	46	66	82	70	42	31	18	82
0	0	0	0	0	0	0	0	0	0	0	0	0	0	0	0	0	0	0	0	0	0	0	0	0	0	0	42	40	16	26	51	24	69	64	34	55	35	57	64	23	72	46	34	39	27	58	47	66	79	20	29	50	57	62	24	14	53	51	70	16	38	57	57
0	0	0	0	0	0	0	0	0	0	0	0	0	0	0	0	0	0	0	0	0	0	0	0	0	0	0	0	5	55	49	15	29	19	50	28	11	65	48	30	37	70	27	50	47	77	51	39	46	56	36	24	79	42	40	33	28	29	66	82	56	42	37	42
0	0	0	0	0	0	0	0	0	0	0	0	0	0	0	0	0	0	0	0	0	0	0	0	0	0	0	0	0	69	26	87	15	40	37	44	68	31	76	64	47	58	29	75	73	2	24	35	22	15	27	37	68	58	25	59	23	73	58	65	48	52	55	77
0	0	0	0	0	0	0	0	0	0	0	0	0	0	0	0	0	0	0	0	0	0	0	0	0	0	0	0	0	0	25	11	28	79	59	53	24	24	24	78	64	42	34	40	63	20	74	37	16	34	14	33	64	58	63	37	14	79	30	20	63	12	67	79
0	0	0	0	0	0	0	0	0	0	0	0	0	0	0	0	0	0	0	0	0	0	0	0	0	0	0	0	0	0	0	40	38	42	91	48	53	63	78	61	34	18	39	31	78	24	78	54	46	49	37	63	49	38	44	43	65	61	73	93	35	31	19	35
0	0	0	0	0	0	0	0	0	0	0	0	0	0	0	0	0	0	0	0	0	0	0	0	0	0	0	0	0	0	0	0	62	21	13	47	56	74	54	70	74	80	52	86	81	81	42	46	48	6	73	23	71	31	29	64	34	66	36	32	36	55	22	54
0	0	0	0	0	0	0	0	0	0	0	0	0	0	0	0	0	0	0	0	0	0	0	0	0	0	0	0	0	0	0	0	0	35	67	15	5	20	32	39	21	19	50	89	40	61	68	51	45	64	21	54	71	64	55	46	61	55	11	48	62	46	42	33
0	0	0	0	0	0	0	0	0	0	0	0	0	0	0	0	0	0	0	0	0	0	0	0	0	0	0	0	0	0	0	0	0	0	28	40	38	39	60	33	91	11	78	29	28	3	59	23	58	62	85	29	4	63	59	65	72	34	49	35	54	60	73	60
0	0	0	0	0	0	0	0	0	0	0	0	0	0	0	0	0	0	0	0	0	0	0	0	0	0	0	0	0	0	0	0	0	0	0	40	17	45	16	57	26	32	65	84	59	65	39	54	58	39	63	51	48	26	38	47	11	35	85	26	86	69	74	45
0	0	0	0	0	0	0	0	0	0	0	0	0	0	0	0	0	0	0	0	0	0	0	0	0	0	0	0	0	0	0	0	0	0	0	0	46	52	68	51	49	16	66	52	94	75	86	48	64	73	67	46	58	34	46	26	33	97	51	29	89	19	21	80
0	0	0	0	0	0	0	0	0	0	0	0	0	0	0	0	0	0	0	0	0	0	0	0	0	0	0	0	0	0	0	0	0	0	0	0	0	48	36	76	24	55	54	69	18	6	53	44	36	49	70	87	51	78	34	38	26	53	39	68	74	10	89	88
0	0	0	0	0	0	0	0	0	0	0	0	0	0	0	0	0	0	0	0	0	0	0	0	0	0	0	0	0	0	0	0	0	0	0	0	0	0	79	27	51	66	95	97	86	53	12	48	35	51	36	79	39	87	37	27	92	21	64	55	84	43	16	65
0	0	0	0	0	0	0	0	0	0	0	0	0	0	0	0	0	0	0	0	0	0	0	0	0	0	0	0	0	0	0	0	0	0	0	0	0	0	0	71	90	67	44	57	56	72	55	51	73	78	37	39	47	15	77	83	54	51	30	35	46	73	49	46
0	0	0	0	0	0	0	0	0	0	0	0	0	0	0	0	0	0	0	0	0	0	0	0	0	0	0	0	0	0	0	0	0	0	0	0	0	0	0	0	90	33	16	62	24	32	19	77	71	63	90	12	31	45	93	87	29	67	33	49	33	40	41	42
0	0	0	0	0	0	0	0	0	0	0	0	0	0	0	0	0	0	0	0	0	0	0	0	0	0	0	0	0	0	0	0	0	0	0	0	0	0	0	0	0	81	41	83	56	42	32	49	58	72	45	33	73	32	64	70	11	39	81	89	50	31	68	64
0	0	0	0	0	0	0	0	0	0	0	0	0	0	0	0	0	0	0	0	0	0	0	0	0	0	0	0	0	0	0	0	0	0	0	0	0	0	0	0	0	0	42	62	72	70	6	79	91	16	70	25	59	29	33	67	26	81	49	58	81	25	24	72
0	0	0	0	0	0	0	0	0	0	0	0	0	0	0	0	0	0	0	0	0	0	0	0	0	0	0	0	0	0	0	0	0	0	0	0	0	0	0	0	0	0	0	37	37	72	61	74	80	60	48	65	95	34	56	92	80	15	20	37	40	74	91	69
0	0	0	0	0	0	0	0	0	0	0	0	0	0	0	0	0	0	0	0	0	0	0	0	0	0	0	0	0	0	0	0	0	0	0	0	0	0	0	0	0	0	0	0	32	50	57	40	35	46	82	21	22	79	35	60	63	100	35	74	65	6	84	85
0	0	0	0	0	0	0	0	0	0	0	0	0	0	0	0	0	0	0	0	0	0	0	0	0	0	0	0	0	0	0	0	0	0	0	0	0	0	0	0	0	0	0	0	0	48	21	44	81	69	68	93	98	39	31	61	53	54	90	64	6	63	52	28
0	0	0	0	0	0	0	0	0	0	0	0	0	0	0	0	0	0	0	0	0	0	0	0	0	0	0	0	0	0	0	0	0	0	0	0	0	0	0	0	0	0	0	0	0	0	38	87	37	51	103	33	74	71	7	38	22	35	68	24	35	9	74	104
0	0	0	0	0	0	0	0	0	0	0	0	0	0	0	0	0	0	0	0	0	0	0	0	0	0	0	0	0	0	0	0	0	0	0	0	0	0	0	0	0	0	0	0	0	0	0	38	77	39	74	27	6	55	66	56	27	50	60	53	38	65	28	66
0	0	0	0	0	0	0	0	0	0	0	0	0	0	0	0	0	0	0	0	0	0	0	0	0	0	0	0	0	0	0	0	0	0	0	0	0	0	0	0	0	0	0	0	0	0	0	0	38	100	88	33	61	55	47	50	57	70	74	94	88	22	48	37
0	0	0	0	0	0	0	0	0	0	0	0	0	0	0	0	0	0	0	0	0	0	0	0	0	0	0	0	0	0	0	0	0	0	0	0	0	0	0	0	0	0	0	0	0	0	0	0	0	67	81	63	29	69	79	45	56	57	56	85	43	21	85	69
0	0	0	0	0	0	0	0	0	0	0	0	0	0	0	0	0	0	0	0	0	0	0	0	0	0	0	0	0	0	0	0	0	0	0	0	0	0	0	0	0	0	0	0	0	0	0	0	0	0	49	35	73	26	96	12	78	40	50	63	70	53	86	52
0	0	0	0	0	0	0	0	0	0	0	0	0	0	0	0	0	0	0	0	0	0	0	0	0	0	0	0	0	0	0	0	0	0	0	0	0	0	0	0	0	0	0	0	0	0	0	0	0	0	0	49	49	31	82	88	39	25	29	82	14	50	105	53
0	0	0	0	0	0	0	0	0	0	0	0	0	0	0	0	0	0	0	0	0	0	0	0	0	0	0	0	0	0	0	0	0	0	0	0	0	0	0	0	0	0	0	0	0	0	0	0	0	0	0	0	53	96	96	33	109	48	69	82	35	63	64	69
0	0	0	0	0	0	0	0	0	0	0	0	0	0	0	0	0	0	0	0	0	0	0	0	0	0	0	0	0	0	0	0	0	0	0	0	0	0	0	0	0	0	0	0	0	0	0	0	0	0	0	0	0	54	63	88	25	45	53	80	20	79	60	59
0	0	0	0	0	0	0	0	0	0	0	0	0	0	0	0	0	0	0	0	0	0	0	0	0	0	0	0	0	0	0	0	0	0	0	0	0	0	0	0	0	0	0	0	0	0	0	0	0	0	0	0	0	0	74	55	115	96	65	77	73	64	93	38
0	0	0	0	0	0	0	0	0	0	0	0	0	0	0	0	0	0	0	0	0	0	0	0	0	0	0	0	0	0	0	0	0	0	0	0	0	0	0	0	0	0	0	0	0	0	0	0	0	0	0	0	0	0	0	84	94	74	19	57	34	41	75	38
0	0	0	0	0	0	0	0	0	0	0	0	0	0	0	0	0	0	0	0	0	0	0	0	0	0	0	0	0	0	0	0	0	0	0	0	0	0	0	0	0	0	0	0	0	0	0	0	0	0	0	0	0	0	0	0	41	56	60	79	42	70	61	87
0	0	0	0	0	0	0	0	0	0	0	0	0	0	0	0	0	0	0	0	0	0	0	0	0	0	0	0	0	0	0	0	0	0	0	0	0	0	0	0	0	0	0	0	0	0	0	0	0	0	0	0	0	0	0	0	0	19	95	68	53	81	33	63
0	0	0	0	0	0	0	0	0	0	0	0	0	0	0	0	0	0	0	0	0	0	0	0	0	0	0	0	0	0	0	0	0	0	0	0	0	0	0	0	0	0	0	0	0	0	0	0	0	0	0	0	0	0	0	0	0	0	28	31	76	56	66	77
0	0	0	0	0	0	0	0	0	0	0	0	0	0	0	0	0	0	0	0	0	0	0	0	0	0	0	0	0	0	0	0	0	0	0	0	0	0	0	0	0	0	0	0	0	0	0	0	0	0	0	0	0	0	0	0	0	0	0	57	57	28	50	72
0	0	0	0	0	0	0	0	0	0	0	0	0	0	0	0	0	0	0	0	0	0	0	0	0	0	0	0	0	0	0	0	0	0	0	0	0	0	0	0	0	0	0	0	0	0	0	0	0	0	0	0	0	0	0	0	0	0	0	0	84	58	94	56
0	0	0	0	0	0	0	0	0	0	0	0	0	0	0	0	0	0	0	0	0	0	0	0	0	0	0	0	0	0	0	0	0	0	0	0	0	0	0	0	0	0	0	0	0	0	0	0	0	0	0	0	0	0	0	0	0	0	0	0	0	19	64	26
0	0	0	0	0	0	0	0	0	0	0	0	0	0	0	0	0	0	0	0	0	0	0	0	0	0	0	0	0	0	0	0	0	0	0	0	0	0	0	0	0	0	0	0	0	0	0	0	0	0	0	0	0	0	0	0	0	0	0	0	0	0	86	62
0	0	0	0	0	0	0	0	0	0	0	0	0	0	0	0	0	0	0	0	0	0	0	0	0	0	0	0	0	0	0	0	0	0	0	0	0	0	0	0	0	0	0	0	0	0	0	0	0	0	0	0	0	0	0	0	0	0	0	0	0	0	0	69
0	0	0	0	0	0	0	0	0	0	0	0	0	0	0	0	0	0	0	0	0	0	0	0	0	0	0	0	0	0	0	0	0	0	0	0	0	0	0	0	0	0	0	0	0	0	0	0	0	0	0	0	0	0	0	0	0	0	0	0	0	0	0	0