0	55	61	46	49	37	19	46	54	15	13	17	64	36	25	3	31	55	26	3	44	36	22	49	37	31	13	8	64	29	40	30	1	43	42	48	44	15	32	31	24	25	61	62	9	29	52	1	52	12	13	47	31	17	47	63	19	33	32	52	45	8	14	63
0	0	48	36	59	22	48	23	23	51	63	6	41	49	38	29	55	54	4	7	10	51	2	29	19	39	14	25	27	18	11	4	52	55	33	46	10	9	50	53	48	45	40	27	42	33	25	16	25	57	24	2	53	9	6	58	26	32	13	23	57	28	11	41
0	0	0	12	58	3	51	34	59	45	50	48	51	7	27	48	14	56	15	34	8	24	46	55	53	37	29	17	52	21	37	35	3	21	30	63	40	47	62	62	14	34	29	60	56	37	49	11	8	6	36	3	5	42	57	22	3	44	17	18	15	42	37	47
0	0	0	0	22	11	21	47	64	40	45	17	16	1	53	49	14	21	8	63	19	28	54	12	22	36	11	36	19	1	13	28	38	2	57	64	53	17	13	1	33	64	62	10	27	17	32	16	53	57	49	25	13	58	45	20	5	56	35	47	35	46	49	64
0	0	0	0	0	60	7	6	2	44	22	20	7	36	60	52	44	63	17	60	40	22	50	37	33	62	40	13	42	60	13	12	63	6	62	6	19	60	60	62	27	6	38	57	7	36	31	7	19	34	6	45	15	23	62	28	35	37	43	44	11	26	35	34
0	0	0	0	0	0	21	64	13	49	20	29	6	2	35	25	54	5	1	50	24	12	63	39	44	48	28	38	7	6	15	12	18	31	19	49	38	24	37	31	27	3	53	17	13	59	11	50	24	29	47	14	63	33	55	15	6	58	6	2	50	29	49	24
0	0	0	0	0	0	0	7	6	28	39	62	55	17	27	10	35	37	63	34	35	16	39	25	23	58	45	23	44	18	24	26	48	52	8	57	41	33	37	31	52	52	61	46	4	33	63	44	20	55	26	30	19	55	49	22	28	51	48	42	29	54	64	2
0	0	0	0	0	0	0	0	33	33	44	11	63	53	50	18	25	11	26	4	24	47	12	34	2	46	3	59	14	43	7	34	53	19	7	34	54	26	24	24	13	6	60	32	6	1	34	19	35	56	61	17	39	44	52	54	63	8	64	19	25	59	53	19
0	0	0	0	0	0	0	0	0	4	30	26	42	53	64	52	18	33	19	11	59	62	34	47	28	16	60	30	13	46	48	60	56	45	31	36	52	36	30	7	42	41	14	56	42	35	42	18	49	33	41	16	25	57	27	63	29	26	5	6	41	43	49	43
0	0	0	0	0	0	0	0	0	0	8	30	46	37	36	14	19	4	7	39	23	7	49	23	59	57	9	37	7	17	58	52	14	5	40	36	24	39	36	15	6	50	7	55	28	21	13	13	39	32	35	34	45	24	51	6	25	3	4	48	30	5	50	11
0	0	0	0	0	0	0	0	0	0	0	52	62	5	51	6	27	25	44	28	42	20	55	22	12	44	33	11	26	15	13	31	42	5	52	32	50	18	11	44	64	9	13	25	54	43	40	28	21	12	39	53	50	48	34	56	33	64	53	64	46	58	25	27
0	0	0	0	0	0	0	0	0	0	0	0	30	43	63	29	5	28	12	35	7	58	54	24	4	24	10	42	42	58	27	30	43	47	35	32	46	36	62	36	61	40	46	61	41	37	8	38	29	48	19	50	22	21	30	51	49	15	26	1	43	59	29	58
0	0	0	0	0	0	0	0	0	0	0	0	0	10	62	14	20	39	21	7	34	61	50	5	17	34	58	28	18	8	50	40	13	45	6	30	38	51	8	13	2	61	27	59	27	54	27	22	14	49	4	2	24	31	18	23	1	42	31	47	17	60	48	33
0	0	0	0	0	0	0	0	0	0	0	0	0	0	33	38	56	42	36	13	15	53	56	12	13	4	37	40	49	33	56	13	1	41	20	8	43	4	24	29	50	44	38	61	54	21	59	10	21	59	54	13	4	32	50	36	46	53	62	52	13	54	15	12
0	0	0	0	0	0	0	0	0	0	0	0	0	0	0	25	26	17	7	58	10	21	40	52	58	32	2	63	27	1	6	52	52	23	32	16	9	56	25	51	18	55	53	10	18	59	58	32	22	53	36	34	2	44	56	18	26	24	15	7	19	5	3	31
0	0	0	0	0	0	0	0	0	0	0	0	0	0	0	0	20	47	7	13	38	64	12	13	29	35	41	7	10	22	38	4	26	2	57	24	48	8	4	25	36	58	1	62	30	27	50	62	13	43	44	60	35	47	3	45	41	18	3	56	34	21	53	17
0	0	0	0	0	0	0	0	0	0	0	0	0	0	0	0	0	50	10	35	58	55	64	46	27	26	14	7	1	9	29	15	11	19	42	51	13	24	8	4	62	27	38	11	36	56	18	45	16	10	34	18	11	11	5	25	50	7	23	11	40	24	20	7
0	0	0	0	0	0	0	0	0	0	0	0	0	0	0	0	0	0	50	24	7	51	16	52	7	31	38	58	13	32	58	12	8	2	6	58	33	40	38	26	25	11	31	55	61	8	27	46	2	53	21	46	4	37	13	15	4	63	7	6	16	22	22	16
0	0	0	0	0	0	0	0	0	0	0	0	0	0	0	0	0	0	0	20	5	2	23	9	58	12	7	62	19	64	62	14	51	32	62	44	54	7	26	23	14	13	39	34	53	38	45	37	20	12	36	48	56	48	32	12	40	2	31	60	30	55	32	14
0	0	0	0	0	0	0	0	0	0	0	0	0	0	0	0	0	0	0	0	16	30	18	5	9	9	17	3	41	37	10	56	46	63	44	50	39	51	11	28	34	56	15	33	7	61	5	15	37	28	54	17	40	54	42	37	24	41	43	62	45	21	27	48
0	0	0	0	0	0	0	0	0	0	0	0	0	0	0	0	0	0	0	0	0	14	35	1	44	53	51	9	40	1	36	24	7	2	25	26	15	49	42	35	49	11	52	10	10	17	2	54	50	1	60	16	14	30	24	33	51	44	38	62	29	56	46	42
0	0	0	0	0	0	0	0	0	0	0	0	0	0	0	0	0	0	0	0	0	0	26	44	3	62	14	1	25	9	30	63	21	12	58	45	44	30	13	32	45	38	9	12	30	58	14	57	3	23	51	18	50	22	4	38	7	13	7	24	11	45	27	25
0	0	0	0	0	0	0	0	0	0	0	0	0	0	0	0	0	0	0	0	0	0	0	32	59	39	48	48	57	51	55	49	56	45	8	19	64	8	59	21	48	8	59	33	53	54	1	44	36	29	56	55	16	49	63	11	52	7	32	40	34	26	30	9
0	0	0	0	0	0	0	0	0	0	0	0	0	0	0	0	0	0	0	0	0	0	0	0	34	25	46	16	60	50	54	41	39	27	37	37	50	63	42	3	34	58	22	43	52	49	22	41	55	8	51	38	4	38	9	10	35	23	53	64	60	3	50	58
0	0	0	0	0	0	0	0	0	0	0	0	0	0	0	0	0	0	0	0	0	0	0	0	0	42	42	2	21	52	51	2	40	6	53	34	6	49	5	57	4	2	26	18	51	35	58	31	52	35	54	39	61	33	23	36	39	31	6	1	32	52	63	15
0	0	0	0	0	0	0	0	0	0	0	0	0	0	0	0	0	0	0	0	0	0	0	0	0	0	64	43	21	14	43	39	46	31	34	36	9	15	54	30	27	55	44	12	58	11	40	22	30	36	5	59	26	60	36	10	12	62	62	21	16	28	15	49
0	0	0	0	0	0	0	0	0	0	0	0	0	0	0	0	0	0	0	0	0	0	0	0	0	0	0	51	39	31	50	58	27	18	58	23	32	52	41	19	1	49	12	35	57	2	62	1	54	45	1	7	57	7	23	52	63	55	38	45	45	55	20	59
0	0	0	0	0	0	0	0	0	0	0	0	0	0	0	0	0	0	0	0	0	0	0	0	0	0	0	0	20	2	57	40	56	8	57	17	26	52	46	9	1	45	50	40	5	39	60	31	7	18	26	14	63	41	5	33	44	40	62	63	61	41	62	17
0	0	0	0	0	0	0	0	0	0	0	0	0	0	0	0	0	0	0	0	0	0	0	0	0	0	0	0	0	27	60	26	19	35	28	1	7	58	41	1	18	36	43	63	36	10	12	56	30	48	64	23	8	27	23	1	24	15	46	28	9	17	47	59
0	0	0	0	0	0	0	0	0	0	0	0	0	0	0	0	0	0	0	0	0	0	0	0	0	0	0	0	0	0	39	50	53	7	44	15	5	47	12	25	29	55	61	44	43	1	60	37	12	56	15	23	34	38	5	5	5	63	44	40	20	40	56	51
0	0	0	0	0	0	0	0	0	0	0	0	0	0	0	0	0	0	0	0	0	0	0	0	0	0	0	0	0	0	0	38	13	34	21	19	38	45	59	8	17	53	9	31	17	34	8	54	46	23	47	49	30	33	46	56	43	41	26	5	48	3	41	8
0	0	0	0	0	0	0	0	0	0	0	0	0	0	0	0	0	0	0	0	0	0	0	0	0	0	0	0	0	0	0	0	54	14	38	40	3	52	59	51	28	35	10	41	33	19	36	29	39	36	60	58	10	63	21	27	6	7	5	40	55	48	25	9
0	0	0	0	0	0	0	0	0	0	0	0	0	0	0	0	0	0	0	0	0	0	0	0	0	0	0	0	0	0	0	0	0	24	30	29	14	8	26	52	4	17	26	9	31	4	14	44	49	18	62	20	19	21	38	42	32	34	61	47	3	16	49	56
0	0	0	0	0	0	0	0	0	0	0	0	0	0	0	0	0	0	0	0	0	0	0	0	0	0	0	0	0	0	0	0	0	0	37	19	8	26	5	61	17	33	46	38	31	46	37	64	60	58	60	56	47	24	44	25	16	62	42	22	30	40	9	39
0	0	0	0	0	0	0	0	0	0	0	0	0	0	0	0	0	0	0	0	0	0	0	0	0	0	0	0	0	0	0	0	0	0	0	27	4	46	37	31	30	33	26	15	59	26	32	44	5	26	13	9	23	1	59	49	58	56	3	54	3	32	23	1
0	0	0	0	0	0	0	0	0	0	0	0	0	0	0	0	0	0	0	0	0	0	0	0	0	0	0	0	0	0	0	0	0	0	0	0	63	45	31	56	41	62	45	26	4	46	54	18	53	25	22	4	51	28	6	52	47	41	64	1	22	53	14	29
0	0	0	0	0	0	0	0	0	0	0	0	0	0	0	0	0	0	0	0	0	0	0	0	0	0	0	0	0	0	0	0	0	0	0	0	0	5	44	12	22	56	32	2	48	60	13	48	40	20	50	14	9	19	33	4	35	23	48	22	15	28	35	29
0	0	0	0	0	0	0	0	0	0	0	0	0	0	0	0	0	0	0	0	0	0	0	0	0	0	0	0	0	0	0	0	0	0	0	0	0	0	29	52	42	49	38	64	16	53	11	2	2	3	15	8	7	43	28	30	4	46	5	17	59	38	40	27
0	0	0	0	0	0	0	0	0	0	0	0	0	0	0	0	0	0	0	0	0	0	0	0	0	0	0	0	0	0	0	0	0	0	0	0	0	0	0	45	17	23	22	56	5	30	8	44	40	7	34	33	11	9	61	6	34	2	24	17	52	51	62	51
0	0	0	0	0	0	0	0	0	0	0	0	0	0	0	0	0	0	0	0	0	0	0	0	0	0	0	0	0	0	0	0	0	0	0	0	0	0	0	0	31	27	32	45	20	42	45	21	29	62	55	22	30	61	47	34	55	36	25	50	6	44	23	43
0	0	0	0	0	0	0	0	0	0	0	0	0	0	0	0	0	0	0	0	0	0	0	0	0	0	0	0	0	0	0	0	0	0	0	0	0	0	0	0	0	38	15	40	29	6	35	59	35	20	60	11	12	16	5	21	45	36	44	13	22	22	46	61
0	0	0	0	0	0	0	0	0	0	0	0	0	0	0	0	0	0	0	0	0	0	0	0	0	0	0	0	0	0	0	0	0	0	0	0	0	0	0	0	0	0	19	24	9	9	17	31	44	24	43	46	5	51	44	10	55	7	45	64	42	18	13	1
0	0	0	0	0	0	0	0	0	0	0	0	0	0	0	0	0	0	0	0	0	0	0	0	0	0	0	0	0	0	0	0	0	0	0	0	0	0	0	0	0	0	0	60	3	17	1	62	13	37	40	64	22	41	41	40	22	16	28	29	19	18	11	14
0	0	0	0	0	0	0	0	0	0	0	0	0	0	0	0	0	0	0	0	0	0	0	0	0	0	0	0	0	0	0	0	0	0	0	0	0	0	0	0	0	0	0	0	3	41	39	18	10	17	44	64	35	29	27	53	49	24	13	30	30	36	9	25
0	0	0	0	0	0	0	0	0	0	0	0	0	0	0	0	0	0	0	0	0	0	0	0	0	0	0	0	0	0	0	0	0	0	0	0	0	0	0	0	0	0	0	0	0	56	63	13	28	2	49	36	61	35	27	45	18	56	3	7	50	21	35	47
0	0	0	0	0	0	0	0	0	0	0	0	0	0	0	0	0	0	0	0	0	0	0	0	0	0	0	0	0	0	0	0	0	0	0	0	0	0	0	0	0	0	0	0	0	0	58	53	35	45	22	7	62	50	4	29	58	7	59	56	7	57	57	45
0	0	0	0	0	0	0	0	0	0	0	0	0	0	0	0	0	0	0	0	0	0	0	0	0	0	0	0	0	0	0	0	0	0	0	0	0	0	0	0	0	0	0	0	0	0	0	64	43	43	18	46	12	22	40	40	12	21	30	4	42	53	15	28
0	0	0	0	0	0	0	0	0	0	0	0	0	0	0	0	0	0	0	0	0	0	0	0	0	0	0	0	0	0	0	0	0	0	0	0	0	0	0	0	0	0	0	0	0	0	0	0	9	47	52	46	2	43	28	8	14	31	18	8	40	13	35	35
0	0	0	0	0	0	0	0	0	0	0	0	0	0	0	0	0	0	0	0	0	0	0	0	0	0	0	0	0	0	0	0	0	0	0	0	0	0	0	0	0	0	0	0	0	0	0	0	0	32	8	8	36	22	46	1	42	49	18	20	49	41	46	31
0	0	0	0	0	0	0	0	0	0	0	0	0	0	0	0	0	0	0	0	0	0	0	0	0	0	0	0	0	0	0	0	0	0	0	0	0	0	0	0	0	0	0	0	0	0	0	0	0	0	45	19	31	23	25	22	5	5	20	63	28	7	43	12
0	0	0	0	0	0	0	0	0	0	0	0	0	0	0	0	0	0	0	0	0	0	0	0	0	0	0	0	0	0	0	0	0	0	0	0	0	0	0	0	0	0	0	0	0	0	0	0	0	0	0	28	64	45	61	54	63	7	30	23	43	31	34	10
0	0	0	0	0	0	0	0	0	0	0	0	0	0	0	0	0	0	0	0	0	0	0	0	0	0	0	0	0	0	0	0	0	0	0	0	0	0	0	0	0	0	0	0	0	0	0	0	0	0	0	0	13	38	36	25	55	26	3	19	53	41	18	19
0	0	0	0	0	0	0	0	0	0	0	0	0	0	0	0	0	0	0	0	0	0	0	0	0	0	0	0	0	0	0	0	0	0	0	0	0	0	0	0	0	0	0	0	0	0	0	0	0	0	0	0	0	26	46	34	62	51	15	4	27	62	40	50
0	0	0	0	0	0	0	0	0	0	0	0	0	0	0	0	0	0	0	0	0	0	0	0	0	0	0	0	0	0	0	0	0	0	0	0	0	0	0	0	0	0	0	0	0	0	0	0	0	0	0	0	0	0	49	9	34	55	2	37	40	15	50	23
0	0	0	0	0	0	0	0	0	0	0	0	0	0	0	0	0	0	0	0	0	0	0	0	0	0	0	0	0	0	0	0	0	0	0	0	0	0	0	0	0	0	0	0	0	0	0	0	0	0	0	0	0	0	0	54	52	31	41	8	47	47	57	43
0	0	0	0	0	0	0	0	0	0	0	0	0	0	0	0	0	0	0	0	0	0	0	0	0	0	0	0	0	0	0	0	0	0	0	0	0	0	0	0	0	0	0	0	0	0	0	0	0	0	0	0	0	0	0	0	29	40	4	6	12	34	5	58
0	0	0	0	0	0	0	0	0	0	0	0	0	0	0	0	0	0	0	0	0	0	0	0	0	0	0	0	0	0	0	0	0	0	0	0	0	0	0	0	0	0	0	0	0	0	0	0	0	0	0	0	0	0	0	0	0	38	24	60	12	7	51	53
0	0	0	0	0	0	0	0	0	0	0	0	0	0	0	0	0	0	0	0	0	0	0	0	0	0	0	0	0	0	0	0	0	0	0	0	0	0	0	0	0	0	0	0	0	0	0	0	0	0	0	0	0	0	0	0	0	0	33	2	19	20	50	12
0	0	0	0	0	0	0	0	0	0	0	0	0	0	0	0	0	0	0	0	0	0	0	0	0	0	0	0	0	0	0	0	0	0	0	0	0	0	0	0	0	0	0	0	0	0	0	0	0	0	0	0	0	0	0	0	0	0	0	32	40	28	50	46
0	0	0	0	0	0	0	0	0	0	0	0	0	0	0	0	0	0	0	0	0	0	0	0	0	0	0	0	0	0	0	0	0	0	0	0	0	0	0	0	0	0	0	0	0	0	0	0	0	0	0	0	0	0	0	0	0	0	0	0	1	52	5	16
0	0	0	0	0	0	0	0	0	0	0	0	0	0	0	0	0	0	0	0	0	0	0	0	0	0	0	0	0	0	0	0	0	0	0	0	0	0	0	0	0	0	0	0	0	0	0	0	0	0	0	0	0	0	0	0	0	0	0	0	0	5	39	56
0	0	0	0	0	0	0	0	0	0	0	0	0	0	0	0	0	0	0	0	0	0	0	0	0	0	0	0	0	0	0	0	0	0	0	0	0	0	0	0	0	0	0	0	0	0	0	0	0	0	0	0	0	0	0	0	0	0	0	0	0	0	27	39
0	0	0	0	0	0	0	0	0	0	0	0	0	0	0	0	0	0	0	0	0	0	0	0	0	0	0	0	0	0	0	0	0	0	0	0	0	0	0	0	0	0	0	0	0	0	0	0	0	0	0	0	0	0	0	0	0	0	0	0	0	0	0	55
0	0	0	0	0	0	0	0	0	0	0	0	0	0	0	0	0	0	0	0	0	0	0	0	0	0	0	0	0	0	0	0	0	0	0	0	0	0	0	0	0	0	0	0	0	0	0	0	0	0	0	0	0	0	0	0	0	0	0	0	0	0	0	0