0	42	8	48	56	54	27	15	40	36	53	34	4	15	40	42	13	54	47	37	5	42	39	55	38	50	62	12	31	29	33	24	24	18	59	23	40	40	64	36	9	9	21	6	50	53	4	26	8	59	52	45	31	3	53	18	15	41	36	11	43	59	52	24
0	0	30	45	22	59	45	56	22	49	56	58	39	21	63	34	24	41	21	3	43	15	42	2	35	59	63	61	25	55	24	42	41	59	7	64	8	62	39	49	51	62	42	40	5	39	15	27	4	64	56	35	54	15	26	64	46	31	49	43	39	44	3	32
0	0	0	60	55	11	24	36	27	49	37	34	36	36	12	49	41	48	56	41	8	35	15	34	52	7	32	58	1	20	35	56	14	16	18	13	1	40	24	43	41	33	32	19	4	53	5	4	29	25	39	8	39	39	19	59	25	41	31	37	12	45	8	29
0	0	0	0	19	1	54	16	57	55	53	24	35	10	5	56	45	9	47	57	63	12	54	13	14	20	32	2	50	14	15	28	26	6	58	61	34	21	16	34	26	27	61	43	5	58	15	58	2	50	50	19	27	7	62	42	53	22	15	30	7	53	50	29
0	0	0	0	0	39	20	42	51	35	7	27	20	9	35	23	46	32	30	55	44	12	30	20	56	7	51	31	39	21	39	63	22	1	5	44	8	54	16	22	46	58	60	51	26	43	13	11	33	13	49	64	64	19	50	51	46	63	41	3	56	27	18	22
0	0	0	0	0	0	5	34	6	22	32	57	43	6	16	2	55	11	2	15	54	29	25	51	25	9	11	49	11	35	16	39	49	28	58	24	62	50	30	44	17	59	46	10	59	3	32	32	28	52	54	61	34	58	59	33	61	45	45	32	28	19	46	59
0	0	0	0	0	0	0	19	22	40	43	24	56	52	43	5	33	27	23	7	3	60	21	57	45	18	41	28	44	46	37	22	24	59	55	17	48	64	37	20	44	14	2	45	62	48	57	55	46	27	46	30	28	60	56	44	59	13	64	8	45	4	35	39
0	0	0	0	0	0	0	0	57	46	32	56	16	45	36	33	38	53	12	8	30	26	49	25	56	20	17	50	22	11	6	61	59	24	21	64	56	36	3	21	18	4	56	51	8	57	47	29	53	62	56	64	41	3	50	32	38	58	46	56	28	42	13	13
0	0	0	0	0	0	0	0	0	39	9	42	8	8	42	15	46	60	60	58	16	20	49	19	60	40	57	59	60	17	1	18	21	51	60	3	55	35	27	40	46	17	42	24	35	7	6	52	17	15	16	44	34	4	20	29	28	25	5	13	35	50	6	4
0	0	0	0	0	0	0	0	0	0	52	43	61	58	43	7	21	42	56	9	17	60	9	44	61	15	54	8	62	8	19	12	43	43	34	4	8	48	5	13	17	23	18	42	23	63	53	26	2	32	58	23	9	46	3	56	33	50	58	35	25	30	12	43
0	0	0	0	0	0	0	0	0	0	0	36	46	60	14	36	62	58	35	30	58	8	21	7	26	36	51	48	21	35	35	59	24	8	64	35	47	3	53	7	26	41	21	16	13	32	50	61	15	6	53	58	33	5	39	52	55	36	18	13	36	29	28	5
0	0	0	0	0	0	0	0	0	0	0	0	13	17	25	26	37	7	41	46	37	4	62	4	46	14	53	5	48	19	39	49	24	9	12	1	61	58	3	44	51	20	9	24	24	28	50	43	52	37	25	26	14	42	15	32	34	63	13	49	51	35	23	53
0	0	0	0	0	0	0	0	0	0	0	0	0	34	37	47	30	8	13	63	41	49	4	42	57	61	27	31	54	8	4	30	27	32	42	61	32	46	57	26	44	51	60	34	23	63	11	20	18	51	24	2	42	20	50	1	53	20	41	6	5	42	53	27
0	0	0	0	0	0	0	0	0	0	0	0	0	0	62	5	20	9	23	41	10	4	52	1	17	56	51	62	14	2	27	18	14	49	59	23	9	34	50	40	37	16	20	14	39	56	33	38	39	11	57	55	41	47	21	21	36	39	39	14	25	36	48	29
0	0	0	0	0	0	0	0	0	0	0	0	0	0	0	17	57	29	55	5	15	14	10	44	30	47	17	25	39	7	25	19	12	24	7	54	60	46	36	64	55	24	6	60	3	62	56	8	9	2	12	21	26	36	32	35	36	53	34	48	34	54	51	28
0	0	0	0	0	0	0	0	0	0	0	0	0	0	0	0	61	47	3	25	32	52	61	28	39	11	57	46	12	27	58	45	31	11	26	15	33	20	62	61	9	31	36	59	44	61	14	55	45	38	21	35	36	17	64	29	33	28	41	13	14	15	41	39
0	0	0	0	0	0	0	0	0	0	0	0	0	0	0	0	0	22	1	35	47	55	5	58	44	1	15	38	57	3	21	54	1	26	33	62	22	36	9	38	4	20	58	59	20	50	44	54	29	22	33	1	38	32	17	41	14	12	38	12	56	64	29	64
0	0	0	0	0	0	0	0	0	0	0	0	0	0	0	0	0	0	27	20	57	62	8	14	54	64	6	30	29	17	2	55	25	59	11	47	51	38	32	34	33	14	12	35	41	35	9	27	54	57	1	59	3	60	48	13	28	36	45	35	26	27	42	57
0	0	0	0	0	0	0	0	0	0	0	0	0	0	0	0	0	0	0	28	18	16	5	63	40	30	38	53	27	29	54	60	42	60	63	15	26	16	33	21	11	12	2	26	26	21	51	23	23	1	5	15	33	36	24	28	13	58	11	6	4	2	44	54
0	0	0	0	0	0	0	0	0	0	0	0	0	0	0	0	0	0	0	0	55	12	48	4	51	37	53	43	41	45	15	43	42	26	46	6	46	50	31	41	9	23	33	54	9	58	55	1	18	49	6	27	50	7	47	33	12	16	11	28	53	4	9	39
0	0	0	0	0	0	0	0	0	0	0	0	0	0	0	0	0	0	0	0	0	27	61	11	64	31	60	52	63	35	13	21	63	3	60	12	44	23	14	13	20	60	31	23	18	48	25	51	18	21	34	15	35	55	16	64	55	24	10	33	3	18	21	54
0	0	0	0	0	0	0	0	0	0	0	0	0	0	0	0	0	0	0	0	0	0	20	40	41	63	8	63	4	45	34	31	16	37	30	26	41	62	14	16	26	13	49	64	4	20	10	37	51	6	23	25	12	38	6	18	34	43	48	21	47	57	51	64
0	0	0	0	0	0	0	0	0	0	0	0	0	0	0	0	0	0	0	0	0	0	0	49	15	38	6	3	30	59	52	49	1	56	51	9	3	31	16	50	49	49	18	57	30	10	2	20	15	45	6	35	15	64	56	44	23	26	38	35	49	37	32	27
0	0	0	0	0	0	0	0	0	0	0	0	0	0	0	0	0	0	0	0	0	0	0	0	41	58	61	37	9	40	51	48	49	17	32	15	9	50	18	18	1	6	64	54	25	38	40	9	40	48	53	62	61	41	56	53	44	56	11	43	31	53	46	31
0	0	0	0	0	0	0	0	0	0	0	0	0	0	0	0	0	0	0	0	0	0	0	0	0	25	34	47	2	55	9	40	62	30	28	25	57	11	32	38	37	33	28	20	24	8	28	20	35	20	10	56	48	7	31	52	44	14	43	59	23	35	35	47
0	0	0	0	0	0	0	0	0	0	0	0	0	0	0	0	0	0	0	0	0	0	0	0	0	0	60	14	64	52	1	21	62	13	39	64	29	10	31	55	12	4	63	21	5	62	30	44	36	14	64	57	60	50	55	6	46	17	14	42	41	46	9	12
0	0	0	0	0	0	0	0	0	0	0	0	0	0	0	0	0	0	0	0	0	0	0	0	0	0	0	27	53	9	44	36	9	10	4	9	46	11	40	38	37	3	21	53	1	58	22	41	9	2	18	26	16	30	33	44	52	41	64	19	14	50	11	29
0	0	0	0	0	0	0	0	0	0	0	0	0	0	0	0	0	0	0	0	0	0	0	0	0	0	0	0	10	54	53	3	2	59	53	3	31	21	53	7	56	23	16	45	17	63	12	34	43	17	20	63	46	29	20	51	60	9	42	41	52	33	39	57
0	0	0	0	0	0	0	0	0	0	0	0	0	0	0	0	0	0	0	0	0	0	0	0	0	0	0	0	0	11	37	58	35	37	59	46	54	24	60	43	42	55	53	4	3	13	49	19	49	54	5	43	48	1	7	5	40	53	49	40	49	50	53	30
0	0	0	0	0	0	0	0	0	0	0	0	0	0	0	0	0	0	0	0	0	0	0	0	0	0	0	0	0	0	14	45	28	34	60	46	10	28	4	45	36	6	62	7	64	35	7	16	44	51	27	38	31	22	25	56	7	13	16	18	41	58	4	50
0	0	0	0	0	0	0	0	0	0	0	0	0	0	0	0	0	0	0	0	0	0	0	0	0	0	0	0	0	0	0	62	7	29	6	40	12	48	7	63	18	53	24	33	33	46	19	38	23	48	18	62	53	52	43	3	39	52	63	4	12	61	17	35
0	0	0	0	0	0	0	0	0	0	0	0	0	0	0	0	0	0	0	0	0	0	0	0	0	0	0	0	0	0	0	0	21	8	41	59	9	38	9	57	13	49	32	28	62	13	9	36	20	55	43	63	58	54	58	9	28	36	23	15	14	52	19	32
0	0	0	0	0	0	0	0	0	0	0	0	0	0	0	0	0	0	0	0	0	0	0	0	0	0	0	0	0	0	0	0	0	24	39	31	23	12	61	9	17	8	6	28	64	42	23	30	20	38	49	45	7	61	30	15	6	13	45	1	7	14	4	53
0	0	0	0	0	0	0	0	0	0	0	0	0	0	0	0	0	0	0	0	0	0	0	0	0	0	0	0	0	0	0	0	0	0	1	51	4	25	52	46	28	50	19	7	11	44	24	27	26	43	37	7	59	61	48	8	18	62	10	21	25	60	22	50
0	0	0	0	0	0	0	0	0	0	0	0	0	0	0	0	0	0	0	0	0	0	0	0	0	0	0	0	0	0	0	0	0	0	0	27	13	18	25	24	14	42	19	49	19	4	58	12	50	5	33	63	24	64	48	50	60	30	11	9	45	60	54	60
0	0	0	0	0	0	0	0	0	0	0	0	0	0	0	0	0	0	0	0	0	0	0	0	0	0	0	0	0	0	0	0	0	0	0	0	59	1	64	8	64	11	10	40	47	49	7	15	54	62	5	47	4	40	58	26	38	28	42	40	23	37	44	45
0	0	0	0	0	0	0	0	0	0	0	0	0	0	0	0	0	0	0	0	0	0	0	0	0	0	0	0	0	0	0	0	0	0	0	0	0	64	1	59	52	57	3	18	21	61	2	10	56	28	22	22	62	48	41	9	19	55	61	15	49	3	60	46
0	0	0	0	0	0	0	0	0	0	0	0	0	0	0	0	0	0	0	0	0	0	0	0	0	0	0	0	0	0	0	0	0	0	0	0	0	0	42	49	64	53	39	54	13	50	24	57	6	11	27	19	25	12	22	17	51	61	6	8	49	64	27	5
0	0	0	0	0	0	0	0	0	0	0	0	0	0	0	0	0	0	0	0	0	0	0	0	0	0	0	0	0	0	0	0	0	0	0	0	0	0	0	5	52	20	40	3	12	13	43	49	33	47	22	4	24	54	10	62	9	8	13	51	5	59	36	56
0	0	0	0	0	0	0	0	0	0	0	0	0	0	0	0	0	0	0	0	0	0	0	0	0	0	0	0	0	0	0	0	0	0	0	0	0	0	0	0	38	13	49	26	29	28	39	14	17	19	32	44	28	5	28	62	37	57	56	35	44	28	19	29
0	0	0	0	0	0	0	0	0	0	0	0	0	0	0	0	0	0	0	0	0	0	0	0	0	0	0	0	0	0	0	0	0	0	0	0	0	0	0	0	0	22	50	32	38	34	55	26	42	8	9	24	61	45	53	28	19	19	59	43	40	7	17	29
0	0	0	0	0	0	0	0	0	0	0	0	0	0	0	0	0	0	0	0	0	0	0	0	0	0	0	0	0	0	0	0	0	0	0	0	0	0	0	0	0	0	62	18	40	43	41	55	30	62	21	55	6	60	15	20	27	55	12	23	29	16	18	61
0	0	0	0	0	0	0	0	0	0	0	0	0	0	0	0	0	0	0	0	0	0	0	0	0	0	0	0	0	0	0	0	0	0	0	0	0	0	0	0	0	0	0	7	36	13	46	42	40	26	59	62	31	41	5	64	6	44	9	58	39	32	1	35
0	0	0	0	0	0	0	0	0	0	0	0	0	0	0	0	0	0	0	0	0	0	0	0	0	0	0	0	0	0	0	0	0	0	0	0	0	0	0	0	0	0	0	0	20	61	24	19	41	3	40	47	18	10	10	3	34	25	46	62	60	47	23	22
0	0	0	0	0	0	0	0	0	0	0	0	0	0	0	0	0	0	0	0	0	0	0	0	0	0	0	0	0	0	0	0	0	0	0	0	0	0	0	0	0	0	0	0	0	4	25	41	63	47	16	59	5	25	37	12	1	31	28	28	59	53	6	7
0	0	0	0	0	0	0	0	0	0	0	0	0	0	0	0	0	0	0	0	0	0	0	0	0	0	0	0	0	0	0	0	0	0	0	0	0	0	0	0	0	0	0	0	0	0	22	49	18	4	20	59	3	58	30	11	23	14	55	10	64	51	64	19
0	0	0	0	0	0	0	0	0	0	0	0	0	0	0	0	0	0	0	0	0	0	0	0	0	0	0	0	0	0	0	0	0	0	0	0	0	0	0	0	0	0	0	0	0	0	0	57	29	41	28	23	53	13	55	17	8	42	36	26	9	22	60	55
0	0	0	0	0	0	0	0	0	0	0	0	0	0	0	0	0	0	0	0	0	0	0	0	0	0	0	0	0	0	0	0	0	0	0	0	0	0	0	0	0	0	0	0	0	0	0	0	51	21	24	15	11	36	29	21	4	43	2	64	46	63	10	28
0	0	0	0	0	0	0	0	0	0	0	0	0	0	0	0	0	0	0	0	0	0	0	0	0	0	0	0	0	0	0	0	0	0	0	0	0	0	0	0	0	0	0	0	0	0	0	0	0	26	58	14	23	1	10	40	53	20	51	54	46	53	12	4
0	0	0	0	0	0	0	0	0	0	0	0	0	0	0	0	0	0	0	0	0	0	0	0	0	0	0	0	0	0	0	0	0	0	0	0	0	0	0	0	0	0	0	0	0	0	0	0	0	0	1	54	61	58	56	1	34	19	28	35	16	18	15	3
0	0	0	0	0	0	0	0	0	0	0	0	0	0	0	0	0	0	0	0	0	0	0	0	0	0	0	0	0	0	0	0	0	0	0	0	0	0	0	0	0	0	0	0	0	0	0	0	0	0	0	43	11	62	5	41	57	37	38	51	8	35	30	40
0	0	0	0	0	0	0	0	0	0	0	0	0	0	0	0	0	0	0	0	0	0	0	0	0	0	0	0	0	0	0	0	0	0	0	0	0	0	0	0	0	0	0	0	0	0	0	0	0	0	0	0	46	37	32	13	41	29	37	60	27	6	29	16
0	0	0	0	0	0	0	0	0	0	0	0	0	0	0	0	0	0	0	0	0	0	0	0	0	0	0	0	0	0	0	0	0	0	0	0	0	0	0	0	0	0	0	0	0	0	0	0	0	0	0	0	0	5	40	58	25	18	58	59	26	14	56	54
0	0	0	0	0	0	0	0	0	0	0	0	0	0	0	0	0	0	0	0	0	0	0	0	0	0	0	0	0	0	0	0	0	0	0	0	0	0	0	0	0	0	0	0	0	0	0	0	0	0	0	0	0	0	46	41	20	46	30	10	26	45	16	34
0	0	0	0	0	0	0	0	0	0	0	0	0	0	0	0	0	0	0	0	0	0	0	0	0	0	0	0	0	0	0	0	0	0	0	0	0	0	0	0	0	0	0	0	0	0	0	0	0	0	0	0	0	0	0	16	13	55	4	40	48	30	23	42
0	0	0	0	0	0	0	0	0	0	0	0	0	0	0	0	0	0	0	0	0	0	0	0	0	0	0	0	0	0	0	0	0	0	0	0	0	0	0	0	0	0	0	0	0	0	0	0	0	0	0	0	0	0	0	0	10	20	15	43	42	18	64	35
0	0	0	0	0	0	0	0	0	0	0	0	0	0	0	0	0	0	0	0	0	0	0	0	0	0	0	0	0	0	0	0	0	0	0	0	0	0	0	0	0	0	0	0	0	0	0	0	0	0	0	0	0	0	0	0	0	8	22	52	62	57	18	12
0	0	0	0	0	0	0	0	0	0	0	0	0	0	0	0	0	0	0	0	0	0	0	0	0	0	0	0	0	0	0	0	0	0	0	0	0	0	0	0	0	0	0	0	0	0	0	0	0	0	0	0	0	0	0	0	0	0	56	39	39	38	34	17
0	0	0	0	0	0	0	0	0	0	0	0	0	0	0	0	0	0	0	0	0	0	0	0	0	0	0	0	0	0	0	0	0	0	0	0	0	0	0	0	0	0	0	0	0	0	0	0	0	0	0	0	0	0	0	0	0	0	0	14	21	54	27	22
0	0	0	0	0	0	0	0	0	0	0	0	0	0	0	0	0	0	0	0	0	0	0	0	0	0	0	0	0	0	0	0	0	0	0	0	0	0	0	0	0	0	0	0	0	0	0	0	0	0	0	0	0	0	0	0	0	0	0	0	15	7	50	32
0	0	0	0	0	0	0	0	0	0	0	0	0	0	0	0	0	0	0	0	0	0	0	0	0	0	0	0	0	0	0	0	0	0	0	0	0	0	0	0	0	0	0	0	0	0	0	0	0	0	0	0	0	0	0	0	0	0	0	0	0	13	58	10
0	0	0	0	0	0	0	0	0	0	0	0	0	0	0	0	0	0	0	0	0	0	0	0	0	0	0	0	0	0	0	0	0	0	0	0	0	0	0	0	0	0	0	0	0	0	0	0	0	0	0	0	0	0	0	0	0	0	0	0	0	0	18	39
0	0	0	0	0	0	0	0	0	0	0	0	0	0	0	0	0	0	0	0	0	0	0	0	0	0	0	0	0	0	0	0	0	0	0	0	0	0	0	0	0	0	0	0	0	0	0	0	0	0	0	0	0	0	0	0	0	0	0	0	0	0	0	53
0	0	0	0	0	0	0	0	0	0	0	0	0	0	0	0	0	0	0	0	0	0	0	0	0	0	0	0	0	0	0	0	0	0	0	0	0	0	0	0	0	0	0	0	0	0	0	0	0	0	0	0	0	0	0	0	0	0	0	0	0	0	0	0