0	41	23	9	12	45	53	57	35	13	33	51	1	28	13	39	14	9	7	31	18	48	57	34	24	52	55	33	19	14	45	28	47	1	46	4	55	24	51	25	41	20	33	47	9	38	60	15	12	44	47	60	12	49	57	31	50	47	56	49	47	3	43	9
0	0	10	21	37	24	24	35	60	29	59	38	38	7	39	21	59	58	62	37	61	17	29	64	48	28	56	37	28	12	37	37	32	55	63	43	38	19	1	46	7	59	52	41	5	57	31	56	33	29	58	13	29	8	59	54	57	15	11	55	33	34	4	53
0	0	0	7	51	60	34	59	34	24	46	6	46	60	20	15	28	11	15	16	46	58	7	13	14	46	30	54	58	7	55	27	64	33	28	7	29	26	1	43	22	12	61	31	28	10	61	53	22	27	14	2	5	15	55	20	1	54	1	59	43	48	39	9
0	0	0	0	2	61	32	26	59	10	23	30	49	10	23	6	27	5	64	4	37	11	52	13	5	28	7	35	1	34	48	61	60	7	28	61	53	62	24	26	15	56	42	41	58	17	50	7	25	3	63	3	62	36	36	37	35	29	10	9	41	36	54	6
0	0	0	0	0	46	51	10	57	12	45	1	45	61	58	6	20	31	48	4	1	17	37	40	41	46	12	6	7	55	16	45	55	8	63	8	23	42	59	45	15	30	12	17	32	36	20	18	7	59	39	3	33	3	13	63	38	55	54	25	49	33	13	49
0	0	0	0	0	0	15	44	3	64	11	61	17	42	17	13	42	37	5	25	37	30	53	11	24	64	26	54	33	64	53	38	41	14	53	60	32	40	19	16	56	28	10	7	42	29	63	52	16	57	15	17	16	41	57	45	39	60	24	61	34	29	32	24
0	0	0	0	0	0	0	51	34	11	25	21	28	12	47	43	13	12	34	4	25	22	29	59	48	35	25	10	41	47	14	6	57	16	22	60	47	41	59	8	50	45	42	30	29	29	5	17	51	49	47	32	43	23	10	64	27	62	21	43	37	23	50	9
0	0	0	0	0	0	0	0	13	17	3	41	28	9	56	63	26	36	50	49	24	62	60	19	44	41	62	11	8	19	34	10	27	10	21	34	32	63	29	8	2	9	45	27	42	4	4	55	4	63	38	34	11	38	6	63	38	14	5	36	23	3	43	55
0	0	0	0	0	0	0	0	0	35	57	58	47	64	60	4	41	58	46	51	47	7	6	33	33	36	8	4	15	22	55	27	1	15	3	51	60	25	54	43	39	62	14	7	62	60	33	49	62	2	11	43	3	24	63	27	46	53	13	35	1	10	15	19
0	0	0	0	0	0	0	0	0	0	35	39	26	4	21	38	42	58	20	53	22	64	61	6	23	14	34	42	48	60	12	36	44	35	6	14	42	15	17	28	58	52	38	31	46	5	19	13	62	49	54	50	13	46	38	12	46	39	38	23	52	16	5	44
0	0	0	0	0	0	0	0	0	0	0	4	7	64	34	60	58	49	11	38	48	57	37	11	22	24	52	10	26	48	53	50	25	14	10	17	9	16	53	5	13	13	33	40	26	5	41	41	53	24	59	49	51	9	41	2	12	26	8	24	43	19	20	25
0	0	0	0	0	0	0	0	0	0	0	0	43	50	43	37	41	1	30	33	56	57	32	64	61	23	19	33	42	8	27	21	18	12	33	45	12	53	42	43	45	2	25	37	52	20	39	40	52	26	17	19	50	36	9	45	24	13	53	14	35	43	49	29
0	0	0	0	0	0	0	0	0	0	0	0	0	23	8	48	20	63	18	10	39	11	33	9	58	28	59	58	6	27	31	51	7	15	11	10	51	41	34	18	39	19	24	4	29	29	53	61	5	2	51	42	27	49	38	28	49	29	5	55	56	32	38	26
0	0	0	0	0	0	0	0	0	0	0	0	0	0	16	37	18	41	58	7	49	32	30	3	35	30	21	47	6	6	39	15	8	33	10	39	4	48	55	35	40	36	5	47	8	11	63	55	55	5	64	45	15	22	42	17	18	6	64	16	64	2	33	1
0	0	0	0	0	0	0	0	0	0	0	0	0	0	0	10	31	9	60	47	47	58	2	2	42	11	31	23	45	44	4	25	60	56	54	43	52	35	60	34	63	60	15	63	57	7	50	16	25	29	59	44	15	50	35	19	44	45	30	33	51	3	36	20
0	0	0	0	0	0	0	0	0	0	0	0	0	0	0	0	21	18	24	11	47	30	27	60	3	58	29	24	9	22	41	24	28	56	42	57	3	13	32	40	18	44	16	57	36	7	31	4	30	52	26	39	37	34	28	33	28	53	11	45	43	48	37	51
0	0	0	0	0	0	0	0	0	0	0	0	0	0	0	0	0	10	49	27	21	43	1	1	7	11	47	60	13	21	32	29	6	55	6	63	1	1	35	50	5	2	58	16	19	52	5	18	12	60	59	51	60	20	32	30	35	52	37	9	26	53	55	59
0	0	0	0	0	0	0	0	0	0	0	0	0	0	0	0	0	0	28	34	22	2	9	59	52	61	2	53	10	63	7	11	22	24	45	63	15	56	13	26	42	45	36	40	30	5	10	30	14	13	28	47	11	36	36	1	46	59	2	11	58	55	22	17
0	0	0	0	0	0	0	0	0	0	0	0	0	0	0	0	0	0	0	29	27	14	52	23	6	59	43	8	55	21	33	9	45	42	16	34	29	32	60	63	28	52	44	54	57	47	54	40	41	5	8	49	60	21	60	57	47	38	26	14	51	8	39	7
0	0	0	0	0	0	0	0	0	0	0	0	0	0	0	0	0	0	0	0	9	57	59	57	41	30	39	24	55	63	38	7	57	13	17	20	39	38	20	14	19	3	11	63	40	45	8	25	34	36	10	48	5	16	30	35	38	22	28	7	4	62	29	35
0	0	0	0	0	0	0	0	0	0	0	0	0	0	0	0	0	0	0	0	0	48	47	38	19	36	38	23	63	43	10	7	12	20	19	32	20	40	32	63	14	55	3	5	14	61	18	19	56	35	44	41	8	62	40	61	5	54	21	21	63	34	42	54
0	0	0	0	0	0	0	0	0	0	0	0	0	0	0	0	0	0	0	0	0	0	56	47	63	55	11	46	61	39	43	15	63	47	35	30	13	11	61	59	63	30	46	63	45	62	24	4	21	23	42	62	19	28	50	23	37	47	39	5	48	4	46	1
0	0	0	0	0	0	0	0	0	0	0	0	0	0	0	0	0	0	0	0	0	0	0	9	20	36	42	42	27	17	15	53	4	31	47	38	57	42	14	28	64	57	2	35	25	6	61	53	45	57	37	47	32	14	63	11	13	42	13	41	27	39	20	21
0	0	0	0	0	0	0	0	0	0	0	0	0	0	0	0	0	0	0	0	0	0	0	0	46	13	22	2	47	60	18	1	64	11	60	62	58	1	44	51	5	55	36	19	24	49	62	54	57	44	29	60	38	15	25	59	39	5	23	60	42	61	11	31
0	0	0	0	0	0	0	0	0	0	0	0	0	0	0	0	0	0	0	0	0	0	0	0	0	19	19	1	31	25	38	37	23	58	40	14	25	44	19	48	15	35	30	31	47	8	54	21	16	4	1	27	41	7	9	8	32	41	23	62	5	16	18	3
0	0	0	0	0	0	0	0	0	0	0	0	0	0	0	0	0	0	0	0	0	0	0	0	0	0	2	57	55	21	43	38	47	19	53	62	48	61	26	53	9	34	8	19	61	51	6	44	30	25	60	9	18	28	42	36	33	46	27	27	12	58	25	30
0	0	0	0	0	0	0	0	0	0	0	0	0	0	0	0	0	0	0	0	0	0	0	0	0	0	0	23	48	49	20	27	2	56	43	32	40	37	53	63	19	43	50	15	60	61	33	13	22	59	15	26	64	25	19	37	44	49	25	44	41	19	17	52
0	0	0	0	0	0	0	0	0	0	0	0	0	0	0	0	0	0	0	0	0	0	0	0	0	0	0	0	49	57	24	26	44	25	56	38	46	23	60	1	17	7	50	8	14	36	36	5	56	36	56	29	3	14	29	36	42	33	16	62	17	24	58	4
0	0	0	0	0	0	0	0	0	0	0	0	0	0	0	0	0	0	0	0	0	0	0	0	0	0	0	0	0	31	30	40	44	46	45	11	63	6	47	17	40	33	59	45	22	41	30	23	20	40	3	60	33	14	45	25	23	10	7	60	26	46	49	59
0	0	0	0	0	0	0	0	0	0	0	0	0	0	0	0	0	0	0	0	0	0	0	0	0	0	0	0	0	0	44	31	50	32	63	23	22	39	7	35	60	25	5	2	49	56	61	56	18	37	4	55	1	42	46	51	63	13	14	10	9	49	17	63
0	0	0	0	0	0	0	0	0	0	0	0	0	0	0	0	0	0	0	0	0	0	0	0	0	0	0	0	0	0	0	6	43	52	60	24	63	49	10	48	20	34	16	59	16	45	13	7	24	33	57	38	54	10	39	19	16	55	32	51	52	25	31	11
0	0	0	0	0	0	0	0	0	0	0	0	0	0	0	0	0	0	0	0	0	0	0	0	0	0	0	0	0	0	0	0	24	38	26	14	39	35	63	38	16	62	29	1	22	1	37	7	56	57	22	59	52	60	7	10	11	1	49	4	16	5	3	36
0	0	0	0	0	0	0	0	0	0	0	0	0	0	0	0	0	0	0	0	0	0	0	0	0	0	0	0	0	0	0	0	0	21	47	56	29	6	35	48	61	12	11	57	54	63	57	59	10	63	48	4	56	15	48	31	39	26	60	49	44	63	16	49
0	0	0	0	0	0	0	0	0	0	0	0	0	0	0	0	0	0	0	0	0	0	0	0	0	0	0	0	0	0	0	0	0	0	22	57	18	26	18	15	2	39	37	6	58	34	15	12	32	33	59	64	35	39	42	61	8	21	15	13	13	58	18	28
0	0	0	0	0	0	0	0	0	0	0	0	0	0	0	0	0	0	0	0	0	0	0	0	0	0	0	0	0	0	0	0	0	0	0	58	52	60	31	39	17	35	56	51	14	2	51	40	28	56	48	30	1	55	49	22	32	17	12	9	62	51	7	49
0	0	0	0	0	0	0	0	0	0	0	0	0	0	0	0	0	0	0	0	0	0	0	0	0	0	0	0	0	0	0	0	0	0	0	0	30	17	40	27	1	58	14	28	4	2	27	26	54	58	32	1	19	47	27	60	57	5	7	29	60	1	28	58
0	0	0	0	0	0	0	0	0	0	0	0	0	0	0	0	0	0	0	0	0	0	0	0	0	0	0	0	0	0	0	0	0	0	0	0	0	3	57	51	48	60	64	22	58	28	4	57	18	27	2	25	21	19	49	58	14	18	35	28	38	22	56	57
0	0	0	0	0	0	0	0	0	0	0	0	0	0	0	0	0	0	0	0	0	0	0	0	0	0	0	0	0	0	0	0	0	0	0	0	0	0	28	55	22	61	35	36	50	1	19	25	22	19	59	25	33	21	43	13	15	30	60	44	40	63	6	40
0	0	0	0	0	0	0	0	0	0	0	0	0	0	0	0	0	0	0	0	0	0	0	0	0	0	0	0	0	0	0	0	0	0	0	0	0	0	0	2	7	14	27	38	53	35	56	19	5	61	8	10	49	26	26	49	39	13	15	26	51	24	56	29
0	0	0	0	0	0	0	0	0	0	0	0	0	0	0	0	0	0	0	0	0	0	0	0	0	0	0	0	0	0	0	0	0	0	0	0	0	0	0	0	21	3	27	63	56	57	43	1	40	64	50	34	54	6	3	63	39	49	61	2	26	22	16	60
0	0	0	0	0	0	0	0	0	0	0	0	0	0	0	0	0	0	0	0	0	0	0	0	0	0	0	0	0	0	0	0	0	0	0	0	0	0	0	0	0	15	36	4	24	50	30	43	44	53	50	7	64	39	42	61	45	37	53	34	12	28	36	40
0	0	0	0	0	0	0	0	0	0	0	0	0	0	0	0	0	0	0	0	0	0	0	0	0	0	0	0	0	0	0	0	0	0	0	0	0	0	0	0	0	0	18	21	62	20	47	43	59	36	41	36	30	6	8	48	38	22	43	8	57	35	25	37
0	0	0	0	0	0	0	0	0	0	0	0	0	0	0	0	0	0	0	0	0	0	0	0	0	0	0	0	0	0	0	0	0	0	0	0	0	0	0	0	0	0	0	35	4	46	24	64	42	64	18	35	30	45	10	26	35	1	62	62	34	16	52	44
0	0	0	0	0	0	0	0	0	0	0	0	0	0	0	0	0	0	0	0	0	0	0	0	0	0	0	0	0	0	0	0	0	0	0	0	0	0	0	0	0	0	0	0	54	39	9	8	21	28	36	5	41	12	18	64	26	38	55	16	35	17	21	35
0	0	0	0	0	0	0	0	0	0	0	0	0	0	0	0	0	0	0	0	0	0	0	0	0	0	0	0	0	0	0	0	0	0	0	0	0	0	0	0	0	0	0	0	0	60	9	2	5	21	37	46	64	64	17	48	45	39	38	41	13	49	33	4
0	0	0	0	0	0	0	0	0	0	0	0	0	0	0	0	0	0	0	0	0	0	0	0	0	0	0	0	0	0	0	0	0	0	0	0	0	0	0	0	0	0	0	0	0	0	9	9	14	10	10	50	39	28	15	10	41	7	49	63	23	36	48	43
0	0	0	0	0	0	0	0	0	0	0	0	0	0	0	0	0	0	0	0	0	0	0	0	0	0	0	0	0	0	0	0	0	0	0	0	0	0	0	0	0	0	0	0	0	0	0	34	25	27	13	52	44	16	41	31	49	39	50	43	23	22	44	20
0	0	0	0	0	0	0	0	0	0	0	0	0	0	0	0	0	0	0	0	0	0	0	0	0	0	0	0	0	0	0	0	0	0	0	0	0	0	0	0	0	0	0	0	0	0	0	0	45	44	35	55	39	12	42	39	37	3	2	6	54	36	19	35
0	0	0	0	0	0	0	0	0	0	0	0	0	0	0	0	0	0	0	0	0	0	0	0	0	0	0	0	0	0	0	0	0	0	0	0	0	0	0	0	0	0	0	0	0	0	0	0	0	9	37	47	61	59	47	8	25	40	64	64	28	47	52	36
0	0	0	0	0	0	0	0	0	0	0	0	0	0	0	0	0	0	0	0	0	0	0	0	0	0	0	0	0	0	0	0	0	0	0	0	0	0	0	0	0	0	0	0	0	0	0	0	0	0	20	12	40	27	64	33	40	44	22	19	7	60	32	27
0	0	0	0	0	0	0	0	0	0	0	0	0	0	0	0	0	0	0	0	0	0	0	0	0	0	0	0	0	0	0	0	0	0	0	0	0	0	0	0	0	0	0	0	0	0	0	0	0	0	0	62	59	19	52	35	52	60	47	34	45	36	5	14
0	0	0	0	0	0	0	0	0	0	0	0	0	0	0	0	0	0	0	0	0	0	0	0	0	0	0	0	0	0	0	0	0	0	0	0	0	0	0	0	0	0	0	0	0	0	0	0	0	0	0	0	53	28	26	43	44	40	44	61	57	38	36	17
0	0	0	0	0	0	0	0	0	0	0	0	0	0	0	0	0	0	0	0	0	0	0	0	0	0	0	0	0	0	0	0	0	0	0	0	0	0	0	0	0	0	0	0	0	0	0	0	0	0	0	0	0	45	8	30	41	11	34	46	21	43	28	23
0	0	0	0	0	0	0	0	0	0	0	0	0	0	0	0	0	0	0	0	0	0	0	0	0	0	0	0	0	0	0	0	0	0	0	0	0	0	0	0	0	0	0	0	0	0	0	0	0	0	0	0	0	0	48	17	19	8	20	58	56	25	64	4
0	0	0	0	0	0	0	0	0	0	0	0	0	0	0	0	0	0	0	0	0	0	0	0	0	0	0	0	0	0	0	0	0	0	0	0	0	0	0	0	0	0	0	0	0	0	0	0	0	0	0	0	0	0	0	48	34	3	14	7	43	44	10	29
0	0	0	0	0	0	0	0	0	0	0	0	0	0	0	0	0	0	0	0	0	0	0	0	0	0	0	0	0	0	0	0	0	0	0	0	0	0	0	0	0	0	0	0	0	0	0	0	0	0	0	0	0	0	0	0	28	33	59	56	33	4	23	63
0	0	0	0	0	0	0	0	0	0	0	0	0	0	0	0	0	0	0	0	0	0	0	0	0	0	0	0	0	0	0	0	0	0	0	0	0	0	0	0	0	0	0	0	0	0	0	0	0	0	0	0	0	0	0	0	0	29	55	59	1	62	20	40
0	0	0	0	0	0	0	0	0	0	0	0	0	0	0	0	0	0	0	0	0	0	0	0	0	0	0	0	0	0	0	0	0	0	0	0	0	0	0	0	0	0	0	0	0	0	0	0	0	0	0	0	0	0	0	0	0	0	26	28	4	64	4	27
0	0	0	0	0	0	0	0	0	0	0	0	0	0	0	0	0	0	0	0	0	0	0	0	0	0	0	0	0	0	0	0	0	0	0	0	0	0	0	0	0	0	0	0	0	0	0	0	0	0	0	0	0	0	0	0	0	0	0	45	39	44	59	30
0	0	0	0	0	0	0	0	0	0	0	0	0	0	0	0	0	0	0	0	0	0	0	0	0	0	0	0	0	0	0	0	0	0	0	0	0	0	0	0	0	0	0	0	0	0	0	0	0	0	0	0	0	0	0	0	0	0	0	0	20	46	27	23
0	0	0	0	0	0	0	0	0	0	0	0	0	0	0	0	0	0	0	0	0	0	0	0	0	0	0	0	0	0	0	0	0	0	0	0	0	0	0	0	0	0	0	0	0	0	0	0	0	0	0	0	0	0	0	0	0	0	0	0	0	9	49	39
0	0	0	0	0	0	0	0	0	0	0	0	0	0	0	0	0	0	0	0	0	0	0	0	0	0	0	0	0	0	0	0	0	0	0	0	0	0	0	0	0	0	0	0	0	0	0	0	0	0	0	0	0	0	0	0	0	0	0	0	0	0	5	55
0	0	0	0	0	0	0	0	0	0	0	0	0	0	0	0	0	0	0	0	0	0	0	0	0	0	0	0	0	0	0	0	0	0	0	0	0	0	0	0	0	0	0	0	0	0	0	0	0	0	0	0	0	0	0	0	0	0	0	0	0	0	0	9
0	0	0	0	0	0	0	0	0	0	0	0	0	0	0	0	0	0	0	0	0	0	0	0	0	0	0	0	0	0	0	0	0	0	0	0	0	0	0	0	0	0	0	0	0	0	0	0	0	0	0	0	0	0	0	0	0	0	0	0	0	0	0	0