0	45	41	25	33	6	45	34	11	48	33	52	59	23	11	49	3	5	56	8	25	28	20	51	21	37	30	40	24	47	8	50	23	40	45	32	23	30	36	24	37	24	45	38	43	57	1	13	60	22	59	60	20	8	26	25	12	47	24	21	48	63	4	16
0	0	55	17	39	17	8	25	40	1	8	36	26	52	10	13	60	7	18	10	64	53	38	19	4	63	58	37	14	61	40	11	25	38	21	27	14	12	22	48	47	49	35	57	2	3	52	61	40	15	34	16	61	49	53	36	11	54	20	60	57	23	34	10
0	0	0	49	5	9	11	28	24	34	21	60	54	62	44	37	16	54	23	20	21	7	34	23	1	49	8	22	47	56	18	60	51	39	60	18	3	8	47	35	57	56	50	46	12	31	41	60	47	46	24	29	5	56	20	3	29	34	53	59	57	36	41	10
0	0	0	0	48	6	13	37	4	23	44	38	52	53	9	41	29	23	53	25	2	49	49	2	5	21	30	16	45	39	60	31	22	24	43	10	42	22	23	16	54	32	60	53	36	16	2	23	51	37	38	29	52	2	33	6	37	4	44	38	24	30	51	58
0	0	0	0	0	48	6	5	60	10	33	35	10	17	20	10	31	51	4	29	37	9	39	21	16	56	43	17	55	26	20	38	15	52	1	5	43	23	51	20	40	49	18	13	62	9	7	64	61	1	57	22	19	15	21	42	16	51	49	37	32	39	45	40
0	0	0	0	0	0	19	53	25	33	17	27	27	1	54	25	30	10	48	30	39	21	24	50	40	34	28	31	33	47	27	57	62	28	19	29	46	44	63	13	25	28	19	28	47	43	37	21	28	17	1	14	53	11	45	41	26	35	11	57	8	64	10	58
0	0	0	0	0	0	0	20	12	53	50	48	27	38	21	14	42	12	10	60	40	8	56	13	29	64	18	44	56	25	60	41	19	38	10	61	43	6	43	46	1	10	59	37	7	12	42	60	52	46	11	56	45	48	40	20	17	13	55	44	59	23	63	60
0	0	0	0	0	0	0	0	25	23	26	43	39	29	49	39	50	19	4	31	60	7	39	48	34	8	17	40	62	27	58	42	24	45	39	12	18	10	9	36	30	26	48	55	62	14	53	6	9	13	54	30	11	37	23	60	33	57	37	15	15	19	33	51
0	0	0	0	0	0	0	0	0	28	38	10	26	30	1	45	9	3	5	35	32	20	47	43	62	60	21	22	42	22	49	29	59	12	11	64	44	61	40	39	51	52	19	8	13	64	58	8	64	59	12	50	38	36	34	53	25	62	64	14	31	59	42	37
0	0	0	0	0	0	0	0	0	0	52	33	44	8	6	43	20	48	23	30	45	5	16	10	35	41	10	15	28	58	58	45	61	7	47	4	28	41	51	4	6	61	20	40	53	18	40	12	63	47	58	62	51	41	16	21	47	18	44	35	56	42	15	20
0	0	0	0	0	0	0	0	0	0	0	48	44	28	45	16	18	36	63	43	16	26	16	57	15	14	17	55	53	17	22	40	54	37	25	61	18	32	6	49	59	5	44	51	35	24	15	60	4	30	50	16	31	32	22	59	29	47	23	4	18	47	46	44
0	0	0	0	0	0	0	0	0	0	0	0	33	49	5	53	19	54	54	50	15	39	22	22	11	63	29	34	53	13	4	30	39	46	11	25	23	32	60	60	32	26	7	55	50	19	15	61	56	38	3	22	50	49	39	32	56	32	20	49	6	58	13	7
0	0	0	0	0	0	0	0	0	0	0	0	0	7	36	55	2	17	2	19	42	28	10	40	43	34	31	53	36	14	31	16	48	41	50	6	52	7	60	32	31	14	26	40	52	57	52	22	1	33	58	35	61	13	53	21	48	51	14	41	2	14	53	64
0	0	0	0	0	0	0	0	0	0	0	0	0	0	63	39	19	10	63	57	57	18	5	5	6	21	46	62	4	27	53	55	50	49	38	32	37	56	43	32	46	53	45	7	24	25	23	1	7	32	29	2	43	35	33	25	5	24	16	7	40	36	1	45
0	0	0	0	0	0	0	0	0	0	0	0	0	0	0	8	52	23	38	40	2	16	18	23	32	31	52	35	16	15	25	20	32	5	3	1	52	20	39	63	18	48	55	12	39	64	22	56	33	64	37	49	33	9	54	25	2	4	2	48	10	21	57	60
0	0	0	0	0	0	0	0	0	0	0	0	0	0	0	0	63	46	1	56	59	3	18	26	45	56	58	23	20	5	64	17	2	7	57	13	14	43	41	46	30	26	58	45	44	29	34	55	57	33	61	53	31	15	45	44	56	13	28	46	10	51	32	42
0	0	0	0	0	0	0	0	0	0	0	0	0	0	0	0	0	8	6	28	57	27	21	43	63	44	24	50	27	23	41	43	45	27	60	36	49	57	40	5	46	9	28	28	12	11	19	2	4	3	4	30	32	44	43	46	23	56	2	30	3	34	1	56
0	0	0	0	0	0	0	0	0	0	0	0	0	0	0	0	0	0	17	30	40	33	22	25	5	20	10	4	58	10	57	18	11	29	44	49	13	55	33	54	30	1	10	50	47	8	30	42	32	41	14	22	38	26	30	20	7	57	14	61	48	8	5	18
0	0	0	0	0	0	0	0	0	0	0	0	0	0	0	0	0	0	0	33	45	64	37	2	12	44	32	50	31	21	42	22	27	38	24	9	11	59	14	6	60	32	38	33	14	27	38	51	63	57	28	7	9	28	38	52	22	55	15	62	35	34	5	55
0	0	0	0	0	0	0	0	0	0	0	0	0	0	0	0	0	0	0	0	57	21	22	5	44	45	19	39	45	39	24	61	34	1	2	43	38	60	64	14	9	11	11	55	42	62	31	14	64	61	60	61	24	47	30	44	32	42	54	2	2	24	60	51
0	0	0	0	0	0	0	0	0	0	0	0	0	0	0	0	0	0	0	0	0	3	9	53	12	26	46	36	16	14	17	44	14	6	29	18	64	2	59	55	47	52	58	13	61	9	42	56	21	40	36	26	31	23	10	56	16	55	22	41	37	60	31	6
0	0	0	0	0	0	0	0	0	0	0	0	0	0	0	0	0	0	0	0	0	0	34	9	26	27	8	10	3	53	11	29	36	39	7	41	37	24	41	44	42	33	10	60	63	52	54	4	26	28	1	2	35	60	52	60	8	54	49	31	5	52	28	34
0	0	0	0	0	0	0	0	0	0	0	0	0	0	0	0	0	0	0	0	0	0	0	64	54	42	12	8	61	16	33	7	23	1	34	53	40	44	22	18	34	45	2	21	14	53	6	37	64	28	21	53	39	3	16	41	64	61	54	24	49	38	8	46
0	0	0	0	0	0	0	0	0	0	0	0	0	0	0	0	0	0	0	0	0	0	0	0	39	64	29	4	55	12	58	60	34	6	11	37	16	45	35	48	15	63	32	34	44	45	48	55	46	61	14	28	21	28	5	58	37	48	15	1	54	54	38	31
0	0	0	0	0	0	0	0	0	0	0	0	0	0	0	0	0	0	0	0	0	0	0	0	0	11	54	4	30	48	51	62	52	21	24	55	46	56	5	28	47	51	49	13	20	43	5	52	55	6	26	1	57	50	31	50	30	36	62	45	57	56	18	58
0	0	0	0	0	0	0	0	0	0	0	0	0	0	0	0	0	0	0	0	0	0	0	0	0	0	14	37	62	20	63	40	5	34	7	22	10	16	1	24	27	31	28	27	33	21	37	23	8	17	20	53	45	25	17	30	22	62	19	23	58	1	48	53
0	0	0	0	0	0	0	0	0	0	0	0	0	0	0	0	0	0	0	0	0	0	0	0	0	0	0	46	63	49	6	33	46	55	18	36	17	31	48	17	54	22	26	20	35	3	20	51	63	46	46	45	58	53	29	36	2	11	4	34	42	9	10	38
0	0	0	0	0	0	0	0	0	0	0	0	0	0	0	0	0	0	0	0	0	0	0	0	0	0	0	0	28	6	38	54	39	42	42	1	57	14	36	18	48	11	11	56	1	57	63	54	26	15	54	15	39	34	12	14	45	56	62	13	9	54	62	13
0	0	0	0	0	0	0	0	0	0	0	0	0	0	0	0	0	0	0	0	0	0	0	0	0	0	0	0	0	57	11	29	42	53	10	46	23	36	27	38	47	33	34	9	42	57	43	20	58	24	60	3	28	28	55	2	3	18	41	33	46	49	20	5
0	0	0	0	0	0	0	0	0	0	0	0	0	0	0	0	0	0	0	0	0	0	0	0	0	0	0	0	0	0	36	49	9	30	2	12	23	14	63	5	13	52	61	22	64	61	55	26	9	17	31	52	25	62	2	52	29	16	7	57	7	28	16	52
0	0	0	0	0	0	0	0	0	0	0	0	0	0	0	0	0	0	0	0	0	0	0	0	0	0	0	0	0	0	0	36	34	45	28	45	12	27	32	37	17	10	8	32	26	44	48	25	24	9	35	27	39	14	58	12	5	7	35	59	34	18	29	53
0	0	0	0	0	0	0	0	0	0	0	0	0	0	0	0	0	0	0	0	0	0	0	0	0	0	0	0	0	0	0	0	58	32	21	7	13	46	14	21	27	26	49	51	10	61	44	11	57	43	17	54	14	22	41	13	3	31	27	53	20	7	62	63
0	0	0	0	0	0	0	0	0	0	0	0	0	0	0	0	0	0	0	0	0	0	0	0	0	0	0	0	0	0	0	0	0	12	46	9	43	1	38	12	60	27	43	25	47	9	45	19	17	51	56	28	54	36	41	37	19	31	56	47	19	23	33	34
0	0	0	0	0	0	0	0	0	0	0	0	0	0	0	0	0	0	0	0	0	0	0	0	0	0	0	0	0	0	0	0	0	0	24	39	64	64	63	46	25	54	38	28	58	3	19	2	56	5	25	10	42	39	47	10	33	53	54	61	26	18	61	23
0	0	0	0	0	0	0	0	0	0	0	0	0	0	0	0	0	0	0	0	0	0	0	0	0	0	0	0	0	0	0	0	0	0	0	2	16	61	42	20	44	11	23	58	33	41	30	56	15	7	55	14	20	38	50	48	36	60	13	59	39	19	28	49
0	0	0	0	0	0	0	0	0	0	0	0	0	0	0	0	0	0	0	0	0	0	0	0	0	0	0	0	0	0	0	0	0	0	0	0	43	3	8	61	64	46	36	35	59	17	36	62	20	60	63	5	5	21	50	22	1	39	25	64	63	36	44	44
0	0	0	0	0	0	0	0	0	0	0	0	0	0	0	0	0	0	0	0	0	0	0	0	0	0	0	0	0	0	0	0	0	0	0	0	0	56	29	39	18	60	18	61	18	51	20	58	45	52	18	34	18	36	3	29	18	51	50	14	8	61	62	13
0	0	0	0	0	0	0	0	0	0	0	0	0	0	0	0	0	0	0	0	0	0	0	0	0	0	0	0	0	0	0	0	0	0	0	0	0	0	17	63	13	23	56	18	33	25	28	26	34	19	11	27	2	40	34	4	38	7	44	43	51	9	30	5
0	0	0	0	0	0	0	0	0	0	0	0	0	0	0	0	0	0	0	0	0	0	0	0	0	0	0	0	0	0	0	0	0	0	0	0	0	0	0	58	24	46	25	14	42	49	46	9	5	13	43	17	50	26	61	62	23	54	21	8	15	52	35	12
0	0	0	0	0	0	0	0	0	0	0	0	0	0	0	0	0	0	0	0	0	0	0	0	0	0	0	0	0	0	0	0	0	0	0	0	0	0	0	0	5	47	59	41	8	49	24	55	57	48	64	3	16	42	43	55	3	50	2	28	10	59	22	21
0	0	0	0	0	0	0	0	0	0	0	0	0	0	0	0	0	0	0	0	0	0	0	0	0	0	0	0	0	0	0	0	0	0	0	0	0	0	0	0	0	51	61	7	46	22	43	38	59	39	22	30	60	24	51	6	36	46	14	22	17	42	11	11
0	0	0	0	0	0	0	0	0	0	0	0	0	0	0	0	0	0	0	0	0	0	0	0	0	0	0	0	0	0	0	0	0	0	0	0	0	0	0	0	0	0	49	29	27	59	27	6	13	50	1	42	52	56	56	42	44	24	23	49	32	4	18	11
0	0	0	0	0	0	0	0	0	0	0	0	0	0	0	0	0	0	0	0	0	0	0	0	0	0	0	0	0	0	0	0	0	0	0	0	0	0	0	0	0	0	0	35	15	10	9	49	28	40	45	36	11	22	40	61	18	59	10	4	1	45	16	29
0	0	0	0	0	0	0	0	0	0	0	0	0	0	0	0	0	0	0	0	0	0	0	0	0	0	0	0	0	0	0	0	0	0	0	0	0	0	0	0	0	0	0	0	27	63	52	18	21	28	4	44	4	52	2	4	52	24	29	50	12	13	15	29
0	0	0	0	0	0	0	0	0	0	0	0	0	0	0	0	0	0	0	0	0	0	0	0	0	0	0	0	0	0	0	0	0	0	0	0	0	0	0	0	0	0	0	0	0	2	50	29	57	18	47	62	56	51	48	13	8	53	1	7	61	7	13	1
0	0	0	0	0	0	0	0	0	0	0	0	0	0	0	0	0	0	0	0	0	0	0	0	0	0	0	0	0	0	0	0	0	0	0	0	0	0	0	0	0	0	0	0	0	0	30	5	62	38	54	56	43	4	2	2	29	10	2	57	54	28	43	22
0	0	0	0	0	0	0	0	0	0	0	0	0	0	0	0	0	0	0	0	0	0	0	0	0	0	0	0	0	0	0	0	0	0	0	0	0	0	0	0	0	0	0	0	0	0	0	55	35	25	27	51	13	51	47	56	56	2	35	40	47	34	51	44
0	0	0	0	0	0	0	0	0	0	0	0	0	0	0	0	0	0	0	0	0	0	0	0	0	0	0	0	0	0	0	0	0	0	0	0	0	0	0	0	0	0	0	0	0	0	0	0	39	10	20	63	35	22	34	38	28	20	40	9	43	39	28	63
0	0	0	0	0	0	0	0	0	0	0	0	0	0	0	0	0	0	0	0	0	0	0	0	0	0	0	0	0	0	0	0	0	0	0	0	0	0	0	0	0	0	0	0	0	0	0	0	0	38	60	12	26	13	12	50	24	3	50	5	11	32	8	20
0	0	0	0	0	0	0	0	0	0	0	0	0	0	0	0	0	0	0	0	0	0	0	0	0	0	0	0	0	0	0	0	0	0	0	0	0	0	0	0	0	0	0	0	0	0	0	0	0	0	53	59	17	43	62	12	41	17	50	9	63	12	29	20
0	0	0	0	0	0	0	0	0	0	0	0	0	0	0	0	0	0	0	0	0	0	0	0	0	0	0	0	0	0	0	0	0	0	0	0	0	0	0	0	0	0	0	0	0	0	0	0	0	0	0	27	48	17	62	10	54	11	61	42	23	48	26	31
0	0	0	0	0	0	0	0	0	0	0	0	0	0	0	0	0	0	0	0	0	0	0	0	0	0	0	0	0	0	0	0	0	0	0	0	0	0	0	0	0	0	0	0	0	0	0	0	0	0	0	0	2	17	63	42	7	51	8	3	2	50	16	42
0	0	0	0	0	0	0	0	0	0	0	0	0	0	0	0	0	0	0	0	0	0	0	0	0	0	0	0	0	0	0	0	0	0	0	0	0	0	0	0	0	0	0	0	0	0	0	0	0	0	0	0	0	51	12	44	16	44	57	23	37	25	52	10
0	0	0	0	0	0	0	0	0	0	0	0	0	0	0	0	0	0	0	0	0	0	0	0	0	0	0	0	0	0	0	0	0	0	0	0	0	0	0	0	0	0	0	0	0	0	0	0	0	0	0	0	0	0	12	43	38	45	20	44	38	9	54	47
0	0	0	0	0	0	0	0	0	0	0	0	0	0	0	0	0	0	0	0	0	0	0	0	0	0	0	0	0	0	0	0	0	0	0	0	0	0	0	0	0	0	0	0	0	0	0	0	0	0	0	0	0	0	0	14	40	31	25	58	61	48	40	34
0	0	0	0	0	0	0	0	0	0	0	0	0	0	0	0	0	0	0	0	0	0	0	0	0	0	0	0	0	0	0	0	0	0	0	0	0	0	0	0	0	0	0	0	0	0	0	0	0	0	0	0	0	0	0	0	37	22	1	60	62	44	35	19
0	0	0	0	0	0	0	0	0	0	0	0	0	0	0	0	0	0	0	0	0	0	0	0	0	0	0	0	0	0	0	0	0	0	0	0	0	0	0	0	0	0	0	0	0	0	0	0	0	0	0	0	0	0	0	0	0	43	3	26	16	29	37	59
0	0	0	0	0	0	0	0	0	0	0	0	0	0	0	0	0	0	0	0	0	0	0	0	0	0	0	0	0	0	0	0	0	0	0	0	0	0	0	0	0	0	0	0	0	0	0	0	0	0	0	0	0	0	0	0	0	0	23	26	15	48	34	59
0	0	0	0	0	0	0	0	0	0	0	0	0	0	0	0	0	0	0	0	0	0	0	0	0	0	0	0	0	0	0	0	0	0	0	0	0	0	0	0	0	0	0	0	0	0	0	0	0	0	0	0	0	0	0	0	0	0	0	35	6	7	49	60
0	0	0	0	0	0	0	0	0	0	0	0	0	0	0	0	0	0	0	0	0	0	0	0	0	0	0	0	0	0	0	0	0	0	0	0	0	0	0	0	0	0	0	0	0	0	0	0	0	0	0	0	0	0	0	0	0	0	0	0	31	59	33	26
0	0	0	0	0	0	0	0	0	0	0	0	0	0	0	0	0	0	0	0	0	0	0	0	0	0	0	0	0	0	0	0	0	0	0	0	0	0	0	0	0	0	0	0	0	0	0	0	0	0	0	0	0	0	0	0	0	0	0	0	0	27	56	40
0	0	0	0	0	0	0	0	0	0	0	0	0	0	0	0	0	0	0	0	0	0	0	0	0	0	0	0	0	0	0	0	0	0	0	0	0	0	0	0	0	0	0	0	0	0	0	0	0	0	0	0	0	0	0	0	0	0	0	0	0	0	3	43
0	0	0	0	0	0	0	0	0	0	0	0	0	0	0	0	0	0	0	0	0	0	0	0	0	0	0	0	0	0	0	0	0	0	0	0	0	0	0	0	0	0	0	0	0	0	0	0	0	0	0	0	0	0	0	0	0	0	0	0	0	0	0	63
0	0	0	0	0	0	0	0	0	0	0	0	0	0	0	0	0	0	0	0	0	0	0	0	0	0	0	0	0	0	0	0	0	0	0	0	0	0	0	0	0	0	0	0	0	0	0	0	0	0	0	0	0	0	0	0	0	0	0	0	0	0	0	0