0	13	15	39	18	10	8	1	59	63	15	27	46	53	63	37	46	61	50	50	32	13	34	54	29	33	6	19	36	33	40	18	34	54	2	11	50	41	22	56	58	11	1	41	13	39	63	35	5	21	30	30	13	46	19	3	32	37	32	11	14	14	11	7
0	0	47	37	52	40	39	37	64	19	36	45	34	39	34	28	18	35	53	57	23	58	19	62	44	25	17	53	64	44	9	52	61	63	51	38	43	48	5	21	53	7	35	47	1	6	7	20	15	19	1	62	11	39	6	38	35	19	60	32	43	47	41	20
0	0	0	15	3	2	6	46	12	56	25	34	18	61	30	48	21	52	44	4	37	59	7	3	43	56	49	49	14	35	7	22	51	63	51	21	64	29	52	60	61	22	51	49	54	26	2	42	61	43	1	64	37	36	49	4	41	11	30	23	25	34	47	43
0	0	0	0	33	18	29	11	23	52	26	46	43	57	20	7	10	35	40	42	35	28	38	44	40	4	54	40	18	22	3	9	11	59	25	40	21	4	34	18	9	27	61	36	17	36	63	15	19	18	49	57	7	12	42	8	57	48	30	22	30	32	44	44
0	0	0	0	0	16	29	53	62	33	59	13	20	12	40	7	22	52	37	59	51	43	24	50	54	2	32	24	15	58	57	45	4	15	58	34	26	30	46	35	9	24	16	37	17	49	61	11	36	25	9	19	62	53	32	38	42	31	54	46	43	25	23	24
0	0	0	0	0	0	42	32	27	55	4	59	1	24	37	48	61	11	15	8	36	7	1	34	53	64	57	43	49	8	9	44	6	21	1	32	27	14	49	22	32	2	59	14	56	29	48	37	56	58	1	26	51	43	27	42	7	13	46	4	31	44	1	57
0	0	0	0	0	0	0	32	32	20	30	12	35	3	17	59	40	62	35	44	60	12	56	64	39	1	18	60	39	8	32	3	62	2	6	45	23	37	7	43	2	48	49	24	5	29	48	58	48	38	12	46	10	13	5	12	4	42	51	15	7	42	53	51
0	0	0	0	0	0	0	0	50	46	26	16	3	63	5	49	13	21	60	17	39	2	59	22	62	30	6	33	52	27	26	13	31	38	51	20	15	29	55	21	39	44	40	12	58	33	30	50	58	40	41	30	29	63	13	44	40	3	39	21	31	5	32	3
0	0	0	0	0	0	0	0	0	8	41	8	21	17	15	34	21	14	5	56	31	4	51	17	13	16	19	7	58	49	17	1	47	23	15	16	23	7	17	53	61	47	56	24	2	7	43	22	12	57	27	37	15	32	27	34	30	38	12	43	44	49	33	60
0	0	0	0	0	0	0	0	0	0	44	39	64	30	8	19	9	40	17	12	1	31	57	17	64	40	19	57	35	8	28	10	45	60	44	30	38	21	38	18	6	64	37	61	11	9	17	2	47	27	11	58	50	41	32	31	25	28	63	1	46	11	14	38
0	0	0	0	0	0	0	0	0	0	0	63	7	51	46	54	53	32	63	61	62	64	13	36	60	63	9	25	10	37	21	12	63	7	24	51	4	53	29	44	37	17	43	8	10	30	32	9	37	18	54	45	19	23	36	27	18	6	11	62	24	61	48	42
0	0	0	0	0	0	0	0	0	0	0	0	33	7	25	50	22	57	35	41	22	4	17	44	55	22	38	21	6	31	3	39	32	36	25	64	31	8	13	36	12	29	5	22	63	1	58	33	2	44	59	27	18	54	55	17	15	26	60	48	12	44	17	62
0	0	0	0	0	0	0	0	0	0	0	0	0	33	2	64	45	26	40	45	38	59	42	63	58	50	29	61	46	51	44	5	11	15	63	39	60	50	7	24	32	27	25	56	6	46	53	63	28	7	7	49	8	56	64	21	21	37	16	27	23	1	51	38
0	0	0	0	0	0	0	0	0	0	0	0	0	0	52	28	34	35	19	47	24	17	31	39	64	1	47	33	51	18	29	43	21	55	25	25	24	38	14	52	39	41	21	25	20	1	12	52	18	46	8	3	8	19	39	33	16	13	31	35	31	45	61	8
0	0	0	0	0	0	0	0	0	0	0	0	0	0	0	26	47	42	7	17	36	49	26	54	59	38	8	37	53	3	8	33	58	16	38	44	64	48	63	12	47	11	63	54	31	61	13	20	54	20	61	54	33	28	38	45	40	6	12	19	19	15	24	52
0	0	0	0	0	0	0	0	0	0	0	0	0	0	0	0	43	57	34	3	56	38	41	12	60	8	3	59	24	28	54	52	4	1	5	50	12	20	45	3	13	7	17	16	15	31	9	7	19	61	35	33	50	45	61	28	6	51	17	50	36	50	4	18
0	0	0	0	0	0	0	0	0	0	0	0	0	0	0	0	0	25	13	22	16	14	37	4	59	6	41	54	27	63	24	2	16	25	13	52	30	13	22	56	8	58	55	15	27	28	56	50	61	9	42	12	30	24	26	26	23	16	33	6	38	42	1	12
0	0	0	0	0	0	0	0	0	0	0	0	0	0	0	0	0	0	52	44	60	9	56	3	4	51	52	10	31	22	5	19	48	56	20	1	32	56	7	20	37	51	18	40	15	24	43	60	18	49	61	33	31	26	60	41	40	22	5	45	30	51	18	45
0	0	0	0	0	0	0	0	0	0	0	0	0	0	0	0	0	0	0	14	43	48	7	58	58	60	15	14	3	3	13	50	1	28	48	2	5	37	23	41	60	49	45	20	51	39	20	13	19	25	29	4	49	20	64	9	11	12	20	53	55	47	29	15
0	0	0	0	0	0	0	0	0	0	0	0	0	0	0	0	0	0	0	0	61	16	63	9	13	44	51	16	39	60	18	32	29	16	35	28	19	12	3	51	52	54	46	24	19	27	7	7	2	60	22	45	16	17	20	40	44	28	60	19	29	51	56	50
0	0	0	0	0	0	0	0	0	0	0	0	0	0	0	0	0	0	0	0	0	8	38	54	28	7	20	62	32	57	59	44	60	33	44	29	50	31	33	44	38	48	43	45	56	54	4	50	47	2	34	50	10	33	42	53	10	23	40	43	55	45	45	13
0	0	0	0	0	0	0	0	0	0	0	0	0	0	0	0	0	0	0	0	0	0	60	55	16	17	59	51	41	23	14	2	54	22	57	26	26	3	55	64	63	14	20	62	39	18	57	37	33	64	14	23	32	8	21	53	33	29	4	28	21	21	29	38
0	0	0	0	0	0	0	0	0	0	0	0	0	0	0	0	0	0	0	0	0	0	0	30	43	61	50	50	16	41	22	61	50	54	57	1	10	2	14	21	51	35	15	51	4	53	35	37	55	21	29	49	9	14	4	62	14	16	19	35	28	32	13	62
0	0	0	0	0	0	0	0	0	0	0	0	0	0	0	0	0	0	0	0	0	0	0	0	59	64	22	46	3	37	55	1	30	6	25	29	50	60	33	44	12	51	52	12	18	42	50	5	5	14	49	23	42	12	26	48	12	22	28	62	30	47	11	27
0	0	0	0	0	0	0	0	0	0	0	0	0	0	0	0	0	0	0	0	0	0	0	0	0	57	57	31	50	2	37	13	20	17	63	58	44	18	15	40	58	59	60	31	3	64	37	7	6	54	40	17	64	54	43	2	29	29	23	8	6	18	50	57
0	0	0	0	0	0	0	0	0	0	0	0	0	0	0	0	0	0	0	0	0	0	0	0	0	0	53	3	22	29	4	21	10	33	47	36	62	4	51	42	47	34	19	8	49	30	3	20	59	36	62	9	3	18	6	55	19	38	60	31	18	46	14	16
0	0	0	0	0	0	0	0	0	0	0	0	0	0	0	0	0	0	0	0	0	0	0	0	0	0	0	51	21	15	8	49	61	61	40	22	27	52	43	13	30	63	59	5	52	52	56	35	29	47	37	51	38	24	60	2	13	14	45	2	50	19	22	53
0	0	0	0	0	0	0	0	0	0	0	0	0	0	0	0	0	0	0	0	0	0	0	0	0	0	0	0	51	32	55	58	30	24	14	14	58	59	17	45	37	20	23	11	15	62	30	61	8	4	48	1	4	64	58	30	51	63	2	58	27	52	5	46
0	0	0	0	0	0	0	0	0	0	0	0	0	0	0	0	0	0	0	0	0	0	0	0	0	0	0	0	0	25	1	22	6	5	9	40	3	37	59	64	64	33	38	12	58	51	56	38	2	19	23	49	31	2	15	64	43	57	44	50	39	21	7	2
0	0	0	0	0	0	0	0	0	0	0	0	0	0	0	0	0	0	0	0	0	0	0	0	0	0	0	0	0	0	51	61	35	25	6	52	6	34	46	49	15	43	38	1	47	51	33	36	34	33	9	57	32	26	38	43	35	21	7	52	34	16	19	30
0	0	0	0	0	0	0	0	0	0	0	0	0	0	0	0	0	0	0	0	0	0	0	0	0	0	0	0	0	0	0	64	50	20	18	22	15	36	1	9	10	53	2	40	9	49	21	37	33	22	44	21	9	18	63	48	28	40	49	15	4	60	41	44
0	0	0	0	0	0	0	0	0	0	0	0	0	0	0	0	0	0	0	0	0	0	0	0	0	0	0	0	0	0	0	0	55	26	53	14	50	43	23	47	22	2	9	48	8	51	50	17	2	12	28	31	19	12	32	57	13	3	46	60	41	24	58	1
0	0	0	0	0	0	0	0	0	0	0	0	0	0	0	0	0	0	0	0	0	0	0	0	0	0	0	0	0	0	0	0	0	7	26	13	22	9	43	16	42	2	22	20	54	5	55	55	43	22	12	34	22	41	22	38	57	1	35	10	13	17	37	22
0	0	0	0	0	0	0	0	0	0	0	0	0	0	0	0	0	0	0	0	0	0	0	0	0	0	0	0	0	0	0	0	0	0	7	33	47	53	17	43	11	26	11	33	23	10	12	20	56	47	54	7	15	2	24	28	46	62	47	21	58	56	58	45
0	0	0	0	0	0	0	0	0	0	0	0	0	0	0	0	0	0	0	0	0	0	0	0	0	0	0	0	0	0	0	0	0	0	0	44	32	5	1	53	47	53	23	59	21	8	3	64	19	24	6	52	30	29	19	23	16	42	19	8	48	23	60	15
0	0	0	0	0	0	0	0	0	0	0	0	0	0	0	0	0	0	0	0	0	0	0	0	0	0	0	0	0	0	0	0	0	0	0	0	7	20	59	18	11	18	15	60	7	45	54	40	45	54	41	28	63	38	57	12	4	63	11	27	32	6	21	40
0	0	0	0	0	0	0	0	0	0	0	0	0	0	0	0	0	0	0	0	0	0	0	0	0	0	0	0	0	0	0	0	0	0	0	0	0	24	47	61	56	46	21	28	29	26	20	35	44	14	9	21	22	49	49	27	49	28	21	23	61	21	23	51
0	0	0	0	0	0	0	0	0	0	0	0	0	0	0	0	0	0	0	0	0	0	0	0	0	0	0	0	0	0	0	0	0	0	0	0	0	0	15	40	30	39	33	61	2	31	60	58	12	29	53	17	7	29	48	5	62	31	49	8	35	32	37	24
0	0	0	0	0	0	0	0	0	0	0	0	0	0	0	0	0	0	0	0	0	0	0	0	0	0	0	0	0	0	0	0	0	0	0	0	0	0	0	64	56	50	32	13	18	18	48	61	48	4	61	34	54	57	26	10	8	35	17	61	48	52	24	37
0	0	0	0	0	0	0	0	0	0	0	0	0	0	0	0	0	0	0	0	0	0	0	0	0	0	0	0	0	0	0	0	0	0	0	0	0	0	0	0	38	33	49	33	32	29	14	52	37	1	63	12	16	36	55	15	9	40	15	18	26	9	23	46
0	0	0	0	0	0	0	0	0	0	0	0	0	0	0	0	0	0	0	0	0	0	0	0	0	0	0	0	0	0	0	0	0	0	0	0	0	0	0	0	0	63	31	17	47	3	22	4	62	51	39	52	40	61	7	5	22	16	14	43	28	25	1	26
0	0	0	0	0	0	0	0	0	0	0	0	0	0	0	0	0	0	0	0	0	0	0	0	0	0	0	0	0	0	0	0	0	0	0	0	0	0	0	0	0	0	4	38	42	56	5	33	26	46	10	61	38	16	3	46	12	1	53	42	47	6	58	61
0	0	0	0	0	0	0	0	0	0	0	0	0	0	0	0	0	0	0	0	0	0	0	0	0	0	0	0	0	0	0	0	0	0	0	0	0	0	0	0	0	0	0	7	25	46	35	8	43	61	32	26	1	26	59	46	57	19	24	23	31	55	52	28
0	0	0	0	0	0	0	0	0	0	0	0	0	0	0	0	0	0	0	0	0	0	0	0	0	0	0	0	0	0	0	0	0	0	0	0	0	0	0	0	0	0	0	0	44	62	27	56	50	17	7	62	59	63	3	12	20	15	14	63	20	12	56	2
0	0	0	0	0	0	0	0	0	0	0	0	0	0	0	0	0	0	0	0	0	0	0	0	0	0	0	0	0	0	0	0	0	0	0	0	0	0	0	0	0	0	0	0	0	30	24	17	38	48	34	12	25	27	10	39	4	27	9	4	44	44	63	59
0	0	0	0	0	0	0	0	0	0	0	0	0	0	0	0	0	0	0	0	0	0	0	0	0	0	0	0	0	0	0	0	0	0	0	0	0	0	0	0	0	0	0	0	0	0	40	10	2	51	22	54	57	15	11	22	6	60	34	53	2	23	15	45
0	0	0	0	0	0	0	0	0	0	0	0	0	0	0	0	0	0	0	0	0	0	0	0	0	0	0	0	0	0	0	0	0	0	0	0	0	0	0	0	0	0	0	0	0	0	0	17	44	45	30	43	37	57	33	32	26	17	10	29	27	42	5	24
0	0	0	0	0	0	0	0	0	0	0	0	0	0	0	0	0	0	0	0	0	0	0	0	0	0	0	0	0	0	0	0	0	0	0	0	0	0	0	0	0	0	0	0	0	0	0	0	61	61	36	59	44	52	45	62	27	27	32	28	55	58	3	3
0	0	0	0	0	0	0	0	0	0	0	0	0	0	0	0	0	0	0	0	0	0	0	0	0	0	0	0	0	0	0	0	0	0	0	0	0	0	0	0	0	0	0	0	0	0	0	0	0	12	3	43	4	50	21	41	13	60	15	32	39	15	6	18
0	0	0	0	0	0	0	0	0	0	0	0	0	0	0	0	0	0	0	0	0	0	0	0	0	0	0	0	0	0	0	0	0	0	0	0	0	0	0	0	0	0	0	0	0	0	0	0	0	0	58	63	45	22	23	63	13	14	59	62	54	52	43	64
0	0	0	0	0	0	0	0	0	0	0	0	0	0	0	0	0	0	0	0	0	0	0	0	0	0	0	0	0	0	0	0	0	0	0	0	0	0	0	0	0	0	0	0	0	0	0	0	0	0	0	45	57	26	6	47	24	11	58	62	62	11	2	48
0	0	0	0	0	0	0	0	0	0	0	0	0	0	0	0	0	0	0	0	0	0	0	0	0	0	0	0	0	0	0	0	0	0	0	0	0	0	0	0	0	0	0	0	0	0	0	0	0	0	0	0	12	48	45	59	14	26	54	37	6	28	20	44
0	0	0	0	0	0	0	0	0	0	0	0	0	0	0	0	0	0	0	0	0	0	0	0	0	0	0	0	0	0	0	0	0	0	0	0	0	0	0	0	0	0	0	0	0	0	0	0	0	0	0	0	0	17	36	11	24	9	52	39	45	10	43	57
0	0	0	0	0	0	0	0	0	0	0	0	0	0	0	0	0	0	0	0	0	0	0	0	0	0	0	0	0	0	0	0	0	0	0	0	0	0	0	0	0	0	0	0	0	0	0	0	0	0	0	0	0	0	26	28	6	19	54	28	5	22	25	43
0	0	0	0	0	0	0	0	0	0	0	0	0	0	0	0	0	0	0	0	0	0	0	0	0	0	0	0	0	0	0	0	0	0	0	0	0	0	0	0	0	0	0	0	0	0	0	0	0	0	0	0	0	0	0	26	46	25	2	35	12	43	8	13
0	0	0	0	0	0	0	0	0	0	0	0	0	0	0	0	0	0	0	0	0	0	0	0	0	0	0	0	0	0	0	0	0	0	0	0	0	0	0	0	0	0	0	0	0	0	0	0	0	0	0	0	0	0	0	0	9	49	2	36	37	63	38	27
0	0	0	0	0	0	0	0	0	0	0	0	0	0	0	0	0	0	0	0	0	0	0	0	0	0	0	0	0	0	0	0	0	0	0	0	0	0	0	0	0	0	0	0	0	0	0	0	0	0	0	0	0	0	0	0	0	39	40	17	32	29	3	11
0	0	0	0	0	0	0	0	0	0	0	0	0	0	0	0	0	0	0	0	0	0	0	0	0	0	0	0	0	0	0	0	0	0	0	0	0	0	0	0	0	0	0	0	0	0	0	0	0	0	0	0	0	0	0	0	0	0	20	8	14	48	13	4
0	0	0	0	0	0	0	0	0	0	0	0	0	0	0	0	0	0	0	0	0	0	0	0	0	0	0	0	0	0	0	0	0	0	0	0	0	0	0	0	0	0	0	0	0	0	0	0	0	0	0	0	0	0	0	0	0	0	0	11	19	49	59	14
0	0	0	0	0	0	0	0	0	0	0	0	0	0	0	0	0	0	0	0	0	0	0	0	0	0	0	0	0	0	0	0	0	0	0	0	0	0	0	0	0	0	0	0	0	0	0	0	0	0	0	0	0	0	0	0	0	0	0	0	54	49	37	34
0	0	0	0	0	0	0	0	0	0	0	0	0	0	0	0	0	0	0	0	0	0	0	0	0	0	0	0	0	0	0	0	0	0	0	0	0	0	0	0	0	0	0	0	0	0	0	0	0	0	0	0	0	0	0	0	0	0	0	0	0	37	22	19
0	0	0	0	0	0	0	0	0	0	0	0	0	0	0	0	0	0	0	0	0	0	0	0	0	0	0	0	0	0	0	0	0	0	0	0	0	0	0	0	0	0	0	0	0	0	0	0	0	0	0	0	0	0	0	0	0	0	0	0	0	0	62	1
0	0	0	0	0	0	0	0	0	0	0	0	0	0	0	0	0	0	0	0	0	0	0	0	0	0	0	0	0	0	0	0	0	0	0	0	0	0	0	0	0	0	0	0	0	0	0	0	0	0	0	0	0	0	0	0	0	0	0	0	0	0	0	45
0	0	0	0	0	0	0	0	0	0	0	0	0	0	0	0	0	0	0	0	0	0	0	0	0	0	0	0	0	0	0	0	0	0	0	0	0	0	0	0	0	0	0	0	0	0	0	0	0	0	0	0	0	0	0	0	0	0	0	0	0	0	0	0