0	20	43	19	54	41	17	49	53	54	43	63	32	43	40	54	34	40	49	56	19	40	20	24	36	36	33	41	55	2	15	3	17	33	8	21	45	19	20	43	64	49	47	63	38	23	28	37	60	43	53	45	63	12	34	52	37	34	54	28	16	21	54	23
0	0	53	55	1	43	26	51	57	13	4	64	37	42	55	27	61	41	52	30	60	27	45	57	56	57	28	1	24	60	60	31	50	63	27	39	8	30	6	58	1	35	43	23	50	28	16	42	31	7	64	7	55	19	22	4	49	44	28	34	42	47	43	10
0	0	0	32	35	58	60	48	45	33	20	52	11	10	64	36	38	19	5	26	38	33	20	36	56	52	11	56	28	31	17	34	2	62	45	51	53	35	3	31	9	33	38	13	55	29	40	6	8	12	38	58	59	45	8	31	25	25	17	34	13	19	37	60
0	0	0	0	35	44	49	37	5	50	15	35	34	24	48	48	32	64	55	8	22	23	50	40	24	47	9	17	21	57	26	64	23	21	19	3	6	44	60	44	19	2	13	58	34	9	53	63	43	7	54	13	36	27	61	27	32	18	46	43	46	36	11	51
0	0	0	0	0	37	3	51	35	64	21	50	37	4	47	43	50	54	19	52	53	6	64	14	21	15	38	5	39	33	31	25	14	38	12	33	64	2	54	55	40	37	52	15	22	28	18	30	60	23	44	55	53	54	59	6	56	2	56	2	63	61	34	54
0	0	0	0	0	0	33	25	2	57	29	58	63	64	63	28	22	56	21	19	60	55	26	30	34	59	57	22	26	19	50	41	51	27	25	9	62	2	26	33	47	26	2	64	29	38	32	55	36	51	39	26	52	59	8	27	17	26	12	34	20	20	55	51
0	0	0	0	0	0	0	63	28	46	2	5	31	48	17	10	22	38	31	27	62	9	51	3	57	27	42	4	44	19	19	62	25	38	12	7	11	18	45	56	24	12	37	50	33	45	47	16	9	51	51	36	11	47	29	64	23	36	6	17	17	23	12	37
0	0	0	0	0	0	0	0	11	30	52	35	46	2	30	32	17	27	46	58	60	25	24	59	59	37	47	64	30	38	1	53	6	61	49	29	2	61	19	49	52	39	24	38	13	47	55	31	2	18	10	38	4	64	49	2	19	12	7	56	39	11	15	11
0	0	0	0	0	0	0	0	0	49	56	43	17	31	60	30	17	36	58	55	19	53	29	53	60	51	46	31	35	55	9	31	26	34	63	13	53	24	12	59	20	56	30	45	32	13	19	30	32	60	21	25	49	28	41	7	9	41	37	14	51	62	4	49
0	0	0	0	0	0	0	0	0	0	37	27	12	37	40	32	34	18	31	57	13	28	25	38	50	42	44	6	24	54	23	18	23	24	33	30	6	49	56	47	14	36	30	56	45	7	13	2	12	35	57	23	14	38	35	27	31	11	17	38	4	42	5	49
0	0	0	0	0	0	0	0	0	0	0	62	39	11	35	48	46	6	32	31	22	19	33	1	59	39	29	61	7	50	42	3	11	55	53	16	13	62	60	40	46	59	63	2	40	37	41	45	43	27	64	41	49	11	48	41	59	4	54	45	50	21	1	56
0	0	0	0	0	0	0	0	0	0	0	0	34	53	24	10	35	57	8	18	8	28	58	63	4	60	6	58	56	57	16	1	42	19	27	2	50	62	54	12	54	3	36	33	29	52	45	49	10	2	31	30	30	43	8	62	21	61	20	62	49	40	21	3
0	0	0	0	0	0	0	0	0	0	0	0	0	4	10	16	55	56	37	16	51	28	24	15	52	23	58	61	36	59	62	28	49	38	52	17	13	7	36	14	36	54	42	61	28	33	55	55	17	33	64	18	30	16	40	39	47	55	33	37	2	51	7	29
0	0	0	0	0	0	0	0	0	0	0	0	0	0	26	56	46	36	12	14	31	8	22	46	37	7	62	51	37	60	50	55	55	39	28	38	27	42	25	54	33	52	55	26	64	10	7	60	47	24	2	8	25	28	8	31	26	63	58	36	41	29	20	42
0	0	0	0	0	0	0	0	0	0	0	0	0	0	0	61	49	9	8	53	47	6	27	10	48	15	16	16	7	7	44	5	53	37	64	47	6	49	42	19	43	18	7	40	54	2	28	7	11	58	10	9	12	2	19	56	37	42	47	45	11	52	50	20
0	0	0	0	0	0	0	0	0	0	0	0	0	0	0	0	42	60	36	16	39	43	16	3	61	14	18	57	3	61	44	53	57	20	40	30	46	61	24	42	21	11	16	48	7	2	1	42	64	9	32	45	1	30	2	16	53	51	33	60	22	8	33	63
0	0	0	0	0	0	0	0	0	0	0	0	0	0	0	0	0	38	3	25	30	23	15	28	28	33	55	19	56	38	17	4	33	52	45	9	52	63	63	51	39	62	47	59	31	2	29	33	23	52	39	4	51	44	55	15	23	39	41	36	32	32	25	7
0	0	0	0	0	0	0	0	0	0	0	0	0	0	0	0	0	0	5	49	52	29	53	61	56	1	48	59	42	23	62	22	49	49	61	41	3	33	17	36	6	5	40	17	25	14	44	6	55	36	53	62	56	26	10	39	30	6	18	53	4	37	39	37
0	0	0	0	0	0	0	0	0	0	0	0	0	0	0	0	0	0	0	54	42	38	9	28	10	24	39	23	19	57	60	32	12	36	31	26	29	63	34	19	35	21	11	7	44	27	26	53	16	18	31	34	21	17	49	52	48	63	44	21	13	60	3	26
0	0	0	0	0	0	0	0	0	0	0	0	0	0	0	0	0	0	0	0	63	19	50	42	7	4	19	53	33	39	62	26	57	37	42	47	32	59	33	27	49	14	32	7	34	31	44	56	49	41	38	29	64	25	20	53	30	57	24	44	36	45	38	49
0	0	0	0	0	0	0	0	0	0	0	0	0	0	0	0	0	0	0	0	0	36	43	1	24	56	30	36	46	17	8	47	34	42	64	52	60	59	63	59	46	39	17	10	41	56	22	43	36	62	47	48	63	14	59	63	28	41	2	49	20	9	38	39
0	0	0	0	0	0	0	0	0	0	0	0	0	0	0	0	0	0	0	0	0	0	15	30	26	47	12	27	35	64	16	18	30	22	28	23	3	26	33	53	49	26	20	17	51	13	30	45	43	59	38	5	22	59	57	18	57	36	34	27	27	43	48	26
0	0	0	0	0	0	0	0	0	0	0	0	0	0	0	0	0	0	0	0	0	0	0	58	14	25	17	8	6	5	50	24	12	4	28	12	10	5	6	2	38	10	11	9	54	21	2	24	27	3	50	40	47	54	24	25	36	41	7	19	31	4	14	56
0	0	0	0	0	0	0	0	0	0	0	0	0	0	0	0	0	0	0	0	0	0	0	0	2	25	37	42	63	21	47	50	48	57	16	34	6	61	33	61	42	64	13	38	59	46	34	18	64	48	19	44	18	57	62	28	21	34	18	48	63	63	16	13
0	0	0	0	0	0	0	0	0	0	0	0	0	0	0	0	0	0	0	0	0	0	0	0	0	53	2	33	7	15	21	55	23	3	3	14	60	61	12	56	51	15	37	21	43	32	5	34	45	46	19	17	61	63	41	61	2	63	60	32	17	10	51	44
0	0	0	0	0	0	0	0	0	0	0	0	0	0	0	0	0	0	0	0	0	0	0	0	0	0	18	38	38	11	32	34	57	37	20	19	23	52	5	29	58	63	13	31	27	18	20	52	43	50	37	31	63	19	50	62	7	9	45	13	3	11	9	54
0	0	0	0	0	0	0	0	0	0	0	0	0	0	0	0	0	0	0	0	0	0	0	0	0	0	0	50	26	42	24	43	39	59	37	4	32	40	19	16	11	29	29	25	47	24	4	1	47	41	42	6	56	16	51	35	11	3	57	4	44	14	50	11
0	0	0	0	0	0	0	0	0	0	0	0	0	0	0	0	0	0	0	0	0	0	0	0	0	0	0	0	63	25	25	1	12	37	8	46	48	20	27	18	36	41	55	60	27	10	11	43	58	20	64	17	34	5	42	58	27	22	26	48	6	14	29	54
0	0	0	0	0	0	0	0	0	0	0	0	0	0	0	0	0	0	0	0	0	0	0	0	0	0	0	0	0	31	27	10	12	63	15	15	58	44	1	49	6	54	16	6	27	43	1	15	21	44	22	51	18	35	55	44	13	58	22	23	33	46	1	13
0	0	0	0	0	0	0	0	0	0	0	0	0	0	0	0	0	0	0	0	0	0	0	0	0	0	0	0	0	0	36	38	6	46	11	5	26	44	14	13	28	37	40	4	19	49	47	10	32	1	12	25	3	56	55	24	19	63	3	50	48	47	63	53
0	0	0	0	0	0	0	0	0	0	0	0	0	0	0	0	0	0	0	0	0	0	0	0	0	0	0	0	0	0	0	37	38	56	44	18	32	30	56	61	46	54	31	44	22	41	50	43	15	26	50	48	29	8	37	45	62	35	39	4	9	54	5	31
0	0	0	0	0	0	0	0	0	0	0	0	0	0	0	0	0	0	0	0	0	0	0	0	0	0	0	0	0	0	0	0	48	26	60	36	49	24	50	53	3	27	55	29	34	44	51	45	2	13	39	23	5	48	2	30	48	10	51	15	40	27	11	40
0	0	0	0	0	0	0	0	0	0	0	0	0	0	0	0	0	0	0	0	0	0	0	0	0	0	0	0	0	0	0	0	0	59	36	50	64	24	39	47	52	23	7	13	30	55	9	35	45	24	53	45	17	13	47	28	22	3	34	52	48	61	45	45
0	0	0	0	0	0	0	0	0	0	0	0	0	0	0	0	0	0	0	0	0	0	0	0	0	0	0	0	0	0	0	0	0	0	6	59	20	11	34	11	21	17	56	23	25	18	34	63	42	13	11	49	10	59	18	21	39	6	21	10	19	15	20	26
0	0	0	0	0	0	0	0	0	0	0	0	0	0	0	0	0	0	0	0	0	0	0	0	0	0	0	0	0	0	0	0	0	0	0	61	39	40	16	52	64	45	51	54	15	7	41	34	8	28	21	63	62	9	8	2	6	28	8	55	26	17	6	27
0	0	0	0	0	0	0	0	0	0	0	0	0	0	0	0	0	0	0	0	0	0	0	0	0	0	0	0	0	0	0	0	0	0	0	0	31	57	38	1	21	34	29	57	64	37	15	6	33	46	48	17	59	40	43	3	54	37	50	2	42	30	31	31
0	0	0	0	0	0	0	0	0	0	0	0	0	0	0	0	0	0	0	0	0	0	0	0	0	0	0	0	0	0	0	0	0	0	0	0	0	16	42	6	11	55	17	41	58	57	45	7	3	29	51	25	55	11	25	2	43	3	19	15	42	21	64	34
0	0	0	0	0	0	0	0	0	0	0	0	0	0	0	0	0	0	0	0	0	0	0	0	0	0	0	0	0	0	0	0	0	0	0	0	0	0	18	41	26	51	4	62	15	4	49	52	35	2	14	8	38	61	35	15	5	26	26	27	55	11	58	60
0	0	0	0	0	0	0	0	0	0	0	0	0	0	0	0	0	0	0	0	0	0	0	0	0	0	0	0	0	0	0	0	0	0	0	0	0	0	0	17	19	31	13	60	53	41	23	50	55	18	53	29	27	21	64	44	13	61	13	26	32	22	44	18
0	0	0	0	0	0	0	0	0	0	0	0	0	0	0	0	0	0	0	0	0	0	0	0	0	0	0	0	0	0	0	0	0	0	0	0	0	0	0	0	44	7	16	48	30	31	48	28	11	53	15	53	9	47	44	14	10	29	14	42	1	5	32	1
0	0	0	0	0	0	0	0	0	0	0	0	0	0	0	0	0	0	0	0	0	0	0	0	0	0	0	0	0	0	0	0	0	0	0	0	0	0	0	0	0	58	55	56	62	41	19	41	3	22	36	2	18	34	35	33	18	60	17	2	42	64	42	61
0	0	0	0	0	0	0	0	0	0	0	0	0	0	0	0	0	0	0	0	0	0	0	0	0	0	0	0	0	0	0	0	0	0	0	0	0	0	0	0	0	0	10	3	44	31	60	27	63	18	20	8	6	50	47	12	42	23	22	20	11	48	31	41
0	0	0	0	0	0	0	0	0	0	0	0	0	0	0	0	0	0	0	0	0	0	0	0	0	0	0	0	0	0	0	0	0	0	0	0	0	0	0	0	0	0	0	8	62	15	61	28	38	42	44	20	22	5	55	23	16	53	46	4	48	20	10	36
0	0	0	0	0	0	0	0	0	0	0	0	0	0	0	0	0	0	0	0	0	0	0	0	0	0	0	0	0	0	0	0	0	0	0	0	0	0	0	0	0	0	0	0	27	7	21	44	30	22	61	20	35	59	32	29	64	31	61	4	4	6	52	50
0	0	0	0	0	0	0	0	0	0	0	0	0	0	0	0	0	0	0	0	0	0	0	0	0	0	0	0	0	0	0	0	0	0	0	0	0	0	0	0	0	0	0	0	0	11	64	49	37	17	41	57	36	44	19	39	32	63	50	1	39	33	18	40
0	0	0	0	0	0	0	0	0	0	0	0	0	0	0	0	0	0	0	0	0	0	0	0	0	0	0	0	0	0	0	0	0	0	0	0	0	0	0	0	0	0	0	0	0	0	1	42	1	39	43	50	27	53	32	52	18	47	41	24	60	47	25	2
0	0	0	0	0	0	0	0	0	0	0	0	0	0	0	0	0	0	0	0	0	0	0	0	0	0	0	0	0	0	0	0	0	0	0	0	0	0	0	0	0	0	0	0	0	0	0	62	48	13	25	55	16	48	10	59	36	38	52	48	26	14	29	63
0	0	0	0	0	0	0	0	0	0	0	0	0	0	0	0	0	0	0	0	0	0	0	0	0	0	0	0	0	0	0	0	0	0	0	0	0	0	0	0	0	0	0	0	0	0	0	0	59	51	45	41	15	22	25	1	29	40	42	6	5	64	45	25
0	0	0	0	0	0	0	0	0	0	0	0	0	0	0	0	0	0	0	0	0	0	0	0	0	0	0	0	0	0	0	0	0	0	0	0	0	0	0	0	0	0	0	0	0	0	0	0	0	33	64	55	47	21	15	33	11	43	11	22	13	14	8	11
0	0	0	0	0	0	0	0	0	0	0	0	0	0	0	0	0	0	0	0	0	0	0	0	0	0	0	0	0	0	0	0	0	0	0	0	0	0	0	0	0	0	0	0	0	0	0	0	0	0	31	45	54	21	4	13	56	2	40	41	33	19	4	17
0	0	0	0	0	0	0	0	0	0	0	0	0	0	0	0	0	0	0	0	0	0	0	0	0	0	0	0	0	0	0	0	0	0	0	0	0	0	0	0	0	0	0	0	0	0	0	0	0	0	0	49	34	5	30	40	47	54	10	11	24	24	49	31
0	0	0	0	0	0	0	0	0	0	0	0	0	0	0	0	0	0	0	0	0	0	0	0	0	0	0	0	0	0	0	0	0	0	0	0	0	0	0	0	0	0	0	0	0	0	0	0	0	0	0	0	8	45	60	53	18	42	7	3	12	50	25	55
0	0	0	0	0	0	0	0	0	0	0	0	0	0	0	0	0	0	0	0	0	0	0	0	0	0	0	0	0	0	0	0	0	0	0	0	0	0	0	0	0	0	0	0	0	0	0	0	0	0	0	0	0	60	38	38	43	36	48	12	11	33	37	51
0	0	0	0	0	0	0	0	0	0	0	0	0	0	0	0	0	0	0	0	0	0	0	0	0	0	0	0	0	0	0	0	0	0	0	0	0	0	0	0	0	0	0	0	0	0	0	0	0	0	0	0	0	0	7	52	21	4	27	23	33	40	40	11
0	0	0	0	0	0	0	0	0	0	0	0	0	0	0	0	0	0	0	0	0	0	0	0	0	0	0	0	0	0	0	0	0	0	0	0	0	0	0	0	0	0	0	0	0	0	0	0	0	0	0	0	0	0	0	8	53	31	28	49	13	28	60	16
0	0	0	0	0	0	0	0	0	0	0	0	0	0	0	0	0	0	0	0	0	0	0	0	0	0	0	0	0	0	0	0	0	0	0	0	0	0	0	0	0	0	0	0	0	0	0	0	0	0	0	0	0	0	0	0	58	46	34	21	48	1	54	26
0	0	0	0	0	0	0	0	0	0	0	0	0	0	0	0	0	0	0	0	0	0	0	0	0	0	0	0	0	0	0	0	0	0	0	0	0	0	0	0	0	0	0	0	0	0	0	0	0	0	0	0	0	0	0	0	0	39	19	2	33	47	50	32
0	0	0	0	0	0	0	0	0	0	0	0	0	0	0	0	0	0	0	0	0	0	0	0	0	0	0	0	0	0	0	0	0	0	0	0	0	0	0	0	0	0	0	0	0	0	0	0	0	0	0	0	0	0	0	0	0	0	39	56	60	17	34	51
0	0	0	0	0	0	0	0	0	0	0	0	0	0	0	0	0	0	0	0	0	0	0	0	0	0	0	0	0	0	0	0	0	0	0	0	0	0	0	0	0	0	0	0	0	0	0	0	0	0	0	0	0	0	0	0	0	0	0	13	51	2	9	24
0	0	0	0	0	0	0	0	0	0	0	0	0	0	0	0	0	0	0	0	0	0	0	0	0	0	0	0	0	0	0	0	0	0	0	0	0	0	0	0	0	0	0	0	0	0	0	0	0	0	0	0	0	0	0	0	0	0	0	0	52	30	31	31
0	0	0	0	0	0	0	0	0	0	0	0	0	0	0	0	0	0	0	0	0	0	0	0	0	0	0	0	0	0	0	0	0	0	0	0	0	0	0	0	0	0	0	0	0	0	0	0	0	0	0	0	0	0	0	0	0	0	0	0	0	62	56	26
0	0	0	0	0	0	0	0	0	0	0	0	0	0	0	0	0	0	0	0	0	0	0	0	0	0	0	0	0	0	0	0	0	0	0	0	0	0	0	0	0	0	0	0	0	0	0	0	0	0	0	0	0	0	0	0	0	0	0	0	0	0	25	22
0	0	0	0	0	0	0	0	0	0	0	0	0	0	0	0	0	0	0	0	0	0	0	0	0	0	0	0	0	0	0	0	0	0	0	0	0	0	0	0	0	0	0	0	0	0	0	0	0	0	0	0	0	0	0	0	0	0	0	0	0	0	0	15
0	0	0	0	0	0	0	0	0	0	0	0	0	0	0	0	0	0	0	0	0	0	0	0	0	0	0	0	0	0	0	0	0	0	0	0	0	0	0	0	0	0	0	0	0	0	0	0	0	0	0	0	0	0	0	0	0	0	0	0	0	0	0	0