0	30	37	37	64	34	64	47	64	15	43	9	49	5	10	1	37	53	39	29	40	52	16	49	9	48	6	46	24	3	18	31	45	27	29	45	14	20	29	44	40	64	6	60	22	53	30	29	54	54	62	45	58	23	1	30	14	5	56	7	61	61	32	11
0	0	13	5	35	30	38	35	1	47	2	19	31	30	17	21	26	8	40	54	6	19	4	16	47	30	10	49	31	42	53	54	17	52	12	41	40	53	8	63	22	14	55	19	27	39	61	54	9	35	22	27	42	35	9	3	18	21	49	64	28	55	53	64
0	0	0	54	58	31	18	19	3	57	62	25	56	14	26	21	51	17	16	49	7	27	59	44	20	36	46	37	42	59	48	18	21	56	28	12	42	36	37	51	33	2	31	52	41	26	47	46	29	27	30	36	58	19	64	15	12	6	41	16	31	46	35	23
0	0	0	0	26	51	57	47	14	29	59	20	53	37	34	34	31	39	29	20	33	37	40	64	17	6	63	63	56	35	43	44	11	36	4	7	3	32	18	34	56	29	19	30	60	22	21	45	58	33	22	61	14	28	17	63	25	32	50	17	31	61	41	58
0	0	0	0	0	52	20	50	55	46	40	33	23	23	10	55	20	4	12	36	33	42	17	33	41	64	45	27	55	18	18	57	4	17	43	4	37	7	31	23	5	42	56	47	20	19	48	34	34	28	16	54	47	20	52	24	61	58	42	61	27	48	34	14
0	0	0	0	0	0	47	59	46	60	41	24	23	37	41	32	54	60	35	52	50	55	30	37	11	1	15	25	53	39	60	56	51	52	58	12	15	51	62	21	27	10	19	43	59	5	1	63	14	42	62	52	3	60	62	36	44	49	7	63	4	39	38	41
0	0	0	0	0	0	0	27	42	17	27	53	33	49	15	59	32	25	24	44	56	44	35	11	32	33	33	58	35	46	9	23	58	36	52	18	24	16	62	59	27	50	7	23	46	4	52	3	57	18	15	33	3	9	49	59	15	9	11	42	44	19	63	3
0	0	0	0	0	0	0	0	49	8	58	19	28	59	8	42	21	15	15	43	63	34	56	5	12	4	12	39	43	46	3	10	26	43	51	20	38	37	7	4	61	16	33	6	9	49	41	1	50	51	4	57	4	46	37	26	33	3	12	48	34	35	41	50
0	0	0	0	0	0	0	0	0	34	27	13	32	1	19	47	10	39	17	11	47	27	60	50	26	48	20	36	61	44	34	21	55	36	18	36	28	9	9	23	5	1	38	19	14	33	6	3	49	63	27	60	15	27	28	64	35	13	32	17	11	29	35	37
0	0	0	0	0	0	0	0	0	0	51	37	22	6	15	4	48	52	35	12	36	1	60	15	20	56	26	47	7	26	33	45	33	38	62	5	1	10	22	9	50	64	49	45	35	11	24	13	64	34	61	10	6	32	4	58	36	1	15	52	21	46	14	13
0	0	0	0	0	0	0	0	0	0	0	42	21	64	64	24	35	61	49	47	38	54	13	32	47	22	16	53	50	63	52	36	8	16	40	42	21	58	46	29	50	8	51	61	33	57	4	10	26	48	11	43	38	10	9	17	60	26	8	56	49	62	10	5
0	0	0	0	0	0	0	0	0	0	0	0	44	62	3	27	40	8	21	33	3	62	58	12	43	9	62	57	2	23	51	37	5	52	36	4	3	52	39	3	21	42	9	41	3	50	39	63	55	32	1	38	39	32	22	50	64	33	22	11	29	55	27	19
0	0	0	0	0	0	0	0	0	0	0	0	0	46	33	36	22	37	29	4	64	56	33	24	39	18	17	39	5	59	9	43	32	54	35	24	2	4	56	58	20	55	52	16	31	12	7	52	29	23	3	53	35	24	28	48	32	61	11	56	20	49	22	12
0	0	0	0	0	0	0	0	0	0	0	0	0	0	35	7	23	53	11	48	12	55	56	30	34	14	5	21	13	9	24	42	64	49	61	30	35	42	61	64	35	11	51	58	40	63	62	12	21	48	8	49	55	36	41	38	35	56	7	20	58	49	58	31
0	0	0	0	0	0	0	0	0	0	0	0	0	0	0	36	32	51	48	12	56	38	20	34	32	52	10	11	46	53	14	25	36	64	43	58	30	38	32	29	29	58	4	45	16	32	45	37	35	4	37	56	45	6	44	5	11	31	17	61	50	34	44	6
0	0	0	0	0	0	0	0	0	0	0	0	0	0	0	0	25	50	24	18	11	47	5	52	59	29	62	7	54	53	15	4	56	35	24	38	12	27	2	40	63	13	29	31	35	19	50	51	22	12	63	1	14	57	62	37	42	40	52	57	54	56	58	18
0	0	0	0	0	0	0	0	0	0	0	0	0	0	0	0	0	48	17	2	25	62	42	55	20	26	59	6	22	10	4	24	40	48	34	21	25	36	48	47	42	38	16	59	49	50	44	60	3	2	40	6	42	8	48	53	13	29	22	45	45	18	55	9
0	0	0	0	0	0	0	0	0	0	0	0	0	0	0	0	0	0	58	44	33	47	39	32	5	9	43	36	63	42	5	57	13	21	26	15	50	43	22	29	35	45	50	55	51	38	57	30	24	23	29	37	7	51	27	4	16	18	7	64	58	20	41	2
0	0	0	0	0	0	0	0	0	0	0	0	0	0	0	0	0	0	0	5	8	43	18	47	36	11	63	46	62	46	16	29	40	22	40	60	6	47	44	48	16	4	20	51	20	64	32	6	27	4	58	15	47	62	33	42	41	42	41	51	38	63	7	44
0	0	0	0	0	0	0	0	0	0	0	0	0	0	0	0	0	0	0	0	51	57	25	30	45	48	29	47	3	50	45	14	12	51	5	19	45	14	1	22	44	38	54	5	13	27	21	56	27	4	11	23	36	13	31	13	29	18	62	25	23	64	22	33
0	0	0	0	0	0	0	0	0	0	0	0	0	0	0	0	0	0	0	0	0	5	13	28	42	40	58	4	63	21	41	14	46	64	32	22	28	39	50	14	55	8	6	20	64	47	49	47	5	37	19	8	30	64	39	62	63	5	49	52	2	33	63	11
0	0	0	0	0	0	0	0	0	0	0	0	0	0	0	0	0	0	0	0	0	0	39	53	64	62	18	34	8	15	7	9	30	32	41	43	35	58	61	10	53	50	50	25	34	3	17	26	30	53	48	9	29	48	55	31	49	39	54	27	48	30	37	42
0	0	0	0	0	0	0	0	0	0	0	0	0	0	0	0	0	0	0	0	0	0	0	31	18	28	41	50	23	28	31	57	34	44	63	19	33	61	5	10	43	55	60	38	7	47	1	49	38	16	63	32	60	47	26	49	8	27	25	10	3	7	43	19
0	0	0	0	0	0	0	0	0	0	0	0	0	0	0	0	0	0	0	0	0	0	0	0	64	18	48	50	47	28	56	56	20	29	55	28	34	36	3	34	17	37	47	45	64	41	36	59	10	12	31	56	3	63	38	26	61	37	36	35	58	51	50	21
0	0	0	0	0	0	0	0	0	0	0	0	0	0	0	0	0	0	0	0	0	0	0	0	0	54	2	41	39	56	36	55	39	4	53	16	60	29	19	44	32	50	23	29	25	24	40	22	18	54	55	1	3	53	20	36	13	9	47	45	26	27	61	27
0	0	0	0	0	0	0	0	0	0	0	0	0	0	0	0	0	0	0	0	0	0	0	0	0	0	4	36	49	33	55	14	55	16	40	14	59	40	50	63	31	52	1	30	27	46	2	23	30	11	31	57	52	50	26	27	15	21	18	20	8	43	32	33
0	0	0	0	0	0	0	0	0	0	0	0	0	0	0	0	0	0	0	0	0	0	0	0	0	0	0	57	29	56	34	12	44	31	35	48	18	46	23	13	37	6	6	14	6	39	52	56	51	13	34	21	54	32	37	13	28	4	2	51	38	8	49	41
0	0	0	0	0	0	0	0	0	0	0	0	0	0	0	0	0	0	0	0	0	0	0	0	0	0	0	0	42	63	47	31	47	42	3	16	15	38	6	24	54	1	62	15	39	35	13	42	32	16	9	51	54	28	17	42	4	45	2	20	1	53	51	47
0	0	0	0	0	0	0	0	0	0	0	0	0	0	0	0	0	0	0	0	0	0	0	0	0	0	0	0	0	32	29	41	18	48	60	27	13	9	30	38	15	39	58	33	29	57	53	32	7	45	51	20	7	22	28	53	19	54	63	15	21	16	31	5
0	0	0	0	0	0	0	0	0	0	0	0	0	0	0	0	0	0	0	0	0	0	0	0	0	0	0	0	0	0	11	33	25	27	2	56	43	2	27	42	52	51	26	9	60	25	48	63	26	49	56	62	64	15	37	31	5	25	40	41	40	63	60	16
0	0	0	0	0	0	0	0	0	0	0	0	0	0	0	0	0	0	0	0	0	0	0	0	0	0	0	0	0	0	0	18	8	51	12	9	7	21	14	48	14	41	43	55	54	56	7	10	15	9	22	48	4	39	15	15	31	37	24	39	39	19	55	53
0	0	0	0	0	0	0	0	0	0	0	0	0	0	0	0	0	0	0	0	0	0	0	0	0	0	0	0	0	0	0	0	59	63	64	56	2	11	23	12	23	11	41	38	49	18	25	51	26	41	2	26	21	36	24	14	30	41	40	31	57	4	56	60
0	0	0	0	0	0	0	0	0	0	0	0	0	0	0	0	0	0	0	0	0	0	0	0	0	0	0	0	0	0	0	0	0	15	59	40	35	21	45	1	57	46	55	28	4	30	21	2	36	48	32	1	32	45	15	52	18	35	25	59	46	29	24	51
0	0	0	0	0	0	0	0	0	0	0	0	0	0	0	0	0	0	0	0	0	0	0	0	0	0	0	0	0	0	0	0	0	0	48	5	58	54	44	6	59	50	60	54	26	37	27	32	16	22	36	26	16	4	22	51	5	35	26	10	1	20	37	59
0	0	0	0	0	0	0	0	0	0	0	0	0	0	0	0	0	0	0	0	0	0	0	0	0	0	0	0	0	0	0	0	0	0	0	11	62	64	4	25	57	14	63	38	1	41	21	60	46	25	20	27	20	39	59	13	38	55	10	58	33	18	12	39
0	0	0	0	0	0	0	0	0	0	0	0	0	0	0	0	0	0	0	0	0	0	0	0	0	0	0	0	0	0	0	0	0	0	0	0	34	4	20	10	21	14	61	64	48	50	5	35	1	30	35	55	12	7	31	61	1	51	60	4	23	17	42	52
0	0	0	0	0	0	0	0	0	0	0	0	0	0	0	0	0	0	0	0	0	0	0	0	0	0	0	0	0	0	0	0	0	0	0	0	0	42	40	17	32	39	62	15	55	46	64	34	15	38	61	49	5	10	61	26	34	22	32	5	32	12	62	41
0	0	0	0	0	0	0	0	0	0	0	0	0	0	0	0	0	0	0	0	0	0	0	0	0	0	0	0	0	0	0	0	0	0	0	0	0	0	33	35	64	53	25	6	4	56	52	29	43	3	3	33	26	13	30	35	18	17	44	62	14	19	33	4
0	0	0	0	0	0	0	0	0	0	0	0	0	0	0	0	0	0	0	0	0	0	0	0	0	0	0	0	0	0	0	0	0	0	0	0	0	0	0	8	29	57	23	2	44	45	45	2	5	31	52	17	50	20	31	39	30	62	16	37	17	28	32	11
0	0	0	0	0	0	0	0	0	0	0	0	0	0	0	0	0	0	0	0	0	0	0	0	0	0	0	0	0	0	0	0	0	0	0	0	0	0	0	0	39	15	39	32	1	46	4	10	21	31	32	53	34	57	56	53	54	64	39	23	4	32	43	26
0	0	0	0	0	0	0	0	0	0	0	0	0	0	0	0	0	0	0	0	0	0	0	0	0	0	0	0	0	0	0	0	0	0	0	0	0	0	0	0	0	35	46	25	39	43	40	34	54	2	62	38	18	44	25	22	17	23	22	13	10	19	8	9
0	0	0	0	0	0	0	0	0	0	0	0	0	0	0	0	0	0	0	0	0	0	0	0	0	0	0	0	0	0	0	0	0	0	0	0	0	0	0	0	0	0	33	39	58	7	23	17	59	23	32	20	48	28	32	46	28	1	62	35	42	17	37	16
0	0	0	0	0	0	0	0	0	0	0	0	0	0	0	0	0	0	0	0	0	0	0	0	0	0	0	0	0	0	0	0	0	0	0	0	0	0	0	0	0	0	0	12	36	25	27	13	59	28	64	22	32	49	43	13	5	16	63	9	41	63	39	20
0	0	0	0	0	0	0	0	0	0	0	0	0	0	0	0	0	0	0	0	0	0	0	0	0	0	0	0	0	0	0	0	0	0	0	0	0	0	0	0	0	0	0	0	27	33	7	2	19	52	29	56	19	6	46	43	35	31	17	62	39	61	54	25
0	0	0	0	0	0	0	0	0	0	0	0	0	0	0	0	0	0	0	0	0	0	0	0	0	0	0	0	0	0	0	0	0	0	0	0	0	0	0	0	0	0	0	0	0	9	61	46	51	56	49	26	63	23	63	20	53	9	27	45	61	37	7	60
0	0	0	0	0	0	0	0	0	0	0	0	0	0	0	0	0	0	0	0	0	0	0	0	0	0	0	0	0	0	0	0	0	0	0	0	0	0	0	0	0	0	0	0	0	0	47	40	50	47	30	49	26	46	11	4	9	47	31	49	27	64	25	30
0	0	0	0	0	0	0	0	0	0	0	0	0	0	0	0	0	0	0	0	0	0	0	0	0	0	0	0	0	0	0	0	0	0	0	0	0	0	0	0	0	0	0	0	0	0	0	11	17	32	51	57	41	21	47	43	62	43	40	60	60	61	64	31
0	0	0	0	0	0	0	0	0	0	0	0	0	0	0	0	0	0	0	0	0	0	0	0	0	0	0	0	0	0	0	0	0	0	0	0	0	0	0	0	0	0	0	0	0	0	0	0	33	23	5	4	5	43	49	63	50	3	20	49	2	22	6	45
0	0	0	0	0	0	0	0	0	0	0	0	0	0	0	0	0	0	0	0	0	0	0	0	0	0	0	0	0	0	0	0	0	0	0	0	0	0	0	0	0	0	0	0	0	0	0	0	0	35	64	44	24	45	17	10	31	20	7	45	2	32	60	25
0	0	0	0	0	0	0	0	0	0	0	0	0	0	0	0	0	0	0	0	0	0	0	0	0	0	0	0	0	0	0	0	0	0	0	0	0	0	0	0	0	0	0	0	0	0	0	0	0	0	47	31	20	50	29	1	64	44	3	19	26	63	38	17
0	0	0	0	0	0	0	0	0	0	0	0	0	0	0	0	0	0	0	0	0	0	0	0	0	0	0	0	0	0	0	0	0	0	0	0	0	0	0	0	0	0	0	0	0	0	0	0	0	0	0	19	45	45	1	53	62	14	30	46	8	54	47	27
0	0	0	0	0	0	0	0	0	0	0	0	0	0	0	0	0	0	0	0	0	0	0	0	0	0	0	0	0	0	0	0	0	0	0	0	0	0	0	0	0	0	0	0	0	0	0	0	0	0	0	0	46	30	49	33	47	51	22	38	24	44	15	47
0	0	0	0	0	0	0	0	0	0	0	0	0	0	0	0	0	0	0	0	0	0	0	0	0	0	0	0	0	0	0	0	0	0	0	0	0	0	0	0	0	0	0	0	0	0	0	0	0	0	0	0	0	63	2	56	26	50	20	35	62	57	4	58
0	0	0	0	0	0	0	0	0	0	0	0	0	0	0	0	0	0	0	0	0	0	0	0	0	0	0	0	0	0	0	0	0	0	0	0	0	0	0	0	0	0	0	0	0	0	0	0	0	0	0	0	0	0	11	6	20	62	46	60	63	45	15	55
0	0	0	0	0	0	0	0	0	0	0	0	0	0	0	0	0	0	0	0	0	0	0	0	0	0	0	0	0	0	0	0	0	0	0	0	0	0	0	0	0	0	0	0	0	0	0	0	0	0	0	0	0	0	0	47	11	36	52	58	59	24	60	5
0	0	0	0	0	0	0	0	0	0	0	0	0	0	0	0	0	0	0	0	0	0	0	0	0	0	0	0	0	0	0	0	0	0	0	0	0	0	0	0	0	0	0	0	0	0	0	0	0	0	0	0	0	0	0	0	56	37	19	12	6	30	3	49
0	0	0	0	0	0	0	0	0	0	0	0	0	0	0	0	0	0	0	0	0	0	0	0	0	0	0	0	0	0	0	0	0	0	0	0	0	0	0	0	0	0	0	0	0	0	0	0	0	0	0	0	0	0	0	0	0	62	6	33	64	46	10	51
0	0	0	0	0	0	0	0	0	0	0	0	0	0	0	0	0	0	0	0	0	0	0	0	0	0	0	0	0	0	0	0	0	0	0	0	0	0	0	0	0	0	0	0	0	0	0	0	0	0	0	0	0	0	0	0	0	0	62	53	35	46	17	55
0	0	0	0	0	0	0	0	0	0	0	0	0	0	0	0	0	0	0	0	0	0	0	0	0	0	0	0	0	0	0	0	0	0	0	0	0	0	0	0	0	0	0	0	0	0	0	0	0	0	0	0	0	0	0	0	0	0	0	39	58	54	2	38
0	0	0	0	0	0	0	0	0	0	0	0	0	0	0	0	0	0	0	0	0	0	0	0	0	0	0	0	0	0	0	0	0	0	0	0	0	0	0	0	0	0	0	0	0	0	0	0	0	0	0	0	0	0	0	0	0	0	0	0	11	60	31	63
0	0	0	0	0	0	0	0	0	0	0	0	0	0	0	0	0	0	0	0	0	0	0	0	0	0	0	0	0	0	0	0	0	0	0	0	0	0	0	0	0	0	0	0	0	0	0	0	0	0	0	0	0	0	0	0	0	0	0	0	0	30	13	39
0	0	0	0	0	0	0	0	0	0	0	0	0	0	0	0	0	0	0	0	0	0	0	0	0	0	0	0	0	0	0	0	0	0	0	0	0	0	0	0	0	0	0	0	0	0	0	0	0	0	0	0	0	0	0	0	0	0	0	0	0	0	18	15
0	0	0	0	0	0	0	0	0	0	0	0	0	0	0	0	0	0	0	0	0	0	0	0	0	0	0	0	0	0	0	0	0	0	0	0	0	0	0	0	0	0	0	0	0	0	0	0	0	0	0	0	0	0	0	0	0	0	0	0	0	0	0	7
0	0	0	0	0	0	0	0	0	0	0	0	0	0	0	0	0	0	0	0	0	0	0	0	0	0	0	0	0	0	0	0	0	0	0	0	0	0	0	0	0	0	0	0	0	0	0	0	0	0	0	0	0	0	0	0	0	0	0	0	0	0	0	0