0	18	44	24	48	27	25	19	4	20	23	44	36	21	24	15	14	38	33	19	36	9	7	8	40	38	18	46	31	5	4	12	21	44	41	16	38	42	29	18	20	2	47	46	42	19	10	35	15	17
0	0	41	6	27	45	5	6	47	32	4	14	9	44	21	36	7	3	5	41	27	31	33	30	20	14	8	30	26	22	23	43	21	48	16	43	5	35	7	4	28	50	50	28	20	34	43	47	23	5
0	0	0	29	8	22	18	8	48	30	23	31	44	33	50	51	20	11	43	2	37	28	16	38	46	10	36	10	27	10	5	8	23	25	24	21	51	11	49	10	6	31	22	36	36	38	30	33	27	5
0	0	0	0	12	32	18	49	41	6	13	12	16	30	21	38	29	50	39	20	27	29	49	32	33	19	28	28	7	39	20	35	36	27	7	45	39	24	30	25	12	39	35	5	45	21	47	49	50	43
0	0	0	0	0	6	43	17	41	45	9	19	17	22	28	49	10	20	50	43	50	49	48	8	50	22	5	31	8	33	13	34	30	54	46	19	20	21	24	18	40	26	51	52	10	32	37	35	10	49
0	0	0	0	0	0	29	11	18	40	19	39	45	4	30	23	5	28	7	34	14	12	42	37	33	30	56	15	52	30	8	29	33	44	25	15	40	10	4	51	5	52	27	44	39	42	15	37	42	8
0	0	0	0	0	0	0	39	50	16	33	9	40	42	26	33	23	23	50	29	45	43	39	37	41	51	38	46	17	40	53	19	30	35	8	36	17	16	21	34	38	30	10	16	8	12	28	11	12	33
0	0	0	0	0	0	0	0	24	10	24	40	10	16	41	11	24	13	8	51	10	43	11	45	46	35	33	10	14	10	51	31	15	33	31	13	6	54	24	35	37	45	43	21	40	20	45	47	49	58
0	0	0	0	0	0	0	0	0	39	55	36	47	33	51	51	14	20	25	26	28	24	20	14	19	38	30	10	58	39	17	13	29	10	48	5	13	3	43	52	19	39	33	10	49	53	37	40	12	31
0	0	0	0	0	0	0	0	0	0	48	48	45	28	54	48	51	15	51	53	48	30	44	48	37	45	30	9	35	57	25	33	7	57	20	56	32	26	53	18	3	34	55	19	46	51	30	11	11	17
0	0	0	0	0	0	0	0	0	0	0	10	50	46	16	42	26	8	15	19	26	30	28	26	30	36	46	16	18	47	16	55	44	30	12	55	22	12	45	39	8	24	3	25	34	26	24	27	28	43
0	0	0	0	0	0	0	0	0	0	0	0	12	53	15	20	33	30	10	52	13	48	55	36	18	19	49	22	53	19	40	48	48	21	40	49	21	9	33	50	48	30	35	38	25	54	38	18	40	44
0	0	0	0	0	0	0	0	0	0	0	0	0	39	57	31	43	57	29	19	9	14	56	10	31	48	26	30	42	40	28	17	19	40	13	35	44	40	55	34	61	45	33	43	46	52	29	27	54	30
0	0	0	0	0	0	0	0	0	0	0	0	0	0	12	57	38	23	22	21	16	28	34	36	25	4	24	13	12	39	15	30	15	39	18	20	22	54	13	28	43	47	34	30	30	14	32	21	10	27
0	0	0	0	0	0	0	0	0	0	0	0	0	0	0	61	26	18	30	22	17	30	22	16	54	35	55	59	58	16	47	18	44	44	42	46	29	49	38	40	28	63	27	41	7	43	65	39	18	17
0	0	0	0	0	0	0	0	0	0	0	0	0	0	0	0	51	41	39	22	19	17	35	56	41	51	39	10	17	44	30	45	56	56	34	50	11	14	16	42	22	45	3	40	29	37	57	29	40	50
0	0	0	0	0	0	0	0	0	0	0	0	0	0	0	0	0	19	44	21	35	29	9	48	27	50	41	28	53	55	33	51	15	31	7	21	47	25	25	66	20	55	21	53	27	33	29	41	34	48
0	0	0	0	0	0	0	0	0	0	0	0	0	0	0	0	0	0	23	6	18	50	48	44	25	13	41	22	29	30	38	40	57	16	32	39	24	14	19	25	18	22	37	23	39	40	18	58	16	45
0	0	0	0	0	0	0	0	0	0	0	0	0	0	0	0	0	0	0	39	24	37	54	8	48	59	47	34	60	62	16	52	41	18	45	54	59	36	18	24	43	47	23	25	27	59	21	56	16	44
0	0	0	0	0	0	0	0	0	0	0	0	0	0	0	0	0	0	0	0	29	3	44	31	31	42	24	57	22	45	20	36	24	45	15	19	16	47	18	50	40	28	35	52	52	57	56	17	28	58
0	0	0	0	0	0	0	0	0	0	0	0	0	0	0	0	0	0	0	0	0	18	36	20	28	22	49	29	51	19	35	28	17	17	45	50	45	55	24	20	26	64	29	39	31	50	57	22	19	47
0	0	0	0	0	0	0	0	0	0	0	0	0	0	0	0	0	0	0	0	0	0	49	41	33	46	58	14	61	46	27	12	56	53	28	46	48	27	37	44	26	57	43	48	35	27	55	43	52	44
0	0	0	0	0	0	0	0	0	0	0	0	0	0	0	0	0	0	0	0	0	0	0	40	53	46	34	55	49	11	36	20	52	23	21	21	7	40	22	5	49	53	32	8	27	46	49	47	44	57
0	0	0	0	0	0	0	0	0	0	0	0	0	0	0	0	0	0	0	0	0	0	0	0	44	54	15	33	41	55	25	65	23	19	21	26	19	49	7	32	31	47	50	50	18	73	9	45	62	69
0	0	0	0	0	0	0	0	0	0	0	0	0	0	0	0	0	0	0	0	0	0	0	0	0	25	30	33	28	12	13	51	20	32	43	32	63	52	23	58	29	7	43	62	45	39	40	40	44	38
0	0	0	0	0	0	0	0	0	0	0	0	0	0	0	0	0	0	0	0	0	0	0	0	0	0	31	46	33	56	41	27	43	51	54	26	48	39	45	28	70	49	35	11	72	18	24	26	37	25
0	0	0	0	0	0	0	0	0	0	0	0	0	0	0	0	0	0	0	0	0	0	0	0	0	0	0	25	24	40	26	56	44	48	34	10	24	55	34	45	44	15	17	53	36	14	35	36	39	41
0	0	0	0	0	0	0	0	0	0	0	0	0	0	0	0	0	0	0	0	0	0	0	0	0	0	0	0	38	66	42	50	21	29	13	38	37	41	55	63	24	37	70	48	33	38	36	30	28	33
0	0	0	0	0	0	0	0	0	0	0	0	0	0	0	0	0	0	0	0	0	0	0	0	0	0	0	0	0	16	62	43	65	56	24	52	14	31	77	53	43	20	48	59	14	38	35	14	28	43
0	0	0	0	0	0	0	0	0	0	0	0	0	0	0	0	0	0	0	0	0	0	0	0	0	0	0	0	0	0	46	28	38	43	46	48	25	71	52	21	30	21	21	18	63	15	69	46	23	45
0	0	0	0	0	0	0	0	0	0	0	0	0	0	0	0	0	0	0	0	0	0	0	0	0	0	0	0	0	0	0	18	49	42	65	58	48	54	51	12	45	44	71	55	38	56	48	32	48	50
0	0	0	0	0	0	0	0	0	0	0	0	0	0	0	0	0	0	0	0	0	0	0	0	0	0	0	0	0	0	0	0	30	60	48	39	50	10	35	40	31	25	22	49	64	42	67	65	16	29
0	0	0	0	0	0	0	0	0	0	0	0	0	0	0	0	0	0	0	0	0	0	0	0	0	0	0	0	0	0	0	0	0	18	62	54	30	48	25	70	12	38	35	37	20	60	24	68	79	60
0	0	0	0	0	0	0	0	0	0	0	0	0	0	0	0	0	0	0	0	0	0	0	0	0	0	0	0	0	0	0	0	0	0	48	37	55	22	59	31	24	19	52	26	54	56	13	26	16	53
0	0	0	0	0	0	0	0	0	0	0	0	0	0	0	0	0	0	0	0	0	0	0	0	0	0	0	0	0	0	0	0	0	0	0	46	22	25	51	19	50	49	27	30	43	28	55	43	43	47
0	0	0	0	0	0	0	0	0	0	0	0	0	0	0	0	0	0	0	0	0	0	0	0	0	0	0	0	0	0	0	0	0	0	0	0	69	9	18	50	60	47	54	49	61	25	41	50	47	31
0	0	0	0	0	0	0	0	0	0	0	0	0	0	0	0	0	0	0	0	0	0	0	0	0	0	0	0	0	0	0	0	0	0	0	0	0	43	76	33	23	63	84	52	36	34	45	50	24	73
0	0	0	0	0	0	0	0	0	0	0	0	0	0	0	0	0	0	0	0	0	0	0	0	0	0	0	0	0	0	0	0	0	0	0	0	0	0	38	42	34	16	39	61	18	27	63	61	68	42
0	0	0	0	0	0	0	0	0	0	0	0	0	0	0	0	0	0	0	0	0	0	0	0	0	0	0	0	0	0	0	0	0	0	0	0	0	0	0	44	29	37	58	38	32	23	25	60	53	69
0	0	0	0	0	0	0	0	0	0	0	0	0	0	0	0	0	0	0	0	0	0	0	0	0	0	0	0	0	0	0	0	0	0	0	0	0	0	0	0	50	84	59	38	34	47	52	35	63	66
0	0	0	0	0	0	0	0	0	0	0	0	0	0	0	0	0	0	0	0	0	0	0	0	0	0	0	0	0	0	0	0	0	0	0	0	0	0	0	0	0	45	55	37	9	39	79	42	33	34
0	0	0	0	0	0	0	0	0	0	0	0	0	0	0	0	0	0	0	0	0	0	0	0	0	0	0	0	0	0	0	0	0	0	0	0	0	0	0	0	0	0	71	32	59	83	13	75	51	33
0	0	0	0	0	0	0	0	0	0	0	0	0	0	0	0	0	0	0	0	0	0	0	0	0	0	0	0	0	0	0	0	0	0	0	0	0	0	0	0	0	0	0	39	71	55	36	36	49	37
0	0	0	0	0	0	0	0	0	0	0	0	0	0	0	0	0	0	0	0	0	0	0	0	0	0	0	0	0	0	0	0	0	0	0	0	0	0	0	0	0	0	0	0	40	45	43	40	39	9
0	0	0	0	0	0	0	0	0	0	0	0	0	0	0	0	0	0	0	0	0	0	0	0	0	0	0	0	0	0	0	0	0	0	0	0	0	0	0	0	0	0	0	0	0	40	42	54	77	78
0	0	0	0	0	0	0	0	0	0	0	0	0	0	0	0	0	0	0	0	0	0	0	0	0	0	0	0	0	0	0	0	0	0	0	0	0	0	0	0	0	0	0	0	0	0	41	19	22	14
0	0	0	0	0	0	0	0	0	0	0	0	0	0	0	0	0	0	0	0	0	0	0	0	0	0	0	0	0	0	0	0	0	0	0	0	0	0	0	0	0	0	0	0	0	0	0	56	29	63
0	0	0	0	0	0	0	0	0	0	0	0	0	0	0	0	0	0	0	0	0	0	0	0	0	0	0	0	0	0	0	0	0	0	0	0	0	0	0	0	0	0	0	0	0	0	0	0	35	64
0	0	0	0	0	0	0	0	0	0	0	0	0	0	0	0	0	0	0	0	0	0	0	0	0	0	0	0	0	0	0	0	0	0	0	0	0	0	0	0	0	0	0	0	0	0	0	0	0	54
0	0	0	0	0	0	0	0	0	0	0	0	0	0	0	0	0	0	0	0	0	0	0	0	0	0	0	0	0	0	0	0	0	0	0	0	0	0	0	0	0	0	0	0	0	0	0	0	0	0