0	64	2	24	84	115	128	18	45	129	3	128	18	119	85	41	76	99	55	33	36	19	78	6	63	81	11	14	64	75	113	65	63	95	21	61	54	31	35	29	53	127	63	83	94	59	124	24	114	86	122	94	10	85	89	124	49	62	67	11	88	7	99	111	57	29	5	127	19	101	80	89	40	62	74	110	50	32	48	100	67	97	89	27	34	16	42	29	113	112	66	116	21	71	94	68	104	14	86	69	94	12	35	60	31	41	24	59	54	114	54	41	69	34	63	39	62	61	3	64	39	33	43	24	95	81	77	112
0	0	129	73	42	19	117	3	27	108	94	89	64	67	44	105	107	47	31	96	51	80	43	125	85	30	127	6	110	4	12	49	128	96	85	86	28	65	82	90	22	15	126	13	63	22	99	107	62	48	89	99	103	127	98	8	54	23	38	7	18	9	5	49	6	3	99	41	97	57	12	2	34	89	112	66	64	56	103	96	14	39	13	83	60	106	34	49	88	93	112	104	38	16	68	94	87	83	11	99	30	59	12	95	117	61	94	60	59	3	37	70	73	128	130	123	4	87	104	115	88	108	40	34	55	73	44	92
0	0	0	68	115	110	23	32	16	48	112	117	116	61	98	57	97	98	53	57	7	88	123	91	31	93	84	125	97	9	69	110	21	28	124	111	58	41	14	42	17	71	94	62	96	122	123	20	95	89	14	16	50	80	10	18	54	49	73	86	49	79	129	37	80	128	28	85	123	3	88	129	60	69	61	62	120	70	130	37	128	95	30	52	111	56	80	63	129	101	98	123	88	41	13	121	117	94	103	83	38	123	86	88	101	60	66	123	114	113	82	51	104	107	117	80	48	107	90	130	48	7	90	124	11	54	108	85
0	0	0	0	130	30	68	23	54	18	108	59	93	47	38	75	37	65	84	100	24	100	42	10	100	59	101	12	120	131	94	61	7	57	82	65	124	96	103	89	131	90	57	107	97	71	12	113	43	59	113	36	48	87	114	84	9	109	24	131	50	46	67	57	130	22	72	12	63	30	81	17	108	43	106	6	26	95	85	34	125	41	68	120	52	63	122	41	41	9	2	86	109	9	120	120	15	14	64	75	118	64	20	79	94	22	96	66	52	127	40	51	130	76	94	68	18	61	89	86	53	98	79	42	49	105	83	44
0	0	0	0	0	127	43	80	12	71	67	116	13	118	13	121	8	125	32	99	76	126	5	82	113	120	11	95	125	117	25	126	124	63	96	125	25	53	68	82	97	72	77	31	102	9	5	39	124	59	100	127	74	17	5	56	11	67	76	29	60	125	126	112	114	89	102	100	104	52	122	43	19	51	57	91	76	9	10	17	7	56	40	48	58	88	110	32	10	17	101	132	80	15	98	109	95	122	34	53	57	128	103	50	114	120	120	126	2	32	45	34	112	64	47	38	80	81	66	59	6	99	120	15	2	52	122	66
0	0	0	0	0	0	74	45	66	56	34	9	39	36	67	122	111	83	50	26	109	64	80	131	21	41	73	123	96	111	12	118	35	9	37	90	24	41	28	123	104	43	11	127	95	14	126	17	25	74	69	30	12	83	123	103	18	62	88	127	108	132	33	69	62	64	22	70	13	56	57	12	50	81	61	129	31	125	5	24	66	24	49	36	130	89	65	73	72	60	64	120	67	11	17	20	39	40	62	43	101	73	81	73	66	132	46	21	115	54	6	121	53	98	92	45	103	105	13	66	56	124	3	86	126	91	111	67
0	0	0	0	0	0	0	91	52	30	13	47	56	60	101	94	72	13	18	92	90	110	54	133	87	116	76	119	44	55	93	39	52	56	125	94	26	77	95	59	55	21	88	107	65	93	6	96	114	9	13	38	38	92	106	43	104	62	64	33	11	107	37	22	98	20	83	24	36	97	35	85	118	99	98	83	49	17	74	72	58	72	69	26	87	50	78	102	74	81	15	122	122	131	126	124	32	27	12	114	120	120	121	109	30	20	116	34	83	49	21	33	77	111	28	10	107	115	91	84	69	33	59	16	124	62	32	86
0	0	0	0	0	0	0	0	109	47	57	111	112	115	49	105	71	105	22	66	103	127	105	75	58	50	74	88	130	10	99	22	57	30	35	5	114	43	55	133	66	73	46	6	32	34	108	111	47	100	61	126	94	119	27	70	118	78	87	94	13	98	13	99	87	75	51	17	14	16	30	83	31	14	27	66	58	123	80	31	46	115	25	38	112	109	107	77	77	27	39	105	14	51	86	47	124	77	11	29	44	129	71	66	23	25	118	62	11	97	72	126	4	48	48	106	108	3	9	124	98	40	118	97	6	9	30	123
0	0	0	0	0	0	0	0	0	111	27	124	101	7	75	30	64	49	48	35	62	27	99	119	53	26	62	43	29	8	7	40	115	126	10	59	33	25	51	95	54	116	33	94	67	73	125	130	96	126	46	25	86	131	62	27	54	136	29	74	77	46	88	94	89	62	6	46	45	9	51	67	114	27	65	108	16	73	56	77	109	28	59	108	57	19	57	66	130	122	106	96	53	113	5	57	108	85	87	115	36	101	13	80	63	127	72	121	94	52	61	103	135	41	124	68	7	129	16	108	130	82	36	15	66	117	119	11
0	0	0	0	0	0	0	0	0	0	58	91	40	44	93	128	21	119	92	35	56	73	53	124	54	133	56	36	37	18	54	97	60	73	6	74	122	77	119	42	23	101	131	11	22	95	42	124	109	129	77	86	132	73	128	39	91	36	31	48	16	10	122	77	42	129	84	12	77	117	125	112	109	115	76	83	81	42	81	127	105	59	64	54	72	106	43	31	125	85	31	11	18	108	80	78	123	34	66	122	82	96	34	89	28	119	129	123	136	35	93	44	74	94	114	73	65	79	133	130	92	34	62	99	110	112	95	47
0	0	0	0	0	0	0	0	0	0	0	65	68	40	29	28	134	101	100	9	30	37	44	111	60	74	84	114	17	21	4	16	49	132	35	6	62	105	125	61	121	30	113	58	38	68	50	101	132	113	106	26	107	93	23	105	125	7	81	91	89	29	38	61	48	102	130	33	49	10	19	56	36	44	117	8	103	42	118	78	53	82	47	121	20	79	44	52	131	47	55	33	84	107	80	51	121	55	24	92	20	118	50	105	50	25	103	66	69	108	63	18	91	18	24	32	97	121	70	60	49	73	23	131	113	130	138	5
0	0	0	0	0	0	0	0	0	0	0	0	63	24	94	22	108	70	55	62	11	27	82	91	103	31	113	28	102	108	127	44	98	62	48	65	39	122	29	70	12	55	128	20	92	103	71	81	28	32	17	92	49	25	136	11	94	48	66	111	41	93	108	27	117	78	29	86	11	55	26	56	119	27	71	23	101	49	20	116	115	103	69	89	23	34	77	22	90	18	103	110	101	83	13	71	58	40	89	120	11	69	130	30	37	35	57	26	68	61	102	20	127	61	34	134	53	63	108	126	9	129	137	47	42	42	50	82
0	0	0	0	0	0	0	0	0	0	0	0	0	80	121	56	33	33	120	62	34	124	104	124	71	124	10	59	22	113	90	18	26	18	119	56	94	102	88	75	46	69	50	23	46	106	35	18	76	82	65	91	138	69	141	112	56	14	22	71	127	116	124	28	90	19	16	74	118	114	26	100	8	71	80	11	46	132	69	52	57	27	123	17	98	57	82	73	131	15	80	44	89	95	68	94	84	76	90	94	112	34	37	128	20	139	91	129	32	54	108	101	102	129	92	34	23	110	15	24	85	64	62	32	125	92	35	89
0	0	0	0	0	0	0	0	0	0	0	0	0	0	23	96	34	40	124	27	68	82	53	111	53	16	21	123	128	37	53	14	136	64	103	59	115	64	61	66	82	2	15	28	87	118	19	109	45	19	45	24	59	122	79	55	95	67	127	25	138	124	66	6	93	62	61	91	77	72	127	126	72	114	36	12	89	125	74	27	18	66	97	130	30	133	15	131	12	95	65	81	18	72	127	43	92	13	17	93	15	73	19	20	60	76	127	40	118	91	14	20	134	56	86	52	105	45	18	45	100	29	33	77	120	134	103	118
0	0	0	0	0	0	0	0	0	0	0	0	0	0	0	102	116	110	128	111	15	67	56	51	105	29	68	25	63	77	45	129	131	21	84	11	74	72	50	93	62	39	71	128	22	63	17	85	56	63	31	9	124	109	70	99	99	28	104	79	76	78	24	75	25	15	52	45	29	65	103	106	32	54	105	86	26	29	133	81	48	17	22	63	102	75	103	47	73	39	55	23	88	30	139	109	130	139	78	138	37	9	63	106	123	87	20	89	113	104	113	72	92	45	24	124	21	13	110	131	57	15	94	123	124	81	84	130
0	0	0	0	0	0	0	0	0	0	0	0	0	0	0	0	18	124	59	37	120	21	115	77	100	126	120	117	8	125	28	62	112	111	91	28	109	39	70	49	100	82	57	25	69	43	78	30	138	27	44	120	134	130	99	102	89	50	94	28	63	118	95	114	21	19	94	31	87	52	73	68	91	133	104	65	32	32	108	55	115	27	76	42	125	67	67	20	53	76	24	98	8	36	58	138	40	133	65	91	101	35	31	132	20	62	35	102	112	65	74	29	95	89	83	129	20	82	31	123	19	61	47	110	65	96	52	26
0	0	0	0	0	0	0	0	0	0	0	0	0	0	0	0	0	102	49	102	137	98	123	118	11	106	121	45	115	43	103	57	66	14	115	69	48	90	122	10	40	31	59	25	118	49	59	123	43	80	28	136	97	11	64	57	46	53	101	110	21	31	103	16	121	123	127	123	68	32	110	117	109	138	41	94	52	10	131	25	12	119	73	23	121	50	60	42	43	37	125	44	47	19	83	12	24	125	70	43	49	99	100	115	62	9	79	37	38	44	129	36	130	45	77	87	118	33	50	114	91	74	63	95	82	114	95	123
0	0	0	0	0	0	0	0	0	0	0	0	0	0	0	0	0	0	17	38	104	49	32	38	60	22	23	121	96	20	55	27	62	25	21	47	30	32	128	97	46	109	128	43	43	34	76	97	34	19	85	32	36	94	47	108	37	21	83	50	87	64	15	93	140	73	72	58	126	79	57	18	61	42	91	90	111	120	115	86	108	134	138	51	88	131	80	23	82	21	25	111	62	16	121	121	87	101	53	35	108	100	15	108	39	43	87	20	58	107	71	16	133	117	107	55	128	107	62	58	131	115	13	121	51	105	109	21
0	0	0	0	0	0	0	0	0	0	0	0	0	0	0	0	0	0	0	49	64	18	86	103	120	68	50	85	111	133	19	98	73	15	20	84	94	80	78	76	96	115	29	4	83	71	118	46	74	26	21	41	35	47	56	83	137	18	86	84	14	38	47	91	11	106	43	27	117	21	45	90	62	57	44	140	13	124	134	56	71	115	87	100	107	114	33	53	70	70	33	93	131	66	105	69	33	30	47	65	56	19	78	54	36	7	51	104	72	41	61	83	87	122	126	37	48	63	55	108	45	92	23	67	27	25	88	41
0	0	0	0	0	0	0	0	0	0	0	0	0	0	0	0	0	0	0	0	90	139	73	71	136	17	92	79	65	114	56	6	91	36	22	31	140	110	95	45	131	146	123	102	76	119	73	106	145	113	101	67	76	10	21	102	139	131	84	97	70	131	92	36	138	144	21	117	101	25	49	67	60	109	140	77	100	57	28	131	91	100	99	49	75	79	74	131	123	33	122	125	29	112	37	129	122	65	72	124	46	93	88	64	29	63	129	28	87	3	89	29	26	98	57	80	126	13	59	44	24	131	73	16	116	19	131	42
0	0	0	0	0	0	0	0	0	0	0	0	0	0	0	0	0	0	0	0	0	92	108	58	75	22	49	89	54	72	90	120	58	66	115	49	124	45	117	55	117	110	59	135	77	34	119	29	82	106	26	53	26	100	49	145	38	115	124	74	88	139	77	85	113	48	125	98	85	56	134	81	67	32	104	124	45	89	100	136	20	137	88	14	130	26	74	135	30	131	91	95	126	96	47	50	22	109	53	59	136	93	6	107	85	127	54	40	82	15	52	75	84	37	136	93	45	49	31	34	91	112	96	15	55	30	123	72
0	0	0	0	0	0	0	0	0	0	0	0	0	0	0	0	0	0	0	0	0	0	43	80	33	74	42	36	87	73	77	58	125	80	125	136	121	85	84	124	57	14	44	51	123	134	90	110	45	50	113	5	80	120	122	71	135	113	130	108	110	138	64	20	25	76	131	38	130	61	77	92	141	123	72	54	47	90	105	52	93	127	61	104	114	36	52	97	31	89	29	57	53	18	23	103	63	38	106	119	120	81	112	10	112	113	30	67	103	126	48	31	26	140	124	65	69	49	125	141	83	53	54	102	90	17	15	57
0	0	0	0	0	0	0	0	0	0	0	0	0	0	0	0	0	0	0	0	0	0	0	132	91	107	41	21	118	118	38	84	37	94	114	128	100	96	57	29	86	49	23	36	33	27	44	40	85	109	84	75	36	18	89	17	17	132	58	12	12	121	100	110	106	133	131	79	117	138	71	96	35	75	115	56	54	88	96	45	113	44	23	56	145	89	28	33	58	79	96	94	60	77	16	20	122	65	118	94	131	78	83	44	108	116	106	78	118	64	22	84	142	131	24	110	143	100	123	112	112	98	19	141	29	86	98	131
0	0	0	0	0	0	0	0	0	0	0	0	0	0	0	0	0	0	0	0	0	0	0	0	40	62	145	15	135	68	74	99	71	75	113	66	68	49	116	91	47	25	115	18	40	16	47	51	54	79	83	105	127	73	130	31	20	30	51	45	66	82	48	107	119	111	86	127	133	52	102	84	38	29	132	21	120	50	39	45	100	10	126	125	83	93	31	59	68	63	130	131	91	98	25	67	106	100	72	48	33	37	130	72	78	65	65	36	57	8	32	89	73	130	137	116	56	62	127	22	125	107	38	33	114	75	51	40
0	0	0	0	0	0	0	0	0	0	0	0	0	0	0	0	0	0	0	0	0	0	0	0	0	78	129	94	80	57	65	128	104	115	19	98	26	13	130	82	147	80	20	81	35	97	67	68	100	139	109	100	136	114	129	131	98	20	125	52	37	56	140	28	97	99	95	132	111	28	110	128	93	57	28	99	48	37	98	43	48	61	54	31	99	83	121	121	124	94	21	39	31	106	70	135	93	29	28	86	114	127	108	128	127	30	18	36	20	52	98	136	95	89	124	76	117	35	59	41	126	54	9	14	43	146	129	41
0	0	0	0	0	0	0	0	0	0	0	0	0	0	0	0	0	0	0	0	0	0	0	0	0	0	88	131	45	91	101	50	136	74	86	77	83	123	15	98	40	36	29	58	141	130	97	75	83	136	89	130	94	72	102	93	99	78	127	110	137	139	56	34	40	72	44	29	130	114	39	26	59	129	137	107	67	117	36	51	96	82	127	31	129	33	106	63	72	131	54	55	113	48	135	59	91	125	35	112	29	62	37	78	84	67	118	117	59	109	42	99	98	73	105	56	30	72	26	85	78	79	43	49	13	61	130	93
0	0	0	0	0	0	0	0	0	0	0	0	0	0	0	0	0	0	0	0	0	0	0	0	0	0	0	46	131	94	44	115	41	72	19	78	10	126	79	53	65	69	46	78	97	47	87	101	126	28	120	114	153	49	117	100	39	126	64	83	103	127	119	105	19	75	51	27	36	122	35	32	125	50	112	79	130	87	91	126	137	89	121	66	70	65	74	64	144	129	64	94	98	86	95	96	136	127	119	101	99	89	67	92	115	65	120	32	94	53	102	62	43	48	66	105	75	69	55	111	134	94	123	98	55	114	6	64
0	0	0	0	0	0	0	0	0	0	0	0	0	0	0	0	0	0	0	0	0	0	0	0	0	0	0	0	65	147	29	25	95	42	128	82	23	92	113	102	34	23	130	61	96	136	132	39	141	35	139	25	108	25	59	29	37	110	79	88	53	59	85	42	47	98	96	79	58	139	63	143	119	126	40	80	69	80	130	123	53	75	74	15	119	119	46	97	81	134	9	88	35	36	136	130	117	142	56	56	141	126	49	107	99	51	113	128	44	42	129	38	34	80	127	53	88	79	137	66	94	11	94	136	109	115	65	15
0	0	0	0	0	0	0	0	0	0	0	0	0	0	0	0	0	0	0	0	0	0	0	0	0	0	0	0	0	83	23	137	72	36	69	115	113	130	106	125	73	32	145	116	148	58	76	84	69	110	103	37	75	10	42	117	120	57	34	92	53	50	74	118	50	93	116	90	6	126	58	109	108	55	71	22	44	32	133	94	92	135	113	81	127	65	58	87	64	123	125	96	106	22	69	13	47	93	121	28	48	93	109	101	99	65	29	33	71	58	108	32	144	59	134	59	134	113	119	66	77	91	71	60	30	94	88	128
0	0	0	0	0	0	0	0	0	0	0	0	0	0	0	0	0	0	0	0	0	0	0	0	0	0	0	0	0	0	77	146	53	21	60	47	40	68	34	42	67	54	131	120	101	88	59	59	15	119	42	76	109	46	57	65	118	138	82	100	6	44	111	82	24	124	32	82	99	102	136	80	55	128	63	69	55	29	104	34	71	50	85	78	45	43	111	51	91	57	110	103	38	142	134	56	139	85	76	16	123	148	86	64	43	80	105	17	68	100	105	128	97	71	71	18	70	102	94	89	134	77	81	42	100	67	85	74
0	0	0	0	0	0	0	0	0	0	0	0	0	0	0	0	0	0	0	0	0	0	0	0	0	0	0	0	0	0	0	126	146	109	99	39	56	72	60	22	130	52	86	99	51	78	139	128	26	63	116	152	113	23	101	129	109	114	56	37	122	77	96	65	150	42	130	63	125	46	131	103	98	51	14	45	78	43	38	137	72	53	79	61	40	90	26	100	85	87	75	70	126	70	43	133	35	28	91	136	20	111	57	123	77	80	11	113	33	43	108	74	156	93	82	5	31	103	96	79	118	84	40	102	53	147	119	134
0	0	0	0	0	0	0	0	0	0	0	0	0	0	0	0	0	0	0	0	0	0	0	0	0	0	0	0	0	0	0	0	120	106	140	102	98	82	130	131	100	44	97	124	26	139	22	38	118	82	138	21	84	52	44	90	143	48	119	103	31	83	126	41	57	22	97	98	105	33	83	135	58	97	29	34	102	53	123	38	96	32	26	106	113	124	92	112	102	109	23	131	136	144	12	103	72	67	71	111	125	85	70	99	66	101	102	66	112	6	108	130	99	88	129	77	137	80	117	132	114	62	150	49	119	109	17	138
0	0	0	0	0	0	0	0	0	0	0	0	0	0	0	0	0	0	0	0	0	0	0	0	0	0	0	0	0	0	0	0	0	15	127	92	109	77	55	87	89	26	40	59	67	31	38	141	105	140	8	74	95	131	59	124	73	52	136	122	125	94	145	88	74	94	41	64	87	55	104	94	100	41	35	105	120	103	59	124	88	129	66	108	122	103	23	139	138	132	95	103	90	97	49	73	67	119	120	73	148	76	41	125	101	116	135	126	24	33	125	115	25	56	27	31	46	40	43	98	94	30	47	20	124	65	72	124
0	0	0	0	0	0	0	0	0	0	0	0	0	0	0	0	0	0	0	0	0	0	0	0	0	0	0	0	0	0	0	0	0	0	125	59	74	110	75	108	123	89	64	104	107	50	46	29	69	155	34	88	118	100	87	80	88	121	108	75	124	119	80	146	91	75	96	19	84	35	43	118	32	157	32	140	41	144	82	66	23	93	62	43	97	107	119	85	55	139	69	113	97	15	89	145	125	68	32	17	105	122	115	53	140	101	43	101	149	63	106	107	46	108	89	114	44	95	89	48	81	104	35	66	74	124	123	96
0	0	0	0	0	0	0	0	0	0	0	0	0	0	0	0	0	0	0	0	0	0	0	0	0	0	0	0	0	0	0	0	0	0	0	65	73	25	59	141	81	136	35	134	67	22	74	109	29	119	34	66	82	56	75	87	34	139	126	37	118	42	78	57	79	96	44	80	102	31	71	119	136	61	59	59	81	105	25	118	137	37	81	81	129	21	24	61	45	116	126	60	102	38	50	102	86	143	96	142	94	63	126	94	138	69	139	33	73	146	22	86	91	58	124	81	50	45	40	104	55	41	87	127	91	46	73	63
0	0	0	0	0	0	0	0	0	0	0	0	0	0	0	0	0	0	0	0	0	0	0	0	0	0	0	0	0	0	0	0	0	0	0	0	86	72	102	54	77	101	129	25	118	75	92	105	91	19	86	118	50	28	39	79	45	89	17	63	34	78	106	69	32	59	76	122	21	42	150	147	62	38	106	112	19	95	124	107	82	65	87	41	87	61	71	46	114	80	63	21	116	43	81	130	26	8	119	138	39	32	27	41	145	122	91	53	123	138	116	65	124	112	71	151	100	33	93	126	139	44	47	94	79	132	117	115
0	0	0	0	0	0	0	0	0	0	0	0	0	0	0	0	0	0	0	0	0	0	0	0	0	0	0	0	0	0	0	0	0	0	0	0	0	99	61	55	49	89	112	59	60	6	124	58	137	156	41	73	43	149	51	59	89	37	28	75	44	76	129	123	75	90	34	160	49	64	130	93	138	53	157	142	136	119	49	143	152	74	144	119	40	98	129	90	136	75	116	137	63	88	68	52	49	67	110	128	65	124	145	141	25	76	122	144	137	42	70	41	137	81	27	121	116	24	30	31	104	129	94	36	74	73	91	134
0	0	0	0	0	0	0	0	0	0	0	0	0	0	0	0	0	0	0	0	0	0	0	0	0	0	0	0	0	0	0	0	0	0	0	0	0	0	78	120	108	81	135	29	79	31	54	15	104	135	22	81	74	41	46	18	62	104	122	88	130	78	47	26	19	94	44	139	35	161	57	116	42	81	14	132	88	110	49	117	48	47	45	142	73	92	104	89	119	87	138	126	134	18	73	131	117	22	82	137	84	56	99	102	129	94	83	125	62	89	22	110	94	53	95	62	130	103	81	135	44	156	138	65	4	135	35	91
0	0	0	0	0	0	0	0	0	0	0	0	0	0	0	0	0	0	0	0	0	0	0	0	0	0	0	0	0	0	0	0	0	0	0	0	0	0	0	60	86	7	39	106	150	97	87	50	141	99	81	60	161	36	30	127	137	135	74	123	29	67	124	52	35	103	141	40	47	100	131	128	81	111	142	99	56	58	64	46	80	131	34	63	58	80	62	43	127	102	34	129	112	40	63	19	88	111	133	45	17	102	66	125	70	123	151	82	45	60	86	133	27	117	45	125	127	90	22	71	102	75	100	82	156	75	43	112
0	0	0	0	0	0	0	0	0	0	0	0	0	0	0	0	0	0	0	0	0	0	0	0	0	0	0	0	0	0	0	0	0	0	0	0	0	0	0	0	92	64	79	122	131	104	14	150	140	55	116	100	92	46	138	82	96	147	146	73	65	24	109	130	8	65	60	75	118	33	72	129	47	61	121	50	34	148	110	72	102	28	133	44	76	47	110	125	62	76	35	85	132	137	43	125	141	155	120	61	114	38	84	118	95	131	49	107	42	128	27	57	109	101	22	75	56	136	67	63	27	34	118	108	159	72	38	56
0	0	0	0	0	0	0	0	0	0	0	0	0	0	0	0	0	0	0	0	0	0	0	0	0	0	0	0	0	0	0	0	0	0	0	0	0	0	0	0	0	147	66	117	97	121	144	104	64	67	113	61	39	105	34	109	34	113	91	116	64	114	89	152	115	38	131	135	145	14	124	54	21	11	81	114	136	90	141	140	107	85	146	111	15	71	57	113	47	101	62	104	128	41	102	72	154	46	62	103	96	71	59	32	118	91	143	60	112	112	161	92	20	49	84	56	83	86	106	73	46	71	131	139	159	136	158	106
0	0	0	0	0	0	0	0	0	0	0	0	0	0	0	0	0	0	0	0	0	0	0	0	0	0	0	0	0	0	0	0	0	0	0	0	0	0	0	0	0	0	10	107	67	129	126	53	115	48	129	112	98	132	122	119	130	59	132	42	99	24	107	127	135	107	37	145	91	145	90	62	12	51	117	56	82	90	150	130	122	33	93	110	125	139	38	127	50	143	43	69	118	89	81	37	82	47	119	120	119	100	78	77	89	117	102	121	110	129	127	10	67	118	106	53	102	42	128	125	71	116	82	41	124	144	91	112
0	0	0	0	0	0	0	0	0	0	0	0	0	0	0	0	0	0	0	0	0	0	0	0	0	0	0	0	0	0	0	0	0	0	0	0	0	0	0	0	0	0	0	77	33	99	68	57	17	27	60	88	35	154	114	138	108	94	20	109	128	42	80	55	141	50	89	43	137	45	94	68	117	86	50	41	45	116	48	136	26	122	28	29	23	127	128	9	154	70	76	59	66	39	101	27	97	66	22	82	62	121	45	39	65	136	10	85	83	73	68	77	101	142	131	18	115	42	106	102	134	157	65	118	22	90	71	63
0	0	0	0	0	0	0	0	0	0	0	0	0	0	0	0	0	0	0	0	0	0	0	0	0	0	0	0	0	0	0	0	0	0	0	0	0	0	0	0	0	0	0	0	94	36	141	114	53	65	75	149	49	86	16	102	70	123	158	54	120	68	98	108	58	109	9	44	119	116	51	131	40	87	141	57	64	161	60	97	80	121	49	103	138	66	11	74	26	61	104	160	62	133	97	105	43	84	63	36	46	56	62	61	93	111	108	64	124	90	117	45	80	76	94	43	101	26	92	46	51	110	23	98	65	122	123	36
0	0	0	0	0	0	0	0	0	0	0	0	0	0	0	0	0	0	0	0	0	0	0	0	0	0	0	0	0	0	0	0	0	0	0	0	0	0	0	0	0	0	0	0	0	83	132	81	37	105	142	102	114	100	50	87	118	69	130	62	92	63	94	52	15	121	143	39	129	91	68	44	162	107	33	97	80	119	37	76	112	119	44	53	143	50	157	35	122	106	89	88	40	67	105	83	117	110	36	68	87	44	79	55	85	111	53	88	31	133	26	95	20	48	137	104	24	58	59	72	80	32	105	163	58	63	78	117
0	0	0	0	0	0	0	0	0	0	0	0	0	0	0	0	0	0	0	0	0	0	0	0	0	0	0	0	0	0	0	0	0	0	0	0	0	0	0	0	0	0	0	0	0	0	119	59	58	115	112	124	97	132	43	166	95	107	124	20	23	20	73	50	57	16	125	120	106	54	143	52	105	50	81	49	154	96	80	124	40	74	98	103	92	151	55	110	37	37	162	100	66	74	73	72	28	106	57	159	127	124	126	49	122	25	151	88	133	91	107	125	90	26	105	115	98	86	71	64	30	132	66	47	29	79	26	62
0	0	0	0	0	0	0	0	0	0	0	0	0	0	0	0	0	0	0	0	0	0	0	0	0	0	0	0	0	0	0	0	0	0	0	0	0	0	0	0	0	0	0	0	0	0	0	47	125	121	134	43	31	42	60	71	154	32	5	144	63	36	132	101	95	29	42	73	87	119	162	72	92	33	32	108	64	54	31	32	80	146	108	39	25	73	147	16	81	85	98	31	55	43	98	122	111	41	96	46	112	136	116	136	43	121	19	31	41	86	61	60	57	64	55	54	135	48	120	94	122	163	47	99	154	22	49	133
0	0	0	0	0	0	0	0	0	0	0	0	0	0	0	0	0	0	0	0	0	0	0	0	0	0	0	0	0	0	0	0	0	0	0	0	0	0	0	0	0	0	0	0	0	0	0	0	87	108	72	50	61	10	150	147	130	10	138	70	121	149	60	98	132	69	99	70	68	52	133	50	70	171	43	52	92	70	107	65	148	115	82	68	122	42	40	96	104	56	103	53	113	143	133	44	108	94	49	147	39	60	61	78	50	133	27	73	77	44	75	105	53	47	57	90	78	66	38	63	10	152	133	120	43	56	60	10
0	0	0	0	0	0	0	0	0	0	0	0	0	0	0	0	0	0	0	0	0	0	0	0	0	0	0	0	0	0	0	0	0	0	0	0	0	0	0	0	0	0	0	0	0	0	0	0	0	68	57	152	63	28	77	110	26	149	28	81	136	41	141	59	64	142	19	150	82	45	129	82	48	51	90	96	101	72	42	123	91	4	137	30	46	36	54	99	86	24	105	73	113	100	71	109	53	47	111	96	62	83	119	128	135	19	74	41	28	70	87	156	42	67	129	125	94	127	76	34	86	141	136	35	99	86	62	66
0	0	0	0	0	0	0	0	0	0	0	0	0	0	0	0	0	0	0	0	0	0	0	0	0	0	0	0	0	0	0	0	0	0	0	0	0	0	0	0	0	0	0	0	0	0	0	0	0	0	69	129	125	113	150	136	37	114	23	58	31	8	133	108	77	136	73	156	136	80	148	111	123	105	136	67	113	131	113	161	112	49	140	97	69	63	44	57	58	65	137	119	55	61	84	114	123	83	50	97	55	78	99	57	143	103	147	73	86	104	129	141	103	92	97	139	119	151	48	13	83	79	101	98	86	124	44	36
0	0	0	0	0	0	0	0	0	0	0	0	0	0	0	0	0	0	0	0	0	0	0	0	0	0	0	0	0	0	0	0	0	0	0	0	0	0	0	0	0	0	0	0	0	0	0	0	0	0	0	122	64	64	67	138	25	9	62	98	93	118	151	151	121	46	110	108	142	69	115	145	50	47	59	123	49	105	26	83	114	30	74	57	126	40	128	151	65	37	147	97	71	20	55	55	136	64	131	131	48	59	40	66	54	77	50	39	97	109	98	82	102	38	89	163	98	95	15	114	110	136	53	146	44	163	88	130
0	0	0	0	0	0	0	0	0	0	0	0	0	0	0	0	0	0	0	0	0	0	0	0	0	0	0	0	0	0	0	0	0	0	0	0	0	0	0	0	0	0	0	0	0	0	0	0	0	0	0	0	68	111	133	179	111	127	156	131	73	37	106	89	128	57	91	131	142	129	20	90	29	39	92	124	40	87	70	56	164	69	29	144	76	170	92	83	78	122	42	41	50	95	42	106	131	35	50	113	54	129	174	141	52	134	154	135	47	51	59	22	148	88	123	155	56	32	39	122	149	101	146	89	63	24	148	57
0	0	0	0	0	0	0	0	0	0	0	0	0	0	0	0	0	0	0	0	0	0	0	0	0	0	0	0	0	0	0	0	0	0	0	0	0	0	0	0	0	0	0	0	0	0	0	0	0	0	0	0	0	42	36	59	100	147	108	84	139	72	113	61	94	177	121	63	131	103	134	103	140	77	134	63	52	60	158	90	141	148	60	121	120	95	170	89	124	131	40	157	30	40	146	110	57	62	25	108	105	139	35	57	143	56	126	69	68	70	31	107	62	164	77	63	54	44	70	128	119	103	83	126	71	20	133	118
0	0	0	0	0	0	0	0	0	0	0	0	0	0	0	0	0	0	0	0	0	0	0	0	0	0	0	0	0	0	0	0	0	0	0	0	0	0	0	0	0	0	0	0	0	0	0	0	0	0	0	0	0	0	99	90	82	6	103	80	78	76	61	79	121	137	30	82	122	109	104	122	45	93	125	57	109	155	56	172	119	170	89	168	123	48	36	105	58	123	52	41	98	92	82	91	94	158	45	62	61	118	108	91	14	53	103	80	119	153	95	42	22	27	157	152	57	137	136	88	94	68	81	72	112	71	97	68
0	0	0	0	0	0	0	0	0	0	0	0	0	0	0	0	0	0	0	0	0	0	0	0	0	0	0	0	0	0	0	0	0	0	0	0	0	0	0	0	0	0	0	0	0	0	0	0	0	0	0	0	0	0	0	112	65	92	95	57	37	54	98	108	106	60	26	55	40	135	131	70	88	87	153	97	69	31	32	40	82	99	16	22	108	104	43	107	116	127	39	88	92	29	116	161	95	90	44	132	75	101	77	97	88	118	150	101	45	35	126	60	64	117	47	143	154	58	64	40	156	158	99	117	107	132	136	90
0	0	0	0	0	0	0	0	0	0	0	0	0	0	0	0	0	0	0	0	0	0	0	0	0	0	0	0	0	0	0	0	0	0	0	0	0	0	0	0	0	0	0	0	0	0	0	0	0	0	0	0	0	0	0	0	148	154	131	38	100	159	82	31	104	81	149	70	76	95	109	152	32	102	15	41	80	83	41	94	135	164	86	114	40	108	77	12	114	53	121	22	109	103	59	32	84	52	125	37	140	45	170	21	89	81	145	51	157	86	96	98	43	111	66	96	153	70	20	154	77	135	56	84	54	155	86	142
0	0	0	0	0	0	0	0	0	0	0	0	0	0	0	0	0	0	0	0	0	0	0	0	0	0	0	0	0	0	0	0	0	0	0	0	0	0	0	0	0	0	0	0	0	0	0	0	0	0	0	0	0	0	0	0	0	72	161	81	90	81	30	43	66	41	92	170	175	55	146	144	132	68	23	23	66	82	94	66	80	144	58	60	99	148	74	132	140	96	115	152	151	68	74	90	30	43	114	38	64	105	109	29	76	69	88	82	143	90	150	84	88	94	127	114	119	62	98	31	118	104	117	118	74	96	22	95
0	0	0	0	0	0	0	0	0	0	0	0	0	0	0	0	0	0	0	0	0	0	0	0	0	0	0	0	0	0	0	0	0	0	0	0	0	0	0	0	0	0	0	0	0	0	0	0	0	0	0	0	0	0	0	0	0	0	144	24	174	106	19	91	30	48	119	70	90	134	131	72	115	43	37	89	119	53	63	75	145	84	156	126	164	88	109	96	93	93	40	152	37	82	66	55	181	63	33	88	54	112	144	113	82	45	136	123	160	109	123	94	125	71	118	103	41	90	160	51	95	167	21	164	57	140	92	111
0	0	0	0	0	0	0	0	0	0	0	0	0	0	0	0	0	0	0	0	0	0	0	0	0	0	0	0	0	0	0	0	0	0	0	0	0	0	0	0	0	0	0	0	0	0	0	0	0	0	0	0	0	0	0	0	0	0	0	60	78	94	145	132	26	119	155	47	78	76	60	96	115	164	38	43	144	53	100	79	108	84	132	70	42	149	70	97	154	99	51	26	57	75	182	81	54	50	109	125	98	33	160	26	121	106	121	103	67	81	60	142	100	125	90	121	138	166	56	128	86	92	74	129	94	176	38	138
0	0	0	0	0	0	0	0	0	0	0	0	0	0	0	0	0	0	0	0	0	0	0	0	0	0	0	0	0	0	0	0	0	0	0	0	0	0	0	0	0	0	0	0	0	0	0	0	0	0	0	0	0	0	0	0	0	0	0	0	83	74	125	117	128	51	146	76	102	132	132	139	14	43	82	121	125	158	105	99	113	139	90	149	119	153	166	140	113	65	163	78	41	69	108	174	42	81	87	68	63	159	63	160	112	60	104	58	60	118	107	80	117	121	125	93	117	76	133	180	110	102	83	110	50	143	125	78
0	0	0	0	0	0	0	0	0	0	0	0	0	0	0	0	0	0	0	0	0	0	0	0	0	0	0	0	0	0	0	0	0	0	0	0	0	0	0	0	0	0	0	0	0	0	0	0	0	0	0	0	0	0	0	0	0	0	0	0	0	170	121	56	103	37	103	22	84	128	157	96	90	153	65	53	127	66	141	79	67	66	43	131	42	111	41	144	125	48	66	114	151	63	95	53	138	110	87	117	127	122	64	127	77	103	60	51	100	56	124	108	174	58	62	106	96	44	165	76	80	27	31	141	125	31	63	52
0	0	0	0	0	0	0	0	0	0	0	0	0	0	0	0	0	0	0	0	0	0	0	0	0	0	0	0	0	0	0	0	0	0	0	0	0	0	0	0	0	0	0	0	0	0	0	0	0	0	0	0	0	0	0	0	0	0	0	0	0	0	76	15	129	125	169	50	109	88	175	99	100	92	49	147	88	153	109	69	117	164	43	136	50	63	126	52	107	77	127	138	111	93	183	100	155	36	48	114	108	183	80	153	33	127	126	93	91	136	84	151	58	160	35	88	72	112	124	122	145	171	75	78	54	98	118	109
0	0	0	0	0	0	0	0	0	0	0	0	0	0	0	0	0	0	0	0	0	0	0	0	0	0	0	0	0	0	0	0	0	0	0	0	0	0	0	0	0	0	0	0	0	0	0	0	0	0	0	0	0	0	0	0	0	0	0	0	0	0	0	105	126	162	113	133	129	154	63	106	50	77	98	105	113	111	49	58	77	35	57	145	152	118	69	143	105	69	139	90	100	127	148	58	124	105	53	82	135	73	69	90	108	58	55	74	116	71	92	41	76	27	138	67	72	90	73	124	64	69	101	138	10	129	32	72
0	0	0	0	0	0	0	0	0	0	0	0	0	0	0	0	0	0	0	0	0	0	0	0	0	0	0	0	0	0	0	0	0	0	0	0	0	0	0	0	0	0	0	0	0	0	0	0	0	0	0	0	0	0	0	0	0	0	0	0	0	0	0	0	39	81	75	128	60	12	12	92	180	145	134	66	87	99	72	147	113	93	182	75	63	39	54	97	115	153	134	147	157	142	121	100	119	93	150	75	135	43	100	110	124	109	134	156	85	95	63	75	137	48	124	141	126	95	82	131	117	120	111	82	135	32	153	130
0	0	0	0	0	0	0	0	0	0	0	0	0	0	0	0	0	0	0	0	0	0	0	0	0	0	0	0	0	0	0	0	0	0	0	0	0	0	0	0	0	0	0	0	0	0	0	0	0	0	0	0	0	0	0	0	0	0	0	0	0	0	0	0	0	129	84	134	158	71	168	27	127	125	77	123	104	116	158	133	132	154	59	125	81	24	167	117	72	112	157	141	140	141	145	169	121	69	77	183	176	124	22	95	21	86	171	97	123	130	52	116	153	46	114	94	38	98	164	88	88	30	58	118	160	9	144	153
0	0	0	0	0	0	0	0	0	0	0	0	0	0	0	0	0	0	0	0	0	0	0	0	0	0	0	0	0	0	0	0	0	0	0	0	0	0	0	0	0	0	0	0	0	0	0	0	0	0	0	0	0	0	0	0	0	0	0	0	0	0	0	0	0	0	129	87	140	34	87	56	149	59	51	101	54	72	29	160	58	59	58	80	132	123	115	61	176	59	96	47	186	76	142	21	37	136	33	47	52	181	87	157	9	96	24	113	73	151	119	83	166	144	109	129	28	97	32	163	65	161	83	80	151	30	48	52
0	0	0	0	0	0	0	0	0	0	0	0	0	0	0	0	0	0	0	0	0	0	0	0	0	0	0	0	0	0	0	0	0	0	0	0	0	0	0	0	0	0	0	0	0	0	0	0	0	0	0	0	0	0	0	0	0	0	0	0	0	0	0	0	0	0	0	85	58	80	85	15	98	71	40	73	112	130	166	85	17	104	85	77	35	140	60	17	139	116	84	53	39	153	115	79	74	140	110	82	75	126	92	109	82	68	117	96	90	96	157	115	145	171	69	96	147	36	27	130	128	118	75	74	111	134	48	139
0	0	0	0	0	0	0	0	0	0	0	0	0	0	0	0	0	0	0	0	0	0	0	0	0	0	0	0	0	0	0	0	0	0	0	0	0	0	0	0	0	0	0	0	0	0	0	0	0	0	0	0	0	0	0	0	0	0	0	0	0	0	0	0	0	0	0	0	77	182	136	94	121	143	66	76	90	123	116	82	103	34	139	156	81	37	119	123	66	122	100	70	34	48	45	158	104	96	107	183	155	65	80	110	43	120	102	172	156	101	110	91	92	152	35	44	111	100	125	92	59	48	50	77	105	70	97	123
0	0	0	0	0	0	0	0	0	0	0	0	0	0	0	0	0	0	0	0	0	0	0	0	0	0	0	0	0	0	0	0	0	0	0	0	0	0	0	0	0	0	0	0	0	0	0	0	0	0	0	0	0	0	0	0	0	0	0	0	0	0	0	0	0	0	0	0	0	58	131	197	68	118	100	165	83	141	59	120	131	60	105	116	145	140	57	61	191	87	122	169	134	52	80	94	149	26	169	59	42	128	131	104	70	110	100	159	111	127	80	67	113	27	75	101	33	134	32	48	91	126	49	86	132	154	144	90
0	0	0	0	0	0	0	0	0	0	0	0	0	0	0	0	0	0	0	0	0	0	0	0	0	0	0	0	0	0	0	0	0	0	0	0	0	0	0	0	0	0	0	0	0	0	0	0	0	0	0	0	0	0	0	0	0	0	0	0	0	0	0	0	0	0	0	0	0	0	161	122	91	95	183	37	151	55	41	109	128	120	78	116	27	109	126	31	93	123	94	160	98	89	180	115	152	138	65	140	108	61	156	59	89	128	54	65	134	133	10	157	100	27	49	146	132	86	180	17	154	119	92	106	98	89	59	54
0	0	0	0	0	0	0	0	0	0	0	0	0	0	0	0	0	0	0	0	0	0	0	0	0	0	0	0	0	0	0	0	0	0	0	0	0	0	0	0	0	0	0	0	0	0	0	0	0	0	0	0	0	0	0	0	0	0	0	0	0	0	0	0	0	0	0	0	0	0	0	70	173	145	188	84	178	60	38	78	82	111	66	117	152	132	140	96	80	85	63	67	121	79	164	95	112	34	174	99	51	112	97	97	62	156	79	61	106	121	173	93	70	105	72	144	89	159	60	133	86	120	103	28	28	193	89	106
0	0	0	0	0	0	0	0	0	0	0	0	0	0	0	0	0	0	0	0	0	0	0	0	0	0	0	0	0	0	0	0	0	0	0	0	0	0	0	0	0	0	0	0	0	0	0	0	0	0	0	0	0	0	0	0	0	0	0	0	0	0	0	0	0	0	0	0	0	0	0	0	74	143	159	165	125	94	167	36	87	120	134	63	187	69	148	76	165	92	76	105	120	173	179	139	142	38	156	134	67	116	44	146	86	102	138	157	66	106	164	89	178	107	50	83	125	100	145	141	133	127	88	130	177	17	170	88
0	0	0	0	0	0	0	0	0	0	0	0	0	0	0	0	0	0	0	0	0	0	0	0	0	0	0	0	0	0	0	0	0	0	0	0	0	0	0	0	0	0	0	0	0	0	0	0	0	0	0	0	0	0	0	0	0	0	0	0	0	0	0	0	0	0	0	0	0	0	0	0	0	86	33	106	72	147	81	123	107	93	39	136	71	94	113	57	114	147	113	138	130	112	139	78	119	120	143	170	26	77	72	124	166	45	107	73	77	136	45	63	134	67	46	153	158	165	120	52	136	147	177	142	65	124	104	93
0	0	0	0	0	0	0	0	0	0	0	0	0	0	0	0	0	0	0	0	0	0	0	0	0	0	0	0	0	0	0	0	0	0	0	0	0	0	0	0	0	0	0	0	0	0	0	0	0	0	0	0	0	0	0	0	0	0	0	0	0	0	0	0	0	0	0	0	0	0	0	0	0	0	69	89	182	56	43	156	85	42	183	116	119	42	135	125	10	41	30	66	82	70	101	76	87	144	78	89	23	46	65	74	123	58	79	70	155	97	113	154	196	45	113	52	45	159	151	48	121	182	95	145	109	104	55	128
0	0	0	0	0	0	0	0	0	0	0	0	0	0	0	0	0	0	0	0	0	0	0	0	0	0	0	0	0	0	0	0	0	0	0	0	0	0	0	0	0	0	0	0	0	0	0	0	0	0	0	0	0	0	0	0	0	0	0	0	0	0	0	0	0	0	0	0	0	0	0	0	0	0	0	67	131	66	113	50	84	83	38	10	71	184	47	105	83	60	37	164	64	48	143	71	101	73	97	128	104	121	15	177	82	86	116	29	122	130	127	185	66	136	168	81	49	146	89	170	106	63	118	129	124	31	192	94
0	0	0	0	0	0	0	0	0	0	0	0	0	0	0	0	0	0	0	0	0	0	0	0	0	0	0	0	0	0	0	0	0	0	0	0	0	0	0	0	0	0	0	0	0	0	0	0	0	0	0	0	0	0	0	0	0	0	0	0	0	0	0	0	0	0	0	0	0	0	0	0	0	0	0	0	128	114	133	136	70	92	50	112	60	99	76	127	149	111	124	150	121	34	108	174	147	167	128	171	95	54	100	108	63	127	176	131	67	102	97	159	116	38	92	36	101	169	59	114	83	95	112	112	62	23	162	61
0	0	0	0	0	0	0	0	0	0	0	0	0	0	0	0	0	0	0	0	0	0	0	0	0	0	0	0	0	0	0	0	0	0	0	0	0	0	0	0	0	0	0	0	0	0	0	0	0	0	0	0	0	0	0	0	0	0	0	0	0	0	0	0	0	0	0	0	0	0	0	0	0	0	0	0	0	120	9	131	55	192	88	138	129	170	130	68	108	107	119	91	82	143	135	46	46	125	166	149	21	108	76	164	162	158	70	73	189	73	106	105	179	52	85	78	174	121	36	144	159	95	147	117	69	152	33	77
0	0	0	0	0	0	0	0	0	0	0	0	0	0	0	0	0	0	0	0	0	0	0	0	0	0	0	0	0	0	0	0	0	0	0	0	0	0	0	0	0	0	0	0	0	0	0	0	0	0	0	0	0	0	0	0	0	0	0	0	0	0	0	0	0	0	0	0	0	0	0	0	0	0	0	0	0	0	114	157	148	73	125	108	98	122	100	120	82	91	70	141	67	70	138	122	187	92	135	82	129	88	125	74	166	185	101	96	33	119	197	164	138	146	155	102	49	108	54	70	135	54	158	51	34	49	88	93
0	0	0	0	0	0	0	0	0	0	0	0	0	0	0	0	0	0	0	0	0	0	0	0	0	0	0	0	0	0	0	0	0	0	0	0	0	0	0	0	0	0	0	0	0	0	0	0	0	0	0	0	0	0	0	0	0	0	0	0	0	0	0	0	0	0	0	0	0	0	0	0	0	0	0	0	0	0	0	66	128	162	75	106	76	183	73	20	80	95	143	27	77	173	66	131	115	72	84	12	116	72	158	56	110	62	139	119	99	93	110	161	96	141	156	111	63	77	133	60	56	105	165	159	63	115	194	92
0	0	0	0	0	0	0	0	0	0	0	0	0	0	0	0	0	0	0	0	0	0	0	0	0	0	0	0	0	0	0	0	0	0	0	0	0	0	0	0	0	0	0	0	0	0	0	0	0	0	0	0	0	0	0	0	0	0	0	0	0	0	0	0	0	0	0	0	0	0	0	0	0	0	0	0	0	0	0	0	124	57	129	166	135	59	164	138	118	57	198	139	148	181	85	98	151	73	84	44	49	128	139	159	170	21	143	74	95	24	88	132	195	114	108	97	66	66	49	123	110	163	125	148	40	154	164	145
0	0	0	0	0	0	0	0	0	0	0	0	0	0	0	0	0	0	0	0	0	0	0	0	0	0	0	0	0	0	0	0	0	0	0	0	0	0	0	0	0	0	0	0	0	0	0	0	0	0	0	0	0	0	0	0	0	0	0	0	0	0	0	0	0	0	0	0	0	0	0	0	0	0	0	0	0	0	0	0	0	177	111	90	76	63	119	143	50	34	112	136	75	165	32	47	146	166	120	31	91	120	91	75	79	60	78	99	116	154	90	142	34	37	114	107	40	68	65	96	187	89	52	127	38	106	134	62
0	0	0	0	0	0	0	0	0	0	0	0	0	0	0	0	0	0	0	0	0	0	0	0	0	0	0	0	0	0	0	0	0	0	0	0	0	0	0	0	0	0	0	0	0	0	0	0	0	0	0	0	0	0	0	0	0	0	0	0	0	0	0	0	0	0	0	0	0	0	0	0	0	0	0	0	0	0	0	0	0	0	71	40	93	126	179	75	51	63	68	180	71	76	72	178	89	177	86	191	108	194	78	204	111	14	49	125	172	78	109	98	144	76	126	23	49	130	93	94	40	73	108	122	98	82	109	82
0	0	0	0	0	0	0	0	0	0	0	0	0	0	0	0	0	0	0	0	0	0	0	0	0	0	0	0	0	0	0	0	0	0	0	0	0	0	0	0	0	0	0	0	0	0	0	0	0	0	0	0	0	0	0	0	0	0	0	0	0	0	0	0	0	0	0	0	0	0	0	0	0	0	0	0	0	0	0	0	0	0	0	129	16	102	46	138	64	124	52	37	54	84	135	68	195	95	30	142	160	198	81	114	169	113	73	107	157	37	164	152	59	9	65	143	64	53	181	164	62	28	140	16	34	127	148	165
0	0	0	0	0	0	0	0	0	0	0	0	0	0	0	0	0	0	0	0	0	0	0	0	0	0	0	0	0	0	0	0	0	0	0	0	0	0	0	0	0	0	0	0	0	0	0	0	0	0	0	0	0	0	0	0	0	0	0	0	0	0	0	0	0	0	0	0	0	0	0	0	0	0	0	0	0	0	0	0	0	0	0	0	104	139	121	86	114	118	132	115	101	114	83	157	85	167	162	162	127	129	179	94	127	85	152	77	81	120	98	150	76	187	160	100	149	93	130	166	174	144	38	149	88	137	52	87
0	0	0	0	0	0	0	0	0	0	0	0	0	0	0	0	0	0	0	0	0	0	0	0	0	0	0	0	0	0	0	0	0	0	0	0	0	0	0	0	0	0	0	0	0	0	0	0	0	0	0	0	0	0	0	0	0	0	0	0	0	0	0	0	0	0	0	0	0	0	0	0	0	0	0	0	0	0	0	0	0	0	0	0	0	71	160	73	78	140	10	168	136	66	131	25	190	63	113	137	116	133	138	74	144	153	167	90	122	93	147	109	111	90	92	105	101	137	125	38	111	42	151	140	75	71	127	178
0	0	0	0	0	0	0	0	0	0	0	0	0	0	0	0	0	0	0	0	0	0	0	0	0	0	0	0	0	0	0	0	0	0	0	0	0	0	0	0	0	0	0	0	0	0	0	0	0	0	0	0	0	0	0	0	0	0	0	0	0	0	0	0	0	0	0	0	0	0	0	0	0	0	0	0	0	0	0	0	0	0	0	0	0	0	169	128	134	66	72	98	76	35	149	162	204	65	126	107	67	135	34	116	89	175	103	124	124	70	146	81	118	148	168	129	112	114	209	40	178	113	177	147	142	129	64	126
0	0	0	0	0	0	0	0	0	0	0	0	0	0	0	0	0	0	0	0	0	0	0	0	0	0	0	0	0	0	0	0	0	0	0	0	0	0	0	0	0	0	0	0	0	0	0	0	0	0	0	0	0	0	0	0	0	0	0	0	0	0	0	0	0	0	0	0	0	0	0	0	0	0	0	0	0	0	0	0	0	0	0	0	0	0	0	135	83	79	135	70	130	142	173	87	89	78	66	94	59	156	168	182	106	158	111	48	108	70	166	82	109	144	186	22	45	116	41	117	148	110	90	168	92	145	88	66
0	0	0	0	0	0	0	0	0	0	0	0	0	0	0	0	0	0	0	0	0	0	0	0	0	0	0	0	0	0	0	0	0	0	0	0	0	0	0	0	0	0	0	0	0	0	0	0	0	0	0	0	0	0	0	0	0	0	0	0	0	0	0	0	0	0	0	0	0	0	0	0	0	0	0	0	0	0	0	0	0	0	0	0	0	0	0	0	41	108	165	131	201	149	107	148	100	128	130	131	163	150	74	98	119	176	97	147	147	38	74	97	32	139	115	191	43	68	56	141	119	76	123	120	75	87	112	134
0	0	0	0	0	0	0	0	0	0	0	0	0	0	0	0	0	0	0	0	0	0	0	0	0	0	0	0	0	0	0	0	0	0	0	0	0	0	0	0	0	0	0	0	0	0	0	0	0	0	0	0	0	0	0	0	0	0	0	0	0	0	0	0	0	0	0	0	0	0	0	0	0	0	0	0	0	0	0	0	0	0	0	0	0	0	0	0	0	164	138	62	118	64	128	121	99	88	180	67	48	165	135	46	171	44	157	83	83	83	69	132	86	19	87	146	176	49	62	167	180	126	157	63	148	143	52	207
0	0	0	0	0	0	0	0	0	0	0	0	0	0	0	0	0	0	0	0	0	0	0	0	0	0	0	0	0	0	0	0	0	0	0	0	0	0	0	0	0	0	0	0	0	0	0	0	0	0	0	0	0	0	0	0	0	0	0	0	0	0	0	0	0	0	0	0	0	0	0	0	0	0	0	0	0	0	0	0	0	0	0	0	0	0	0	0	0	0	191	39	125	118	127	177	124	126	89	153	150	93	36	42	140	135	68	125	130	122	97	141	121	161	160	108	141	17	121	72	143	30	90	90	152	45	142	147
0	0	0	0	0	0	0	0	0	0	0	0	0	0	0	0	0	0	0	0	0	0	0	0	0	0	0	0	0	0	0	0	0	0	0	0	0	0	0	0	0	0	0	0	0	0	0	0	0	0	0	0	0	0	0	0	0	0	0	0	0	0	0	0	0	0	0	0	0	0	0	0	0	0	0	0	0	0	0	0	0	0	0	0	0	0	0	0	0	0	0	143	158	140	74	96	134	108	140	188	121	95	196	163	142	193	42	213	140	84	162	114	155	85	111	134	175	88	150	81	83	118	160	114	171	125	93	123
0	0	0	0	0	0	0	0	0	0	0	0	0	0	0	0	0	0	0	0	0	0	0	0	0	0	0	0	0	0	0	0	0	0	0	0	0	0	0	0	0	0	0	0	0	0	0	0	0	0	0	0	0	0	0	0	0	0	0	0	0	0	0	0	0	0	0	0	0	0	0	0	0	0	0	0	0	0	0	0	0	0	0	0	0	0	0	0	0	0	0	0	102	71	103	95	40	114	119	73	190	104	142	120	175	75	128	112	137	94	38	98	30	201	162	126	118	195	160	60	105	133	200	92	55	105	163	146
0	0	0	0	0	0	0	0	0	0	0	0	0	0	0	0	0	0	0	0	0	0	0	0	0	0	0	0	0	0	0	0	0	0	0	0	0	0	0	0	0	0	0	0	0	0	0	0	0	0	0	0	0	0	0	0	0	0	0	0	0	0	0	0	0	0	0	0	0	0	0	0	0	0	0	0	0	0	0	0	0	0	0	0	0	0	0	0	0	0	0	0	0	129	149	149	204	100	156	103	123	131	85	103	95	14	95	120	78	49	118	92	181	66	73	139	98	78	207	71	95	121	75	163	136	119	88	107
0	0	0	0	0	0	0	0	0	0	0	0	0	0	0	0	0	0	0	0	0	0	0	0	0	0	0	0	0	0	0	0	0	0	0	0	0	0	0	0	0	0	0	0	0	0	0	0	0	0	0	0	0	0	0	0	0	0	0	0	0	0	0	0	0	0	0	0	0	0	0	0	0	0	0	0	0	0	0	0	0	0	0	0	0	0	0	0	0	0	0	0	0	0	115	142	142	200	37	53	130	61	142	96	190	137	204	98	122	212	145	171	159	113	88	38	99	128	86	98	187	60	59	39	42	116	138	151
0	0	0	0	0	0	0	0	0	0	0	0	0	0	0	0	0	0	0	0	0	0	0	0	0	0	0	0	0	0	0	0	0	0	0	0	0	0	0	0	0	0	0	0	0	0	0	0	0	0	0	0	0	0	0	0	0	0	0	0	0	0	0	0	0	0	0	0	0	0	0	0	0	0	0	0	0	0	0	0	0	0	0	0	0	0	0	0	0	0	0	0	0	0	0	81	49	123	122	67	69	105	119	38	153	73	141	85	106	69	166	21	34	84	63	85	137	93	57	77	123	185	140	54	150	121	69	161
0	0	0	0	0	0	0	0	0	0	0	0	0	0	0	0	0	0	0	0	0	0	0	0	0	0	0	0	0	0	0	0	0	0	0	0	0	0	0	0	0	0	0	0	0	0	0	0	0	0	0	0	0	0	0	0	0	0	0	0	0	0	0	0	0	0	0	0	0	0	0	0	0	0	0	0	0	0	0	0	0	0	0	0	0	0	0	0	0	0	0	0	0	0	0	0	113	92	70	135	43	112	118	180	101	152	111	125	123	56	153	161	146	28	95	149	73	101	120	191	135	146	26	115	146	203	127	55
0	0	0	0	0	0	0	0	0	0	0	0	0	0	0	0	0	0	0	0	0	0	0	0	0	0	0	0	0	0	0	0	0	0	0	0	0	0	0	0	0	0	0	0	0	0	0	0	0	0	0	0	0	0	0	0	0	0	0	0	0	0	0	0	0	0	0	0	0	0	0	0	0	0	0	0	0	0	0	0	0	0	0	0	0	0	0	0	0	0	0	0	0	0	0	0	0	146	112	125	118	76	102	121	96	147	110	121	65	106	78	94	64	92	162	138	86	79	91	102	87	163	86	90	23	130	56	94
0	0	0	0	0	0	0	0	0	0	0	0	0	0	0	0	0	0	0	0	0	0	0	0	0	0	0	0	0	0	0	0	0	0	0	0	0	0	0	0	0	0	0	0	0	0	0	0	0	0	0	0	0	0	0	0	0	0	0	0	0	0	0	0	0	0	0	0	0	0	0	0	0	0	0	0	0	0	0	0	0	0	0	0	0	0	0	0	0	0	0	0	0	0	0	0	0	0	149	135	106	164	105	35	187	101	122	131	43	144	75	120	134	154	82	116	119	86	29	131	102	147	150	164	124	167	33	149
0	0	0	0	0	0	0	0	0	0	0	0	0	0	0	0	0	0	0	0	0	0	0	0	0	0	0	0	0	0	0	0	0	0	0	0	0	0	0	0	0	0	0	0	0	0	0	0	0	0	0	0	0	0	0	0	0	0	0	0	0	0	0	0	0	0	0	0	0	0	0	0	0	0	0	0	0	0	0	0	0	0	0	0	0	0	0	0	0	0	0	0	0	0	0	0	0	0	0	162	122	130	55	90	155	38	139	60	169	106	211	109	142	123	77	156	190	139	134	46	158	111	90	139	125	143	97	121
0	0	0	0	0	0	0	0	0	0	0	0	0	0	0	0	0	0	0	0	0	0	0	0	0	0	0	0	0	0	0	0	0	0	0	0	0	0	0	0	0	0	0	0	0	0	0	0	0	0	0	0	0	0	0	0	0	0	0	0	0	0	0	0	0	0	0	0	0	0	0	0	0	0	0	0	0	0	0	0	0	0	0	0	0	0	0	0	0	0	0	0	0	0	0	0	0	0	0	0	106	38	115	126	112	27	171	114	61	100	113	4	143	105	48	151	93	57	85	73	188	62	191	220	170	84	166	151
0	0	0	0	0	0	0	0	0	0	0	0	0	0	0	0	0	0	0	0	0	0	0	0	0	0	0	0	0	0	0	0	0	0	0	0	0	0	0	0	0	0	0	0	0	0	0	0	0	0	0	0	0	0	0	0	0	0	0	0	0	0	0	0	0	0	0	0	0	0	0	0	0	0	0	0	0	0	0	0	0	0	0	0	0	0	0	0	0	0	0	0	0	0	0	0	0	0	0	0	0	166	84	139	23	113	76	111	113	85	116	118	65	111	92	132	129	122	102	196	95	132	45	112	199	72	114	55
0	0	0	0	0	0	0	0	0	0	0	0	0	0	0	0	0	0	0	0	0	0	0	0	0	0	0	0	0	0	0	0	0	0	0	0	0	0	0	0	0	0	0	0	0	0	0	0	0	0	0	0	0	0	0	0	0	0	0	0	0	0	0	0	0	0	0	0	0	0	0	0	0	0	0	0	0	0	0	0	0	0	0	0	0	0	0	0	0	0	0	0	0	0	0	0	0	0	0	0	0	0	60	116	153	162	107	90	137	96	141	116	169	107	112	189	167	169	176	193	115	70	174	148	89	138	162	173
0	0	0	0	0	0	0	0	0	0	0	0	0	0	0	0	0	0	0	0	0	0	0	0	0	0	0	0	0	0	0	0	0	0	0	0	0	0	0	0	0	0	0	0	0	0	0	0	0	0	0	0	0	0	0	0	0	0	0	0	0	0	0	0	0	0	0	0	0	0	0	0	0	0	0	0	0	0	0	0	0	0	0	0	0	0	0	0	0	0	0	0	0	0	0	0	0	0	0	0	0	0	0	107	122	116	79	87	146	98	104	110	115	18	148	56	154	135	182	186	228	180	147	68	212	167	106	102
0	0	0	0	0	0	0	0	0	0	0	0	0	0	0	0	0	0	0	0	0	0	0	0	0	0	0	0	0	0	0	0	0	0	0	0	0	0	0	0	0	0	0	0	0	0	0	0	0	0	0	0	0	0	0	0	0	0	0	0	0	0	0	0	0	0	0	0	0	0	0	0	0	0	0	0	0	0	0	0	0	0	0	0	0	0	0	0	0	0	0	0	0	0	0	0	0	0	0	0	0	0	0	0	117	161	32	159	113	115	228	119	61	108	135	64	87	184	135	69	133	94	91	193	112	142	56	113
0	0	0	0	0	0	0	0	0	0	0	0	0	0	0	0	0	0	0	0	0	0	0	0	0	0	0	0	0	0	0	0	0	0	0	0	0	0	0	0	0	0	0	0	0	0	0	0	0	0	0	0	0	0	0	0	0	0	0	0	0	0	0	0	0	0	0	0	0	0	0	0	0	0	0	0	0	0	0	0	0	0	0	0	0	0	0	0	0	0	0	0	0	0	0	0	0	0	0	0	0	0	0	0	0	137	188	156	101	143	104	85	77	56	80	29	70	159	89	173	189	107	124	166	95	100	166	217
0	0	0	0	0	0	0	0	0	0	0	0	0	0	0	0	0	0	0	0	0	0	0	0	0	0	0	0	0	0	0	0	0	0	0	0	0	0	0	0	0	0	0	0	0	0	0	0	0	0	0	0	0	0	0	0	0	0	0	0	0	0	0	0	0	0	0	0	0	0	0	0	0	0	0	0	0	0	0	0	0	0	0	0	0	0	0	0	0	0	0	0	0	0	0	0	0	0	0	0	0	0	0	0	0	0	153	147	30	152	179	199	159	116	62	104	35	92	110	143	99	144	132	46	135	152	75	152
0	0	0	0	0	0	0	0	0	0	0	0	0	0	0	0	0	0	0	0	0	0	0	0	0	0	0	0	0	0	0	0	0	0	0	0	0	0	0	0	0	0	0	0	0	0	0	0	0	0	0	0	0	0	0	0	0	0	0	0	0	0	0	0	0	0	0	0	0	0	0	0	0	0	0	0	0	0	0	0	0	0	0	0	0	0	0	0	0	0	0	0	0	0	0	0	0	0	0	0	0	0	0	0	0	0	0	78	155	151	129	171	75	71	147	119	74	72	58	212	132	82	150	75	204	130	121	109
0	0	0	0	0	0	0	0	0	0	0	0	0	0	0	0	0	0	0	0	0	0	0	0	0	0	0	0	0	0	0	0	0	0	0	0	0	0	0	0	0	0	0	0	0	0	0	0	0	0	0	0	0	0	0	0	0	0	0	0	0	0	0	0	0	0	0	0	0	0	0	0	0	0	0	0	0	0	0	0	0	0	0	0	0	0	0	0	0	0	0	0	0	0	0	0	0	0	0	0	0	0	0	0	0	0	0	0	45	72	221	158	101	71	111	37	99	132	99	95	150	87	127	169	54	49	69	124
0	0	0	0	0	0	0	0	0	0	0	0	0	0	0	0	0	0	0	0	0	0	0	0	0	0	0	0	0	0	0	0	0	0	0	0	0	0	0	0	0	0	0	0	0	0	0	0	0	0	0	0	0	0	0	0	0	0	0	0	0	0	0	0	0	0	0	0	0	0	0	0	0	0	0	0	0	0	0	0	0	0	0	0	0	0	0	0	0	0	0	0	0	0	0	0	0	0	0	0	0	0	0	0	0	0	0	0	0	86	150	147	115	186	97	118	160	195	149	19	178	180	110	166	99	58	29	124
0	0	0	0	0	0	0	0	0	0	0	0	0	0	0	0	0	0	0	0	0	0	0	0	0	0	0	0	0	0	0	0	0	0	0	0	0	0	0	0	0	0	0	0	0	0	0	0	0	0	0	0	0	0	0	0	0	0	0	0	0	0	0	0	0	0	0	0	0	0	0	0	0	0	0	0	0	0	0	0	0	0	0	0	0	0	0	0	0	0	0	0	0	0	0	0	0	0	0	0	0	0	0	0	0	0	0	0	0	0	93	54	149	58	171	87	124	44	215	149	154	102	199	99	216	159	127	106
0	0	0	0	0	0	0	0	0	0	0	0	0	0	0	0	0	0	0	0	0	0	0	0	0	0	0	0	0	0	0	0	0	0	0	0	0	0	0	0	0	0	0	0	0	0	0	0	0	0	0	0	0	0	0	0	0	0	0	0	0	0	0	0	0	0	0	0	0	0	0	0	0	0	0	0	0	0	0	0	0	0	0	0	0	0	0	0	0	0	0	0	0	0	0	0	0	0	0	0	0	0	0	0	0	0	0	0	0	0	0	107	50	201	117	191	185	190	126	99	154	56	112	72	189	196	19	165
0	0	0	0	0	0	0	0	0	0	0	0	0	0	0	0	0	0	0	0	0	0	0	0	0	0	0	0	0	0	0	0	0	0	0	0	0	0	0	0	0	0	0	0	0	0	0	0	0	0	0	0	0	0	0	0	0	0	0	0	0	0	0	0	0	0	0	0	0	0	0	0	0	0	0	0	0	0	0	0	0	0	0	0	0	0	0	0	0	0	0	0	0	0	0	0	0	0	0	0	0	0	0	0	0	0	0	0	0	0	0	0	209	27	58	62	41	69	131	120	99	150	164	82	130	126	84	134
0	0	0	0	0	0	0	0	0	0	0	0	0	0	0	0	0	0	0	0	0	0	0	0	0	0	0	0	0	0	0	0	0	0	0	0	0	0	0	0	0	0	0	0	0	0	0	0	0	0	0	0	0	0	0	0	0	0	0	0	0	0	0	0	0	0	0	0	0	0	0	0	0	0	0	0	0	0	0	0	0	0	0	0	0	0	0	0	0	0	0	0	0	0	0	0	0	0	0	0	0	0	0	0	0	0	0	0	0	0	0	0	0	167	167	134	169	52	24	65	13	91	191	189	206	160	176	153
0	0	0	0	0	0	0	0	0	0	0	0	0	0	0	0	0	0	0	0	0	0	0	0	0	0	0	0	0	0	0	0	0	0	0	0	0	0	0	0	0	0	0	0	0	0	0	0	0	0	0	0	0	0	0	0	0	0	0	0	0	0	0	0	0	0	0	0	0	0	0	0	0	0	0	0	0	0	0	0	0	0	0	0	0	0	0	0	0	0	0	0	0	0	0	0	0	0	0	0	0	0	0	0	0	0	0	0	0	0	0	0	0	0	170	41	123	136	11	145	184	40	75	157	19	166	69	231
0	0	0	0	0	0	0	0	0	0	0	0	0	0	0	0	0	0	0	0	0	0	0	0	0	0	0	0	0	0	0	0	0	0	0	0	0	0	0	0	0	0	0	0	0	0	0	0	0	0	0	0	0	0	0	0	0	0	0	0	0	0	0	0	0	0	0	0	0	0	0	0	0	0	0	0	0	0	0	0	0	0	0	0	0	0	0	0	0	0	0	0	0	0	0	0	0	0	0	0	0	0	0	0	0	0	0	0	0	0	0	0	0	0	0	217	203	106	37	19	213	61	58	45	61	150	237	113
0	0	0	0	0	0	0	0	0	0	0	0	0	0	0	0	0	0	0	0	0	0	0	0	0	0	0	0	0	0	0	0	0	0	0	0	0	0	0	0	0	0	0	0	0	0	0	0	0	0	0	0	0	0	0	0	0	0	0	0	0	0	0	0	0	0	0	0	0	0	0	0	0	0	0	0	0	0	0	0	0	0	0	0	0	0	0	0	0	0	0	0	0	0	0	0	0	0	0	0	0	0	0	0	0	0	0	0	0	0	0	0	0	0	0	0	181	106	112	221	61	161	111	130	27	93	124	89
0	0	0	0	0	0	0	0	0	0	0	0	0	0	0	0	0	0	0	0	0	0	0	0	0	0	0	0	0	0	0	0	0	0	0	0	0	0	0	0	0	0	0	0	0	0	0	0	0	0	0	0	0	0	0	0	0	0	0	0	0	0	0	0	0	0	0	0	0	0	0	0	0	0	0	0	0	0	0	0	0	0	0	0	0	0	0	0	0	0	0	0	0	0	0	0	0	0	0	0	0	0	0	0	0	0	0	0	0	0	0	0	0	0	0	0	0	140	117	217	43	53	143	168	61	44	176	217
0	0	0	0	0	0	0	0	0	0	0	0	0	0	0	0	0	0	0	0	0	0	0	0	0	0	0	0	0	0	0	0	0	0	0	0	0	0	0	0	0	0	0	0	0	0	0	0	0	0	0	0	0	0	0	0	0	0	0	0	0	0	0	0	0	0	0	0	0	0	0	0	0	0	0	0	0	0	0	0	0	0	0	0	0	0	0	0	0	0	0	0	0	0	0	0	0	0	0	0	0	0	0	0	0	0	0	0	0	0	0	0	0	0	0	0	0	0	194	171	195	181	91	66	106	124	104	235
0	0	0	0	0	0	0	0	0	0	0	0	0	0	0	0	0	0	0	0	0	0	0	0	0	0	0	0	0	0	0	0	0	0	0	0	0	0	0	0	0	0	0	0	0	0	0	0	0	0	0	0	0	0	0	0	0	0	0	0	0	0	0	0	0	0	0	0	0	0	0	0	0	0	0	0	0	0	0	0	0	0	0	0	0	0	0	0	0	0	0	0	0	0	0	0	0	0	0	0	0	0	0	0	0	0	0	0	0	0	0	0	0	0	0	0	0	0	0	136	105	226	97	90	204	52	15	50
0	0	0	0	0	0	0	0	0	0	0	0	0	0	0	0	0	0	0	0	0	0	0	0	0	0	0	0	0	0	0	0	0	0	0	0	0	0	0	0	0	0	0	0	0	0	0	0	0	0	0	0	0	0	0	0	0	0	0	0	0	0	0	0	0	0	0	0	0	0	0	0	0	0	0	0	0	0	0	0	0	0	0	0	0	0	0	0	0	0	0	0	0	0	0	0	0	0	0	0	0	0	0	0	0	0	0	0	0	0	0	0	0	0	0	0	0	0	0	0	110	84	122	138	207	62	183	206
0	0	0	0	0	0	0	0	0	0	0	0	0	0	0	0	0	0	0	0	0	0	0	0	0	0	0	0	0	0	0	0	0	0	0	0	0	0	0	0	0	0	0	0	0	0	0	0	0	0	0	0	0	0	0	0	0	0	0	0	0	0	0	0	0	0	0	0	0	0	0	0	0	0	0	0	0	0	0	0	0	0	0	0	0	0	0	0	0	0	0	0	0	0	0	0	0	0	0	0	0	0	0	0	0	0	0	0	0	0	0	0	0	0	0	0	0	0	0	0	0	197	228	134	159	68	151	160
0	0	0	0	0	0	0	0	0	0	0	0	0	0	0	0	0	0	0	0	0	0	0	0	0	0	0	0	0	0	0	0	0	0	0	0	0	0	0	0	0	0	0	0	0	0	0	0	0	0	0	0	0	0	0	0	0	0	0	0	0	0	0	0	0	0	0	0	0	0	0	0	0	0	0	0	0	0	0	0	0	0	0	0	0	0	0	0	0	0	0	0	0	0	0	0	0	0	0	0	0	0	0	0	0	0	0	0	0	0	0	0	0	0	0	0	0	0	0	0	0	0	97	216	78	149	120	141
0	0	0	0	0	0	0	0	0	0	0	0	0	0	0	0	0	0	0	0	0	0	0	0	0	0	0	0	0	0	0	0	0	0	0	0	0	0	0	0	0	0	0	0	0	0	0	0	0	0	0	0	0	0	0	0	0	0	0	0	0	0	0	0	0	0	0	0	0	0	0	0	0	0	0	0	0	0	0	0	0	0	0	0	0	0	0	0	0	0	0	0	0	0	0	0	0	0	0	0	0	0	0	0	0	0	0	0	0	0	0	0	0	0	0	0	0	0	0	0	0	0	0	104	64	67	64	79
0	0	0	0	0	0	0	0	0	0	0	0	0	0	0	0	0	0	0	0	0	0	0	0	0	0	0	0	0	0	0	0	0	0	0	0	0	0	0	0	0	0	0	0	0	0	0	0	0	0	0	0	0	0	0	0	0	0	0	0	0	0	0	0	0	0	0	0	0	0	0	0	0	0	0	0	0	0	0	0	0	0	0	0	0	0	0	0	0	0	0	0	0	0	0	0	0	0	0	0	0	0	0	0	0	0	0	0	0	0	0	0	0	0	0	0	0	0	0	0	0	0	0	0	100	107	149	21
0	0	0	0	0	0	0	0	0	0	0	0	0	0	0	0	0	0	0	0	0	0	0	0	0	0	0	0	0	0	0	0	0	0	0	0	0	0	0	0	0	0	0	0	0	0	0	0	0	0	0	0	0	0	0	0	0	0	0	0	0	0	0	0	0	0	0	0	0	0	0	0	0	0	0	0	0	0	0	0	0	0	0	0	0	0	0	0	0	0	0	0	0	0	0	0	0	0	0	0	0	0	0	0	0	0	0	0	0	0	0	0	0	0	0	0	0	0	0	0	0	0	0	0	0	182	223	129
0	0	0	0	0	0	0	0	0	0	0	0	0	0	0	0	0	0	0	0	0	0	0	0	0	0	0	0	0	0	0	0	0	0	0	0	0	0	0	0	0	0	0	0	0	0	0	0	0	0	0	0	0	0	0	0	0	0	0	0	0	0	0	0	0	0	0	0	0	0	0	0	0	0	0	0	0	0	0	0	0	0	0	0	0	0	0	0	0	0	0	0	0	0	0	0	0	0	0	0	0	0	0	0	0	0	0	0	0	0	0	0	0	0	0	0	0	0	0	0	0	0	0	0	0	0	150	103
0	0	0	0	0	0	0	0	0	0	0	0	0	0	0	0	0	0	0	0	0	0	0	0	0	0	0	0	0	0	0	0	0	0	0	0	0	0	0	0	0	0	0	0	0	0	0	0	0	0	0	0	0	0	0	0	0	0	0	0	0	0	0	0	0	0	0	0	0	0	0	0	0	0	0	0	0	0	0	0	0	0	0	0	0	0	0	0	0	0	0	0	0	0	0	0	0	0	0	0	0	0	0	0	0	0	0	0	0	0	0	0	0	0	0	0	0	0	0	0	0	0	0	0	0	0	0	151
0	0	0	0	0	0	0	0	0	0	0	0	0	0	0	0	0	0	0	0	0	0	0	0	0	0	0	0	0	0	0	0	0	0	0	0	0	0	0	0	0	0	0	0	0	0	0	0	0	0	0	0	0	0	0	0	0	0	0	0	0	0	0	0	0	0	0	0	0	0	0	0	0	0	0	0	0	0	0	0	0	0	0	0	0	0	0	0	0	0	0	0	0	0	0	0	0	0	0	0	0	0	0	0	0	0	0	0	0	0	0	0	0	0	0	0	0	0	0	0	0	0	0	0	0	0	0	0