0	47	50	2	115	40	88	29	90	77	114	94	71	110	24	45	33	85	77	16	110	9	52	92	34	20	58	75	10	36	13	18	40	35	103	46	82	77	106	120	21	115	101	82	127	52	56	125	82	56	120	16	119	43	70	56	34	18	51	20	78	53	50	20	39	96	4	123	97	103	109	50	91	39	79	30	87	25	5	10	44	123	89	108	59	87	122	110	75	39	19	116	95	93	65	51	99	47	30	18	52	73	38	101	12	72	76	118	27	102	3	16	38	8	14	53	104	112	118	77	10	65	47	115	27	46	51	108
0	0	105	20	63	84	40	89	92	86	94	124	11	98	99	31	129	28	96	43	16	16	19	112	21	39	24	57	15	19	66	57	113	117	126	71	116	122	2	82	115	41	66	17	48	79	76	48	83	82	21	55	106	37	20	36	15	37	104	19	65	87	92	67	94	33	72	118	13	11	38	85	118	87	35	19	74	50	110	89	84	85	41	106	63	88	105	129	26	97	103	58	58	95	103	9	97	112	47	8	124	43	118	9	120	77	83	50	76	4	31	81	129	80	10	15	112	78	66	121	40	37	86	60	42	108	91	47
0	0	0	129	69	108	42	4	100	126	69	41	31	80	47	103	26	124	11	126	51	17	45	40	74	40	127	4	97	7	83	97	126	62	118	17	79	19	27	92	119	29	53	45	45	53	124	131	81	43	81	29	15	60	46	65	97	29	72	82	97	83	73	26	58	39	48	27	70	103	25	26	65	3	131	93	125	86	26	84	127	131	81	92	21	69	91	4	18	67	49	48	89	86	121	30	79	91	27	124	80	61	95	53	89	36	38	129	71	39	76	110	55	50	9	71	28	74	90	90	46	75	80	37	122	67	27	33
0	0	0	0	100	105	54	8	35	58	38	75	129	114	91	52	48	21	54	40	9	40	15	21	61	23	38	36	85	98	118	59	122	14	95	109	49	75	13	106	24	12	50	125	40	45	26	121	87	112	129	66	90	39	117	80	36	124	8	65	106	57	77	52	44	14	48	85	16	93	24	53	104	39	78	11	84	97	91	118	102	91	95	120	69	129	34	127	71	38	8	58	94	75	35	22	76	129	114	102	31	109	43	81	6	88	11	73	128	29	43	119	124	110	68	57	57	22	87	15	41	20	104	30	98	128	40	110
0	0	0	0	0	34	20	114	109	127	126	61	24	103	122	2	84	95	42	121	70	97	110	92	48	55	71	93	96	57	56	23	116	96	16	49	25	36	89	124	96	81	7	28	107	100	85	49	59	41	26	124	113	101	98	31	129	105	61	31	26	25	13	85	23	108	33	37	82	96	42	127	100	105	123	31	49	61	48	30	63	24	75	42	43	51	30	17	44	44	115	18	22	50	57	65	65	85	75	46	86	120	65	46	106	107	99	26	114	48	104	118	131	14	92	81	65	130	131	53	40	130	90	35	77	115	10	57
0	0	0	0	0	0	44	96	7	77	25	54	15	54	65	126	17	109	131	29	7	6	47	94	12	63	17	122	108	74	10	41	73	106	97	97	122	82	65	6	61	59	54	24	79	91	37	131	6	70	38	90	116	76	126	47	85	98	56	75	132	56	125	70	43	90	128	81	123	38	102	95	31	27	36	19	93	97	98	102	31	21	25	25	107	82	25	69	94	51	111	27	46	63	54	56	72	102	43	63	32	131	24	57	32	119	130	40	119	44	54	26	4	66	37	115	108	7	116	69	32	48	43	83	25	88	127	55
0	0	0	0	0	0	0	106	124	123	109	35	106	52	120	20	101	31	84	110	56	129	21	69	88	78	124	65	67	69	90	60	105	68	20	42	125	57	78	97	115	46	35	57	81	114	127	43	101	132	8	86	87	17	58	121	61	43	57	105	121	93	88	17	45	124	84	65	127	104	29	20	47	130	105	119	81	109	72	36	17	94	118	110	11	89	75	103	111	20	34	75	69	85	81	24	131	24	25	96	63	47	52	111	55	125	123	88	89	9	89	26	81	67	90	52	52	93	53	93	119	75	78	25	6	48	124	83
0	0	0	0	0	0	0	0	114	123	17	119	103	22	116	79	11	131	30	57	75	46	28	130	72	125	126	111	64	33	65	96	114	47	107	53	104	63	9	115	74	68	36	73	128	64	94	128	128	122	124	43	24	13	79	105	10	41	49	29	79	36	95	100	39	110	120	109	120	58	102	66	131	69	22	90	16	99	72	19	26	51	134	68	53	115	83	93	133	52	85	99	124	14	60	12	44	119	84	16	100	48	80	118	66	92	50	82	18	57	102	131	14	68	32	71	58	87	12	85	91	21	61	96	63	56	48	125
0	0	0	0	0	0	0	0	0	29	15	27	12	15	118	118	123	18	32	106	66	39	35	68	96	51	63	111	45	72	108	27	120	46	109	122	86	36	77	87	102	113	96	74	16	18	119	80	45	44	37	132	91	56	92	70	55	72	112	130	81	116	38	82	50	14	90	41	120	112	74	38	104	98	66	73	67	98	42	61	108	42	73	117	131	99	62	105	105	89	91	7	36	71	37	94	54	65	74	104	6	45	11	60	118	28	23	43	66	91	40	120	115	54	11	26	27	131	101	61	122	82	74	108	29	57	87	41
0	0	0	0	0	0	0	0	0	0	23	73	77	11	10	68	68	118	126	123	92	28	74	24	77	35	57	68	59	88	118	49	38	130	122	78	97	89	114	117	127	9	82	72	114	59	111	106	15	99	58	32	29	55	10	59	80	110	14	123	67	50	101	52	114	91	83	90	44	31	118	78	102	81	112	104	37	106	56	66	14	112	127	136	83	10	43	34	37	13	61	10	84	31	96	127	31	43	105	98	80	122	58	22	124	10	21	115	19	78	115	45	38	55	41	77	109	30	66	100	59	20	67	100	21	7	50	11
0	0	0	0	0	0	0	0	0	0	0	113	57	120	50	125	23	86	113	29	34	26	28	68	44	33	83	50	41	40	120	102	11	80	102	59	47	52	130	70	68	131	117	34	112	16	110	12	40	13	101	52	37	79	58	95	104	134	98	21	43	97	11	48	75	16	22	33	127	41	64	99	98	25	26	35	15	129	132	130	23	88	86	10	59	43	96	110	44	84	16	134	13	56	125	15	68	78	29	104	83	66	61	10	26	15	36	97	47	23	23	4	38	77	113	49	112	103	80	50	33	115	33	54	138	15	71	59
0	0	0	0	0	0	0	0	0	0	0	0	100	67	75	115	69	128	99	25	139	120	47	11	9	11	50	110	125	12	92	10	90	114	29	116	91	77	118	123	13	64	31	111	66	92	86	103	110	73	97	10	21	57	44	50	82	86	40	91	98	20	68	60	62	38	32	18	103	14	19	59	83	24	50	63	14	132	19	52	77	94	84	107	101	45	119	80	68	44	62	100	14	43	107	60	42	38	78	125	40	129	25	121	15	115	94	117	26	123	10	13	82	119	7	94	89	22	47	33	49	72	119	127	111	96	57	97
0	0	0	0	0	0	0	0	0	0	0	0	0	35	118	127	28	55	90	81	130	18	42	107	98	116	11	52	65	65	37	121	117	72	43	13	91	22	30	11	33	120	125	39	23	47	112	74	68	47	66	14	32	127	38	128	78	112	133	79	126	54	102	98	19	70	13	61	104	127	31	112	86	29	91	131	125	32	131	10	139	17	30	95	33	51	26	68	110	58	64	138	30	53	104	29	119	77	83	85	44	43	24	15	89	86	9	53	68	8	44	115	124	8	42	100	95	122	20	32	35	128	56	54	50	53	82	121
0	0	0	0	0	0	0	0	0	0	0	0	0	0	47	119	10	49	18	50	36	76	28	20	98	50	66	36	51	27	122	37	130	25	49	74	30	28	85	98	132	123	41	77	106	117	95	119	116	58	126	17	85	91	86	130	67	85	86	117	24	90	106	126	131	124	14	36	126	109	54	142	123	35	28	71	84	126	23	63	80	83	77	109	120	29	35	36	12	73	99	40	57	62	78	30	61	14	79	41	123	78	79	125	23	86	106	11	53	134	127	56	28	87	129	38	89	49	18	85	61	103	33	105	88	111	40	58
0	0	0	0	0	0	0	0	0	0	0	0	0	0	0	93	48	100	20	32	39	66	106	5	52	57	68	64	80	27	11	124	98	84	22	75	15	137	67	36	22	134	44	136	91	54	31	54	123	70	22	78	73	35	115	68	68	77	126	3	125	122	132	4	80	53	130	32	33	90	74	33	61	96	121	95	31	30	43	117	33	109	16	79	67	104	42	42	77	25	89	58	107	116	87	135	87	26	7	87	112	15	94	49	68	93	33	15	71	7	79	128	15	44	49	109	41	74	66	119	61	83	48	35	109	85	119	100
0	0	0	0	0	0	0	0	0	0	0	0	0	0	0	0	61	131	53	21	41	13	49	112	70	89	105	88	106	24	72	92	54	34	95	36	12	31	48	76	71	120	30	63	113	91	123	55	18	121	57	30	55	23	47	27	40	101	32	62	80	89	133	17	75	47	29	131	38	52	122	102	70	42	38	99	97	33	121	29	74	83	77	106	20	87	116	84	28	62	103	38	131	45	42	52	105	123	65	119	116	89	38	73	129	77	47	74	60	35	46	57	118	59	25	79	78	40	38	55	22	114	83	88	121	118	143	50
0	0	0	0	0	0	0	0	0	0	0	0	0	0	0	0	0	107	110	41	49	15	118	76	97	90	28	34	119	125	37	73	105	94	56	51	62	93	31	132	143	50	76	100	32	109	91	119	108	12	83	94	48	20	134	109	68	100	39	19	125	130	29	15	77	87	56	106	71	95	16	46	40	116	104	98	113	45	6	27	45	88	32	48	138	93	35	113	111	11	20	31	34	20	44	66	85	39	107	117	51	93	124	17	140	128	30	110	10	131	101	113	28	111	62	82	33	41	84	32	139	62	19	76	104	18	104	20
0	0	0	0	0	0	0	0	0	0	0	0	0	0	0	0	0	0	27	3	121	132	49	117	102	52	46	59	56	57	67	90	55	48	19	83	76	69	67	106	45	18	71	64	24	45	96	34	20	142	104	136	58	130	22	134	65	65	49	81	23	135	68	111	65	55	15	27	77	89	41	81	126	43	42	19	87	15	43	117	70	124	107	44	25	20	63	60	14	75	107	18	113	26	38	61	121	55	64	129	109	121	89	119	32	23	14	17	9	87	49	66	89	79	68	91	93	45	28	100	89	20	120	63	37	16	104	131
0	0	0	0	0	0	0	0	0	0	0	0	0	0	0	0	0	0	0	49	25	19	30	41	56	74	23	140	28	45	26	107	112	46	72	87	88	10	62	29	27	125	79	81	89	106	77	39	117	10	37	67	144	60	76	23	143	132	71	15	63	48	125	104	34	59	117	99	118	27	90	84	79	68	72	96	48	107	7	93	97	116	58	111	110	72	86	112	46	91	61	69	46	83	103	95	94	35	57	52	136	104	114	12	42	90	42	17	25	61	123	85	23	66	17	135	100	52	121	90	80	86	26	31	70	27	112	94
0	0	0	0	0	0	0	0	0	0	0	0	0	0	0	0	0	0	0	0	37	97	121	122	69	62	51	61	92	116	100	58	98	55	22	42	94	93	80	107	8	146	56	95	131	53	66	60	141	34	64	60	61	102	37	86	102	111	35	81	74	89	127	34	114	58	24	66	87	57	122	33	33	126	86	137	27	87	60	108	74	104	139	46	39	57	108	11	16	18	30	67	99	104	13	81	29	56	64	48	58	96	98	109	144	14	33	120	113	91	58	45	80	127	115	144	8	107	135	136	21	17	61	84	114	61	48	59
0	0	0	0	0	0	0	0	0	0	0	0	0	0	0	0	0	0	0	0	0	75	109	98	58	103	106	125	74	140	47	69	112	9	85	96	38	78	38	127	73	138	69	105	61	85	99	39	88	13	40	44	81	37	99	35	137	80	23	14	128	123	92	42	65	77	113	100	65	25	60	22	55	65	36	113	5	27	11	20	59	49	112	79	64	17	23	56	64	132	108	19	95	38	24	56	48	50	43	31	109	128	103	104	65	108	120	87	122	104	53	103	67	64	100	58	29	125	77	133	11	126	32	67	124	147	39	14
0	0	0	0	0	0	0	0	0	0	0	0	0	0	0	0	0	0	0	0	0	0	33	79	65	87	21	128	45	22	111	38	96	18	113	104	96	77	50	131	109	73	119	50	115	17	121	16	44	82	90	119	48	7	115	36	80	112	119	106	102	31	20	44	95	52	126	24	122	44	116	21	59	67	50	20	78	125	8	57	66	104	50	42	111	10	42	35	73	146	22	131	123	27	59	11	92	130	59	69	67	135	111	16	36	124	107	103	116	16	116	15	29	49	24	93	36	58	109	103	61	92	29	92	115	28	112	14
0	0	0	0	0	0	0	0	0	0	0	0	0	0	0	0	0	0	0	0	0	0	0	24	41	71	57	34	89	100	28	110	79	101	99	28	108	15	45	109	30	53	84	135	90	112	122	41	90	112	25	80	93	125	34	109	88	53	34	52	137	88	57	21	105	35	62	74	18	136	123	23	37	103	30	98	52	3	16	32	83	76	147	102	69	50	126	134	52	7	66	7	31	33	26	16	55	136	12	51	47	65	133	44	82	47	22	18	138	37	115	112	62	128	51	70	18	97	70	139	119	94	63	146	41	40	82	130
0	0	0	0	0	0	0	0	0	0	0	0	0	0	0	0	0	0	0	0	0	0	0	0	32	126	103	107	60	98	88	98	104	22	82	24	94	110	136	138	113	111	87	109	150	95	30	64	76	92	21	67	95	83	52	28	120	25	62	125	9	101	24	108	126	50	89	82	113	19	31	94	108	46	124	98	61	43	88	106	51	96	79	41	48	139	100	93	88	41	29	79	33	43	24	26	104	70	36	36	17	103	27	19	130	31	72	107	103	84	74	110	63	57	85	147	79	45	90	34	124	51	43	19	71	28	95	81
0	0	0	0	0	0	0	0	0	0	0	0	0	0	0	0	0	0	0	0	0	0	0	0	0	24	85	67	57	31	99	88	122	30	87	26	116	34	146	57	105	91	95	103	19	42	133	142	127	119	39	11	55	95	47	52	31	102	118	27	122	98	47	123	110	25	131	104	97	134	34	81	66	35	53	128	74	141	43	62	11	117	54	33	10	36	14	123	25	85	71	42	72	123	46	66	106	90	44	64	52	102	92	69	126	97	137	100	106	117	102	69	11	39	41	84	38	91	124	73	29	28	145	126	42	124	67	60
0	0	0	0	0	0	0	0	0	0	0	0	0	0	0	0	0	0	0	0	0	0	0	0	0	0	57	32	146	68	23	73	35	19	33	93	50	101	41	81	46	95	108	50	64	62	61	115	12	43	70	19	112	66	106	64	65	16	24	70	71	66	136	107	32	37	126	109	72	91	72	82	28	87	107	20	33	114	114	101	87	37	107	43	14	49	70	107	27	72	120	98	133	12	59	26	136	48	122	90	134	23	26	31	62	25	51	23	125	61	124	50	71	15	139	131	25	101	83	73	18	32	29	15	71	126	89	63
0	0	0	0	0	0	0	0	0	0	0	0	0	0	0	0	0	0	0	0	0	0	0	0	0	0	0	26	123	72	120	97	44	109	46	102	36	87	58	92	103	109	21	75	110	137	129	86	137	28	122	114	61	14	88	19	104	115	28	57	42	62	23	102	102	39	76	33	60	105	42	42	120	90	85	20	70	64	19	68	50	61	38	51	121	25	122	25	18	52	100	67	43	109	38	137	9	127	28	45	79	145	73	85	7	90	104	61	19	26	34	107	96	43	150	104	9	63	134	40	27	116	138	11	90	68	86	57
0	0	0	0	0	0	0	0	0	0	0	0	0	0	0	0	0	0	0	0	0	0	0	0	0	0	0	0	23	66	87	123	5	111	145	35	58	124	81	98	56	123	101	60	106	47	131	59	107	88	120	111	33	53	126	97	32	26	99	92	90	56	124	99	49	10	83	75	125	19	132	102	81	94	43	120	76	60	142	98	129	73	64	75	65	42	46	15	135	8	102	88	79	118	84	113	59	51	57	141	129	102	115	69	114	46	31	92	137	22	74	28	85	58	66	33	135	78	63	78	114	134	65	51	124	88	84	131
0	0	0	0	0	0	0	0	0	0	0	0	0	0	0	0	0	0	0	0	0	0	0	0	0	0	0	0	0	93	109	75	99	31	5	35	82	47	89	84	37	20	42	101	121	83	133	39	132	128	6	43	118	119	98	154	27	34	71	52	65	67	120	139	117	34	31	156	56	135	101	146	133	107	19	84	74	95	130	36	66	100	17	50	115	114	111	133	47	113	112	75	37	91	69	75	52	72	42	66	155	116	49	116	54	119	98	38	71	44	37	134	39	88	100	137	136	38	53	106	57	118	101	42	78	31	88	148
0	0	0	0	0	0	0	0	0	0	0	0	0	0	0	0	0	0	0	0	0	0	0	0	0	0	0	0	0	0	119	86	100	12	83	69	75	45	16	123	74	27	97	96	40	64	98	120	85	12	33	42	22	62	126	108	114	68	126	83	111	24	118	62	63	100	57	29	51	138	58	109	25	96	93	57	131	110	58	38	78	87	128	72	47	27	137	99	126	30	45	61	14	29	99	149	128	17	87	134	109	35	28	118	50	120	74	88	109	112	22	27	98	131	33	117	37	94	99	84	50	100	111	44	98	92	122	104
0	0	0	0	0	0	0	0	0	0	0	0	0	0	0	0	0	0	0	0	0	0	0	0	0	0	0	0	0	0	0	15	76	80	75	120	138	111	109	70	122	101	64	75	53	86	87	86	44	71	90	53	120	118	30	35	18	108	39	71	80	40	57	79	56	42	67	149	21	73	51	82	115	17	121	105	141	119	53	92	89	99	12	74	73	105	80	39	71	46	67	105	39	25	31	37	126	136	38	117	92	107	29	121	103	95	136	120	107	136	29	74	16	53	44	60	25	134	117	13	30	47	132	150	129	155	111	45
0	0	0	0	0	0	0	0	0	0	0	0	0	0	0	0	0	0	0	0	0	0	0	0	0	0	0	0	0	0	0	0	54	8	108	52	100	73	58	129	44	100	62	128	57	20	33	38	30	26	93	61	122	150	115	54	54	52	95	134	98	127	98	31	89	84	43	47	51	93	84	112	35	99	45	136	34	42	91	51	59	133	45	143	137	25	19	95	112	146	102	101	39	141	97	105	28	129	107	103	48	144	25	110	116	56	30	131	141	118	123	147	57	35	35	66	71	48	82	86	35	147	29	7	120	154	24	43
0	0	0	0	0	0	0	0	0	0	0	0	0	0	0	0	0	0	0	0	0	0	0	0	0	0	0	0	0	0	0	0	0	33	76	21	76	88	55	94	110	29	102	53	79	19	45	14	67	23	139	26	89	13	97	78	38	58	33	82	19	28	128	45	119	115	77	49	49	115	134	50	104	86	121	89	119	125	51	88	114	73	110	58	86	53	118	59	60	21	61	15	87	24	58	111	67	125	133	75	132	44	82	98	78	131	29	93	74	135	99	23	116	99	95	83	26	111	85	33	127	151	58	60	38	45	100	110
0	0	0	0	0	0	0	0	0	0	0	0	0	0	0	0	0	0	0	0	0	0	0	0	0	0	0	0	0	0	0	0	0	0	139	52	85	51	50	150	65	52	63	58	151	28	44	76	91	118	98	52	27	90	135	127	55	144	68	85	128	98	146	58	35	88	137	60	61	128	30	56	143	46	143	62	96	36	121	46	150	107	36	71	105	38	22	10	36	2	107	53	130	52	94	61	76	150	65	73	47	144	119	161	57	101	116	99	84	41	26	146	68	100	71	75	15	44	32	105	113	62	112	25	102	88	67	85
0	0	0	0	0	0	0	0	0	0	0	0	0	0	0	0	0	0	0	0	0	0	0	0	0	0	0	0	0	0	0	0	0	0	0	44	92	96	125	96	97	128	16	119	142	116	127	132	6	138	69	15	117	56	49	102	92	124	89	139	124	95	90	58	100	29	122	36	40	50	68	103	40	101	81	31	133	144	129	108	44	55	32	140	67	146	125	145	6	63	52	35	113	29	81	67	94	134	78	97	102	135	149	44	63	17	71	26	133	145	34	41	100	113	124	126	147	130	90	75	22	36	121	49	76	64	136	113
0	0	0	0	0	0	0	0	0	0	0	0	0	0	0	0	0	0	0	0	0	0	0	0	0	0	0	0	0	0	0	0	0	0	0	0	113	57	26	17	53	135	133	74	126	75	149	71	59	91	86	19	33	116	152	74	87	129	148	88	70	63	42	54	159	93	124	81	83	15	130	121	98	144	83	116	124	21	74	129	69	23	62	55	115	125	15	120	113	151	25	59	29	43	153	103	128	37	75	13	151	139	51	67	100	39	84	114	37	88	98	136	68	77	118	130	121	132	138	26	37	119	99	125	139	150	42	109
0	0	0	0	0	0	0	0	0	0	0	0	0	0	0	0	0	0	0	0	0	0	0	0	0	0	0	0	0	0	0	0	0	0	0	0	0	121	125	85	125	87	38	115	47	87	120	50	136	120	66	135	55	112	57	111	81	148	9	75	127	130	86	55	55	132	19	118	74	42	110	69	45	37	50	93	83	52	71	54	12	58	139	138	83	87	159	144	13	44	26	127	137	89	95	84	112	84	35	110	128	111	71	139	51	83	41	81	81	105	35	42	128	113	75	110	69	141	56	90	108	127	58	81	90	86	3	123
0	0	0	0	0	0	0	0	0	0	0	0	0	0	0	0	0	0	0	0	0	0	0	0	0	0	0	0	0	0	0	0	0	0	0	0	0	0	91	130	70	41	45	128	125	97	38	71	112	122	46	10	111	133	85	40	72	101	109	33	110	109	77	100	53	76	60	88	42	125	98	39	105	49	37	136	150	144	83	59	118	50	106	42	111	55	81	54	55	67	51	113	132	61	64	62	74	105	131	65	62	33	14	53	47	37	91	144	95	10	137	44	111	113	70	47	158	46	122	55	45	157	137	42	49	40	58	45
0	0	0	0	0	0	0	0	0	0	0	0	0	0	0	0	0	0	0	0	0	0	0	0	0	0	0	0	0	0	0	0	0	0	0	0	0	0	0	135	75	118	53	141	133	56	93	33	109	103	59	83	157	104	57	110	45	117	105	46	77	120	117	66	56	70	153	65	103	56	62	54	132	152	114	139	88	135	108	45	6	55	31	44	119	31	103	110	105	95	102	43	54	140	145	86	157	94	104	52	19	137	43	152	61	96	28	57	74	58	109	94	48	129	118	94	36	145	20	13	28	36	132	136	124	114	46	51
0	0	0	0	0	0	0	0	0	0	0	0	0	0	0	0	0	0	0	0	0	0	0	0	0	0	0	0	0	0	0	0	0	0	0	0	0	0	0	0	76	133	31	125	55	105	52	92	10	86	99	134	129	75	68	129	47	68	149	92	38	46	39	132	70	140	134	117	40	88	151	136	65	5	51	62	26	125	98	78	122	106	66	62	27	90	53	7	113	146	32	39	115	45	75	76	123	60	102	41	14	96	148	24	119	89	82	122	143	89	142	68	95	106	63	134	88	30	150	81	40	85	43	114	105	35	118	66
0	0	0	0	0	0	0	0	0	0	0	0	0	0	0	0	0	0	0	0	0	0	0	0	0	0	0	0	0	0	0	0	0	0	0	0	0	0	0	0	0	53	143	119	90	125	93	33	40	117	66	49	105	70	51	98	113	49	112	19	69	32	126	47	137	58	60	51	163	32	136	105	65	40	41	143	40	87	34	107	39	77	102	64	74	145	16	88	36	91	127	71	19	91	123	58	24	81	121	90	60	114	91	93	49	120	73	73	71	70	104	47	104	101	70	119	45	100	9	86	116	86	119	84	73	110	30	146
0	0	0	0	0	0	0	0	0	0	0	0	0	0	0	0	0	0	0	0	0	0	0	0	0	0	0	0	0	0	0	0	0	0	0	0	0	0	0	0	0	0	103	37	117	116	67	103	62	123	36	134	135	78	107	94	129	76	44	127	39	36	82	147	22	57	44	106	116	61	66	78	65	55	96	16	103	131	124	83	39	55	139	24	106	21	100	44	95	121	34	60	65	117	127	94	67	99	99	150	123	120	42	14	31	108	60	82	152	105	102	45	127	47	125	89	102	27	38	164	119	79	88	70	65	132	42	55
0	0	0	0	0	0	0	0	0	0	0	0	0	0	0	0	0	0	0	0	0	0	0	0	0	0	0	0	0	0	0	0	0	0	0	0	0	0	0	0	0	0	0	69	87	117	114	16	116	12	158	36	65	90	24	104	142	48	136	136	54	55	85	135	74	82	69	110	107	144	83	130	72	109	18	42	88	115	48	114	124	75	143	131	73	61	45	75	145	151	47	50	83	95	49	143	122	98	157	106	72	163	154	127	142	70	66	47	98	75	113	91	64	160	59	124	143	20	83	79	39	109	92	113	99	56	74	20
0	0	0	0	0	0	0	0	0	0	0	0	0	0	0	0	0	0	0	0	0	0	0	0	0	0	0	0	0	0	0	0	0	0	0	0	0	0	0	0	0	0	0	0	57	99	145	37	94	19	73	125	35	125	154	99	161	15	59	71	75	124	51	25	47	115	43	162	131	101	138	104	97	97	62	155	105	60	112	43	134	62	56	96	95	66	66	57	97	81	54	133	28	111	99	123	77	150	55	41	59	134	155	111	37	101	115	108	96	17	133	70	133	131	113	35	87	120	84	99	100	92	112	54	65	26	20	119
0	0	0	0	0	0	0	0	0	0	0	0	0	0	0	0	0	0	0	0	0	0	0	0	0	0	0	0	0	0	0	0	0	0	0	0	0	0	0	0	0	0	0	0	0	118	63	30	114	112	95	132	105	87	79	150	33	118	22	127	105	123	58	130	35	164	65	100	115	98	132	51	54	57	95	48	13	53	52	71	95	93	88	93	118	109	100	73	110	66	51	25	142	129	163	74	69	125	72	74	107	20	27	56	80	87	47	50	71	128	149	95	137	146	34	110	63	93	113	123	56	110	119	73	75	57	56	44
0	0	0	0	0	0	0	0	0	0	0	0	0	0	0	0	0	0	0	0	0	0	0	0	0	0	0	0	0	0	0	0	0	0	0	0	0	0	0	0	0	0	0	0	0	0	161	130	23	132	32	108	53	50	147	106	70	28	84	118	95	63	48	65	45	58	60	48	105	133	119	53	42	76	82	74	13	97	79	173	102	88	92	85	56	14	89	26	72	113	100	88	79	63	65	58	73	30	53	120	33	44	98	109	129	117	34	160	68	95	58	31	43	62	108	95	123	99	152	88	155	58	69	65	21	73	101	89
0	0	0	0	0	0	0	0	0	0	0	0	0	0	0	0	0	0	0	0	0	0	0	0	0	0	0	0	0	0	0	0	0	0	0	0	0	0	0	0	0	0	0	0	0	0	0	35	139	118	146	138	77	70	123	102	62	85	130	75	140	118	71	114	25	87	91	30	81	51	152	49	39	67	45	123	86	164	136	26	84	111	121	70	90	84	119	44	87	103	122	60	68	74	41	98	104	75	56	96	120	109	83	112	46	132	7	110	121	28	54	30	108	62	76	156	31	110	105	86	68	13	95	89	45	81	168	44
0	0	0	0	0	0	0	0	0	0	0	0	0	0	0	0	0	0	0	0	0	0	0	0	0	0	0	0	0	0	0	0	0	0	0	0	0	0	0	0	0	0	0	0	0	0	0	0	71	29	122	131	116	70	94	63	98	50	71	143	82	93	17	134	54	134	71	81	43	34	15	77	115	159	74	62	55	107	52	161	133	116	31	137	156	47	85	153	69	93	94	95	119	141	139	108	154	146	134	68	105	131	105	54	50	36	28	74	108	58	31	60	133	100	39	27	99	23	96	71	141	123	50	91	43	136	129	98
0	0	0	0	0	0	0	0	0	0	0	0	0	0	0	0	0	0	0	0	0	0	0	0	0	0	0	0	0	0	0	0	0	0	0	0	0	0	0	0	0	0	0	0	0	0	0	0	0	13	158	145	127	119	104	7	82	111	174	24	108	104	93	143	105	93	140	94	56	37	95	127	98	92	127	60	13	89	95	127	38	121	75	37	111	110	85	155	75	78	69	107	74	99	135	51	95	117	41	84	112	121	49	32	118	83	77	103	57	77	97	48	91	50	83	86	88	67	120	89	55	148	82	104	44	86	134	37
0	0	0	0	0	0	0	0	0	0	0	0	0	0	0	0	0	0	0	0	0	0	0	0	0	0	0	0	0	0	0	0	0	0	0	0	0	0	0	0	0	0	0	0	0	0	0	0	0	0	108	66	13	41	120	68	132	102	50	47	131	7	121	72	122	49	38	29	24	131	32	48	124	150	100	121	71	95	112	156	126	124	40	87	139	14	39	35	129	43	104	78	122	178	60	142	39	86	157	60	54	49	112	164	77	108	106	90	129	93	124	134	117	84	64	78	66	65	46	93	22	32	37	56	133	143	145	25
0	0	0	0	0	0	0	0	0	0	0	0	0	0	0	0	0	0	0	0	0	0	0	0	0	0	0	0	0	0	0	0	0	0	0	0	0	0	0	0	0	0	0	0	0	0	0	0	0	0	0	162	33	94	84	75	16	63	21	62	96	127	76	60	108	43	7	111	87	60	36	61	149	52	48	154	93	68	50	87	47	138	65	144	150	134	93	45	145	135	56	134	135	69	80	43	150	92	88	61	135	62	75	92	78	47	66	71	79	134	31	127	47	49	12	90	86	137	124	39	112	98	69	118	91	32	131	118
0	0	0	0	0	0	0	0	0	0	0	0	0	0	0	0	0	0	0	0	0	0	0	0	0	0	0	0	0	0	0	0	0	0	0	0	0	0	0	0	0	0	0	0	0	0	0	0	0	0	0	0	97	38	71	36	98	135	47	105	96	140	138	130	147	146	88	92	70	101	15	96	79	25	61	81	72	106	99	96	85	110	96	45	63	60	73	120	56	105	61	115	101	85	115	102	79	63	132	53	39	98	42	92	97	86	102	101	117	122	133	97	64	113	99	7	68	21	140	61	121	35	80	173	71	139	155	112
0	0	0	0	0	0	0	0	0	0	0	0	0	0	0	0	0	0	0	0	0	0	0	0	0	0	0	0	0	0	0	0	0	0	0	0	0	0	0	0	0	0	0	0	0	0	0	0	0	0	0	0	0	142	49	149	95	78	54	127	139	93	137	78	98	144	77	121	72	101	50	113	177	27	86	115	15	58	66	141	116	129	50	104	180	125	47	54	84	165	92	68	70	137	129	26	133	41	80	117	78	124	39	91	69	89	149	104	121	11	101	49	165	84	169	38	23	37	155	43	75	53	149	70	56	17	54	60
0	0	0	0	0	0	0	0	0	0	0	0	0	0	0	0	0	0	0	0	0	0	0	0	0	0	0	0	0	0	0	0	0	0	0	0	0	0	0	0	0	0	0	0	0	0	0	0	0	0	0	0	0	0	79	124	110	32	49	53	128	110	123	110	127	49	49	42	50	74	145	46	69	41	92	71	82	73	118	52	107	127	156	161	59	143	7	124	110	147	99	141	153	95	90	59	122	111	99	27	97	69	33	144	88	139	122	161	76	110	30	34	115	129	146	97	143	81	78	125	103	96	169	74	61	103	64	84
0	0	0	0	0	0	0	0	0	0	0	0	0	0	0	0	0	0	0	0	0	0	0	0	0	0	0	0	0	0	0	0	0	0	0	0	0	0	0	0	0	0	0	0	0	0	0	0	0	0	0	0	0	0	0	92	94	100	136	66	113	47	64	134	93	117	92	117	80	72	117	63	43	18	59	151	79	88	67	116	33	28	76	79	164	50	136	140	73	38	54	82	50	80	124	107	116	132	166	111	135	138	53	74	132	143	152	89	91	123	122	71	143	84	45	109	104	69	85	15	50	59	65	127	50	149	47	91
0	0	0	0	0	0	0	0	0	0	0	0	0	0	0	0	0	0	0	0	0	0	0	0	0	0	0	0	0	0	0	0	0	0	0	0	0	0	0	0	0	0	0	0	0	0	0	0	0	0	0	0	0	0	0	0	167	155	160	147	41	121	41	110	133	159	95	119	128	46	24	57	87	40	119	45	84	139	9	73	19	55	65	125	104	19	183	90	74	131	149	69	136	102	52	62	118	146	72	98	28	124	74	92	85	106	67	60	147	79	58	96	86	20	112	128	55	111	36	75	143	167	29	67	120	65	117	135
0	0	0	0	0	0	0	0	0	0	0	0	0	0	0	0	0	0	0	0	0	0	0	0	0	0	0	0	0	0	0	0	0	0	0	0	0	0	0	0	0	0	0	0	0	0	0	0	0	0	0	0	0	0	0	0	0	98	97	45	63	52	89	121	69	63	54	138	52	140	99	91	36	86	97	94	41	100	41	21	30	90	112	42	58	69	36	109	130	41	84	115	83	114	84	92	91	116	28	30	160	137	79	57	139	47	115	66	38	58	162	124	153	102	91	68	46	65	90	23	134	100	113	43	44	125	130	72
0	0	0	0	0	0	0	0	0	0	0	0	0	0	0	0	0	0	0	0	0	0	0	0	0	0	0	0	0	0	0	0	0	0	0	0	0	0	0	0	0	0	0	0	0	0	0	0	0	0	0	0	0	0	0	0	0	0	141	121	162	123	98	112	92	140	165	82	148	63	73	50	115	89	38	121	128	116	79	52	48	139	157	146	61	16	135	97	62	129	112	86	30	82	87	56	123	78	81	85	31	161	74	88	115	34	73	58	50	71	56	109	103	155	90	129	33	63	156	135	162	92	53	59	47	110	159	63
0	0	0	0	0	0	0	0	0	0	0	0	0	0	0	0	0	0	0	0	0	0	0	0	0	0	0	0	0	0	0	0	0	0	0	0	0	0	0	0	0	0	0	0	0	0	0	0	0	0	0	0	0	0	0	0	0	0	0	81	27	118	31	82	43	162	60	163	83	92	149	68	79	58	130	126	109	123	158	142	150	134	113	108	136	30	96	87	120	117	37	99	161	177	117	121	160	11	85	42	81	182	162	70	154	92	117	113	91	78	142	45	181	83	175	115	52	122	116	149	52	99	69	79	128	127	128	105
0	0	0	0	0	0	0	0	0	0	0	0	0	0	0	0	0	0	0	0	0	0	0	0	0	0	0	0	0	0	0	0	0	0	0	0	0	0	0	0	0	0	0	0	0	0	0	0	0	0	0	0	0	0	0	0	0	0	0	0	86	125	51	66	89	29	120	76	37	94	51	58	142	94	105	11	52	57	97	53	33	43	39	51	164	118	32	134	112	116	111	62	152	62	157	160	40	113	175	120	135	106	64	98	94	106	86	59	111	124	60	83	68	135	76	132	90	171	62	128	59	95	21	110	13	56	53	116
0	0	0	0	0	0	0	0	0	0	0	0	0	0	0	0	0	0	0	0	0	0	0	0	0	0	0	0	0	0	0	0	0	0	0	0	0	0	0	0	0	0	0	0	0	0	0	0	0	0	0	0	0	0	0	0	0	0	0	0	0	149	97	84	83	86	27	141	100	151	85	108	140	89	56	102	59	70	53	32	65	130	67	70	78	121	55	155	40	80	79	77	168	177	92	122	89	124	164	130	73	123	107	112	49	88	137	155	109	48	89	130	52	145	69	113	111	80	87	87	149	77	162	116	168	85	106	134
0	0	0	0	0	0	0	0	0	0	0	0	0	0	0	0	0	0	0	0	0	0	0	0	0	0	0	0	0	0	0	0	0	0	0	0	0	0	0	0	0	0	0	0	0	0	0	0	0	0	0	0	0	0	0	0	0	0	0	0	0	0	172	167	116	128	73	88	95	27	141	85	153	65	40	136	106	45	125	111	99	32	91	137	125	61	100	35	139	123	117	115	92	172	94	143	72	92	46	135	88	118	69	145	111	51	127	20	139	147	74	55	91	46	130	48	54	101	59	59	99	81	69	138	98	71	121	157
0	0	0	0	0	0	0	0	0	0	0	0	0	0	0	0	0	0	0	0	0	0	0	0	0	0	0	0	0	0	0	0	0	0	0	0	0	0	0	0	0	0	0	0	0	0	0	0	0	0	0	0	0	0	0	0	0	0	0	0	0	0	0	96	171	54	74	104	107	123	19	109	92	96	79	65	88	93	80	124	162	51	34	72	137	65	124	42	122	74	155	70	48	81	56	78	58	54	160	47	110	50	150	39	80	148	97	92	141	76	143	84	103	57	47	107	112	157	48	167	121	90	120	101	45	83	80	83
0	0	0	0	0	0	0	0	0	0	0	0	0	0	0	0	0	0	0	0	0	0	0	0	0	0	0	0	0	0	0	0	0	0	0	0	0	0	0	0	0	0	0	0	0	0	0	0	0	0	0	0	0	0	0	0	0	0	0	0	0	0	0	0	87	115	143	90	67	94	142	97	104	56	58	57	122	82	169	139	10	123	27	146	46	110	79	110	40	137	96	73	81	117	110	141	106	36	100	120	150	135	99	46	80	76	103	103	81	98	64	64	149	51	101	85	70	123	164	103	94	107	120	66	59	57	132	144
0	0	0	0	0	0	0	0	0	0	0	0	0	0	0	0	0	0	0	0	0	0	0	0	0	0	0	0	0	0	0	0	0	0	0	0	0	0	0	0	0	0	0	0	0	0	0	0	0	0	0	0	0	0	0	0	0	0	0	0	0	0	0	0	0	93	91	87	151	160	157	144	114	55	13	135	137	123	82	54	171	103	119	91	53	47	106	162	74	89	162	85	71	59	51	64	70	85	92	65	143	148	184	82	76	133	123	68	62	99	173	113	91	89	65	107	114	115	89	89	133	84	149	67	60	57	134	39
0	0	0	0	0	0	0	0	0	0	0	0	0	0	0	0	0	0	0	0	0	0	0	0	0	0	0	0	0	0	0	0	0	0	0	0	0	0	0	0	0	0	0	0	0	0	0	0	0	0	0	0	0	0	0	0	0	0	0	0	0	0	0	0	0	0	104	116	66	58	44	22	130	58	150	92	83	54	99	47	110	138	47	37	38	153	50	110	70	52	160	34	85	133	125	110	5	132	133	122	52	147	108	58	106	112	78	100	74	192	135	166	84	186	112	76	151	124	122	120	108	173	31	36	30	35	102	78
0	0	0	0	0	0	0	0	0	0	0	0	0	0	0	0	0	0	0	0	0	0	0	0	0	0	0	0	0	0	0	0	0	0	0	0	0	0	0	0	0	0	0	0	0	0	0	0	0	0	0	0	0	0	0	0	0	0	0	0	0	0	0	0	0	0	0	80	60	91	111	55	67	147	63	80	124	79	112	103	40	133	78	68	127	91	164	118	153	12	126	134	76	35	60	106	112	74	125	41	108	47	44	35	42	96	71	98	75	100	59	36	82	122	54	79	148	143	185	144	56	126	146	161	66	70	25	88
0	0	0	0	0	0	0	0	0	0	0	0	0	0	0	0	0	0	0	0	0	0	0	0	0	0	0	0	0	0	0	0	0	0	0	0	0	0	0	0	0	0	0	0	0	0	0	0	0	0	0	0	0	0	0	0	0	0	0	0	0	0	0	0	0	0	0	0	11	76	122	187	70	156	100	119	47	130	124	91	127	65	76	68	30	164	63	90	136	84	126	57	66	73	97	52	121	21	106	97	62	70	123	139	103	117	65	100	128	131	52	109	114	175	28	119	48	49	133	118	100	95	148	160	43	94	74	121
0	0	0	0	0	0	0	0	0	0	0	0	0	0	0	0	0	0	0	0	0	0	0	0	0	0	0	0	0	0	0	0	0	0	0	0	0	0	0	0	0	0	0	0	0	0	0	0	0	0	0	0	0	0	0	0	0	0	0	0	0	0	0	0	0	0	0	0	0	99	82	126	82	79	81	75	166	48	125	69	120	66	169	156	84	100	153	154	116	60	151	127	63	122	140	40	188	53	146	136	172	51	66	100	127	55	24	66	65	148	156	93	16	109	51	57	158	106	75	91	98	55	110	69	130	120	7	116
0	0	0	0	0	0	0	0	0	0	0	0	0	0	0	0	0	0	0	0	0	0	0	0	0	0	0	0	0	0	0	0	0	0	0	0	0	0	0	0	0	0	0	0	0	0	0	0	0	0	0	0	0	0	0	0	0	0	0	0	0	0	0	0	0	0	0	0	0	0	161	152	152	140	34	98	135	59	64	66	150	37	195	28	178	85	143	132	133	124	75	65	78	133	178	74	100	108	102	74	108	104	105	80	89	65	73	114	111	125	70	94	152	91	135	109	55	186	18	83	163	71	109	146	108	164	48	155
0	0	0	0	0	0	0	0	0	0	0	0	0	0	0	0	0	0	0	0	0	0	0	0	0	0	0	0	0	0	0	0	0	0	0	0	0	0	0	0	0	0	0	0	0	0	0	0	0	0	0	0	0	0	0	0	0	0	0	0	0	0	0	0	0	0	0	0	0	0	0	98	73	80	175	62	95	125	112	127	59	117	156	134	32	28	118	130	67	68	132	72	93	80	66	92	149	79	24	63	95	110	100	114	158	145	84	73	8	117	114	118	107	111	128	54	52	59	68	86	61	180	49	136	127	135	79	172
0	0	0	0	0	0	0	0	0	0	0	0	0	0	0	0	0	0	0	0	0	0	0	0	0	0	0	0	0	0	0	0	0	0	0	0	0	0	0	0	0	0	0	0	0	0	0	0	0	0	0	0	0	0	0	0	0	0	0	0	0	0	0	0	0	0	0	0	0	0	0	0	73	110	101	46	107	76	128	160	126	137	38	17	97	51	141	135	87	34	98	83	125	130	89	25	99	54	120	64	92	99	93	142	164	95	55	124	143	163	107	74	155	15	98	78	31	129	81	152	123	157	75	128	116	172	45	122
0	0	0	0	0	0	0	0	0	0	0	0	0	0	0	0	0	0	0	0	0	0	0	0	0	0	0	0	0	0	0	0	0	0	0	0	0	0	0	0	0	0	0	0	0	0	0	0	0	0	0	0	0	0	0	0	0	0	0	0	0	0	0	0	0	0	0	0	0	0	0	0	0	24	56	110	126	126	130	60	33	76	84	40	84	20	106	61	126	119	63	45	73	114	133	135	126	57	171	121	93	151	68	126	110	82	152	125	59	73	144	44	139	106	76	41	147	86	53	40	130	41	82	48	43	144	125	117
0	0	0	0	0	0	0	0	0	0	0	0	0	0	0	0	0	0	0	0	0	0	0	0	0	0	0	0	0	0	0	0	0	0	0	0	0	0	0	0	0	0	0	0	0	0	0	0	0	0	0	0	0	0	0	0	0	0	0	0	0	0	0	0	0	0	0	0	0	0	0	0	0	0	135	117	14	119	72	145	149	143	51	113	59	108	22	170	140	97	131	182	124	92	62	168	76	113	54	139	172	173	89	116	44	146	100	142	46	151	65	100	137	180	175	117	120	92	82	121	155	121	113	21	201	56	58	108
0	0	0	0	0	0	0	0	0	0	0	0	0	0	0	0	0	0	0	0	0	0	0	0	0	0	0	0	0	0	0	0	0	0	0	0	0	0	0	0	0	0	0	0	0	0	0	0	0	0	0	0	0	0	0	0	0	0	0	0	0	0	0	0	0	0	0	0	0	0	0	0	0	0	0	30	100	84	84	89	49	66	53	82	199	131	151	133	147	95	79	121	107	20	110	58	119	175	145	159	84	118	112	69	49	100	61	157	158	68	74	126	97	151	98	113	149	65	153	163	119	37	20	94	89	148	130	132
0	0	0	0	0	0	0	0	0	0	0	0	0	0	0	0	0	0	0	0	0	0	0	0	0	0	0	0	0	0	0	0	0	0	0	0	0	0	0	0	0	0	0	0	0	0	0	0	0	0	0	0	0	0	0	0	0	0	0	0	0	0	0	0	0	0	0	0	0	0	0	0	0	0	0	0	122	112	106	126	107	154	144	83	42	127	64	64	129	71	71	122	95	139	169	79	123	70	95	100	86	101	102	117	144	96	105	6	82	73	182	46	110	94	111	28	185	90	18	152	184	53	89	40	68	93	25	80
0	0	0	0	0	0	0	0	0	0	0	0	0	0	0	0	0	0	0	0	0	0	0	0	0	0	0	0	0	0	0	0	0	0	0	0	0	0	0	0	0	0	0	0	0	0	0	0	0	0	0	0	0	0	0	0	0	0	0	0	0	0	0	0	0	0	0	0	0	0	0	0	0	0	0	0	0	145	122	81	55	61	22	99	131	50	151	109	85	100	52	51	21	27	107	88	48	113	133	170	93	139	48	79	59	128	95	21	60	82	44	60	97	47	93	179	128	36	51	53	181	102	137	147	11	139	193	94
0	0	0	0	0	0	0	0	0	0	0	0	0	0	0	0	0	0	0	0	0	0	0	0	0	0	0	0	0	0	0	0	0	0	0	0	0	0	0	0	0	0	0	0	0	0	0	0	0	0	0	0	0	0	0	0	0	0	0	0	0	0	0	0	0	0	0	0	0	0	0	0	0	0	0	0	0	0	28	86	125	91	153	102	100	79	64	118	35	145	18	154	124	90	60	100	164	103	110	97	42	65	14	148	98	121	76	122	173	38	104	190	56	97	52	136	78	96	141	144	131	182	143	22	176	83	115	78
0	0	0	0	0	0	0	0	0	0	0	0	0	0	0	0	0	0	0	0	0	0	0	0	0	0	0	0	0	0	0	0	0	0	0	0	0	0	0	0	0	0	0	0	0	0	0	0	0	0	0	0	0	0	0	0	0	0	0	0	0	0	0	0	0	0	0	0	0	0	0	0	0	0	0	0	0	0	0	122	28	157	171	120	149	83	71	107	200	107	109	168	80	63	47	81	89	131	140	77	131	150	67	143	89	63	133	153	61	111	100	83	103	152	107	81	27	75	149	48	42	82	39	72	56	72	182	92
0	0	0	0	0	0	0	0	0	0	0	0	0	0	0	0	0	0	0	0	0	0	0	0	0	0	0	0	0	0	0	0	0	0	0	0	0	0	0	0	0	0	0	0	0	0	0	0	0	0	0	0	0	0	0	0	0	0	0	0	0	0	0	0	0	0	0	0	0	0	0	0	0	0	0	0	0	0	0	0	180	57	142	61	84	168	144	123	81	178	140	80	154	78	176	107	96	101	42	107	65	61	74	134	105	143	74	177	186	119	56	99	99	18	60	44	36	164	67	176	70	57	103	90	162	172	97	67
0	0	0	0	0	0	0	0	0	0	0	0	0	0	0	0	0	0	0	0	0	0	0	0	0	0	0	0	0	0	0	0	0	0	0	0	0	0	0	0	0	0	0	0	0	0	0	0	0	0	0	0	0	0	0	0	0	0	0	0	0	0	0	0	0	0	0	0	0	0	0	0	0	0	0	0	0	0	0	0	0	134	70	34	179	155	137	192	158	91	27	118	85	149	68	148	116	131	34	61	49	199	172	175	47	67	93	58	159	141	77	174	108	87	61	193	92	113	130	84	101	142	101	88	147	38	176	152
0	0	0	0	0	0	0	0	0	0	0	0	0	0	0	0	0	0	0	0	0	0	0	0	0	0	0	0	0	0	0	0	0	0	0	0	0	0	0	0	0	0	0	0	0	0	0	0	0	0	0	0	0	0	0	0	0	0	0	0	0	0	0	0	0	0	0	0	0	0	0	0	0	0	0	0	0	0	0	0	0	0	101	96	144	128	72	160	193	61	107	142	101	184	93	73	47	14	113	84	21	48	68	58	95	178	133	114	120	168	144	79	105	138	90	161	67	126	144	79	83	60	100	126	111	91	175	124
0	0	0	0	0	0	0	0	0	0	0	0	0	0	0	0	0	0	0	0	0	0	0	0	0	0	0	0	0	0	0	0	0	0	0	0	0	0	0	0	0	0	0	0	0	0	0	0	0	0	0	0	0	0	0	0	0	0	0	0	0	0	0	0	0	0	0	0	0	0	0	0	0	0	0	0	0	0	0	0	0	0	0	133	173	80	63	101	99	183	116	117	122	138	153	155	115	50	57	125	87	149	73	108	55	90	89	60	129	82	98	111	102	53	116	88	49	85	49	68	21	105	96	135	125	173	142	139
0	0	0	0	0	0	0	0	0	0	0	0	0	0	0	0	0	0	0	0	0	0	0	0	0	0	0	0	0	0	0	0	0	0	0	0	0	0	0	0	0	0	0	0	0	0	0	0	0	0	0	0	0	0	0	0	0	0	0	0	0	0	0	0	0	0	0	0	0	0	0	0	0	0	0	0	0	0	0	0	0	0	0	0	183	143	90	113	123	165	25	124	28	117	163	82	81	93	47	19	205	116	141	118	72	163	155	104	90	136	166	157	85	197	85	148	52	82	147	71	135	77	55	142	91	75	79	124
0	0	0	0	0	0	0	0	0	0	0	0	0	0	0	0	0	0	0	0	0	0	0	0	0	0	0	0	0	0	0	0	0	0	0	0	0	0	0	0	0	0	0	0	0	0	0	0	0	0	0	0	0	0	0	0	0	0	0	0	0	0	0	0	0	0	0	0	0	0	0	0	0	0	0	0	0	0	0	0	0	0	0	0	0	119	66	155	200	87	75	74	123	110	16	99	56	93	104	36	125	103	36	116	64	92	46	152	31	72	155	101	111	131	77	118	141	82	163	56	29	108	157	57	79	154	58	41
0	0	0	0	0	0	0	0	0	0	0	0	0	0	0	0	0	0	0	0	0	0	0	0	0	0	0	0	0	0	0	0	0	0	0	0	0	0	0	0	0	0	0	0	0	0	0	0	0	0	0	0	0	0	0	0	0	0	0	0	0	0	0	0	0	0	0	0	0	0	0	0	0	0	0	0	0	0	0	0	0	0	0	0	0	0	130	77	161	121	187	156	85	74	148	59	179	147	133	63	170	111	57	111	42	45	128	98	152	141	110	87	45	199	84	112	154	27	62	206	56	61	69	76	31	45	78	134
0	0	0	0	0	0	0	0	0	0	0	0	0	0	0	0	0	0	0	0	0	0	0	0	0	0	0	0	0	0	0	0	0	0	0	0	0	0	0	0	0	0	0	0	0	0	0	0	0	0	0	0	0	0	0	0	0	0	0	0	0	0	0	0	0	0	0	0	0	0	0	0	0	0	0	0	0	0	0	0	0	0	0	0	0	0	0	187	65	121	77	179	82	95	91	154	149	100	108	75	184	97	65	40	62	129	143	138	83	73	44	110	62	69	94	173	190	25	84	34	31	85	132	83	129	131	42	104
0	0	0	0	0	0	0	0	0	0	0	0	0	0	0	0	0	0	0	0	0	0	0	0	0	0	0	0	0	0	0	0	0	0	0	0	0	0	0	0	0	0	0	0	0	0	0	0	0	0	0	0	0	0	0	0	0	0	0	0	0	0	0	0	0	0	0	0	0	0	0	0	0	0	0	0	0	0	0	0	0	0	0	0	0	0	0	0	69	68	94	149	76	32	128	88	119	100	74	95	138	114	193	21	110	161	18	80	88	107	103	91	146	122	84	209	126	131	155	24	127	212	58	97	96	78	47	122
0	0	0	0	0	0	0	0	0	0	0	0	0	0	0	0	0	0	0	0	0	0	0	0	0	0	0	0	0	0	0	0	0	0	0	0	0	0	0	0	0	0	0	0	0	0	0	0	0	0	0	0	0	0	0	0	0	0	0	0	0	0	0	0	0	0	0	0	0	0	0	0	0	0	0	0	0	0	0	0	0	0	0	0	0	0	0	0	0	9	108	127	138	136	138	118	66	84	107	96	141	135	129	139	189	181	97	97	195	112	155	145	77	129	159	100	129	139	123	159	68	50	35	109	75	117	166	80
0	0	0	0	0	0	0	0	0	0	0	0	0	0	0	0	0	0	0	0	0	0	0	0	0	0	0	0	0	0	0	0	0	0	0	0	0	0	0	0	0	0	0	0	0	0	0	0	0	0	0	0	0	0	0	0	0	0	0	0	0	0	0	0	0	0	0	0	0	0	0	0	0	0	0	0	0	0	0	0	0	0	0	0	0	0	0	0	0	0	162	2	82	126	109	151	78	70	158	155	184	112	85	89	42	153	216	203	199	156	124	131	59	126	92	54	85	130	35	204	103	109	139	108	86	183	124	79
0	0	0	0	0	0	0	0	0	0	0	0	0	0	0	0	0	0	0	0	0	0	0	0	0	0	0	0	0	0	0	0	0	0	0	0	0	0	0	0	0	0	0	0	0	0	0	0	0	0	0	0	0	0	0	0	0	0	0	0	0	0	0	0	0	0	0	0	0	0	0	0	0	0	0	0	0	0	0	0	0	0	0	0	0	0	0	0	0	0	0	117	138	110	79	73	170	127	61	102	132	145	149	145	102	112	148	34	67	73	88	79	82	136	145	138	205	147	85	134	77	97	147	85	106	142	43	146
0	0	0	0	0	0	0	0	0	0	0	0	0	0	0	0	0	0	0	0	0	0	0	0	0	0	0	0	0	0	0	0	0	0	0	0	0	0	0	0	0	0	0	0	0	0	0	0	0	0	0	0	0	0	0	0	0	0	0	0	0	0	0	0	0	0	0	0	0	0	0	0	0	0	0	0	0	0	0	0	0	0	0	0	0	0	0	0	0	0	0	0	131	58	161	141	108	182	82	117	87	91	93	125	115	48	79	78	155	79	74	138	90	107	109	91	124	48	77	145	59	77	144	63	141	112	72	217
0	0	0	0	0	0	0	0	0	0	0	0	0	0	0	0	0	0	0	0	0	0	0	0	0	0	0	0	0	0	0	0	0	0	0	0	0	0	0	0	0	0	0	0	0	0	0	0	0	0	0	0	0	0	0	0	0	0	0	0	0	0	0	0	0	0	0	0	0	0	0	0	0	0	0	0	0	0	0	0	0	0	0	0	0	0	0	0	0	0	0	0	0	105	126	119	74	75	71	102	105	122	63	117	165	121	84	150	105	56	93	154	129	79	54	23	53	59	35	88	133	73	86	90	105	94	213	123
0	0	0	0	0	0	0	0	0	0	0	0	0	0	0	0	0	0	0	0	0	0	0	0	0	0	0	0	0	0	0	0	0	0	0	0	0	0	0	0	0	0	0	0	0	0	0	0	0	0	0	0	0	0	0	0	0	0	0	0	0	0	0	0	0	0	0	0	0	0	0	0	0	0	0	0	0	0	0	0	0	0	0	0	0	0	0	0	0	0	0	0	0	0	107	120	57	84	177	36	111	183	128	91	137	120	168	163	126	84	131	44	129	74	57	101	184	94	74	46	31	59	134	59	161	85	68	109
0	0	0	0	0	0	0	0	0	0	0	0	0	0	0	0	0	0	0	0	0	0	0	0	0	0	0	0	0	0	0	0	0	0	0	0	0	0	0	0	0	0	0	0	0	0	0	0	0	0	0	0	0	0	0	0	0	0	0	0	0	0	0	0	0	0	0	0	0	0	0	0	0	0	0	0	0	0	0	0	0	0	0	0	0	0	0	0	0	0	0	0	0	0	0	78	202	199	179	36	75	183	43	156	142	107	163	87	96	142	26	123	111	113	128	163	136	70	88	188	187	36	159	113	52	115	162	98
0	0	0	0	0	0	0	0	0	0	0	0	0	0	0	0	0	0	0	0	0	0	0	0	0	0	0	0	0	0	0	0	0	0	0	0	0	0	0	0	0	0	0	0	0	0	0	0	0	0	0	0	0	0	0	0	0	0	0	0	0	0	0	0	0	0	0	0	0	0	0	0	0	0	0	0	0	0	0	0	0	0	0	0	0	0	0	0	0	0	0	0	0	0	0	0	133	170	27	149	100	99	150	116	60	104	79	173	211	110	68	166	78	103	109	191	93	131	81	47	140	219	85	55	166	6	75	157
0	0	0	0	0	0	0	0	0	0	0	0	0	0	0	0	0	0	0	0	0	0	0	0	0	0	0	0	0	0	0	0	0	0	0	0	0	0	0	0	0	0	0	0	0	0	0	0	0	0	0	0	0	0	0	0	0	0	0	0	0	0	0	0	0	0	0	0	0	0	0	0	0	0	0	0	0	0	0	0	0	0	0	0	0	0	0	0	0	0	0	0	0	0	0	0	0	130	131	62	108	90	132	63	20	45	127	172	161	150	188	113	185	77	95	191	85	60	112	94	111	143	94	116	84	168	56	112
0	0	0	0	0	0	0	0	0	0	0	0	0	0	0	0	0	0	0	0	0	0	0	0	0	0	0	0	0	0	0	0	0	0	0	0	0	0	0	0	0	0	0	0	0	0	0	0	0	0	0	0	0	0	0	0	0	0	0	0	0	0	0	0	0	0	0	0	0	0	0	0	0	0	0	0	0	0	0	0	0	0	0	0	0	0	0	0	0	0	0	0	0	0	0	0	0	0	182	143	164	22	190	158	80	51	30	40	114	118	190	57	73	111	155	142	59	127	97	122	59	187	147	104	200	131	80	113
0	0	0	0	0	0	0	0	0	0	0	0	0	0	0	0	0	0	0	0	0	0	0	0	0	0	0	0	0	0	0	0	0	0	0	0	0	0	0	0	0	0	0	0	0	0	0	0	0	0	0	0	0	0	0	0	0	0	0	0	0	0	0	0	0	0	0	0	0	0	0	0	0	0	0	0	0	0	0	0	0	0	0	0	0	0	0	0	0	0	0	0	0	0	0	0	0	0	0	101	173	26	174	92	188	131	122	168	106	166	18	115	86	95	120	120	165	29	181	136	57	114	73	130	155	91	112	62
0	0	0	0	0	0	0	0	0	0	0	0	0	0	0	0	0	0	0	0	0	0	0	0	0	0	0	0	0	0	0	0	0	0	0	0	0	0	0	0	0	0	0	0	0	0	0	0	0	0	0	0	0	0	0	0	0	0	0	0	0	0	0	0	0	0	0	0	0	0	0	0	0	0	0	0	0	0	0	0	0	0	0	0	0	0	0	0	0	0	0	0	0	0	0	0	0	0	0	0	71	110	99	179	159	113	135	81	52	163	69	148	115	106	194	120	96	154	46	128	38	42	113	131	163	81	170	32
0	0	0	0	0	0	0	0	0	0	0	0	0	0	0	0	0	0	0	0	0	0	0	0	0	0	0	0	0	0	0	0	0	0	0	0	0	0	0	0	0	0	0	0	0	0	0	0	0	0	0	0	0	0	0	0	0	0	0	0	0	0	0	0	0	0	0	0	0	0	0	0	0	0	0	0	0	0	0	0	0	0	0	0	0	0	0	0	0	0	0	0	0	0	0	0	0	0	0	0	0	62	121	85	194	73	73	46	99	106	73	16	139	206	115	103	196	138	82	127	178	97	153	77	29	175	146	111
0	0	0	0	0	0	0	0	0	0	0	0	0	0	0	0	0	0	0	0	0	0	0	0	0	0	0	0	0	0	0	0	0	0	0	0	0	0	0	0	0	0	0	0	0	0	0	0	0	0	0	0	0	0	0	0	0	0	0	0	0	0	0	0	0	0	0	0	0	0	0	0	0	0	0	0	0	0	0	0	0	0	0	0	0	0	0	0	0	0	0	0	0	0	0	0	0	0	0	0	0	0	216	150	97	85	111	97	72	84	118	75	56	135	42	94	53	195	106	104	100	155	52	130	83	135	157	164
0	0	0	0	0	0	0	0	0	0	0	0	0	0	0	0	0	0	0	0	0	0	0	0	0	0	0	0	0	0	0	0	0	0	0	0	0	0	0	0	0	0	0	0	0	0	0	0	0	0	0	0	0	0	0	0	0	0	0	0	0	0	0	0	0	0	0	0	0	0	0	0	0	0	0	0	0	0	0	0	0	0	0	0	0	0	0	0	0	0	0	0	0	0	0	0	0	0	0	0	0	0	0	164	156	199	92	188	76	103	133	88	119	74	25	97	66	90	88	172	64	115	153	134	91	135	163	164
0	0	0	0	0	0	0	0	0	0	0	0	0	0	0	0	0	0	0	0	0	0	0	0	0	0	0	0	0	0	0	0	0	0	0	0	0	0	0	0	0	0	0	0	0	0	0	0	0	0	0	0	0	0	0	0	0	0	0	0	0	0	0	0	0	0	0	0	0	0	0	0	0	0	0	0	0	0	0	0	0	0	0	0	0	0	0	0	0	0	0	0	0	0	0	0	0	0	0	0	0	0	0	0	37	95	68	63	102	208	36	84	31	81	171	149	58	174	80	57	52	107	146	183	149	71	68	136
0	0	0	0	0	0	0	0	0	0	0	0	0	0	0	0	0	0	0	0	0	0	0	0	0	0	0	0	0	0	0	0	0	0	0	0	0	0	0	0	0	0	0	0	0	0	0	0	0	0	0	0	0	0	0	0	0	0	0	0	0	0	0	0	0	0	0	0	0	0	0	0	0	0	0	0	0	0	0	0	0	0	0	0	0	0	0	0	0	0	0	0	0	0	0	0	0	0	0	0	0	0	0	0	0	156	148	76	96	86	84	164	111	201	122	132	106	110	125	136	132	126	172	88	134	83	208	220
0	0	0	0	0	0	0	0	0	0	0	0	0	0	0	0	0	0	0	0	0	0	0	0	0	0	0	0	0	0	0	0	0	0	0	0	0	0	0	0	0	0	0	0	0	0	0	0	0	0	0	0	0	0	0	0	0	0	0	0	0	0	0	0	0	0	0	0	0	0	0	0	0	0	0	0	0	0	0	0	0	0	0	0	0	0	0	0	0	0	0	0	0	0	0	0	0	0	0	0	0	0	0	0	0	0	52	105	83	180	113	90	111	106	29	46	96	183	147	106	138	126	30	142	151	65	171	60
0	0	0	0	0	0	0	0	0	0	0	0	0	0	0	0	0	0	0	0	0	0	0	0	0	0	0	0	0	0	0	0	0	0	0	0	0	0	0	0	0	0	0	0	0	0	0	0	0	0	0	0	0	0	0	0	0	0	0	0	0	0	0	0	0	0	0	0	0	0	0	0	0	0	0	0	0	0	0	0	0	0	0	0	0	0	0	0	0	0	0	0	0	0	0	0	0	0	0	0	0	0	0	0	0	0	0	56	171	97	161	76	149	138	141	100	115	167	94	173	101	48	86	118	75	112	105	94
0	0	0	0	0	0	0	0	0	0	0	0	0	0	0	0	0	0	0	0	0	0	0	0	0	0	0	0	0	0	0	0	0	0	0	0	0	0	0	0	0	0	0	0	0	0	0	0	0	0	0	0	0	0	0	0	0	0	0	0	0	0	0	0	0	0	0	0	0	0	0	0	0	0	0	0	0	0	0	0	0	0	0	0	0	0	0	0	0	0	0	0	0	0	0	0	0	0	0	0	0	0	0	0	0	0	0	0	154	66	129	142	126	174	191	233	24	218	100	92	135	72	99	44	49	94	164	12
0	0	0	0	0	0	0	0	0	0	0	0	0	0	0	0	0	0	0	0	0	0	0	0	0	0	0	0	0	0	0	0	0	0	0	0	0	0	0	0	0	0	0	0	0	0	0	0	0	0	0	0	0	0	0	0	0	0	0	0	0	0	0	0	0	0	0	0	0	0	0	0	0	0	0	0	0	0	0	0	0	0	0	0	0	0	0	0	0	0	0	0	0	0	0	0	0	0	0	0	0	0	0	0	0	0	0	0	0	86	71	176	72	73	148	37	117	210	112	75	124	70	69	78	135	84	176	119
0	0	0	0	0	0	0	0	0	0	0	0	0	0	0	0	0	0	0	0	0	0	0	0	0	0	0	0	0	0	0	0	0	0	0	0	0	0	0	0	0	0	0	0	0	0	0	0	0	0	0	0	0	0	0	0	0	0	0	0	0	0	0	0	0	0	0	0	0	0	0	0	0	0	0	0	0	0	0	0	0	0	0	0	0	0	0	0	0	0	0	0	0	0	0	0	0	0	0	0	0	0	0	0	0	0	0	0	0	0	204	96	119	205	175	113	145	50	164	100	61	125	129	109	125	218	128	35
0	0	0	0	0	0	0	0	0	0	0	0	0	0	0	0	0	0	0	0	0	0	0	0	0	0	0	0	0	0	0	0	0	0	0	0	0	0	0	0	0	0	0	0	0	0	0	0	0	0	0	0	0	0	0	0	0	0	0	0	0	0	0	0	0	0	0	0	0	0	0	0	0	0	0	0	0	0	0	0	0	0	0	0	0	0	0	0	0	0	0	0	0	0	0	0	0	0	0	0	0	0	0	0	0	0	0	0	0	0	0	69	73	176	113	118	128	208	115	81	125	140	104	118	105	157	177	102
0	0	0	0	0	0	0	0	0	0	0	0	0	0	0	0	0	0	0	0	0	0	0	0	0	0	0	0	0	0	0	0	0	0	0	0	0	0	0	0	0	0	0	0	0	0	0	0	0	0	0	0	0	0	0	0	0	0	0	0	0	0	0	0	0	0	0	0	0	0	0	0	0	0	0	0	0	0	0	0	0	0	0	0	0	0	0	0	0	0	0	0	0	0	0	0	0	0	0	0	0	0	0	0	0	0	0	0	0	0	0	0	170	164	118	154	103	99	138	110	119	136	117	81	120	188	196	123
0	0	0	0	0	0	0	0	0	0	0	0	0	0	0	0	0	0	0	0	0	0	0	0	0	0	0	0	0	0	0	0	0	0	0	0	0	0	0	0	0	0	0	0	0	0	0	0	0	0	0	0	0	0	0	0	0	0	0	0	0	0	0	0	0	0	0	0	0	0	0	0	0	0	0	0	0	0	0	0	0	0	0	0	0	0	0	0	0	0	0	0	0	0	0	0	0	0	0	0	0	0	0	0	0	0	0	0	0	0	0	0	0	124	138	148	82	100	145	156	205	150	168	126	76	176	155	171
0	0	0	0	0	0	0	0	0	0	0	0	0	0	0	0	0	0	0	0	0	0	0	0	0	0	0	0	0	0	0	0	0	0	0	0	0	0	0	0	0	0	0	0	0	0	0	0	0	0	0	0	0	0	0	0	0	0	0	0	0	0	0	0	0	0	0	0	0	0	0	0	0	0	0	0	0	0	0	0	0	0	0	0	0	0	0	0	0	0	0	0	0	0	0	0	0	0	0	0	0	0	0	0	0	0	0	0	0	0	0	0	0	0	114	111	139	220	136	156	155	20	134	224	149	80	135	168
0	0	0	0	0	0	0	0	0	0	0	0	0	0	0	0	0	0	0	0	0	0	0	0	0	0	0	0	0	0	0	0	0	0	0	0	0	0	0	0	0	0	0	0	0	0	0	0	0	0	0	0	0	0	0	0	0	0	0	0	0	0	0	0	0	0	0	0	0	0	0	0	0	0	0	0	0	0	0	0	0	0	0	0	0	0	0	0	0	0	0	0	0	0	0	0	0	0	0	0	0	0	0	0	0	0	0	0	0	0	0	0	0	0	0	121	197	153	102	27	108	56	68	55	165	130	124	140
0	0	0	0	0	0	0	0	0	0	0	0	0	0	0	0	0	0	0	0	0	0	0	0	0	0	0	0	0	0	0	0	0	0	0	0	0	0	0	0	0	0	0	0	0	0	0	0	0	0	0	0	0	0	0	0	0	0	0	0	0	0	0	0	0	0	0	0	0	0	0	0	0	0	0	0	0	0	0	0	0	0	0	0	0	0	0	0	0	0	0	0	0	0	0	0	0	0	0	0	0	0	0	0	0	0	0	0	0	0	0	0	0	0	0	0	217	181	33	85	214	61	88	159	186	91	77	118
0	0	0	0	0	0	0	0	0	0	0	0	0	0	0	0	0	0	0	0	0	0	0	0	0	0	0	0	0	0	0	0	0	0	0	0	0	0	0	0	0	0	0	0	0	0	0	0	0	0	0	0	0	0	0	0	0	0	0	0	0	0	0	0	0	0	0	0	0	0	0	0	0	0	0	0	0	0	0	0	0	0	0	0	0	0	0	0	0	0	0	0	0	0	0	0	0	0	0	0	0	0	0	0	0	0	0	0	0	0	0	0	0	0	0	0	0	102	108	133	178	66	128	22	62	55	161	68
0	0	0	0	0	0	0	0	0	0	0	0	0	0	0	0	0	0	0	0	0	0	0	0	0	0	0	0	0	0	0	0	0	0	0	0	0	0	0	0	0	0	0	0	0	0	0	0	0	0	0	0	0	0	0	0	0	0	0	0	0	0	0	0	0	0	0	0	0	0	0	0	0	0	0	0	0	0	0	0	0	0	0	0	0	0	0	0	0	0	0	0	0	0	0	0	0	0	0	0	0	0	0	0	0	0	0	0	0	0	0	0	0	0	0	0	0	0	124	138	61	157	163	213	195	132	169	100
0	0	0	0	0	0	0	0	0	0	0	0	0	0	0	0	0	0	0	0	0	0	0	0	0	0	0	0	0	0	0	0	0	0	0	0	0	0	0	0	0	0	0	0	0	0	0	0	0	0	0	0	0	0	0	0	0	0	0	0	0	0	0	0	0	0	0	0	0	0	0	0	0	0	0	0	0	0	0	0	0	0	0	0	0	0	0	0	0	0	0	0	0	0	0	0	0	0	0	0	0	0	0	0	0	0	0	0	0	0	0	0	0	0	0	0	0	0	0	182	117	100	64	209	161	75	91	139
0	0	0	0	0	0	0	0	0	0	0	0	0	0	0	0	0	0	0	0	0	0	0	0	0	0	0	0	0	0	0	0	0	0	0	0	0	0	0	0	0	0	0	0	0	0	0	0	0	0	0	0	0	0	0	0	0	0	0	0	0	0	0	0	0	0	0	0	0	0	0	0	0	0	0	0	0	0	0	0	0	0	0	0	0	0	0	0	0	0	0	0	0	0	0	0	0	0	0	0	0	0	0	0	0	0	0	0	0	0	0	0	0	0	0	0	0	0	0	0	136	44	113	162	129	185	168	101
0	0	0	0	0	0	0	0	0	0	0	0	0	0	0	0	0	0	0	0	0	0	0	0	0	0	0	0	0	0	0	0	0	0	0	0	0	0	0	0	0	0	0	0	0	0	0	0	0	0	0	0	0	0	0	0	0	0	0	0	0	0	0	0	0	0	0	0	0	0	0	0	0	0	0	0	0	0	0	0	0	0	0	0	0	0	0	0	0	0	0	0	0	0	0	0	0	0	0	0	0	0	0	0	0	0	0	0	0	0	0	0	0	0	0	0	0	0	0	0	0	139	108	182	90	129	76	157
0	0	0	0	0	0	0	0	0	0	0	0	0	0	0	0	0	0	0	0	0	0	0	0	0	0	0	0	0	0	0	0	0	0	0	0	0	0	0	0	0	0	0	0	0	0	0	0	0	0	0	0	0	0	0	0	0	0	0	0	0	0	0	0	0	0	0	0	0	0	0	0	0	0	0	0	0	0	0	0	0	0	0	0	0	0	0	0	0	0	0	0	0	0	0	0	0	0	0	0	0	0	0	0	0	0	0	0	0	0	0	0	0	0	0	0	0	0	0	0	0	0	106	178	46	117	71	120
0	0	0	0	0	0	0	0	0	0	0	0	0	0	0	0	0	0	0	0	0	0	0	0	0	0	0	0	0	0	0	0	0	0	0	0	0	0	0	0	0	0	0	0	0	0	0	0	0	0	0	0	0	0	0	0	0	0	0	0	0	0	0	0	0	0	0	0	0	0	0	0	0	0	0	0	0	0	0	0	0	0	0	0	0	0	0	0	0	0	0	0	0	0	0	0	0	0	0	0	0	0	0	0	0	0	0	0	0	0	0	0	0	0	0	0	0	0	0	0	0	0	0	121	73	109	132	131
0	0	0	0	0	0	0	0	0	0	0	0	0	0	0	0	0	0	0	0	0	0	0	0	0	0	0	0	0	0	0	0	0	0	0	0	0	0	0	0	0	0	0	0	0	0	0	0	0	0	0	0	0	0	0	0	0	0	0	0	0	0	0	0	0	0	0	0	0	0	0	0	0	0	0	0	0	0	0	0	0	0	0	0	0	0	0	0	0	0	0	0	0	0	0	0	0	0	0	0	0	0	0	0	0	0	0	0	0	0	0	0	0	0	0	0	0	0	0	0	0	0	0	0	91	178	74	206
0	0	0	0	0	0	0	0	0	0	0	0	0	0	0	0	0	0	0	0	0	0	0	0	0	0	0	0	0	0	0	0	0	0	0	0	0	0	0	0	0	0	0	0	0	0	0	0	0	0	0	0	0	0	0	0	0	0	0	0	0	0	0	0	0	0	0	0	0	0	0	0	0	0	0	0	0	0	0	0	0	0	0	0	0	0	0	0	0	0	0	0	0	0	0	0	0	0	0	0	0	0	0	0	0	0	0	0	0	0	0	0	0	0	0	0	0	0	0	0	0	0	0	0	0	138	163	126
0	0	0	0	0	0	0	0	0	0	0	0	0	0	0	0	0	0	0	0	0	0	0	0	0	0	0	0	0	0	0	0	0	0	0	0	0	0	0	0	0	0	0	0	0	0	0	0	0	0	0	0	0	0	0	0	0	0	0	0	0	0	0	0	0	0	0	0	0	0	0	0	0	0	0	0	0	0	0	0	0	0	0	0	0	0	0	0	0	0	0	0	0	0	0	0	0	0	0	0	0	0	0	0	0	0	0	0	0	0	0	0	0	0	0	0	0	0	0	0	0	0	0	0	0	0	152	85
0	0	0	0	0	0	0	0	0	0	0	0	0	0	0	0	0	0	0	0	0	0	0	0	0	0	0	0	0	0	0	0	0	0	0	0	0	0	0	0	0	0	0	0	0	0	0	0	0	0	0	0	0	0	0	0	0	0	0	0	0	0	0	0	0	0	0	0	0	0	0	0	0	0	0	0	0	0	0	0	0	0	0	0	0	0	0	0	0	0	0	0	0	0	0	0	0	0	0	0	0	0	0	0	0	0	0	0	0	0	0	0	0	0	0	0	0	0	0	0	0	0	0	0	0	0	0	184
0	0	0	0	0	0	0	0	0	0	0	0	0	0	0	0	0	0	0	0	0	0	0	0	0	0	0	0	0	0	0	0	0	0	0	0	0	0	0	0	0	0	0	0	0	0	0	0	0	0	0	0	0	0	0	0	0	0	0	0	0	0	0	0	0	0	0	0	0	0	0	0	0	0	0	0	0	0	0	0	0	0	0	0	0	0	0	0	0	0	0	0	0	0	0	0	0	0	0	0	0	0	0	0	0	0	0	0	0	0	0	0	0	0	0	0	0	0	0	0	0	0	0	0	0	0	0	0