0	49	70	63	93	116	121	4	127	56	74	45	32	51	68	24	11	83	42	72	21	122	54	128	36	75	35	9	62	39	43	9	113	83	99	81	114	126	18	42	14	54	31	18	18	15	97	72	122	91	35	5	19	26	109	51	29	86	116	47	5	9	40	54	60	17	21	53	122	29	128	99	111	81	6	12	127	2	11	93	92	124	123	31	34	89	8	53	57	55	71	85	120	78	12	128	42	14	99	60	106	91	20	16	47	68	23	87	97	27	26	54	62	81	88	53	44	51	47	58	81	23	82	50	21	11	89	64
0	0	128	37	30	6	107	126	43	101	3	42	77	68	95	19	125	20	75	72	30	79	57	9	111	8	21	114	31	127	23	81	112	78	30	99	95	85	80	90	106	37	14	50	121	100	89	122	52	26	41	24	21	20	105	59	40	108	80	57	14	46	127	33	99	28	5	12	48	75	107	16	68	35	11	46	98	57	87	14	4	74	56	107	63	82	107	71	17	91	36	60	42	4	53	106	62	34	67	101	76	9	111	114	7	90	50	28	12	83	81	93	107	125	54	55	83	88	85	70	26	103	88	68	47	63	54	19
0	0	0	66	57	72	130	52	109	67	117	14	92	36	16	21	11	36	45	42	85	106	85	20	64	60	97	89	3	42	129	53	44	112	73	98	126	56	103	85	58	90	115	13	96	121	45	49	74	72	63	101	31	36	108	34	65	128	35	43	77	50	117	108	52	29	49	60	23	130	34	114	80	75	96	70	90	84	89	46	95	110	97	89	61	115	104	95	76	46	59	52	76	32	111	10	50	26	110	10	58	72	44	64	102	26	124	105	54	118	36	113	28	79	43	104	29	78	118	94	18	43	16	110	87	83	120	86
0	0	0	0	15	91	27	41	129	92	31	109	115	113	26	124	90	125	49	73	128	33	33	101	81	7	58	13	101	17	98	124	112	88	42	104	92	122	73	9	22	27	111	127	34	86	81	37	60	56	112	59	42	128	33	107	103	30	10	130	41	128	51	118	25	3	120	26	30	59	120	49	114	107	33	128	80	117	105	90	52	66	99	106	12	49	81	76	86	8	12	15	62	64	92	17	59	124	70	125	6	36	27	110	107	43	41	54	52	111	86	116	73	124	37	7	111	20	117	50	66	72	82	76	89	30	10	14
0	0	0	0	0	14	58	111	38	38	44	99	47	126	126	26	21	10	105	32	116	120	46	103	9	59	42	126	60	64	27	117	112	9	95	28	85	55	58	28	116	39	13	43	42	83	77	44	106	22	54	100	27	12	48	84	121	28	92	65	88	19	53	79	124	106	54	88	120	104	77	18	12	119	102	116	21	120	89	31	128	102	15	16	71	110	49	129	99	27	51	61	25	79	119	98	128	16	7	93	22	34	85	85	69	11	105	56	127	43	131	131	79	3	13	40	113	53	130	49	34	103	73	41	94	49	38	53
0	0	0	0	0	0	18	34	78	37	91	34	81	76	18	22	112	19	65	106	123	90	93	12	17	113	49	5	29	126	50	47	30	48	20	95	30	25	87	73	123	72	112	78	27	10	42	133	46	34	123	93	116	32	99	87	126	16	9	63	91	75	5	126	96	119	47	42	52	43	130	117	84	97	19	128	56	52	114	48	65	109	115	97	92	59	53	4	45	104	116	44	120	129	93	24	129	77	3	133	37	111	84	103	30	39	34	69	36	13	112	5	72	8	13	45	5	86	119	94	110	71	26	19	21	67	49	115
0	0	0	0	0	0	0	21	107	18	133	61	131	13	129	79	14	45	99	80	121	46	102	125	35	37	49	75	28	112	100	7	18	109	43	43	82	65	110	86	74	102	68	105	59	85	99	45	85	114	65	122	47	74	97	74	117	26	4	52	129	90	122	84	132	92	105	11	106	105	15	80	59	109	124	62	61	94	91	36	10	53	19	61	6	75	80	79	79	100	82	20	11	85	97	59	29	104	34	96	48	41	101	71	92	3	129	64	49	70	46	25	109	81	35	10	9	30	64	69	119	94	27	45	101	77	115	91
0	0	0	0	0	0	0	0	50	117	12	86	120	58	36	46	131	126	116	62	99	60	82	76	31	116	16	93	106	99	24	91	76	115	85	125	61	24	68	44	118	81	120	35	32	10	125	23	17	8	68	123	27	11	15	34	76	54	120	122	110	135	38	91	62	125	76	26	103	40	46	10	66	63	62	18	26	34	85	41	29	49	70	100	41	71	13	30	25	57	90	39	120	133	126	103	60	116	56	52	78	66	125	87	77	20	99	35	64	98	109	4	109	110	127	67	86	75	65	95	100	100	127	70	15	128	120	115
0	0	0	0	0	0	0	0	0	22	108	49	46	48	63	132	121	45	103	46	118	33	12	63	35	40	30	82	71	8	14	52	61	15	38	46	50	45	19	117	33	109	108	12	30	45	37	113	91	97	114	66	88	99	81	115	46	54	111	126	85	120	44	129	24	116	85	25	40	23	9	44	97	18	121	67	54	37	63	75	30	67	20	94	84	43	121	9	18	65	31	75	11	103	97	101	128	97	102	11	124	22	64	126	81	120	117	67	41	20	51	66	129	108	65	119	59	36	12	40	113	103	97	110	18	57	18	46
0	0	0	0	0	0	0	0	0	0	51	93	99	53	21	61	87	74	126	93	58	103	50	52	10	64	3	126	89	18	52	74	112	37	77	46	101	99	71	41	95	118	111	52	100	14	59	8	131	46	112	8	27	137	54	46	52	90	48	125	48	66	32	25	54	14	125	63	97	37	106	126	38	93	107	65	21	80	107	75	111	31	104	91	113	92	104	36	65	102	109	25	118	21	65	28	117	117	42	133	58	125	48	98	27	137	48	47	106	8	60	47	64	131	20	25	47	100	90	57	94	95	29	29	32	7	55	26
0	0	0	0	0	0	0	0	0	0	0	48	13	96	103	78	114	104	50	98	97	120	136	112	60	83	60	63	128	9	126	9	31	57	101	24	57	115	11	55	64	55	53	98	94	24	51	113	117	45	115	59	14	99	120	37	19	57	20	104	25	114	95	127	68	110	114	44	91	57	21	14	64	18	63	43	77	79	100	74	95	15	100	60	127	125	5	122	54	106	132	12	12	45	46	38	52	93	111	34	72	24	69	113	56	75	128	84	104	80	25	44	125	51	48	97	66	120	106	31	118	116	62	46	130	53	138	70
0	0	0	0	0	0	0	0	0	0	0	0	39	79	99	9	114	63	103	107	131	86	93	92	37	32	43	72	49	57	132	112	105	28	70	132	67	117	118	92	46	116	116	109	127	65	116	107	34	44	35	102	114	66	129	117	29	36	73	66	31	75	26	62	16	34	113	106	117	8	79	64	28	82	58	99	28	119	101	32	112	128	60	72	24	76	123	103	89	55	98	51	52	38	69	85	18	97	12	117	99	38	11	14	29	106	38	30	100	96	117	7	15	132	128	4	34	123	43	113	48	132	114	68	76	29	93	50
0	0	0	0	0	0	0	0	0	0	0	0	0	58	85	130	45	19	40	65	103	74	26	125	25	53	122	63	7	86	31	25	55	18	23	6	52	77	49	39	22	90	133	26	140	93	101	121	38	72	93	66	26	119	129	63	97	26	96	86	15	47	4	69	11	81	80	15	18	70	42	87	72	92	23	50	63	23	26	65	116	94	116	42	98	31	110	117	134	38	119	102	61	21	129	37	63	102	101	53	21	18	39	47	112	95	127	47	72	76	100	109	117	50	94	55	78	129	77	20	62	111	126	33	94	12	104	26
0	0	0	0	0	0	0	0	0	0	0	0	0	0	123	104	118	25	90	108	103	63	58	79	29	72	95	94	98	130	4	76	61	67	62	23	4	50	55	26	42	66	76	84	90	58	49	83	110	59	42	62	23	119	67	128	111	120	51	96	102	32	34	91	39	21	100	73	33	41	138	130	91	124	130	88	116	71	82	19	72	117	128	88	76	59	87	97	52	77	68	84	19	70	92	93	45	115	36	34	34	49	49	27	43	35	123	91	16	75	105	89	68	100	17	46	9	13	37	66	116	79	68	44	18	73	102	54
0	0	0	0	0	0	0	0	0	0	0	0	0	0	0	82	65	16	23	53	93	44	9	51	75	96	98	12	37	57	86	112	42	127	51	23	125	98	71	24	42	14	81	98	100	123	105	118	105	27	119	56	127	133	85	41	97	136	122	23	76	18	32	113	82	135	53	91	2	52	123	15	99	100	128	129	9	118	103	15	10	105	89	43	39	34	106	62	14	126	118	39	25	43	23	100	85	42	123	29	68	106	120	115	91	125	46	105	60	15	22	128	17	125	29	81	54	18	80	55	96	53	131	89	117	78	106	22
0	0	0	0	0	0	0	0	0	0	0	0	0	0	0	0	67	95	110	72	98	104	92	89	128	34	67	24	43	118	97	65	98	112	129	77	65	91	19	63	61	97	29	61	124	74	114	90	44	70	104	113	107	23	9	93	22	49	134	61	115	103	48	4	30	82	123	76	9	61	32	58	76	102	135	101	70	128	117	34	91	107	81	100	76	82	97	126	43	85	80	28	52	45	112	20	105	48	70	125	74	68	87	91	93	108	12	96	62	107	116	123	128	79	61	68	40	100	47	84	11	102	40	30	92	87	88	105
0	0	0	0	0	0	0	0	0	0	0	0	0	0	0	0	0	60	52	55	33	90	114	117	94	83	97	106	107	61	93	90	20	105	90	115	56	52	74	123	3	98	142	55	80	35	74	44	39	27	20	46	35	50	23	41	122	81	110	54	98	98	49	104	121	39	82	89	75	15	105	105	119	36	83	37	47	83	47	9	4	126	67	91	36	63	101	25	73	92	97	8	69	29	83	80	49	55	53	122	78	101	128	118	65	72	101	43	42	69	35	109	45	93	42	115	119	97	67	71	121	103	68	126	125	86	32	76
0	0	0	0	0	0	0	0	0	0	0	0	0	0	0	0	0	0	51	111	92	135	48	121	20	92	39	65	30	97	63	74	95	126	107	101	136	20	131	121	87	103	96	31	78	85	136	142	119	83	38	112	33	111	11	78	96	59	129	117	127	88	81	74	23	77	126	120	60	108	63	59	110	28	99	75	112	83	135	72	81	110	37	43	50	53	27	45	110	94	76	66	122	83	20	61	109	73	61	109	48	39	83	71	39	118	78	34	64	30	69	95	26	43	24	97	129	112	42	33	95	83	107	116	74	52	70	115
0	0	0	0	0	0	0	0	0	0	0	0	0	0	0	0	0	0	0	25	120	88	15	123	108	123	68	23	53	17	35	84	115	126	89	99	138	50	56	131	28	69	108	9	71	90	13	59	89	101	120	51	18	95	11	47	119	83	60	44	48	130	20	106	60	112	127	27	132	58	98	98	65	75	63	80	18	78	45	68	76	98	55	119	33	29	119	13	18	75	55	45	6	31	31	143	67	31	142	110	10	26	54	92	57	48	90	14	106	81	143	118	110	42	23	53	139	88	31	70	116	127	88	16	28	60	123	53
0	0	0	0	0	0	0	0	0	0	0	0	0	0	0	0	0	0	0	0	135	139	129	95	100	38	37	78	47	18	116	56	47	41	120	109	56	30	45	78	92	115	55	33	57	62	103	124	93	35	129	130	118	113	50	78	77	36	122	14	143	110	112	109	93	77	31	46	42	40	13	114	27	124	59	63	118	32	124	76	48	45	102	107	132	18	125	32	111	63	93	92	92	26	143	134	65	97	111	110	136	38	17	86	47	17	140	60	75	111	114	105	102	19	33	36	120	75	109	108	126	68	71	127	33	30	66	47
0	0	0	0	0	0	0	0	0	0	0	0	0	0	0	0	0	0	0	0	0	41	71	11	43	67	18	32	8	144	89	66	111	143	70	43	74	81	71	101	90	43	53	68	49	119	77	37	84	67	64	98	17	107	44	84	30	27	22	37	20	69	118	129	20	68	28	79	133	139	138	136	32	108	86	96	13	105	64	36	125	96	18	109	129	21	44	106	71	122	63	65	115	80	72	52	118	70	115	96	138	104	95	66	96	57	106	146	89	59	80	24	105	29	34	75	53	31	68	43	38	65	38	23	87	65	97	115
0	0	0	0	0	0	0	0	0	0	0	0	0	0	0	0	0	0	0	0	0	0	50	47	143	67	67	111	36	5	25	108	8	132	85	53	141	21	43	116	15	130	20	58	106	104	70	21	58	50	99	57	46	110	102	81	43	108	62	125	47	109	84	89	52	33	33	120	73	130	84	72	115	133	71	88	59	81	77	77	118	100	84	106	126	109	14	79	130	38	132	119	134	22	20	139	120	146	28	61	96	37	90	89	83	67	13	139	123	136	138	29	129	67	45	116	63	144	85	126	75	68	70	48	68	35	105	141
0	0	0	0	0	0	0	0	0	0	0	0	0	0	0	0	0	0	0	0	0	0	0	122	36	100	120	124	109	44	77	92	118	39	110	65	18	45	35	87	98	80	11	16	125	32	76	142	97	110	79	121	119	86	126	72	122	67	48	17	36	110	70	119	66	68	26	125	11	112	113	48	127	109	134	44	132	137	19	135	13	108	50	128	44	7	39	16	25	86	82	76	40	120	56	137	111	70	48	64	108	41	35	118	86	84	93	107	28	123	103	40	19	37	5	90	67	106	119	104	119	101	17	18	20	27	85	31
0	0	0	0	0	0	0	0	0	0	0	0	0	0	0	0	0	0	0	0	0	0	0	0	79	33	114	56	16	134	23	107	75	108	24	13	63	22	83	98	145	128	63	108	127	17	96	88	129	45	95	146	112	31	50	117	126	106	20	78	127	135	54	65	59	55	42	111	7	124	19	72	88	102	18	55	39	45	76	117	144	43	94	37	92	46	68	120	86	118	133	125	150	127	18	133	36	95	67	20	66	56	114	108	49	66	76	54	77	101	39	101	41	48	45	82	104	68	69	98	150	132	109	104	125	51	143	35
0	0	0	0	0	0	0	0	0	0	0	0	0	0	0	0	0	0	0	0	0	0	0	0	0	146	88	62	96	70	116	105	39	67	123	32	132	140	73	29	24	127	21	91	72	44	90	70	82	57	133	65	14	33	17	121	101	78	102	37	60	44	151	138	113	62	147	86	18	41	126	107	2	70	142	129	99	104	127	24	58	40	110	79	77	28	29	26	110	63	51	56	95	63	136	90	56	117	98	122	73	41	68	23	125	91	43	27	83	4	50	69	9	54	74	120	32	14	59	123	34	132	63	135	39	70	37	104
0	0	0	0	0	0	0	0	0	0	0	0	0	0	0	0	0	0	0	0	0	0	0	0	0	0	95	41	29	37	71	22	32	117	114	139	47	112	129	40	132	26	23	117	46	50	62	103	104	41	87	23	59	101	16	136	61	57	96	69	15	87	30	92	133	140	5	128	101	142	55	12	75	104	29	38	49	135	38	98	69	59	112	15	87	11	51	21	15	105	87	111	28	70	16	57	47	63	100	40	129	65	92	119	101	109	56	82	84	134	82	88	147	152	80	132	115	116	82	125	47	36	23	42	45	121	49	129
0	0	0	0	0	0	0	0	0	0	0	0	0	0	0	0	0	0	0	0	0	0	0	0	0	0	0	116	85	18	69	144	79	120	57	103	112	23	111	127	54	73	28	60	30	136	92	66	110	85	13	137	11	52	64	134	109	44	99	138	76	105	98	31	23	24	139	147	124	46	89	78	125	139	19	44	132	96	10	89	139	60	63	88	75	39	129	92	8	30	48	27	98	24	107	70	116	84	118	8	16	126	115	36	144	126	108	90	86	51	60	50	126	12	107	125	115	86	80	131	100	76	115	52	129	68	81	71
0	0	0	0	0	0	0	0	0	0	0	0	0	0	0	0	0	0	0	0	0	0	0	0	0	0	0	0	96	138	103	142	100	79	116	23	32	30	105	118	93	133	80	22	100	70	80	95	129	96	51	52	99	38	31	67	41	126	92	20	60	59	122	110	109	20	124	115	92	131	64	22	82	106	84	33	133	60	111	84	77	36	115	73	122	43	118	24	140	120	148	137	55	114	126	125	107	81	127	43	78	11	69	63	25	47	130	60	81	58	55	122	49	75	37	74	85	37	118	140	96	11	150	94	91	134	112	101
0	0	0	0	0	0	0	0	0	0	0	0	0	0	0	0	0	0	0	0	0	0	0	0	0	0	0	0	0	120	57	91	50	85	49	134	133	101	101	76	46	111	112	118	100	67	22	70	118	90	123	4	41	131	97	96	76	156	30	108	67	56	138	145	121	37	37	68	45	57	58	116	102	47	106	40	24	37	135	30	81	146	114	95	131	25	58	132	100	135	24	12	44	134	72	115	108	73	68	117	79	58	32	93	103	103	145	129	90	110	107	72	65	138	129	111	48	20	72	78	95	64	52	75	33	37	61	99
0	0	0	0	0	0	0	0	0	0	0	0	0	0	0	0	0	0	0	0	0	0	0	0	0	0	0	0	0	0	76	92	62	68	107	131	106	128	65	52	13	136	143	36	41	134	67	56	103	105	80	23	52	65	117	51	105	88	84	69	77	74	114	134	77	65	73	79	113	45	85	54	47	26	58	97	134	145	30	105	58	102	127	56	107	158	24	42	94	84	52	105	30	123	46	58	40	123	93	97	71	91	26	87	113	92	83	62	98	144	125	49	94	32	44	62	28	96	54	142	124	108	114	77	47	126	50	126
0	0	0	0	0	0	0	0	0	0	0	0	0	0	0	0	0	0	0	0	0	0	0	0	0	0	0	0	0	0	0	112	63	101	123	75	43	92	114	46	134	79	61	70	109	94	77	18	75	32	37	94	90	11	87	21	117	140	38	123	117	26	79	122	122	123	44	39	33	63	78	35	34	135	80	55	42	76	100	118	134	34	94	73	71	105	18	39	25	29	38	131	91	49	77	54	110	125	87	42	141	140	113	151	80	97	32	114	56	73	20	50	87	53	86	122	138	92	13	63	31	74	34	53	34	88	56	67
0	0	0	0	0	0	0	0	0	0	0	0	0	0	0	0	0	0	0	0	0	0	0	0	0	0	0	0	0	0	0	0	107	108	123	42	37	96	64	139	89	65	27	138	153	85	94	32	29	51	87	70	37	135	119	15	58	126	102	53	114	27	150	41	61	68	82	121	55	66	79	66	132	81	85	61	39	22	89	27	50	95	69	30	60	113	128	74	84	86	61	114	82	70	91	42	28	117	55	65	32	107	114	70	48	80	67	143	55	135	155	117	110	96	121	110	137	96	103	121	63	118	142	62	137	111	56	109
0	0	0	0	0	0	0	0	0	0	0	0	0	0	0	0	0	0	0	0	0	0	0	0	0	0	0	0	0	0	0	0	0	32	61	83	78	128	122	22	84	40	72	153	30	53	94	38	68	135	97	86	50	45	127	89	72	131	28	82	121	81	91	42	53	127	149	35	142	84	102	106	31	127	36	111	141	111	50	117	118	46	15	54	81	130	64	64	46	83	77	45	125	96	57	66	109	106	115	33	67	39	98	93	5	53	53	127	95	85	44	41	132	128	135	106	48	77	87	97	40	104	114	90	46	125	80	9
0	0	0	0	0	0	0	0	0	0	0	0	0	0	0	0	0	0	0	0	0	0	0	0	0	0	0	0	0	0	0	0	0	0	71	91	129	37	103	58	118	106	114	109	46	146	35	7	146	40	49	61	127	126	24	82	48	110	33	72	140	45	123	143	25	79	134	132	63	48	79	51	73	146	110	43	41	18	95	80	104	69	77	84	102	106	147	136	137	13	100	14	89	107	35	139	51	75	113	43	108	53	39	123	106	117	79	37	95	123	31	150	63	118	25	101	36	73	48	109	84	102	71	108	79	104	29	27
0	0	0	0	0	0	0	0	0	0	0	0	0	0	0	0	0	0	0	0	0	0	0	0	0	0	0	0	0	0	0	0	0	0	0	62	63	124	48	104	78	108	38	80	35	94	51	84	143	10	50	126	102	84	98	57	127	112	73	67	85	136	58	107	137	18	42	59	102	24	133	48	107	100	106	55	36	58	87	113	70	6	112	136	91	92	107	75	34	105	74	68	74	106	105	29	122	38	116	114	69	70	159	84	126	23	33	129	59	82	93	82	137	121	46	11	83	69	19	124	130	80	104	69	84	112	114	133
0	0	0	0	0	0	0	0	0	0	0	0	0	0	0	0	0	0	0	0	0	0	0	0	0	0	0	0	0	0	0	0	0	0	0	0	92	96	121	46	154	90	76	158	125	60	42	46	132	96	89	107	30	131	85	68	142	110	60	102	65	124	15	84	43	76	39	83	47	95	41	150	65	137	44	87	80	29	122	46	87	130	60	28	88	54	68	37	63	115	32	54	133	108	9	140	85	101	123	148	52	90	74	19	45	80	127	120	156	99	142	85	14	43	51	123	147	67	131	35	136	57	49	26	22	47	24	120
0	0	0	0	0	0	0	0	0	0	0	0	0	0	0	0	0	0	0	0	0	0	0	0	0	0	0	0	0	0	0	0	0	0	0	0	0	97	146	47	24	53	48	43	83	88	38	74	63	37	113	88	48	54	137	68	60	53	71	69	71	27	82	18	130	60	58	24	86	63	68	114	69	42	114	83	73	122	136	123	93	139	42	49	20	35	102	71	83	17	124	93	125	73	131	87	107	84	92	42	23	28	81	37	109	73	114	39	59	103	24	132	163	107	25	76	80	102	80	106	14	77	74	94	75	36	102	49
0	0	0	0	0	0	0	0	0	0	0	0	0	0	0	0	0	0	0	0	0	0	0	0	0	0	0	0	0	0	0	0	0	0	0	0	0	0	121	88	115	98	49	60	103	99	62	38	98	145	143	130	119	98	94	103	119	146	134	15	87	98	83	89	131	57	55	24	94	62	128	159	66	122	102	60	7	123	109	103	72	149	87	165	65	109	106	142	90	109	116	35	135	134	97	70	163	152	76	49	26	52	39	66	128	123	118	94	126	68	123	104	64	85	81	144	89	93	29	45	29	117	135	60	61	82	47	116
0	0	0	0	0	0	0	0	0	0	0	0	0	0	0	0	0	0	0	0	0	0	0	0	0	0	0	0	0	0	0	0	0	0	0	0	0	0	0	117	115	141	96	108	18	115	106	39	110	34	87	73	78	70	138	63	54	110	79	147	90	93	121	115	124	21	89	85	70	122	105	138	67	90	56	51	129	52	56	132	15	119	123	44	49	37	28	107	54	97	88	136	57	16	132	76	49	135	63	33	32	32	9	52	58	58	158	39	143	127	43	162	115	114	144	102	17	140	110	117	45	16	37	22	17	51	79	122
0	0	0	0	0	0	0	0	0	0	0	0	0	0	0	0	0	0	0	0	0	0	0	0	0	0	0	0	0	0	0	0	0	0	0	0	0	0	0	0	152	135	98	29	122	86	40	138	40	107	139	37	89	124	58	54	114	125	69	115	133	136	116	90	151	44	92	114	101	46	55	147	53	29	156	138	74	73	74	122	92	33	120	102	120	137	158	121	68	65	110	35	14	131	37	110	23	27	45	56	153	56	136	54	75	109	97	91	104	66	156	146	15	106	101	77	59	92	44	86	120	60	120	52	85	131	116	141
0	0	0	0	0	0	0	0	0	0	0	0	0	0	0	0	0	0	0	0	0	0	0	0	0	0	0	0	0	0	0	0	0	0	0	0	0	0	0	0	0	84	87	87	53	45	102	142	137	82	112	83	126	16	102	31	64	44	123	45	60	50	109	129	84	129	114	11	43	15	74	68	76	96	35	72	100	102	66	66	113	68	135	111	128	118	142	56	66	86	109	3	84	93	34	119	55	104	132	93	3	59	39	77	129	125	64	70	138	4	160	150	44	83	82	43	43	71	110	148	66	64	118	86	52	161	118	133
0	0	0	0	0	0	0	0	0	0	0	0	0	0	0	0	0	0	0	0	0	0	0	0	0	0	0	0	0	0	0	0	0	0	0	0	0	0	0	0	0	0	109	122	111	161	139	57	117	151	90	114	148	26	137	137	99	58	119	136	82	64	38	91	54	129	21	92	141	128	125	148	48	47	78	91	69	30	98	115	147	129	96	142	88	126	134	62	95	119	114	97	141	120	13	98	111	18	132	55	108	132	75	84	61	39	132	128	60	22	11	35	124	90	134	117	38	150	162	111	109	149	40	28	67	104	27	97
0	0	0	0	0	0	0	0	0	0	0	0	0	0	0	0	0	0	0	0	0	0	0	0	0	0	0	0	0	0	0	0	0	0	0	0	0	0	0	0	0	0	0	129	69	159	110	56	127	57	33	118	126	27	49	74	53	56	22	122	53	68	130	23	103	64	81	158	99	36	32	113	155	123	65	157	139	125	81	80	141	73	55	96	34	157	109	109	123	86	138	58	37	95	91	60	85	61	51	70	68	63	80	120	115	45	18	22	42	54	115	161	98	86	118	135	115	42	75	64	92	82	125	85	114	108	100	59
0	0	0	0	0	0	0	0	0	0	0	0	0	0	0	0	0	0	0	0	0	0	0	0	0	0	0	0	0	0	0	0	0	0	0	0	0	0	0	0	0	0	0	0	81	69	76	72	78	106	52	65	49	91	115	73	78	102	68	103	77	93	117	12	92	130	39	82	130	121	59	43	37	119	47	38	49	50	111	132	76	93	124	56	112	34	34	120	108	67	120	133	124	124	68	79	136	141	66	52	99	90	136	73	85	63	81	151	77	58	85	101	103	114	64	135	144	98	134	164	78	105	25	120	126	132	86	40
0	0	0	0	0	0	0	0	0	0	0	0	0	0	0	0	0	0	0	0	0	0	0	0	0	0	0	0	0	0	0	0	0	0	0	0	0	0	0	0	0	0	0	0	0	103	76	49	134	148	117	40	48	16	67	136	165	114	62	83	105	43	67	109	37	21	59	68	42	124	127	58	51	46	88	46	71	104	76	60	81	101	13	143	46	78	54	50	110	115	73	128	30	136	143	142	69	34	109	47	32	141	39	150	22	136	134	146	99	103	30	112	35	70	65	144	82	127	71	53	88	56	109	70	92	91	86	54
0	0	0	0	0	0	0	0	0	0	0	0	0	0	0	0	0	0	0	0	0	0	0	0	0	0	0	0	0	0	0	0	0	0	0	0	0	0	0	0	0	0	0	0	0	0	18	91	56	72	77	63	59	70	162	41	108	142	61	142	76	46	89	55	44	20	72	129	122	68	114	83	58	92	30	62	29	69	120	45	111	143	90	73	63	142	97	78	64	56	49	142	164	87	109	146	40	93	43	78	121	64	64	75	132	67	103	78	39	69	68	46	93	84	44	20	78	158	79	69	63	124	33	158	49	48	107	96
0	0	0	0	0	0	0	0	0	0	0	0	0	0	0	0	0	0	0	0	0	0	0	0	0	0	0	0	0	0	0	0	0	0	0	0	0	0	0	0	0	0	0	0	0	0	0	61	131	111	105	77	135	95	106	66	93	18	121	140	37	8	8	72	144	104	75	94	65	82	49	128	58	76	48	106	141	115	50	63	73	41	133	109	143	84	74	79	82	108	71	107	109	123	142	168	76	53	123	129	60	113	86	128	79	116	101	28	101	142	3	42	63	68	55	69	116	19	15	131	111	163	68	157	105	114	55	119
0	0	0	0	0	0	0	0	0	0	0	0	0	0	0	0	0	0	0	0	0	0	0	0	0	0	0	0	0	0	0	0	0	0	0	0	0	0	0	0	0	0	0	0	0	0	0	0	84	160	59	65	98	19	61	60	21	90	94	65	133	123	59	50	81	136	20	140	150	75	158	83	20	99	119	86	109	144	52	127	44	111	144	111	32	55	71	27	42	90	55	15	149	38	42	123	133	18	68	138	112	117	76	142	91	56	132	77	48	69	77	111	72	133	107	129	81	113	44	143	122	25	92	39	65	35	117	166
0	0	0	0	0	0	0	0	0	0	0	0	0	0	0	0	0	0	0	0	0	0	0	0	0	0	0	0	0	0	0	0	0	0	0	0	0	0	0	0	0	0	0	0	0	0	0	0	0	89	154	153	103	136	103	138	161	74	82	26	62	81	145	52	136	140	98	93	90	77	78	142	46	112	58	91	107	80	34	139	107	60	101	77	15	87	83	119	41	69	52	162	98	162	87	77	128	68	92	41	80	64	98	7	27	27	21	96	161	158	93	99	95	80	76	85	112	39	97	117	83	68	45	87	36	63	115	82
0	0	0	0	0	0	0	0	0	0	0	0	0	0	0	0	0	0	0	0	0	0	0	0	0	0	0	0	0	0	0	0	0	0	0	0	0	0	0	0	0	0	0	0	0	0	0	0	0	0	87	85	80	126	84	143	73	57	109	25	54	121	48	133	116	123	89	82	47	134	51	76	124	60	143	63	47	38	136	48	43	142	129	58	20	51	130	100	104	126	119	99	149	145	121	54	49	63	22	86	63	115	177	86	98	98	105	106	117	32	85	157	65	142	31	51	166	24	54	109	25	90	110	31	93	84	133	40
0	0	0	0	0	0	0	0	0	0	0	0	0	0	0	0	0	0	0	0	0	0	0	0	0	0	0	0	0	0	0	0	0	0	0	0	0	0	0	0	0	0	0	0	0	0	0	0	0	0	0	133	126	153	152	83	70	27	123	90	150	31	71	90	32	134	134	109	131	94	120	112	67	23	120	53	131	90	141	143	65	73	91	100	86	115	63	121	15	24	135	131	79	83	154	164	70	65	83	96	34	74	104	45	80	119	110	23	65	94	153	134	46	141	141	85	82	52	123	116	52	42	102	39	59	142	80	44
0	0	0	0	0	0	0	0	0	0	0	0	0	0	0	0	0	0	0	0	0	0	0	0	0	0	0	0	0	0	0	0	0	0	0	0	0	0	0	0	0	0	0	0	0	0	0	0	0	0	0	0	63	27	142	80	81	114	113	99	55	58	67	49	152	143	99	68	139	64	78	90	139	118	52	62	33	159	50	55	46	57	157	55	129	36	54	55	138	65	79	140	121	26	96	93	106	43	142	45	144	69	53	73	42	81	100	105	158	83	53	64	67	93	98	78	65	85	86	90	140	145	174	121	132	72	67	142
0	0	0	0	0	0	0	0	0	0	0	0	0	0	0	0	0	0	0	0	0	0	0	0	0	0	0	0	0	0	0	0	0	0	0	0	0	0	0	0	0	0	0	0	0	0	0	0	0	0	0	0	0	102	39	131	57	65	121	134	80	28	109	64	86	105	114	78	107	105	135	154	9	22	138	110	32	46	168	68	96	149	126	132	144	56	124	67	75	60	99	62	119	98	58	99	140	19	133	119	27	156	46	46	135	48	11	99	76	43	136	51	30	21	43	113	134	90	68	107	100	94	45	53	61	43	92	102
0	0	0	0	0	0	0	0	0	0	0	0	0	0	0	0	0	0	0	0	0	0	0	0	0	0	0	0	0	0	0	0	0	0	0	0	0	0	0	0	0	0	0	0	0	0	0	0	0	0	0	0	0	0	119	121	167	42	150	74	114	82	150	97	25	93	38	160	66	101	158	79	60	73	70	107	102	82	56	95	145	117	96	116	106	56	43	56	43	69	32	82	83	134	127	128	139	80	105	134	81	137	41	85	138	114	44	153	61	128	54	163	117	113	100	50	84	81	119	92	111	114	56	86	130	77	134	65
0	0	0	0	0	0	0	0	0	0	0	0	0	0	0	0	0	0	0	0	0	0	0	0	0	0	0	0	0	0	0	0	0	0	0	0	0	0	0	0	0	0	0	0	0	0	0	0	0	0	0	0	0	0	0	60	159	103	106	103	79	139	139	90	149	66	64	50	78	160	17	113	102	95	118	101	120	98	108	82	106	42	74	125	127	96	64	106	98	59	109	76	145	71	115	79	45	60	141	113	105	122	110	53	109	128	152	138	104	57	77	92	130	77	136	110	143	94	134	166	92	116	152	67	119	78	31	60
0	0	0	0	0	0	0	0	0	0	0	0	0	0	0	0	0	0	0	0	0	0	0	0	0	0	0	0	0	0	0	0	0	0	0	0	0	0	0	0	0	0	0	0	0	0	0	0	0	0	0	0	0	0	0	0	112	104	87	141	134	85	112	78	160	50	89	158	88	56	89	120	124	66	36	103	78	88	120	55	59	106	60	104	127	107	114	144	75	65	111	167	85	38	123	72	137	59	104	133	33	51	29	31	134	156	109	148	121	82	147	104	110	115	29	142	119	30	32	77	47	142	146	165	31	80	85	145
0	0	0	0	0	0	0	0	0	0	0	0	0	0	0	0	0	0	0	0	0	0	0	0	0	0	0	0	0	0	0	0	0	0	0	0	0	0	0	0	0	0	0	0	0	0	0	0	0	0	0	0	0	0	0	0	0	148	124	118	67	65	143	73	153	148	79	117	127	36	114	22	139	37	99	104	74	23	165	94	23	86	63	50	130	107	59	81	158	91	109	29	162	72	54	97	127	118	53	156	178	98	145	121	56	8	81	127	122	110	74	159	69	107	160	163	30	82	101	77	175	157	121	107	68	35	53	138
0	0	0	0	0	0	0	0	0	0	0	0	0	0	0	0	0	0	0	0	0	0	0	0	0	0	0	0	0	0	0	0	0	0	0	0	0	0	0	0	0	0	0	0	0	0	0	0	0	0	0	0	0	0	0	0	0	0	137	61	81	139	127	71	47	124	153	41	81	49	159	87	47	32	119	104	111	127	101	111	110	126	44	73	125	132	72	112	142	88	151	65	77	105	147	70	86	141	93	83	84	99	94	58	108	100	45	112	84	44	118	75	43	66	123	65	65	119	153	15	95	167	61	132	100	68	87	69
0	0	0	0	0	0	0	0	0	0	0	0	0	0	0	0	0	0	0	0	0	0	0	0	0	0	0	0	0	0	0	0	0	0	0	0	0	0	0	0	0	0	0	0	0	0	0	0	0	0	0	0	0	0	0	0	0	0	0	68	82	72	111	108	41	110	139	124	100	38	25	153	69	26	107	49	71	77	108	87	154	147	109	111	124	83	130	116	165	75	88	176	46	82	138	87	85	119	156	91	130	35	82	86	67	119	93	97	99	88	125	144	81	56	35	96	49	81	87	62	112	93	75	106	116	122	34	42
0	0	0	0	0	0	0	0	0	0	0	0	0	0	0	0	0	0	0	0	0	0	0	0	0	0	0	0	0	0	0	0	0	0	0	0	0	0	0	0	0	0	0	0	0	0	0	0	0	0	0	0	0	0	0	0	0	0	0	0	17	72	48	165	132	95	109	157	42	120	123	147	112	115	82	132	25	97	127	27	46	57	92	129	29	122	135	77	147	131	27	95	131	103	99	59	74	48	181	80	46	122	179	59	158	136	114	98	119	182	40	127	156	22	63	81	63	90	146	101	46	82	111	128	125	85	78	139
0	0	0	0	0	0	0	0	0	0	0	0	0	0	0	0	0	0	0	0	0	0	0	0	0	0	0	0	0	0	0	0	0	0	0	0	0	0	0	0	0	0	0	0	0	0	0	0	0	0	0	0	0	0	0	0	0	0	0	0	0	53	120	149	136	99	51	124	123	80	115	62	65	93	49	50	160	56	63	79	120	116	27	171	119	122	50	118	61	54	88	88	127	100	92	74	73	52	133	106	60	140	80	131	91	182	128	43	177	119	29	62	90	153	55	127	104	49	117	121	67	77	124	26	46	168	34	9
0	0	0	0	0	0	0	0	0	0	0	0	0	0	0	0	0	0	0	0	0	0	0	0	0	0	0	0	0	0	0	0	0	0	0	0	0	0	0	0	0	0	0	0	0	0	0	0	0	0	0	0	0	0	0	0	0	0	0	0	0	0	17	71	81	135	142	113	110	124	69	119	121	72	61	23	78	132	25	117	84	117	105	98	107	165	87	72	109	87	72	77	95	30	115	114	81	83	73	112	146	127	172	67	33	70	50	112	132	24	63	63	130	76	115	117	149	165	28	53	11	119	136	78	44	170	96	162
0	0	0	0	0	0	0	0	0	0	0	0	0	0	0	0	0	0	0	0	0	0	0	0	0	0	0	0	0	0	0	0	0	0	0	0	0	0	0	0	0	0	0	0	0	0	0	0	0	0	0	0	0	0	0	0	0	0	0	0	0	0	0	104	145	161	114	68	81	176	135	44	139	95	37	90	26	122	109	73	168	95	70	74	68	128	168	178	36	106	175	119	160	64	125	27	144	76	94	109	65	107	139	118	146	109	136	104	84	135	5	126	103	32	64	127	135	92	168	107	84	191	106	38	137	90	139	108
0	0	0	0	0	0	0	0	0	0	0	0	0	0	0	0	0	0	0	0	0	0	0	0	0	0	0	0	0	0	0	0	0	0	0	0	0	0	0	0	0	0	0	0	0	0	0	0	0	0	0	0	0	0	0	0	0	0	0	0	0	0	0	0	74	106	101	178	74	44	86	92	100	76	119	84	154	115	146	36	164	81	93	154	147	49	100	143	76	123	144	58	58	155	58	115	73	65	54	92	37	91	104	104	94	67	26	36	122	33	133	77	88	73	59	95	61	105	39	191	66	116	148	126	100	145	86	151
0	0	0	0	0	0	0	0	0	0	0	0	0	0	0	0	0	0	0	0	0	0	0	0	0	0	0	0	0	0	0	0	0	0	0	0	0	0	0	0	0	0	0	0	0	0	0	0	0	0	0	0	0	0	0	0	0	0	0	0	0	0	0	0	0	47	70	32	27	86	45	133	98	43	133	11	94	22	88	83	29	39	60	106	44	117	165	79	49	26	30	137	99	92	162	184	144	23	90	134	140	38	88	108	64	74	55	101	21	92	122	79	81	30	71	106	23	138	37	119	105	64	131	66	106	84	113	180
0	0	0	0	0	0	0	0	0	0	0	0	0	0	0	0	0	0	0	0	0	0	0	0	0	0	0	0	0	0	0	0	0	0	0	0	0	0	0	0	0	0	0	0	0	0	0	0	0	0	0	0	0	0	0	0	0	0	0	0	0	0	0	0	0	0	172	73	2	49	111	184	57	61	117	100	128	96	103	99	62	97	90	49	35	178	104	144	130	126	118	69	136	115	118	72	66	167	151	120	81	41	85	80	57	64	80	141	126	39	156	142	109	49	92	37	27	94	99	51	17	135	18	119	89	93	96	33
0	0	0	0	0	0	0	0	0	0	0	0	0	0	0	0	0	0	0	0	0	0	0	0	0	0	0	0	0	0	0	0	0	0	0	0	0	0	0	0	0	0	0	0	0	0	0	0	0	0	0	0	0	0	0	0	0	0	0	0	0	0	0	0	0	0	0	99	168	39	99	66	40	66	86	117	40	111	115	131	73	157	166	128	74	81	161	70	166	104	120	141	125	166	60	111	28	74	48	149	52	70	121	67	72	89	97	29	77	106	167	133	121	160	133	85	177	175	68	73	96	67	95	130	101	119	35	122
0	0	0	0	0	0	0	0	0	0	0	0	0	0	0	0	0	0	0	0	0	0	0	0	0	0	0	0	0	0	0	0	0	0	0	0	0	0	0	0	0	0	0	0	0	0	0	0	0	0	0	0	0	0	0	0	0	0	0	0	0	0	0	0	0	0	0	0	62	163	135	130	73	139	128	111	150	94	51	102	52	79	96	57	18	134	135	104	135	125	54	62	81	23	47	164	109	56	174	47	171	114	84	55	134	56	24	55	137	33	129	79	75	163	155	95	118	48	76	129	78	106	11	109	56	78	108	70
0	0	0	0	0	0	0	0	0	0	0	0	0	0	0	0	0	0	0	0	0	0	0	0	0	0	0	0	0	0	0	0	0	0	0	0	0	0	0	0	0	0	0	0	0	0	0	0	0	0	0	0	0	0	0	0	0	0	0	0	0	0	0	0	0	0	0	0	0	128	188	84	187	109	136	85	84	24	58	156	71	113	178	40	71	101	153	62	157	77	64	50	107	131	173	67	157	106	64	75	18	31	45	60	140	137	83	166	84	97	33	152	96	120	106	120	193	103	154	78	133	77	50	86	5	49	56	96
0	0	0	0	0	0	0	0	0	0	0	0	0	0	0	0	0	0	0	0	0	0	0	0	0	0	0	0	0	0	0	0	0	0	0	0	0	0	0	0	0	0	0	0	0	0	0	0	0	0	0	0	0	0	0	0	0	0	0	0	0	0	0	0	0	0	0	0	0	0	97	51	148	40	95	159	127	46	86	90	28	69	88	115	76	95	74	122	111	119	124	184	96	82	57	42	50	130	195	91	31	22	150	147	101	119	132	92	28	33	169	80	55	156	75	25	191	86	69	83	118	92	128	69	140	154	15	131
0	0	0	0	0	0	0	0	0	0	0	0	0	0	0	0	0	0	0	0	0	0	0	0	0	0	0	0	0	0	0	0	0	0	0	0	0	0	0	0	0	0	0	0	0	0	0	0	0	0	0	0	0	0	0	0	0	0	0	0	0	0	0	0	0	0	0	0	0	0	0	66	96	165	126	94	124	81	113	107	97	101	64	73	54	110	116	145	122	139	23	143	49	145	42	93	90	143	94	31	164	29	176	101	71	61	67	80	119	128	122	123	58	91	140	27	37	139	72	45	103	59	127	157	96	47	164	140
0	0	0	0	0	0	0	0	0	0	0	0	0	0	0	0	0	0	0	0	0	0	0	0	0	0	0	0	0	0	0	0	0	0	0	0	0	0	0	0	0	0	0	0	0	0	0	0	0	0	0	0	0	0	0	0	0	0	0	0	0	0	0	0	0	0	0	0	0	0	0	0	95	105	84	66	115	149	131	184	93	125	68	195	109	107	142	140	71	123	65	109	137	126	114	159	154	62	122	154	130	125	132	141	108	131	89	110	67	60	80	80	40	86	129	103	54	157	118	126	116	125	89	129	144	39	94	156
0	0	0	0	0	0	0	0	0	0	0	0	0	0	0	0	0	0	0	0	0	0	0	0	0	0	0	0	0	0	0	0	0	0	0	0	0	0	0	0	0	0	0	0	0	0	0	0	0	0	0	0	0	0	0	0	0	0	0	0	0	0	0	0	0	0	0	0	0	0	0	0	0	167	141	48	91	92	76	53	82	152	77	161	67	134	69	121	92	170	91	118	159	130	117	18	82	113	77	103	146	122	125	57	161	64	104	90	143	99	68	28	53	120	161	145	133	23	148	73	100	149	147	141	48	181	119	152
0	0	0	0	0	0	0	0	0	0	0	0	0	0	0	0	0	0	0	0	0	0	0	0	0	0	0	0	0	0	0	0	0	0	0	0	0	0	0	0	0	0	0	0	0	0	0	0	0	0	0	0	0	0	0	0	0	0	0	0	0	0	0	0	0	0	0	0	0	0	0	0	0	0	74	132	112	117	33	100	142	142	50	76	118	162	122	116	109	34	57	152	140	94	125	34	126	39	132	136	137	98	47	72	52	149	94	92	83	51	57	79	99	106	82	100	144	126	132	50	82	42	79	159	83	80	22	143
0	0	0	0	0	0	0	0	0	0	0	0	0	0	0	0	0	0	0	0	0	0	0	0	0	0	0	0	0	0	0	0	0	0	0	0	0	0	0	0	0	0	0	0	0	0	0	0	0	0	0	0	0	0	0	0	0	0	0	0	0	0	0	0	0	0	0	0	0	0	0	0	0	0	0	45	108	99	146	103	57	128	146	80	107	51	120	63	34	100	163	61	162	66	89	113	140	33	61	116	118	94	99	142	99	88	144	107	92	90	72	155	64	126	180	159	46	158	3	154	131	38	79	126	93	59	79	76
0	0	0	0	0	0	0	0	0	0	0	0	0	0	0	0	0	0	0	0	0	0	0	0	0	0	0	0	0	0	0	0	0	0	0	0	0	0	0	0	0	0	0	0	0	0	0	0	0	0	0	0	0	0	0	0	0	0	0	0	0	0	0	0	0	0	0	0	0	0	0	0	0	0	0	0	132	79	125	145	76	121	87	103	115	82	69	164	145	99	129	163	113	55	56	147	98	154	117	91	94	81	112	68	144	90	122	191	136	133	174	118	67	70	87	141	157	108	134	127	48	112	180	144	76	52	97	116
0	0	0	0	0	0	0	0	0	0	0	0	0	0	0	0	0	0	0	0	0	0	0	0	0	0	0	0	0	0	0	0	0	0	0	0	0	0	0	0	0	0	0	0	0	0	0	0	0	0	0	0	0	0	0	0	0	0	0	0	0	0	0	0	0	0	0	0	0	0	0	0	0	0	0	0	0	28	139	93	110	80	97	46	71	116	122	62	186	83	86	71	174	170	87	126	119	91	115	151	80	86	107	58	148	146	76	168	71	166	174	160	79	116	112	112	85	33	68	59	80	161	98	145	139	114	131	80
0	0	0	0	0	0	0	0	0	0	0	0	0	0	0	0	0	0	0	0	0	0	0	0	0	0	0	0	0	0	0	0	0	0	0	0	0	0	0	0	0	0	0	0	0	0	0	0	0	0	0	0	0	0	0	0	0	0	0	0	0	0	0	0	0	0	0	0	0	0	0	0	0	0	0	0	0	0	108	91	123	21	84	89	97	47	103	144	103	114	166	149	131	136	112	144	25	113	31	24	124	82	157	70	122	65	68	83	140	50	122	150	134	33	115	197	67	125	91	129	89	75	83	104	112	64	58	130
0	0	0	0	0	0	0	0	0	0	0	0	0	0	0	0	0	0	0	0	0	0	0	0	0	0	0	0	0	0	0	0	0	0	0	0	0	0	0	0	0	0	0	0	0	0	0	0	0	0	0	0	0	0	0	0	0	0	0	0	0	0	0	0	0	0	0	0	0	0	0	0	0	0	0	0	0	0	0	151	58	41	149	98	123	95	83	14	116	191	85	122	51	132	47	168	62	82	136	136	74	178	151	108	133	90	31	49	107	111	115	149	173	120	131	71	180	101	47	62	83	11	107	128	177	146	49	117
0	0	0	0	0	0	0	0	0	0	0	0	0	0	0	0	0	0	0	0	0	0	0	0	0	0	0	0	0	0	0	0	0	0	0	0	0	0	0	0	0	0	0	0	0	0	0	0	0	0	0	0	0	0	0	0	0	0	0	0	0	0	0	0	0	0	0	0	0	0	0	0	0	0	0	0	0	0	0	0	79	202	34	101	131	82	49	61	27	80	150	45	73	64	67	91	123	121	128	104	173	66	134	169	65	93	76	110	79	71	185	41	80	56	142	171	156	49	143	39	126	114	144	142	169	24	90	119
0	0	0	0	0	0	0	0	0	0	0	0	0	0	0	0	0	0	0	0	0	0	0	0	0	0	0	0	0	0	0	0	0	0	0	0	0	0	0	0	0	0	0	0	0	0	0	0	0	0	0	0	0	0	0	0	0	0	0	0	0	0	0	0	0	0	0	0	0	0	0	0	0	0	0	0	0	0	0	0	0	84	104	82	88	146	122	52	108	173	111	179	90	134	43	153	100	148	40	37	97	133	59	125	50	127	83	87	164	113	45	81	102	82	95	99	85	107	127	61	164	188	108	140	115	168	81	91
0	0	0	0	0	0	0	0	0	0	0	0	0	0	0	0	0	0	0	0	0	0	0	0	0	0	0	0	0	0	0	0	0	0	0	0	0	0	0	0	0	0	0	0	0	0	0	0	0	0	0	0	0	0	0	0	0	0	0	0	0	0	0	0	0	0	0	0	0	0	0	0	0	0	0	0	0	0	0	0	0	0	147	157	59	59	163	22	46	142	86	16	94	122	107	155	102	24	29	82	165	27	135	171	133	137	91	81	113	33	87	138	101	8	103	141	177	46	186	157	131	79	91	105	136	80	150	139
0	0	0	0	0	0	0	0	0	0	0	0	0	0	0	0	0	0	0	0	0	0	0	0	0	0	0	0	0	0	0	0	0	0	0	0	0	0	0	0	0	0	0	0	0	0	0	0	0	0	0	0	0	0	0	0	0	0	0	0	0	0	0	0	0	0	0	0	0	0	0	0	0	0	0	0	0	0	0	0	0	0	0	54	84	34	153	95	128	67	86	80	65	89	93	73	51	201	166	152	109	35	145	95	162	141	85	80	139	121	154	199	128	159	101	119	105	112	61	31	60	138	153	13	169	63	149	97
0	0	0	0	0	0	0	0	0	0	0	0	0	0	0	0	0	0	0	0	0	0	0	0	0	0	0	0	0	0	0	0	0	0	0	0	0	0	0	0	0	0	0	0	0	0	0	0	0	0	0	0	0	0	0	0	0	0	0	0	0	0	0	0	0	0	0	0	0	0	0	0	0	0	0	0	0	0	0	0	0	0	0	0	78	149	170	80	160	166	75	101	119	112	158	96	68	51	30	105	82	47	105	84	89	91	101	143	140	121	128	128	61	194	100	135	52	37	120	104	129	95	152	85	139	120	154	86
0	0	0	0	0	0	0	0	0	0	0	0	0	0	0	0	0	0	0	0	0	0	0	0	0	0	0	0	0	0	0	0	0	0	0	0	0	0	0	0	0	0	0	0	0	0	0	0	0	0	0	0	0	0	0	0	0	0	0	0	0	0	0	0	0	0	0	0	0	0	0	0	0	0	0	0	0	0	0	0	0	0	0	0	0	146	100	60	105	119	80	119	111	165	177	136	196	112	118	107	76	69	179	51	52	126	174	122	149	140	84	37	125	147	81	71	102	117	103	33	81	145	44	32	52	91	134	103
0	0	0	0	0	0	0	0	0	0	0	0	0	0	0	0	0	0	0	0	0	0	0	0	0	0	0	0	0	0	0	0	0	0	0	0	0	0	0	0	0	0	0	0	0	0	0	0	0	0	0	0	0	0	0	0	0	0	0	0	0	0	0	0	0	0	0	0	0	0	0	0	0	0	0	0	0	0	0	0	0	0	0	0	0	0	75	33	133	116	118	142	40	141	71	85	80	67	129	62	169	82	126	116	154	82	125	199	88	41	102	126	94	131	68	83	128	112	136	16	97	145	28	67	167	123	165	173
0	0	0	0	0	0	0	0	0	0	0	0	0	0	0	0	0	0	0	0	0	0	0	0	0	0	0	0	0	0	0	0	0	0	0	0	0	0	0	0	0	0	0	0	0	0	0	0	0	0	0	0	0	0	0	0	0	0	0	0	0	0	0	0	0	0	0	0	0	0	0	0	0	0	0	0	0	0	0	0	0	0	0	0	0	0	0	114	77	96	102	134	129	173	94	45	98	78	57	67	86	106	120	135	75	106	94	31	128	110	149	51	25	69	95	101	129	159	142	152	79	129	47	76	93	116	70	201
0	0	0	0	0	0	0	0	0	0	0	0	0	0	0	0	0	0	0	0	0	0	0	0	0	0	0	0	0	0	0	0	0	0	0	0	0	0	0	0	0	0	0	0	0	0	0	0	0	0	0	0	0	0	0	0	0	0	0	0	0	0	0	0	0	0	0	0	0	0	0	0	0	0	0	0	0	0	0	0	0	0	0	0	0	0	0	0	66	175	122	35	204	47	148	54	196	127	86	76	82	83	145	112	170	116	147	32	109	133	71	48	120	140	50	78	163	52	102	85	122	117	102	112	135	100	95	134
0	0	0	0	0	0	0	0	0	0	0	0	0	0	0	0	0	0	0	0	0	0	0	0	0	0	0	0	0	0	0	0	0	0	0	0	0	0	0	0	0	0	0	0	0	0	0	0	0	0	0	0	0	0	0	0	0	0	0	0	0	0	0	0	0	0	0	0	0	0	0	0	0	0	0	0	0	0	0	0	0	0	0	0	0	0	0	0	0	138	132	134	120	121	70	98	118	154	114	148	88	178	59	182	104	126	51	164	186	92	108	150	79	63	121	188	120	117	132	133	124	137	161	78	119	84	39	51
0	0	0	0	0	0	0	0	0	0	0	0	0	0	0	0	0	0	0	0	0	0	0	0	0	0	0	0	0	0	0	0	0	0	0	0	0	0	0	0	0	0	0	0	0	0	0	0	0	0	0	0	0	0	0	0	0	0	0	0	0	0	0	0	0	0	0	0	0	0	0	0	0	0	0	0	0	0	0	0	0	0	0	0	0	0	0	0	0	0	115	191	32	84	75	136	152	123	90	121	141	126	135	207	126	89	104	102	76	66	158	151	120	47	76	40	87	51	11	138	94	147	144	86	94	49	109	92
0	0	0	0	0	0	0	0	0	0	0	0	0	0	0	0	0	0	0	0	0	0	0	0	0	0	0	0	0	0	0	0	0	0	0	0	0	0	0	0	0	0	0	0	0	0	0	0	0	0	0	0	0	0	0	0	0	0	0	0	0	0	0	0	0	0	0	0	0	0	0	0	0	0	0	0	0	0	0	0	0	0	0	0	0	0	0	0	0	0	0	59	126	142	115	157	97	76	101	74	96	137	142	102	95	42	140	156	61	104	116	111	53	140	60	146	109	24	128	210	139	124	119	179	204	152	47	153
0	0	0	0	0	0	0	0	0	0	0	0	0	0	0	0	0	0	0	0	0	0	0	0	0	0	0	0	0	0	0	0	0	0	0	0	0	0	0	0	0	0	0	0	0	0	0	0	0	0	0	0	0	0	0	0	0	0	0	0	0	0	0	0	0	0	0	0	0	0	0	0	0	0	0	0	0	0	0	0	0	0	0	0	0	0	0	0	0	0	0	0	97	145	187	114	113	106	125	64	74	109	63	189	63	87	38	98	186	104	88	109	155	59	114	100	44	134	56	130	81	108	94	139	110	79	82	90
0	0	0	0	0	0	0	0	0	0	0	0	0	0	0	0	0	0	0	0	0	0	0	0	0	0	0	0	0	0	0	0	0	0	0	0	0	0	0	0	0	0	0	0	0	0	0	0	0	0	0	0	0	0	0	0	0	0	0	0	0	0	0	0	0	0	0	0	0	0	0	0	0	0	0	0	0	0	0	0	0	0	0	0	0	0	0	0	0	0	0	0	0	77	93	157	116	136	126	147	167	34	29	62	104	63	175	143	148	196	115	174	152	148	107	16	153	96	22	118	151	49	60	43	165	79	155	82
0	0	0	0	0	0	0	0	0	0	0	0	0	0	0	0	0	0	0	0	0	0	0	0	0	0	0	0	0	0	0	0	0	0	0	0	0	0	0	0	0	0	0	0	0	0	0	0	0	0	0	0	0	0	0	0	0	0	0	0	0	0	0	0	0	0	0	0	0	0	0	0	0	0	0	0	0	0	0	0	0	0	0	0	0	0	0	0	0	0	0	0	0	0	144	184	204	115	44	159	51	182	206	109	62	27	74	155	18	127	107	91	116	86	102	115	194	96	109	58	189	134	156	177	63	83	159	49
0	0	0	0	0	0	0	0	0	0	0	0	0	0	0	0	0	0	0	0	0	0	0	0	0	0	0	0	0	0	0	0	0	0	0	0	0	0	0	0	0	0	0	0	0	0	0	0	0	0	0	0	0	0	0	0	0	0	0	0	0	0	0	0	0	0	0	0	0	0	0	0	0	0	0	0	0	0	0	0	0	0	0	0	0	0	0	0	0	0	0	0	0	0	0	184	119	55	87	98	76	83	148	199	167	77	144	128	61	170	141	27	127	102	98	117	63	135	36	176	86	152	142	98	99	125	165	81
0	0	0	0	0	0	0	0	0	0	0	0	0	0	0	0	0	0	0	0	0	0	0	0	0	0	0	0	0	0	0	0	0	0	0	0	0	0	0	0	0	0	0	0	0	0	0	0	0	0	0	0	0	0	0	0	0	0	0	0	0	0	0	0	0	0	0	0	0	0	0	0	0	0	0	0	0	0	0	0	0	0	0	0	0	0	0	0	0	0	0	0	0	0	0	0	81	50	106	143	122	46	92	143	141	126	201	53	99	77	24	155	50	103	188	110	23	145	116	137	93	67	71	84	179	142	90	121
0	0	0	0	0	0	0	0	0	0	0	0	0	0	0	0	0	0	0	0	0	0	0	0	0	0	0	0	0	0	0	0	0	0	0	0	0	0	0	0	0	0	0	0	0	0	0	0	0	0	0	0	0	0	0	0	0	0	0	0	0	0	0	0	0	0	0	0	0	0	0	0	0	0	0	0	0	0	0	0	0	0	0	0	0	0	0	0	0	0	0	0	0	0	0	0	0	122	147	41	146	49	31	70	87	136	192	168	107	140	106	77	41	108	123	165	74	162	52	94	93	188	198	212	50	97	104	95
0	0	0	0	0	0	0	0	0	0	0	0	0	0	0	0	0	0	0	0	0	0	0	0	0	0	0	0	0	0	0	0	0	0	0	0	0	0	0	0	0	0	0	0	0	0	0	0	0	0	0	0	0	0	0	0	0	0	0	0	0	0	0	0	0	0	0	0	0	0	0	0	0	0	0	0	0	0	0	0	0	0	0	0	0	0	0	0	0	0	0	0	0	0	0	0	0	0	42	59	158	176	97	102	76	107	58	201	125	156	153	56	109	125	113	90	80	92	61	209	85	86	79	133	191	101	94	152
0	0	0	0	0	0	0	0	0	0	0	0	0	0	0	0	0	0	0	0	0	0	0	0	0	0	0	0	0	0	0	0	0	0	0	0	0	0	0	0	0	0	0	0	0	0	0	0	0	0	0	0	0	0	0	0	0	0	0	0	0	0	0	0	0	0	0	0	0	0	0	0	0	0	0	0	0	0	0	0	0	0	0	0	0	0	0	0	0	0	0	0	0	0	0	0	0	0	0	125	109	66	148	102	104	120	111	158	178	30	76	38	66	164	66	169	186	146	12	64	91	179	99	101	122	85	86	202
0	0	0	0	0	0	0	0	0	0	0	0	0	0	0	0	0	0	0	0	0	0	0	0	0	0	0	0	0	0	0	0	0	0	0	0	0	0	0	0	0	0	0	0	0	0	0	0	0	0	0	0	0	0	0	0	0	0	0	0	0	0	0	0	0	0	0	0	0	0	0	0	0	0	0	0	0	0	0	0	0	0	0	0	0	0	0	0	0	0	0	0	0	0	0	0	0	0	0	0	139	148	88	115	122	64	161	130	180	51	135	107	186	65	109	100	137	35	144	100	177	126	130	17	64	38	172	145
0	0	0	0	0	0	0	0	0	0	0	0	0	0	0	0	0	0	0	0	0	0	0	0	0	0	0	0	0	0	0	0	0	0	0	0	0	0	0	0	0	0	0	0	0	0	0	0	0	0	0	0	0	0	0	0	0	0	0	0	0	0	0	0	0	0	0	0	0	0	0	0	0	0	0	0	0	0	0	0	0	0	0	0	0	0	0	0	0	0	0	0	0	0	0	0	0	0	0	0	0	163	70	74	117	58	132	168	141	56	107	148	107	138	141	163	123	139	148	152	213	78	156	10	118	95	114	124
0	0	0	0	0	0	0	0	0	0	0	0	0	0	0	0	0	0	0	0	0	0	0	0	0	0	0	0	0	0	0	0	0	0	0	0	0	0	0	0	0	0	0	0	0	0	0	0	0	0	0	0	0	0	0	0	0	0	0	0	0	0	0	0	0	0	0	0	0	0	0	0	0	0	0	0	0	0	0	0	0	0	0	0	0	0	0	0	0	0	0	0	0	0	0	0	0	0	0	0	0	0	118	136	181	95	194	162	80	173	150	196	100	82	94	58	151	87	36	80	151	142	201	97	180	145	46	187
0	0	0	0	0	0	0	0	0	0	0	0	0	0	0	0	0	0	0	0	0	0	0	0	0	0	0	0	0	0	0	0	0	0	0	0	0	0	0	0	0	0	0	0	0	0	0	0	0	0	0	0	0	0	0	0	0	0	0	0	0	0	0	0	0	0	0	0	0	0	0	0	0	0	0	0	0	0	0	0	0	0	0	0	0	0	0	0	0	0	0	0	0	0	0	0	0	0	0	0	0	0	0	65	85	96	34	165	95	76	184	199	181	156	44	155	61	78	111	150	49	78	143	87	69	44	120	108
0	0	0	0	0	0	0	0	0	0	0	0	0	0	0	0	0	0	0	0	0	0	0	0	0	0	0	0	0	0	0	0	0	0	0	0	0	0	0	0	0	0	0	0	0	0	0	0	0	0	0	0	0	0	0	0	0	0	0	0	0	0	0	0	0	0	0	0	0	0	0	0	0	0	0	0	0	0	0	0	0	0	0	0	0	0	0	0	0	0	0	0	0	0	0	0	0	0	0	0	0	0	0	0	148	142	135	87	26	114	167	114	35	82	83	147	120	166	42	19	186	57	161	128	109	111	125	121
0	0	0	0	0	0	0	0	0	0	0	0	0	0	0	0	0	0	0	0	0	0	0	0	0	0	0	0	0	0	0	0	0	0	0	0	0	0	0	0	0	0	0	0	0	0	0	0	0	0	0	0	0	0	0	0	0	0	0	0	0	0	0	0	0	0	0	0	0	0	0	0	0	0	0	0	0	0	0	0	0	0	0	0	0	0	0	0	0	0	0	0	0	0	0	0	0	0	0	0	0	0	0	0	0	168	123	113	140	48	85	101	96	102	135	158	136	180	69	54	109	81	36	60	14	85	101	109
0	0	0	0	0	0	0	0	0	0	0	0	0	0	0	0	0	0	0	0	0	0	0	0	0	0	0	0	0	0	0	0	0	0	0	0	0	0	0	0	0	0	0	0	0	0	0	0	0	0	0	0	0	0	0	0	0	0	0	0	0	0	0	0	0	0	0	0	0	0	0	0	0	0	0	0	0	0	0	0	0	0	0	0	0	0	0	0	0	0	0	0	0	0	0	0	0	0	0	0	0	0	0	0	0	0	135	103	15	38	207	168	70	147	105	103	82	137	189	113	164	119	186	174	106	101	122	164
0	0	0	0	0	0	0	0	0	0	0	0	0	0	0	0	0	0	0	0	0	0	0	0	0	0	0	0	0	0	0	0	0	0	0	0	0	0	0	0	0	0	0	0	0	0	0	0	0	0	0	0	0	0	0	0	0	0	0	0	0	0	0	0	0	0	0	0	0	0	0	0	0	0	0	0	0	0	0	0	0	0	0	0	0	0	0	0	0	0	0	0	0	0	0	0	0	0	0	0	0	0	0	0	0	0	0	81	86	43	177	97	107	95	141	61	102	155	153	24	133	85	128	192	154	107	86	181
0	0	0	0	0	0	0	0	0	0	0	0	0	0	0	0	0	0	0	0	0	0	0	0	0	0	0	0	0	0	0	0	0	0	0	0	0	0	0	0	0	0	0	0	0	0	0	0	0	0	0	0	0	0	0	0	0	0	0	0	0	0	0	0	0	0	0	0	0	0	0	0	0	0	0	0	0	0	0	0	0	0	0	0	0	0	0	0	0	0	0	0	0	0	0	0	0	0	0	0	0	0	0	0	0	0	0	0	116	96	80	83	144	55	163	169	78	67	191	146	188	19	95	42	132	200	147	38
0	0	0	0	0	0	0	0	0	0	0	0	0	0	0	0	0	0	0	0	0	0	0	0	0	0	0	0	0	0	0	0	0	0	0	0	0	0	0	0	0	0	0	0	0	0	0	0	0	0	0	0	0	0	0	0	0	0	0	0	0	0	0	0	0	0	0	0	0	0	0	0	0	0	0	0	0	0	0	0	0	0	0	0	0	0	0	0	0	0	0	0	0	0	0	0	0	0	0	0	0	0	0	0	0	0	0	0	0	66	127	193	175	168	118	173	93	190	112	103	53	190	210	94	85	157	159	151
0	0	0	0	0	0	0	0	0	0	0	0	0	0	0	0	0	0	0	0	0	0	0	0	0	0	0	0	0	0	0	0	0	0	0	0	0	0	0	0	0	0	0	0	0	0	0	0	0	0	0	0	0	0	0	0	0	0	0	0	0	0	0	0	0	0	0	0	0	0	0	0	0	0	0	0	0	0	0	0	0	0	0	0	0	0	0	0	0	0	0	0	0	0	0	0	0	0	0	0	0	0	0	0	0	0	0	0	0	0	93	119	166	131	140	117	79	146	171	74	168	139	31	135	58	185	127	149
0	0	0	0	0	0	0	0	0	0	0	0	0	0	0	0	0	0	0	0	0	0	0	0	0	0	0	0	0	0	0	0	0	0	0	0	0	0	0	0	0	0	0	0	0	0	0	0	0	0	0	0	0	0	0	0	0	0	0	0	0	0	0	0	0	0	0	0	0	0	0	0	0	0	0	0	0	0	0	0	0	0	0	0	0	0	0	0	0	0	0	0	0	0	0	0	0	0	0	0	0	0	0	0	0	0	0	0	0	0	0	195	151	100	184	175	182	152	215	165	140	155	109	191	140	124	172	150
0	0	0	0	0	0	0	0	0	0	0	0	0	0	0	0	0	0	0	0	0	0	0	0	0	0	0	0	0	0	0	0	0	0	0	0	0	0	0	0	0	0	0	0	0	0	0	0	0	0	0	0	0	0	0	0	0	0	0	0	0	0	0	0	0	0	0	0	0	0	0	0	0	0	0	0	0	0	0	0	0	0	0	0	0	0	0	0	0	0	0	0	0	0	0	0	0	0	0	0	0	0	0	0	0	0	0	0	0	0	0	0	144	124	128	157	149	37	63	134	122	97	47	198	214	94	59	132
0	0	0	0	0	0	0	0	0	0	0	0	0	0	0	0	0	0	0	0	0	0	0	0	0	0	0	0	0	0	0	0	0	0	0	0	0	0	0	0	0	0	0	0	0	0	0	0	0	0	0	0	0	0	0	0	0	0	0	0	0	0	0	0	0	0	0	0	0	0	0	0	0	0	0	0	0	0	0	0	0	0	0	0	0	0	0	0	0	0	0	0	0	0	0	0	0	0	0	0	0	0	0	0	0	0	0	0	0	0	0	0	0	124	123	212	164	75	123	183	146	142	210	129	124	97	176	158
0	0	0	0	0	0	0	0	0	0	0	0	0	0	0	0	0	0	0	0	0	0	0	0	0	0	0	0	0	0	0	0	0	0	0	0	0	0	0	0	0	0	0	0	0	0	0	0	0	0	0	0	0	0	0	0	0	0	0	0	0	0	0	0	0	0	0	0	0	0	0	0	0	0	0	0	0	0	0	0	0	0	0	0	0	0	0	0	0	0	0	0	0	0	0	0	0	0	0	0	0	0	0	0	0	0	0	0	0	0	0	0	0	0	134	36	123	34	95	73	81	142	42	32	63	50	42	184
0	0	0	0	0	0	0	0	0	0	0	0	0	0	0	0	0	0	0	0	0	0	0	0	0	0	0	0	0	0	0	0	0	0	0	0	0	0	0	0	0	0	0	0	0	0	0	0	0	0	0	0	0	0	0	0	0	0	0	0	0	0	0	0	0	0	0	0	0	0	0	0	0	0	0	0	0	0	0	0	0	0	0	0	0	0	0	0	0	0	0	0	0	0	0	0	0	0	0	0	0	0	0	0	0	0	0	0	0	0	0	0	0	0	0	69	111	180	141	150	87	144	106	121	145	55	215	142
0	0	0	0	0	0	0	0	0	0	0	0	0	0	0	0	0	0	0	0	0	0	0	0	0	0	0	0	0	0	0	0	0	0	0	0	0	0	0	0	0	0	0	0	0	0	0	0	0	0	0	0	0	0	0	0	0	0	0	0	0	0	0	0	0	0	0	0	0	0	0	0	0	0	0	0	0	0	0	0	0	0	0	0	0	0	0	0	0	0	0	0	0	0	0	0	0	0	0	0	0	0	0	0	0	0	0	0	0	0	0	0	0	0	0	0	125	48	122	197	124	178	121	138	101	97	195	184
0	0	0	0	0	0	0	0	0	0	0	0	0	0	0	0	0	0	0	0	0	0	0	0	0	0	0	0	0	0	0	0	0	0	0	0	0	0	0	0	0	0	0	0	0	0	0	0	0	0	0	0	0	0	0	0	0	0	0	0	0	0	0	0	0	0	0	0	0	0	0	0	0	0	0	0	0	0	0	0	0	0	0	0	0	0	0	0	0	0	0	0	0	0	0	0	0	0	0	0	0	0	0	0	0	0	0	0	0	0	0	0	0	0	0	0	0	22	196	130	134	175	30	96	169	100	99	92
0	0	0	0	0	0	0	0	0	0	0	0	0	0	0	0	0	0	0	0	0	0	0	0	0	0	0	0	0	0	0	0	0	0	0	0	0	0	0	0	0	0	0	0	0	0	0	0	0	0	0	0	0	0	0	0	0	0	0	0	0	0	0	0	0	0	0	0	0	0	0	0	0	0	0	0	0	0	0	0	0	0	0	0	0	0	0	0	0	0	0	0	0	0	0	0	0	0	0	0	0	0	0	0	0	0	0	0	0	0	0	0	0	0	0	0	0	0	112	167	88	96	130	105	127	195	100	149
0	0	0	0	0	0	0	0	0	0	0	0	0	0	0	0	0	0	0	0	0	0	0	0	0	0	0	0	0	0	0	0	0	0	0	0	0	0	0	0	0	0	0	0	0	0	0	0	0	0	0	0	0	0	0	0	0	0	0	0	0	0	0	0	0	0	0	0	0	0	0	0	0	0	0	0	0	0	0	0	0	0	0	0	0	0	0	0	0	0	0	0	0	0	0	0	0	0	0	0	0	0	0	0	0	0	0	0	0	0	0	0	0	0	0	0	0	0	0	168	71	137	157	194	201	93	187	121
0	0	0	0	0	0	0	0	0	0	0	0	0	0	0	0	0	0	0	0	0	0	0	0	0	0	0	0	0	0	0	0	0	0	0	0	0	0	0	0	0	0	0	0	0	0	0	0	0	0	0	0	0	0	0	0	0	0	0	0	0	0	0	0	0	0	0	0	0	0	0	0	0	0	0	0	0	0	0	0	0	0	0	0	0	0	0	0	0	0	0	0	0	0	0	0	0	0	0	0	0	0	0	0	0	0	0	0	0	0	0	0	0	0	0	0	0	0	0	0	104	27	173	202	228	92	161	173
0	0	0	0	0	0	0	0	0	0	0	0	0	0	0	0	0	0	0	0	0	0	0	0	0	0	0	0	0	0	0	0	0	0	0	0	0	0	0	0	0	0	0	0	0	0	0	0	0	0	0	0	0	0	0	0	0	0	0	0	0	0	0	0	0	0	0	0	0	0	0	0	0	0	0	0	0	0	0	0	0	0	0	0	0	0	0	0	0	0	0	0	0	0	0	0	0	0	0	0	0	0	0	0	0	0	0	0	0	0	0	0	0	0	0	0	0	0	0	0	0	154	154	210	78	127	151	93
0	0	0	0	0	0	0	0	0	0	0	0	0	0	0	0	0	0	0	0	0	0	0	0	0	0	0	0	0	0	0	0	0	0	0	0	0	0	0	0	0	0	0	0	0	0	0	0	0	0	0	0	0	0	0	0	0	0	0	0	0	0	0	0	0	0	0	0	0	0	0	0	0	0	0	0	0	0	0	0	0	0	0	0	0	0	0	0	0	0	0	0	0	0	0	0	0	0	0	0	0	0	0	0	0	0	0	0	0	0	0	0	0	0	0	0	0	0	0	0	0	0	174	161	216	109	21	207
0	0	0	0	0	0	0	0	0	0	0	0	0	0	0	0	0	0	0	0	0	0	0	0	0	0	0	0	0	0	0	0	0	0	0	0	0	0	0	0	0	0	0	0	0	0	0	0	0	0	0	0	0	0	0	0	0	0	0	0	0	0	0	0	0	0	0	0	0	0	0	0	0	0	0	0	0	0	0	0	0	0	0	0	0	0	0	0	0	0	0	0	0	0	0	0	0	0	0	0	0	0	0	0	0	0	0	0	0	0	0	0	0	0	0	0	0	0	0	0	0	0	0	124	156	195	139	171
0	0	0	0	0	0	0	0	0	0	0	0	0	0	0	0	0	0	0	0	0	0	0	0	0	0	0	0	0	0	0	0	0	0	0	0	0	0	0	0	0	0	0	0	0	0	0	0	0	0	0	0	0	0	0	0	0	0	0	0	0	0	0	0	0	0	0	0	0	0	0	0	0	0	0	0	0	0	0	0	0	0	0	0	0	0	0	0	0	0	0	0	0	0	0	0	0	0	0	0	0	0	0	0	0	0	0	0	0	0	0	0	0	0	0	0	0	0	0	0	0	0	0	0	198	208	181	30
0	0	0	0	0	0	0	0	0	0	0	0	0	0	0	0	0	0	0	0	0	0	0	0	0	0	0	0	0	0	0	0	0	0	0	0	0	0	0	0	0	0	0	0	0	0	0	0	0	0	0	0	0	0	0	0	0	0	0	0	0	0	0	0	0	0	0	0	0	0	0	0	0	0	0	0	0	0	0	0	0	0	0	0	0	0	0	0	0	0	0	0	0	0	0	0	0	0	0	0	0	0	0	0	0	0	0	0	0	0	0	0	0	0	0	0	0	0	0	0	0	0	0	0	0	45	137	131
0	0	0	0	0	0	0	0	0	0	0	0	0	0	0	0	0	0	0	0	0	0	0	0	0	0	0	0	0	0	0	0	0	0	0	0	0	0	0	0	0	0	0	0	0	0	0	0	0	0	0	0	0	0	0	0	0	0	0	0	0	0	0	0	0	0	0	0	0	0	0	0	0	0	0	0	0	0	0	0	0	0	0	0	0	0	0	0	0	0	0	0	0	0	0	0	0	0	0	0	0	0	0	0	0	0	0	0	0	0	0	0	0	0	0	0	0	0	0	0	0	0	0	0	0	0	123	105
0	0	0	0	0	0	0	0	0	0	0	0	0	0	0	0	0	0	0	0	0	0	0	0	0	0	0	0	0	0	0	0	0	0	0	0	0	0	0	0	0	0	0	0	0	0	0	0	0	0	0	0	0	0	0	0	0	0	0	0	0	0	0	0	0	0	0	0	0	0	0	0	0	0	0	0	0	0	0	0	0	0	0	0	0	0	0	0	0	0	0	0	0	0	0	0	0	0	0	0	0	0	0	0	0	0	0	0	0	0	0	0	0	0	0	0	0	0	0	0	0	0	0	0	0	0	0	67
0	0	0	0	0	0	0	0	0	0	0	0	0	0	0	0	0	0	0	0	0	0	0	0	0	0	0	0	0	0	0	0	0	0	0	0	0	0	0	0	0	0	0	0	0	0	0	0	0	0	0	0	0	0	0	0	0	0	0	0	0	0	0	0	0	0	0	0	0	0	0	0	0	0	0	0	0	0	0	0	0	0	0	0	0	0	0	0	0	0	0	0	0	0	0	0	0	0	0	0	0	0	0	0	0	0	0	0	0	0	0	0	0	0	0	0	0	0	0	0	0	0	0	0	0	0	0	0