0	98	119	76	100	42	61	55	87	49	80	122	55	129	86	68	2	76	21	90	88	121	10	126	118	102	14	106	37	16	92	57	125	129	93	81	2	57	129	59	55	45	124	24	64	3	22	22	8	84	9	110	3	4	115	47	53	96	36	31	4	81	101	38	30	18	98	16	8	126	81	111	123	91	82	51	15	22	19	103	80	27	120	84	5	24	58	63	126	96	14	106	112	109	115	26	32	107	87	57	15	29	129	84	9	62	11	116	29	60	83	49	8	73	52	22	32	36	58	44	59	75	98	62	53	103	42	116
0	0	102	113	21	120	110	47	28	92	57	29	59	21	53	108	26	100	127	22	26	85	85	126	43	77	121	84	94	15	8	33	96	90	130	8	114	20	76	67	58	123	63	92	73	29	61	93	3	54	70	16	23	84	43	5	122	22	123	107	45	56	118	24	48	20	99	67	60	98	112	55	32	29	93	63	97	56	128	34	74	15	105	117	34	16	121	57	28	45	43	109	72	88	47	123	116	97	4	55	68	118	47	12	40	117	99	71	4	107	27	30	11	61	35	39	13	64	54	84	104	129	111	107	63	98	86	23
0	0	0	123	70	74	6	48	80	12	78	28	81	110	6	24	99	24	11	86	95	20	56	68	90	9	68	111	120	39	8	92	74	92	90	55	61	17	41	118	53	64	126	78	53	67	8	21	115	25	103	32	98	101	81	94	62	68	9	15	56	118	39	95	44	36	102	26	83	25	59	28	16	92	39	101	95	14	46	82	7	127	65	89	128	127	104	126	93	22	113	31	111	104	54	101	109	107	90	30	8	13	16	29	20	34	20	7	14	57	91	54	36	52	36	23	33	70	99	52	56	58	9	5	99	114	71	81
0	0	0	0	34	16	53	58	32	43	127	10	109	129	91	61	13	35	81	23	36	84	53	66	10	24	3	50	101	3	117	94	114	29	118	74	49	13	123	72	114	106	118	13	48	23	28	27	32	69	89	112	26	12	80	94	22	71	52	74	119	88	14	112	106	130	122	124	68	12	52	130	96	60	26	23	86	47	3	2	16	29	28	37	24	12	87	58	92	53	9	26	82	113	118	109	86	104	25	26	93	37	89	59	98	14	27	39	20	81	112	35	98	18	10	46	75	105	49	78	108	100	83	119	55	48	126	22
0	0	0	0	0	44	87	88	92	115	59	60	111	31	76	30	46	29	19	74	16	51	101	70	56	88	32	15	68	70	74	65	101	6	52	74	127	58	130	10	102	105	96	7	21	68	91	61	66	36	41	5	88	28	46	24	40	120	92	48	122	41	62	38	72	84	103	71	91	123	103	106	118	61	102	115	119	124	66	121	58	103	38	130	109	118	89	13	48	19	42	76	44	80	6	76	25	43	112	131	21	38	16	21	14	83	8	59	46	79	71	85	87	95	98	21	122	73	118	130	106	30	26	22	35	50	95	26
0	0	0	0	0	0	42	37	38	29	81	7	11	74	46	36	64	56	93	89	7	52	16	63	82	31	74	85	111	67	112	50	18	57	85	47	35	83	40	71	50	7	119	48	112	101	53	113	130	54	121	34	60	37	65	127	45	88	36	114	57	117	60	132	68	8	84	36	99	128	94	119	28	108	64	5	125	40	78	87	125	94	128	28	44	107	65	81	130	27	8	115	28	88	23	84	72	109	24	39	64	57	64	97	92	117	76	7	122	55	98	103	27	54	33	107	77	121	52	68	52	55	60	126	18	83	111	56
0	0	0	0	0	0	0	29	40	100	106	123	113	39	19	130	59	86	17	109	72	64	109	62	21	89	9	66	44	132	73	59	79	21	32	132	45	128	66	58	55	52	76	36	30	79	74	89	44	8	112	111	30	70	67	111	60	51	90	79	85	47	86	65	84	81	25	92	82	41	30	33	38	111	63	69	80	13	126	117	69	14	71	48	100	80	45	83	67	34	98	34	119	118	4	83	87	32	46	77	89	61	58	11	96	102	7	11	56	53	97	95	52	70	71	81	53	100	23	25	96	135	19	27	107	116	34	125
0	0	0	0	0	0	0	0	109	91	122	47	17	35	89	124	77	107	96	29	59	77	41	35	107	30	97	30	48	31	6	104	60	108	96	38	7	72	85	116	10	79	24	92	125	38	74	46	39	67	26	84	40	124	134	119	55	93	111	24	12	19	31	109	32	61	60	100	23	104	130	128	13	45	83	32	103	127	104	54	32	84	112	15	91	63	106	86	121	97	95	7	115	90	24	70	34	23	25	17	122	47	44	59	57	52	109	13	45	130	22	21	5	127	78	28	109	118	92	66	40	29	16	116	73	24	75	32
0	0	0	0	0	0	0	0	0	135	87	41	60	132	137	114	94	42	114	96	123	111	106	18	76	80	116	113	134	121	124	135	55	48	134	105	95	34	65	15	99	26	26	93	125	9	93	105	130	122	110	59	121	68	73	64	6	59	76	11	13	54	27	113	38	76	76	23	50	125	26	91	109	57	12	10	52	13	90	116	81	86	76	26	112	10	103	99	17	53	34	41	128	21	5	10	111	95	95	85	33	92	67	26	16	45	70	125	42	57	125	98	114	28	56	39	83	71	29	22	24	55	135	113	75	36	29	99
0	0	0	0	0	0	0	0	0	0	81	94	60	12	16	45	16	98	11	16	95	33	80	10	18	23	29	118	13	80	101	6	124	86	51	23	79	102	93	49	94	113	100	23	127	50	53	104	134	28	66	61	85	95	71	59	105	53	53	20	105	128	53	98	47	67	57	48	87	51	7	130	102	64	126	24	121	16	63	101	14	30	112	19	133	97	29	70	122	5	70	38	82	113	56	56	6	113	106	125	72	118	114	127	73	106	64	128	61	91	70	122	83	130	73	78	125	97	123	101	39	24	42	57	113	11	85	35
0	0	0	0	0	0	0	0	0	0	0	68	56	54	83	132	98	20	111	75	34	79	128	92	77	114	10	96	109	111	128	48	18	76	42	104	55	78	95	123	63	42	70	134	27	104	92	122	48	80	45	71	21	74	50	30	127	26	30	125	97	22	83	91	76	22	109	112	78	102	130	39	124	10	10	33	28	29	112	94	32	105	68	105	100	59	118	124	19	28	50	115	24	47	27	28	54	39	84	10	29	60	54	99	11	122	14	111	52	123	74	107	129	91	118	101	35	111	6	102	42	88	12	107	9	27	93	89
0	0	0	0	0	0	0	0	0	0	0	0	120	22	6	122	131	68	118	59	131	85	135	43	123	79	73	82	57	69	92	92	34	113	135	135	116	122	84	32	61	17	61	108	38	23	73	115	102	83	73	111	41	26	88	124	127	118	109	99	123	127	96	16	20	75	103	114	16	30	120	96	122	75	88	111	82	123	17	98	132	131	57	40	85	43	131	46	13	44	33	18	35	57	115	122	34	113	84	48	86	55	44	46	122	29	29	13	35	67	60	17	112	72	101	85	60	89	27	101	43	26	43	30	94	36	85	16
0	0	0	0	0	0	0	0	0	0	0	0	0	102	10	140	82	17	18	42	86	28	94	16	129	55	124	25	30	62	33	20	107	68	58	39	115	21	49	79	13	63	82	106	59	70	13	124	28	16	101	18	20	80	34	105	116	135	84	72	98	9	79	31	89	21	80	80	105	87	75	124	78	130	66	55	126	80	70	43	41	15	130	87	57	55	44	37	87	57	33	124	66	74	43	124	39	34	42	38	64	126	43	99	48	60	55	110	118	59	65	118	9	95	135	18	104	43	133	121	120	95	24	98	100	18	69	102
0	0	0	0	0	0	0	0	0	0	0	0	0	0	109	27	22	8	18	52	116	68	48	87	133	121	93	47	103	111	45	22	72	135	15	72	13	20	32	55	69	117	73	76	14	128	118	53	100	122	98	81	113	14	25	22	26	130	91	69	118	14	118	43	51	18	24	7	62	19	42	104	52	107	38	61	95	62	63	29	99	103	28	108	70	67	91	73	108	19	111	54	95	27	21	86	89	17	16	60	35	80	46	100	60	107	24	119	111	68	24	96	35	129	29	44	54	38	99	63	91	82	95	60	132	120	64	103
0	0	0	0	0	0	0	0	0	0	0	0	0	0	0	14	98	121	66	122	33	8	67	97	122	131	66	58	22	21	67	56	78	99	10	20	16	78	44	121	83	28	52	91	138	71	119	14	72	55	16	126	134	51	127	48	66	110	10	131	16	51	31	61	77	75	41	25	127	98	132	53	95	66	96	61	33	38	48	129	54	77	28	126	7	73	89	53	98	95	81	89	98	19	51	111	44	54	100	60	93	15	30	65	78	66	59	34	133	82	35	49	66	98	20	10	52	37	72	5	23	83	16	57	108	105	73	54
0	0	0	0	0	0	0	0	0	0	0	0	0	0	0	0	94	102	24	42	43	93	115	15	55	79	52	2	32	121	21	110	45	100	40	50	134	56	16	33	101	37	45	90	31	44	117	113	100	49	79	73	79	110	45	56	36	18	91	101	52	40	137	43	125	114	109	46	42	18	65	84	83	70	21	73	23	100	58	30	126	126	34	77	81	27	29	40	45	139	99	20	129	78	93	25	97	102	41	32	29	15	53	26	40	13	48	34	28	14	67	63	52	120	45	117	55	40	128	142	32	129	129	101	124	14	74	115
0	0	0	0	0	0	0	0	0	0	0	0	0	0	0	0	0	18	54	41	52	98	12	129	92	112	59	71	99	17	70	45	23	60	37	106	121	33	6	23	101	111	19	32	78	131	102	134	49	36	21	48	109	51	123	27	44	84	125	23	43	59	106	107	45	58	58	59	29	50	84	63	33	77	84	84	36	32	74	84	45	46	124	142	38	104	75	64	121	79	47	134	57	72	32	41	109	76	111	91	6	136	83	72	77	23	73	119	19	67	108	90	122	42	89	80	21	95	102	130	143	113	108	87	48	17	94	25
0	0	0	0	0	0	0	0	0	0	0	0	0	0	0	0	0	0	64	74	115	104	44	62	93	103	51	10	87	76	68	25	106	46	30	134	26	65	126	46	68	71	53	51	78	31	128	53	38	46	43	117	27	48	56	16	67	103	61	23	115	120	26	113	111	80	117	91	16	133	29	50	57	106	87	78	56	22	54	21	68	91	29	2	123	130	100	133	20	36	80	32	37	57	117	41	48	127	110	54	16	73	62	21	118	137	123	95	94	60	122	120	14	98	131	138	39	108	56	34	99	101	134	63	46	116	87	31
0	0	0	0	0	0	0	0	0	0	0	0	0	0	0	0	0	0	0	14	43	124	123	77	67	71	76	86	18	20	82	40	109	46	69	95	38	92	22	60	39	126	23	68	19	31	134	11	119	64	14	117	98	44	122	125	95	109	86	54	41	60	79	61	23	102	123	72	70	38	121	107	65	27	27	46	129	119	92	66	42	115	81	126	34	129	81	40	129	127	75	97	66	59	51	54	24	103	126	16	70	128	112	38	105	80	42	60	82	115	102	75	31	106	44	66	70	58	42	96	16	141	3	34	122	73	17	58
0	0	0	0	0	0	0	0	0	0	0	0	0	0	0	0	0	0	0	0	11	113	34	44	59	39	107	39	113	66	109	97	68	124	58	125	31	116	64	94	17	88	94	51	121	70	82	8	86	114	133	52	127	70	65	68	73	115	90	94	48	38	82	100	61	88	87	87	126	68	125	112	128	88	122	119	46	37	93	124	110	98	85	44	92	22	111	130	57	60	79	97	51	39	117	96	15	71	49	110	128	117	38	113	101	69	119	30	56	54	39	62	83	112	53	109	20	41	137	36	86	21	18	102	74	55	137	109
0	0	0	0	0	0	0	0	0	0	0	0	0	0	0	0	0	0	0	0	0	32	138	112	92	23	93	28	40	80	56	105	118	20	113	92	74	7	9	113	17	62	119	48	109	28	23	132	5	120	72	115	73	139	51	43	24	108	86	45	42	26	45	62	58	110	77	48	130	19	142	65	76	133	36	54	112	13	104	18	32	97	40	72	62	108	38	48	121	36	46	99	125	81	89	63	20	123	136	55	60	34	53	59	58	47	41	127	111	32	79	28	30	125	74	86	121	34	92	61	98	77	22	94	49	17	125	48
0	0	0	0	0	0	0	0	0	0	0	0	0	0	0	0	0	0	0	0	0	0	33	97	53	78	107	44	85	86	63	36	106	63	13	124	75	105	117	33	31	27	51	112	75	72	51	12	116	119	118	54	63	74	114	140	120	72	110	97	57	87	90	41	26	45	51	86	30	40	120	65	33	78	70	117	78	90	116	101	50	50	114	48	34	88	56	36	65	74	75	39	56	17	75	67	85	134	67	33	132	56	12	87	39	65	96	59	141	65	22	125	132	102	83	123	141	72	24	122	52	132	25	69	144	69	126	90
0	0	0	0	0	0	0	0	0	0	0	0	0	0	0	0	0	0	0	0	0	0	0	91	85	101	53	89	106	31	87	12	109	96	78	143	98	129	93	101	141	146	89	7	33	39	105	126	19	100	18	60	120	134	117	21	56	37	81	22	57	91	59	65	47	28	114	110	69	106	87	8	21	53	62	16	120	95	35	42	120	26	142	10	135	82	51	5	109	121	68	126	49	47	7	71	119	59	129	98	34	105	64	94	102	73	79	44	22	129	6	64	106	134	37	67	21	13	110	65	79	112	34	24	105	37	83	122
0	0	0	0	0	0	0	0	0	0	0	0	0	0	0	0	0	0	0	0	0	0	0	0	89	32	104	94	62	45	105	15	85	134	44	49	121	134	56	60	45	35	33	128	125	134	109	42	135	97	78	17	81	89	131	22	132	53	48	99	37	113	25	35	94	106	59	23	72	123	68	100	39	26	73	11	84	120	27	27	120	10	77	118	11	93	83	133	27	50	62	42	35	120	38	54	107	46	136	118	124	104	109	136	24	25	127	35	49	64	131	12	18	81	91	89	130	62	93	44	108	51	118	72	91	98	17	35
0	0	0	0	0	0	0	0	0	0	0	0	0	0	0	0	0	0	0	0	0	0	0	0	0	142	67	17	61	72	23	50	115	75	65	57	131	57	50	16	129	145	131	66	73	51	119	116	37	44	84	37	95	41	107	107	32	54	57	58	71	141	20	81	31	77	50	18	34	91	130	89	100	105	46	85	85	32	98	138	125	41	31	47	124	35	121	49	130	92	74	42	135	81	7	60	11	54	63	117	34	21	108	42	32	118	20	83	94	83	72	47	130	82	100	97	52	78	135	42	37	32	107	7	18	102	17	65
0	0	0	0	0	0	0	0	0	0	0	0	0	0	0	0	0	0	0	0	0	0	0	0	0	0	56	9	40	127	60	100	44	139	89	105	117	103	131	113	102	140	130	52	135	131	14	34	91	54	30	108	134	113	144	124	105	52	69	32	45	128	124	144	5	98	128	31	93	67	114	118	39	49	80	10	20	41	86	4	63	134	3	74	114	22	52	92	29	112	47	86	114	119	50	38	72	110	55	35	117	96	110	4	52	100	87	26	52	36	17	114	30	59	115	130	99	133	64	68	133	52	59	126	57	64	127	74
0	0	0	0	0	0	0	0	0	0	0	0	0	0	0	0	0	0	0	0	0	0	0	0	0	0	0	22	101	95	129	139	116	131	33	136	109	22	118	117	56	88	70	95	121	113	26	135	75	135	127	115	65	150	124	69	10	55	81	81	41	57	96	103	70	143	143	119	78	33	128	94	36	104	124	94	35	91	118	118	66	45	37	138	31	132	93	21	111	39	21	107	55	24	73	104	70	100	126	104	13	61	79	115	54	17	93	99	141	56	79	70	111	135	124	145	43	37	69	116	98	130	95	110	26	105	11	95
0	0	0	0	0	0	0	0	0	0	0	0	0	0	0	0	0	0	0	0	0	0	0	0	0	0	0	0	85	40	133	94	38	85	52	57	32	140	94	121	105	129	125	59	61	12	89	38	23	46	66	92	72	99	55	68	145	39	76	96	54	119	121	135	20	118	136	66	58	100	132	95	89	105	80	20	7	140	22	54	132	90	6	101	34	51	100	21	81	70	26	126	36	41	10	119	55	117	48	14	88	137	129	38	40	94	139	62	107	55	48	60	93	124	124	47	35	8	15	128	118	63	36	77	67	122	136	40
0	0	0	0	0	0	0	0	0	0	0	0	0	0	0	0	0	0	0	0	0	0	0	0	0	0	0	0	0	68	75	129	125	78	36	109	74	35	73	82	40	24	95	40	35	26	117	149	68	98	32	147	33	80	56	120	42	105	111	8	35	32	37	65	54	61	103	15	15	124	48	44	112	80	134	33	89	85	116	111	57	129	97	103	107	67	35	115	138	91	70	41	59	8	119	50	120	48	64	70	32	62	60	122	151	48	53	96	61	58	132	86	62	24	142	37	63	105	31	87	117	68	96	98	34	67	44	75
0	0	0	0	0	0	0	0	0	0	0	0	0	0	0	0	0	0	0	0	0	0	0	0	0	0	0	0	0	0	56	119	63	50	127	72	123	47	24	68	76	36	120	43	106	114	113	102	41	80	83	145	60	65	15	55	9	51	88	133	18	96	81	48	84	89	141	86	122	104	80	48	122	69	47	87	47	16	119	92	25	39	72	50	88	43	49	118	55	65	94	121	66	88	126	111	35	28	129	148	72	116	92	75	45	57	33	38	68	98	148	42	92	77	29	36	132	67	98	53	65	76	134	144	127	70	139	86
0	0	0	0	0	0	0	0	0	0	0	0	0	0	0	0	0	0	0	0	0	0	0	0	0	0	0	0	0	0	0	140	114	39	76	88	123	74	96	109	126	32	79	82	145	79	71	103	143	28	81	90	93	133	56	84	107	4	85	110	105	81	78	18	26	118	123	120	14	101	129	32	105	145	70	64	150	82	58	87	123	43	36	40	34	77	22	133	117	39	62	18	71	135	119	130	42	141	117	72	91	132	64	90	136	76	136	56	93	103	73	93	100	131	128	142	97	68	92	103	19	79	103	76	137	23	116	92
0	0	0	0	0	0	0	0	0	0	0	0	0	0	0	0	0	0	0	0	0	0	0	0	0	0	0	0	0	0	0	0	56	107	99	106	24	82	135	53	47	71	59	110	155	157	121	59	60	66	88	135	50	80	93	99	56	137	24	103	101	31	51	95	77	30	21	75	70	140	50	118	47	9	68	40	74	102	145	123	100	118	149	72	39	70	120	52	53	122	117	131	71	27	97	97	119	40	107	62	131	110	63	76	45	61	70	38	64	52	62	120	47	104	41	97	90	90	95	60	77	98	110	31	146	122	105	29
0	0	0	0	0	0	0	0	0	0	0	0	0	0	0	0	0	0	0	0	0	0	0	0	0	0	0	0	0	0	0	0	0	64	112	98	31	93	76	103	80	22	90	30	42	61	57	134	58	93	95	48	114	68	63	35	103	50	24	143	27	109	122	82	129	51	127	28	29	128	46	15	21	151	54	64	35	119	87	107	75	107	143	80	68	31	89	70	94	26	24	105	65	33	35	22	83	128	13	106	150	101	81	124	118	57	128	109	61	127	84	32	50	22	97	100	152	21	118	111	18	86	17	41	36	59	132	101
0	0	0	0	0	0	0	0	0	0	0	0	0	0	0	0	0	0	0	0	0	0	0	0	0	0	0	0	0	0	0	0	0	0	46	135	61	93	135	101	32	88	114	87	134	24	79	117	104	78	137	120	124	146	133	43	96	30	53	126	107	70	120	80	134	44	112	116	11	106	50	93	97	110	83	19	102	94	89	39	113	71	21	14	46	108	20	79	24	78	85	35	140	60	111	123	51	113	113	8	35	47	125	17	128	60	151	34	143	39	113	67	82	94	147	90	139	86	79	99	65	28	100	140	26	61	121	101
0	0	0	0	0	0	0	0	0	0	0	0	0	0	0	0	0	0	0	0	0	0	0	0	0	0	0	0	0	0	0	0	0	0	0	42	49	99	12	67	74	57	127	43	67	140	44	56	78	117	42	104	143	112	81	24	47	122	72	149	16	74	78	85	76	69	59	49	92	34	85	73	57	120	81	32	64	93	90	90	81	121	122	53	46	104	20	129	123	58	115	80	125	8	40	91	147	81	123	8	19	45	66	84	139	100	117	120	110	116	52	33	92	93	68	154	143	148	145	56	63	96	64	78	53	49	22	48
0	0	0	0	0	0	0	0	0	0	0	0	0	0	0	0	0	0	0	0	0	0	0	0	0	0	0	0	0	0	0	0	0	0	0	0	45	100	88	47	22	68	27	73	49	115	135	76	77	23	67	113	79	71	42	139	83	77	91	110	79	118	88	95	75	105	50	91	37	152	115	115	98	51	52	69	145	105	138	36	128	105	109	101	105	109	110	105	22	101	57	50	125	29	69	71	122	66	134	122	60	112	70	42	20	40	108	120	85	78	41	85	61	138	89	34	111	50	57	65	136	102	73	95	46	98	51	68
0	0	0	0	0	0	0	0	0	0	0	0	0	0	0	0	0	0	0	0	0	0	0	0	0	0	0	0	0	0	0	0	0	0	0	0	0	138	51	65	10	76	80	23	116	41	131	18	103	22	51	68	87	38	84	77	83	93	108	132	62	137	84	132	119	54	84	59	83	131	64	67	95	110	57	43	115	92	76	136	68	29	103	95	126	87	133	107	63	107	59	120	22	144	83	106	146	137	144	132	65	89	40	75	121	39	31	53	107	54	40	37	118	61	36	72	128	113	122	51	69	123	85	19	106	118	50	94
0	0	0	0	0	0	0	0	0	0	0	0	0	0	0	0	0	0	0	0	0	0	0	0	0	0	0	0	0	0	0	0	0	0	0	0	0	0	43	54	49	29	116	113	67	50	114	60	84	133	127	131	130	74	75	82	129	144	122	129	32	10	90	55	68	115	16	30	47	82	39	84	67	139	87	38	76	103	105	95	86	138	44	114	83	55	33	90	64	55	114	119	83	119	131	59	122	66	140	18	41	27	36	113	110	88	85	52	112	87	98	108	79	39	122	52	4	88	159	152	36	46	62	101	108	13	151	147
0	0	0	0	0	0	0	0	0	0	0	0	0	0	0	0	0	0	0	0	0	0	0	0	0	0	0	0	0	0	0	0	0	0	0	0	0	0	0	90	94	119	68	96	65	93	50	9	11	51	65	94	34	68	107	35	110	161	106	76	48	62	160	101	105	47	7	111	165	57	64	85	118	135	83	102	129	82	36	55	151	24	104	50	103	29	36	124	29	138	131	95	90	123	120	98	60	92	33	35	40	117	33	66	114	50	105	50	105	133	18	69	115	111	108	21	96	131	40	88	56	71	80	8	139	46	53	126
0	0	0	0	0	0	0	0	0	0	0	0	0	0	0	0	0	0	0	0	0	0	0	0	0	0	0	0	0	0	0	0	0	0	0	0	0	0	0	0	99	122	45	38	126	96	81	121	126	147	62	61	77	139	107	45	115	141	51	91	39	46	100	119	95	87	65	69	46	94	119	33	152	72	65	153	18	111	58	80	109	87	128	46	80	116	75	46	110	109	128	149	26	109	36	145	133	38	44	83	100	51	107	127	55	12	78	20	103	73	61	92	54	31	67	76	130	79	98	58	66	14	60	89	114	64	70	92
0	0	0	0	0	0	0	0	0	0	0	0	0	0	0	0	0	0	0	0	0	0	0	0	0	0	0	0	0	0	0	0	0	0	0	0	0	0	0	0	0	39	55	50	58	112	8	103	114	118	98	92	109	128	31	130	114	69	59	137	62	128	66	39	77	38	134	118	63	134	27	53	124	126	148	156	91	87	118	37	71	94	22	159	107	108	149	35	137	87	121	44	122	70	15	34	57	84	105	136	17	63	74	83	98	117	72	77	146	47	95	47	136	94	57	108	85	69	113	70	69	122	87	149	28	64	44	99
0	0	0	0	0	0	0	0	0	0	0	0	0	0	0	0	0	0	0	0	0	0	0	0	0	0	0	0	0	0	0	0	0	0	0	0	0	0	0	0	0	0	98	43	120	51	78	72	40	41	57	104	38	88	60	46	117	97	115	157	59	45	150	41	118	30	72	107	85	134	39	38	91	170	24	13	24	51	105	43	34	130	94	41	143	142	107	103	113	137	44	29	125	62	104	124	83	138	85	112	52	152	136	112	92	102	47	62	71	129	113	115	65	66	91	89	19	148	61	89	42	140	98	103	71	73	64	127
0	0	0	0	0	0	0	0	0	0	0	0	0	0	0	0	0	0	0	0	0	0	0	0	0	0	0	0	0	0	0	0	0	0	0	0	0	0	0	0	0	0	0	76	96	134	67	97	103	98	36	106	61	31	148	39	166	85	102	118	59	121	119	84	66	79	103	81	33	75	124	135	24	11	83	88	52	73	74	109	98	47	65	105	154	26	74	140	49	59	109	159	60	20	81	130	13	22	115	161	37	60	137	90	12	102	46	57	116	123	27	53	64	67	147	67	65	127	59	44	140	52	113	67	167	41	47	91
0	0	0	0	0	0	0	0	0	0	0	0	0	0	0	0	0	0	0	0	0	0	0	0	0	0	0	0	0	0	0	0	0	0	0	0	0	0	0	0	0	0	0	0	100	26	59	92	42	103	124	121	145	116	49	149	74	107	147	34	110	108	73	84	43	103	70	123	44	80	75	91	90	128	8	73	58	50	91	18	77	72	84	45	158	152	121	109	155	33	31	123	29	72	93	158	55	20	170	146	101	84	62	128	35	73	151	43	91	135	127	29	67	133	49	103	47	114	69	82	16	124	51	131	34	30	97	109
0	0	0	0	0	0	0	0	0	0	0	0	0	0	0	0	0	0	0	0	0	0	0	0	0	0	0	0	0	0	0	0	0	0	0	0	0	0	0	0	0	0	0	0	0	52	117	117	128	72	108	52	41	86	13	88	116	100	98	62	40	47	125	42	75	43	95	25	62	86	86	156	32	82	88	107	64	33	160	39	110	50	81	43	106	52	163	142	156	47	114	71	37	125	82	137	76	145	72	50	38	151	105	23	104	43	71	72	106	92	72	120	78	73	43	151	28	25	66	90	70	80	70	72	115	83	51	80
0	0	0	0	0	0	0	0	0	0	0	0	0	0	0	0	0	0	0	0	0	0	0	0	0	0	0	0	0	0	0	0	0	0	0	0	0	0	0	0	0	0	0	0	0	0	123	33	102	73	114	97	55	106	124	95	78	10	72	58	106	63	56	67	129	135	67	108	92	85	125	155	48	135	55	84	43	111	50	15	138	153	111	95	56	90	35	99	109	145	61	135	43	103	61	24	149	103	103	129	46	123	18	42	54	68	80	121	121	171	86	53	38	138	108	31	97	150	136	46	103	133	123	19	42	125	157	66
0	0	0	0	0	0	0	0	0	0	0	0	0	0	0	0	0	0	0	0	0	0	0	0	0	0	0	0	0	0	0	0	0	0	0	0	0	0	0	0	0	0	0	0	0	0	0	117	53	81	147	29	103	151	144	38	78	144	79	113	104	151	84	72	110	137	54	83	95	100	60	112	66	88	43	94	64	107	84	67	111	133	98	38	105	117	102	29	151	126	56	100	92	67	91	128	54	106	77	120	100	139	27	161	121	118	152	69	136	47	106	78	87	140	49	131	110	84	128	92	103	165	34	160	54	56	62	41
0	0	0	0	0	0	0	0	0	0	0	0	0	0	0	0	0	0	0	0	0	0	0	0	0	0	0	0	0	0	0	0	0	0	0	0	0	0	0	0	0	0	0	0	0	0	0	0	147	55	153	96	131	12	137	142	84	163	98	26	107	29	71	89	93	75	125	125	74	41	121	52	29	75	70	122	59	76	31	77	160	43	80	140	137	126	71	52	130	139	82	157	136	68	82	38	39	28	101	140	135	82	44	109	49	115	77	76	111	93	122	17	28	73	108	149	123	114	61	51	52	88	83	120	90	60	82	149
0	0	0	0	0	0	0	0	0	0	0	0	0	0	0	0	0	0	0	0	0	0	0	0	0	0	0	0	0	0	0	0	0	0	0	0	0	0	0	0	0	0	0	0	0	0	0	0	0	15	121	139	33	117	118	106	18	61	45	29	90	77	94	104	33	128	97	72	38	72	84	51	67	151	107	99	108	112	120	96	18	176	157	152	100	135	111	74	85	57	139	26	22	154	83	150	148	56	83	92	54	103	66	69	89	121	151	104	59	65	8	107	37	138	102	88	58	39	103	127	130	99	72	158	111	111	78	120
0	0	0	0	0	0	0	0	0	0	0	0	0	0	0	0	0	0	0	0	0	0	0	0	0	0	0	0	0	0	0	0	0	0	0	0	0	0	0	0	0	0	0	0	0	0	0	0	0	0	133	137	65	136	155	88	98	67	104	115	62	112	107	49	34	116	59	103	155	81	93	91	43	124	125	115	42	12	57	38	90	96	120	32	66	126	102	105	113	124	125	113	102	132	111	102	152	128	121	142	85	62	21	120	153	82	141	154	121	157	142	66	134	50	55	116	57	40	152	57	101	51	23	31	89	138	119	116
0	0	0	0	0	0	0	0	0	0	0	0	0	0	0	0	0	0	0	0	0	0	0	0	0	0	0	0	0	0	0	0	0	0	0	0	0	0	0	0	0	0	0	0	0	0	0	0	0	0	0	103	144	116	92	77	112	63	105	117	42	48	105	2	101	26	33	57	107	122	63	61	56	154	125	25	137	142	112	61	80	109	80	119	9	74	139	101	127	42	17	14	81	105	27	93	55	25	42	64	81	92	92	69	137	25	87	67	130	13	103	66	68	135	84	48	9	109	87	50	53	98	137	64	11	75	57	131
0	0	0	0	0	0	0	0	0	0	0	0	0	0	0	0	0	0	0	0	0	0	0	0	0	0	0	0	0	0	0	0	0	0	0	0	0	0	0	0	0	0	0	0	0	0	0	0	0	0	0	0	116	60	156	69	172	161	86	57	16	118	86	75	74	90	72	150	69	40	129	58	95	151	52	78	79	85	39	142	94	13	92	98	37	69	119	129	121	93	117	103	77	134	53	46	101	38	47	120	137	146	95	177	113	114	58	111	140	127	127	59	105	51	60	44	39	52	48	30	135	107	169	124	31	121	115	124
0	0	0	0	0	0	0	0	0	0	0	0	0	0	0	0	0	0	0	0	0	0	0	0	0	0	0	0	0	0	0	0	0	0	0	0	0	0	0	0	0	0	0	0	0	0	0	0	0	0	0	0	0	62	55	105	26	89	44	121	104	21	74	28	65	67	71	40	84	108	49	109	61	47	112	59	142	176	95	101	77	49	53	53	58	53	67	83	110	152	98	49	61	104	63	69	85	100	123	102	29	120	131	76	76	161	36	59	136	118	142	93	58	76	53	51	17	107	71	45	61	113	128	71	38	85	152	50
0	0	0	0	0	0	0	0	0	0	0	0	0	0	0	0	0	0	0	0	0	0	0	0	0	0	0	0	0	0	0	0	0	0	0	0	0	0	0	0	0	0	0	0	0	0	0	0	0	0	0	0	0	0	48	71	96	29	103	102	124	64	93	142	22	149	106	92	81	41	54	22	95	59	58	78	96	143	103	140	92	65	108	33	65	59	84	82	73	67	123	126	87	131	141	79	94	84	56	119	138	112	104	101	47	134	127	170	151	34	100	107	72	54	112	74	108	75	142	44	48	99	52	74	176	159	38	98
0	0	0	0	0	0	0	0	0	0	0	0	0	0	0	0	0	0	0	0	0	0	0	0	0	0	0	0	0	0	0	0	0	0	0	0	0	0	0	0	0	0	0	0	0	0	0	0	0	0	0	0	0	0	0	77	154	46	147	49	83	140	130	5	28	90	58	93	57	78	85	106	128	103	120	147	119	47	84	158	88	23	155	117	131	89	68	137	150	128	39	27	125	75	89	39	84	83	84	126	127	18	129	74	123	128	14	62	95	34	138	110	54	58	65	106	143	79	117	110	67	115	38	55	106	109	68	75
0	0	0	0	0	0	0	0	0	0	0	0	0	0	0	0	0	0	0	0	0	0	0	0	0	0	0	0	0	0	0	0	0	0	0	0	0	0	0	0	0	0	0	0	0	0	0	0	0	0	0	0	0	0	0	0	31	129	54	73	53	112	70	154	8	10	80	144	84	78	107	63	99	51	50	120	137	132	133	53	106	104	14	62	51	33	104	124	31	141	92	123	149	146	110	126	107	33	124	133	81	66	166	123	150	85	75	50	81	100	158	126	68	85	102	115	116	115	36	23	93	146	131	126	105	115	103	125
0	0	0	0	0	0	0	0	0	0	0	0	0	0	0	0	0	0	0	0	0	0	0	0	0	0	0	0	0	0	0	0	0	0	0	0	0	0	0	0	0	0	0	0	0	0	0	0	0	0	0	0	0	0	0	0	0	160	161	73	69	58	43	57	65	59	140	43	100	35	88	57	90	36	95	133	89	100	32	61	164	63	80	116	62	51	104	130	18	161	92	56	92	128	126	68	107	74	89	86	69	147	6	148	99	128	108	30	31	100	107	14	34	115	156	110	84	129	139	52	151	146	119	148	101	160	28	41
0	0	0	0	0	0	0	0	0	0	0	0	0	0	0	0	0	0	0	0	0	0	0	0	0	0	0	0	0	0	0	0	0	0	0	0	0	0	0	0	0	0	0	0	0	0	0	0	0	0	0	0	0	0	0	0	0	0	58	44	66	83	33	49	77	100	17	50	144	158	140	57	114	137	88	33	64	129	45	70	136	154	67	112	148	83	30	13	42	37	142	90	103	132	131	92	55	108	142	101	54	123	154	69	116	122	102	136	82	116	101	61	148	96	134	128	104	115	106	116	36	113	51	133	49	133	55	116
0	0	0	0	0	0	0	0	0	0	0	0	0	0	0	0	0	0	0	0	0	0	0	0	0	0	0	0	0	0	0	0	0	0	0	0	0	0	0	0	0	0	0	0	0	0	0	0	0	0	0	0	0	0	0	0	0	0	0	127	111	71	120	75	96	126	37	59	156	72	99	94	179	99	70	6	70	39	136	161	112	52	139	101	95	140	49	111	129	28	166	143	28	44	139	158	121	132	114	90	86	111	36	120	93	131	137	57	154	43	135	87	110	90	74	58	157	96	92	102	132	106	95	11	82	65	75	112
0	0	0	0	0	0	0	0	0	0	0	0	0	0	0	0	0	0	0	0	0	0	0	0	0	0	0	0	0	0	0	0	0	0	0	0	0	0	0	0	0	0	0	0	0	0	0	0	0	0	0	0	0	0	0	0	0	0	0	0	101	62	37	103	113	157	54	86	124	93	165	132	130	178	34	115	68	52	113	17	60	121	107	64	71	122	138	79	46	125	150	78	132	138	97	10	66	73	109	152	65	58	118	65	67	161	24	184	80	82	128	126	54	108	92	172	91	57	46	94	64	94	50	92	161	39	135	39
0	0	0	0	0	0	0	0	0	0	0	0	0	0	0	0	0	0	0	0	0	0	0	0	0	0	0	0	0	0	0	0	0	0	0	0	0	0	0	0	0	0	0	0	0	0	0	0	0	0	0	0	0	0	0	0	0	0	0	0	0	46	62	13	44	81	61	91	30	117	90	113	55	32	157	76	87	75	90	111	150	113	142	171	121	121	53	89	153	143	106	188	134	83	108	175	117	96	125	109	92	143	83	127	129	25	113	77	68	158	60	56	58	9	150	181	124	86	100	65	93	136	55	140	103	72	111	86
0	0	0	0	0	0	0	0	0	0	0	0	0	0	0	0	0	0	0	0	0	0	0	0	0	0	0	0	0	0	0	0	0	0	0	0	0	0	0	0	0	0	0	0	0	0	0	0	0	0	0	0	0	0	0	0	0	0	0	0	0	0	41	48	86	184	94	137	59	59	114	67	133	130	103	127	126	77	133	53	96	66	69	174	20	23	30	138	118	117	121	31	92	69	92	102	120	88	102	74	83	127	141	77	121	102	48	83	150	53	109	42	147	116	116	185	131	41	154	153	72	39	4	150	67	57	30	104
0	0	0	0	0	0	0	0	0	0	0	0	0	0	0	0	0	0	0	0	0	0	0	0	0	0	0	0	0	0	0	0	0	0	0	0	0	0	0	0	0	0	0	0	0	0	0	0	0	0	0	0	0	0	0	0	0	0	0	0	0	0	0	121	176	114	100	125	164	106	138	172	148	52	134	114	44	156	33	129	79	133	117	136	77	134	145	72	123	37	96	109	135	60	97	25	79	161	87	90	133	72	129	81	122	48	97	98	168	71	56	86	180	157	86	146	121	64	123	60	41	92	58	2	83	131	111	132
0	0	0	0	0	0	0	0	0	0	0	0	0	0	0	0	0	0	0	0	0	0	0	0	0	0	0	0	0	0	0	0	0	0	0	0	0	0	0	0	0	0	0	0	0	0	0	0	0	0	0	0	0	0	0	0	0	0	0	0	0	0	0	0	119	103	65	91	133	86	69	126	63	71	94	80	92	50	72	116	135	120	56	108	102	98	188	111	120	171	140	64	49	43	34	140	58	23	106	116	107	177	118	27	137	107	83	100	121	150	61	117	135	123	109	57	140	28	150	40	75	74	162	82	73	58	101	125
0	0	0	0	0	0	0	0	0	0	0	0	0	0	0	0	0	0	0	0	0	0	0	0	0	0	0	0	0	0	0	0	0	0	0	0	0	0	0	0	0	0	0	0	0	0	0	0	0	0	0	0	0	0	0	0	0	0	0	0	0	0	0	0	0	82	118	152	135	136	130	50	37	46	102	76	170	93	53	160	121	6	167	50	154	116	170	104	76	102	49	89	74	72	105	169	99	54	82	137	63	69	149	108	134	135	136	93	39	121	110	91	132	116	53	151	96	121	102	47	105	79	104	35	134	110	84	136
0	0	0	0	0	0	0	0	0	0	0	0	0	0	0	0	0	0	0	0	0	0	0	0	0	0	0	0	0	0	0	0	0	0	0	0	0	0	0	0	0	0	0	0	0	0	0	0	0	0	0	0	0	0	0	0	0	0	0	0	0	0	0	0	0	0	144	96	81	77	179	104	145	37	55	109	24	91	150	95	50	82	58	103	74	157	132	106	126	115	74	82	46	92	61	95	53	92	44	117	117	22	27	78	162	48	63	83	6	75	176	121	155	52	171	17	90	73	22	163	118	97	109	67	117	54	61	78
0	0	0	0	0	0	0	0	0	0	0	0	0	0	0	0	0	0	0	0	0	0	0	0	0	0	0	0	0	0	0	0	0	0	0	0	0	0	0	0	0	0	0	0	0	0	0	0	0	0	0	0	0	0	0	0	0	0	0	0	0	0	0	0	0	0	0	29	177	177	140	162	139	154	141	117	87	51	78	138	83	136	173	83	59	110	71	101	87	49	44	101	105	130	76	124	58	143	53	137	126	187	81	103	169	36	114	149	118	47	148	93	50	53	52	115	170	137	68	109	69	86	97	53	176	97	69	117
0	0	0	0	0	0	0	0	0	0	0	0	0	0	0	0	0	0	0	0	0	0	0	0	0	0	0	0	0	0	0	0	0	0	0	0	0	0	0	0	0	0	0	0	0	0	0	0	0	0	0	0	0	0	0	0	0	0	0	0	0	0	0	0	0	0	0	0	96	133	109	100	52	69	79	147	92	147	83	98	129	159	96	79	23	131	149	124	78	124	70	139	139	135	120	108	121	97	80	156	111	109	146	35	149	128	174	46	100	29	126	126	143	161	140	138	77	28	51	47	30	56	81	127	9	95	131	69
0	0	0	0	0	0	0	0	0	0	0	0	0	0	0	0	0	0	0	0	0	0	0	0	0	0	0	0	0	0	0	0	0	0	0	0	0	0	0	0	0	0	0	0	0	0	0	0	0	0	0	0	0	0	0	0	0	0	0	0	0	0	0	0	0	0	0	0	0	180	159	74	92	141	76	69	149	124	182	93	151	73	161	124	121	103	55	139	95	140	136	158	185	73	89	53	63	129	95	111	166	81	168	71	84	117	104	34	38	111	139	119	37	179	20	79	73	46	39	51	115	7	183	120	92	116	111	122
0	0	0	0	0	0	0	0	0	0	0	0	0	0	0	0	0	0	0	0	0	0	0	0	0	0	0	0	0	0	0	0	0	0	0	0	0	0	0	0	0	0	0	0	0	0	0	0	0	0	0	0	0	0	0	0	0	0	0	0	0	0	0	0	0	0	0	0	0	0	104	174	46	121	83	75	164	80	72	39	21	34	51	101	117	149	58	75	140	60	173	169	114	19	39	191	119	140	25	45	146	142	164	85	61	151	52	66	120	91	49	67	134	72	110	41	105	163	163	138	106	97	105	173	90	121	127	148
0	0	0	0	0	0	0	0	0	0	0	0	0	0	0	0	0	0	0	0	0	0	0	0	0	0	0	0	0	0	0	0	0	0	0	0	0	0	0	0	0	0	0	0	0	0	0	0	0	0	0	0	0	0	0	0	0	0	0	0	0	0	0	0	0	0	0	0	0	0	0	132	132	62	91	128	137	66	69	133	99	162	93	67	36	79	93	133	123	101	101	85	12	144	169	77	137	91	180	66	100	187	115	114	103	94	107	73	130	118	93	142	57	147	34	34	84	107	116	83	117	138	49	122	132	89	130	157
0	0	0	0	0	0	0	0	0	0	0	0	0	0	0	0	0	0	0	0	0	0	0	0	0	0	0	0	0	0	0	0	0	0	0	0	0	0	0	0	0	0	0	0	0	0	0	0	0	0	0	0	0	0	0	0	0	0	0	0	0	0	0	0	0	0	0	0	0	0	0	0	178	96	121	120	169	143	82	68	164	137	48	29	133	137	160	123	90	117	133	55	109	60	82	95	184	47	113	93	129	41	173	56	103	100	153	133	165	158	86	26	120	69	52	158	100	118	126	110	107	96	167	134	38	68	174	77
0	0	0	0	0	0	0	0	0	0	0	0	0	0	0	0	0	0	0	0	0	0	0	0	0	0	0	0	0	0	0	0	0	0	0	0	0	0	0	0	0	0	0	0	0	0	0	0	0	0	0	0	0	0	0	0	0	0	0	0	0	0	0	0	0	0	0	0	0	0	0	0	0	117	101	27	25	53	175	142	127	190	149	146	140	50	60	84	76	107	110	86	190	165	72	93	95	90	125	138	152	92	138	152	127	177	21	166	81	83	131	60	150	54	92	118	181	188	105	137	155	145	71	132	115	168	129	89
0	0	0	0	0	0	0	0	0	0	0	0	0	0	0	0	0	0	0	0	0	0	0	0	0	0	0	0	0	0	0	0	0	0	0	0	0	0	0	0	0	0	0	0	0	0	0	0	0	0	0	0	0	0	0	0	0	0	0	0	0	0	0	0	0	0	0	0	0	0	0	0	0	0	59	151	36	152	50	131	60	62	67	66	133	118	42	55	85	190	42	136	136	102	179	57	140	87	133	171	110	80	142	65	123	108	119	126	157	130	199	134	77	101	146	132	123	85	146	139	75	66	77	88	130	39	103	44
0	0	0	0	0	0	0	0	0	0	0	0	0	0	0	0	0	0	0	0	0	0	0	0	0	0	0	0	0	0	0	0	0	0	0	0	0	0	0	0	0	0	0	0	0	0	0	0	0	0	0	0	0	0	0	0	0	0	0	0	0	0	0	0	0	0	0	0	0	0	0	0	0	0	0	75	79	115	183	122	80	118	115	94	63	145	104	151	81	79	146	148	121	100	137	90	119	108	110	158	117	126	81	113	169	122	74	38	184	172	118	119	82	90	169	100	141	35	150	131	76	87	84	67	169	56	90	148
0	0	0	0	0	0	0	0	0	0	0	0	0	0	0	0	0	0	0	0	0	0	0	0	0	0	0	0	0	0	0	0	0	0	0	0	0	0	0	0	0	0	0	0	0	0	0	0	0	0	0	0	0	0	0	0	0	0	0	0	0	0	0	0	0	0	0	0	0	0	0	0	0	0	0	0	96	9	143	155	34	141	119	82	119	112	79	76	162	117	72	138	80	167	109	142	130	42	131	130	90	99	67	79	119	141	70	168	134	158	119	106	36	125	144	56	160	149	66	139	105	55	187	72	63	91	165	106
0	0	0	0	0	0	0	0	0	0	0	0	0	0	0	0	0	0	0	0	0	0	0	0	0	0	0	0	0	0	0	0	0	0	0	0	0	0	0	0	0	0	0	0	0	0	0	0	0	0	0	0	0	0	0	0	0	0	0	0	0	0	0	0	0	0	0	0	0	0	0	0	0	0	0	0	0	67	25	144	134	192	74	78	147	166	58	122	60	97	103	104	103	90	149	188	91	108	132	111	99	129	65	63	151	110	78	105	170	68	17	115	156	100	105	132	76	129	85	176	120	105	123	190	133	41	62	57
0	0	0	0	0	0	0	0	0	0	0	0	0	0	0	0	0	0	0	0	0	0	0	0	0	0	0	0	0	0	0	0	0	0	0	0	0	0	0	0	0	0	0	0	0	0	0	0	0	0	0	0	0	0	0	0	0	0	0	0	0	0	0	0	0	0	0	0	0	0	0	0	0	0	0	0	0	0	71	53	125	92	173	77	56	192	149	113	164	98	114	44	109	100	85	151	46	170	120	115	193	123	35	132	92	60	155	143	146	43	63	83	150	128	24	90	120	110	65	89	94	118	118	160	155	123	90	113
0	0	0	0	0	0	0	0	0	0	0	0	0	0	0	0	0	0	0	0	0	0	0	0	0	0	0	0	0	0	0	0	0	0	0	0	0	0	0	0	0	0	0	0	0	0	0	0	0	0	0	0	0	0	0	0	0	0	0	0	0	0	0	0	0	0	0	0	0	0	0	0	0	0	0	0	0	0	0	136	55	61	162	168	89	88	91	41	171	90	95	165	133	108	26	84	52	94	96	132	100	41	36	116	109	107	83	50	61	54	152	123	133	82	103	108	76	116	98	107	40	103	67	193	78	78	125	74
0	0	0	0	0	0	0	0	0	0	0	0	0	0	0	0	0	0	0	0	0	0	0	0	0	0	0	0	0	0	0	0	0	0	0	0	0	0	0	0	0	0	0	0	0	0	0	0	0	0	0	0	0	0	0	0	0	0	0	0	0	0	0	0	0	0	0	0	0	0	0	0	0	0	0	0	0	0	0	0	156	177	60	63	162	39	102	182	189	75	130	138	171	153	6	151	165	57	140	40	96	151	147	140	77	108	138	82	44	140	169	116	91	111	113	148	123	80	26	84	17	163	162	77	56	153	99	139
0	0	0	0	0	0	0	0	0	0	0	0	0	0	0	0	0	0	0	0	0	0	0	0	0	0	0	0	0	0	0	0	0	0	0	0	0	0	0	0	0	0	0	0	0	0	0	0	0	0	0	0	0	0	0	0	0	0	0	0	0	0	0	0	0	0	0	0	0	0	0	0	0	0	0	0	0	0	0	0	0	139	131	43	136	65	178	19	156	181	63	99	40	160	118	110	73	131	53	17	145	114	66	172	108	51	172	154	114	176	185	174	53	71	80	79	95	138	189	100	60	145	65	74	177	94	131	58
0	0	0	0	0	0	0	0	0	0	0	0	0	0	0	0	0	0	0	0	0	0	0	0	0	0	0	0	0	0	0	0	0	0	0	0	0	0	0	0	0	0	0	0	0	0	0	0	0	0	0	0	0	0	0	0	0	0	0	0	0	0	0	0	0	0	0	0	0	0	0	0	0	0	0	0	0	0	0	0	0	0	76	71	85	115	163	142	84	34	167	166	116	82	36	159	75	118	127	115	188	129	86	115	107	121	82	135	144	77	186	92	56	158	104	54	121	83	91	80	189	190	117	81	17	25	131	108
0	0	0	0	0	0	0	0	0	0	0	0	0	0	0	0	0	0	0	0	0	0	0	0	0	0	0	0	0	0	0	0	0	0	0	0	0	0	0	0	0	0	0	0	0	0	0	0	0	0	0	0	0	0	0	0	0	0	0	0	0	0	0	0	0	0	0	0	0	0	0	0	0	0	0	0	0	0	0	0	0	0	0	102	130	63	99	90	129	71	58	148	105	111	80	189	70	190	84	97	87	116	107	102	99	116	83	44	115	136	127	153	132	95	69	95	98	52	171	136	89	112	61	96	40	87	122	86
0	0	0	0	0	0	0	0	0	0	0	0	0	0	0	0	0	0	0	0	0	0	0	0	0	0	0	0	0	0	0	0	0	0	0	0	0	0	0	0	0	0	0	0	0	0	0	0	0	0	0	0	0	0	0	0	0	0	0	0	0	0	0	0	0	0	0	0	0	0	0	0	0	0	0	0	0	0	0	0	0	0	0	0	177	99	122	158	130	167	100	47	90	101	102	58	89	148	59	103	171	48	135	204	106	80	18	116	103	136	63	180	35	122	109	130	62	133	166	28	99	59	75	42	77	170	73	105
0	0	0	0	0	0	0	0	0	0	0	0	0	0	0	0	0	0	0	0	0	0	0	0	0	0	0	0	0	0	0	0	0	0	0	0	0	0	0	0	0	0	0	0	0	0	0	0	0	0	0	0	0	0	0	0	0	0	0	0	0	0	0	0	0	0	0	0	0	0	0	0	0	0	0	0	0	0	0	0	0	0	0	0	0	151	116	20	82	171	90	102	80	81	59	88	119	153	59	73	105	113	152	64	143	140	52	53	87	84	130	35	100	111	96	92	176	112	70	66	137	91	146	56	126	68	130	30
0	0	0	0	0	0	0	0	0	0	0	0	0	0	0	0	0	0	0	0	0	0	0	0	0	0	0	0	0	0	0	0	0	0	0	0	0	0	0	0	0	0	0	0	0	0	0	0	0	0	0	0	0	0	0	0	0	0	0	0	0	0	0	0	0	0	0	0	0	0	0	0	0	0	0	0	0	0	0	0	0	0	0	0	0	0	64	206	135	59	180	118	200	64	102	137	164	162	134	125	145	113	58	168	100	64	75	46	155	159	42	111	81	141	93	108	70	166	139	64	144	109	160	136	132	19	40	32
0	0	0	0	0	0	0	0	0	0	0	0	0	0	0	0	0	0	0	0	0	0	0	0	0	0	0	0	0	0	0	0	0	0	0	0	0	0	0	0	0	0	0	0	0	0	0	0	0	0	0	0	0	0	0	0	0	0	0	0	0	0	0	0	0	0	0	0	0	0	0	0	0	0	0	0	0	0	0	0	0	0	0	0	0	0	0	192	74	109	200	188	120	163	117	35	138	109	108	78	196	171	110	90	78	75	123	103	137	111	192	81	106	98	110	48	152	13	170	78	104	116	52	82	78	71	49	14
0	0	0	0	0	0	0	0	0	0	0	0	0	0	0	0	0	0	0	0	0	0	0	0	0	0	0	0	0	0	0	0	0	0	0	0	0	0	0	0	0	0	0	0	0	0	0	0	0	0	0	0	0	0	0	0	0	0	0	0	0	0	0	0	0	0	0	0	0	0	0	0	0	0	0	0	0	0	0	0	0	0	0	0	0	0	0	0	133	21	122	41	180	144	163	89	127	85	119	142	128	85	36	121	136	13	106	182	39	156	129	89	135	90	187	33	66	90	152	58	93	81	145	109	114	118	138	122
0	0	0	0	0	0	0	0	0	0	0	0	0	0	0	0	0	0	0	0	0	0	0	0	0	0	0	0	0	0	0	0	0	0	0	0	0	0	0	0	0	0	0	0	0	0	0	0	0	0	0	0	0	0	0	0	0	0	0	0	0	0	0	0	0	0	0	0	0	0	0	0	0	0	0	0	0	0	0	0	0	0	0	0	0	0	0	0	0	95	110	168	28	111	64	39	94	84	29	143	67	142	143	113	108	150	70	122	81	110	78	167	37	57	123	186	18	62	121	129	82	90	80	71	138	184	95	127
0	0	0	0	0	0	0	0	0	0	0	0	0	0	0	0	0	0	0	0	0	0	0	0	0	0	0	0	0	0	0	0	0	0	0	0	0	0	0	0	0	0	0	0	0	0	0	0	0	0	0	0	0	0	0	0	0	0	0	0	0	0	0	0	0	0	0	0	0	0	0	0	0	0	0	0	0	0	0	0	0	0	0	0	0	0	0	0	0	0	51	151	67	86	70	88	66	116	25	83	57	136	62	139	21	130	185	133	161	123	169	144	88	121	28	113	129	97	142	100	129	119	40	204	38	49	96	168
0	0	0	0	0	0	0	0	0	0	0	0	0	0	0	0	0	0	0	0	0	0	0	0	0	0	0	0	0	0	0	0	0	0	0	0	0	0	0	0	0	0	0	0	0	0	0	0	0	0	0	0	0	0	0	0	0	0	0	0	0	0	0	0	0	0	0	0	0	0	0	0	0	0	0	0	0	0	0	0	0	0	0	0	0	0	0	0	0	0	0	153	100	105	47	75	203	183	99	188	99	90	29	33	139	108	118	70	78	25	133	170	160	53	114	105	152	77	180	101	78	195	55	168	98	72	78	154
0	0	0	0	0	0	0	0	0	0	0	0	0	0	0	0	0	0	0	0	0	0	0	0	0	0	0	0	0	0	0	0	0	0	0	0	0	0	0	0	0	0	0	0	0	0	0	0	0	0	0	0	0	0	0	0	0	0	0	0	0	0	0	0	0	0	0	0	0	0	0	0	0	0	0	0	0	0	0	0	0	0	0	0	0	0	0	0	0	0	0	0	128	198	118	44	165	61	153	31	154	157	85	133	160	155	43	109	212	73	56	65	110	129	99	58	173	184	63	122	148	97	59	154	77	120	111	55
0	0	0	0	0	0	0	0	0	0	0	0	0	0	0	0	0	0	0	0	0	0	0	0	0	0	0	0	0	0	0	0	0	0	0	0	0	0	0	0	0	0	0	0	0	0	0	0	0	0	0	0	0	0	0	0	0	0	0	0	0	0	0	0	0	0	0	0	0	0	0	0	0	0	0	0	0	0	0	0	0	0	0	0	0	0	0	0	0	0	0	0	0	91	92	169	131	104	97	91	201	105	120	43	28	119	100	39	177	68	116	148	81	96	126	61	175	57	131	73	117	193	153	117	148	169	86	81
0	0	0	0	0	0	0	0	0	0	0	0	0	0	0	0	0	0	0	0	0	0	0	0	0	0	0	0	0	0	0	0	0	0	0	0	0	0	0	0	0	0	0	0	0	0	0	0	0	0	0	0	0	0	0	0	0	0	0	0	0	0	0	0	0	0	0	0	0	0	0	0	0	0	0	0	0	0	0	0	0	0	0	0	0	0	0	0	0	0	0	0	0	0	176	144	113	85	133	153	115	116	138	124	164	51	140	133	127	166	141	144	71	81	86	60	106	148	102	126	80	92	100	160	117	55	129	141
0	0	0	0	0	0	0	0	0	0	0	0	0	0	0	0	0	0	0	0	0	0	0	0	0	0	0	0	0	0	0	0	0	0	0	0	0	0	0	0	0	0	0	0	0	0	0	0	0	0	0	0	0	0	0	0	0	0	0	0	0	0	0	0	0	0	0	0	0	0	0	0	0	0	0	0	0	0	0	0	0	0	0	0	0	0	0	0	0	0	0	0	0	0	0	51	65	91	98	96	128	135	157	44	67	96	98	100	122	156	190	144	147	105	41	78	113	107	143	122	52	117	127	158	140	147	108	101
0	0	0	0	0	0	0	0	0	0	0	0	0	0	0	0	0	0	0	0	0	0	0	0	0	0	0	0	0	0	0	0	0	0	0	0	0	0	0	0	0	0	0	0	0	0	0	0	0	0	0	0	0	0	0	0	0	0	0	0	0	0	0	0	0	0	0	0	0	0	0	0	0	0	0	0	0	0	0	0	0	0	0	0	0	0	0	0	0	0	0	0	0	0	0	0	135	211	145	175	79	146	161	129	157	70	165	137	138	195	123	176	70	53	130	157	99	20	110	142	96	130	130	62	115	100	122	148
0	0	0	0	0	0	0	0	0	0	0	0	0	0	0	0	0	0	0	0	0	0	0	0	0	0	0	0	0	0	0	0	0	0	0	0	0	0	0	0	0	0	0	0	0	0	0	0	0	0	0	0	0	0	0	0	0	0	0	0	0	0	0	0	0	0	0	0	0	0	0	0	0	0	0	0	0	0	0	0	0	0	0	0	0	0	0	0	0	0	0	0	0	0	0	0	0	109	170	66	123	40	192	172	136	108	106	159	101	211	179	61	98	64	140	157	185	117	174	180	112	70	122	104	169	43	187	102
0	0	0	0	0	0	0	0	0	0	0	0	0	0	0	0	0	0	0	0	0	0	0	0	0	0	0	0	0	0	0	0	0	0	0	0	0	0	0	0	0	0	0	0	0	0	0	0	0	0	0	0	0	0	0	0	0	0	0	0	0	0	0	0	0	0	0	0	0	0	0	0	0	0	0	0	0	0	0	0	0	0	0	0	0	0	0	0	0	0	0	0	0	0	0	0	0	0	90	15	202	171	121	144	142	146	101	33	132	46	100	95	8	87	145	36	103	76	56	142	87	111	67	100	117	129	35	98
0	0	0	0	0	0	0	0	0	0	0	0	0	0	0	0	0	0	0	0	0	0	0	0	0	0	0	0	0	0	0	0	0	0	0	0	0	0	0	0	0	0	0	0	0	0	0	0	0	0	0	0	0	0	0	0	0	0	0	0	0	0	0	0	0	0	0	0	0	0	0	0	0	0	0	0	0	0	0	0	0	0	0	0	0	0	0	0	0	0	0	0	0	0	0	0	0	0	0	147	141	172	100	137	57	146	114	62	215	197	99	76	27	143	86	138	63	168	101	164	127	97	127	140	46	199	97	133
0	0	0	0	0	0	0	0	0	0	0	0	0	0	0	0	0	0	0	0	0	0	0	0	0	0	0	0	0	0	0	0	0	0	0	0	0	0	0	0	0	0	0	0	0	0	0	0	0	0	0	0	0	0	0	0	0	0	0	0	0	0	0	0	0	0	0	0	0	0	0	0	0	0	0	0	0	0	0	0	0	0	0	0	0	0	0	0	0	0	0	0	0	0	0	0	0	0	0	0	145	46	22	133	218	173	124	28	63	41	153	142	127	106	168	73	91	128	89	88	61	112	65	124	132	57	86	173
0	0	0	0	0	0	0	0	0	0	0	0	0	0	0	0	0	0	0	0	0	0	0	0	0	0	0	0	0	0	0	0	0	0	0	0	0	0	0	0	0	0	0	0	0	0	0	0	0	0	0	0	0	0	0	0	0	0	0	0	0	0	0	0	0	0	0	0	0	0	0	0	0	0	0	0	0	0	0	0	0	0	0	0	0	0	0	0	0	0	0	0	0	0	0	0	0	0	0	0	0	83	173	105	86	55	130	189	129	201	43	64	199	61	162	53	75	164	113	120	74	114	82	162	114	129	165	153
0	0	0	0	0	0	0	0	0	0	0	0	0	0	0	0	0	0	0	0	0	0	0	0	0	0	0	0	0	0	0	0	0	0	0	0	0	0	0	0	0	0	0	0	0	0	0	0	0	0	0	0	0	0	0	0	0	0	0	0	0	0	0	0	0	0	0	0	0	0	0	0	0	0	0	0	0	0	0	0	0	0	0	0	0	0	0	0	0	0	0	0	0	0	0	0	0	0	0	0	0	0	148	155	84	149	134	40	139	160	175	216	94	56	91	124	25	137	119	72	194	72	97	110	53	52	189	118
0	0	0	0	0	0	0	0	0	0	0	0	0	0	0	0	0	0	0	0	0	0	0	0	0	0	0	0	0	0	0	0	0	0	0	0	0	0	0	0	0	0	0	0	0	0	0	0	0	0	0	0	0	0	0	0	0	0	0	0	0	0	0	0	0	0	0	0	0	0	0	0	0	0	0	0	0	0	0	0	0	0	0	0	0	0	0	0	0	0	0	0	0	0	0	0	0	0	0	0	0	0	0	95	110	165	160	102	133	89	82	117	136	172	54	91	93	165	172	72	141	30	179	146	107	202	124	58
0	0	0	0	0	0	0	0	0	0	0	0	0	0	0	0	0	0	0	0	0	0	0	0	0	0	0	0	0	0	0	0	0	0	0	0	0	0	0	0	0	0	0	0	0	0	0	0	0	0	0	0	0	0	0	0	0	0	0	0	0	0	0	0	0	0	0	0	0	0	0	0	0	0	0	0	0	0	0	0	0	0	0	0	0	0	0	0	0	0	0	0	0	0	0	0	0	0	0	0	0	0	0	0	86	99	31	154	165	32	144	168	90	195	84	98	61	135	178	124	153	156	91	23	121	166	137	83
0	0	0	0	0	0	0	0	0	0	0	0	0	0	0	0	0	0	0	0	0	0	0	0	0	0	0	0	0	0	0	0	0	0	0	0	0	0	0	0	0	0	0	0	0	0	0	0	0	0	0	0	0	0	0	0	0	0	0	0	0	0	0	0	0	0	0	0	0	0	0	0	0	0	0	0	0	0	0	0	0	0	0	0	0	0	0	0	0	0	0	0	0	0	0	0	0	0	0	0	0	0	0	0	0	151	62	114	37	134	116	162	177	166	102	127	14	148	70	122	130	156	91	116	66	109	107	172
0	0	0	0	0	0	0	0	0	0	0	0	0	0	0	0	0	0	0	0	0	0	0	0	0	0	0	0	0	0	0	0	0	0	0	0	0	0	0	0	0	0	0	0	0	0	0	0	0	0	0	0	0	0	0	0	0	0	0	0	0	0	0	0	0	0	0	0	0	0	0	0	0	0	0	0	0	0	0	0	0	0	0	0	0	0	0	0	0	0	0	0	0	0	0	0	0	0	0	0	0	0	0	0	0	0	203	150	99	98	160	189	89	147	149	91	133	157	126	141	155	144	158	163	77	100	49	189
0	0	0	0	0	0	0	0	0	0	0	0	0	0	0	0	0	0	0	0	0	0	0	0	0	0	0	0	0	0	0	0	0	0	0	0	0	0	0	0	0	0	0	0	0	0	0	0	0	0	0	0	0	0	0	0	0	0	0	0	0	0	0	0	0	0	0	0	0	0	0	0	0	0	0	0	0	0	0	0	0	0	0	0	0	0	0	0	0	0	0	0	0	0	0	0	0	0	0	0	0	0	0	0	0	0	0	12	96	167	175	70	142	163	222	85	190	99	63	116	133	52	113	105	64	149	148	155
0	0	0	0	0	0	0	0	0	0	0	0	0	0	0	0	0	0	0	0	0	0	0	0	0	0	0	0	0	0	0	0	0	0	0	0	0	0	0	0	0	0	0	0	0	0	0	0	0	0	0	0	0	0	0	0	0	0	0	0	0	0	0	0	0	0	0	0	0	0	0	0	0	0	0	0	0	0	0	0	0	0	0	0	0	0	0	0	0	0	0	0	0	0	0	0	0	0	0	0	0	0	0	0	0	0	0	0	76	101	48	83	133	106	103	107	123	75	133	185	182	110	28	93	132	148	182	107
0	0	0	0	0	0	0	0	0	0	0	0	0	0	0	0	0	0	0	0	0	0	0	0	0	0	0	0	0	0	0	0	0	0	0	0	0	0	0	0	0	0	0	0	0	0	0	0	0	0	0	0	0	0	0	0	0	0	0	0	0	0	0	0	0	0	0	0	0	0	0	0	0	0	0	0	0	0	0	0	0	0	0	0	0	0	0	0	0	0	0	0	0	0	0	0	0	0	0	0	0	0	0	0	0	0	0	0	0	96	180	150	163	65	20	87	223	95	101	152	125	176	90	159	170	181	103	173
0	0	0	0	0	0	0	0	0	0	0	0	0	0	0	0	0	0	0	0	0	0	0	0	0	0	0	0	0	0	0	0	0	0	0	0	0	0	0	0	0	0	0	0	0	0	0	0	0	0	0	0	0	0	0	0	0	0	0	0	0	0	0	0	0	0	0	0	0	0	0	0	0	0	0	0	0	0	0	0	0	0	0	0	0	0	0	0	0	0	0	0	0	0	0	0	0	0	0	0	0	0	0	0	0	0	0	0	0	0	10	127	114	171	35	154	196	72	5	140	55	196	198	116	51	115	83	60
0	0	0	0	0	0	0	0	0	0	0	0	0	0	0	0	0	0	0	0	0	0	0	0	0	0	0	0	0	0	0	0	0	0	0	0	0	0	0	0	0	0	0	0	0	0	0	0	0	0	0	0	0	0	0	0	0	0	0	0	0	0	0	0	0	0	0	0	0	0	0	0	0	0	0	0	0	0	0	0	0	0	0	0	0	0	0	0	0	0	0	0	0	0	0	0	0	0	0	0	0	0	0	0	0	0	0	0	0	0	0	84	179	42	239	112	95	75	69	166	206	111	112	186	133	177	58	72
0	0	0	0	0	0	0	0	0	0	0	0	0	0	0	0	0	0	0	0	0	0	0	0	0	0	0	0	0	0	0	0	0	0	0	0	0	0	0	0	0	0	0	0	0	0	0	0	0	0	0	0	0	0	0	0	0	0	0	0	0	0	0	0	0	0	0	0	0	0	0	0	0	0	0	0	0	0	0	0	0	0	0	0	0	0	0	0	0	0	0	0	0	0	0	0	0	0	0	0	0	0	0	0	0	0	0	0	0	0	0	0	93	117	152	57	25	128	178	77	219	109	119	165	80	114	97	114
0	0	0	0	0	0	0	0	0	0	0	0	0	0	0	0	0	0	0	0	0	0	0	0	0	0	0	0	0	0	0	0	0	0	0	0	0	0	0	0	0	0	0	0	0	0	0	0	0	0	0	0	0	0	0	0	0	0	0	0	0	0	0	0	0	0	0	0	0	0	0	0	0	0	0	0	0	0	0	0	0	0	0	0	0	0	0	0	0	0	0	0	0	0	0	0	0	0	0	0	0	0	0	0	0	0	0	0	0	0	0	0	0	64	86	140	73	105	152	148	87	139	192	162	202	98	207	164
0	0	0	0	0	0	0	0	0	0	0	0	0	0	0	0	0	0	0	0	0	0	0	0	0	0	0	0	0	0	0	0	0	0	0	0	0	0	0	0	0	0	0	0	0	0	0	0	0	0	0	0	0	0	0	0	0	0	0	0	0	0	0	0	0	0	0	0	0	0	0	0	0	0	0	0	0	0	0	0	0	0	0	0	0	0	0	0	0	0	0	0	0	0	0	0	0	0	0	0	0	0	0	0	0	0	0	0	0	0	0	0	0	0	180	196	131	147	157	90	167	177	61	133	173	79	111	93
0	0	0	0	0	0	0	0	0	0	0	0	0	0	0	0	0	0	0	0	0	0	0	0	0	0	0	0	0	0	0	0	0	0	0	0	0	0	0	0	0	0	0	0	0	0	0	0	0	0	0	0	0	0	0	0	0	0	0	0	0	0	0	0	0	0	0	0	0	0	0	0	0	0	0	0	0	0	0	0	0	0	0	0	0	0	0	0	0	0	0	0	0	0	0	0	0	0	0	0	0	0	0	0	0	0	0	0	0	0	0	0	0	0	0	166	153	88	116	121	179	160	121	52	103	32	108	151
0	0	0	0	0	0	0	0	0	0	0	0	0	0	0	0	0	0	0	0	0	0	0	0	0	0	0	0	0	0	0	0	0	0	0	0	0	0	0	0	0	0	0	0	0	0	0	0	0	0	0	0	0	0	0	0	0	0	0	0	0	0	0	0	0	0	0	0	0	0	0	0	0	0	0	0	0	0	0	0	0	0	0	0	0	0	0	0	0	0	0	0	0	0	0	0	0	0	0	0	0	0	0	0	0	0	0	0	0	0	0	0	0	0	0	0	134	168	131	106	198	76	157	165	116	104	52	46
0	0	0	0	0	0	0	0	0	0	0	0	0	0	0	0	0	0	0	0	0	0	0	0	0	0	0	0	0	0	0	0	0	0	0	0	0	0	0	0	0	0	0	0	0	0	0	0	0	0	0	0	0	0	0	0	0	0	0	0	0	0	0	0	0	0	0	0	0	0	0	0	0	0	0	0	0	0	0	0	0	0	0	0	0	0	0	0	0	0	0	0	0	0	0	0	0	0	0	0	0	0	0	0	0	0	0	0	0	0	0	0	0	0	0	0	0	191	132	74	180	94	201	117	126	227	143	102
0	0	0	0	0	0	0	0	0	0	0	0	0	0	0	0	0	0	0	0	0	0	0	0	0	0	0	0	0	0	0	0	0	0	0	0	0	0	0	0	0	0	0	0	0	0	0	0	0	0	0	0	0	0	0	0	0	0	0	0	0	0	0	0	0	0	0	0	0	0	0	0	0	0	0	0	0	0	0	0	0	0	0	0	0	0	0	0	0	0	0	0	0	0	0	0	0	0	0	0	0	0	0	0	0	0	0	0	0	0	0	0	0	0	0	0	0	0	201	140	153	48	140	132	94	184	111	175
0	0	0	0	0	0	0	0	0	0	0	0	0	0	0	0	0	0	0	0	0	0	0	0	0	0	0	0	0	0	0	0	0	0	0	0	0	0	0	0	0	0	0	0	0	0	0	0	0	0	0	0	0	0	0	0	0	0	0	0	0	0	0	0	0	0	0	0	0	0	0	0	0	0	0	0	0	0	0	0	0	0	0	0	0	0	0	0	0	0	0	0	0	0	0	0	0	0	0	0	0	0	0	0	0	0	0	0	0	0	0	0	0	0	0	0	0	0	0	206	130	75	189	44	117	13	55	92
0	0	0	0	0	0	0	0	0	0	0	0	0	0	0	0	0	0	0	0	0	0	0	0	0	0	0	0	0	0	0	0	0	0	0	0	0	0	0	0	0	0	0	0	0	0	0	0	0	0	0	0	0	0	0	0	0	0	0	0	0	0	0	0	0	0	0	0	0	0	0	0	0	0	0	0	0	0	0	0	0	0	0	0	0	0	0	0	0	0	0	0	0	0	0	0	0	0	0	0	0	0	0	0	0	0	0	0	0	0	0	0	0	0	0	0	0	0	0	0	170	134	187	69	108	100	188	129
0	0	0	0	0	0	0	0	0	0	0	0	0	0	0	0	0	0	0	0	0	0	0	0	0	0	0	0	0	0	0	0	0	0	0	0	0	0	0	0	0	0	0	0	0	0	0	0	0	0	0	0	0	0	0	0	0	0	0	0	0	0	0	0	0	0	0	0	0	0	0	0	0	0	0	0	0	0	0	0	0	0	0	0	0	0	0	0	0	0	0	0	0	0	0	0	0	0	0	0	0	0	0	0	0	0	0	0	0	0	0	0	0	0	0	0	0	0	0	0	0	110	142	239	164	84	124	166
0	0	0	0	0	0	0	0	0	0	0	0	0	0	0	0	0	0	0	0	0	0	0	0	0	0	0	0	0	0	0	0	0	0	0	0	0	0	0	0	0	0	0	0	0	0	0	0	0	0	0	0	0	0	0	0	0	0	0	0	0	0	0	0	0	0	0	0	0	0	0	0	0	0	0	0	0	0	0	0	0	0	0	0	0	0	0	0	0	0	0	0	0	0	0	0	0	0	0	0	0	0	0	0	0	0	0	0	0	0	0	0	0	0	0	0	0	0	0	0	0	0	205	45	165	44	151	144
0	0	0	0	0	0	0	0	0	0	0	0	0	0	0	0	0	0	0	0	0	0	0	0	0	0	0	0	0	0	0	0	0	0	0	0	0	0	0	0	0	0	0	0	0	0	0	0	0	0	0	0	0	0	0	0	0	0	0	0	0	0	0	0	0	0	0	0	0	0	0	0	0	0	0	0	0	0	0	0	0	0	0	0	0	0	0	0	0	0	0	0	0	0	0	0	0	0	0	0	0	0	0	0	0	0	0	0	0	0	0	0	0	0	0	0	0	0	0	0	0	0	0	135	94	28	171	92
0	0	0	0	0	0	0	0	0	0	0	0	0	0	0	0	0	0	0	0	0	0	0	0	0	0	0	0	0	0	0	0	0	0	0	0	0	0	0	0	0	0	0	0	0	0	0	0	0	0	0	0	0	0	0	0	0	0	0	0	0	0	0	0	0	0	0	0	0	0	0	0	0	0	0	0	0	0	0	0	0	0	0	0	0	0	0	0	0	0	0	0	0	0	0	0	0	0	0	0	0	0	0	0	0	0	0	0	0	0	0	0	0	0	0	0	0	0	0	0	0	0	0	0	72	53	154	122
0	0	0	0	0	0	0	0	0	0	0	0	0	0	0	0	0	0	0	0	0	0	0	0	0	0	0	0	0	0	0	0	0	0	0	0	0	0	0	0	0	0	0	0	0	0	0	0	0	0	0	0	0	0	0	0	0	0	0	0	0	0	0	0	0	0	0	0	0	0	0	0	0	0	0	0	0	0	0	0	0	0	0	0	0	0	0	0	0	0	0	0	0	0	0	0	0	0	0	0	0	0	0	0	0	0	0	0	0	0	0	0	0	0	0	0	0	0	0	0	0	0	0	0	0	168	166	164
0	0	0	0	0	0	0	0	0	0	0	0	0	0	0	0	0	0	0	0	0	0	0	0	0	0	0	0	0	0	0	0	0	0	0	0	0	0	0	0	0	0	0	0	0	0	0	0	0	0	0	0	0	0	0	0	0	0	0	0	0	0	0	0	0	0	0	0	0	0	0	0	0	0	0	0	0	0	0	0	0	0	0	0	0	0	0	0	0	0	0	0	0	0	0	0	0	0	0	0	0	0	0	0	0	0	0	0	0	0	0	0	0	0	0	0	0	0	0	0	0	0	0	0	0	0	156	91
0	0	0	0	0	0	0	0	0	0	0	0	0	0	0	0	0	0	0	0	0	0	0	0	0	0	0	0	0	0	0	0	0	0	0	0	0	0	0	0	0	0	0	0	0	0	0	0	0	0	0	0	0	0	0	0	0	0	0	0	0	0	0	0	0	0	0	0	0	0	0	0	0	0	0	0	0	0	0	0	0	0	0	0	0	0	0	0	0	0	0	0	0	0	0	0	0	0	0	0	0	0	0	0	0	0	0	0	0	0	0	0	0	0	0	0	0	0	0	0	0	0	0	0	0	0	0	59
0	0	0	0	0	0	0	0	0	0	0	0	0	0	0	0	0	0	0	0	0	0	0	0	0	0	0	0	0	0	0	0	0	0	0	0	0	0	0	0	0	0	0	0	0	0	0	0	0	0	0	0	0	0	0	0	0	0	0	0	0	0	0	0	0	0	0	0	0	0	0	0	0	0	0	0	0	0	0	0	0	0	0	0	0	0	0	0	0	0	0	0	0	0	0	0	0	0	0	0	0	0	0	0	0	0	0	0	0	0	0	0	0	0	0	0	0	0	0	0	0	0	0	0	0	0	0	0