0	17	84	115	82	65	119	95	101	47	28	40	82	15	75	8	81	119	108	74	56	74	80	22	68	17	11	67	43	72	62	75	32	107	79	114	123	85	94	86	100	60	112	110	83	41	100	71	100	82	50	69	123	18	126	77	100	120	87	120	106	91	122	116	32	14	38	55	124	104	41	56	83	38	127	36	34	9	43	111	2	108	38	40	17	50	69	41	101	28	5	50	51	74	42	126	61	36	7	18	37	100	120	110	61	30	79	74	85	43	42	96	114	117	81	60	87	88	11	39	50	100	55	40	120	94	112	64
0	0	38	34	97	107	14	42	25	82	5	35	64	65	118	80	31	9	103	108	129	93	79	123	18	76	68	52	80	105	94	13	107	44	93	19	26	117	122	26	51	54	17	16	59	30	16	21	57	98	90	81	119	10	79	29	99	64	37	56	62	56	99	76	77	6	28	64	14	78	8	119	48	96	17	100	78	115	34	129	10	117	128	99	92	111	37	73	46	48	19	115	125	118	13	119	59	129	48	126	35	47	70	98	128	100	117	2	40	18	65	22	90	93	55	33	20	81	38	40	53	126	44	90	129	107	86	114
0	0	0	89	43	83	76	73	4	42	25	127	19	16	95	7	51	113	56	129	113	68	76	95	109	118	34	7	15	72	108	110	84	102	24	15	24	105	101	62	119	59	39	89	9	18	68	26	12	12	11	7	45	87	63	42	98	66	64	21	25	48	69	98	19	58	59	48	66	26	56	75	11	37	51	123	108	28	110	21	92	21	49	95	119	42	115	30	119	33	104	108	99	50	107	44	59	15	47	18	93	29	15	33	13	75	124	51	15	124	80	18	5	128	108	86	38	58	3	48	116	81	109	34	38	19	115	18
0	0	0	0	109	108	83	43	15	70	95	64	129	71	123	22	3	3	47	24	58	47	99	43	130	46	70	64	61	33	9	92	39	67	101	28	63	46	70	68	18	46	24	76	117	18	73	16	37	58	82	3	55	84	15	95	48	91	73	41	66	35	49	35	55	119	109	24	126	93	33	110	7	12	66	52	99	41	41	65	76	15	112	4	33	62	51	47	91	84	89	91	64	51	83	55	107	28	39	118	77	10	16	70	6	41	127	63	57	26	30	76	35	11	69	69	26	104	111	29	89	31	85	109	29	44	18	60
0	0	0	0	0	99	38	126	89	117	93	94	127	62	62	110	130	21	3	96	69	52	57	9	129	77	86	118	59	49	45	119	88	48	52	120	22	50	70	81	21	63	62	34	11	72	89	98	7	124	90	132	61	10	29	111	90	128	80	111	67	61	87	108	36	81	14	87	80	43	6	47	33	5	26	125	70	59	126	6	8	114	55	33	95	32	68	26	40	90	44	20	86	16	85	67	14	27	78	96	67	19	81	97	114	77	123	88	82	29	93	22	47	66	79	83	71	56	97	59	44	5	3	91	6	49	94	94
0	0	0	0	0	0	63	45	29	106	92	54	22	75	68	59	63	124	18	57	27	117	123	75	110	59	112	43	52	103	70	94	64	134	91	117	19	70	36	11	104	31	17	78	32	44	25	94	85	81	110	128	30	107	59	29	123	131	109	3	14	43	37	29	97	43	10	19	80	113	117	13	106	126	103	31	18	85	10	9	89	13	126	113	33	122	56	96	103	71	49	68	8	129	82	131	77	15	92	27	20	94	31	52	15	128	56	57	85	41	48	117	39	89	59	107	106	17	49	23	76	69	26	121	93	12	127	98
0	0	0	0	0	0	0	120	58	49	111	69	61	20	49	6	43	79	68	6	94	101	123	112	27	128	35	129	87	8	73	50	114	37	86	129	58	5	104	14	97	61	3	54	60	25	125	44	56	109	58	19	125	59	105	16	75	28	49	10	117	96	97	12	32	87	128	28	58	65	74	78	88	95	97	104	96	109	106	105	31	66	104	27	75	57	79	69	124	16	9	100	61	27	63	79	47	82	114	23	130	64	95	70	80	37	12	71	46	112	122	21	82	38	77	104	14	132	60	57	68	10	107	105	15	42	111	28
0	0	0	0	0	0	0	0	75	38	93	124	20	96	3	39	125	57	50	48	109	48	78	5	89	44	109	105	38	63	124	108	129	112	116	129	62	67	18	37	66	12	67	39	21	48	80	85	114	126	89	70	130	132	20	107	45	39	9	31	80	7	78	21	16	131	78	93	9	25	84	96	91	115	101	7	53	114	106	38	13	25	51	60	80	29	31	81	64	42	53	107	131	73	121	13	119	124	32	126	53	119	52	126	42	75	107	60	50	118	35	18	113	113	10	52	18	117	113	111	34	76	28	70	115	7	118	95
0	0	0	0	0	0	0	0	0	12	21	41	44	81	31	100	52	39	114	117	67	62	26	30	84	59	97	88	89	115	16	109	36	59	113	11	96	29	87	134	24	80	80	24	115	67	79	48	131	78	64	129	110	116	47	108	89	91	72	17	80	36	109	94	50	15	19	69	135	99	70	48	102	105	68	68	10	76	91	47	48	97	10	31	24	90	117	92	19	51	27	118	104	38	75	27	81	92	31	100	22	50	116	112	16	17	83	108	131	70	25	120	131	131	53	73	42	75	120	127	26	22	15	20	61	116	53	86
0	0	0	0	0	0	0	0	0	0	44	77	88	17	38	122	18	2	122	112	81	4	41	20	107	56	117	105	132	118	132	102	57	50	87	121	77	121	34	104	52	123	67	14	95	53	22	45	119	118	13	11	91	61	86	67	68	89	55	118	123	130	53	89	110	19	42	81	67	103	45	57	94	85	135	33	47	73	122	117	68	82	129	88	25	111	85	28	99	111	93	117	34	126	44	7	33	127	83	115	12	37	53	131	80	93	102	130	65	87	22	29	18	73	22	37	53	60	49	65	17	6	57	70	124	33	114	46
0	0	0	0	0	0	0	0	0	0	0	37	106	21	97	8	72	25	68	74	48	53	85	105	76	99	21	25	75	28	17	75	62	111	121	87	37	28	134	92	19	26	42	53	87	93	119	124	116	110	105	104	97	48	70	47	23	87	101	26	56	120	131	111	122	16	47	101	115	102	36	16	102	9	94	20	112	45	43	105	40	119	117	9	109	31	34	38	9	10	85	67	77	89	77	16	89	86	59	36	13	92	18	30	26	99	10	77	87	68	76	75	41	134	127	65	122	49	107	35	107	57	137	125	36	32	67	118
0	0	0	0	0	0	0	0	0	0	0	0	101	51	123	61	28	78	64	112	96	92	119	132	94	53	94	92	122	47	20	39	66	26	27	102	132	15	33	104	101	27	114	38	105	114	104	23	103	54	98	23	113	129	42	88	109	61	37	104	118	108	15	85	97	93	56	21	99	28	85	122	30	80	69	134	129	12	51	17	115	73	122	82	56	80	42	51	115	40	92	63	28	46	90	131	43	20	23	75	80	8	26	21	41	99	54	10	51	104	116	120	97	98	72	18	25	122	116	104	69	123	108	111	78	79	66	35
0	0	0	0	0	0	0	0	0	0	0	0	0	67	130	68	128	126	51	28	61	33	29	28	132	42	82	81	56	129	23	138	101	134	84	57	117	43	101	121	59	109	65	45	105	130	70	123	35	106	44	98	63	113	63	89	122	103	85	80	18	44	13	121	50	28	82	64	28	68	27	94	118	70	134	69	70	77	102	110	89	106	108	63	84	114	19	43	120	54	3	63	67	20	84	43	130	98	76	21	116	29	61	57	130	127	26	85	115	65	12	75	77	14	50	8	98	114	20	125	99	128	125	29	14	36	21	44
0	0	0	0	0	0	0	0	0	0	0	0	0	0	130	106	42	95	29	35	84	21	64	80	113	119	109	98	99	14	13	125	4	61	130	130	25	27	48	99	30	62	110	97	43	40	61	46	96	132	76	2	42	84	56	44	99	87	70	42	91	12	76	96	30	88	115	69	89	49	61	15	36	121	105	12	29	28	94	71	91	127	5	125	131	37	133	126	139	57	120	91	105	21	70	84	90	93	111	15	16	101	21	53	113	11	121	107	38	119	96	112	125	29	120	79	27	98	109	26	97	36	71	15	40	33	123	140
0	0	0	0	0	0	0	0	0	0	0	0	0	0	0	61	83	121	51	62	48	117	87	70	116	132	139	48	127	73	27	41	61	20	26	35	61	65	126	47	73	29	108	80	124	41	38	129	15	21	110	98	18	7	123	52	91	29	89	72	24	96	25	135	69	67	36	51	104	50	31	49	36	54	67	103	35	67	90	74	122	46	37	100	84	46	82	31	48	63	99	80	73	35	20	129	28	93	40	4	57	34	87	52	55	92	21	95	20	99	82	36	81	103	45	44	49	84	24	67	112	128	120	28	110	23	123	11
0	0	0	0	0	0	0	0	0	0	0	0	0	0	0	0	67	39	97	70	138	32	119	42	114	130	15	67	85	132	25	38	82	120	116	116	58	129	110	52	120	85	95	69	119	34	23	49	49	39	118	67	129	44	62	16	131	45	75	21	108	41	72	133	46	14	61	73	111	115	57	18	80	131	44	101	56	105	135	15	140	95	78	35	101	73	53	97	117	125	115	141	32	115	137	69	103	91	142	115	18	92	51	136	101	44	124	32	44	105	94	141	22	141	120	18	87	106	69	59	16	71	46	87	99	106	46	63
0	0	0	0	0	0	0	0	0	0	0	0	0	0	0	0	0	31	87	33	62	56	120	33	70	138	121	32	17	45	107	123	113	66	61	49	54	94	42	30	86	130	93	122	69	94	130	71	134	38	66	69	73	46	17	41	40	113	96	12	95	127	43	68	10	69	130	22	65	94	37	90	47	102	76	10	76	67	60	64	55	98	39	31	31	127	25	46	69	11	30	64	59	98	69	7	116	13	137	8	133	127	10	103	100	130	90	69	4	60	79	52	26	112	42	16	102	70	43	131	80	65	93	115	48	74	60	91
0	0	0	0	0	0	0	0	0	0	0	0	0	0	0	0	0	0	5	56	9	140	33	72	47	49	42	87	14	9	119	34	115	46	93	124	20	33	57	100	54	113	113	52	71	99	63	17	72	42	54	43	70	13	78	103	131	31	67	14	31	18	66	112	108	62	66	122	114	97	73	91	18	34	128	139	39	84	51	24	133	36	87	97	145	112	51	118	119	120	102	59	32	51	61	80	61	53	116	93	97	111	101	122	114	128	99	57	61	118	120	11	60	8	78	141	82	99	91	92	13	124	126	77	107	126	127	47
0	0	0	0	0	0	0	0	0	0	0	0	0	0	0	0	0	0	0	9	117	24	118	92	31	108	55	112	73	129	81	41	63	44	130	36	113	143	58	23	93	47	62	51	134	25	85	42	23	75	27	56	128	70	105	59	24	80	61	18	120	51	88	31	20	67	97	37	65	111	49	37	140	43	94	33	36	88	102	40	16	80	26	32	99	51	75	53	146	127	126	105	52	61	31	28	80	124	48	129	72	67	19	12	8	14	39	89	67	29	121	41	40	122	113	28	46	103	73	84	47	99	66	46	99	12	83	80
0	0	0	0	0	0	0	0	0	0	0	0	0	0	0	0	0	0	0	0	94	64	70	110	76	78	14	74	40	115	53	105	80	78	116	81	68	106	54	89	93	61	39	11	17	42	18	122	34	84	33	33	32	86	96	118	61	82	96	103	123	63	24	47	14	112	73	67	142	13	16	109	26	112	124	56	96	132	28	59	144	18	134	69	60	64	90	141	101	119	27	29	25	79	65	114	119	65	125	105	70	105	74	29	57	125	80	20	68	83	46	69	137	90	86	72	125	107	125	45	54	63	88	128	117	88	110	97
0	0	0	0	0	0	0	0	0	0	0	0	0	0	0	0	0	0	0	0	0	67	123	93	58	44	72	11	134	15	108	126	61	124	37	102	39	60	99	81	105	86	120	101	55	68	37	44	133	43	124	116	26	86	98	120	55	136	12	52	75	122	86	52	33	52	47	16	25	34	93	132	82	108	16	97	136	59	105	45	33	120	121	8	74	137	98	58	91	124	32	74	53	85	17	12	106	112	124	117	26	33	106	85	127	27	49	77	75	25	77	69	43	36	70	48	125	25	26	50	103	49	24	126	125	81	20	23
0	0	0	0	0	0	0	0	0	0	0	0	0	0	0	0	0	0	0	0	0	0	50	57	61	88	67	97	13	67	24	147	112	93	127	83	42	118	105	36	70	21	66	130	88	54	144	124	124	24	102	85	95	50	92	82	53	124	126	121	40	138	120	119	20	122	69	105	29	89	118	83	124	24	22	60	30	100	141	124	43	128	67	106	68	83	101	64	118	30	96	85	133	104	133	143	114	61	101	93	112	100	53	120	83	125	83	31	137	79	42	30	60	78	11	62	47	88	41	124	50	109	108	115	94	58	67	55
0	0	0	0	0	0	0	0	0	0	0	0	0	0	0	0	0	0	0	0	0	0	0	29	118	137	44	14	60	21	68	100	142	134	103	142	56	51	70	127	25	92	29	132	49	135	113	87	48	55	79	52	22	97	54	94	60	117	120	63	101	41	46	68	38	51	70	65	50	30	50	61	90	22	57	59	67	144	137	146	138	97	29	43	141	72	120	39	45	56	71	31	81	83	131	6	78	49	55	22	28	89	131	85	98	37	96	131	29	48	66	57	90	145	79	123	97	106	90	108	20	104	54	102	41	30	13	26
0	0	0	0	0	0	0	0	0	0	0	0	0	0	0	0	0	0	0	0	0	0	0	0	61	8	109	3	75	36	51	39	97	51	89	50	9	20	87	43	36	61	25	51	70	102	98	87	116	135	25	44	97	66	68	114	129	133	78	41	44	86	9	37	76	57	38	127	90	126	61	120	64	21	46	83	131	38	80	96	124	82	119	17	31	88	93	90	120	60	67	62	57	106	103	21	126	66	92	63	29	54	77	77	65	128	58	21	60	150	59	65	88	110	112	41	91	115	100	51	94	13	75	111	112	35	62	85
0	0	0	0	0	0	0	0	0	0	0	0	0	0	0	0	0	0	0	0	0	0	0	0	0	58	145	120	140	8	76	119	70	76	19	97	67	128	16	65	93	60	55	59	25	94	16	33	130	11	120	129	63	29	46	69	14	104	86	88	30	90	91	104	140	95	17	149	44	115	23	99	67	79	30	79	49	32	89	62	55	39	53	21	26	54	87	72	110	64	89	122	132	147	82	86	123	78	94	49	76	64	58	46	93	106	64	136	36	118	26	24	26	98	49	102	99	19	135	11	60	61	9	96	133	74	70	83
0	0	0	0	0	0	0	0	0	0	0	0	0	0	0	0	0	0	0	0	0	0	0	0	0	0	49	59	119	143	134	74	48	21	30	79	29	124	92	92	104	82	105	49	27	76	129	91	78	63	90	123	61	106	64	40	46	35	107	26	27	91	48	48	94	110	141	85	134	66	123	52	67	135	137	60	81	133	23	56	51	25	89	137	108	77	131	109	131	39	20	33	120	128	64	49	12	17	71	40	65	56	51	31	51	57	69	119	58	134	106	83	57	100	137	119	24	48	56	132	113	26	98	18	43	131	58	34
0	0	0	0	0	0	0	0	0	0	0	0	0	0	0	0	0	0	0	0	0	0	0	0	0	0	0	44	132	124	107	61	69	46	114	65	106	68	66	10	114	126	115	47	100	28	133	38	47	113	23	90	8	104	48	42	11	124	98	96	19	109	43	145	140	54	14	59	77	79	64	30	126	144	105	62	41	32	60	132	125	116	51	38	98	42	119	102	28	122	76	126	77	95	45	67	37	109	44	28	68	44	124	36	79	110	41	127	129	144	76	96	96	64	96	26	101	40	42	21	109	91	118	30	143	111	10	105
0	0	0	0	0	0	0	0	0	0	0	0	0	0	0	0	0	0	0	0	0	0	0	0	0	0	0	0	93	105	64	18	64	124	33	116	81	129	16	65	72	103	98	40	59	43	123	83	83	129	28	43	97	65	28	35	55	129	109	131	118	52	5	111	128	61	61	121	66	28	94	132	56	108	46	122	113	57	93	126	138	37	98	41	61	152	33	98	140	80	51	26	49	123	66	126	119	33	27	132	72	122	6	25	113	48	96	52	125	89	66	12	130	35	150	50	22	91	41	102	63	86	114	67	14	63	78	84
0	0	0	0	0	0	0	0	0	0	0	0	0	0	0	0	0	0	0	0	0	0	0	0	0	0	0	0	0	44	23	99	110	61	111	118	143	70	96	121	108	64	124	60	112	34	101	36	89	62	81	79	85	115	91	20	49	62	64	128	79	90	108	73	36	79	108	43	39	53	116	74	59	57	32	51	12	127	43	120	109	31	62	94	57	75	59	39	115	72	101	137	101	72	88	124	100	67	117	62	25	80	37	109	89	103	106	50	98	52	114	65	27	32	40	142	43	62	46	51	114	120	92	93	127	13	20	52
0	0	0	0	0	0	0	0	0	0	0	0	0	0	0	0	0	0	0	0	0	0	0	0	0	0	0	0	0	0	106	50	68	119	89	41	89	97	43	60	128	50	34	144	101	65	128	12	92	85	95	8	23	93	110	96	101	62	79	129	19	48	72	51	66	144	27	53	48	28	48	37	105	12	77	116	34	65	127	149	124	81	77	60	68	72	111	68	66	114	53	44	15	90	80	104	69	141	67	92	101	137	114	24	31	65	46	40	74	53	91	34	87	43	141	57	109	41	39	67	83	21	113	123	154	110	106	137
0	0	0	0	0	0	0	0	0	0	0	0	0	0	0	0	0	0	0	0	0	0	0	0	0	0	0	0	0	0	0	36	71	28	53	43	65	151	115	156	81	68	126	20	44	49	110	144	100	136	72	19	140	81	107	132	100	81	91	38	102	46	82	142	94	57	38	136	146	85	99	119	123	54	96	140	69	133	63	30	89	127	121	18	41	55	27	46	136	71	53	63	125	72	50	25	128	68	49	136	60	40	136	57	50	112	120	127	115	8	81	97	106	100	57	13	74	74	110	61	112	59	134	58	21	59	63	103
0	0	0	0	0	0	0	0	0	0	0	0	0	0	0	0	0	0	0	0	0	0	0	0	0	0	0	0	0	0	0	0	45	60	6	104	94	90	87	86	69	90	111	120	155	11	26	20	131	29	102	120	80	44	67	48	71	42	27	104	80	30	134	36	78	70	80	70	79	40	91	51	59	72	134	128	116	129	78	60	40	54	125	148	24	60	21	146	122	92	33	150	133	60	34	36	81	100	50	104	49	75	18	141	106	19	121	33	48	116	51	151	34	102	142	43	42	95	153	49	139	72	94	74	102	67	94	63
0	0	0	0	0	0	0	0	0	0	0	0	0	0	0	0	0	0	0	0	0	0	0	0	0	0	0	0	0	0	0	0	0	88	109	95	44	67	44	51	147	43	81	100	55	154	33	128	109	128	69	112	107	35	117	71	84	20	23	10	125	45	117	123	99	97	112	32	12	116	58	24	127	73	52	102	34	71	31	128	128	84	23	137	142	58	153	28	106	105	35	13	54	84	113	62	133	35	57	129	56	121	38	37	66	24	50	105	27	62	68	65	45	45	115	48	102	35	7	39	41	58	145	70	35	95	107	100
0	0	0	0	0	0	0	0	0	0	0	0	0	0	0	0	0	0	0	0	0	0	0	0	0	0	0	0	0	0	0	0	0	0	42	42	133	54	49	99	55	72	134	128	109	135	65	144	52	55	153	88	102	141	71	94	108	21	17	112	28	114	65	81	45	114	87	31	43	66	155	113	105	147	64	86	108	37	103	108	50	57	81	155	71	70	75	128	56	60	30	129	101	56	95	122	80	63	112	116	20	8	111	114	134	121	121	35	79	122	27	46	27	49	128	105	104	79	60	98	75	78	122	120	142	126	129	77
0	0	0	0	0	0	0	0	0	0	0	0	0	0	0	0	0	0	0	0	0	0	0	0	0	0	0	0	0	0	0	0	0	0	0	144	63	26	141	109	33	64	63	130	92	137	82	41	116	93	117	39	95	52	151	78	107	100	61	55	34	100	33	61	70	82	48	74	33	84	140	50	90	137	144	26	38	54	51	128	86	56	95	72	80	72	147	139	90	19	102	122	143	158	57	120	90	76	15	81	38	131	64	133	84	123	122	44	50	49	150	79	143	86	67	33	35	121	67	80	53	53	91	139	114	43	137	133
0	0	0	0	0	0	0	0	0	0	0	0	0	0	0	0	0	0	0	0	0	0	0	0	0	0	0	0	0	0	0	0	0	0	0	0	136	53	64	88	131	89	26	122	117	52	138	124	26	137	72	137	67	61	90	24	91	100	80	134	114	105	114	157	95	122	93	62	108	101	73	111	117	126	71	97	5	67	106	28	59	137	48	71	62	90	78	27	100	14	125	108	20	141	23	146	119	22	90	106	40	27	107	42	67	98	73	92	73	124	116	2	59	66	104	25	40	68	52	130	104	135	51	45	58	131	51	103
0	0	0	0	0	0	0	0	0	0	0	0	0	0	0	0	0	0	0	0	0	0	0	0	0	0	0	0	0	0	0	0	0	0	0	0	0	115	136	43	145	19	123	158	71	117	44	69	59	52	11	141	70	82	122	84	107	45	60	114	161	44	115	136	47	60	110	68	79	56	55	102	112	159	67	36	124	85	141	105	112	125	115	35	133	31	74	127	107	110	123	119	52	129	125	138	70	137	63	111	78	32	73	98	34	72	130	78	72	154	89	109	43	60	96	109	119	108	128	80	120	87	54	76	64	105	131	49
0	0	0	0	0	0	0	0	0	0	0	0	0	0	0	0	0	0	0	0	0	0	0	0	0	0	0	0	0	0	0	0	0	0	0	0	0	0	109	159	13	90	95	71	64	95	79	127	58	44	70	95	116	89	19	70	93	160	122	70	83	55	34	47	96	135	130	135	109	44	63	52	36	78	52	48	133	85	79	137	82	143	126	101	27	141	59	11	122	81	20	72	34	83	130	91	118	147	104	13	76	49	104	38	14	72	39	19	76	40	80	70	117	141	18	134	32	71	133	20	84	103	85	121	128	109	86	44
0	0	0	0	0	0	0	0	0	0	0	0	0	0	0	0	0	0	0	0	0	0	0	0	0	0	0	0	0	0	0	0	0	0	0	0	0	0	0	143	35	38	89	54	86	93	107	147	19	103	29	9	98	47	121	163	97	66	48	70	25	91	111	55	12	125	67	67	120	71	128	121	41	80	136	4	36	120	60	69	12	108	72	68	104	139	46	162	91	133	88	71	131	70	117	121	103	111	29	129	65	133	100	129	42	45	9	91	134	52	56	27	51	108	93	76	111	139	70	143	105	142	157	108	98	109	132	54
0	0	0	0	0	0	0	0	0	0	0	0	0	0	0	0	0	0	0	0	0	0	0	0	0	0	0	0	0	0	0	0	0	0	0	0	0	0	0	0	116	99	34	62	73	108	101	110	136	110	42	95	153	108	122	121	48	118	43	66	129	148	47	128	73	30	83	135	39	102	79	144	90	97	40	105	41	102	52	79	126	104	108	52	46	135	71	69	108	123	17	6	116	84	101	161	113	146	44	79	93	22	42	136	47	73	127	117	95	43	49	45	89	135	126	63	80	92	34	44	131	145	28	85	147	100	128	148
0	0	0	0	0	0	0	0	0	0	0	0	0	0	0	0	0	0	0	0	0	0	0	0	0	0	0	0	0	0	0	0	0	0	0	0	0	0	0	0	0	135	48	98	53	67	59	84	47	119	82	103	52	159	112	56	99	133	90	120	108	132	41	136	16	136	70	12	127	89	152	105	91	47	137	68	55	92	154	60	117	78	68	69	44	121	43	130	83	72	41	127	68	75	44	37	58	102	150	19	113	119	11	85	150	53	71	100	10	138	10	34	70	95	107	88	110	110	36	86	104	49	59	25	62	78	114	137
0	0	0	0	0	0	0	0	0	0	0	0	0	0	0	0	0	0	0	0	0	0	0	0	0	0	0	0	0	0	0	0	0	0	0	0	0	0	0	0	0	0	18	75	111	108	17	90	100	91	123	14	102	71	132	155	12	126	63	163	86	139	123	40	75	124	41	59	153	22	86	4	71	98	124	99	128	147	141	92	152	68	116	76	161	121	130	98	66	7	20	31	93	122	66	79	99	126	50	33	77	141	151	121	111	72	20	105	80	114	53	164	42	89	51	31	110	62	159	141	140	97	23	6	158	136	82	50
0	0	0	0	0	0	0	0	0	0	0	0	0	0	0	0	0	0	0	0	0	0	0	0	0	0	0	0	0	0	0	0	0	0	0	0	0	0	0	0	0	0	0	102	74	90	55	66	96	136	4	68	109	52	58	104	35	54	107	149	131	92	80	65	17	120	90	77	23	78	130	70	163	61	47	128	123	152	41	54	125	103	49	32	68	75	135	161	86	161	74	33	128	50	98	115	141	74	120	39	63	57	92	116	54	79	75	44	90	146	56	123	151	32	64	165	130	63	104	106	133	155	128	25	59	136	29	92
0	0	0	0	0	0	0	0	0	0	0	0	0	0	0	0	0	0	0	0	0	0	0	0	0	0	0	0	0	0	0	0	0	0	0	0	0	0	0	0	0	0	0	0	125	123	101	81	127	107	105	129	26	72	128	123	31	121	85	27	121	62	128	155	65	144	52	96	126	28	110	110	62	48	92	100	65	35	53	64	108	53	73	117	36	127	109	118	162	131	105	71	90	72	99	72	83	31	114	113	58	115	54	121	154	62	53	32	19	45	108	60	41	55	72	90	51	75	31	54	67	134	123	144	119	30	110	131
0	0	0	0	0	0	0	0	0	0	0	0	0	0	0	0	0	0	0	0	0	0	0	0	0	0	0	0	0	0	0	0	0	0	0	0	0	0	0	0	0	0	0	0	0	91	120	126	69	142	74	111	53	138	97	114	93	43	79	164	12	49	116	72	55	43	110	154	27	60	86	87	93	73	48	168	102	91	49	100	18	60	31	117	158	114	102	140	78	49	68	47	115	133	53	85	69	44	99	98	87	128	34	52	156	112	138	119	132	48	138	74	123	57	113	122	109	133	66	61	23	156	28	17	134	86	44	109
0	0	0	0	0	0	0	0	0	0	0	0	0	0	0	0	0	0	0	0	0	0	0	0	0	0	0	0	0	0	0	0	0	0	0	0	0	0	0	0	0	0	0	0	0	0	169	109	125	81	119	66	82	133	132	90	62	131	74	72	76	32	90	42	156	99	157	60	47	96	104	31	37	92	129	67	80	74	49	128	121	51	109	115	56	36	53	75	68	100	107	131	8	90	76	55	83	76	91	79	139	126	67	135	90	90	90	144	123	151	46	89	147	110	86	103	112	122	135	119	94	38	107	128	85	43	33	159
0	0	0	0	0	0	0	0	0	0	0	0	0	0	0	0	0	0	0	0	0	0	0	0	0	0	0	0	0	0	0	0	0	0	0	0	0	0	0	0	0	0	0	0	0	0	0	119	93	100	34	45	56	115	72	134	140	95	57	131	146	68	171	63	119	145	24	83	67	97	35	90	52	60	30	25	65	149	82	72	102	105	59	144	60	113	81	165	114	86	43	68	70	156	134	43	45	73	102	152	135	96	121	52	134	20	115	70	109	25	68	103	44	121	28	40	24	57	28	43	96	129	30	46	136	98	39	108
0	0	0	0	0	0	0	0	0	0	0	0	0	0	0	0	0	0	0	0	0	0	0	0	0	0	0	0	0	0	0	0	0	0	0	0	0	0	0	0	0	0	0	0	0	0	0	0	123	73	139	41	86	126	151	56	58	127	64	65	79	128	103	149	17	86	114	10	92	11	112	149	43	51	88	81	92	41	107	21	26	76	137	116	132	98	44	153	106	38	44	93	100	106	51	136	131	130	103	157	54	40	78	133	125	132	152	97	107	64	104	82	114	10	63	114	51	88	128	88	123	165	18	146	161	24	96	24
0	0	0	0	0	0	0	0	0	0	0	0	0	0	0	0	0	0	0	0	0	0	0	0	0	0	0	0	0	0	0	0	0	0	0	0	0	0	0	0	0	0	0	0	0	0	0	0	0	35	126	53	91	57	26	60	87	67	131	111	117	98	74	39	52	109	111	26	154	69	83	97	107	82	50	114	123	55	108	87	60	88	34	98	166	140	94	154	98	30	125	104	95	104	139	44	107	20	85	122	55	168	62	59	63	117	87	79	32	96	17	116	148	100	75	20	36	141	49	108	72	108	43	92	12	7	37	20
0	0	0	0	0	0	0	0	0	0	0	0	0	0	0	0	0	0	0	0	0	0	0	0	0	0	0	0	0	0	0	0	0	0	0	0	0	0	0	0	0	0	0	0	0	0	0	0	0	0	130	69	94	47	120	140	86	111	76	92	128	54	71	114	46	143	84	97	62	150	62	44	137	53	29	165	135	114	61	79	100	95	58	170	27	110	132	123	64	119	28	71	142	24	104	27	53	53	85	121	160	123	77	76	31	155	96	46	11	112	104	137	148	78	36	91	47	155	77	85	107	34	153	89	39	146	79	154
0	0	0	0	0	0	0	0	0	0	0	0	0	0	0	0	0	0	0	0	0	0	0	0	0	0	0	0	0	0	0	0	0	0	0	0	0	0	0	0	0	0	0	0	0	0	0	0	0	0	0	74	27	77	127	54	69	128	29	121	145	61	96	42	39	106	78	37	105	122	133	105	48	44	42	68	125	160	38	19	147	89	158	153	123	136	82	66	114	89	88	97	44	102	13	38	74	151	54	58	101	65	117	46	131	74	72	100	108	69	130	107	30	4	58	165	104	95	90	70	53	129	153	87	74	64	41	53
0	0	0	0	0	0	0	0	0	0	0	0	0	0	0	0	0	0	0	0	0	0	0	0	0	0	0	0	0	0	0	0	0	0	0	0	0	0	0	0	0	0	0	0	0	0	0	0	0	0	0	0	128	74	130	125	147	101	45	107	139	127	23	98	54	57	121	106	82	131	75	48	19	23	141	121	70	100	132	42	153	99	142	152	67	61	97	155	36	99	55	159	82	62	55	115	112	88	82	29	126	32	103	100	161	84	113	130	70	103	112	121	86	95	127	41	42	126	85	172	90	128	64	76	67	115	87	58
0	0	0	0	0	0	0	0	0	0	0	0	0	0	0	0	0	0	0	0	0	0	0	0	0	0	0	0	0	0	0	0	0	0	0	0	0	0	0	0	0	0	0	0	0	0	0	0	0	0	0	0	0	60	109	73	60	52	61	76	70	113	65	136	121	89	70	61	77	44	156	121	142	100	109	125	108	101	55	19	150	95	109	150	112	65	122	63	70	90	52	54	51	91	144	160	38	128	31	24	62	93	98	45	128	127	104	148	153	118	74	139	101	142	123	76	86	45	69	154	130	61	128	102	137	111	61	41
0	0	0	0	0	0	0	0	0	0	0	0	0	0	0	0	0	0	0	0	0	0	0	0	0	0	0	0	0	0	0	0	0	0	0	0	0	0	0	0	0	0	0	0	0	0	0	0	0	0	0	0	0	0	71	158	132	61	130	68	144	73	131	44	56	125	69	86	45	134	38	31	50	140	92	154	78	83	101	54	55	89	138	85	47	45	165	104	110	80	113	28	61	165	48	23	92	142	111	46	47	44	65	86	119	136	106	71	66	86	128	133	96	181	67	134	59	90	120	97	91	65	96	139	74	66	96	84
0	0	0	0	0	0	0	0	0	0	0	0	0	0	0	0	0	0	0	0	0	0	0	0	0	0	0	0	0	0	0	0	0	0	0	0	0	0	0	0	0	0	0	0	0	0	0	0	0	0	0	0	0	0	0	129	134	61	69	90	106	21	105	63	125	74	54	109	142	68	120	118	63	126	102	71	60	144	50	129	44	75	78	77	107	118	140	77	42	126	36	179	58	93	117	120	100	127	100	172	127	171	61	52	17	123	10	65	43	75	49	101	109	13	51	139	52	70	168	69	82	85	65	58	60	89	35	62
0	0	0	0	0	0	0	0	0	0	0	0	0	0	0	0	0	0	0	0	0	0	0	0	0	0	0	0	0	0	0	0	0	0	0	0	0	0	0	0	0	0	0	0	0	0	0	0	0	0	0	0	0	0	0	0	50	81	80	77	50	73	111	126	133	77	49	143	148	150	112	120	142	102	44	112	77	143	120	148	156	110	111	28	71	57	56	94	155	63	53	45	141	95	133	117	85	127	151	115	68	69	101	47	59	124	129	148	84	101	106	89	87	63	172	154	73	135	110	132	139	122	27	114	43	133	12	67
0	0	0	0	0	0	0	0	0	0	0	0	0	0	0	0	0	0	0	0	0	0	0	0	0	0	0	0	0	0	0	0	0	0	0	0	0	0	0	0	0	0	0	0	0	0	0	0	0	0	0	0	0	0	0	0	0	71	56	51	74	116	129	65	136	45	110	97	136	119	57	138	176	173	134	125	66	131	121	137	53	117	119	144	77	120	178	101	76	118	56	168	169	116	27	85	145	93	110	87	84	118	111	103	122	98	150	43	72	65	90	58	35	72	65	91	130	118	64	103	122	143	35	139	53	62	134	143
0	0	0	0	0	0	0	0	0	0	0	0	0	0	0	0	0	0	0	0	0	0	0	0	0	0	0	0	0	0	0	0	0	0	0	0	0	0	0	0	0	0	0	0	0	0	0	0	0	0	0	0	0	0	0	0	0	0	106	40	94	131	34	87	151	121	124	170	182	58	117	140	113	15	27	161	70	81	11	57	102	141	149	48	59	141	108	82	74	111	163	153	64	40	149	63	75	58	55	117	58	130	76	28	100	97	56	70	76	60	162	27	45	79	134	155	78	127	51	40	106	90	142	96	23	124	85	112
0	0	0	0	0	0	0	0	0	0	0	0	0	0	0	0	0	0	0	0	0	0	0	0	0	0	0	0	0	0	0	0	0	0	0	0	0	0	0	0	0	0	0	0	0	0	0	0	0	0	0	0	0	0	0	0	0	0	0	111	112	134	45	87	23	73	31	139	53	26	36	60	182	68	34	141	115	81	183	46	110	137	66	105	16	121	89	99	53	100	182	130	72	168	86	59	103	139	42	51	78	146	67	65	48	108	119	103	81	113	55	57	126	133	112	129	19	130	107	89	35	105	100	95	52	122	102	82
0	0	0	0	0	0	0	0	0	0	0	0	0	0	0	0	0	0	0	0	0	0	0	0	0	0	0	0	0	0	0	0	0	0	0	0	0	0	0	0	0	0	0	0	0	0	0	0	0	0	0	0	0	0	0	0	0	0	0	0	99	44	165	43	100	69	38	103	153	101	153	162	98	85	137	117	68	76	50	157	144	117	118	61	111	52	161	88	102	93	102	105	45	92	56	32	71	118	127	124	54	105	109	101	94	65	112	133	120	39	96	163	109	57	93	124	104	77	38	147	142	13	89	132	80	80	95	115
0	0	0	0	0	0	0	0	0	0	0	0	0	0	0	0	0	0	0	0	0	0	0	0	0	0	0	0	0	0	0	0	0	0	0	0	0	0	0	0	0	0	0	0	0	0	0	0	0	0	0	0	0	0	0	0	0	0	0	0	0	186	110	115	151	129	13	160	34	35	72	81	147	35	73	45	148	95	101	174	57	75	119	116	123	72	83	107	152	56	129	118	76	63	84	41	82	99	61	137	107	101	127	50	42	73	95	77	125	113	89	51	47	82	51	121	88	135	36	171	108	151	39	156	146	31	75	122
0	0	0	0	0	0	0	0	0	0	0	0	0	0	0	0	0	0	0	0	0	0	0	0	0	0	0	0	0	0	0	0	0	0	0	0	0	0	0	0	0	0	0	0	0	0	0	0	0	0	0	0	0	0	0	0	0	0	0	0	0	0	117	132	132	90	111	88	99	120	60	94	91	89	59	31	72	90	53	80	100	139	49	130	68	61	108	169	119	101	162	99	130	85	87	69	129	23	102	122	103	123	122	89	64	188	164	77	149	99	45	129	104	178	40	73	168	158	93	71	22	161	61	97	93	75	169	143
0	0	0	0	0	0	0	0	0	0	0	0	0	0	0	0	0	0	0	0	0	0	0	0	0	0	0	0	0	0	0	0	0	0	0	0	0	0	0	0	0	0	0	0	0	0	0	0	0	0	0	0	0	0	0	0	0	0	0	0	0	0	0	82	148	167	52	46	42	142	68	24	80	67	131	138	147	137	2	48	50	144	56	147	115	111	56	157	88	90	72	59	68	101	62	59	138	157	147	107	169	79	87	95	99	90	100	135	54	30	44	72	164	81	107	93	53	94	90	167	101	69	108	81	92	93	63	174
0	0	0	0	0	0	0	0	0	0	0	0	0	0	0	0	0	0	0	0	0	0	0	0	0	0	0	0	0	0	0	0	0	0	0	0	0	0	0	0	0	0	0	0	0	0	0	0	0	0	0	0	0	0	0	0	0	0	0	0	0	0	0	0	53	94	121	77	44	77	139	103	122	130	75	97	114	50	94	175	144	99	69	106	72	126	159	39	70	114	73	102	173	126	80	111	104	72	80	74	43	60	90	76	73	36	159	48	97	62	23	157	109	81	83	93	92	40	149	106	64	146	163	73	118	77	137	11
0	0	0	0	0	0	0	0	0	0	0	0	0	0	0	0	0	0	0	0	0	0	0	0	0	0	0	0	0	0	0	0	0	0	0	0	0	0	0	0	0	0	0	0	0	0	0	0	0	0	0	0	0	0	0	0	0	0	0	0	0	0	0	0	0	44	80	138	45	110	94	119	94	168	172	96	39	91	113	128	99	119	131	71	118	63	30	81	68	138	43	92	184	104	105	68	90	138	96	16	150	126	68	179	90	83	108	115	140	71	67	117	60	49	116	169	117	35	60	87	62	90	98	67	51	129	48	53
0	0	0	0	0	0	0	0	0	0	0	0	0	0	0	0	0	0	0	0	0	0	0	0	0	0	0	0	0	0	0	0	0	0	0	0	0	0	0	0	0	0	0	0	0	0	0	0	0	0	0	0	0	0	0	0	0	0	0	0	0	0	0	0	0	0	87	71	89	43	58	143	131	141	166	169	137	54	140	153	93	121	94	119	103	97	175	192	134	124	124	134	101	170	94	63	104	157	34	132	124	116	137	118	91	44	89	155	32	107	85	113	147	113	57	61	64	161	129	103	187	105	75	56	108	60	35	127
0	0	0	0	0	0	0	0	0	0	0	0	0	0	0	0	0	0	0	0	0	0	0	0	0	0	0	0	0	0	0	0	0	0	0	0	0	0	0	0	0	0	0	0	0	0	0	0	0	0	0	0	0	0	0	0	0	0	0	0	0	0	0	0	0	0	0	86	6	76	57	97	169	168	101	132	83	109	46	42	93	144	95	107	145	96	135	112	110	90	49	137	138	161	80	190	141	104	58	144	44	81	115	104	103	102	131	116	128	150	116	77	101	132	121	116	69	104	86	156	162	124	85	74	102	25	149	31
0	0	0	0	0	0	0	0	0	0	0	0	0	0	0	0	0	0	0	0	0	0	0	0	0	0	0	0	0	0	0	0	0	0	0	0	0	0	0	0	0	0	0	0	0	0	0	0	0	0	0	0	0	0	0	0	0	0	0	0	0	0	0	0	0	0	0	0	61	58	58	18	81	66	36	95	127	92	31	78	171	44	71	138	124	142	156	156	56	128	90	114	88	105	90	32	160	101	118	53	79	120	152	94	184	166	115	69	132	147	154	19	97	135	92	110	95	103	61	73	25	126	61	30	114	158	109	121
0	0	0	0	0	0	0	0	0	0	0	0	0	0	0	0	0	0	0	0	0	0	0	0	0	0	0	0	0	0	0	0	0	0	0	0	0	0	0	0	0	0	0	0	0	0	0	0	0	0	0	0	0	0	0	0	0	0	0	0	0	0	0	0	0	0	0	0	0	13	108	150	70	70	156	77	138	37	139	172	101	21	84	86	55	181	88	64	61	98	57	127	26	125	154	88	84	60	96	125	118	79	142	88	98	96	93	172	68	107	56	44	65	113	114	124	73	88	75	67	60	65	88	27	65	92	45	130
0	0	0	0	0	0	0	0	0	0	0	0	0	0	0	0	0	0	0	0	0	0	0	0	0	0	0	0	0	0	0	0	0	0	0	0	0	0	0	0	0	0	0	0	0	0	0	0	0	0	0	0	0	0	0	0	0	0	0	0	0	0	0	0	0	0	0	0	0	0	110	56	64	40	110	141	82	77	75	105	103	165	59	119	121	116	92	91	98	143	135	152	72	47	98	147	79	72	99	124	129	114	52	122	65	86	99	47	133	169	172	52	45	134	138	19	69	93	52	132	75	69	82	45	82	151	45	104
0	0	0	0	0	0	0	0	0	0	0	0	0	0	0	0	0	0	0	0	0	0	0	0	0	0	0	0	0	0	0	0	0	0	0	0	0	0	0	0	0	0	0	0	0	0	0	0	0	0	0	0	0	0	0	0	0	0	0	0	0	0	0	0	0	0	0	0	0	0	0	60	105	78	48	142	42	121	143	87	98	121	72	140	64	164	29	42	116	62	32	26	55	37	117	140	180	73	76	83	177	79	35	150	63	91	117	125	81	86	128	47	38	135	68	157	98	114	98	57	104	94	140	56	153	132	107	37
0	0	0	0	0	0	0	0	0	0	0	0	0	0	0	0	0	0	0	0	0	0	0	0	0	0	0	0	0	0	0	0	0	0	0	0	0	0	0	0	0	0	0	0	0	0	0	0	0	0	0	0	0	0	0	0	0	0	0	0	0	0	0	0	0	0	0	0	0	0	0	0	68	101	115	91	118	56	70	81	175	161	32	188	46	94	149	127	80	161	148	163	29	46	135	79	58	122	45	56	37	29	196	107	163	53	149	90	96	46	91	157	83	73	187	88	130	84	171	58	126	31	90	28	96	93	96	148
0	0	0	0	0	0	0	0	0	0	0	0	0	0	0	0	0	0	0	0	0	0	0	0	0	0	0	0	0	0	0	0	0	0	0	0	0	0	0	0	0	0	0	0	0	0	0	0	0	0	0	0	0	0	0	0	0	0	0	0	0	0	0	0	0	0	0	0	0	0	0	0	0	42	54	134	109	7	59	73	103	163	102	148	124	136	114	148	116	64	163	61	127	118	163	93	155	50	80	135	104	84	44	100	159	35	26	93	182	48	112	94	138	165	146	118	109	91	117	71	141	63	140	104	139	36	147	83
0	0	0	0	0	0	0	0	0	0	0	0	0	0	0	0	0	0	0	0	0	0	0	0	0	0	0	0	0	0	0	0	0	0	0	0	0	0	0	0	0	0	0	0	0	0	0	0	0	0	0	0	0	0	0	0	0	0	0	0	0	0	0	0	0	0	0	0	0	0	0	0	0	0	143	38	144	95	80	72	49	160	108	90	99	64	45	93	107	187	177	114	120	52	70	170	55	63	63	158	56	110	113	98	170	52	188	162	57	136	175	17	82	54	183	54	89	54	192	150	51	53	101	63	62	71	21	46
0	0	0	0	0	0	0	0	0	0	0	0	0	0	0	0	0	0	0	0	0	0	0	0	0	0	0	0	0	0	0	0	0	0	0	0	0	0	0	0	0	0	0	0	0	0	0	0	0	0	0	0	0	0	0	0	0	0	0	0	0	0	0	0	0	0	0	0	0	0	0	0	0	0	0	77	58	69	60	123	154	63	136	71	85	138	33	169	147	113	102	108	37	83	94	108	94	77	127	114	152	174	101	135	32	108	83	119	106	82	25	50	99	138	138	43	83	130	129	157	197	62	131	78	103	56	127	71
0	0	0	0	0	0	0	0	0	0	0	0	0	0	0	0	0	0	0	0	0	0	0	0	0	0	0	0	0	0	0	0	0	0	0	0	0	0	0	0	0	0	0	0	0	0	0	0	0	0	0	0	0	0	0	0	0	0	0	0	0	0	0	0	0	0	0	0	0	0	0	0	0	0	0	0	129	83	100	79	35	159	135	134	126	90	113	108	123	96	126	123	60	105	65	58	113	187	76	113	116	139	78	59	114	60	84	24	40	133	49	20	150	73	110	43	129	177	52	71	89	137	78	102	103	107	130	135
0	0	0	0	0	0	0	0	0	0	0	0	0	0	0	0	0	0	0	0	0	0	0	0	0	0	0	0	0	0	0	0	0	0	0	0	0	0	0	0	0	0	0	0	0	0	0	0	0	0	0	0	0	0	0	0	0	0	0	0	0	0	0	0	0	0	0	0	0	0	0	0	0	0	0	0	0	172	148	84	191	61	52	81	147	122	114	140	147	68	120	114	66	72	106	137	23	108	167	68	29	40	43	81	57	41	155	49	159	72	132	167	97	54	60	161	123	142	65	182	102	126	133	105	148	86	34	184
0	0	0	0	0	0	0	0	0	0	0	0	0	0	0	0	0	0	0	0	0	0	0	0	0	0	0	0	0	0	0	0	0	0	0	0	0	0	0	0	0	0	0	0	0	0	0	0	0	0	0	0	0	0	0	0	0	0	0	0	0	0	0	0	0	0	0	0	0	0	0	0	0	0	0	0	0	0	162	84	32	149	154	116	95	183	132	118	59	100	55	157	121	105	104	112	115	63	120	21	91	153	182	108	156	98	77	75	77	58	27	61	92	101	6	169	49	85	199	119	93	158	124	82	171	80	88	26
0	0	0	0	0	0	0	0	0	0	0	0	0	0	0	0	0	0	0	0	0	0	0	0	0	0	0	0	0	0	0	0	0	0	0	0	0	0	0	0	0	0	0	0	0	0	0	0	0	0	0	0	0	0	0	0	0	0	0	0	0	0	0	0	0	0	0	0	0	0	0	0	0	0	0	0	0	0	0	172	90	90	89	64	28	143	89	74	28	57	58	133	116	87	86	60	29	160	140	47	21	40	107	86	163	84	104	19	141	139	23	27	118	89	48	78	93	76	177	20	43	113	129	133	127	144	78	85
0	0	0	0	0	0	0	0	0	0	0	0	0	0	0	0	0	0	0	0	0	0	0	0	0	0	0	0	0	0	0	0	0	0	0	0	0	0	0	0	0	0	0	0	0	0	0	0	0	0	0	0	0	0	0	0	0	0	0	0	0	0	0	0	0	0	0	0	0	0	0	0	0	0	0	0	0	0	0	0	75	68	92	163	111	135	65	73	37	119	131	69	196	111	61	88	53	89	124	90	161	152	118	83	131	49	73	31	94	156	112	50	66	37	73	150	102	97	155	106	143	60	177	155	103	105	179	88
0	0	0	0	0	0	0	0	0	0	0	0	0	0	0	0	0	0	0	0	0	0	0	0	0	0	0	0	0	0	0	0	0	0	0	0	0	0	0	0	0	0	0	0	0	0	0	0	0	0	0	0	0	0	0	0	0	0	0	0	0	0	0	0	0	0	0	0	0	0	0	0	0	0	0	0	0	0	0	0	0	144	145	192	90	95	148	57	179	103	72	56	37	161	87	17	147	125	77	73	96	93	19	175	87	97	99	138	123	175	79	73	134	82	149	128	58	78	150	140	87	40	157	115	87	100	116	128
0	0	0	0	0	0	0	0	0	0	0	0	0	0	0	0	0	0	0	0	0	0	0	0	0	0	0	0	0	0	0	0	0	0	0	0	0	0	0	0	0	0	0	0	0	0	0	0	0	0	0	0	0	0	0	0	0	0	0	0	0	0	0	0	0	0	0	0	0	0	0	0	0	0	0	0	0	0	0	0	0	0	149	190	118	149	103	64	95	68	134	116	134	134	68	121	135	66	25	78	78	79	31	87	117	151	165	142	136	51	89	121	101	202	82	43	169	83	129	130	16	140	92	179	23	126	24	109
0	0	0	0	0	0	0	0	0	0	0	0	0	0	0	0	0	0	0	0	0	0	0	0	0	0	0	0	0	0	0	0	0	0	0	0	0	0	0	0	0	0	0	0	0	0	0	0	0	0	0	0	0	0	0	0	0	0	0	0	0	0	0	0	0	0	0	0	0	0	0	0	0	0	0	0	0	0	0	0	0	0	0	123	82	115	94	95	111	168	103	171	116	118	51	64	85	80	51	145	125	143	82	136	127	41	29	106	136	56	85	107	89	87	45	171	94	192	180	178	137	180	116	54	121	113	183	94
0	0	0	0	0	0	0	0	0	0	0	0	0	0	0	0	0	0	0	0	0	0	0	0	0	0	0	0	0	0	0	0	0	0	0	0	0	0	0	0	0	0	0	0	0	0	0	0	0	0	0	0	0	0	0	0	0	0	0	0	0	0	0	0	0	0	0	0	0	0	0	0	0	0	0	0	0	0	0	0	0	0	0	0	91	173	46	72	88	173	109	176	74	179	122	162	118	38	145	162	157	70	151	119	178	66	164	106	111	112	115	130	114	86	94	139	167	57	104	142	35	49	118	57	127	88	125	49
0	0	0	0	0	0	0	0	0	0	0	0	0	0	0	0	0	0	0	0	0	0	0	0	0	0	0	0	0	0	0	0	0	0	0	0	0	0	0	0	0	0	0	0	0	0	0	0	0	0	0	0	0	0	0	0	0	0	0	0	0	0	0	0	0	0	0	0	0	0	0	0	0	0	0	0	0	0	0	0	0	0	0	0	0	88	62	59	118	90	113	87	118	95	89	72	126	46	121	155	90	142	157	160	95	106	44	24	140	39	111	123	92	73	55	36	76	153	125	124	133	139	160	153	32	77	33	185
0	0	0	0	0	0	0	0	0	0	0	0	0	0	0	0	0	0	0	0	0	0	0	0	0	0	0	0	0	0	0	0	0	0	0	0	0	0	0	0	0	0	0	0	0	0	0	0	0	0	0	0	0	0	0	0	0	0	0	0	0	0	0	0	0	0	0	0	0	0	0	0	0	0	0	0	0	0	0	0	0	0	0	0	0	0	89	42	149	60	92	149	123	106	65	48	65	86	107	82	131	166	100	124	101	144	112	148	84	95	67	105	163	169	154	183	130	97	75	150	67	158	83	72	128	72	170	167
0	0	0	0	0	0	0	0	0	0	0	0	0	0	0	0	0	0	0	0	0	0	0	0	0	0	0	0	0	0	0	0	0	0	0	0	0	0	0	0	0	0	0	0	0	0	0	0	0	0	0	0	0	0	0	0	0	0	0	0	0	0	0	0	0	0	0	0	0	0	0	0	0	0	0	0	0	0	0	0	0	0	0	0	0	0	0	94	169	81	57	157	75	162	110	193	121	177	45	136	100	180	122	66	146	80	102	190	110	123	127	158	165	78	70	110	112	85	152	134	107	116	128	84	15	187	140	89
0	0	0	0	0	0	0	0	0	0	0	0	0	0	0	0	0	0	0	0	0	0	0	0	0	0	0	0	0	0	0	0	0	0	0	0	0	0	0	0	0	0	0	0	0	0	0	0	0	0	0	0	0	0	0	0	0	0	0	0	0	0	0	0	0	0	0	0	0	0	0	0	0	0	0	0	0	0	0	0	0	0	0	0	0	0	0	0	19	186	159	75	124	92	127	92	169	89	83	185	140	85	109	115	176	82	71	117	31	47	135	112	154	121	123	53	101	97	45	111	79	80	71	110	100	92	143	157
0	0	0	0	0	0	0	0	0	0	0	0	0	0	0	0	0	0	0	0	0	0	0	0	0	0	0	0	0	0	0	0	0	0	0	0	0	0	0	0	0	0	0	0	0	0	0	0	0	0	0	0	0	0	0	0	0	0	0	0	0	0	0	0	0	0	0	0	0	0	0	0	0	0	0	0	0	0	0	0	0	0	0	0	0	0	0	0	0	108	117	70	112	103	96	87	155	125	90	100	171	115	95	74	25	198	35	133	102	102	127	73	39	21	75	26	106	111	145	86	135	189	147	166	126	75	138	123
0	0	0	0	0	0	0	0	0	0	0	0	0	0	0	0	0	0	0	0	0	0	0	0	0	0	0	0	0	0	0	0	0	0	0	0	0	0	0	0	0	0	0	0	0	0	0	0	0	0	0	0	0	0	0	0	0	0	0	0	0	0	0	0	0	0	0	0	0	0	0	0	0	0	0	0	0	0	0	0	0	0	0	0	0	0	0	0	0	0	113	77	158	124	190	64	97	162	132	28	79	91	175	20	46	132	94	181	131	51	38	121	126	121	87	148	143	126	62	101	135	106	113	40	55	28	147	183
0	0	0	0	0	0	0	0	0	0	0	0	0	0	0	0	0	0	0	0	0	0	0	0	0	0	0	0	0	0	0	0	0	0	0	0	0	0	0	0	0	0	0	0	0	0	0	0	0	0	0	0	0	0	0	0	0	0	0	0	0	0	0	0	0	0	0	0	0	0	0	0	0	0	0	0	0	0	0	0	0	0	0	0	0	0	0	0	0	0	0	123	41	139	164	136	91	99	70	118	120	86	90	47	118	209	128	135	117	62	25	173	129	189	131	134	76	82	150	61	149	148	124	91	117	64	81	147
0	0	0	0	0	0	0	0	0	0	0	0	0	0	0	0	0	0	0	0	0	0	0	0	0	0	0	0	0	0	0	0	0	0	0	0	0	0	0	0	0	0	0	0	0	0	0	0	0	0	0	0	0	0	0	0	0	0	0	0	0	0	0	0	0	0	0	0	0	0	0	0	0	0	0	0	0	0	0	0	0	0	0	0	0	0	0	0	0	0	0	0	144	104	8	120	154	25	136	147	61	76	216	16	73	38	185	62	127	110	80	49	182	116	164	76	28	70	157	180	117	79	110	16	7	142	92	140
0	0	0	0	0	0	0	0	0	0	0	0	0	0	0	0	0	0	0	0	0	0	0	0	0	0	0	0	0	0	0	0	0	0	0	0	0	0	0	0	0	0	0	0	0	0	0	0	0	0	0	0	0	0	0	0	0	0	0	0	0	0	0	0	0	0	0	0	0	0	0	0	0	0	0	0	0	0	0	0	0	0	0	0	0	0	0	0	0	0	0	0	0	109	69	191	52	161	122	61	137	79	61	46	94	115	73	163	77	34	179	115	42	128	61	98	56	17	147	60	93	147	88	142	119	172	167	133
0	0	0	0	0	0	0	0	0	0	0	0	0	0	0	0	0	0	0	0	0	0	0	0	0	0	0	0	0	0	0	0	0	0	0	0	0	0	0	0	0	0	0	0	0	0	0	0	0	0	0	0	0	0	0	0	0	0	0	0	0	0	0	0	0	0	0	0	0	0	0	0	0	0	0	0	0	0	0	0	0	0	0	0	0	0	0	0	0	0	0	0	0	0	164	26	77	119	180	123	94	167	47	82	137	158	122	127	60	215	114	92	22	43	144	180	50	177	79	122	28	61	61	122	53	88	72	98
0	0	0	0	0	0	0	0	0	0	0	0	0	0	0	0	0	0	0	0	0	0	0	0	0	0	0	0	0	0	0	0	0	0	0	0	0	0	0	0	0	0	0	0	0	0	0	0	0	0	0	0	0	0	0	0	0	0	0	0	0	0	0	0	0	0	0	0	0	0	0	0	0	0	0	0	0	0	0	0	0	0	0	0	0	0	0	0	0	0	0	0	0	0	0	139	128	62	52	163	180	58	4	23	39	66	10	36	73	168	42	41	97	167	57	162	93	64	129	48	56	50	159	44	124	133	200	77
0	0	0	0	0	0	0	0	0	0	0	0	0	0	0	0	0	0	0	0	0	0	0	0	0	0	0	0	0	0	0	0	0	0	0	0	0	0	0	0	0	0	0	0	0	0	0	0	0	0	0	0	0	0	0	0	0	0	0	0	0	0	0	0	0	0	0	0	0	0	0	0	0	0	0	0	0	0	0	0	0	0	0	0	0	0	0	0	0	0	0	0	0	0	0	0	175	167	138	31	159	151	192	158	202	82	72	74	82	66	31	202	87	53	186	109	133	165	115	116	56	109	219	66	194	69	92	180
0	0	0	0	0	0	0	0	0	0	0	0	0	0	0	0	0	0	0	0	0	0	0	0	0	0	0	0	0	0	0	0	0	0	0	0	0	0	0	0	0	0	0	0	0	0	0	0	0	0	0	0	0	0	0	0	0	0	0	0	0	0	0	0	0	0	0	0	0	0	0	0	0	0	0	0	0	0	0	0	0	0	0	0	0	0	0	0	0	0	0	0	0	0	0	0	0	81	108	57	78	182	128	55	160	81	87	140	93	161	41	189	111	126	89	99	63	113	89	115	56	27	121	108	82	117	107	136
0	0	0	0	0	0	0	0	0	0	0	0	0	0	0	0	0	0	0	0	0	0	0	0	0	0	0	0	0	0	0	0	0	0	0	0	0	0	0	0	0	0	0	0	0	0	0	0	0	0	0	0	0	0	0	0	0	0	0	0	0	0	0	0	0	0	0	0	0	0	0	0	0	0	0	0	0	0	0	0	0	0	0	0	0	0	0	0	0	0	0	0	0	0	0	0	0	0	117	136	54	118	161	42	89	47	132	35	85	125	127	85	132	146	160	214	119	158	157	128	87	115	77	135	82	149	134	188
0	0	0	0	0	0	0	0	0	0	0	0	0	0	0	0	0	0	0	0	0	0	0	0	0	0	0	0	0	0	0	0	0	0	0	0	0	0	0	0	0	0	0	0	0	0	0	0	0	0	0	0	0	0	0	0	0	0	0	0	0	0	0	0	0	0	0	0	0	0	0	0	0	0	0	0	0	0	0	0	0	0	0	0	0	0	0	0	0	0	0	0	0	0	0	0	0	0	0	44	104	56	67	153	76	87	72	91	181	137	99	12	166	78	189	142	144	109	105	152	102	43	23	50	137	118	130	93
0	0	0	0	0	0	0	0	0	0	0	0	0	0	0	0	0	0	0	0	0	0	0	0	0	0	0	0	0	0	0	0	0	0	0	0	0	0	0	0	0	0	0	0	0	0	0	0	0	0	0	0	0	0	0	0	0	0	0	0	0	0	0	0	0	0	0	0	0	0	0	0	0	0	0	0	0	0	0	0	0	0	0	0	0	0	0	0	0	0	0	0	0	0	0	0	0	0	0	0	162	67	183	90	156	146	117	113	128	135	120	79	92	151	61	168	103	112	88	119	43	120	145	31	145	135	176	91
0	0	0	0	0	0	0	0	0	0	0	0	0	0	0	0	0	0	0	0	0	0	0	0	0	0	0	0	0	0	0	0	0	0	0	0	0	0	0	0	0	0	0	0	0	0	0	0	0	0	0	0	0	0	0	0	0	0	0	0	0	0	0	0	0	0	0	0	0	0	0	0	0	0	0	0	0	0	0	0	0	0	0	0	0	0	0	0	0	0	0	0	0	0	0	0	0	0	0	0	0	137	119	150	87	179	75	97	95	160	161	155	134	133	131	140	206	90	106	147	186	111	92	183	175	195	198	131
0	0	0	0	0	0	0	0	0	0	0	0	0	0	0	0	0	0	0	0	0	0	0	0	0	0	0	0	0	0	0	0	0	0	0	0	0	0	0	0	0	0	0	0	0	0	0	0	0	0	0	0	0	0	0	0	0	0	0	0	0	0	0	0	0	0	0	0	0	0	0	0	0	0	0	0	0	0	0	0	0	0	0	0	0	0	0	0	0	0	0	0	0	0	0	0	0	0	0	0	0	0	172	167	47	127	116	64	131	111	33	148	164	139	117	134	84	26	108	72	91	118	196	106	75	158	110	176
0	0	0	0	0	0	0	0	0	0	0	0	0	0	0	0	0	0	0	0	0	0	0	0	0	0	0	0	0	0	0	0	0	0	0	0	0	0	0	0	0	0	0	0	0	0	0	0	0	0	0	0	0	0	0	0	0	0	0	0	0	0	0	0	0	0	0	0	0	0	0	0	0	0	0	0	0	0	0	0	0	0	0	0	0	0	0	0	0	0	0	0	0	0	0	0	0	0	0	0	0	0	0	91	99	185	130	172	120	29	93	140	81	141	194	94	99	177	117	204	96	134	64	125	119	55	117	123
0	0	0	0	0	0	0	0	0	0	0	0	0	0	0	0	0	0	0	0	0	0	0	0	0	0	0	0	0	0	0	0	0	0	0	0	0	0	0	0	0	0	0	0	0	0	0	0	0	0	0	0	0	0	0	0	0	0	0	0	0	0	0	0	0	0	0	0	0	0	0	0	0	0	0	0	0	0	0	0	0	0	0	0	0	0	0	0	0	0	0	0	0	0	0	0	0	0	0	0	0	0	0	0	108	136	123	205	101	124	120	65	120	105	103	99	133	213	92	146	98	102	106	92	171	65	213	134
0	0	0	0	0	0	0	0	0	0	0	0	0	0	0	0	0	0	0	0	0	0	0	0	0	0	0	0	0	0	0	0	0	0	0	0	0	0	0	0	0	0	0	0	0	0	0	0	0	0	0	0	0	0	0	0	0	0	0	0	0	0	0	0	0	0	0	0	0	0	0	0	0	0	0	0	0	0	0	0	0	0	0	0	0	0	0	0	0	0	0	0	0	0	0	0	0	0	0	0	0	0	0	0	0	156	105	63	89	150	72	99	108	102	90	109	171	72	70	134	160	215	78	120	216	73	119	139
0	0	0	0	0	0	0	0	0	0	0	0	0	0	0	0	0	0	0	0	0	0	0	0	0	0	0	0	0	0	0	0	0	0	0	0	0	0	0	0	0	0	0	0	0	0	0	0	0	0	0	0	0	0	0	0	0	0	0	0	0	0	0	0	0	0	0	0	0	0	0	0	0	0	0	0	0	0	0	0	0	0	0	0	0	0	0	0	0	0	0	0	0	0	0	0	0	0	0	0	0	0	0	0	0	0	56	66	101	101	228	200	180	191	117	125	96	81	91	137	207	143	165	116	69	106	234	56
0	0	0	0	0	0	0	0	0	0	0	0	0	0	0	0	0	0	0	0	0	0	0	0	0	0	0	0	0	0	0	0	0	0	0	0	0	0	0	0	0	0	0	0	0	0	0	0	0	0	0	0	0	0	0	0	0	0	0	0	0	0	0	0	0	0	0	0	0	0	0	0	0	0	0	0	0	0	0	0	0	0	0	0	0	0	0	0	0	0	0	0	0	0	0	0	0	0	0	0	0	0	0	0	0	0	0	208	155	182	48	125	177	107	77	22	139	129	107	66	47	130	117	94	83	87	69	130
0	0	0	0	0	0	0	0	0	0	0	0	0	0	0	0	0	0	0	0	0	0	0	0	0	0	0	0	0	0	0	0	0	0	0	0	0	0	0	0	0	0	0	0	0	0	0	0	0	0	0	0	0	0	0	0	0	0	0	0	0	0	0	0	0	0	0	0	0	0	0	0	0	0	0	0	0	0	0	0	0	0	0	0	0	0	0	0	0	0	0	0	0	0	0	0	0	0	0	0	0	0	0	0	0	0	0	0	158	20	71	130	100	146	76	136	47	139	47	75	192	113	126	74	75	96	70	159
0	0	0	0	0	0	0	0	0	0	0	0	0	0	0	0	0	0	0	0	0	0	0	0	0	0	0	0	0	0	0	0	0	0	0	0	0	0	0	0	0	0	0	0	0	0	0	0	0	0	0	0	0	0	0	0	0	0	0	0	0	0	0	0	0	0	0	0	0	0	0	0	0	0	0	0	0	0	0	0	0	0	0	0	0	0	0	0	0	0	0	0	0	0	0	0	0	0	0	0	0	0	0	0	0	0	0	0	0	110	101	104	112	190	142	165	60	152	101	160	95	65	123	174	132	94	165	168
0	0	0	0	0	0	0	0	0	0	0	0	0	0	0	0	0	0	0	0	0	0	0	0	0	0	0	0	0	0	0	0	0	0	0	0	0	0	0	0	0	0	0	0	0	0	0	0	0	0	0	0	0	0	0	0	0	0	0	0	0	0	0	0	0	0	0	0	0	0	0	0	0	0	0	0	0	0	0	0	0	0	0	0	0	0	0	0	0	0	0	0	0	0	0	0	0	0	0	0	0	0	0	0	0	0	0	0	0	0	140	154	146	122	157	61	121	234	122	41	84	30	128	174	192	142	174	74
0	0	0	0	0	0	0	0	0	0	0	0	0	0	0	0	0	0	0	0	0	0	0	0	0	0	0	0	0	0	0	0	0	0	0	0	0	0	0	0	0	0	0	0	0	0	0	0	0	0	0	0	0	0	0	0	0	0	0	0	0	0	0	0	0	0	0	0	0	0	0	0	0	0	0	0	0	0	0	0	0	0	0	0	0	0	0	0	0	0	0	0	0	0	0	0	0	0	0	0	0	0	0	0	0	0	0	0	0	0	0	41	103	116	128	9	152	131	71	175	132	138	107	105	105	106	128	148
0	0	0	0	0	0	0	0	0	0	0	0	0	0	0	0	0	0	0	0	0	0	0	0	0	0	0	0	0	0	0	0	0	0	0	0	0	0	0	0	0	0	0	0	0	0	0	0	0	0	0	0	0	0	0	0	0	0	0	0	0	0	0	0	0	0	0	0	0	0	0	0	0	0	0	0	0	0	0	0	0	0	0	0	0	0	0	0	0	0	0	0	0	0	0	0	0	0	0	0	0	0	0	0	0	0	0	0	0	0	0	0	168	145	123	86	107	88	23	170	109	63	208	103	119	108	123	92
0	0	0	0	0	0	0	0	0	0	0	0	0	0	0	0	0	0	0	0	0	0	0	0	0	0	0	0	0	0	0	0	0	0	0	0	0	0	0	0	0	0	0	0	0	0	0	0	0	0	0	0	0	0	0	0	0	0	0	0	0	0	0	0	0	0	0	0	0	0	0	0	0	0	0	0	0	0	0	0	0	0	0	0	0	0	0	0	0	0	0	0	0	0	0	0	0	0	0	0	0	0	0	0	0	0	0	0	0	0	0	0	0	114	81	157	166	129	96	164	220	119	139	137	95	164	191	220
0	0	0	0	0	0	0	0	0	0	0	0	0	0	0	0	0	0	0	0	0	0	0	0	0	0	0	0	0	0	0	0	0	0	0	0	0	0	0	0	0	0	0	0	0	0	0	0	0	0	0	0	0	0	0	0	0	0	0	0	0	0	0	0	0	0	0	0	0	0	0	0	0	0	0	0	0	0	0	0	0	0	0	0	0	0	0	0	0	0	0	0	0	0	0	0	0	0	0	0	0	0	0	0	0	0	0	0	0	0	0	0	0	0	86	106	224	153	139	217	113	49	147	162	103	84	148	162
0	0	0	0	0	0	0	0	0	0	0	0	0	0	0	0	0	0	0	0	0	0	0	0	0	0	0	0	0	0	0	0	0	0	0	0	0	0	0	0	0	0	0	0	0	0	0	0	0	0	0	0	0	0	0	0	0	0	0	0	0	0	0	0	0	0	0	0	0	0	0	0	0	0	0	0	0	0	0	0	0	0	0	0	0	0	0	0	0	0	0	0	0	0	0	0	0	0	0	0	0	0	0	0	0	0	0	0	0	0	0	0	0	0	0	166	158	169	103	171	66	168	16	89	128	213	141	169
0	0	0	0	0	0	0	0	0	0	0	0	0	0	0	0	0	0	0	0	0	0	0	0	0	0	0	0	0	0	0	0	0	0	0	0	0	0	0	0	0	0	0	0	0	0	0	0	0	0	0	0	0	0	0	0	0	0	0	0	0	0	0	0	0	0	0	0	0	0	0	0	0	0	0	0	0	0	0	0	0	0	0	0	0	0	0	0	0	0	0	0	0	0	0	0	0	0	0	0	0	0	0	0	0	0	0	0	0	0	0	0	0	0	0	0	149	94	148	118	54	117	224	230	79	152	90	95
0	0	0	0	0	0	0	0	0	0	0	0	0	0	0	0	0	0	0	0	0	0	0	0	0	0	0	0	0	0	0	0	0	0	0	0	0	0	0	0	0	0	0	0	0	0	0	0	0	0	0	0	0	0	0	0	0	0	0	0	0	0	0	0	0	0	0	0	0	0	0	0	0	0	0	0	0	0	0	0	0	0	0	0	0	0	0	0	0	0	0	0	0	0	0	0	0	0	0	0	0	0	0	0	0	0	0	0	0	0	0	0	0	0	0	0	0	180	201	193	101	99	82	157	119	138	185	72
0	0	0	0	0	0	0	0	0	0	0	0	0	0	0	0	0	0	0	0	0	0	0	0	0	0	0	0	0	0	0	0	0	0	0	0	0	0	0	0	0	0	0	0	0	0	0	0	0	0	0	0	0	0	0	0	0	0	0	0	0	0	0	0	0	0	0	0	0	0	0	0	0	0	0	0	0	0	0	0	0	0	0	0	0	0	0	0	0	0	0	0	0	0	0	0	0	0	0	0	0	0	0	0	0	0	0	0	0	0	0	0	0	0	0	0	0	0	221	63	171	108	118	127	166	166	65	69
0	0	0	0	0	0	0	0	0	0	0	0	0	0	0	0	0	0	0	0	0	0	0	0	0	0	0	0	0	0	0	0	0	0	0	0	0	0	0	0	0	0	0	0	0	0	0	0	0	0	0	0	0	0	0	0	0	0	0	0	0	0	0	0	0	0	0	0	0	0	0	0	0	0	0	0	0	0	0	0	0	0	0	0	0	0	0	0	0	0	0	0	0	0	0	0	0	0	0	0	0	0	0	0	0	0	0	0	0	0	0	0	0	0	0	0	0	0	0	100	120	12	61	55	133	123	119	122
0	0	0	0	0	0	0	0	0	0	0	0	0	0	0	0	0	0	0	0	0	0	0	0	0	0	0	0	0	0	0	0	0	0	0	0	0	0	0	0	0	0	0	0	0	0	0	0	0	0	0	0	0	0	0	0	0	0	0	0	0	0	0	0	0	0	0	0	0	0	0	0	0	0	0	0	0	0	0	0	0	0	0	0	0	0	0	0	0	0	0	0	0	0	0	0	0	0	0	0	0	0	0	0	0	0	0	0	0	0	0	0	0	0	0	0	0	0	0	0	194	65	183	81	147	86	114	59
0	0	0	0	0	0	0	0	0	0	0	0	0	0	0	0	0	0	0	0	0	0	0	0	0	0	0	0	0	0	0	0	0	0	0	0	0	0	0	0	0	0	0	0	0	0	0	0	0	0	0	0	0	0	0	0	0	0	0	0	0	0	0	0	0	0	0	0	0	0	0	0	0	0	0	0	0	0	0	0	0	0	0	0	0	0	0	0	0	0	0	0	0	0	0	0	0	0	0	0	0	0	0	0	0	0	0	0	0	0	0	0	0	0	0	0	0	0	0	0	0	124	89	181	157	152	119	132
0	0	0	0	0	0	0	0	0	0	0	0	0	0	0	0	0	0	0	0	0	0	0	0	0	0	0	0	0	0	0	0	0	0	0	0	0	0	0	0	0	0	0	0	0	0	0	0	0	0	0	0	0	0	0	0	0	0	0	0	0	0	0	0	0	0	0	0	0	0	0	0	0	0	0	0	0	0	0	0	0	0	0	0	0	0	0	0	0	0	0	0	0	0	0	0	0	0	0	0	0	0	0	0	0	0	0	0	0	0	0	0	0	0	0	0	0	0	0	0	0	0	37	118	128	173	66	89
0	0	0	0	0	0	0	0	0	0	0	0	0	0	0	0	0	0	0	0	0	0	0	0	0	0	0	0	0	0	0	0	0	0	0	0	0	0	0	0	0	0	0	0	0	0	0	0	0	0	0	0	0	0	0	0	0	0	0	0	0	0	0	0	0	0	0	0	0	0	0	0	0	0	0	0	0	0	0	0	0	0	0	0	0	0	0	0	0	0	0	0	0	0	0	0	0	0	0	0	0	0	0	0	0	0	0	0	0	0	0	0	0	0	0	0	0	0	0	0	0	0	0	79	193	155	146	49
0	0	0	0	0	0	0	0	0	0	0	0	0	0	0	0	0	0	0	0	0	0	0	0	0	0	0	0	0	0	0	0	0	0	0	0	0	0	0	0	0	0	0	0	0	0	0	0	0	0	0	0	0	0	0	0	0	0	0	0	0	0	0	0	0	0	0	0	0	0	0	0	0	0	0	0	0	0	0	0	0	0	0	0	0	0	0	0	0	0	0	0	0	0	0	0	0	0	0	0	0	0	0	0	0	0	0	0	0	0	0	0	0	0	0	0	0	0	0	0	0	0	0	0	166	106	160	115
0	0	0	0	0	0	0	0	0	0	0	0	0	0	0	0	0	0	0	0	0	0	0	0	0	0	0	0	0	0	0	0	0	0	0	0	0	0	0	0	0	0	0	0	0	0	0	0	0	0	0	0	0	0	0	0	0	0	0	0	0	0	0	0	0	0	0	0	0	0	0	0	0	0	0	0	0	0	0	0	0	0	0	0	0	0	0	0	0	0	0	0	0	0	0	0	0	0	0	0	0	0	0	0	0	0	0	0	0	0	0	0	0	0	0	0	0	0	0	0	0	0	0	0	0	101	161	194
0	0	0	0	0	0	0	0	0	0	0	0	0	0	0	0	0	0	0	0	0	0	0	0	0	0	0	0	0	0	0	0	0	0	0	0	0	0	0	0	0	0	0	0	0	0	0	0	0	0	0	0	0	0	0	0	0	0	0	0	0	0	0	0	0	0	0	0	0	0	0	0	0	0	0	0	0	0	0	0	0	0	0	0	0	0	0	0	0	0	0	0	0	0	0	0	0	0	0	0	0	0	0	0	0	0	0	0	0	0	0	0	0	0	0	0	0	0	0	0	0	0	0	0	0	0	114	91
0	0	0	0	0	0	0	0	0	0	0	0	0	0	0	0	0	0	0	0	0	0	0	0	0	0	0	0	0	0	0	0	0	0	0	0	0	0	0	0	0	0	0	0	0	0	0	0	0	0	0	0	0	0	0	0	0	0	0	0	0	0	0	0	0	0	0	0	0	0	0	0	0	0	0	0	0	0	0	0	0	0	0	0	0	0	0	0	0	0	0	0	0	0	0	0	0	0	0	0	0	0	0	0	0	0	0	0	0	0	0	0	0	0	0	0	0	0	0	0	0	0	0	0	0	0	0	187
0	0	0	0	0	0	0	0	0	0	0	0	0	0	0	0	0	0	0	0	0	0	0	0	0	0	0	0	0	0	0	0	0	0	0	0	0	0	0	0	0	0	0	0	0	0	0	0	0	0	0	0	0	0	0	0	0	0	0	0	0	0	0	0	0	0	0	0	0	0	0	0	0	0	0	0	0	0	0	0	0	0	0	0	0	0	0	0	0	0	0	0	0	0	0	0	0	0	0	0	0	0	0	0	0	0	0	0	0	0	0	0	0	0	0	0	0	0	0	0	0	0	0	0	0	0	0	0