0	71	86	47	20	82	88	74	95	24	128	124	20	79	73	93	116	15	49	62	28	9	24	53	43	113	125	83	89	126	40	2	94	90	31	49	64	122	42	47	76	58	19	77	83	57	94	12	27	87	46	6	65	43	7	23	21	17	9	66	39	70	43	100	75	10	3	39	116	126	73	19	98	15	78	112	46	54	5	79	55	35	123	29	37	119	63	73	52	11	107	25	21	70	16	26	34	33	125	113	106	91	60	47	117	121	37	87	94	90	94	82	60	35	43	38	5	64	26	55	90	7	99	79	106	9	14	26
0	0	10	116	94	106	75	36	71	61	76	31	100	59	33	13	93	109	10	33	44	52	38	40	104	39	74	28	123	48	112	97	54	114	108	16	113	45	98	55	100	36	12	43	37	116	126	125	93	81	67	7	111	103	51	111	107	117	89	20	20	120	46	127	35	82	129	82	111	9	109	32	102	26	84	70	36	93	108	4	129	56	125	53	46	113	49	55	103	119	120	107	76	49	105	118	42	125	4	87	65	76	61	80	40	73	94	93	30	83	109	116	81	43	122	104	99	38	41	113	15	90	95	2	11	50	29	125
0	0	0	70	20	14	31	7	15	54	50	80	120	100	43	92	24	103	9	56	35	93	91	15	108	54	110	106	9	76	100	46	33	125	76	118	126	58	97	40	65	89	8	72	23	114	66	53	125	76	43	88	115	127	94	4	102	124	84	72	74	57	69	71	51	91	43	12	65	31	113	58	114	65	86	85	51	85	80	107	22	8	124	26	23	92	82	34	38	120	93	32	89	95	73	42	6	63	101	20	47	23	102	97	127	64	108	69	8	56	110	47	64	92	39	31	111	78	73	31	77	43	103	40	75	53	2	76
0	0	0	0	95	114	9	99	101	27	128	53	12	126	123	13	49	65	36	109	17	22	84	11	10	67	29	47	41	5	21	33	87	100	106	26	101	116	61	125	17	75	104	53	5	28	68	34	90	69	82	39	125	112	86	52	77	110	49	102	74	96	122	128	70	48	30	22	90	64	86	20	12	113	71	116	59	75	73	87	67	71	25	119	97	57	40	37	22	31	49	36	84	125	13	73	85	88	94	101	30	40	84	20	18	92	24	4	104	77	23	62	75	50	36	41	70	59	69	90	5	83	34	34	46	98	45	82
0	0	0	0	0	15	86	84	30	81	98	47	60	87	61	73	96	81	79	74	116	46	73	63	131	3	47	18	54	65	102	45	116	68	94	126	72	104	115	107	52	67	4	105	38	56	131	30	120	127	69	79	45	24	29	33	106	123	108	126	70	18	20	27	91	106	107	95	89	125	48	101	56	97	103	117	92	24	5	97	9	52	89	10	23	74	3	58	79	12	129	86	127	93	89	54	10	44	61	108	102	44	34	95	72	125	68	76	76	96	76	91	11	13	106	82	4	83	48	73	60	87	84	120	12	26	55	41
0	0	0	0	0	0	80	34	131	55	44	15	128	48	42	24	105	88	27	82	125	83	121	96	13	109	25	20	74	99	113	128	36	55	27	43	108	38	58	28	75	103	6	129	10	102	128	75	75	68	76	31	77	15	61	11	33	15	108	100	96	27	53	116	85	89	65	101	12	40	47	64	50	121	128	29	121	91	23	97	40	123	107	25	21	5	105	16	10	64	84	55	78	5	89	66	40	71	90	75	62	83	124	56	126	43	101	66	100	24	19	131	110	4	101	11	58	86	86	23	70	56	86	45	47	13	34	129
0	0	0	0	0	0	0	128	11	100	92	95	89	6	24	119	30	87	53	69	20	132	56	6	82	24	7	5	69	43	8	92	13	59	14	69	86	60	62	52	72	47	109	34	115	122	81	98	70	17	95	90	135	28	78	121	76	54	40	50	93	130	102	38	6	104	56	85	47	23	13	87	23	100	121	24	61	105	125	109	114	6	124	84	17	112	78	108	64	119	104	36	120	18	11	17	86	134	107	55	106	97	77	10	121	28	11	6	101	117	102	100	107	64	90	96	126	121	69	16	99	38	68	104	46	21	10	72
0	0	0	0	0	0	0	0	55	82	94	59	119	122	41	97	71	127	62	125	46	42	31	114	118	55	120	60	74	12	91	70	74	116	61	31	73	66	113	93	83	97	88	44	110	57	34	67	68	13	123	65	126	109	11	129	108	99	54	43	90	76	113	74	70	36	20	67	116	124	47	122	57	67	48	115	16	109	83	45	48	114	86	55	51	28	57	77	76	73	35	46	117	30	89	84	83	67	91	88	132	97	40	131	30	84	31	119	59	6	24	124	54	70	40	109	6	92	31	28	114	66	70	35	14	102	127	41
0	0	0	0	0	0	0	0	0	101	35	17	46	11	88	46	46	120	41	124	93	78	66	47	129	70	70	26	107	88	40	19	103	116	101	84	21	71	90	59	75	14	130	19	79	28	28	64	87	24	7	48	97	48	66	45	47	92	44	58	102	105	19	11	15	131	100	4	45	64	54	67	18	55	56	41	23	57	77	20	93	29	11	32	117	27	60	57	94	38	113	130	120	121	81	56	59	62	30	65	6	111	29	81	21	98	62	85	4	65	119	28	108	136	65	52	86	15	66	47	73	129	79	88	78	9	76	127
0	0	0	0	0	0	0	0	0	0	101	119	51	96	133	70	15	31	6	91	28	39	31	116	27	115	26	50	112	31	112	68	104	12	109	73	13	3	111	117	25	68	91	128	22	28	53	131	37	114	34	64	57	114	94	55	13	85	78	42	91	65	11	66	111	98	84	10	28	77	130	92	107	32	120	117	48	73	64	97	108	107	33	67	12	99	48	81	49	15	66	74	97	93	33	42	85	58	56	34	98	59	70	130	129	104	10	20	121	126	105	11	49	126	53	56	87	62	47	63	121	103	121	136	75	65	34	119
0	0	0	0	0	0	0	0	0	0	0	90	126	66	27	116	45	118	34	15	36	15	105	128	26	105	13	61	16	79	40	85	113	103	35	127	134	75	49	105	72	19	95	122	124	114	30	29	83	21	69	134	133	47	13	29	78	39	84	130	2	130	87	80	31	130	97	43	11	60	33	63	63	56	81	72	43	133	22	72	23	93	84	110	59	98	76	106	27	114	81	109	102	12	91	10	136	21	57	131	38	135	59	129	128	22	27	75	56	104	71	97	128	10	128	91	53	24	8	24	83	15	25	104	118	12	6	48
0	0	0	0	0	0	0	0	0	0	0	0	113	47	110	84	91	24	27	85	113	9	19	37	23	54	121	38	96	119	60	88	121	12	96	117	68	92	22	26	75	97	45	62	79	48	112	26	28	98	66	41	113	20	111	18	137	49	124	68	88	44	85	42	123	45	133	73	32	65	66	73	86	120	18	85	66	43	78	93	111	125	84	67	21	111	56	88	13	128	52	118	55	56	38	53	37	132	81	88	33	101	12	55	94	109	10	16	126	14	15	103	35	94	5	20	16	88	115	78	132	91	16	9	40	26	115	70
0	0	0	0	0	0	0	0	0	0	0	0	0	78	63	128	126	121	125	50	124	45	43	107	91	54	110	16	85	32	76	85	112	37	30	133	106	110	120	34	62	71	84	38	78	95	68	117	133	80	71	130	115	71	25	30	53	62	100	105	112	117	123	14	27	90	61	15	52	46	134	65	74	28	124	43	106	33	96	97	60	63	33	6	116	38	47	132	107	127	87	53	53	23	128	110	107	93	126	77	99	103	91	70	129	14	14	18	140	9	41	74	89	67	11	76	141	53	10	17	115	111	127	117	15	45	38	108
0	0	0	0	0	0	0	0	0	0	0	0	0	0	71	61	74	48	99	118	66	47	106	8	123	76	36	132	48	38	90	130	17	12	21	21	102	52	98	44	8	89	19	50	114	23	23	121	14	48	117	18	125	119	74	103	63	18	18	62	104	123	42	100	69	131	27	75	83	132	55	40	15	90	104	82	119	116	133	95	89	125	112	121	95	86	98	93	83	25	6	41	41	40	107	80	84	53	124	79	122	102	87	63	8	40	141	11	44	107	65	17	115	137	79	69	92	98	106	60	126	40	60	99	48	115	3	75
0	0	0	0	0	0	0	0	0	0	0	0	0	0	0	104	3	47	55	61	69	51	116	60	66	87	123	64	91	6	51	72	42	63	76	114	125	95	81	98	80	130	80	96	20	104	55	59	75	120	93	15	25	89	19	45	121	115	38	22	28	57	68	62	82	123	41	107	57	48	51	141	109	65	23	7	5	59	117	80	25	37	113	85	71	38	122	5	84	95	106	121	38	51	5	79	34	67	89	99	129	114	103	55	85	91	87	11	55	29	68	84	40	40	141	97	18	30	55	28	25	53	43	122	56	41	31	59
0	0	0	0	0	0	0	0	0	0	0	0	0	0	0	0	108	130	121	75	48	31	133	130	57	44	36	49	123	15	53	83	81	100	133	52	82	52	48	97	69	16	48	77	96	82	61	65	121	50	87	20	124	22	67	37	139	93	18	20	115	109	109	4	102	77	113	130	76	94	32	41	77	94	94	41	127	74	66	128	41	111	114	110	69	32	49	123	52	21	64	55	103	111	86	127	75	14	24	57	101	7	12	40	106	139	16	48	105	37	43	22	111	24	91	63	101	76	67	138	92	97	12	104	45	137	113	109
0	0	0	0	0	0	0	0	0	0	0	0	0	0	0	0	0	83	117	106	84	60	121	106	126	118	81	79	96	123	27	119	113	48	123	65	100	84	66	92	84	37	75	100	105	40	102	113	122	73	81	124	43	63	95	134	100	84	48	126	51	58	45	101	99	71	40	129	49	98	52	132	115	20	93	117	141	55	111	126	84	47	53	77	116	96	110	27	53	84	54	51	52	9	66	36	106	111	58	45	4	36	11	31	72	73	97	35	22	124	22	119	13	74	70	76	94	89	72	26	92	112	25	100	90	103	19	49
0	0	0	0	0	0	0	0	0	0	0	0	0	0	0	0	0	0	70	100	99	9	33	132	38	95	119	50	121	38	74	57	93	36	54	67	128	51	128	80	51	139	70	11	136	71	13	53	45	43	117	16	96	45	4	95	133	47	123	115	18	125	78	70	69	6	107	22	43	24	128	79	22	50	58	72	115	101	131	103	97	33	50	72	104	93	33	133	50	109	48	73	37	44	23	50	76	138	106	104	134	25	22	132	114	124	34	109	122	107	56	71	120	129	34	109	19	65	41	119	18	129	18	20	55	100	28	142
0	0	0	0	0	0	0	0	0	0	0	0	0	0	0	0	0	0	0	135	83	18	33	38	58	35	130	127	126	77	24	124	89	46	76	133	26	76	65	51	84	41	116	107	99	126	113	75	113	110	23	121	18	20	113	93	109	61	143	103	133	82	60	96	68	43	99	36	114	50	92	51	99	69	26	109	79	105	52	52	102	81	92	59	14	131	85	75	8	50	93	37	55	27	86	31	71	99	107	124	71	123	83	83	15	122	57	84	115	40	87	84	131	82	51	119	120	79	127	52	28	98	136	69	139	121	74	82
0	0	0	0	0	0	0	0	0	0	0	0	0	0	0	0	0	0	0	0	77	125	67	84	33	36	41	47	111	134	22	44	45	108	87	95	15	110	44	55	103	85	34	42	73	37	144	34	143	71	97	27	121	5	132	40	116	100	84	115	47	52	59	124	34	127	121	100	38	86	90	130	40	92	69	108	24	28	65	104	10	64	9	109	53	21	69	79	54	123	46	22	30	103	95	37	100	22	73	120	70	38	52	62	117	11	83	97	14	139	43	23	140	31	76	19	31	108	113	17	58	75	20	103	118	39	38	14
0	0	0	0	0	0	0	0	0	0	0	0	0	0	0	0	0	0	0	0	0	101	74	29	41	55	101	18	44	50	92	76	76	47	61	25	82	127	60	111	86	140	135	45	60	43	56	69	94	130	76	81	12	43	56	110	38	93	125	83	139	83	60	108	22	108	34	77	109	139	127	18	86	31	131	113	122	95	68	75	43	93	33	78	87	102	106	93	80	52	79	113	125	37	17	45	103	99	11	79	42	129	77	97	73	97	96	139	121	76	20	23	79	24	119	98	103	30	73	68	90	47	84	79	33	116	64	114
0	0	0	0	0	0	0	0	0	0	0	0	0	0	0	0	0	0	0	0	0	0	80	99	60	136	21	135	141	63	122	25	104	70	23	92	15	43	111	18	70	37	11	39	70	131	142	69	28	50	46	118	32	132	39	109	78	56	41	76	119	44	75	115	12	32	88	84	13	104	48	118	38	63	36	69	118	131	38	21	132	102	120	146	56	104	30	41	36	111	51	93	20	42	120	52	57	60	75	113	76	80	29	131	144	70	20	93	102	24	54	95	61	101	80	148	89	81	124	82	49	124	57	26	94	28	12	42
0	0	0	0	0	0	0	0	0	0	0	0	0	0	0	0	0	0	0	0	0	0	0	68	58	92	92	83	32	32	83	94	41	94	105	116	64	28	88	53	146	117	60	139	110	79	76	129	39	99	42	26	78	26	95	50	30	71	89	117	37	34	69	95	21	21	70	57	38	105	45	17	32	2	61	81	133	41	123	6	70	64	135	100	135	6	23	130	80	58	48	54	106	136	54	13	52	110	30	131	47	45	17	8	72	66	50	56	34	120	94	77	72	136	125	106	98	51	101	119	17	103	116	26	132	121	71	47
0	0	0	0	0	0	0	0	0	0	0	0	0	0	0	0	0	0	0	0	0	0	0	0	139	128	36	77	22	106	139	32	32	145	116	42	71	88	112	109	47	149	23	119	100	120	87	79	76	87	101	31	41	24	29	128	138	102	81	28	61	66	86	86	39	123	78	66	149	87	27	70	100	122	14	58	30	84	106	92	76	70	102	108	118	115	105	59	96	66	92	60	117	24	95	43	142	25	80	139	52	129	11	76	130	84	126	136	57	40	83	101	135	19	17	50	55	21	146	93	58	30	128	40	26	149	44	35
0	0	0	0	0	0	0	0	0	0	0	0	0	0	0	0	0	0	0	0	0	0	0	0	0	123	137	69	86	107	44	54	17	96	109	23	127	97	48	98	97	90	105	19	93	93	101	85	56	74	80	107	46	73	127	36	78	50	26	72	59	15	39	26	94	33	105	52	26	53	97	47	44	75	61	73	16	97	25	57	109	22	97	78	115	118	139	121	34	65	4	61	32	139	66	25	59	100	67	38	84	58	103	127	78	56	109	45	97	116	94	60	108	92	82	40	148	55	20	117	32	120	39	120	106	141	96	96
0	0	0	0	0	0	0	0	0	0	0	0	0	0	0	0	0	0	0	0	0	0	0	0	0	0	94	113	33	103	24	99	134	61	132	47	108	67	141	93	68	72	66	86	7	82	48	19	63	113	147	151	47	95	16	30	79	83	18	114	31	32	130	126	54	125	116	92	79	69	119	57	56	48	68	118	66	91	101	50	90	106	134	17	126	126	48	46	65	29	124	18	10	13	46	24	52	28	125	90	37	64	114	49	43	91	95	131	55	86	75	53	103	39	130	67	113	8	61	45	16	90	91	79	86	65	62	84
0	0	0	0	0	0	0	0	0	0	0	0	0	0	0	0	0	0	0	0	0	0	0	0	0	0	0	5	28	38	89	114	30	109	59	34	92	96	82	49	82	4	55	129	45	42	118	83	102	113	110	32	124	51	64	51	47	107	28	48	72	131	137	65	67	117	82	32	110	84	99	127	31	133	64	20	44	49	57	81	128	24	81	17	58	19	32	117	125	8	70	86	24	45	99	44	138	61	61	12	34	30	45	57	69	40	71	152	71	88	38	33	104	42	127	68	108	69	77	43	33	104	74	25	75	50	48	93
0	0	0	0	0	0	0	0	0	0	0	0	0	0	0	0	0	0	0	0	0	0	0	0	0	0	0	0	29	139	134	78	25	43	34	30	130	100	131	36	28	116	34	20	112	76	85	87	56	64	71	123	124	63	124	82	128	127	112	128	56	10	128	31	110	65	43	20	6	101	47	32	48	27	61	118	83	107	26	70	27	130	112	153	82	113	109	96	4	59	27	24	50	79	143	29	13	35	90	17	106	15	36	44	51	121	156	57	82	29	29	117	36	100	122	134	56	136	105	63	87	112	80	98	62	74	132	77
0	0	0	0	0	0	0	0	0	0	0	0	0	0	0	0	0	0	0	0	0	0	0	0	0	0	0	0	0	60	89	73	52	111	113	33	141	11	97	29	141	124	97	85	75	144	112	123	64	125	126	74	105	84	19	107	104	26	116	113	50	124	68	129	62	117	92	134	109	129	84	67	53	18	94	144	88	84	27	105	86	35	132	23	58	123	125	85	147	26	121	86	100	31	59	89	115	82	124	117	101	74	60	147	34	100	116	21	4	70	152	57	132	15	112	130	102	153	48	94	44	121	119	51	108	45	69	89
0	0	0	0	0	0	0	0	0	0	0	0	0	0	0	0	0	0	0	0	0	0	0	0	0	0	0	0	0	0	63	84	152	70	55	78	132	80	144	88	127	80	117	96	83	58	100	23	48	70	28	69	85	147	33	40	79	56	61	32	81	20	87	143	135	13	122	109	28	110	37	86	62	40	108	108	105	110	114	72	92	124	27	45	21	96	35	133	143	107	39	88	115	41	126	114	119	49	116	88	75	116	53	118	129	102	84	141	109	46	110	135	12	46	152	48	131	57	145	125	56	85	140	98	102	73	71	101
0	0	0	0	0	0	0	0	0	0	0	0	0	0	0	0	0	0	0	0	0	0	0	0	0	0	0	0	0	0	0	115	127	143	123	29	71	32	101	125	103	85	98	142	106	39	150	10	29	32	17	102	100	130	101	143	66	139	18	145	88	111	106	113	143	128	67	98	33	21	47	107	90	16	80	139	35	106	77	130	105	129	115	72	73	65	38	104	35	128	28	38	26	40	125	79	52	73	116	63	74	88	144	114	105	141	119	63	104	99	67	111	15	61	131	39	53	15	24	149	33	149	90	28	31	119	79	106
0	0	0	0	0	0	0	0	0	0	0	0	0	0	0	0	0	0	0	0	0	0	0	0	0	0	0	0	0	0	0	0	44	60	129	101	122	139	64	116	122	119	133	33	120	60	64	29	69	35	57	110	101	101	51	128	60	121	103	53	61	66	27	36	74	127	80	54	86	104	48	120	38	68	35	51	149	108	71	151	140	129	85	136	32	62	35	132	88	139	103	139	146	78	35	80	51	116	151	65	101	46	87	122	24	84	129	129	41	126	120	87	106	40	135	100	94	66	84	43	40	70	19	31	46	48	97	126
0	0	0	0	0	0	0	0	0	0	0	0	0	0	0	0	0	0	0	0	0	0	0	0	0	0	0	0	0	0	0	0	0	109	72	98	53	46	55	91	133	55	104	150	42	128	101	37	123	79	49	56	64	58	76	60	101	44	119	25	116	97	81	127	56	50	148	75	128	126	114	129	41	57	74	139	68	71	128	82	15	72	83	93	9	14	46	134	114	26	18	93	105	85	123	48	97	51	76	50	154	55	91	126	54	116	130	128	29	148	138	69	116	101	79	113	29	6	31	116	50	51	51	100	51	110	64	102
0	0	0	0	0	0	0	0	0	0	0	0	0	0	0	0	0	0	0	0	0	0	0	0	0	0	0	0	0	0	0	0	0	0	54	35	43	104	91	47	74	4	40	124	5	79	159	44	126	70	79	61	55	8	61	94	136	96	30	70	91	84	89	117	59	62	25	29	102	138	85	114	83	31	104	78	42	106	23	69	40	96	149	28	124	106	54	56	143	124	46	87	104	156	7	88	21	62	105	141	78	126	24	76	100	98	25	49	143	21	50	96	36	35	112	46	129	142	56	49	125	59	83	115	48	22	85	89
0	0	0	0	0	0	0	0	0	0	0	0	0	0	0	0	0	0	0	0	0	0	0	0	0	0	0	0	0	0	0	0	0	0	0	138	130	34	126	58	96	68	109	44	76	113	51	13	52	100	55	57	73	92	127	125	134	47	4	107	105	40	8	53	88	113	115	44	55	50	42	101	45	154	48	54	145	84	125	58	44	65	98	111	124	51	48	101	13	31	71	79	47	75	42	108	152	51	108	143	19	117	29	13	146	62	62	40	53	38	19	124	142	91	83	103	39	65	57	103	72	133	87	64	117	48	76	54
0	0	0	0	0	0	0	0	0	0	0	0	0	0	0	0	0	0	0	0	0	0	0	0	0	0	0	0	0	0	0	0	0	0	0	0	143	23	85	48	136	34	43	124	81	109	61	125	34	74	60	97	132	154	129	141	55	112	68	69	113	69	106	153	159	111	51	62	127	15	79	111	58	49	14	42	101	114	108	46	104	66	115	124	152	134	54	93	98	98	38	86	2	109	90	130	115	95	140	43	122	136	138	73	104	123	90	26	81	145	111	115	20	20	23	40	81	130	130	15	107	145	119	74	93	60	58	42
0	0	0	0	0	0	0	0	0	0	0	0	0	0	0	0	0	0	0	0	0	0	0	0	0	0	0	0	0	0	0	0	0	0	0	0	0	114	39	43	50	122	65	68	32	39	145	65	42	48	45	36	91	89	14	75	43	156	63	26	43	134	48	124	35	25	95	58	107	24	129	32	33	105	116	81	121	115	66	88	110	34	148	89	145	126	94	107	98	61	15	142	37	104	108	45	108	40	72	20	141	71	161	132	52	41	102	94	141	80	26	141	56	110	157	97	123	102	118	98	56	53	51	85	91	58	59	76
0	0	0	0	0	0	0	0	0	0	0	0	0	0	0	0	0	0	0	0	0	0	0	0	0	0	0	0	0	0	0	0	0	0	0	0	0	0	113	5	57	140	85	82	32	114	52	28	103	58	127	96	34	59	156	72	134	134	38	37	128	112	33	93	94	109	111	35	93	161	59	52	139	101	135	119	32	32	42	83	58	114	52	80	129	106	87	139	65	72	61	132	148	131	54	46	103	82	98	56	160	45	82	31	137	20	147	142	53	125	113	67	140	89	133	40	60	119	69	162	37	125	20	31	84	101	121	99
0	0	0	0	0	0	0	0	0	0	0	0	0	0	0	0	0	0	0	0	0	0	0	0	0	0	0	0	0	0	0	0	0	0	0	0	0	0	0	63	142	105	45	158	155	121	82	138	61	27	129	70	67	93	90	151	60	103	65	106	70	119	22	87	133	89	38	39	145	60	82	12	105	113	78	20	119	96	56	127	34	83	62	120	160	62	144	143	120	50	127	103	96	72	37	59	98	148	109	37	112	86	35	89	68	118	99	95	101	65	29	95	105	125	37	6	65	129	92	71	69	66	122	109	18	70	105	32
0	0	0	0	0	0	0	0	0	0	0	0	0	0	0	0	0	0	0	0	0	0	0	0	0	0	0	0	0	0	0	0	0	0	0	0	0	0	0	0	155	48	26	83	140	24	89	25	109	114	43	132	71	73	99	74	24	86	80	70	70	120	89	146	68	46	91	152	32	67	116	135	117	58	120	145	23	74	135	98	28	94	152	55	65	167	74	37	31	115	68	109	142	102	87	126	129	120	150	123	60	152	155	76	50	124	107	42	66	119	32	77	122	103	144	111	102	138	78	75	42	110	158	123	121	113	87	68
0	0	0	0	0	0	0	0	0	0	0	0	0	0	0	0	0	0	0	0	0	0	0	0	0	0	0	0	0	0	0	0	0	0	0	0	0	0	0	0	0	68	75	109	66	91	87	87	52	76	111	31	26	90	139	155	96	125	60	62	137	66	47	45	16	26	15	58	75	103	71	57	5	164	125	116	89	129	120	127	16	140	77	35	146	10	146	29	94	122	97	105	81	98	110	54	141	74	86	155	41	80	44	117	102	140	63	44	45	108	6	34	107	14	111	69	109	74	49	121	47	93	136	99	70	124	60	82
0	0	0	0	0	0	0	0	0	0	0	0	0	0	0	0	0	0	0	0	0	0	0	0	0	0	0	0	0	0	0	0	0	0	0	0	0	0	0	0	0	0	140	47	99	51	88	69	44	151	117	123	134	59	136	101	85	81	106	158	63	137	42	137	98	101	146	53	84	43	140	125	46	97	28	139	144	28	116	80	88	76	95	106	124	84	42	25	51	61	154	40	77	99	117	146	103	31	145	71	81	18	108	98	47	75	120	51	120	82	22	68	158	104	81	59	43	118	122	146	102	119	102	48	136	92	66	49
0	0	0	0	0	0	0	0	0	0	0	0	0	0	0	0	0	0	0	0	0	0	0	0	0	0	0	0	0	0	0	0	0	0	0	0	0	0	0	0	0	0	0	13	65	86	123	37	98	5	146	91	66	126	20	38	74	71	26	129	93	110	89	122	141	73	87	71	130	80	146	118	43	38	79	65	128	57	62	119	125	132	23	46	170	88	147	138	58	67	33	43	69	83	106	48	120	125	163	49	12	53	45	44	19	46	93	102	36	117	97	123	32	95	144	97	120	149	100	55	113	118	82	159	80	105	100	68
0	0	0	0	0	0	0	0	0	0	0	0	0	0	0	0	0	0	0	0	0	0	0	0	0	0	0	0	0	0	0	0	0	0	0	0	0	0	0	0	0	0	0	0	69	113	62	159	68	86	127	101	135	143	160	76	136	71	107	39	78	132	128	50	129	59	114	136	85	120	95	82	131	107	77	125	105	64	133	62	96	42	75	35	139	136	88	103	116	120	129	134	66	53	72	14	116	48	72	42	22	130	93	163	56	106	85	145	25	129	25	75	71	21	41	64	163	121	42	129	135	96	137	55	146	71	114	58
0	0	0	0	0	0	0	0	0	0	0	0	0	0	0	0	0	0	0	0	0	0	0	0	0	0	0	0	0	0	0	0	0	0	0	0	0	0	0	0	0	0	0	0	0	145	61	117	22	65	121	45	66	40	68	103	79	58	95	126	43	131	113	120	79	96	130	86	81	68	29	100	149	135	54	43	93	28	89	87	78	141	132	105	128	39	114	159	106	102	129	111	51	55	57	130	60	93	126	114	26	120	132	121	38	101	22	10	116	58	68	17	37	66	153	76	127	94	57	65	137	98	129	93	88	99	113	92
0	0	0	0	0	0	0	0	0	0	0	0	0	0	0	0	0	0	0	0	0	0	0	0	0	0	0	0	0	0	0	0	0	0	0	0	0	0	0	0	0	0	0	0	0	0	104	56	141	151	165	132	101	67	8	110	58	131	51	121	121	59	45	17	16	126	86	78	149	36	111	103	80	120	40	84	124	158	26	72	108	70	4	65	79	128	56	63	123	115	69	34	36	85	115	127	40	38	61	58	112	136	80	22	84	22	133	107	164	42	138	56	44	127	129	119	118	141	38	72	138	97	16	129	104	79	112	105
0	0	0	0	0	0	0	0	0	0	0	0	0	0	0	0	0	0	0	0	0	0	0	0	0	0	0	0	0	0	0	0	0	0	0	0	0	0	0	0	0	0	0	0	0	0	0	112	145	143	141	84	56	39	46	54	6	30	112	142	135	54	91	37	144	133	128	61	133	80	48	73	34	56	10	136	95	89	146	85	67	156	36	59	40	46	81	89	87	40	142	155	46	83	139	54	100	100	75	46	47	68	29	118	24	86	55	93	86	57	69	75	106	43	136	61	35	142	90	148	111	57	41	120	48	163	91	36
0	0	0	0	0	0	0	0	0	0	0	0	0	0	0	0	0	0	0	0	0	0	0	0	0	0	0	0	0	0	0	0	0	0	0	0	0	0	0	0	0	0	0	0	0	0	0	0	62	77	130	65	103	143	58	107	65	71	135	134	97	43	89	47	76	147	146	11	113	61	148	121	142	135	80	106	117	74	52	129	58	74	102	135	46	165	137	48	2	143	48	19	22	86	141	111	23	139	107	45	119	91	23	79	136	106	133	50	63	89	82	52	144	26	138	83	71	55	102	155	116	78	116	41	109	144	111	31
0	0	0	0	0	0	0	0	0	0	0	0	0	0	0	0	0	0	0	0	0	0	0	0	0	0	0	0	0	0	0	0	0	0	0	0	0	0	0	0	0	0	0	0	0	0	0	0	0	54	81	169	39	34	79	127	115	51	140	102	25	130	122	123	25	117	79	114	49	81	88	115	73	166	100	81	43	167	122	121	25	89	99	134	169	93	22	47	127	61	111	103	149	72	136	7	93	25	143	45	65	88	99	68	103	153	66	51	133	132	76	13	31	121	49	159	131	110	91	72	94	105	94	48	137	103	104	92
0	0	0	0	0	0	0	0	0	0	0	0	0	0	0	0	0	0	0	0	0	0	0	0	0	0	0	0	0	0	0	0	0	0	0	0	0	0	0	0	0	0	0	0	0	0	0	0	0	0	72	30	158	145	113	92	128	35	77	70	72	37	83	99	67	100	128	175	98	134	158	138	127	134	57	122	93	147	164	149	131	134	119	128	33	80	145	94	46	75	50	130	81	166	163	80	44	72	74	62	71	25	74	118	83	132	47	104	110	97	69	80	161	60	137	93	125	56	99	158	112	135	96	151	143	141	112	125
0	0	0	0	0	0	0	0	0	0	0	0	0	0	0	0	0	0	0	0	0	0	0	0	0	0	0	0	0	0	0	0	0	0	0	0	0	0	0	0	0	0	0	0	0	0	0	0	0	0	0	35	144	44	139	111	128	123	45	141	64	125	49	89	105	63	129	92	71	84	120	114	75	99	46	72	90	116	115	150	87	160	61	86	72	54	59	92	135	84	99	118	35	170	111	75	89	163	17	91	66	90	30	47	146	117	125	105	81	95	112	68	95	102	127	49	166	89	153	155	103	150	156	105	116	51	65	90
0	0	0	0	0	0	0	0	0	0	0	0	0	0	0	0	0	0	0	0	0	0	0	0	0	0	0	0	0	0	0	0	0	0	0	0	0	0	0	0	0	0	0	0	0	0	0	0	0	0	0	0	108	103	163	27	108	82	148	30	167	65	47	77	136	75	34	63	65	164	118	115	70	47	131	67	108	83	100	53	153	56	33	138	120	43	68	140	150	174	127	89	27	42	94	145	142	113	137	111	109	145	134	143	105	134	135	153	102	76	42	53	54	137	79	93	57	66	159	25	85	83	74	81	21	110	84	64
0	0	0	0	0	0	0	0	0	0	0	0	0	0	0	0	0	0	0	0	0	0	0	0	0	0	0	0	0	0	0	0	0	0	0	0	0	0	0	0	0	0	0	0	0	0	0	0	0	0	0	0	0	86	170	29	24	93	112	84	67	95	103	154	95	136	101	165	127	82	152	163	116	138	69	76	77	50	45	39	43	78	81	21	83	105	115	90	142	100	80	155	119	56	38	53	29	140	112	159	131	163	113	159	109	93	157	103	117	106	120	96	72	76	159	138	56	75	95	41	100	122	139	115	126	112	133	126
0	0	0	0	0	0	0	0	0	0	0	0	0	0	0	0	0	0	0	0	0	0	0	0	0	0	0	0	0	0	0	0	0	0	0	0	0	0	0	0	0	0	0	0	0	0	0	0	0	0	0	0	0	0	18	71	113	141	64	125	20	80	48	95	122	54	70	57	172	93	22	109	32	93	125	144	95	67	46	122	49	160	48	94	133	37	136	63	79	87	80	66	92	71	104	146	128	107	120	109	47	56	171	100	98	56	128	71	129	129	97	173	93	103	56	110	85	42	43	71	175	53	89	127	37	105	138	122
0	0	0	0	0	0	0	0	0	0	0	0	0	0	0	0	0	0	0	0	0	0	0	0	0	0	0	0	0	0	0	0	0	0	0	0	0	0	0	0	0	0	0	0	0	0	0	0	0	0	0	0	0	0	0	83	124	85	141	70	107	146	33	64	128	13	29	87	152	48	125	119	69	28	83	114	39	74	77	99	138	41	89	69	156	88	48	86	74	139	111	117	23	153	112	99	40	129	29	39	124	90	84	106	172	41	81	154	62	80	118	82	82	90	73	87	63	72	155	98	78	96	71	147	139	41	116	70
0	0	0	0	0	0	0	0	0	0	0	0	0	0	0	0	0	0	0	0	0	0	0	0	0	0	0	0	0	0	0	0	0	0	0	0	0	0	0	0	0	0	0	0	0	0	0	0	0	0	0	0	0	0	0	0	154	58	71	100	73	79	45	72	65	90	111	91	26	60	148	69	52	61	146	141	93	96	115	90	120	21	157	98	94	72	77	165	112	97	132	52	98	100	80	130	95	108	118	94	63	77	92	168	79	41	83	121	51	146	86	70	124	58	73	147	77	147	109	50	31	153	52	41	132	86	45	68
0	0	0	0	0	0	0	0	0	0	0	0	0	0	0	0	0	0	0	0	0	0	0	0	0	0	0	0	0	0	0	0	0	0	0	0	0	0	0	0	0	0	0	0	0	0	0	0	0	0	0	0	0	0	0	0	0	99	143	95	54	39	30	77	70	124	18	91	53	114	101	128	122	99	80	152	28	124	89	147	77	52	53	128	23	116	130	54	60	49	31	54	102	93	98	170	82	155	47	39	147	164	99	119	93	162	95	46	74	31	115	69	60	145	121	82	170	25	130	69	74	172	67	81	96	110	153	57
0	0	0	0	0	0	0	0	0	0	0	0	0	0	0	0	0	0	0	0	0	0	0	0	0	0	0	0	0	0	0	0	0	0	0	0	0	0	0	0	0	0	0	0	0	0	0	0	0	0	0	0	0	0	0	0	0	0	109	68	27	55	92	115	174	14	180	90	63	132	60	17	59	99	157	82	93	74	96	115	77	27	48	99	85	13	90	141	22	52	85	111	122	94	109	91	176	141	65	121	23	20	163	69	157	98	111	128	32	136	72	55	83	64	54	147	81	11	56	40	60	21	85	136	111	134	58	74
0	0	0	0	0	0	0	0	0	0	0	0	0	0	0	0	0	0	0	0	0	0	0	0	0	0	0	0	0	0	0	0	0	0	0	0	0	0	0	0	0	0	0	0	0	0	0	0	0	0	0	0	0	0	0	0	0	0	0	61	109	100	99	33	132	32	120	43	73	137	42	59	59	44	120	10	76	101	170	31	88	159	133	52	149	23	111	147	168	146	122	121	83	40	61	41	180	12	99	69	63	96	65	137	140	174	102	142	165	140	104	147	101	34	12	115	102	127	118	49	57	169	77	32	44	120	60	136
0	0	0	0	0	0	0	0	0	0	0	0	0	0	0	0	0	0	0	0	0	0	0	0	0	0	0	0	0	0	0	0	0	0	0	0	0	0	0	0	0	0	0	0	0	0	0	0	0	0	0	0	0	0	0	0	0	0	0	0	68	49	36	82	179	113	75	18	152	85	96	73	133	143	107	47	68	113	88	66	85	155	113	103	61	121	117	134	113	122	79	142	92	68	108	162	152	136	57	79	74	53	167	93	145	116	21	60	54	76	111	63	106	145	176	153	77	80	110	118	69	23	75	104	75	137	65	99
0	0	0	0	0	0	0	0	0	0	0	0	0	0	0	0	0	0	0	0	0	0	0	0	0	0	0	0	0	0	0	0	0	0	0	0	0	0	0	0	0	0	0	0	0	0	0	0	0	0	0	0	0	0	0	0	0	0	0	0	0	151	119	68	91	75	151	56	111	157	79	84	152	91	86	76	91	126	115	126	93	19	128	59	111	67	40	134	173	36	121	60	109	68	17	122	151	87	93	54	174	112	100	62	28	134	156	59	109	81	88	105	81	59	152	49	46	25	165	94	115	138	128	66	12	151	91	64
0	0	0	0	0	0	0	0	0	0	0	0	0	0	0	0	0	0	0	0	0	0	0	0	0	0	0	0	0	0	0	0	0	0	0	0	0	0	0	0	0	0	0	0	0	0	0	0	0	0	0	0	0	0	0	0	0	0	0	0	0	0	69	48	163	29	93	57	145	94	141	46	133	70	182	102	53	88	49	140	129	118	90	80	49	188	90	93	85	83	104	113	111	44	23	144	171	109	135	173	112	87	52	61	101	117	150	90	103	146	71	159	173	18	94	131	73	137	70	73	172	60	107	102	109	150	70	130
0	0	0	0	0	0	0	0	0	0	0	0	0	0	0	0	0	0	0	0	0	0	0	0	0	0	0	0	0	0	0	0	0	0	0	0	0	0	0	0	0	0	0	0	0	0	0	0	0	0	0	0	0	0	0	0	0	0	0	0	0	0	0	41	99	113	156	60	47	112	67	50	77	121	96	118	168	159	32	163	149	91	113	97	90	155	98	156	77	170	100	113	58	127	137	79	92	73	58	107	43	155	94	135	179	88	158	158	166	122	119	43	166	59	69	69	147	112	73	86	136	94	95	12	63	85	95	81
0	0	0	0	0	0	0	0	0	0	0	0	0	0	0	0	0	0	0	0	0	0	0	0	0	0	0	0	0	0	0	0	0	0	0	0	0	0	0	0	0	0	0	0	0	0	0	0	0	0	0	0	0	0	0	0	0	0	0	0	0	0	0	0	146	43	126	122	88	63	60	114	131	115	84	60	154	176	38	53	89	83	104	49	134	63	119	44	42	118	141	130	87	116	36	55	74	137	64	165	108	122	163	39	13	152	42	99	77	127	98	129	58	40	179	118	82	12	113	59	99	68	91	99	108	60	89	46
0	0	0	0	0	0	0	0	0	0	0	0	0	0	0	0	0	0	0	0	0	0	0	0	0	0	0	0	0	0	0	0	0	0	0	0	0	0	0	0	0	0	0	0	0	0	0	0	0	0	0	0	0	0	0	0	0	0	0	0	0	0	0	0	0	45	75	60	48	75	175	100	110	140	75	143	150	121	42	93	104	109	172	69	32	45	158	163	87	110	51	24	24	138	109	109	138	60	49	41	122	121	121	138	148	109	129	75	72	140	128	106	173	145	69	140	75	52	180	67	54	79	165	51	169	44	111	96
0	0	0	0	0	0	0	0	0	0	0	0	0	0	0	0	0	0	0	0	0	0	0	0	0	0	0	0	0	0	0	0	0	0	0	0	0	0	0	0	0	0	0	0	0	0	0	0	0	0	0	0	0	0	0	0	0	0	0	0	0	0	0	0	0	0	85	64	59	100	83	89	78	143	95	91	68	86	166	38	128	93	110	124	119	73	116	139	86	23	107	125	147	86	165	158	96	154	102	44	82	132	47	55	151	182	100	149	93	29	62	99	143	168	93	118	60	151	108	117	174	71	71	105	94	60	54	76
0	0	0	0	0	0	0	0	0	0	0	0	0	0	0	0	0	0	0	0	0	0	0	0	0	0	0	0	0	0	0	0	0	0	0	0	0	0	0	0	0	0	0	0	0	0	0	0	0	0	0	0	0	0	0	0	0	0	0	0	0	0	0	0	0	0	0	132	93	31	25	91	93	187	56	66	116	92	23	64	38	129	32	65	48	153	123	36	33	147	71	75	96	150	80	29	82	134	104	98	110	66	36	130	144	123	86	158	45	119	41	144	160	145	129	179	83	7	68	92	62	86	129	83	57	94	97	108
0	0	0	0	0	0	0	0	0	0	0	0	0	0	0	0	0	0	0	0	0	0	0	0	0	0	0	0	0	0	0	0	0	0	0	0	0	0	0	0	0	0	0	0	0	0	0	0	0	0	0	0	0	0	0	0	0	0	0	0	0	0	0	0	0	0	0	0	32	92	49	154	85	116	93	128	102	64	46	106	128	130	108	134	150	139	137	84	84	22	135	80	194	140	72	124	138	94	54	37	107	60	130	130	83	100	92	24	33	97	9	167	15	62	66	27	146	80	179	129	125	136	114	61	91	152	107	75
0	0	0	0	0	0	0	0	0	0	0	0	0	0	0	0	0	0	0	0	0	0	0	0	0	0	0	0	0	0	0	0	0	0	0	0	0	0	0	0	0	0	0	0	0	0	0	0	0	0	0	0	0	0	0	0	0	0	0	0	0	0	0	0	0	0	0	0	0	139	169	83	18	69	101	107	79	139	78	111	107	187	135	114	107	88	64	95	74	148	73	114	172	13	95	87	38	67	139	89	136	91	137	112	52	142	140	109	130	96	88	60	151	126	127	71	117	91	80	163	32	170	80	114	155	49	42	109
0	0	0	0	0	0	0	0	0	0	0	0	0	0	0	0	0	0	0	0	0	0	0	0	0	0	0	0	0	0	0	0	0	0	0	0	0	0	0	0	0	0	0	0	0	0	0	0	0	0	0	0	0	0	0	0	0	0	0	0	0	0	0	0	0	0	0	0	0	0	96	140	127	67	83	75	82	77	74	27	68	96	159	121	129	172	145	126	79	165	80	141	105	84	37	144	88	142	168	128	57	30	122	108	105	112	39	59	168	66	127	132	187	175	119	158	86	72	40	142	166	44	77	82	74	152	43	99
0	0	0	0	0	0	0	0	0	0	0	0	0	0	0	0	0	0	0	0	0	0	0	0	0	0	0	0	0	0	0	0	0	0	0	0	0	0	0	0	0	0	0	0	0	0	0	0	0	0	0	0	0	0	0	0	0	0	0	0	0	0	0	0	0	0	0	0	0	0	0	130	119	83	106	46	56	62	133	44	157	65	98	84	134	61	65	112	143	111	132	37	55	81	102	71	103	82	124	83	66	84	100	99	125	89	128	110	131	130	173	65	78	54	135	81	97	114	160	36	139	103	35	45	16	158	112	139
0	0	0	0	0	0	0	0	0	0	0	0	0	0	0	0	0	0	0	0	0	0	0	0	0	0	0	0	0	0	0	0	0	0	0	0	0	0	0	0	0	0	0	0	0	0	0	0	0	0	0	0	0	0	0	0	0	0	0	0	0	0	0	0	0	0	0	0	0	0	0	0	109	87	113	74	152	27	78	49	89	102	111	128	83	99	100	157	40	133	148	64	91	60	179	22	52	124	147	45	99	26	120	58	144	147	69	89	92	149	148	71	118	69	112	123	88	108	62	92	139	80	73	171	91	6	101	38
0	0	0	0	0	0	0	0	0	0	0	0	0	0	0	0	0	0	0	0	0	0	0	0	0	0	0	0	0	0	0	0	0	0	0	0	0	0	0	0	0	0	0	0	0	0	0	0	0	0	0	0	0	0	0	0	0	0	0	0	0	0	0	0	0	0	0	0	0	0	0	0	0	105	169	80	112	82	101	170	139	110	79	70	180	89	23	134	120	169	75	51	37	81	120	134	82	111	86	119	160	76	136	39	130	79	126	89	148	111	159	48	171	45	48	31	184	149	107	110	42	86	32	76	156	98	106	53
0	0	0	0	0	0	0	0	0	0	0	0	0	0	0	0	0	0	0	0	0	0	0	0	0	0	0	0	0	0	0	0	0	0	0	0	0	0	0	0	0	0	0	0	0	0	0	0	0	0	0	0	0	0	0	0	0	0	0	0	0	0	0	0	0	0	0	0	0	0	0	0	0	0	93	131	162	67	171	144	96	107	125	134	46	166	171	197	103	111	134	60	180	57	135	60	98	124	37	16	98	61	128	127	102	115	131	94	117	140	180	131	117	86	52	114	39	166	61	61	161	110	89	94	154	83	100	101
0	0	0	0	0	0	0	0	0	0	0	0	0	0	0	0	0	0	0	0	0	0	0	0	0	0	0	0	0	0	0	0	0	0	0	0	0	0	0	0	0	0	0	0	0	0	0	0	0	0	0	0	0	0	0	0	0	0	0	0	0	0	0	0	0	0	0	0	0	0	0	0	0	0	0	73	109	79	117	122	144	36	118	94	110	34	196	170	76	58	42	105	72	98	89	84	126	61	99	126	59	106	27	188	61	135	70	117	161	150	161	114	122	35	41	72	53	133	129	56	89	122	101	175	68	134	74	62
0	0	0	0	0	0	0	0	0	0	0	0	0	0	0	0	0	0	0	0	0	0	0	0	0	0	0	0	0	0	0	0	0	0	0	0	0	0	0	0	0	0	0	0	0	0	0	0	0	0	0	0	0	0	0	0	0	0	0	0	0	0	0	0	0	0	0	0	0	0	0	0	0	0	0	0	112	182	21	109	167	147	91	104	76	153	37	170	61	148	81	14	77	133	108	96	124	105	145	161	68	92	137	130	46	73	36	133	113	123	128	160	99	77	147	85	153	58	88	174	97	43	67	109	112	131	147	146
0	0	0	0	0	0	0	0	0	0	0	0	0	0	0	0	0	0	0	0	0	0	0	0	0	0	0	0	0	0	0	0	0	0	0	0	0	0	0	0	0	0	0	0	0	0	0	0	0	0	0	0	0	0	0	0	0	0	0	0	0	0	0	0	0	0	0	0	0	0	0	0	0	0	0	0	0	174	115	75	63	38	72	156	59	99	122	70	111	69	158	78	55	111	179	125	184	33	114	87	154	148	48	98	160	47	62	28	111	150	140	60	99	108	73	145	91	77	89	61	168	74	120	130	129	100	131	45
0	0	0	0	0	0	0	0	0	0	0	0	0	0	0	0	0	0	0	0	0	0	0	0	0	0	0	0	0	0	0	0	0	0	0	0	0	0	0	0	0	0	0	0	0	0	0	0	0	0	0	0	0	0	0	0	0	0	0	0	0	0	0	0	0	0	0	0	0	0	0	0	0	0	0	0	0	0	160	115	37	176	98	52	127	148	124	90	38	105	107	55	93	117	132	116	71	84	84	138	29	171	123	68	176	85	206	142	129	101	179	83	82	50	112	126	84	48	41	154	103	193	87	81	66	78	112	144
0	0	0	0	0	0	0	0	0	0	0	0	0	0	0	0	0	0	0	0	0	0	0	0	0	0	0	0	0	0	0	0	0	0	0	0	0	0	0	0	0	0	0	0	0	0	0	0	0	0	0	0	0	0	0	0	0	0	0	0	0	0	0	0	0	0	0	0	0	0	0	0	0	0	0	0	0	0	0	106	71	111	46	150	96	26	115	141	191	159	68	98	81	65	77	54	160	55	34	172	73	59	133	84	62	133	130	171	138	87	117	35	194	60	84	74	95	143	156	108	98	54	90	157	79	110	24	40
0	0	0	0	0	0	0	0	0	0	0	0	0	0	0	0	0	0	0	0	0	0	0	0	0	0	0	0	0	0	0	0	0	0	0	0	0	0	0	0	0	0	0	0	0	0	0	0	0	0	0	0	0	0	0	0	0	0	0	0	0	0	0	0	0	0	0	0	0	0	0	0	0	0	0	0	0	0	0	0	109	108	155	154	64	30	18	73	170	159	50	76	81	141	40	76	60	108	141	128	118	55	153	43	80	73	34	108	152	120	171	65	83	92	137	125	87	63	86	83	175	84	89	157	27	182	82	53
0	0	0	0	0	0	0	0	0	0	0	0	0	0	0	0	0	0	0	0	0	0	0	0	0	0	0	0	0	0	0	0	0	0	0	0	0	0	0	0	0	0	0	0	0	0	0	0	0	0	0	0	0	0	0	0	0	0	0	0	0	0	0	0	0	0	0	0	0	0	0	0	0	0	0	0	0	0	0	0	0	173	83	44	81	133	112	164	72	82	127	141	111	48	41	169	145	85	104	133	81	106	63	101	150	132	135	117	83	87	152	58	51	94	162	74	141	44	111	174	84	143	181	181	193	39	64	184
0	0	0	0	0	0	0	0	0	0	0	0	0	0	0	0	0	0	0	0	0	0	0	0	0	0	0	0	0	0	0	0	0	0	0	0	0	0	0	0	0	0	0	0	0	0	0	0	0	0	0	0	0	0	0	0	0	0	0	0	0	0	0	0	0	0	0	0	0	0	0	0	0	0	0	0	0	0	0	0	0	0	140	74	96	67	157	117	116	66	131	139	92	49	97	194	68	77	158	148	157	135	36	185	40	107	139	100	76	92	139	121	57	67	83	129	89	18	152	122	102	141	112	102	73	26	66	167
0	0	0	0	0	0	0	0	0	0	0	0	0	0	0	0	0	0	0	0	0	0	0	0	0	0	0	0	0	0	0	0	0	0	0	0	0	0	0	0	0	0	0	0	0	0	0	0	0	0	0	0	0	0	0	0	0	0	0	0	0	0	0	0	0	0	0	0	0	0	0	0	0	0	0	0	0	0	0	0	0	0	0	67	180	129	128	144	102	170	9	86	180	68	121	70	174	79	50	187	52	76	132	52	105	89	103	146	34	161	122	152	50	81	108	55	46	53	45	73	85	131	103	135	104	159	115	106
0	0	0	0	0	0	0	0	0	0	0	0	0	0	0	0	0	0	0	0	0	0	0	0	0	0	0	0	0	0	0	0	0	0	0	0	0	0	0	0	0	0	0	0	0	0	0	0	0	0	0	0	0	0	0	0	0	0	0	0	0	0	0	0	0	0	0	0	0	0	0	0	0	0	0	0	0	0	0	0	0	0	0	0	100	81	61	18	118	75	171	68	102	142	142	77	81	113	100	38	93	192	114	67	140	102	67	134	93	119	32	130	125	54	133	115	146	61	57	140	106	97	27	127	143	62	86	138
0	0	0	0	0	0	0	0	0	0	0	0	0	0	0	0	0	0	0	0	0	0	0	0	0	0	0	0	0	0	0	0	0	0	0	0	0	0	0	0	0	0	0	0	0	0	0	0	0	0	0	0	0	0	0	0	0	0	0	0	0	0	0	0	0	0	0	0	0	0	0	0	0	0	0	0	0	0	0	0	0	0	0	0	0	82	120	92	122	7	101	34	94	70	114	63	15	144	79	103	53	42	131	104	94	129	182	14	175	49	27	36	23	115	149	159	141	169	174	43	194	173	95	120	25	49	101	25
0	0	0	0	0	0	0	0	0	0	0	0	0	0	0	0	0	0	0	0	0	0	0	0	0	0	0	0	0	0	0	0	0	0	0	0	0	0	0	0	0	0	0	0	0	0	0	0	0	0	0	0	0	0	0	0	0	0	0	0	0	0	0	0	0	0	0	0	0	0	0	0	0	0	0	0	0	0	0	0	0	0	0	0	0	0	67	180	115	28	88	105	66	149	158	137	85	153	65	41	106	127	53	120	16	80	161	145	55	63	158	86	60	166	145	57	73	82	105	134	106	168	182	150	114	174	128	136
0	0	0	0	0	0	0	0	0	0	0	0	0	0	0	0	0	0	0	0	0	0	0	0	0	0	0	0	0	0	0	0	0	0	0	0	0	0	0	0	0	0	0	0	0	0	0	0	0	0	0	0	0	0	0	0	0	0	0	0	0	0	0	0	0	0	0	0	0	0	0	0	0	0	0	0	0	0	0	0	0	0	0	0	0	0	0	128	67	123	97	120	100	33	91	156	73	192	28	153	88	31	96	135	51	101	127	107	103	48	171	183	97	92	173	129	124	114	118	161	54	115	142	113	91	108	123	104
0	0	0	0	0	0	0	0	0	0	0	0	0	0	0	0	0	0	0	0	0	0	0	0	0	0	0	0	0	0	0	0	0	0	0	0	0	0	0	0	0	0	0	0	0	0	0	0	0	0	0	0	0	0	0	0	0	0	0	0	0	0	0	0	0	0	0	0	0	0	0	0	0	0	0	0	0	0	0	0	0	0	0	0	0	0	0	0	133	149	138	152	91	126	147	101	45	22	117	117	35	57	65	117	25	83	186	77	86	66	55	43	166	203	106	78	112	124	112	87	55	46	30	119	114	206	117	86
0	0	0	0	0	0	0	0	0	0	0	0	0	0	0	0	0	0	0	0	0	0	0	0	0	0	0	0	0	0	0	0	0	0	0	0	0	0	0	0	0	0	0	0	0	0	0	0	0	0	0	0	0	0	0	0	0	0	0	0	0	0	0	0	0	0	0	0	0	0	0	0	0	0	0	0	0	0	0	0	0	0	0	0	0	0	0	0	0	56	116	138	90	52	146	114	135	80	20	114	85	118	47	149	57	89	84	20	52	120	101	100	104	91	138	158	87	107	136	18	90	107	56	43	43	28	154	160
0	0	0	0	0	0	0	0	0	0	0	0	0	0	0	0	0	0	0	0	0	0	0	0	0	0	0	0	0	0	0	0	0	0	0	0	0	0	0	0	0	0	0	0	0	0	0	0	0	0	0	0	0	0	0	0	0	0	0	0	0	0	0	0	0	0	0	0	0	0	0	0	0	0	0	0	0	0	0	0	0	0	0	0	0	0	0	0	0	0	126	59	158	92	101	148	68	152	144	122	159	71	97	99	122	91	109	97	82	79	130	158	29	103	150	116	38	84	116	131	176	18	96	109	89	187	170	109
0	0	0	0	0	0	0	0	0	0	0	0	0	0	0	0	0	0	0	0	0	0	0	0	0	0	0	0	0	0	0	0	0	0	0	0	0	0	0	0	0	0	0	0	0	0	0	0	0	0	0	0	0	0	0	0	0	0	0	0	0	0	0	0	0	0	0	0	0	0	0	0	0	0	0	0	0	0	0	0	0	0	0	0	0	0	0	0	0	0	0	170	104	69	78	110	110	78	131	145	151	152	112	91	9	3	116	113	144	128	111	207	136	149	179	97	155	78	91	85	113	47	77	138	93	90	32	214
0	0	0	0	0	0	0	0	0	0	0	0	0	0	0	0	0	0	0	0	0	0	0	0	0	0	0	0	0	0	0	0	0	0	0	0	0	0	0	0	0	0	0	0	0	0	0	0	0	0	0	0	0	0	0	0	0	0	0	0	0	0	0	0	0	0	0	0	0	0	0	0	0	0	0	0	0	0	0	0	0	0	0	0	0	0	0	0	0	0	0	0	144	118	75	74	201	173	151	145	74	91	130	123	31	193	125	182	119	117	64	155	82	85	43	151	99	175	188	111	115	67	138	123	35	86	115	94
0	0	0	0	0	0	0	0	0	0	0	0	0	0	0	0	0	0	0	0	0	0	0	0	0	0	0	0	0	0	0	0	0	0	0	0	0	0	0	0	0	0	0	0	0	0	0	0	0	0	0	0	0	0	0	0	0	0	0	0	0	0	0	0	0	0	0	0	0	0	0	0	0	0	0	0	0	0	0	0	0	0	0	0	0	0	0	0	0	0	0	0	0	59	109	161	68	169	106	156	16	134	193	107	91	88	143	133	183	71	86	47	164	83	40	89	51	126	200	53	80	118	160	189	76	43	40	120
0	0	0	0	0	0	0	0	0	0	0	0	0	0	0	0	0	0	0	0	0	0	0	0	0	0	0	0	0	0	0	0	0	0	0	0	0	0	0	0	0	0	0	0	0	0	0	0	0	0	0	0	0	0	0	0	0	0	0	0	0	0	0	0	0	0	0	0	0	0	0	0	0	0	0	0	0	0	0	0	0	0	0	0	0	0	0	0	0	0	0	0	0	0	149	117	87	71	80	169	187	178	178	159	47	33	150	86	185	146	174	123	121	52	64	191	45	155	141	76	180	170	129	136	69	91	144	112
0	0	0	0	0	0	0	0	0	0	0	0	0	0	0	0	0	0	0	0	0	0	0	0	0	0	0	0	0	0	0	0	0	0	0	0	0	0	0	0	0	0	0	0	0	0	0	0	0	0	0	0	0	0	0	0	0	0	0	0	0	0	0	0	0	0	0	0	0	0	0	0	0	0	0	0	0	0	0	0	0	0	0	0	0	0	0	0	0	0	0	0	0	0	0	143	158	84	113	140	69	90	104	103	152	92	92	83	82	85	130	165	162	153	98	132	82	120	62	77	182	184	159	140	154	130	170	71
0	0	0	0	0	0	0	0	0	0	0	0	0	0	0	0	0	0	0	0	0	0	0	0	0	0	0	0	0	0	0	0	0	0	0	0	0	0	0	0	0	0	0	0	0	0	0	0	0	0	0	0	0	0	0	0	0	0	0	0	0	0	0	0	0	0	0	0	0	0	0	0	0	0	0	0	0	0	0	0	0	0	0	0	0	0	0	0	0	0	0	0	0	0	0	0	127	12	71	105	163	119	121	162	50	90	123	126	59	90	84	115	133	123	158	208	130	121	97	81	134	111	128	153	66	129	54	121
0	0	0	0	0	0	0	0	0	0	0	0	0	0	0	0	0	0	0	0	0	0	0	0	0	0	0	0	0	0	0	0	0	0	0	0	0	0	0	0	0	0	0	0	0	0	0	0	0	0	0	0	0	0	0	0	0	0	0	0	0	0	0	0	0	0	0	0	0	0	0	0	0	0	0	0	0	0	0	0	0	0	0	0	0	0	0	0	0	0	0	0	0	0	0	0	0	28	96	152	141	44	210	139	149	95	96	99	211	197	126	138	139	110	104	131	114	87	109	30	115	91	128	109	192	69	84	173
0	0	0	0	0	0	0	0	0	0	0	0	0	0	0	0	0	0	0	0	0	0	0	0	0	0	0	0	0	0	0	0	0	0	0	0	0	0	0	0	0	0	0	0	0	0	0	0	0	0	0	0	0	0	0	0	0	0	0	0	0	0	0	0	0	0	0	0	0	0	0	0	0	0	0	0	0	0	0	0	0	0	0	0	0	0	0	0	0	0	0	0	0	0	0	0	0	0	49	136	145	154	134	182	158	51	99	70	79	102	158	140	120	101	124	133	65	89	34	70	143	163	192	99	88	117	41	113
0	0	0	0	0	0	0	0	0	0	0	0	0	0	0	0	0	0	0	0	0	0	0	0	0	0	0	0	0	0	0	0	0	0	0	0	0	0	0	0	0	0	0	0	0	0	0	0	0	0	0	0	0	0	0	0	0	0	0	0	0	0	0	0	0	0	0	0	0	0	0	0	0	0	0	0	0	0	0	0	0	0	0	0	0	0	0	0	0	0	0	0	0	0	0	0	0	0	0	145	111	98	109	97	167	181	101	148	146	170	141	113	45	104	79	144	122	34	151	124	181	109	134	184	88	179	167	124
0	0	0	0	0	0	0	0	0	0	0	0	0	0	0	0	0	0	0	0	0	0	0	0	0	0	0	0	0	0	0	0	0	0	0	0	0	0	0	0	0	0	0	0	0	0	0	0	0	0	0	0	0	0	0	0	0	0	0	0	0	0	0	0	0	0	0	0	0	0	0	0	0	0	0	0	0	0	0	0	0	0	0	0	0	0	0	0	0	0	0	0	0	0	0	0	0	0	0	0	176	101	70	147	95	134	60	206	107	129	158	147	158	37	52	215	142	137	145	131	117	92	108	150	207	99	76	165
0	0	0	0	0	0	0	0	0	0	0	0	0	0	0	0	0	0	0	0	0	0	0	0	0	0	0	0	0	0	0	0	0	0	0	0	0	0	0	0	0	0	0	0	0	0	0	0	0	0	0	0	0	0	0	0	0	0	0	0	0	0	0	0	0	0	0	0	0	0	0	0	0	0	0	0	0	0	0	0	0	0	0	0	0	0	0	0	0	0	0	0	0	0	0	0	0	0	0	0	0	150	114	147	57	82	147	121	56	110	93	169	52	106	135	186	126	80	73	187	125	26	181	133	59	41	30	68
0	0	0	0	0	0	0	0	0	0	0	0	0	0	0	0	0	0	0	0	0	0	0	0	0	0	0	0	0	0	0	0	0	0	0	0	0	0	0	0	0	0	0	0	0	0	0	0	0	0	0	0	0	0	0	0	0	0	0	0	0	0	0	0	0	0	0	0	0	0	0	0	0	0	0	0	0	0	0	0	0	0	0	0	0	0	0	0	0	0	0	0	0	0	0	0	0	0	0	0	0	0	141	55	108	91	85	110	109	188	143	75	193	122	169	187	75	98	55	112	42	102	127	74	134	78	189	74
0	0	0	0	0	0	0	0	0	0	0	0	0	0	0	0	0	0	0	0	0	0	0	0	0	0	0	0	0	0	0	0	0	0	0	0	0	0	0	0	0	0	0	0	0	0	0	0	0	0	0	0	0	0	0	0	0	0	0	0	0	0	0	0	0	0	0	0	0	0	0	0	0	0	0	0	0	0	0	0	0	0	0	0	0	0	0	0	0	0	0	0	0	0	0	0	0	0	0	0	0	0	0	130	132	90	46	128	89	96	78	154	92	88	109	124	129	66	34	157	107	58	172	117	166	62	184	138
0	0	0	0	0	0	0	0	0	0	0	0	0	0	0	0	0	0	0	0	0	0	0	0	0	0	0	0	0	0	0	0	0	0	0	0	0	0	0	0	0	0	0	0	0	0	0	0	0	0	0	0	0	0	0	0	0	0	0	0	0	0	0	0	0	0	0	0	0	0	0	0	0	0	0	0	0	0	0	0	0	0	0	0	0	0	0	0	0	0	0	0	0	0	0	0	0	0	0	0	0	0	0	0	104	71	74	42	184	116	107	201	118	137	88	151	111	103	140	148	177	143	154	146	87	97	217	124
0	0	0	0	0	0	0	0	0	0	0	0	0	0	0	0	0	0	0	0	0	0	0	0	0	0	0	0	0	0	0	0	0	0	0	0	0	0	0	0	0	0	0	0	0	0	0	0	0	0	0	0	0	0	0	0	0	0	0	0	0	0	0	0	0	0	0	0	0	0	0	0	0	0	0	0	0	0	0	0	0	0	0	0	0	0	0	0	0	0	0	0	0	0	0	0	0	0	0	0	0	0	0	0	0	93	78	26	74	108	9	127	178	64	136	150	147	113	160	113	48	141	145	150	156	98	50	92
0	0	0	0	0	0	0	0	0	0	0	0	0	0	0	0	0	0	0	0	0	0	0	0	0	0	0	0	0	0	0	0	0	0	0	0	0	0	0	0	0	0	0	0	0	0	0	0	0	0	0	0	0	0	0	0	0	0	0	0	0	0	0	0	0	0	0	0	0	0	0	0	0	0	0	0	0	0	0	0	0	0	0	0	0	0	0	0	0	0	0	0	0	0	0	0	0	0	0	0	0	0	0	0	0	0	164	153	122	100	56	171	37	117	155	76	72	107	98	29	150	129	99	118	153	220	64	107
0	0	0	0	0	0	0	0	0	0	0	0	0	0	0	0	0	0	0	0	0	0	0	0	0	0	0	0	0	0	0	0	0	0	0	0	0	0	0	0	0	0	0	0	0	0	0	0	0	0	0	0	0	0	0	0	0	0	0	0	0	0	0	0	0	0	0	0	0	0	0	0	0	0	0	0	0	0	0	0	0	0	0	0	0	0	0	0	0	0	0	0	0	0	0	0	0	0	0	0	0	0	0	0	0	0	0	173	102	61	165	229	136	147	89	72	109	147	141	116	204	15	212	67	92	184	60	124
0	0	0	0	0	0	0	0	0	0	0	0	0	0	0	0	0	0	0	0	0	0	0	0	0	0	0	0	0	0	0	0	0	0	0	0	0	0	0	0	0	0	0	0	0	0	0	0	0	0	0	0	0	0	0	0	0	0	0	0	0	0	0	0	0	0	0	0	0	0	0	0	0	0	0	0	0	0	0	0	0	0	0	0	0	0	0	0	0	0	0	0	0	0	0	0	0	0	0	0	0	0	0	0	0	0	0	0	161	76	131	83	213	189	111	119	120	116	207	126	76	181	161	20	125	69	146	156
0	0	0	0	0	0	0	0	0	0	0	0	0	0	0	0	0	0	0	0	0	0	0	0	0	0	0	0	0	0	0	0	0	0	0	0	0	0	0	0	0	0	0	0	0	0	0	0	0	0	0	0	0	0	0	0	0	0	0	0	0	0	0	0	0	0	0	0	0	0	0	0	0	0	0	0	0	0	0	0	0	0	0	0	0	0	0	0	0	0	0	0	0	0	0	0	0	0	0	0	0	0	0	0	0	0	0	0	0	176	180	180	161	132	133	51	162	157	92	139	119	80	69	171	174	173	184	144
0	0	0	0	0	0	0	0	0	0	0	0	0	0	0	0	0	0	0	0	0	0	0	0	0	0	0	0	0	0	0	0	0	0	0	0	0	0	0	0	0	0	0	0	0	0	0	0	0	0	0	0	0	0	0	0	0	0	0	0	0	0	0	0	0	0	0	0	0	0	0	0	0	0	0	0	0	0	0	0	0	0	0	0	0	0	0	0	0	0	0	0	0	0	0	0	0	0	0	0	0	0	0	0	0	0	0	0	0	0	164	186	90	48	27	141	26	64	123	126	55	208	157	233	25	174	149	89
0	0	0	0	0	0	0	0	0	0	0	0	0	0	0	0	0	0	0	0	0	0	0	0	0	0	0	0	0	0	0	0	0	0	0	0	0	0	0	0	0	0	0	0	0	0	0	0	0	0	0	0	0	0	0	0	0	0	0	0	0	0	0	0	0	0	0	0	0	0	0	0	0	0	0	0	0	0	0	0	0	0	0	0	0	0	0	0	0	0	0	0	0	0	0	0	0	0	0	0	0	0	0	0	0	0	0	0	0	0	0	76	30	67	168	7	133	139	201	150	103	163	114	65	99	178	142	128
0	0	0	0	0	0	0	0	0	0	0	0	0	0	0	0	0	0	0	0	0	0	0	0	0	0	0	0	0	0	0	0	0	0	0	0	0	0	0	0	0	0	0	0	0	0	0	0	0	0	0	0	0	0	0	0	0	0	0	0	0	0	0	0	0	0	0	0	0	0	0	0	0	0	0	0	0	0	0	0	0	0	0	0	0	0	0	0	0	0	0	0	0	0	0	0	0	0	0	0	0	0	0	0	0	0	0	0	0	0	0	0	15	108	166	149	56	95	110	86	193	118	178	209	193	106	86	154
0	0	0	0	0	0	0	0	0	0	0	0	0	0	0	0	0	0	0	0	0	0	0	0	0	0	0	0	0	0	0	0	0	0	0	0	0	0	0	0	0	0	0	0	0	0	0	0	0	0	0	0	0	0	0	0	0	0	0	0	0	0	0	0	0	0	0	0	0	0	0	0	0	0	0	0	0	0	0	0	0	0	0	0	0	0	0	0	0	0	0	0	0	0	0	0	0	0	0	0	0	0	0	0	0	0	0	0	0	0	0	0	0	160	107	69	142	123	189	35	151	226	193	169	121	122	86	153
0	0	0	0	0	0	0	0	0	0	0	0	0	0	0	0	0	0	0	0	0	0	0	0	0	0	0	0	0	0	0	0	0	0	0	0	0	0	0	0	0	0	0	0	0	0	0	0	0	0	0	0	0	0	0	0	0	0	0	0	0	0	0	0	0	0	0	0	0	0	0	0	0	0	0	0	0	0	0	0	0	0	0	0	0	0	0	0	0	0	0	0	0	0	0	0	0	0	0	0	0	0	0	0	0	0	0	0	0	0	0	0	0	0	104	72	64	219	81	68	144	184	52	85	83	66	130	125
0	0	0	0	0	0	0	0	0	0	0	0	0	0	0	0	0	0	0	0	0	0	0	0	0	0	0	0	0	0	0	0	0	0	0	0	0	0	0	0	0	0	0	0	0	0	0	0	0	0	0	0	0	0	0	0	0	0	0	0	0	0	0	0	0	0	0	0	0	0	0	0	0	0	0	0	0	0	0	0	0	0	0	0	0	0	0	0	0	0	0	0	0	0	0	0	0	0	0	0	0	0	0	0	0	0	0	0	0	0	0	0	0	0	0	53	151	122	117	209	158	113	158	118	178	130	68	90
0	0	0	0	0	0	0	0	0	0	0	0	0	0	0	0	0	0	0	0	0	0	0	0	0	0	0	0	0	0	0	0	0	0	0	0	0	0	0	0	0	0	0	0	0	0	0	0	0	0	0	0	0	0	0	0	0	0	0	0	0	0	0	0	0	0	0	0	0	0	0	0	0	0	0	0	0	0	0	0	0	0	0	0	0	0	0	0	0	0	0	0	0	0	0	0	0	0	0	0	0	0	0	0	0	0	0	0	0	0	0	0	0	0	0	0	148	115	90	219	96	152	136	126	103	108	57	126
0	0	0	0	0	0	0	0	0	0	0	0	0	0	0	0	0	0	0	0	0	0	0	0	0	0	0	0	0	0	0	0	0	0	0	0	0	0	0	0	0	0	0	0	0	0	0	0	0	0	0	0	0	0	0	0	0	0	0	0	0	0	0	0	0	0	0	0	0	0	0	0	0	0	0	0	0	0	0	0	0	0	0	0	0	0	0	0	0	0	0	0	0	0	0	0	0	0	0	0	0	0	0	0	0	0	0	0	0	0	0	0	0	0	0	0	0	171	147	183	105	170	116	77	112	134	108	109
0	0	0	0	0	0	0	0	0	0	0	0	0	0	0	0	0	0	0	0	0	0	0	0	0	0	0	0	0	0	0	0	0	0	0	0	0	0	0	0	0	0	0	0	0	0	0	0	0	0	0	0	0	0	0	0	0	0	0	0	0	0	0	0	0	0	0	0	0	0	0	0	0	0	0	0	0	0	0	0	0	0	0	0	0	0	0	0	0	0	0	0	0	0	0	0	0	0	0	0	0	0	0	0	0	0	0	0	0	0	0	0	0	0	0	0	0	0	134	104	116	118	226	80	144	102	78	113
0	0	0	0	0	0	0	0	0	0	0	0	0	0	0	0	0	0	0	0	0	0	0	0	0	0	0	0	0	0	0	0	0	0	0	0	0	0	0	0	0	0	0	0	0	0	0	0	0	0	0	0	0	0	0	0	0	0	0	0	0	0	0	0	0	0	0	0	0	0	0	0	0	0	0	0	0	0	0	0	0	0	0	0	0	0	0	0	0	0	0	0	0	0	0	0	0	0	0	0	0	0	0	0	0	0	0	0	0	0	0	0	0	0	0	0	0	0	0	31	190	26	130	81	148	181	177	81
0	0	0	0	0	0	0	0	0	0	0	0	0	0	0	0	0	0	0	0	0	0	0	0	0	0	0	0	0	0	0	0	0	0	0	0	0	0	0	0	0	0	0	0	0	0	0	0	0	0	0	0	0	0	0	0	0	0	0	0	0	0	0	0	0	0	0	0	0	0	0	0	0	0	0	0	0	0	0	0	0	0	0	0	0	0	0	0	0	0	0	0	0	0	0	0	0	0	0	0	0	0	0	0	0	0	0	0	0	0	0	0	0	0	0	0	0	0	0	0	98	97	146	184	140	113	128	65
0	0	0	0	0	0	0	0	0	0	0	0	0	0	0	0	0	0	0	0	0	0	0	0	0	0	0	0	0	0	0	0	0	0	0	0	0	0	0	0	0	0	0	0	0	0	0	0	0	0	0	0	0	0	0	0	0	0	0	0	0	0	0	0	0	0	0	0	0	0	0	0	0	0	0	0	0	0	0	0	0	0	0	0	0	0	0	0	0	0	0	0	0	0	0	0	0	0	0	0	0	0	0	0	0	0	0	0	0	0	0	0	0	0	0	0	0	0	0	0	0	98	127	52	117	115	71	58
0	0	0	0	0	0	0	0	0	0	0	0	0	0	0	0	0	0	0	0	0	0	0	0	0	0	0	0	0	0	0	0	0	0	0	0	0	0	0	0	0	0	0	0	0	0	0	0	0	0	0	0	0	0	0	0	0	0	0	0	0	0	0	0	0	0	0	0	0	0	0	0	0	0	0	0	0	0	0	0	0	0	0	0	0	0	0	0	0	0	0	0	0	0	0	0	0	0	0	0	0	0	0	0	0	0	0	0	0	0	0	0	0	0	0	0	0	0	0	0	0	0	117	119	131	164	107	57
0	0	0	0	0	0	0	0	0	0	0	0	0	0	0	0	0	0	0	0	0	0	0	0	0	0	0	0	0	0	0	0	0	0	0	0	0	0	0	0	0	0	0	0	0	0	0	0	0	0	0	0	0	0	0	0	0	0	0	0	0	0	0	0	0	0	0	0	0	0	0	0	0	0	0	0	0	0	0	0	0	0	0	0	0	0	0	0	0	0	0	0	0	0	0	0	0	0	0	0	0	0	0	0	0	0	0	0	0	0	0	0	0	0	0	0	0	0	0	0	0	0	0	84	130	136	152	32
0	0	0	0	0	0	0	0	0	0	0	0	0	0	0	0	0	0	0	0	0	0	0	0	0	0	0	0	0	0	0	0	0	0	0	0	0	0	0	0	0	0	0	0	0	0	0	0	0	0	0	0	0	0	0	0	0	0	0	0	0	0	0	0	0	0	0	0	0	0	0	0	0	0	0	0	0	0	0	0	0	0	0	0	0	0	0	0	0	0	0	0	0	0	0	0	0	0	0	0	0	0	0	0	0	0	0	0	0	0	0	0	0	0	0	0	0	0	0	0	0	0	0	0	151	166	198	165
0	0	0	0	0	0	0	0	0	0	0	0	0	0	0	0	0	0	0	0	0	0	0	0	0	0	0	0	0	0	0	0	0	0	0	0	0	0	0	0	0	0	0	0	0	0	0	0	0	0	0	0	0	0	0	0	0	0	0	0	0	0	0	0	0	0	0	0	0	0	0	0	0	0	0	0	0	0	0	0	0	0	0	0	0	0	0	0	0	0	0	0	0	0	0	0	0	0	0	0	0	0	0	0	0	0	0	0	0	0	0	0	0	0	0	0	0	0	0	0	0	0	0	0	0	112	242	99
0	0	0	0	0	0	0	0	0	0	0	0	0	0	0	0	0	0	0	0	0	0	0	0	0	0	0	0	0	0	0	0	0	0	0	0	0	0	0	0	0	0	0	0	0	0	0	0	0	0	0	0	0	0	0	0	0	0	0	0	0	0	0	0	0	0	0	0	0	0	0	0	0	0	0	0	0	0	0	0	0	0	0	0	0	0	0	0	0	0	0	0	0	0	0	0	0	0	0	0	0	0	0	0	0	0	0	0	0	0	0	0	0	0	0	0	0	0	0	0	0	0	0	0	0	0	24	120
0	0	0	0	0	0	0	0	0	0	0	0	0	0	0	0	0	0	0	0	0	0	0	0	0	0	0	0	0	0	0	0	0	0	0	0	0	0	0	0	0	0	0	0	0	0	0	0	0	0	0	0	0	0	0	0	0	0	0	0	0	0	0	0	0	0	0	0	0	0	0	0	0	0	0	0	0	0	0	0	0	0	0	0	0	0	0	0	0	0	0	0	0	0	0	0	0	0	0	0	0	0	0	0	0	0	0	0	0	0	0	0	0	0	0	0	0	0	0	0	0	0	0	0	0	0	0	148
0	0	0	0	0	0	0	0	0	0	0	0	0	0	0	0	0	0	0	0	0	0	0	0	0	0	0	0	0	0	0	0	0	0	0	0	0	0	0	0	0	0	0	0	0	0	0	0	0	0	0	0	0	0	0	0	0	0	0	0	0	0	0	0	0	0	0	0	0	0	0	0	0	0	0	0	0	0	0	0	0	0	0	0	0	0	0	0	0	0	0	0	0	0	0	0	0	0	0	0	0	0	0	0	0	0	0	0	0	0	0	0	0	0	0	0	0	0	0	0	0	0	0	0	0	0	0	0