0	76	11	100	77	69	23	127	65	20	88	14	70	33	34	3	34	22	34	95	55	98	54	127	35	99	96	79	9	37	31	102	40	94	19	95	73	53	63	88	64	74	64	54	93	25	15	74	94	80	14	24	20	40	14	99	102	39	47	17	41	5	12	59	54	35	75	83	80	22	126	65	11	19	36	124	5	112	22	88	106	129	84	31	87	41	11	36	128	59	32	115	63	27	115	67	122	93	32	77	58	43	126	31	27	55	92	119	87	22	55	39	49	125	74	51	27	28	4	112	120	129	125	8	13	61	53	11
0	0	91	94	19	107	47	7	17	94	34	110	40	75	25	126	85	56	110	49	85	69	92	123	26	69	94	28	124	110	73	108	123	5	110	111	40	29	51	41	35	93	47	88	76	21	121	84	17	70	38	48	16	63	19	63	93	29	41	64	129	126	72	80	77	84	76	94	82	52	38	4	51	114	32	114	36	19	8	7	83	47	40	78	70	43	122	70	32	32	71	118	93	101	22	129	77	106	91	29	121	27	128	33	64	117	55	105	97	57	90	64	95	112	65	123	96	75	58	127	121	30	76	71	96	28	105	80
0	0	0	56	47	36	58	59	77	30	74	10	107	24	37	108	89	75	8	71	10	125	29	18	104	11	49	26	102	6	106	4	28	8	12	96	66	10	21	2	91	114	75	94	21	12	117	18	68	5	74	7	96	84	9	49	104	41	111	31	2	24	87	111	6	45	113	114	25	22	9	50	129	114	34	91	103	85	39	97	86	19	92	35	121	87	114	79	117	82	38	23	120	40	113	27	104	87	68	31	60	16	101	124	19	48	127	46	63	15	103	53	75	16	117	87	74	102	49	130	90	104	64	99	109	18	90	108
0	0	0	0	43	69	27	94	9	8	53	53	86	31	21	105	73	45	41	53	55	68	51	16	5	126	39	27	62	66	60	82	114	130	39	100	44	62	19	73	118	76	76	38	61	3	97	5	39	76	50	13	10	8	103	5	44	31	41	79	47	130	114	21	34	71	21	92	37	129	26	8	72	96	114	98	82	24	11	96	91	81	106	123	131	108	67	30	82	50	34	58	72	128	92	127	84	63	4	15	37	110	94	15	12	88	107	40	37	41	25	69	118	53	91	89	60	78	116	130	125	99	86	125	51	32	108	75
0	0	0	0	0	58	110	68	27	64	77	118	121	58	20	50	120	57	62	90	45	110	60	55	23	38	15	129	95	132	110	129	47	37	21	49	48	27	3	14	53	35	79	108	116	47	17	44	107	97	9	24	22	92	101	58	55	88	11	107	130	78	58	62	96	74	46	97	98	113	93	81	107	113	82	85	53	53	54	102	44	15	77	114	41	98	87	85	21	54	81	49	84	17	118	65	27	17	32	5	29	8	116	68	104	64	81	92	33	104	64	114	78	65	12	83	68	112	112	69	21	61	119	65	35	67	23	82
0	0	0	0	0	0	91	49	12	51	24	65	50	104	109	121	31	118	45	56	46	80	52	26	27	86	21	28	25	111	5	38	88	85	55	76	109	12	114	42	72	87	13	42	41	33	87	46	34	30	88	76	31	71	52	46	81	55	121	34	53	46	117	77	99	29	89	104	92	85	118	5	76	34	44	43	16	78	77	31	37	122	29	108	50	57	46	87	23	32	15	121	110	112	10	23	41	98	58	27	59	27	18	37	41	81	100	22	57	55	107	21	20	117	103	29	122	51	34	107	33	104	84	10	14	66	74	38
0	0	0	0	0	0	0	9	36	14	128	29	41	8	92	39	52	94	47	113	49	102	115	80	93	32	26	86	81	87	22	26	33	23	35	118	10	37	131	17	18	57	87	88	113	10	61	32	9	120	67	11	44	67	76	59	73	102	18	80	87	121	49	112	81	15	21	119	132	104	44	79	106	109	111	31	61	111	88	16	101	10	46	43	87	99	70	65	13	101	9	71	23	33	85	9	78	69	8	53	22	113	21	113	96	72	95	20	26	93	126	103	7	70	128	130	124	103	24	19	57	72	39	117	39	96	44	12
0	0	0	0	0	0	0	0	71	126	109	16	39	116	78	26	119	11	86	10	71	57	21	83	42	116	50	88	79	74	26	25	125	130	75	132	119	14	32	116	96	55	63	110	52	102	58	35	100	102	21	58	38	65	106	100	39	34	121	128	95	73	22	108	78	99	27	117	81	127	123	6	80	40	86	83	96	87	68	37	75	94	60	24	27	115	36	103	65	19	12	22	51	65	73	20	126	114	110	102	118	88	127	16	108	51	9	23	27	81	51	32	71	125	130	32	18	28	71	35	116	47	119	41	49	23	54	133
0	0	0	0	0	0	0	0	0	13	120	72	84	103	110	119	27	29	71	124	75	58	94	113	86	133	18	118	117	30	94	123	56	117	93	64	105	128	43	28	31	20	109	42	120	109	36	56	33	93	130	44	114	12	103	64	39	112	30	59	50	108	38	130	113	49	129	32	22	114	66	75	91	35	58	127	24	116	120	57	16	44	89	72	104	46	33	32	20	81	116	37	39	111	99	72	69	72	103	24	24	14	16	99	13	36	18	96	72	48	47	60	68	21	119	91	103	121	45	125	111	47	133	64	31	45	113	124
0	0	0	0	0	0	0	0	0	0	85	9	6	84	59	130	53	90	123	32	118	43	44	69	46	66	39	129	24	108	67	48	40	105	103	82	3	75	33	30	64	55	35	109	71	83	94	58	54	79	81	30	97	125	77	127	118	112	85	85	92	65	116	22	110	26	88	80	113	75	94	106	91	110	51	91	117	8	69	99	52	120	94	91	35	97	21	64	19	57	39	114	30	122	84	50	57	87	132	23	104	116	86	85	111	15	75	83	72	115	41	69	49	51	30	65	39	88	76	21	5	122	42	128	128	14	15	110
0	0	0	0	0	0	0	0	0	0	0	44	79	133	30	87	110	50	65	31	129	68	35	105	8	37	25	23	27	92	101	115	10	126	119	16	24	64	116	60	94	91	107	21	65	14	12	57	10	106	101	49	12	24	15	86	107	111	42	56	42	128	122	5	104	82	66	73	96	34	114	92	71	19	55	83	69	6	94	35	115	115	125	11	108	70	84	95	39	128	8	33	59	6	55	136	112	5	100	66	17	19	82	129	36	111	8	113	86	116	80	58	50	129	49	43	31	127	78	48	103	4	63	116	59	116	8	49
0	0	0	0	0	0	0	0	0	0	0	0	80	21	70	44	119	113	127	57	70	123	40	133	52	121	128	5	34	135	22	51	63	69	16	58	125	60	122	87	119	57	62	109	94	79	49	76	10	62	51	94	62	31	58	98	113	112	49	124	96	115	34	98	8	76	102	28	111	68	105	54	49	38	134	49	90	103	99	136	38	84	58	61	43	14	16	127	53	7	11	93	28	63	34	121	63	79	67	48	32	39	87	92	99	46	91	39	63	128	6	118	56	47	117	71	127	64	60	123	73	120	89	41	71	16	49	13
0	0	0	0	0	0	0	0	0	0	0	0	0	63	75	71	87	117	86	21	50	85	98	63	34	40	86	87	19	87	8	108	76	39	23	71	65	50	122	54	19	89	50	70	113	38	83	68	96	62	66	66	105	46	92	114	110	138	91	48	101	116	95	53	57	98	86	41	47	47	38	61	126	94	54	12	81	119	113	99	65	78	22	91	101	88	97	54	10	124	68	60	91	24	78	91	66	98	86	73	85	131	109	30	89	61	59	73	30	41	41	128	117	129	49	101	59	5	62	8	67	86	79	17	71	48	64	55
0	0	0	0	0	0	0	0	0	0	0	0	0	0	73	10	99	6	129	28	45	124	13	10	48	61	59	134	25	121	36	39	37	73	102	53	33	61	112	52	78	124	61	110	54	101	38	46	13	20	21	85	10	116	54	51	135	102	28	98	52	10	36	24	29	103	116	135	25	20	42	79	55	73	95	62	37	72	58	103	7	61	92	26	98	14	125	32	40	89	40	73	115	42	90	52	16	73	110	36	21	36	36	77	42	120	44	53	15	77	97	30	122	135	106	128	50	88	115	61	26	63	17	88	97	34	98	74
0	0	0	0	0	0	0	0	0	0	0	0	0	0	0	94	92	79	108	121	15	39	49	101	109	109	91	100	79	24	90	81	90	125	58	18	131	125	54	64	76	25	54	110	15	77	136	60	102	33	117	84	85	121	101	33	45	62	54	90	133	111	120	84	40	91	97	17	19	52	46	140	30	133	31	39	23	135	125	59	84	108	142	65	40	105	35	134	89	16	117	83	74	76	26	66	59	45	45	125	56	106	113	104	67	65	26	131	65	86	14	83	129	106	39	106	60	89	99	119	53	130	41	59	102	112	89	84
0	0	0	0	0	0	0	0	0	0	0	0	0	0	0	0	61	58	20	133	122	99	59	54	84	130	83	95	59	62	28	84	98	128	115	110	111	20	91	43	7	137	136	66	25	15	103	118	7	46	22	62	44	68	117	99	8	116	81	126	136	73	101	131	64	98	77	98	43	14	30	11	68	60	39	36	113	31	87	48	130	21	120	50	126	73	93	24	67	40	27	64	130	85	83	75	137	70	95	7	101	26	119	99	79	61	65	130	105	39	115	108	79	38	104	111	26	134	104	138	130	37	38	108	30	60	21	104
0	0	0	0	0	0	0	0	0	0	0	0	0	0	0	0	0	90	94	115	76	14	38	63	23	90	79	54	35	104	118	120	57	29	104	82	52	114	56	35	59	66	15	31	61	77	100	87	124	96	70	55	31	5	41	124	90	126	131	66	100	74	52	111	24	97	119	82	54	33	113	63	68	93	72	61	66	128	2	107	140	105	65	75	29	54	136	99	66	109	48	92	14	85	116	76	57	30	97	41	39	60	49	129	98	38	126	20	114	20	19	53	129	139	106	106	121	36	22	20	98	104	24	15	26	38	127	89
0	0	0	0	0	0	0	0	0	0	0	0	0	0	0	0	0	0	38	60	89	41	136	52	23	93	18	32	73	20	118	87	122	93	56	124	127	59	125	48	109	131	119	22	19	65	53	135	39	43	13	44	51	107	90	111	133	22	109	69	65	79	23	53	83	76	102	134	99	84	20	90	8	93	15	44	56	98	103	50	21	128	100	123	16	34	100	78	37	107	40	139	124	31	114	76	9	27	68	108	52	115	56	83	40	62	92	28	109	80	20	65	102	61	29	115	80	134	53	50	70	132	35	41	73	112	98	124
0	0	0	0	0	0	0	0	0	0	0	0	0	0	0	0	0	0	0	93	126	58	35	13	14	27	87	115	2	60	123	59	63	17	52	33	88	30	56	101	122	23	47	130	48	82	45	45	54	56	145	34	75	87	130	59	72	75	51	60	132	39	2	99	11	31	84	26	83	44	35	113	34	38	123	91	79	108	101	15	114	65	120	119	73	133	77	107	138	132	58	94	56	128	23	25	116	130	77	120	6	79	41	80	114	22	23	21	112	107	37	73	94	17	110	52	132	59	126	123	139	43	96	13	26	54	110	29
0	0	0	0	0	0	0	0	0	0	0	0	0	0	0	0	0	0	0	0	6	20	75	139	69	46	32	135	98	51	45	107	80	101	70	133	62	16	51	35	105	112	20	50	55	139	85	69	24	84	103	99	55	130	97	15	9	74	45	85	22	135	49	79	45	35	125	43	108	54	122	85	114	104	84	123	92	22	87	100	13	109	39	90	20	80	14	130	29	97	42	85	116	42	22	68	94	132	77	14	17	138	49	57	121	22	128	46	105	76	91	108	113	63	45	81	26	24	77	91	106	47	110	77	27	59	46	6
0	0	0	0	0	0	0	0	0	0	0	0	0	0	0	0	0	0	0	0	0	62	114	41	95	88	85	113	125	75	22	138	99	87	104	45	40	96	84	51	38	22	90	107	88	68	87	50	40	94	63	52	30	62	21	105	95	19	93	80	109	107	137	55	23	133	59	69	9	66	45	14	116	50	14	133	99	128	19	61	37	80	121	138	105	54	98	20	106	93	95	80	33	51	56	14	101	36	137	131	72	121	102	74	127	21	35	23	134	41	110	34	84	49	131	100	136	123	21	80	95	142	84	86	16	98	20	76
0	0	0	0	0	0	0	0	0	0	0	0	0	0	0	0	0	0	0	0	0	0	45	34	82	69	41	92	83	115	77	115	121	28	35	20	34	58	50	59	48	81	37	90	136	109	37	6	67	131	92	114	140	34	143	58	18	75	89	46	122	46	122	13	101	85	124	72	49	27	38	53	18	30	41	114	90	24	74	17	41	49	94	78	75	58	99	80	95	36	85	108	114	15	83	132	88	23	102	37	40	81	32	131	62	108	66	126	63	40	26	99	45	69	57	76	105	109	18	138	51	27	138	136	16	38	127	69
0	0	0	0	0	0	0	0	0	0	0	0	0	0	0	0	0	0	0	0	0	0	0	83	128	124	76	91	86	147	19	47	86	133	72	19	109	108	42	144	60	84	124	98	49	108	61	69	100	115	26	79	93	31	46	27	82	70	47	59	93	75	128	115	67	60	87	85	21	44	133	45	36	16	98	22	63	9	97	50	72	26	56	69	19	129	141	77	71	100	132	105	118	60	64	128	107	33	72	123	137	87	54	66	115	111	121	122	104	139	102	99	85	35	23	60	92	72	79	63	69	31	50	33	69	4	59	106
0	0	0	0	0	0	0	0	0	0	0	0	0	0	0	0	0	0	0	0	0	0	0	0	116	116	118	131	101	86	116	55	64	115	123	26	118	29	117	50	43	28	44	49	111	80	123	116	77	105	78	134	89	64	105	69	84	22	79	85	81	57	118	108	33	91	22	104	99	32	119	71	44	41	101	115	41	62	119	98	115	81	43	104	115	94	53	120	106	72	102	80	133	125	139	96	118	19	107	113	110	36	108	69	90	45	34	86	121	113	99	24	113	23	38	52	15	75	94	82	72	55	48	20	54	72	33	63
0	0	0	0	0	0	0	0	0	0	0	0	0	0	0	0	0	0	0	0	0	0	0	0	0	52	23	16	129	128	25	95	63	85	37	117	104	119	10	117	131	99	85	79	73	47	101	72	79	109	37	98	38	64	126	98	66	146	88	128	73	67	100	78	97	62	77	45	111	125	103	53	140	96	54	123	23	18	21	106	69	46	16	95	31	119	26	25	19	128	141	112	42	39	21	136	57	48	143	70	65	89	116	137	76	71	44	57	116	109	61	46	85	140	121	78	79	126	44	18	19	101	91	48	101	134	16	121
0	0	0	0	0	0	0	0	0	0	0	0	0	0	0	0	0	0	0	0	0	0	0	0	0	0	18	73	111	52	34	89	114	50	95	56	75	27	73	68	101	67	48	33	27	49	117	94	79	58	32	33	61	114	16	29	53	55	138	45	85	111	89	51	105	54	89	101	84	17	3	34	17	94	29	109	95	111	112	28	108	105	82	25	40	73	120	51	42	81	149	121	144	46	118	20	39	24	100	73	83	60	48	38	110	82	57	100	132	113	105	19	3	127	83	75	23	51	39	134	8	73	46	141	58	81	98	111
0	0	0	0	0	0	0	0	0	0	0	0	0	0	0	0	0	0	0	0	0	0	0	0	0	0	0	40	105	106	129	32	105	62	131	121	52	131	58	72	61	52	3	66	82	93	79	109	35	127	94	128	99	74	74	55	20	145	75	104	103	128	36	31	51	108	97	127	34	86	109	65	58	102	117	69	117	85	51	72	90	102	26	107	114	37	28	127	107	30	115	96	109	40	58	137	95	100	112	37	129	42	63	133	45	50	31	145	106	97	59	78	88	110	9	65	124	99	65	86	68	79	62	64	138	74	90	118
0	0	0	0	0	0	0	0	0	0	0	0	0	0	0	0	0	0	0	0	0	0	0	0	0	0	0	0	119	106	95	92	56	115	61	125	60	140	104	101	83	89	81	55	33	81	83	32	51	113	69	53	144	38	114	35	122	57	107	54	96	44	125	128	52	45	137	129	24	23	28	31	98	97	133	95	65	9	123	36	137	49	126	29	23	61	81	32	68	86	89	114	49	97	95	78	132	129	113	115	38	131	30	149	43	31	81	114	47	118	104	75	118	31	130	55	46	137	28	101	92	73	131	118	123	37	38	13
0	0	0	0	0	0	0	0	0	0	0	0	0	0	0	0	0	0	0	0	0	0	0	0	0	0	0	0	0	19	45	84	42	65	125	92	103	86	145	117	123	83	110	92	108	75	28	36	135	74	68	37	107	144	132	98	59	80	29	107	53	45	119	38	83	35	117	122	46	81	79	29	30	77	109	14	100	82	61	118	124	111	42	107	54	43	83	96	88	53	150	75	52	122	134	78	87	35	51	14	42	47	43	109	39	45	80	63	125	80	109	43	102	34	94	93	69	141	30	132	76	39	96	132	84	120	69	136
0	0	0	0	0	0	0	0	0	0	0	0	0	0	0	0	0	0	0	0	0	0	0	0	0	0	0	0	0	0	64	100	108	55	99	64	110	133	114	120	41	39	85	56	48	28	91	28	83	70	66	140	136	66	49	96	146	138	71	51	82	81	83	143	73	76	49	120	70	81	122	119	99	140	72	113	112	26	127	140	110	57	73	89	60	66	116	91	33	141	31	114	21	99	85	47	28	29	130	39	64	66	83	125	123	60	41	26	11	129	58	48	33	122	53	104	20	73	97	128	49	56	140	61	49	139	34	127
0	0	0	0	0	0	0	0	0	0	0	0	0	0	0	0	0	0	0	0	0	0	0	0	0	0	0	0	0	0	0	32	127	130	52	90	81	39	130	53	132	131	53	33	60	133	18	120	111	95	78	144	124	106	84	72	19	74	41	93	31	52	41	150	23	107	113	91	39	22	56	39	25	128	104	75	133	20	10	49	131	78	58	23	53	77	78	57	31	25	73	28	21	134	147	54	27	100	25	73	5	45	134	25	29	34	114	16	91	92	123	133	144	115	69	135	76	66	70	42	108	46	107	72	127	46	122	71
0	0	0	0	0	0	0	0	0	0	0	0	0	0	0	0	0	0	0	0	0	0	0	0	0	0	0	0	0	0	0	0	48	81	32	62	77	130	116	35	64	40	134	48	132	126	88	16	19	11	152	29	33	95	7	13	55	140	115	27	86	60	46	89	100	61	106	124	73	136	93	104	58	73	84	80	107	77	21	52	86	107	17	73	100	75	103	92	96	17	67	140	142	65	17	135	81	40	98	30	109	18	87	79	127	118	144	38	84	71	135	96	50	65	120	62	75	63	84	30	127	65	105	134	93	18	121	75
0	0	0	0	0	0	0	0	0	0	0	0	0	0	0	0	0	0	0	0	0	0	0	0	0	0	0	0	0	0	0	0	0	143	141	29	91	86	98	34	122	113	8	22	58	115	119	125	157	96	123	84	124	138	18	26	71	67	47	53	78	65	33	81	69	91	44	134	112	29	27	36	91	151	108	14	143	128	73	74	141	125	13	83	68	127	122	103	90	15	58	39	39	83	107	135	116	79	45	102	76	40	56	57	91	115	90	117	115	154	59	69	36	72	29	20	59	51	24	48	135	144	69	95	151	120	84	106
0	0	0	0	0	0	0	0	0	0	0	0	0	0	0	0	0	0	0	0	0	0	0	0	0	0	0	0	0	0	0	0	0	0	54	118	93	110	47	148	111	37	86	105	25	72	50	44	104	94	92	134	136	28	86	127	133	113	115	62	59	139	17	96	86	134	112	42	61	52	28	52	68	101	81	35	119	121	79	134	31	112	49	136	29	70	125	91	46	53	121	56	152	44	26	119	59	89	160	57	116	72	24	77	130	119	132	126	150	67	156	32	128	155	74	36	110	48	95	128	88	49	64	83	68	75	124	103
0	0	0	0	0	0	0	0	0	0	0	0	0	0	0	0	0	0	0	0	0	0	0	0	0	0	0	0	0	0	0	0	0	0	0	124	42	6	88	54	64	89	26	77	58	29	119	96	147	26	68	57	47	55	58	76	15	148	71	94	95	47	85	111	121	50	33	29	44	72	33	66	136	28	126	17	41	119	136	44	121	111	135	48	38	130	141	122	83	80	74	52	90	28	151	37	43	64	75	119	114	106	91	122	97	113	77	131	38	70	136	104	30	104	135	123	136	123	80	45	92	37	132	128	36	13	79	88
0	0	0	0	0	0	0	0	0	0	0	0	0	0	0	0	0	0	0	0	0	0	0	0	0	0	0	0	0	0	0	0	0	0	0	0	125	68	102	162	156	64	38	54	6	32	37	138	153	134	69	33	55	36	58	6	47	84	80	129	70	49	150	92	11	36	59	84	100	85	89	48	121	113	128	60	100	86	50	70	120	152	103	71	96	87	85	28	48	62	144	78	82	118	59	38	103	20	120	65	44	80	51	70	64	105	41	61	67	125	45	49	136	135	134	83	27	20	37	88	143	116	70	71	80	75	122	127
0	0	0	0	0	0	0	0	0	0	0	0	0	0	0	0	0	0	0	0	0	0	0	0	0	0	0	0	0	0	0	0	0	0	0	0	0	36	136	59	36	46	119	121	80	119	108	52	84	75	121	156	10	149	97	125	88	46	76	108	125	111	117	154	51	24	91	72	78	43	147	90	65	132	104	82	45	56	107	65	53	103	28	51	95	50	59	102	109	138	107	67	138	115	59	23	51	89	112	95	77	120	37	96	116	108	42	29	46	49	122	18	58	36	58	88	60	139	85	122	56	32	45	142	39	103	85	26
0	0	0	0	0	0	0	0	0	0	0	0	0	0	0	0	0	0	0	0	0	0	0	0	0	0	0	0	0	0	0	0	0	0	0	0	0	0	74	52	129	152	77	74	106	96	85	62	25	91	150	78	78	126	103	74	93	58	140	50	97	146	59	151	14	67	43	71	115	89	55	30	145	30	40	128	121	118	33	159	57	131	164	27	29	58	130	108	65	90	142	108	71	54	56	137	150	93	128	91	59	59	21	82	42	139	39	105	134	46	155	116	81	28	42	79	92	133	141	130	146	103	60	47	114	40	50	89
0	0	0	0	0	0	0	0	0	0	0	0	0	0	0	0	0	0	0	0	0	0	0	0	0	0	0	0	0	0	0	0	0	0	0	0	0	0	0	136	28	77	124	115	102	27	63	110	80	48	99	119	61	79	80	70	95	49	113	121	139	112	93	69	138	47	90	112	84	68	61	51	101	51	110	134	100	34	102	76	67	113	142	29	100	151	130	163	153	145	107	34	31	54	64	112	55	57	100	36	70	79	60	68	21	110	81	106	42	61	104	47	44	37	126	31	95	74	31	98	105	138	76	109	117	34	75	109
0	0	0	0	0	0	0	0	0	0	0	0	0	0	0	0	0	0	0	0	0	0	0	0	0	0	0	0	0	0	0	0	0	0	0	0	0	0	0	0	104	106	36	91	75	107	125	95	46	32	160	116	34	28	35	70	99	82	58	157	133	140	128	102	80	30	130	74	107	23	89	35	31	133	60	54	53	166	33	131	94	138	76	145	96	51	125	91	90	12	137	112	56	60	89	95	29	161	151	52	54	56	140	107	64	109	45	59	53	124	117	61	136	35	114	100	126	75	61	150	88	66	32	146	67	112	112	49
0	0	0	0	0	0	0	0	0	0	0	0	0	0	0	0	0	0	0	0	0	0	0	0	0	0	0	0	0	0	0	0	0	0	0	0	0	0	0	0	0	65	143	38	62	137	20	82	75	87	99	109	51	122	82	77	121	28	69	92	97	50	113	107	118	92	141	13	34	123	75	72	144	111	144	147	51	107	159	73	27	52	32	23	68	138	83	143	126	87	124	133	114	162	31	66	64	24	140	64	50	165	46	67	112	102	45	61	58	114	62	111	144	113	67	71	27	100	153	43	131	74	65	106	7	84	57	101
0	0	0	0	0	0	0	0	0	0	0	0	0	0	0	0	0	0	0	0	0	0	0	0	0	0	0	0	0	0	0	0	0	0	0	0	0	0	0	0	0	0	62	58	67	99	116	53	58	50	45	115	98	134	83	112	105	84	92	64	110	52	56	113	125	137	81	115	112	28	105	138	117	52	112	23	45	105	47	50	149	105	126	162	38	135	113	47	44	69	93	158	49	60	53	65	32	45	146	24	111	80	131	110	55	142	69	125	121	48	133	144	77	51	64	26	89	56	52	150	64	92	79	124	18	119	52	9
0	0	0	0	0	0	0	0	0	0	0	0	0	0	0	0	0	0	0	0	0	0	0	0	0	0	0	0	0	0	0	0	0	0	0	0	0	0	0	0	0	0	0	92	25	153	22	135	79	88	73	60	149	91	71	54	136	69	15	126	149	72	105	80	103	54	99	169	122	42	51	125	132	114	70	36	149	131	118	132	114	123	123	113	79	118	143	127	25	84	42	133	107	146	113	103	104	89	127	147	63	110	127	136	66	139	68	51	58	89	122	46	85	131	68	106	96	129	139	58	136	61	151	87	111	71	131	75
0	0	0	0	0	0	0	0	0	0	0	0	0	0	0	0	0	0	0	0	0	0	0	0	0	0	0	0	0	0	0	0	0	0	0	0	0	0	0	0	0	0	0	0	102	126	78	13	43	118	100	97	47	101	146	83	32	66	134	61	58	125	83	111	82	128	131	76	44	76	140	49	52	79	58	156	123	103	78	100	131	89	145	151	38	139	83	89	125	143	30	89	71	93	109	63	50	141	43	124	3	123	91	112	99	102	36	113	64	150	83	33	108	50	50	44	6	165	65	57	89	90	82	56	73	93	122	107
0	0	0	0	0	0	0	0	0	0	0	0	0	0	0	0	0	0	0	0	0	0	0	0	0	0	0	0	0	0	0	0	0	0	0	0	0	0	0	0	0	0	0	0	0	86	59	51	33	117	135	46	160	47	62	30	49	45	32	31	128	37	137	88	123	130	75	169	119	127	65	88	81	157	72	81	86	148	134	76	35	45	25	94	108	115	79	47	77	42	149	70	81	30	86	39	151	133	114	153	73	113	140	57	164	107	110	26	67	121	82	70	141	44	52	31	8	131	108	115	130	54	102	53	108	138	45	140
0	0	0	0	0	0	0	0	0	0	0	0	0	0	0	0	0	0	0	0	0	0	0	0	0	0	0	0	0	0	0	0	0	0	0	0	0	0	0	0	0	0	0	0	0	0	23	87	92	54	83	70	45	163	122	31	82	72	136	77	12	78	102	104	124	117	32	134	105	97	42	85	155	131	73	138	83	108	100	5	123	56	87	171	97	118	82	92	33	29	81	75	49	118	148	117	82	69	64	60	119	130	43	90	134	121	110	54	27	36	28	63	138	39	88	45	49	28	70	161	124	27	150	165	147	35	109	117
0	0	0	0	0	0	0	0	0	0	0	0	0	0	0	0	0	0	0	0	0	0	0	0	0	0	0	0	0	0	0	0	0	0	0	0	0	0	0	0	0	0	0	0	0	0	0	86	85	68	30	99	88	98	60	120	104	139	136	136	127	131	45	23	106	60	82	95	85	81	48	149	43	101	164	60	142	141	127	73	109	55	110	122	68	50	26	41	43	81	105	153	71	115	95	65	60	115	67	91	72	133	85	61	79	100	58	81	27	58	151	75	30	147	139	57	137	136	78	73	59	30	79	150	65	111	35	21
0	0	0	0	0	0	0	0	0	0	0	0	0	0	0	0	0	0	0	0	0	0	0	0	0	0	0	0	0	0	0	0	0	0	0	0	0	0	0	0	0	0	0	0	0	0	0	0	73	40	81	29	48	150	77	91	83	52	17	55	39	73	117	77	122	79	84	23	153	112	138	153	107	95	84	51	148	127	32	32	32	46	120	33	112	138	153	41	60	13	107	79	30	27	23	66	66	41	62	75	88	72	126	96	14	81	80	80	144	130	114	68	96	124	112	74	35	69	64	144	145	80	62	88	58	51	102	38
0	0	0	0	0	0	0	0	0	0	0	0	0	0	0	0	0	0	0	0	0	0	0	0	0	0	0	0	0	0	0	0	0	0	0	0	0	0	0	0	0	0	0	0	0	0	0	0	0	35	30	100	66	115	41	155	120	92	23	23	43	148	136	127	86	34	43	150	36	150	108	71	48	42	95	51	114	144	19	128	102	76	125	21	52	143	88	93	97	81	19	143	124	155	21	110	148	94	25	51	114	49	53	45	51	85	122	70	125	42	110	140	37	42	80	55	61	154	49	126	147	55	28	100	40	96	30	65
0	0	0	0	0	0	0	0	0	0	0	0	0	0	0	0	0	0	0	0	0	0	0	0	0	0	0	0	0	0	0	0	0	0	0	0	0	0	0	0	0	0	0	0	0	0	0	0	0	0	22	48	49	62	94	119	109	68	135	155	112	53	159	49	125	85	100	102	134	105	118	102	140	146	161	119	127	100	146	4	53	106	69	70	106	137	73	32	159	138	59	150	69	115	103	116	64	50	76	127	61	38	66	45	102	61	66	161	82	67	38	32	105	54	121	96	45	105	132	115	152	115	133	49	83	63	67	90
0	0	0	0	0	0	0	0	0	0	0	0	0	0	0	0	0	0	0	0	0	0	0	0	0	0	0	0	0	0	0	0	0	0	0	0	0	0	0	0	0	0	0	0	0	0	0	0	0	0	0	108	91	54	50	79	109	67	68	155	76	95	165	117	68	94	149	68	85	123	61	64	76	75	114	88	120	144	26	106	125	80	115	38	77	128	166	50	113	62	142	66	23	143	44	50	55	60	163	117	78	95	101	41	118	121	70	108	53	58	105	131	147	63	41	116	36	116	166	29	113	38	133	115	93	24	120	74
0	0	0	0	0	0	0	0	0	0	0	0	0	0	0	0	0	0	0	0	0	0	0	0	0	0	0	0	0	0	0	0	0	0	0	0	0	0	0	0	0	0	0	0	0	0	0	0	0	0	0	0	97	159	95	135	178	33	114	67	141	50	71	120	90	108	115	89	103	106	45	55	136	104	73	130	129	169	61	103	18	113	26	68	56	69	144	114	77	61	172	132	84	111	109	17	113	133	36	12	126	145	106	114	50	108	71	127	45	141	66	79	78	145	136	95	103	42	47	151	69	78	62	153	27	80	158	63
0	0	0	0	0	0	0	0	0	0	0	0	0	0	0	0	0	0	0	0	0	0	0	0	0	0	0	0	0	0	0	0	0	0	0	0	0	0	0	0	0	0	0	0	0	0	0	0	0	0	0	0	0	157	153	49	57	126	89	23	89	129	135	68	70	31	72	128	82	56	86	97	87	121	54	68	25	63	111	115	129	134	31	57	77	29	110	137	45	48	19	77	96	144	148	165	102	89	68	25	121	117	49	94	90	158	121	134	102	138	43	140	44	81	129	9	30	119	85	37	104	118	124	64	53	101	82	162
0	0	0	0	0	0	0	0	0	0	0	0	0	0	0	0	0	0	0	0	0	0	0	0	0	0	0	0	0	0	0	0	0	0	0	0	0	0	0	0	0	0	0	0	0	0	0	0	0	0	0	0	0	0	51	53	60	111	124	83	84	64	144	27	88	85	115	109	54	82	49	138	53	126	94	146	36	39	125	62	134	55	74	8	57	69	75	64	103	72	125	147	100	94	61	112	80	36	93	77	36	96	136	94	139	87	87	84	157	123	80	71	99	111	106	40	53	91	128	113	157	71	87	62	155	130	82	124
0	0	0	0	0	0	0	0	0	0	0	0	0	0	0	0	0	0	0	0	0	0	0	0	0	0	0	0	0	0	0	0	0	0	0	0	0	0	0	0	0	0	0	0	0	0	0	0	0	0	0	0	0	0	0	111	80	98	43	83	131	44	34	118	42	54	85	75	95	110	56	145	120	99	77	89	32	106	125	92	127	106	56	65	151	134	35	114	47	149	41	39	109	154	95	89	53	132	36	92	132	78	55	73	46	120	104	52	154	117	99	52	136	111	131	107	138	112	73	104	82	52	63	73	152	56	21	118
0	0	0	0	0	0	0	0	0	0	0	0	0	0	0	0	0	0	0	0	0	0	0	0	0	0	0	0	0	0	0	0	0	0	0	0	0	0	0	0	0	0	0	0	0	0	0	0	0	0	0	0	0	0	0	0	126	121	60	131	114	131	50	88	106	142	46	32	74	64	149	132	59	38	135	153	149	84	146	100	101	63	62	113	58	96	156	127	93	120	54	129	68	102	44	66	137	145	139	136	156	69	52	67	118	73	82	159	125	141	117	64	113	89	121	52	67	111	176	43	124	90	94	146	93	89	92	94
0	0	0	0	0	0	0	0	0	0	0	0	0	0	0	0	0	0	0	0	0	0	0	0	0	0	0	0	0	0	0	0	0	0	0	0	0	0	0	0	0	0	0	0	0	0	0	0	0	0	0	0	0	0	0	0	0	99	150	158	164	85	43	120	149	73	43	40	153	48	47	118	31	107	167	100	21	48	94	61	59	48	121	56	64	41	134	103	131	101	167	135	54	47	141	141	140	50	121	85	113	34	30	91	116	165	95	68	127	77	60	126	25	45	47	23	126	99	96	80	147	129	100	154	118	82	89	89
0	0	0	0	0	0	0	0	0	0	0	0	0	0	0	0	0	0	0	0	0	0	0	0	0	0	0	0	0	0	0	0	0	0	0	0	0	0	0	0	0	0	0	0	0	0	0	0	0	0	0	0	0	0	0	0	0	0	61	134	114	71	123	68	134	51	63	69	79	37	95	111	171	151	136	88	128	136	45	59	108	123	79	30	129	88	155	112	133	141	83	17	144	96	182	163	100	123	45	142	22	96	61	83	121	33	78	169	99	100	110	70	48	120	100	53	132	133	29	107	82	139	31	16	135	131	128	65
0	0	0	0	0	0	0	0	0	0	0	0	0	0	0	0	0	0	0	0	0	0	0	0	0	0	0	0	0	0	0	0	0	0	0	0	0	0	0	0	0	0	0	0	0	0	0	0	0	0	0	0	0	0	0	0	0	0	0	169	107	139	49	52	73	168	48	99	27	79	129	117	99	146	145	110	109	82	88	114	23	70	75	151	104	12	150	42	92	71	18	92	126	23	76	55	121	66	81	174	87	59	97	121	79	46	94	160	11	79	54	131	70	41	82	131	86	50	81	121	110	83	128	82	105	72	163	106
0	0	0	0	0	0	0	0	0	0	0	0	0	0	0	0	0	0	0	0	0	0	0	0	0	0	0	0	0	0	0	0	0	0	0	0	0	0	0	0	0	0	0	0	0	0	0	0	0	0	0	0	0	0	0	0	0	0	0	0	55	104	56	62	162	170	9	153	146	131	135	48	106	78	97	69	145	71	109	79	65	143	93	58	132	97	97	158	113	30	143	167	113	136	167	18	35	101	53	81	29	150	62	55	143	54	137	70	84	59	40	40	87	157	82	98	28	137	121	41	183	96	121	99	155	66	39	85
0	0	0	0	0	0	0	0	0	0	0	0	0	0	0	0	0	0	0	0	0	0	0	0	0	0	0	0	0	0	0	0	0	0	0	0	0	0	0	0	0	0	0	0	0	0	0	0	0	0	0	0	0	0	0	0	0	0	0	0	0	183	12	140	85	150	152	101	63	147	65	128	58	47	55	37	93	28	50	80	58	72	131	98	76	50	108	103	154	108	44	67	83	56	133	108	82	20	89	68	142	73	96	37	181	110	158	100	22	56	93	20	64	53	57	111	140	52	123	114	58	114	132	74	72	80	94	103
0	0	0	0	0	0	0	0	0	0	0	0	0	0	0	0	0	0	0	0	0	0	0	0	0	0	0	0	0	0	0	0	0	0	0	0	0	0	0	0	0	0	0	0	0	0	0	0	0	0	0	0	0	0	0	0	0	0	0	0	0	0	66	143	72	65	25	56	108	41	166	61	170	54	39	50	62	152	142	52	24	93	59	142	77	45	129	76	128	133	63	8	101	132	96	143	132	76	55	83	83	40	103	124	159	137	119	118	34	76	68	126	38	127	72	125	125	71	86	77	51	76	147	52	99	83	75	67
0	0	0	0	0	0	0	0	0	0	0	0	0	0	0	0	0	0	0	0	0	0	0	0	0	0	0	0	0	0	0	0	0	0	0	0	0	0	0	0	0	0	0	0	0	0	0	0	0	0	0	0	0	0	0	0	0	0	0	0	0	0	0	58	66	81	102	113	40	158	56	107	78	77	97	184	43	121	134	84	73	109	83	101	113	55	90	109	118	132	69	131	74	137	100	96	74	39	179	69	170	87	113	101	92	116	48	76	118	173	163	115	134	140	80	145	28	86	169	119	130	115	67	91	60	138	125	152
0	0	0	0	0	0	0	0	0	0	0	0	0	0	0	0	0	0	0	0	0	0	0	0	0	0	0	0	0	0	0	0	0	0	0	0	0	0	0	0	0	0	0	0	0	0	0	0	0	0	0	0	0	0	0	0	0	0	0	0	0	0	0	0	160	128	65	86	161	146	121	156	105	142	63	102	70	80	127	84	146	78	39	109	138	57	57	134	183	46	76	78	43	66	57	107	111	37	117	80	36	76	75	50	116	105	111	65	113	136	67	139	108	161	81	97	77	79	61	104	70	141	154	30	78	89	172	71
0	0	0	0	0	0	0	0	0	0	0	0	0	0	0	0	0	0	0	0	0	0	0	0	0	0	0	0	0	0	0	0	0	0	0	0	0	0	0	0	0	0	0	0	0	0	0	0	0	0	0	0	0	0	0	0	0	0	0	0	0	0	0	0	0	77	139	53	96	70	45	61	124	139	148	70	49	135	135	98	59	139	128	91	135	46	113	68	168	45	42	53	125	57	174	43	64	168	114	60	92	149	108	3	120	88	83	89	109	129	124	92	98	69	129	137	60	121	108	71	141	40	146	155	158	156	114	118
0	0	0	0	0	0	0	0	0	0	0	0	0	0	0	0	0	0	0	0	0	0	0	0	0	0	0	0	0	0	0	0	0	0	0	0	0	0	0	0	0	0	0	0	0	0	0	0	0	0	0	0	0	0	0	0	0	0	0	0	0	0	0	0	0	0	117	134	125	129	39	83	51	99	127	108	24	77	63	111	129	161	114	120	156	99	64	95	126	91	119	43	67	47	160	35	92	178	141	136	111	50	112	124	136	120	52	99	54	152	24	113	103	90	101	150	115	171	63	100	139	176	65	72	112	119	140	137
0	0	0	0	0	0	0	0	0	0	0	0	0	0	0	0	0	0	0	0	0	0	0	0	0	0	0	0	0	0	0	0	0	0	0	0	0	0	0	0	0	0	0	0	0	0	0	0	0	0	0	0	0	0	0	0	0	0	0	0	0	0	0	0	0	0	0	144	155	152	116	125	74	31	103	88	73	68	72	86	23	93	88	118	151	61	51	28	169	113	116	64	162	120	96	117	127	98	34	97	129	54	78	65	103	90	140	36	75	113	14	102	42	146	43	30	129	154	79	39	111	110	39	110	107	159	113	136
0	0	0	0	0	0	0	0	0	0	0	0	0	0	0	0	0	0	0	0	0	0	0	0	0	0	0	0	0	0	0	0	0	0	0	0	0	0	0	0	0	0	0	0	0	0	0	0	0	0	0	0	0	0	0	0	0	0	0	0	0	0	0	0	0	0	0	0	110	100	96	69	95	111	34	158	58	152	162	126	149	102	120	70	24	58	52	66	49	114	28	57	114	164	106	70	91	137	117	139	131	168	90	153	72	22	148	83	143	77	53	24	68	57	62	71	127	65	77	48	130	119	13	180	73	66	96	23
0	0	0	0	0	0	0	0	0	0	0	0	0	0	0	0	0	0	0	0	0	0	0	0	0	0	0	0	0	0	0	0	0	0	0	0	0	0	0	0	0	0	0	0	0	0	0	0	0	0	0	0	0	0	0	0	0	0	0	0	0	0	0	0	0	0	0	0	0	112	137	38	120	59	131	108	44	104	137	52	166	90	39	113	38	125	148	126	67	116	40	148	53	131	79	113	31	23	101	65	158	110	48	75	93	86	67	175	126	86	124	148	109	74	53	184	167	37	53	117	131	60	135	90	178	107	56	66
0	0	0	0	0	0	0	0	0	0	0	0	0	0	0	0	0	0	0	0	0	0	0	0	0	0	0	0	0	0	0	0	0	0	0	0	0	0	0	0	0	0	0	0	0	0	0	0	0	0	0	0	0	0	0	0	0	0	0	0	0	0	0	0	0	0	0	0	0	0	96	160	165	95	166	58	127	53	104	111	43	148	76	144	165	99	39	29	134	107	165	83	83	46	75	118	167	173	151	88	19	109	65	146	94	196	94	74	37	52	95	45	117	150	161	31	111	133	97	51	33	144	111	99	159	91	19	41
0	0	0	0	0	0	0	0	0	0	0	0	0	0	0	0	0	0	0	0	0	0	0	0	0	0	0	0	0	0	0	0	0	0	0	0	0	0	0	0	0	0	0	0	0	0	0	0	0	0	0	0	0	0	0	0	0	0	0	0	0	0	0	0	0	0	0	0	0	0	0	32	112	62	84	34	30	134	154	94	112	93	125	56	45	18	98	67	179	149	33	14	73	170	82	160	125	73	100	126	33	96	147	50	138	138	102	40	59	115	168	95	44	84	116	52	30	171	117	64	120	64	145	103	84	47	124	118
0	0	0	0	0	0	0	0	0	0	0	0	0	0	0	0	0	0	0	0	0	0	0	0	0	0	0	0	0	0	0	0	0	0	0	0	0	0	0	0	0	0	0	0	0	0	0	0	0	0	0	0	0	0	0	0	0	0	0	0	0	0	0	0	0	0	0	0	0	0	0	0	97	145	51	68	162	71	97	95	151	69	72	76	112	20	112	74	128	137	82	102	125	124	98	106	86	85	34	67	143	113	81	57	99	62	35	57	187	112	48	15	101	60	171	166	101	92	105	98	123	114	107	164	79	144	85	63
0	0	0	0	0	0	0	0	0	0	0	0	0	0	0	0	0	0	0	0	0	0	0	0	0	0	0	0	0	0	0	0	0	0	0	0	0	0	0	0	0	0	0	0	0	0	0	0	0	0	0	0	0	0	0	0	0	0	0	0	0	0	0	0	0	0	0	0	0	0	0	0	0	66	134	109	82	48	30	29	156	124	122	70	130	72	43	138	115	72	115	176	147	93	83	117	130	167	106	135	110	134	12	39	147	140	42	139	123	111	41	24	158	23	103	175	86	107	119	13	63	56	152	162	59	53	60	42
0	0	0	0	0	0	0	0	0	0	0	0	0	0	0	0	0	0	0	0	0	0	0	0	0	0	0	0	0	0	0	0	0	0	0	0	0	0	0	0	0	0	0	0	0	0	0	0	0	0	0	0	0	0	0	0	0	0	0	0	0	0	0	0	0	0	0	0	0	0	0	0	0	0	139	29	79	117	148	98	146	149	166	90	136	86	127	116	123	92	103	99	137	44	111	28	53	95	189	138	108	186	73	103	130	72	123	59	70	80	162	99	158	112	39	105	110	114	46	93	144	191	87	38	73	129	55	115
0	0	0	0	0	0	0	0	0	0	0	0	0	0	0	0	0	0	0	0	0	0	0	0	0	0	0	0	0	0	0	0	0	0	0	0	0	0	0	0	0	0	0	0	0	0	0	0	0	0	0	0	0	0	0	0	0	0	0	0	0	0	0	0	0	0	0	0	0	0	0	0	0	0	0	58	153	44	179	74	46	91	125	121	41	136	97	81	10	127	53	103	103	111	80	25	126	137	135	50	156	63	110	130	76	58	66	104	178	68	72	55	74	51	29	100	113	84	174	64	59	123	67	85	50	32	68	106
0	0	0	0	0	0	0	0	0	0	0	0	0	0	0	0	0	0	0	0	0	0	0	0	0	0	0	0	0	0	0	0	0	0	0	0	0	0	0	0	0	0	0	0	0	0	0	0	0	0	0	0	0	0	0	0	0	0	0	0	0	0	0	0	0	0	0	0	0	0	0	0	0	0	0	0	93	87	147	62	130	79	101	88	121	95	136	129	82	99	73	144	114	54	69	53	63	122	154	47	95	112	65	125	200	105	58	150	108	79	76	180	27	20	80	20	69	86	136	130	36	65	179	103	118	64	98	120
0	0	0	0	0	0	0	0	0	0	0	0	0	0	0	0	0	0	0	0	0	0	0	0	0	0	0	0	0	0	0	0	0	0	0	0	0	0	0	0	0	0	0	0	0	0	0	0	0	0	0	0	0	0	0	0	0	0	0	0	0	0	0	0	0	0	0	0	0	0	0	0	0	0	0	0	0	97	150	78	156	141	134	130	82	69	60	31	107	109	81	124	172	74	77	109	53	60	39	57	126	104	144	170	36	70	148	75	111	127	134	179	66	139	165	154	110	171	96	87	106	153	106	110	137	90	89	116
0	0	0	0	0	0	0	0	0	0	0	0	0	0	0	0	0	0	0	0	0	0	0	0	0	0	0	0	0	0	0	0	0	0	0	0	0	0	0	0	0	0	0	0	0	0	0	0	0	0	0	0	0	0	0	0	0	0	0	0	0	0	0	0	0	0	0	0	0	0	0	0	0	0	0	0	0	0	103	128	45	124	98	84	59	129	77	108	135	98	84	149	159	162	14	179	87	85	37	108	100	77	80	125	67	130	97	134	183	39	151	124	36	153	25	123	132	152	159	115	54	47	60	43	120	76	138	50
0	0	0	0	0	0	0	0	0	0	0	0	0	0	0	0	0	0	0	0	0	0	0	0	0	0	0	0	0	0	0	0	0	0	0	0	0	0	0	0	0	0	0	0	0	0	0	0	0	0	0	0	0	0	0	0	0	0	0	0	0	0	0	0	0	0	0	0	0	0	0	0	0	0	0	0	0	0	0	194	30	179	144	111	119	29	117	79	39	93	49	89	56	115	199	147	141	24	88	101	80	148	120	141	66	63	162	176	92	105	133	80	133	67	86	32	87	51	27	134	82	179	74	96	157	111	123	79
0	0	0	0	0	0	0	0	0	0	0	0	0	0	0	0	0	0	0	0	0	0	0	0	0	0	0	0	0	0	0	0	0	0	0	0	0	0	0	0	0	0	0	0	0	0	0	0	0	0	0	0	0	0	0	0	0	0	0	0	0	0	0	0	0	0	0	0	0	0	0	0	0	0	0	0	0	0	0	0	160	105	87	68	52	89	159	114	59	96	111	173	76	79	53	157	47	103	147	79	179	33	165	144	149	169	107	142	123	138	200	148	115	82	52	144	57	56	49	182	176	148	95	146	43	93	66	157
0	0	0	0	0	0	0	0	0	0	0	0	0	0	0	0	0	0	0	0	0	0	0	0	0	0	0	0	0	0	0	0	0	0	0	0	0	0	0	0	0	0	0	0	0	0	0	0	0	0	0	0	0	0	0	0	0	0	0	0	0	0	0	0	0	0	0	0	0	0	0	0	0	0	0	0	0	0	0	0	0	173	130	61	122	117	84	110	86	97	141	40	89	112	9	126	112	144	160	154	160	33	184	109	130	114	27	64	69	130	38	87	74	141	129	127	122	62	41	47	118	62	111	86	144	92	180	72
0	0	0	0	0	0	0	0	0	0	0	0	0	0	0	0	0	0	0	0	0	0	0	0	0	0	0	0	0	0	0	0	0	0	0	0	0	0	0	0	0	0	0	0	0	0	0	0	0	0	0	0	0	0	0	0	0	0	0	0	0	0	0	0	0	0	0	0	0	0	0	0	0	0	0	0	0	0	0	0	0	0	128	118	179	67	89	176	183	136	178	105	109	133	64	140	150	57	22	115	60	93	96	98	161	163	67	79	86	46	74	117	89	131	143	97	64	113	141	116	79	151	122	75	97	176	143	109
0	0	0	0	0	0	0	0	0	0	0	0	0	0	0	0	0	0	0	0	0	0	0	0	0	0	0	0	0	0	0	0	0	0	0	0	0	0	0	0	0	0	0	0	0	0	0	0	0	0	0	0	0	0	0	0	0	0	0	0	0	0	0	0	0	0	0	0	0	0	0	0	0	0	0	0	0	0	0	0	0	0	0	74	130	203	119	96	90	98	117	153	95	114	72	45	111	118	123	58	183	132	58	127	135	190	115	179	109	74	66	16	139	110	92	146	125	73	90	102	124	180	105	72	196	80	124	135
0	0	0	0	0	0	0	0	0	0	0	0	0	0	0	0	0	0	0	0	0	0	0	0	0	0	0	0	0	0	0	0	0	0	0	0	0	0	0	0	0	0	0	0	0	0	0	0	0	0	0	0	0	0	0	0	0	0	0	0	0	0	0	0	0	0	0	0	0	0	0	0	0	0	0	0	0	0	0	0	0	0	0	0	96	105	125	160	41	98	171	117	100	188	118	92	81	97	109	63	161	81	64	117	154	61	97	114	173	106	142	171	119	148	122	193	124	146	100	155	199	36	109	37	84	122	64	107
0	0	0	0	0	0	0	0	0	0	0	0	0	0	0	0	0	0	0	0	0	0	0	0	0	0	0	0	0	0	0	0	0	0	0	0	0	0	0	0	0	0	0	0	0	0	0	0	0	0	0	0	0	0	0	0	0	0	0	0	0	0	0	0	0	0	0	0	0	0	0	0	0	0	0	0	0	0	0	0	0	0	0	0	0	153	134	141	124	84	71	130	176	91	146	78	99	125	207	129	181	138	77	124	158	93	145	45	80	176	165	147	161	25	175	188	50	151	137	146	144	126	94	69	118	52	135	127
0	0	0	0	0	0	0	0	0	0	0	0	0	0	0	0	0	0	0	0	0	0	0	0	0	0	0	0	0	0	0	0	0	0	0	0	0	0	0	0	0	0	0	0	0	0	0	0	0	0	0	0	0	0	0	0	0	0	0	0	0	0	0	0	0	0	0	0	0	0	0	0	0	0	0	0	0	0	0	0	0	0	0	0	0	0	76	176	96	102	62	109	154	169	185	181	51	131	175	148	27	101	78	74	136	143	107	73	99	146	56	91	110	130	110	118	28	101	143	152	154	104	170	124	125	145	74	71
0	0	0	0	0	0	0	0	0	0	0	0	0	0	0	0	0	0	0	0	0	0	0	0	0	0	0	0	0	0	0	0	0	0	0	0	0	0	0	0	0	0	0	0	0	0	0	0	0	0	0	0	0	0	0	0	0	0	0	0	0	0	0	0	0	0	0	0	0	0	0	0	0	0	0	0	0	0	0	0	0	0	0	0	0	0	0	86	98	50	101	79	138	115	101	145	149	57	122	146	98	146	145	81	63	122	100	125	50	125	76	123	63	45	146	107	117	60	94	189	143	77	54	88	105	136	82	66
0	0	0	0	0	0	0	0	0	0	0	0	0	0	0	0	0	0	0	0	0	0	0	0	0	0	0	0	0	0	0	0	0	0	0	0	0	0	0	0	0	0	0	0	0	0	0	0	0	0	0	0	0	0	0	0	0	0	0	0	0	0	0	0	0	0	0	0	0	0	0	0	0	0	0	0	0	0	0	0	0	0	0	0	0	0	0	0	45	88	120	76	30	119	149	160	64	150	29	87	155	73	124	97	131	162	136	111	136	65	135	68	40	65	47	148	173	42	183	53	9	160	170	174	51	181	81	30
0	0	0	0	0	0	0	0	0	0	0	0	0	0	0	0	0	0	0	0	0	0	0	0	0	0	0	0	0	0	0	0	0	0	0	0	0	0	0	0	0	0	0	0	0	0	0	0	0	0	0	0	0	0	0	0	0	0	0	0	0	0	0	0	0	0	0	0	0	0	0	0	0	0	0	0	0	0	0	0	0	0	0	0	0	0	0	0	0	67	53	175	158	33	62	179	148	203	124	129	99	55	159	119	95	111	132	102	132	85	158	139	127	133	65	101	84	123	160	126	64	37	95	116	76	148	85	147
0	0	0	0	0	0	0	0	0	0	0	0	0	0	0	0	0	0	0	0	0	0	0	0	0	0	0	0	0	0	0	0	0	0	0	0	0	0	0	0	0	0	0	0	0	0	0	0	0	0	0	0	0	0	0	0	0	0	0	0	0	0	0	0	0	0	0	0	0	0	0	0	0	0	0	0	0	0	0	0	0	0	0	0	0	0	0	0	0	0	15	63	159	203	70	77	170	161	106	115	201	164	55	134	205	193	82	98	65	107	74	92	146	195	114	133	124	90	103	90	180	159	166	96	91	180	63	67
0	0	0	0	0	0	0	0	0	0	0	0	0	0	0	0	0	0	0	0	0	0	0	0	0	0	0	0	0	0	0	0	0	0	0	0	0	0	0	0	0	0	0	0	0	0	0	0	0	0	0	0	0	0	0	0	0	0	0	0	0	0	0	0	0	0	0	0	0	0	0	0	0	0	0	0	0	0	0	0	0	0	0	0	0	0	0	0	0	0	0	90	126	154	46	143	105	162	130	142	97	76	144	87	57	46	142	114	142	113	83	106	81	66	121	197	61	88	146	125	115	73	159	66	32	29	72	152
0	0	0	0	0	0	0	0	0	0	0	0	0	0	0	0	0	0	0	0	0	0	0	0	0	0	0	0	0	0	0	0	0	0	0	0	0	0	0	0	0	0	0	0	0	0	0	0	0	0	0	0	0	0	0	0	0	0	0	0	0	0	0	0	0	0	0	0	0	0	0	0	0	0	0	0	0	0	0	0	0	0	0	0	0	0	0	0	0	0	0	0	140	58	177	75	69	45	200	29	19	118	59	36	63	38	104	134	83	64	107	16	64	98	150	144	153	43	208	196	148	186	77	90	170	133	103	175
0	0	0	0	0	0	0	0	0	0	0	0	0	0	0	0	0	0	0	0	0	0	0	0	0	0	0	0	0	0	0	0	0	0	0	0	0	0	0	0	0	0	0	0	0	0	0	0	0	0	0	0	0	0	0	0	0	0	0	0	0	0	0	0	0	0	0	0	0	0	0	0	0	0	0	0	0	0	0	0	0	0	0	0	0	0	0	0	0	0	0	0	0	41	162	110	148	169	171	132	110	165	118	103	131	160	138	88	133	89	79	87	67	197	171	185	154	74	157	169	107	162	177	89	145	118	96	46
0	0	0	0	0	0	0	0	0	0	0	0	0	0	0	0	0	0	0	0	0	0	0	0	0	0	0	0	0	0	0	0	0	0	0	0	0	0	0	0	0	0	0	0	0	0	0	0	0	0	0	0	0	0	0	0	0	0	0	0	0	0	0	0	0	0	0	0	0	0	0	0	0	0	0	0	0	0	0	0	0	0	0	0	0	0	0	0	0	0	0	0	0	0	185	78	83	134	103	83	134	83	116	143	74	126	162	159	158	81	23	61	189	75	167	109	125	104	163	42	132	141	145	95	133	197	187	128
0	0	0	0	0	0	0	0	0	0	0	0	0	0	0	0	0	0	0	0	0	0	0	0	0	0	0	0	0	0	0	0	0	0	0	0	0	0	0	0	0	0	0	0	0	0	0	0	0	0	0	0	0	0	0	0	0	0	0	0	0	0	0	0	0	0	0	0	0	0	0	0	0	0	0	0	0	0	0	0	0	0	0	0	0	0	0	0	0	0	0	0	0	0	0	188	126	135	131	67	194	169	82	74	164	190	133	97	101	113	60	168	143	68	173	37	137	130	81	31	205	67	80	97	97	186	202	139
0	0	0	0	0	0	0	0	0	0	0	0	0	0	0	0	0	0	0	0	0	0	0	0	0	0	0	0	0	0	0	0	0	0	0	0	0	0	0	0	0	0	0	0	0	0	0	0	0	0	0	0	0	0	0	0	0	0	0	0	0	0	0	0	0	0	0	0	0	0	0	0	0	0	0	0	0	0	0	0	0	0	0	0	0	0	0	0	0	0	0	0	0	0	0	0	132	87	54	177	132	126	183	35	198	93	100	146	107	142	142	124	52	140	184	97	105	106	172	166	72	86	48	24	110	144	51	116
0	0	0	0	0	0	0	0	0	0	0	0	0	0	0	0	0	0	0	0	0	0	0	0	0	0	0	0	0	0	0	0	0	0	0	0	0	0	0	0	0	0	0	0	0	0	0	0	0	0	0	0	0	0	0	0	0	0	0	0	0	0	0	0	0	0	0	0	0	0	0	0	0	0	0	0	0	0	0	0	0	0	0	0	0	0	0	0	0	0	0	0	0	0	0	0	0	128	12	26	191	143	136	141	61	28	110	122	27	135	178	8	169	20	175	78	194	109	160	63	66	68	56	175	97	104	97	67
0	0	0	0	0	0	0	0	0	0	0	0	0	0	0	0	0	0	0	0	0	0	0	0	0	0	0	0	0	0	0	0	0	0	0	0	0	0	0	0	0	0	0	0	0	0	0	0	0	0	0	0	0	0	0	0	0	0	0	0	0	0	0	0	0	0	0	0	0	0	0	0	0	0	0	0	0	0	0	0	0	0	0	0	0	0	0	0	0	0	0	0	0	0	0	0	0	0	135	119	44	163	93	107	115	99	138	112	135	105	69	114	80	191	141	70	45	103	102	97	191	118	206	49	160	76	46	207
0	0	0	0	0	0	0	0	0	0	0	0	0	0	0	0	0	0	0	0	0	0	0	0	0	0	0	0	0	0	0	0	0	0	0	0	0	0	0	0	0	0	0	0	0	0	0	0	0	0	0	0	0	0	0	0	0	0	0	0	0	0	0	0	0	0	0	0	0	0	0	0	0	0	0	0	0	0	0	0	0	0	0	0	0	0	0	0	0	0	0	0	0	0	0	0	0	0	0	56	114	86	150	12	186	32	17	62	80	64	183	124	104	41	37	99	177	100	83	160	92	112	57	90	132	81	90	206
0	0	0	0	0	0	0	0	0	0	0	0	0	0	0	0	0	0	0	0	0	0	0	0	0	0	0	0	0	0	0	0	0	0	0	0	0	0	0	0	0	0	0	0	0	0	0	0	0	0	0	0	0	0	0	0	0	0	0	0	0	0	0	0	0	0	0	0	0	0	0	0	0	0	0	0	0	0	0	0	0	0	0	0	0	0	0	0	0	0	0	0	0	0	0	0	0	0	0	0	79	174	108	133	87	145	160	88	83	112	129	137	127	125	116	147	171	159	49	193	122	216	101	201	111	165	158	102
0	0	0	0	0	0	0	0	0	0	0	0	0	0	0	0	0	0	0	0	0	0	0	0	0	0	0	0	0	0	0	0	0	0	0	0	0	0	0	0	0	0	0	0	0	0	0	0	0	0	0	0	0	0	0	0	0	0	0	0	0	0	0	0	0	0	0	0	0	0	0	0	0	0	0	0	0	0	0	0	0	0	0	0	0	0	0	0	0	0	0	0	0	0	0	0	0	0	0	0	0	86	160	107	176	81	102	154	190	100	42	154	26	173	27	143	86	58	156	108	125	163	173	49	164	80	169	89
0	0	0	0	0	0	0	0	0	0	0	0	0	0	0	0	0	0	0	0	0	0	0	0	0	0	0	0	0	0	0	0	0	0	0	0	0	0	0	0	0	0	0	0	0	0	0	0	0	0	0	0	0	0	0	0	0	0	0	0	0	0	0	0	0	0	0	0	0	0	0	0	0	0	0	0	0	0	0	0	0	0	0	0	0	0	0	0	0	0	0	0	0	0	0	0	0	0	0	0	0	0	60	181	136	96	169	59	148	147	75	101	106	115	114	62	46	111	109	182	54	147	120	198	22	110	83	141
0	0	0	0	0	0	0	0	0	0	0	0	0	0	0	0	0	0	0	0	0	0	0	0	0	0	0	0	0	0	0	0	0	0	0	0	0	0	0	0	0	0	0	0	0	0	0	0	0	0	0	0	0	0	0	0	0	0	0	0	0	0	0	0	0	0	0	0	0	0	0	0	0	0	0	0	0	0	0	0	0	0	0	0	0	0	0	0	0	0	0	0	0	0	0	0	0	0	0	0	0	0	0	26	143	101	201	195	44	157	151	208	93	186	81	153	193	118	174	66	108	172	139	161	121	55	163	173
0	0	0	0	0	0	0	0	0	0	0	0	0	0	0	0	0	0	0	0	0	0	0	0	0	0	0	0	0	0	0	0	0	0	0	0	0	0	0	0	0	0	0	0	0	0	0	0	0	0	0	0	0	0	0	0	0	0	0	0	0	0	0	0	0	0	0	0	0	0	0	0	0	0	0	0	0	0	0	0	0	0	0	0	0	0	0	0	0	0	0	0	0	0	0	0	0	0	0	0	0	0	0	0	180	177	48	117	51	144	68	141	88	195	104	79	29	137	212	133	89	67	159	75	124	130	146	135
0	0	0	0	0	0	0	0	0	0	0	0	0	0	0	0	0	0	0	0	0	0	0	0	0	0	0	0	0	0	0	0	0	0	0	0	0	0	0	0	0	0	0	0	0	0	0	0	0	0	0	0	0	0	0	0	0	0	0	0	0	0	0	0	0	0	0	0	0	0	0	0	0	0	0	0	0	0	0	0	0	0	0	0	0	0	0	0	0	0	0	0	0	0	0	0	0	0	0	0	0	0	0	0	0	94	53	171	132	197	5	83	94	160	141	110	40	140	158	110	162	145	93	193	78	133	7	186
0	0	0	0	0	0	0	0	0	0	0	0	0	0	0	0	0	0	0	0	0	0	0	0	0	0	0	0	0	0	0	0	0	0	0	0	0	0	0	0	0	0	0	0	0	0	0	0	0	0	0	0	0	0	0	0	0	0	0	0	0	0	0	0	0	0	0	0	0	0	0	0	0	0	0	0	0	0	0	0	0	0	0	0	0	0	0	0	0	0	0	0	0	0	0	0	0	0	0	0	0	0	0	0	0	0	81	168	56	103	222	95	164	117	71	136	93	126	172	167	47	190	45	121	180	191	180	74
0	0	0	0	0	0	0	0	0	0	0	0	0	0	0	0	0	0	0	0	0	0	0	0	0	0	0	0	0	0	0	0	0	0	0	0	0	0	0	0	0	0	0	0	0	0	0	0	0	0	0	0	0	0	0	0	0	0	0	0	0	0	0	0	0	0	0	0	0	0	0	0	0	0	0	0	0	0	0	0	0	0	0	0	0	0	0	0	0	0	0	0	0	0	0	0	0	0	0	0	0	0	0	0	0	0	0	172	107	75	118	98	25	37	85	104	138	23	196	147	134	118	129	135	115	203	26	103
0	0	0	0	0	0	0	0	0	0	0	0	0	0	0	0	0	0	0	0	0	0	0	0	0	0	0	0	0	0	0	0	0	0	0	0	0	0	0	0	0	0	0	0	0	0	0	0	0	0	0	0	0	0	0	0	0	0	0	0	0	0	0	0	0	0	0	0	0	0	0	0	0	0	0	0	0	0	0	0	0	0	0	0	0	0	0	0	0	0	0	0	0	0	0	0	0	0	0	0	0	0	0	0	0	0	0	0	113	129	65	93	139	33	221	130	197	45	201	42	157	38	185	129	65	153	126	139
0	0	0	0	0	0	0	0	0	0	0	0	0	0	0	0	0	0	0	0	0	0	0	0	0	0	0	0	0	0	0	0	0	0	0	0	0	0	0	0	0	0	0	0	0	0	0	0	0	0	0	0	0	0	0	0	0	0	0	0	0	0	0	0	0	0	0	0	0	0	0	0	0	0	0	0	0	0	0	0	0	0	0	0	0	0	0	0	0	0	0	0	0	0	0	0	0	0	0	0	0	0	0	0	0	0	0	0	0	134	133	22	109	92	36	178	107	159	156	80	66	213	99	159	196	138	91	131
0	0	0	0	0	0	0	0	0	0	0	0	0	0	0	0	0	0	0	0	0	0	0	0	0	0	0	0	0	0	0	0	0	0	0	0	0	0	0	0	0	0	0	0	0	0	0	0	0	0	0	0	0	0	0	0	0	0	0	0	0	0	0	0	0	0	0	0	0	0	0	0	0	0	0	0	0	0	0	0	0	0	0	0	0	0	0	0	0	0	0	0	0	0	0	0	0	0	0	0	0	0	0	0	0	0	0	0	0	0	121	112	102	129	35	104	178	85	161	131	138	94	96	134	177	94	124	71
0	0	0	0	0	0	0	0	0	0	0	0	0	0	0	0	0	0	0	0	0	0	0	0	0	0	0	0	0	0	0	0	0	0	0	0	0	0	0	0	0	0	0	0	0	0	0	0	0	0	0	0	0	0	0	0	0	0	0	0	0	0	0	0	0	0	0	0	0	0	0	0	0	0	0	0	0	0	0	0	0	0	0	0	0	0	0	0	0	0	0	0	0	0	0	0	0	0	0	0	0	0	0	0	0	0	0	0	0	0	0	124	29	126	183	80	203	84	215	124	119	153	83	40	210	104	168	41
0	0	0	0	0	0	0	0	0	0	0	0	0	0	0	0	0	0	0	0	0	0	0	0	0	0	0	0	0	0	0	0	0	0	0	0	0	0	0	0	0	0	0	0	0	0	0	0	0	0	0	0	0	0	0	0	0	0	0	0	0	0	0	0	0	0	0	0	0	0	0	0	0	0	0	0	0	0	0	0	0	0	0	0	0	0	0	0	0	0	0	0	0	0	0	0	0	0	0	0	0	0	0	0	0	0	0	0	0	0	0	0	225	77	112	76	197	74	39	175	96	125	162	145	185	133	142	154
0	0	0	0	0	0	0	0	0	0	0	0	0	0	0	0	0	0	0	0	0	0	0	0	0	0	0	0	0	0	0	0	0	0	0	0	0	0	0	0	0	0	0	0	0	0	0	0	0	0	0	0	0	0	0	0	0	0	0	0	0	0	0	0	0	0	0	0	0	0	0	0	0	0	0	0	0	0	0	0	0	0	0	0	0	0	0	0	0	0	0	0	0	0	0	0	0	0	0	0	0	0	0	0	0	0	0	0	0	0	0	0	0	63	127	164	34	192	137	67	136	106	70	121	128	68	184	151
0	0	0	0	0	0	0	0	0	0	0	0	0	0	0	0	0	0	0	0	0	0	0	0	0	0	0	0	0	0	0	0	0	0	0	0	0	0	0	0	0	0	0	0	0	0	0	0	0	0	0	0	0	0	0	0	0	0	0	0	0	0	0	0	0	0	0	0	0	0	0	0	0	0	0	0	0	0	0	0	0	0	0	0	0	0	0	0	0	0	0	0	0	0	0	0	0	0	0	0	0	0	0	0	0	0	0	0	0	0	0	0	0	0	208	157	139	178	104	80	159	192	101	72	138	130	173	71
0	0	0	0	0	0	0	0	0	0	0	0	0	0	0	0	0	0	0	0	0	0	0	0	0	0	0	0	0	0	0	0	0	0	0	0	0	0	0	0	0	0	0	0	0	0	0	0	0	0	0	0	0	0	0	0	0	0	0	0	0	0	0	0	0	0	0	0	0	0	0	0	0	0	0	0	0	0	0	0	0	0	0	0	0	0	0	0	0	0	0	0	0	0	0	0	0	0	0	0	0	0	0	0	0	0	0	0	0	0	0	0	0	0	0	29	99	146	107	142	158	96	80	84	101	37	73	133
0	0	0	0	0	0	0	0	0	0	0	0	0	0	0	0	0	0	0	0	0	0	0	0	0	0	0	0	0	0	0	0	0	0	0	0	0	0	0	0	0	0	0	0	0	0	0	0	0	0	0	0	0	0	0	0	0	0	0	0	0	0	0	0	0	0	0	0	0	0	0	0	0	0	0	0	0	0	0	0	0	0	0	0	0	0	0	0	0	0	0	0	0	0	0	0	0	0	0	0	0	0	0	0	0	0	0	0	0	0	0	0	0	0	0	0	46	104	185	107	141	106	58	102	59	183	34	106
0	0	0	0	0	0	0	0	0	0	0	0	0	0	0	0	0	0	0	0	0	0	0	0	0	0	0	0	0	0	0	0	0	0	0	0	0	0	0	0	0	0	0	0	0	0	0	0	0	0	0	0	0	0	0	0	0	0	0	0	0	0	0	0	0	0	0	0	0	0	0	0	0	0	0	0	0	0	0	0	0	0	0	0	0	0	0	0	0	0	0	0	0	0	0	0	0	0	0	0	0	0	0	0	0	0	0	0	0	0	0	0	0	0	0	0	0	141	175	35	179	80	214	163	94	169	12	212
0	0	0	0	0	0	0	0	0	0	0	0	0	0	0	0	0	0	0	0	0	0	0	0	0	0	0	0	0	0	0	0	0	0	0	0	0	0	0	0	0	0	0	0	0	0	0	0	0	0	0	0	0	0	0	0	0	0	0	0	0	0	0	0	0	0	0	0	0	0	0	0	0	0	0	0	0	0	0	0	0	0	0	0	0	0	0	0	0	0	0	0	0	0	0	0	0	0	0	0	0	0	0	0	0	0	0	0	0	0	0	0	0	0	0	0	0	0	35	81	195	100	60	231	104	108	161	152
0	0	0	0	0	0	0	0	0	0	0	0	0	0	0	0	0	0	0	0	0	0	0	0	0	0	0	0	0	0	0	0	0	0	0	0	0	0	0	0	0	0	0	0	0	0	0	0	0	0	0	0	0	0	0	0	0	0	0	0	0	0	0	0	0	0	0	0	0	0	0	0	0	0	0	0	0	0	0	0	0	0	0	0	0	0	0	0	0	0	0	0	0	0	0	0	0	0	0	0	0	0	0	0	0	0	0	0	0	0	0	0	0	0	0	0	0	0	0	210	41	133	173	157	120	72	131	167
0	0	0	0	0	0	0	0	0	0	0	0	0	0	0	0	0	0	0	0	0	0	0	0	0	0	0	0	0	0	0	0	0	0	0	0	0	0	0	0	0	0	0	0	0	0	0	0	0	0	0	0	0	0	0	0	0	0	0	0	0	0	0	0	0	0	0	0	0	0	0	0	0	0	0	0	0	0	0	0	0	0	0	0	0	0	0	0	0	0	0	0	0	0	0	0	0	0	0	0	0	0	0	0	0	0	0	0	0	0	0	0	0	0	0	0	0	0	0	0	27	124	201	189	100	241	65	75
0	0	0	0	0	0	0	0	0	0	0	0	0	0	0	0	0	0	0	0	0	0	0	0	0	0	0	0	0	0	0	0	0	0	0	0	0	0	0	0	0	0	0	0	0	0	0	0	0	0	0	0	0	0	0	0	0	0	0	0	0	0	0	0	0	0	0	0	0	0	0	0	0	0	0	0	0	0	0	0	0	0	0	0	0	0	0	0	0	0	0	0	0	0	0	0	0	0	0	0	0	0	0	0	0	0	0	0	0	0	0	0	0	0	0	0	0	0	0	0	0	58	109	149	124	16	103	111
0	0	0	0	0	0	0	0	0	0	0	0	0	0	0	0	0	0	0	0	0	0	0	0	0	0	0	0	0	0	0	0	0	0	0	0	0	0	0	0	0	0	0	0	0	0	0	0	0	0	0	0	0	0	0	0	0	0	0	0	0	0	0	0	0	0	0	0	0	0	0	0	0	0	0	0	0	0	0	0	0	0	0	0	0	0	0	0	0	0	0	0	0	0	0	0	0	0	0	0	0	0	0	0	0	0	0	0	0	0	0	0	0	0	0	0	0	0	0	0	0	0	228	211	150	178	109	190
0	0	0	0	0	0	0	0	0	0	0	0	0	0	0	0	0	0	0	0	0	0	0	0	0	0	0	0	0	0	0	0	0	0	0	0	0	0	0	0	0	0	0	0	0	0	0	0	0	0	0	0	0	0	0	0	0	0	0	0	0	0	0	0	0	0	0	0	0	0	0	0	0	0	0	0	0	0	0	0	0	0	0	0	0	0	0	0	0	0	0	0	0	0	0	0	0	0	0	0	0	0	0	0	0	0	0	0	0	0	0	0	0	0	0	0	0	0	0	0	0	0	0	48	94	235	214	42
0	0	0	0	0	0	0	0	0	0	0	0	0	0	0	0	0	0	0	0	0	0	0	0	0	0	0	0	0	0	0	0	0	0	0	0	0	0	0	0	0	0	0	0	0	0	0	0	0	0	0	0	0	0	0	0	0	0	0	0	0	0	0	0	0	0	0	0	0	0	0	0	0	0	0	0	0	0	0	0	0	0	0	0	0	0	0	0	0	0	0	0	0	0	0	0	0	0	0	0	0	0	0	0	0	0	0	0	0	0	0	0	0	0	0	0	0	0	0	0	0	0	0	0	92	92	119	227
0	0	0	0	0	0	0	0	0	0	0	0	0	0	0	0	0	0	0	0	0	0	0	0	0	0	0	0	0	0	0	0	0	0	0	0	0	0	0	0	0	0	0	0	0	0	0	0	0	0	0	0	0	0	0	0	0	0	0	0	0	0	0	0	0	0	0	0	0	0	0	0	0	0	0	0	0	0	0	0	0	0	0	0	0	0	0	0	0	0	0	0	0	0	0	0	0	0	0	0	0	0	0	0	0	0	0	0	0	0	0	0	0	0	0	0	0	0	0	0	0	0	0	0	0	79	142	153
0	0	0	0	0	0	0	0	0	0	0	0	0	0	0	0	0	0	0	0	0	0	0	0	0	0	0	0	0	0	0	0	0	0	0	0	0	0	0	0	0	0	0	0	0	0	0	0	0	0	0	0	0	0	0	0	0	0	0	0	0	0	0	0	0	0	0	0	0	0	0	0	0	0	0	0	0	0	0	0	0	0	0	0	0	0	0	0	0	0	0	0	0	0	0	0	0	0	0	0	0	0	0	0	0	0	0	0	0	0	0	0	0	0	0	0	0	0	0	0	0	0	0	0	0	0	90	99
0	0	0	0	0	0	0	0	0	0	0	0	0	0	0	0	0	0	0	0	0	0	0	0	0	0	0	0	0	0	0	0	0	0	0	0	0	0	0	0	0	0	0	0	0	0	0	0	0	0	0	0	0	0	0	0	0	0	0	0	0	0	0	0	0	0	0	0	0	0	0	0	0	0	0	0	0	0	0	0	0	0	0	0	0	0	0	0	0	0	0	0	0	0	0	0	0	0	0	0	0	0	0	0	0	0	0	0	0	0	0	0	0	0	0	0	0	0	0	0	0	0	0	0	0	0	0	146
0	0	0	0	0	0	0	0	0	0	0	0	0	0	0	0	0	0	0	0	0	0	0	0	0	0	0	0	0	0	0	0	0	0	0	0	0	0	0	0	0	0	0	0	0	0	0	0	0	0	0	0	0	0	0	0	0	0	0	0	0	0	0	0	0	0	0	0	0	0	0	0	0	0	0	0	0	0	0	0	0	0	0	0	0	0	0	0	0	0	0	0	0	0	0	0	0	0	0	0	0	0	0	0	0	0	0	0	0	0	0	0	0	0	0	0	0	0	0	0	0	0	0	0	0	0	0	0