0	88	108	125	20	93	51	65	118	64	21	121	9	117	60	96	38	99	117	18	32	40	3	92	68	125	41	40	21	31	70	48	128	83	59	7	91	85	101	118	103	32	126	29	118	128	22	79	33	82	33	2	125	123	116	26	23	116	101	37	31	116	123	106	69	89	29	116	63	20	125	61	95	16	100	52	27	78	31	66	11	68	5	9	58	62	56	2	6	119	77	121	49	50	57	65	104	61	127	92	3	15	52	110	68	110	110	34	114	96	103	52	79	81	102	13	97	96	16	88	59	91	12	50	72	55	65	19
0	0	46	85	48	83	52	85	10	52	118	6	65	9	47	116	76	88	59	15	117	81	23	5	88	69	81	52	120	48	81	98	66	74	117	36	33	100	39	126	21	130	24	41	18	97	44	111	73	130	37	69	45	100	128	41	101	125	87	86	129	62	89	112	102	90	35	79	120	127	8	87	78	55	25	81	98	111	30	67	15	9	32	115	24	129	67	122	103	117	13	34	69	33	80	76	63	59	87	68	34	8	121	42	90	16	52	111	21	108	105	11	28	69	128	36	59	11	74	94	38	25	62	28	74	99	7	18
0	0	0	31	75	108	130	131	58	79	73	38	41	52	92	101	64	16	126	67	90	32	78	50	6	115	54	103	67	112	14	42	40	103	128	29	37	121	121	128	81	33	18	18	90	28	19	38	92	97	15	13	40	105	98	87	26	23	89	48	38	106	12	100	113	80	26	90	88	53	76	26	118	25	96	108	95	8	67	19	36	98	86	83	86	100	43	65	71	110	122	101	26	83	57	82	47	3	87	79	123	114	69	76	51	46	88	66	56	5	95	27	17	96	128	2	24	43	130	85	80	4	118	55	8	24	119	85
0	0	0	0	97	66	98	74	119	103	129	83	100	51	12	87	60	88	37	35	50	103	26	13	22	23	63	29	74	10	85	24	32	109	84	27	67	116	115	109	15	53	71	39	31	39	7	82	19	57	73	12	112	60	59	115	73	97	95	78	62	111	91	108	112	129	77	18	97	95	19	52	64	86	78	120	54	17	116	85	12	55	7	61	60	109	89	11	124	70	68	73	17	38	43	80	59	29	67	92	112	99	116	124	43	125	100	53	54	15	86	99	12	110	64	128	117	77	113	28	39	128	112	101	78	20	12	34
0	0	0	0	0	106	68	24	125	43	17	90	81	96	23	88	105	16	74	84	99	97	128	11	62	103	48	33	83	68	56	118	87	31	79	43	106	24	52	89	111	57	4	35	42	110	37	120	105	61	78	71	38	28	55	41	25	117	85	64	75	81	127	14	15	15	128	31	32	56	130	49	32	90	109	132	58	110	101	66	92	16	85	95	127	116	84	94	73	58	124	109	19	133	93	46	72	72	18	110	111	105	52	96	75	41	105	4	29	19	26	52	11	80	124	48	92	35	56	95	74	63	27	68	28	35	92	51
0	0	0	0	0	0	2	101	109	10	118	114	116	39	81	131	41	79	81	14	27	90	114	16	16	88	28	48	113	64	15	83	79	48	49	129	19	25	128	16	86	7	49	6	118	99	98	127	126	124	63	20	120	69	90	18	97	5	60	118	100	9	119	122	99	27	117	52	18	116	44	6	71	117	133	75	31	107	8	38	29	24	103	41	26	73	9	114	6	109	62	90	80	63	61	24	74	107	23	88	81	32	75	113	127	58	56	38	116	24	23	87	112	26	30	63	72	108	17	21	114	69	100	109	81	12	82	103
0	0	0	0	0	0	0	61	85	15	15	116	120	63	15	91	86	59	123	62	100	49	11	13	98	110	36	119	82	71	114	65	37	21	40	57	109	55	36	24	111	120	21	128	127	105	51	32	51	110	67	124	105	74	97	126	15	23	101	34	29	88	93	72	110	101	41	117	57	66	121	116	102	126	106	40	54	36	82	129	95	128	23	61	78	116	11	48	26	11	4	42	51	65	65	117	12	33	11	33	12	109	115	102	125	80	20	31	17	83	29	126	92	130	48	45	64	120	43	105	114	130	23	13	39	62	119	26
0	0	0	0	0	0	0	0	118	95	64	40	57	68	55	5	76	44	129	103	93	110	62	80	132	109	58	125	111	11	45	12	130	10	100	125	11	16	95	13	135	69	107	39	131	119	87	125	45	25	119	88	86	4	131	100	48	124	95	31	29	105	79	130	71	23	78	27	102	88	83	15	82	46	131	38	39	13	81	89	91	40	23	32	72	81	74	63	16	88	5	114	34	127	48	74	58	28	28	38	98	67	47	2	55	52	130	28	91	64	103	104	38	36	102	102	57	7	31	32	41	100	115	59	105	85	40	7
0	0	0	0	0	0	0	0	0	103	31	105	133	93	117	14	53	119	61	66	126	55	5	90	11	106	106	13	129	8	14	50	96	124	54	68	60	100	83	133	105	36	46	83	136	60	126	9	128	26	20	89	15	114	123	62	35	73	111	47	56	49	118	67	67	88	105	26	63	99	78	86	15	125	109	129	72	21	36	14	98	114	40	102	116	76	9	6	43	116	19	97	13	38	107	87	55	119	43	133	98	29	20	112	110	27	112	84	50	15	46	91	30	35	17	85	44	9	129	101	53	16	78	99	56	121	110	21
0	0	0	0	0	0	0	0	0	0	33	99	55	77	41	119	105	73	16	26	129	29	12	103	67	18	89	47	10	128	117	53	20	112	117	43	6	95	11	74	105	61	17	52	129	90	72	19	85	92	9	22	45	114	12	125	104	39	117	129	130	111	134	76	33	39	95	84	93	15	83	100	13	118	48	89	103	129	105	74	65	108	57	5	102	53	105	71	116	98	50	54	55	7	61	124	105	130	18	66	28	32	105	96	31	124	32	46	104	14	15	82	100	123	40	137	98	64	74	60	131	129	130	117	11	24	51	86
0	0	0	0	0	0	0	0	0	0	0	88	87	88	84	52	131	59	125	105	83	78	28	43	96	74	65	126	95	45	123	81	54	15	71	39	107	119	11	46	6	128	34	131	98	24	77	107	14	104	53	112	132	118	100	95	31	132	16	14	115	75	129	68	97	65	90	75	44	121	106	47	68	59	57	101	30	18	80	27	82	109	59	83	95	78	75	68	18	76	46	50	103	67	38	132	84	38	49	39	33	67	22	75	38	68	75	40	76	48	64	8	129	78	59	110	31	131	113	110	80	42	97	9	94	104	93	62
0	0	0	0	0	0	0	0	0	0	0	0	121	42	14	104	12	42	50	54	35	42	136	18	98	133	25	87	58	45	121	24	88	16	17	40	46	86	98	120	104	18	69	53	98	71	53	97	88	63	41	35	68	123	36	39	11	109	97	128	65	116	38	23	108	115	96	78	62	126	54	82	70	106	97	25	113	42	66	87	103	51	15	128	103	37	24	102	57	17	113	52	75	129	10	58	133	113	102	44	119	59	71	22	48	129	118	90	6	82	29	115	36	14	62	99	33	65	68	80	58	87	108	130	44	57	27	124
0	0	0	0	0	0	0	0	0	0	0	0	0	120	16	32	71	24	123	91	42	119	116	54	92	80	90	40	113	85	35	79	116	93	127	31	102	81	17	36	99	67	103	20	46	124	79	14	16	101	120	101	56	99	9	54	21	71	23	17	60	58	111	39	121	114	70	67	127	109	40	126	99	109	78	5	93	117	59	96	56	48	125	24	104	46	35	76	114	41	34	50	97	51	70	96	118	93	89	13	61	53	125	61	83	108	15	62	92	59	48	134	127	72	108	53	108	38	62	114	127	60	52	62	57	30	17	55
0	0	0	0	0	0	0	0	0	0	0	0	0	0	81	93	73	24	123	42	4	110	19	111	50	59	127	112	21	75	25	27	51	24	72	79	32	90	40	78	102	74	43	62	34	9	81	120	65	21	88	45	67	122	99	112	54	115	22	26	85	82	13	118	53	41	136	88	119	87	49	17	119	91	12	129	68	137	50	42	86	72	48	112	81	12	99	75	89	131	109	12	84	87	24	29	71	80	56	6	89	59	24	41	58	50	49	23	86	72	101	58	11	31	123	52	56	61	51	98	124	107	76	32	72	79	30	130
0	0	0	0	0	0	0	0	0	0	0	0	0	0	0	94	24	45	28	98	18	30	130	133	15	31	99	108	16	126	73	118	96	99	129	96	136	100	52	56	49	109	59	19	20	74	82	92	71	60	130	3	82	53	50	85	121	52	43	16	41	82	82	109	92	84	91	66	53	83	76	114	44	39	50	35	24	129	47	117	55	14	107	113	100	96	93	70	26	17	44	87	101	56	136	20	91	91	119	120	143	87	119	78	66	98	101	25	102	88	80	118	66	115	134	119	57	35	73	29	112	124	14	67	19	131	38	111
0	0	0	0	0	0	0	0	0	0	0	0	0	0	0	0	88	66	132	47	83	112	31	17	36	64	104	83	87	8	92	74	54	101	133	29	22	119	81	13	64	6	108	110	79	103	124	17	18	48	122	53	97	64	97	42	83	72	65	16	65	93	33	2	121	18	128	136	8	57	53	39	119	68	64	57	91	103	54	69	85	112	134	59	33	82	49	64	81	23	19	112	63	91	78	129	121	63	72	30	119	81	133	21	38	77	113	68	74	58	119	56	33	24	10	98	99	118	60	71	112	116	21	58	25	115	101	41
0	0	0	0	0	0	0	0	0	0	0	0	0	0	0	0	0	106	40	131	97	139	104	126	92	78	105	133	60	83	6	91	68	112	118	92	35	14	21	68	50	15	46	79	118	140	26	119	96	33	117	93	29	126	23	103	131	20	20	119	128	104	53	93	46	105	59	101	41	63	84	41	116	106	106	33	51	40	137	102	40	97	108	49	5	59	34	78	79	51	116	9	113	121	98	98	93	23	13	41	124	83	41	93	30	67	77	76	88	82	110	60	96	69	92	87	113	42	47	126	82	20	104	73	27	93	127	99
0	0	0	0	0	0	0	0	0	0	0	0	0	0	0	0	0	0	37	15	47	89	41	4	40	23	100	29	54	29	30	9	87	66	17	84	121	105	105	35	16	124	90	29	19	129	59	84	42	70	98	26	120	58	128	58	99	59	142	80	115	47	24	38	125	118	75	133	82	42	115	97	33	66	41	19	100	70	94	33	140	41	111	97	21	13	25	64	135	137	29	133	56	59	80	76	29	138	31	56	106	109	27	80	123	127	137	117	15	78	74	14	60	67	50	114	53	18	69	76	98	100	17	73	118	30	92	122
0	0	0	0	0	0	0	0	0	0	0	0	0	0	0	0	0	0	0	66	32	58	76	29	41	93	136	94	126	84	17	55	21	4	68	77	90	131	49	114	95	74	79	25	108	111	117	101	25	18	127	25	101	131	26	42	129	25	107	88	26	23	131	120	55	112	22	114	86	14	51	48	83	65	53	63	128	25	61	38	38	21	6	44	53	18	95	127	66	101	50	108	102	86	119	107	47	132	14	134	34	114	30	132	46	88	95	57	10	72	52	113	108	41	72	122	64	118	71	54	82	46	114	90	85	19	129	44
0	0	0	0	0	0	0	0	0	0	0	0	0	0	0	0	0	0	0	0	115	77	135	70	67	104	20	123	121	54	62	20	96	35	111	142	42	24	71	107	103	38	107	131	83	24	51	65	102	45	51	108	86	57	44	120	97	123	50	140	39	35	144	65	123	59	134	137	128	123	53	61	47	123	64	138	81	41	97	30	101	18	78	30	88	102	11	19	55	127	24	139	15	54	31	20	65	43	42	73	41	119	87	126	106	143	44	89	74	100	50	34	66	95	76	12	89	93	58	121	39	85	76	57	131	63	126	23
0	0	0	0	0	0	0	0	0	0	0	0	0	0	0	0	0	0	0	0	0	49	11	83	44	121	70	41	136	129	87	57	129	44	106	107	117	119	107	80	78	141	115	73	69	63	30	61	119	119	39	31	84	96	63	71	70	145	34	110	15	96	82	89	20	59	23	20	131	89	67	74	60	114	18	100	54	44	57	69	133	122	78	129	49	105	68	29	57	26	96	62	96	75	87	85	109	15	93	31	44	80	60	58	48	19	126	122	57	40	44	34	46	102	43	41	111	62	119	23	111	105	104	22	44	133	24	53
0	0	0	0	0	0	0	0	0	0	0	0	0	0	0	0	0	0	0	0	0	0	127	85	76	42	25	107	102	118	37	54	41	60	113	64	126	83	135	103	18	71	17	59	26	91	49	65	55	113	130	110	15	96	59	14	143	72	102	129	35	49	109	57	85	133	62	101	125	107	48	48	104	95	73	47	62	100	40	32	60	106	122	105	33	13	72	92	130	70	90	80	43	136	77	83	128	48	48	104	54	76	60	53	116	59	46	44	86	48	78	55	24	94	117	115	80	79	36	84	41	110	18	74	89	128	44	26
0	0	0	0	0	0	0	0	0	0	0	0	0	0	0	0	0	0	0	0	0	0	0	135	93	15	80	30	36	80	74	12	104	69	9	123	48	94	128	36	70	23	51	43	94	27	82	111	88	63	142	107	40	42	97	122	81	55	71	130	52	46	98	136	106	63	91	28	64	32	92	36	73	127	75	87	59	40	54	100	118	78	27	76	23	105	109	56	10	88	100	107	53	86	84	110	106	127	51	50	136	149	99	100	110	64	51	47	67	126	36	69	120	113	60	16	30	41	45	120	19	114	120	35	53	41	92	136
0	0	0	0	0	0	0	0	0	0	0	0	0	0	0	0	0	0	0	0	0	0	0	0	130	112	47	129	112	15	6	64	35	46	26	54	56	40	91	103	13	84	27	37	85	61	115	42	73	109	28	82	70	25	10	131	55	18	93	34	123	91	85	109	128	54	67	33	38	53	125	83	46	125	57	132	59	138	108	142	130	16	100	58	120	33	78	45	37	109	89	82	89	134	40	139	50	69	43	42	51	132	25	112	85	84	47	75	117	92	95	110	81	54	53	92	94	142	111	100	124	25	31	133	20	53	14	60
0	0	0	0	0	0	0	0	0	0	0	0	0	0	0	0	0	0	0	0	0	0	0	0	0	118	132	145	61	137	15	74	28	3	124	49	126	24	111	57	17	100	38	18	129	24	107	90	27	87	105	129	28	90	67	35	50	34	85	58	76	51	118	10	67	42	101	141	118	68	25	111	68	63	139	40	123	102	102	28	109	69	111	127	26	99	127	40	86	114	14	16	78	89	33	43	44	39	39	67	129	22	143	24	87	63	90	131	78	133	86	95	111	48	45	104	56	110	60	35	72	109	98	130	25	71	69	76
0	0	0	0	0	0	0	0	0	0	0	0	0	0	0	0	0	0	0	0	0	0	0	0	0	0	43	82	13	70	10	33	83	144	29	140	148	106	96	90	127	46	97	39	44	76	138	73	154	12	26	65	53	44	82	64	65	107	64	55	104	140	81	113	74	101	104	65	46	86	124	137	26	80	94	57	43	74	106	151	94	114	52	54	63	97	115	75	102	109	105	129	19	86	118	137	75	8	137	78	106	39	80	86	33	98	134	92	76	120	15	102	141	114	50	84	48	20	76	141	77	46	39	41	74	58	90	71
0	0	0	0	0	0	0	0	0	0	0	0	0	0	0	0	0	0	0	0	0	0	0	0	0	0	0	67	116	100	47	88	99	108	94	139	70	134	10	53	96	69	10	111	139	40	32	15	94	54	26	43	108	128	36	102	81	63	90	59	40	101	134	101	43	80	102	81	28	79	81	91	26	22	79	63	53	88	142	27	53	125	60	65	80	109	64	123	83	45	97	39	82	121	37	70	119	88	61	31	93	132	34	6	99	77	59	23	25	28	131	139	120	26	93	46	21	106	124	40	95	117	62	37	97	132	81	27
0	0	0	0	0	0	0	0	0	0	0	0	0	0	0	0	0	0	0	0	0	0	0	0	0	0	0	0	109	102	99	22	113	99	12	61	35	123	84	112	138	151	109	85	33	49	99	145	40	57	93	53	60	107	74	52	113	105	33	139	121	94	107	96	124	113	69	92	144	108	90	29	130	92	76	5	47	82	109	102	55	87	26	37	143	63	48	114	90	47	27	124	24	103	100	28	105	44	118	84	146	108	78	31	117	98	116	140	84	35	115	103	119	45	56	70	36	120	28	60	150	79	56	140	56	119	71	23
0	0	0	0	0	0	0	0	0	0	0	0	0	0	0	0	0	0	0	0	0	0	0	0	0	0	0	0	0	85	92	69	85	91	30	99	29	112	52	113	108	60	76	129	150	25	23	131	100	53	66	76	129	124	151	48	87	114	54	134	87	60	9	67	101	10	17	56	118	72	51	135	79	54	108	118	56	109	122	27	112	64	100	104	42	74	144	97	129	77	71	132	132	117	40	103	22	140	129	105	114	26	82	40	128	88	127	47	125	13	52	95	37	109	109	64	86	93	130	91	82	36	138	31	107	35	105	112
0	0	0	0	0	0	0	0	0	0	0	0	0	0	0	0	0	0	0	0	0	0	0	0	0	0	0	0	0	0	87	108	116	76	90	143	156	43	118	86	108	53	101	97	47	126	100	139	114	68	40	82	84	144	119	130	40	66	107	102	87	48	130	78	62	125	71	12	104	150	59	50	40	49	76	121	72	108	39	97	123	32	113	92	56	30	131	148	119	92	73	77	139	120	110	55	10	117	79	70	118	32	116	114	56	122	119	36	70	45	69	30	131	92	151	79	106	88	64	136	76	84	50	65	112	91	47	120
0	0	0	0	0	0	0	0	0	0	0	0	0	0	0	0	0	0	0	0	0	0	0	0	0	0	0	0	0	0	0	27	84	71	50	34	79	137	148	97	74	72	80	99	42	54	6	126	6	32	135	30	95	34	39	106	131	22	136	89	145	108	107	91	131	72	124	57	74	53	33	127	99	121	129	70	74	120	107	111	92	116	114	33	60	74	59	72	59	62	68	65	63	96	50	103	112	58	19	119	90	46	45	115	101	116	31	39	49	113	91	59	77	83	37	102	132	96	130	137	148	34	39	106	124	24	27	134
0	0	0	0	0	0	0	0	0	0	0	0	0	0	0	0	0	0	0	0	0	0	0	0	0	0	0	0	0	0	0	0	116	104	100	17	94	52	88	88	30	129	43	63	75	127	4	50	55	113	107	83	77	26	150	37	87	78	97	136	79	39	105	137	31	73	90	100	134	20	115	122	100	84	49	44	40	71	25	89	81	41	70	131	112	52	86	26	131	87	88	134	15	72	139	65	117	129	119	11	23	149	52	110	102	94	83	148	91	92	127	106	113	123	54	140	22	75	108	28	65	105	90	143	70	143	24	80
0	0	0	0	0	0	0	0	0	0	0	0	0	0	0	0	0	0	0	0	0	0	0	0	0	0	0	0	0	0	0	0	0	96	39	40	140	146	35	116	17	117	28	110	95	21	147	62	73	96	35	46	8	59	127	154	42	52	32	66	77	152	78	83	20	98	79	27	113	27	153	126	37	100	91	56	67	84	56	99	73	139	139	83	26	33	78	84	72	110	99	99	15	12	110	92	121	126	125	94	19	74	131	102	68	45	136	22	83	104	7	97	66	45	108	51	38	62	132	147	132	54	102	148	73	62	105	34
0	0	0	0	0	0	0	0	0	0	0	0	0	0	0	0	0	0	0	0	0	0	0	0	0	0	0	0	0	0	0	0	0	0	101	60	105	74	125	3	41	129	7	117	128	49	123	31	57	9	36	78	16	70	118	84	115	121	82	82	150	110	25	51	110	45	47	137	98	96	20	34	112	33	85	129	81	133	134	88	105	110	83	67	106	72	37	107	160	56	101	27	137	88	119	50	77	100	51	91	62	130	20	57	115	83	128	103	62	137	37	115	137	22	69	57	136	51	69	81	90	113	150	46	116	67	43	123
0	0	0	0	0	0	0	0	0	0	0	0	0	0	0	0	0	0	0	0	0	0	0	0	0	0	0	0	0	0	0	0	0	0	0	95	139	66	147	82	6	29	95	71	107	70	103	134	86	107	73	72	132	36	96	24	80	39	89	34	111	68	103	71	20	65	82	51	107	36	152	61	92	68	146	39	17	45	85	106	46	73	89	66	118	82	122	117	53	123	63	79	110	114	133	67	36	18	85	76	149	94	59	115	105	130	118	113	139	77	138	58	20	93	130	54	118	68	137	42	58	32	70	55	142	91	128	111
0	0	0	0	0	0	0	0	0	0	0	0	0	0	0	0	0	0	0	0	0	0	0	0	0	0	0	0	0	0	0	0	0	0	0	0	45	149	42	67	50	80	126	108	29	29	113	157	67	92	60	124	116	36	31	138	145	35	78	151	154	124	32	153	140	92	40	59	95	82	125	105	91	43	117	47	44	39	34	124	67	96	87	94	8	50	135	60	78	123	22	113	70	66	115	42	154	124	60	26	128	54	74	15	62	117	51	55	98	151	80	75	116	80	59	102	129	73	24	79	119	19	51	77	75	17	101	69
0	0	0	0	0	0	0	0	0	0	0	0	0	0	0	0	0	0	0	0	0	0	0	0	0	0	0	0	0	0	0	0	0	0	0	0	0	123	123	89	59	103	130	61	72	130	113	102	52	63	111	87	50	37	129	67	60	105	37	121	129	77	124	156	135	69	147	51	105	67	48	134	144	104	121	83	23	150	138	147	59	143	150	40	16	40	94	22	54	129	79	102	142	119	90	34	96	147	143	126	48	82	27	88	58	32	60	142	129	92	23	161	47	46	78	70	21	35	33	47	105	133	108	121	48	138	22	79
0	0	0	0	0	0	0	0	0	0	0	0	0	0	0	0	0	0	0	0	0	0	0	0	0	0	0	0	0	0	0	0	0	0	0	0	0	0	69	38	120	56	77	70	54	53	86	51	50	24	50	118	129	25	103	100	26	96	39	17	143	76	45	41	104	125	122	104	87	84	26	142	62	117	135	125	93	143	107	81	42	68	76	80	114	117	109	96	54	27	46	52	27	50	113	83	67	102	41	101	121	82	51	92	20	69	45	124	47	17	105	95	69	79	110	120	70	37	138	54	48	38	112	82	113	63	82	84
0	0	0	0	0	0	0	0	0	0	0	0	0	0	0	0	0	0	0	0	0	0	0	0	0	0	0	0	0	0	0	0	0	0	0	0	0	0	0	131	121	72	84	102	140	130	98	122	70	63	55	158	84	80	110	123	136	75	118	83	62	23	124	77	148	55	3	134	91	108	108	100	151	114	112	151	70	146	44	50	128	122	91	93	76	118	92	26	109	101	33	88	50	49	145	131	62	50	24	143	68	42	74	64	65	46	50	76	107	142	69	97	52	135	128	112	11	115	96	120	131	74	124	139	106	21	77	80
0	0	0	0	0	0	0	0	0	0	0	0	0	0	0	0	0	0	0	0	0	0	0	0	0	0	0	0	0	0	0	0	0	0	0	0	0	0	0	0	104	140	77	141	16	51	96	58	108	82	128	57	127	40	131	37	67	43	129	134	90	44	109	41	65	131	47	57	97	97	94	66	111	72	86	63	164	102	94	120	144	106	32	124	116	127	53	62	112	44	116	32	71	46	23	23	71	147	123	28	131	114	46	13	72	62	94	42	44	24	70	118	132	22	100	87	126	146	87	128	74	136	150	88	115	23	131	132
0	0	0	0	0	0	0	0	0	0	0	0	0	0	0	0	0	0	0	0	0	0	0	0	0	0	0	0	0	0	0	0	0	0	0	0	0	0	0	0	0	111	150	157	101	126	97	135	133	96	84	106	99	58	120	72	146	68	41	77	141	70	106	46	61	119	120	64	118	36	60	91	74	132	73	38	123	135	79	78	114	145	65	143	80	67	10	160	157	18	63	42	42	154	140	121	32	53	122	38	98	84	116	55	92	87	81	60	46	82	28	126	56	58	82	22	78	70	108	100	31	138	116	157	62	147	93	149
0	0	0	0	0	0	0	0	0	0	0	0	0	0	0	0	0	0	0	0	0	0	0	0	0	0	0	0	0	0	0	0	0	0	0	0	0	0	0	0	0	0	135	70	47	52	134	29	52	89	18	117	33	115	144	41	93	39	31	124	26	67	67	80	88	133	38	19	53	81	100	97	94	72	127	90	22	55	55	158	84	45	143	99	52	114	137	37	72	35	13	165	115	41	142	86	126	48	157	88	146	108	33	89	94	87	64	71	99	68	97	34	42	113	123	29	82	75	117	157	33	18	85	132	76	10	118	121
0	0	0	0	0	0	0	0	0	0	0	0	0	0	0	0	0	0	0	0	0	0	0	0	0	0	0	0	0	0	0	0	0	0	0	0	0	0	0	0	0	0	0	69	124	90	62	115	60	15	53	130	116	103	66	69	153	41	104	53	136	67	87	15	83	101	36	27	122	147	138	95	104	62	80	138	55	129	17	138	43	159	65	44	62	128	27	132	143	113	90	105	120	31	67	86	108	79	90	112	146	132	74	77	81	125	13	127	70	83	63	25	119	150	51	117	41	102	149	99	58	100	96	21	161	84	105	116
0	0	0	0	0	0	0	0	0	0	0	0	0	0	0	0	0	0	0	0	0	0	0	0	0	0	0	0	0	0	0	0	0	0	0	0	0	0	0	0	0	0	0	0	76	29	78	85	87	53	25	50	87	72	27	118	108	61	82	124	29	73	159	152	84	84	150	74	78	82	106	61	132	42	59	136	34	58	96	38	143	96	106	66	15	33	132	98	100	124	74	138	51	23	22	89	50	108	111	88	110	94	140	133	60	134	51	154	128	32	97	80	118	132	95	84	106	81	84	58	107	87	82	22	132	73	81	48
0	0	0	0	0	0	0	0	0	0	0	0	0	0	0	0	0	0	0	0	0	0	0	0	0	0	0	0	0	0	0	0	0	0	0	0	0	0	0	0	0	0	0	0	0	16	41	70	85	110	38	112	151	126	119	75	146	52	95	57	61	46	81	61	125	36	100	76	32	24	119	131	53	131	152	75	90	119	48	113	125	58	38	89	40	49	33	47	116	159	126	130	84	116	110	139	89	84	32	36	45	64	154	121	83	153	69	155	39	81	137	125	66	33	132	114	76	40	50	116	86	137	18	137	76	52	57	117
0	0	0	0	0	0	0	0	0	0	0	0	0	0	0	0	0	0	0	0	0	0	0	0	0	0	0	0	0	0	0	0	0	0	0	0	0	0	0	0	0	0	0	0	0	0	136	55	45	133	78	110	131	77	18	32	41	68	68	105	46	61	45	153	71	90	67	94	93	67	28	25	119	41	100	97	87	28	136	144	68	41	136	66	130	79	133	111	24	80	47	131	68	143	9	106	47	32	124	54	124	142	69	41	37	48	111	32	85	147	40	63	67	82	99	130	35	113	126	26	35	33	50	62	37	104	95	110
0	0	0	0	0	0	0	0	0	0	0	0	0	0	0	0	0	0	0	0	0	0	0	0	0	0	0	0	0	0	0	0	0	0	0	0	0	0	0	0	0	0	0	0	0	0	0	139	97	47	63	108	60	166	64	79	132	153	53	102	96	130	45	57	29	52	148	80	77	111	21	165	37	105	131	101	27	153	141	37	116	118	141	69	72	129	18	23	44	64	89	59	18	83	35	151	77	103	147	108	118	127	61	56	97	58	80	130	130	88	61	131	99	106	81	63	89	54	147	59	165	7	51	145	83	122	57	61
0	0	0	0	0	0	0	0	0	0	0	0	0	0	0	0	0	0	0	0	0	0	0	0	0	0	0	0	0	0	0	0	0	0	0	0	0	0	0	0	0	0	0	0	0	0	0	0	58	99	72	37	42	70	93	162	62	131	94	75	63	22	26	134	69	98	77	116	25	65	134	113	155	24	118	133	54	46	155	28	107	41	12	133	78	124	153	47	115	19	168	149	70	135	65	109	141	72	142	50	119	65	55	50	57	122	35	82	56	122	53	91	102	53	54	40	37	100	99	139	142	59	169	127	100	84	34	133
0	0	0	0	0	0	0	0	0	0	0	0	0	0	0	0	0	0	0	0	0	0	0	0	0	0	0	0	0	0	0	0	0	0	0	0	0	0	0	0	0	0	0	0	0	0	0	0	0	82	80	67	66	123	80	34	33	112	20	89	87	79	96	44	67	50	123	153	121	145	120	125	130	88	145	81	122	100	158	76	163	93	36	107	61	25	130	23	128	29	45	159	63	85	88	152	68	65	66	62	37	101	110	143	130	127	75	69	139	125	85	129	33	16	95	47	39	104	12	99	164	142	27	94	42	59	138	37
0	0	0	0	0	0	0	0	0	0	0	0	0	0	0	0	0	0	0	0	0	0	0	0	0	0	0	0	0	0	0	0	0	0	0	0	0	0	0	0	0	0	0	0	0	0	0	0	0	0	30	59	109	51	33	127	96	101	102	94	114	123	160	18	59	118	32	80	89	39	106	51	61	132	74	93	99	62	127	166	81	86	79	114	48	14	119	58	103	61	110	112	108	65	96	126	112	77	113	138	148	73	72	44	87	139	105	128	86	110	122	57	67	35	47	88	52	167	21	24	71	62	67	112	69	117	92	142
0	0	0	0	0	0	0	0	0	0	0	0	0	0	0	0	0	0	0	0	0	0	0	0	0	0	0	0	0	0	0	0	0	0	0	0	0	0	0	0	0	0	0	0	0	0	0	0	0	0	0	79	117	16	19	53	120	109	134	84	140	41	55	96	160	152	120	28	50	155	86	119	68	76	95	136	138	36	36	56	32	39	135	116	153	81	117	135	57	55	60	132	116	42	118	54	83	64	47	141	137	68	48	119	77	155	19	104	118	59	154	134	91	81	66	59	139	69	69	82	9	130	60	169	157	106	145	15
0	0	0	0	0	0	0	0	0	0	0	0	0	0	0	0	0	0	0	0	0	0	0	0	0	0	0	0	0	0	0	0	0	0	0	0	0	0	0	0	0	0	0	0	0	0	0	0	0	0	0	0	121	14	138	41	42	118	116	72	169	48	130	88	140	170	61	49	29	144	84	92	133	127	81	119	19	135	153	92	71	113	74	54	113	54	116	111	71	73	114	140	142	48	124	55	104	162	19	115	46	146	57	83	33	84	150	129	64	149	123	158	120	62	121	55	140	56	58	35	117	131	90	92	167	96	113	144
0	0	0	0	0	0	0	0	0	0	0	0	0	0	0	0	0	0	0	0	0	0	0	0	0	0	0	0	0	0	0	0	0	0	0	0	0	0	0	0	0	0	0	0	0	0	0	0	0	0	0	0	0	108	133	35	116	51	58	72	78	120	50	74	139	130	146	72	91	72	104	22	123	85	126	38	78	109	97	33	37	79	113	63	120	146	89	104	92	116	39	30	73	77	70	108	152	125	128	61	109	56	34	51	64	132	120	106	146	87	94	74	30	160	34	57	164	147	160	84	172	24	172	40	64	87	34	59
0	0	0	0	0	0	0	0	0	0	0	0	0	0	0	0	0	0	0	0	0	0	0	0	0	0	0	0	0	0	0	0	0	0	0	0	0	0	0	0	0	0	0	0	0	0	0	0	0	0	0	0	0	0	40	46	79	90	129	35	85	40	147	147	130	19	154	69	112	93	35	35	54	57	83	64	90	144	30	37	23	36	98	128	112	80	88	75	87	13	93	110	60	60	33	98	123	143	89	111	128	63	48	97	56	166	146	159	130	95	122	136	101	141	89	89	105	67	94	148	70	71	93	161	70	105	116	77
0	0	0	0	0	0	0	0	0	0	0	0	0	0	0	0	0	0	0	0	0	0	0	0	0	0	0	0	0	0	0	0	0	0	0	0	0	0	0	0	0	0	0	0	0	0	0	0	0	0	0	0	0	0	0	152	54	43	103	104	84	36	74	42	130	95	39	44	111	140	126	161	146	76	20	154	124	63	70	116	79	51	31	90	123	65	41	62	131	166	72	140	58	156	64	47	138	68	140	40	58	36	75	53	72	152	79	67	128	123	58	140	163	137	148	141	118	114	30	133	62	118	33	48	75	84	104	51
0	0	0	0	0	0	0	0	0	0	0	0	0	0	0	0	0	0	0	0	0	0	0	0	0	0	0	0	0	0	0	0	0	0	0	0	0	0	0	0	0	0	0	0	0	0	0	0	0	0	0	0	0	0	0	0	80	93	120	123	101	96	55	13	123	104	64	139	99	120	113	10	99	141	28	124	169	61	154	68	156	126	122	81	136	58	33	94	130	66	61	67	86	155	91	94	94	100	64	73	94	82	131	167	76	104	32	95	123	47	51	139	88	43	62	26	129	91	164	115	37	66	50	76	78	47	80	166
0	0	0	0	0	0	0	0	0	0	0	0	0	0	0	0	0	0	0	0	0	0	0	0	0	0	0	0	0	0	0	0	0	0	0	0	0	0	0	0	0	0	0	0	0	0	0	0	0	0	0	0	0	0	0	0	0	71	102	85	61	48	55	26	82	105	111	50	59	70	169	39	117	102	122	77	123	62	96	119	51	99	110	77	139	64	54	164	114	134	117	69	134	135	28	88	99	17	99	64	75	114	37	83	143	109	40	98	83	81	141	38	149	65	132	161	28	87	125	73	77	158	41	127	133	84	75	105
0	0	0	0	0	0	0	0	0	0	0	0	0	0	0	0	0	0	0	0	0	0	0	0	0	0	0	0	0	0	0	0	0	0	0	0	0	0	0	0	0	0	0	0	0	0	0	0	0	0	0	0	0	0	0	0	0	0	114	103	139	64	36	100	102	32	123	138	60	70	69	26	142	66	69	45	133	60	122	121	142	61	97	108	150	96	55	41	83	55	166	124	157	84	64	164	111	111	77	124	150	153	87	67	53	185	99	58	112	24	51	58	139	152	110	138	46	122	92	94	121	28	10	143	25	44	109	86
0	0	0	0	0	0	0	0	0	0	0	0	0	0	0	0	0	0	0	0	0	0	0	0	0	0	0	0	0	0	0	0	0	0	0	0	0	0	0	0	0	0	0	0	0	0	0	0	0	0	0	0	0	0	0	0	0	0	0	50	116	47	24	154	66	75	46	139	37	125	105	127	116	50	84	30	78	34	115	116	96	108	140	97	145	56	147	128	45	40	26	91	69	131	174	155	96	64	47	71	173	62	165	125	143	124	154	87	131	148	36	106	84	99	165	98	44	150	96	54	90	111	65	72	72	35	69	45
0	0	0	0	0	0	0	0	0	0	0	0	0	0	0	0	0	0	0	0	0	0	0	0	0	0	0	0	0	0	0	0	0	0	0	0	0	0	0	0	0	0	0	0	0	0	0	0	0	0	0	0	0	0	0	0	0	0	0	0	125	11	124	139	59	150	132	129	166	90	173	108	22	43	120	104	18	139	66	100	142	154	87	92	70	83	113	100	107	96	47	85	156	94	102	82	42	107	129	42	121	39	10	43	77	116	138	76	37	109	155	18	57	92	105	12	141	81	95	107	168	82	146	59	54	87	51	166
0	0	0	0	0	0	0	0	0	0	0	0	0	0	0	0	0	0	0	0	0	0	0	0	0	0	0	0	0	0	0	0	0	0	0	0	0	0	0	0	0	0	0	0	0	0	0	0	0	0	0	0	0	0	0	0	0	0	0	0	0	177	157	139	166	124	73	67	118	123	97	72	117	169	151	121	149	71	132	123	125	156	57	50	77	34	85	107	135	70	113	47	123	100	140	21	63	104	67	145	76	67	102	68	120	85	88	129	166	114	132	79	71	107	78	85	42	140	168	47	62	110	123	183	120	56	56	87
0	0	0	0	0	0	0	0	0	0	0	0	0	0	0	0	0	0	0	0	0	0	0	0	0	0	0	0	0	0	0	0	0	0	0	0	0	0	0	0	0	0	0	0	0	0	0	0	0	0	0	0	0	0	0	0	0	0	0	0	0	0	125	66	155	89	72	97	58	113	73	82	90	112	88	108	44	101	22	66	54	58	145	67	35	146	84	124	108	83	101	80	135	74	75	128	119	106	82	25	134	58	64	73	127	68	73	117	94	141	119	148	151	145	46	59	53	103	51	90	103	86	80	83	140	76	63	100
0	0	0	0	0	0	0	0	0	0	0	0	0	0	0	0	0	0	0	0	0	0	0	0	0	0	0	0	0	0	0	0	0	0	0	0	0	0	0	0	0	0	0	0	0	0	0	0	0	0	0	0	0	0	0	0	0	0	0	0	0	0	0	152	118	122	55	56	100	118	152	92	156	133	93	83	46	109	40	101	81	123	109	98	64	126	142	109	98	122	54	138	112	128	137	68	42	71	53	160	30	42	102	98	123	110	67	98	121	141	113	52	33	115	36	152	75	151	142	89	118	76	86	153	109	36	91	78
0	0	0	0	0	0	0	0	0	0	0	0	0	0	0	0	0	0	0	0	0	0	0	0	0	0	0	0	0	0	0	0	0	0	0	0	0	0	0	0	0	0	0	0	0	0	0	0	0	0	0	0	0	0	0	0	0	0	0	0	0	0	0	0	132	178	10	59	133	145	105	65	33	106	48	42	43	124	78	154	132	62	176	133	86	22	94	130	47	78	112	119	49	88	159	52	144	77	154	24	177	12	126	91	53	84	11	113	139	62	106	106	158	41	109	24	135	53	112	161	80	53	68	132	135	83	102	142
0	0	0	0	0	0	0	0	0	0	0	0	0	0	0	0	0	0	0	0	0	0	0	0	0	0	0	0	0	0	0	0	0	0	0	0	0	0	0	0	0	0	0	0	0	0	0	0	0	0	0	0	0	0	0	0	0	0	0	0	0	0	0	0	0	96	77	118	22	158	150	68	168	134	48	39	50	118	132	138	50	89	51	111	126	11	112	128	160	64	120	52	73	66	159	106	76	16	50	88	129	60	88	146	45	124	69	63	160	86	144	98	110	122	60	93	56	142	145	138	69	158	145	84	109	41	81	165
0	0	0	0	0	0	0	0	0	0	0	0	0	0	0	0	0	0	0	0	0	0	0	0	0	0	0	0	0	0	0	0	0	0	0	0	0	0	0	0	0	0	0	0	0	0	0	0	0	0	0	0	0	0	0	0	0	0	0	0	0	0	0	0	0	0	33	69	127	147	129	18	170	91	112	84	64	67	81	16	50	143	164	132	149	61	103	115	148	63	122	73	61	22	37	80	105	166	150	32	68	75	138	142	107	93	106	51	137	71	125	147	161	64	76	127	99	79	184	84	49	80	112	91	101	129	160	59
0	0	0	0	0	0	0	0	0	0	0	0	0	0	0	0	0	0	0	0	0	0	0	0	0	0	0	0	0	0	0	0	0	0	0	0	0	0	0	0	0	0	0	0	0	0	0	0	0	0	0	0	0	0	0	0	0	0	0	0	0	0	0	0	0	0	0	136	58	83	93	101	135	77	70	43	91	116	103	136	28	133	132	66	74	103	111	65	61	121	148	98	94	95	61	136	58	173	101	114	102	13	142	47	114	69	141	156	156	97	131	105	104	78	133	100	86	96	65	82	132	111	135	134	106	150	134	140
0	0	0	0	0	0	0	0	0	0	0	0	0	0	0	0	0	0	0	0	0	0	0	0	0	0	0	0	0	0	0	0	0	0	0	0	0	0	0	0	0	0	0	0	0	0	0	0	0	0	0	0	0	0	0	0	0	0	0	0	0	0	0	0	0	0	0	0	113	137	148	168	62	63	54	117	122	162	82	97	69	171	75	81	105	123	96	157	98	105	159	113	78	106	123	168	22	139	147	181	52	22	24	148	121	35	125	169	101	126	92	62	124	56	61	64	149	40	46	82	111	132	62	112	142	150	165	36
0	0	0	0	0	0	0	0	0	0	0	0	0	0	0	0	0	0	0	0	0	0	0	0	0	0	0	0	0	0	0	0	0	0	0	0	0	0	0	0	0	0	0	0	0	0	0	0	0	0	0	0	0	0	0	0	0	0	0	0	0	0	0	0	0	0	0	0	0	128	79	108	88	167	68	179	25	178	57	127	92	167	110	75	31	147	102	147	95	129	118	149	100	134	121	134	136	118	58	117	46	146	176	129	150	66	60	87	108	103	17	74	110	53	118	87	184	197	185	138	124	139	65	114	37	44	114	58
0	0	0	0	0	0	0	0	0	0	0	0	0	0	0	0	0	0	0	0	0	0	0	0	0	0	0	0	0	0	0	0	0	0	0	0	0	0	0	0	0	0	0	0	0	0	0	0	0	0	0	0	0	0	0	0	0	0	0	0	0	0	0	0	0	0	0	0	0	0	41	54	84	40	148	86	127	133	51	35	171	137	148	70	104	87	31	120	151	139	59	47	79	90	139	90	120	75	124	167	93	131	88	41	110	81	77	38	150	130	136	48	160	146	46	121	160	61	35	123	143	57	103	108	103	90	53	97
0	0	0	0	0	0	0	0	0	0	0	0	0	0	0	0	0	0	0	0	0	0	0	0	0	0	0	0	0	0	0	0	0	0	0	0	0	0	0	0	0	0	0	0	0	0	0	0	0	0	0	0	0	0	0	0	0	0	0	0	0	0	0	0	0	0	0	0	0	0	0	86	174	113	180	24	45	66	155	49	27	28	136	90	30	188	114	62	62	170	129	139	115	128	89	79	173	119	105	125	166	92	141	23	161	105	89	141	113	62	102	73	88	86	134	79	72	114	170	123	84	151	82	119	31	146	60	86
0	0	0	0	0	0	0	0	0	0	0	0	0	0	0	0	0	0	0	0	0	0	0	0	0	0	0	0	0	0	0	0	0	0	0	0	0	0	0	0	0	0	0	0	0	0	0	0	0	0	0	0	0	0	0	0	0	0	0	0	0	0	0	0	0	0	0	0	0	0	0	0	126	53	100	129	125	159	139	33	115	39	111	29	127	115	92	74	98	97	108	28	78	53	119	34	183	144	92	29	104	93	113	25	104	76	38	41	165	48	85	90	96	122	135	90	92	58	140	79	183	72	139	141	29	73	95	101
0	0	0	0	0	0	0	0	0	0	0	0	0	0	0	0	0	0	0	0	0	0	0	0	0	0	0	0	0	0	0	0	0	0	0	0	0	0	0	0	0	0	0	0	0	0	0	0	0	0	0	0	0	0	0	0	0	0	0	0	0	0	0	0	0	0	0	0	0	0	0	0	0	107	82	155	169	112	139	111	162	71	117	150	117	70	40	98	41	87	152	123	90	103	107	49	156	88	94	178	27	121	119	85	126	61	36	104	99	64	100	112	74	179	85	127	154	152	70	142	149	122	16	164	122	152	119	125
0	0	0	0	0	0	0	0	0	0	0	0	0	0	0	0	0	0	0	0	0	0	0	0	0	0	0	0	0	0	0	0	0	0	0	0	0	0	0	0	0	0	0	0	0	0	0	0	0	0	0	0	0	0	0	0	0	0	0	0	0	0	0	0	0	0	0	0	0	0	0	0	0	0	155	149	128	29	79	61	53	92	88	76	40	108	120	108	51	148	141	176	89	44	138	134	29	187	35	152	87	181	103	166	74	61	141	65	130	175	152	75	112	69	133	148	142	83	159	81	95	149	35	98	156	19	142	111
0	0	0	0	0	0	0	0	0	0	0	0	0	0	0	0	0	0	0	0	0	0	0	0	0	0	0	0	0	0	0	0	0	0	0	0	0	0	0	0	0	0	0	0	0	0	0	0	0	0	0	0	0	0	0	0	0	0	0	0	0	0	0	0	0	0	0	0	0	0	0	0	0	0	0	137	95	64	25	69	199	33	94	44	71	55	18	123	72	120	127	73	139	127	7	108	90	47	68	123	94	167	119	36	67	36	80	86	46	114	119	70	120	40	108	146	40	102	74	91	121	153	29	31	48	148	100	128
0	0	0	0	0	0	0	0	0	0	0	0	0	0	0	0	0	0	0	0	0	0	0	0	0	0	0	0	0	0	0	0	0	0	0	0	0	0	0	0	0	0	0	0	0	0	0	0	0	0	0	0	0	0	0	0	0	0	0	0	0	0	0	0	0	0	0	0	0	0	0	0	0	0	0	0	162	34	87	163	87	95	166	75	35	81	119	123	87	66	99	160	126	50	124	71	28	5	64	56	41	169	83	81	143	57	22	10	114	67	145	132	134	116	161	131	63	144	34	159	92	65	91	163	79	140	69	8
0	0	0	0	0	0	0	0	0	0	0	0	0	0	0	0	0	0	0	0	0	0	0	0	0	0	0	0	0	0	0	0	0	0	0	0	0	0	0	0	0	0	0	0	0	0	0	0	0	0	0	0	0	0	0	0	0	0	0	0	0	0	0	0	0	0	0	0	0	0	0	0	0	0	0	0	0	125	96	81	98	43	94	88	169	125	91	86	94	51	32	120	41	19	106	109	142	112	164	164	61	140	72	126	124	69	67	56	159	73	94	51	96	109	126	93	83	145	90	124	69	35	124	192	65	109	140	84
0	0	0	0	0	0	0	0	0	0	0	0	0	0	0	0	0	0	0	0	0	0	0	0	0	0	0	0	0	0	0	0	0	0	0	0	0	0	0	0	0	0	0	0	0	0	0	0	0	0	0	0	0	0	0	0	0	0	0	0	0	0	0	0	0	0	0	0	0	0	0	0	0	0	0	0	0	0	47	120	194	108	165	109	82	93	132	77	150	148	185	23	134	79	143	120	183	154	90	121	105	59	118	107	122	183	78	119	159	51	176	120	33	97	3	113	75	94	149	66	118	86	146	58	81	157	135	54
0	0	0	0	0	0	0	0	0	0	0	0	0	0	0	0	0	0	0	0	0	0	0	0	0	0	0	0	0	0	0	0	0	0	0	0	0	0	0	0	0	0	0	0	0	0	0	0	0	0	0	0	0	0	0	0	0	0	0	0	0	0	0	0	0	0	0	0	0	0	0	0	0	0	0	0	0	0	0	98	45	101	72	66	48	156	88	147	21	160	163	134	102	127	121	133	8	130	111	54	124	118	65	108	47	96	101	102	151	164	96	166	204	66	113	166	89	94	22	112	109	85	113	56	53	31	184	34
0	0	0	0	0	0	0	0	0	0	0	0	0	0	0	0	0	0	0	0	0	0	0	0	0	0	0	0	0	0	0	0	0	0	0	0	0	0	0	0	0	0	0	0	0	0	0	0	0	0	0	0	0	0	0	0	0	0	0	0	0	0	0	0	0	0	0	0	0	0	0	0	0	0	0	0	0	0	0	0	68	75	131	115	19	105	128	122	46	143	98	113	121	35	96	87	173	41	124	76	136	96	97	153	142	112	106	96	125	117	120	128	182	65	123	112	78	92	152	59	94	99	122	187	57	29	123	159
0	0	0	0	0	0	0	0	0	0	0	0	0	0	0	0	0	0	0	0	0	0	0	0	0	0	0	0	0	0	0	0	0	0	0	0	0	0	0	0	0	0	0	0	0	0	0	0	0	0	0	0	0	0	0	0	0	0	0	0	0	0	0	0	0	0	0	0	0	0	0	0	0	0	0	0	0	0	0	0	0	125	52	123	97	166	69	78	127	44	42	130	35	72	35	75	136	122	63	59	124	104	60	41	51	89	165	67	83	70	179	60	139	23	40	146	71	171	20	48	28	98	160	138	116	159	62	127
0	0	0	0	0	0	0	0	0	0	0	0	0	0	0	0	0	0	0	0	0	0	0	0	0	0	0	0	0	0	0	0	0	0	0	0	0	0	0	0	0	0	0	0	0	0	0	0	0	0	0	0	0	0	0	0	0	0	0	0	0	0	0	0	0	0	0	0	0	0	0	0	0	0	0	0	0	0	0	0	0	0	120	85	193	62	82	145	120	103	49	130	86	176	124	38	155	50	109	96	110	136	125	127	72	178	92	49	137	69	33	99	119	115	133	162	85	133	188	137	169	64	174	50	137	73	51	120
0	0	0	0	0	0	0	0	0	0	0	0	0	0	0	0	0	0	0	0	0	0	0	0	0	0	0	0	0	0	0	0	0	0	0	0	0	0	0	0	0	0	0	0	0	0	0	0	0	0	0	0	0	0	0	0	0	0	0	0	0	0	0	0	0	0	0	0	0	0	0	0	0	0	0	0	0	0	0	0	0	0	0	81	101	134	73	145	51	140	70	138	112	7	138	176	27	102	28	126	157	147	141	62	113	44	49	99	119	113	129	128	15	64	190	89	72	103	93	83	121	43	130	76	169	73	105	170
0	0	0	0	0	0	0	0	0	0	0	0	0	0	0	0	0	0	0	0	0	0	0	0	0	0	0	0	0	0	0	0	0	0	0	0	0	0	0	0	0	0	0	0	0	0	0	0	0	0	0	0	0	0	0	0	0	0	0	0	0	0	0	0	0	0	0	0	0	0	0	0	0	0	0	0	0	0	0	0	0	0	0	0	84	107	132	58	65	190	83	136	152	29	140	122	148	125	96	145	61	93	125	75	199	48	135	94	78	27	74	141	45	100	143	20	139	117	169	155	124	81	117	164	127	144	122	85
0	0	0	0	0	0	0	0	0	0	0	0	0	0	0	0	0	0	0	0	0	0	0	0	0	0	0	0	0	0	0	0	0	0	0	0	0	0	0	0	0	0	0	0	0	0	0	0	0	0	0	0	0	0	0	0	0	0	0	0	0	0	0	0	0	0	0	0	0	0	0	0	0	0	0	0	0	0	0	0	0	0	0	0	0	55	69	113	48	58	107	48	26	158	133	93	68	46	127	142	46	19	173	153	131	52	56	86	164	80	72	60	172	141	86	103	145	129	162	103	133	145	56	38	114	64	151	194
0	0	0	0	0	0	0	0	0	0	0	0	0	0	0	0	0	0	0	0	0	0	0	0	0	0	0	0	0	0	0	0	0	0	0	0	0	0	0	0	0	0	0	0	0	0	0	0	0	0	0	0	0	0	0	0	0	0	0	0	0	0	0	0	0	0	0	0	0	0	0	0	0	0	0	0	0	0	0	0	0	0	0	0	0	0	153	64	99	84	150	107	74	119	118	145	174	129	178	165	176	193	49	125	186	129	159	112	9	121	99	109	175	37	99	131	104	142	207	104	56	149	119	164	47	114	141	169
0	0	0	0	0	0	0	0	0	0	0	0	0	0	0	0	0	0	0	0	0	0	0	0	0	0	0	0	0	0	0	0	0	0	0	0	0	0	0	0	0	0	0	0	0	0	0	0	0	0	0	0	0	0	0	0	0	0	0	0	0	0	0	0	0	0	0	0	0	0	0	0	0	0	0	0	0	0	0	0	0	0	0	0	0	0	0	90	129	66	125	116	147	96	197	179	90	180	83	93	60	91	35	172	175	116	114	24	83	76	82	212	60	144	77	140	99	66	124	149	18	138	71	106	157	137	129	184
0	0	0	0	0	0	0	0	0	0	0	0	0	0	0	0	0	0	0	0	0	0	0	0	0	0	0	0	0	0	0	0	0	0	0	0	0	0	0	0	0	0	0	0	0	0	0	0	0	0	0	0	0	0	0	0	0	0	0	0	0	0	0	0	0	0	0	0	0	0	0	0	0	0	0	0	0	0	0	0	0	0	0	0	0	0	0	0	129	95	61	94	173	190	132	191	107	126	116	93	197	78	67	125	152	154	52	165	146	153	190	40	88	96	93	151	65	131	121	97	43	63	28	187	131	97	49	115
0	0	0	0	0	0	0	0	0	0	0	0	0	0	0	0	0	0	0	0	0	0	0	0	0	0	0	0	0	0	0	0	0	0	0	0	0	0	0	0	0	0	0	0	0	0	0	0	0	0	0	0	0	0	0	0	0	0	0	0	0	0	0	0	0	0	0	0	0	0	0	0	0	0	0	0	0	0	0	0	0	0	0	0	0	0	0	0	0	127	123	134	11	154	201	113	30	197	6	55	185	124	114	38	37	49	185	88	64	173	78	108	148	105	160	67	100	32	59	150	6	212	147	141	180	41	120	109
0	0	0	0	0	0	0	0	0	0	0	0	0	0	0	0	0	0	0	0	0	0	0	0	0	0	0	0	0	0	0	0	0	0	0	0	0	0	0	0	0	0	0	0	0	0	0	0	0	0	0	0	0	0	0	0	0	0	0	0	0	0	0	0	0	0	0	0	0	0	0	0	0	0	0	0	0	0	0	0	0	0	0	0	0	0	0	0	0	0	101	125	160	92	34	183	65	145	169	72	109	123	127	66	145	147	106	164	87	129	81	151	49	82	168	84	99	101	148	118	164	133	20	103	97	121	76	107
0	0	0	0	0	0	0	0	0	0	0	0	0	0	0	0	0	0	0	0	0	0	0	0	0	0	0	0	0	0	0	0	0	0	0	0	0	0	0	0	0	0	0	0	0	0	0	0	0	0	0	0	0	0	0	0	0	0	0	0	0	0	0	0	0	0	0	0	0	0	0	0	0	0	0	0	0	0	0	0	0	0	0	0	0	0	0	0	0	0	0	184	185	120	129	110	59	146	88	122	95	136	137	99	53	120	149	155	48	73	87	114	122	108	106	157	52	23	70	79	69	55	122	64	119	136	177	177
0	0	0	0	0	0	0	0	0	0	0	0	0	0	0	0	0	0	0	0	0	0	0	0	0	0	0	0	0	0	0	0	0	0	0	0	0	0	0	0	0	0	0	0	0	0	0	0	0	0	0	0	0	0	0	0	0	0	0	0	0	0	0	0	0	0	0	0	0	0	0	0	0	0	0	0	0	0	0	0	0	0	0	0	0	0	0	0	0	0	0	0	132	14	181	182	161	166	144	111	81	120	143	158	32	115	118	205	99	134	125	186	102	159	121	70	150	168	60	180	92	109	119	201	126	126	200	136
0	0	0	0	0	0	0	0	0	0	0	0	0	0	0	0	0	0	0	0	0	0	0	0	0	0	0	0	0	0	0	0	0	0	0	0	0	0	0	0	0	0	0	0	0	0	0	0	0	0	0	0	0	0	0	0	0	0	0	0	0	0	0	0	0	0	0	0	0	0	0	0	0	0	0	0	0	0	0	0	0	0	0	0	0	0	0	0	0	0	0	0	0	166	76	69	118	60	162	108	102	94	159	30	212	139	83	168	105	23	102	200	23	128	158	83	107	135	130	47	122	105	180	149	21	84	129	109
0	0	0	0	0	0	0	0	0	0	0	0	0	0	0	0	0	0	0	0	0	0	0	0	0	0	0	0	0	0	0	0	0	0	0	0	0	0	0	0	0	0	0	0	0	0	0	0	0	0	0	0	0	0	0	0	0	0	0	0	0	0	0	0	0	0	0	0	0	0	0	0	0	0	0	0	0	0	0	0	0	0	0	0	0	0	0	0	0	0	0	0	0	0	180	171	204	73	153	137	136	87	193	136	160	58	131	112	149	84	41	210	80	149	71	158	115	108	24	63	89	61	179	171	94	99	80	96
0	0	0	0	0	0	0	0	0	0	0	0	0	0	0	0	0	0	0	0	0	0	0	0	0	0	0	0	0	0	0	0	0	0	0	0	0	0	0	0	0	0	0	0	0	0	0	0	0	0	0	0	0	0	0	0	0	0	0	0	0	0	0	0	0	0	0	0	0	0	0	0	0	0	0	0	0	0	0	0	0	0	0	0	0	0	0	0	0	0	0	0	0	0	0	61	155	108	111	74	115	87	74	185	145	110	63	135	170	40	164	124	162	117	132	67	196	49	145	43	91	142	108	116	62	46	97	152
0	0	0	0	0	0	0	0	0	0	0	0	0	0	0	0	0	0	0	0	0	0	0	0	0	0	0	0	0	0	0	0	0	0	0	0	0	0	0	0	0	0	0	0	0	0	0	0	0	0	0	0	0	0	0	0	0	0	0	0	0	0	0	0	0	0	0	0	0	0	0	0	0	0	0	0	0	0	0	0	0	0	0	0	0	0	0	0	0	0	0	0	0	0	0	0	115	118	178	128	63	102	40	143	91	205	98	183	81	98	32	97	76	151	117	178	84	191	6	114	139	39	160	120	110	102	123	69
0	0	0	0	0	0	0	0	0	0	0	0	0	0	0	0	0	0	0	0	0	0	0	0	0	0	0	0	0	0	0	0	0	0	0	0	0	0	0	0	0	0	0	0	0	0	0	0	0	0	0	0	0	0	0	0	0	0	0	0	0	0	0	0	0	0	0	0	0	0	0	0	0	0	0	0	0	0	0	0	0	0	0	0	0	0	0	0	0	0	0	0	0	0	0	0	0	143	12	192	95	141	114	123	161	64	77	125	132	77	128	88	82	118	118	24	33	13	95	81	56	83	84	122	155	100	82	93
0	0	0	0	0	0	0	0	0	0	0	0	0	0	0	0	0	0	0	0	0	0	0	0	0	0	0	0	0	0	0	0	0	0	0	0	0	0	0	0	0	0	0	0	0	0	0	0	0	0	0	0	0	0	0	0	0	0	0	0	0	0	0	0	0	0	0	0	0	0	0	0	0	0	0	0	0	0	0	0	0	0	0	0	0	0	0	0	0	0	0	0	0	0	0	0	0	0	109	129	130	193	148	92	44	118	74	170	34	72	71	84	176	79	69	109	30	131	153	105	74	101	168	70	97	95	156	65
0	0	0	0	0	0	0	0	0	0	0	0	0	0	0	0	0	0	0	0	0	0	0	0	0	0	0	0	0	0	0	0	0	0	0	0	0	0	0	0	0	0	0	0	0	0	0	0	0	0	0	0	0	0	0	0	0	0	0	0	0	0	0	0	0	0	0	0	0	0	0	0	0	0	0	0	0	0	0	0	0	0	0	0	0	0	0	0	0	0	0	0	0	0	0	0	0	0	0	127	199	132	214	128	112	105	139	57	96	137	102	125	205	107	89	138	108	175	148	84	57	125	73	26	113	141	39	71
0	0	0	0	0	0	0	0	0	0	0	0	0	0	0	0	0	0	0	0	0	0	0	0	0	0	0	0	0	0	0	0	0	0	0	0	0	0	0	0	0	0	0	0	0	0	0	0	0	0	0	0	0	0	0	0	0	0	0	0	0	0	0	0	0	0	0	0	0	0	0	0	0	0	0	0	0	0	0	0	0	0	0	0	0	0	0	0	0	0	0	0	0	0	0	0	0	0	0	0	136	103	73	139	165	10	109	86	118	176	24	178	104	122	103	82	145	142	178	139	95	96	153	14	93	222	67	113
0	0	0	0	0	0	0	0	0	0	0	0	0	0	0	0	0	0	0	0	0	0	0	0	0	0	0	0	0	0	0	0	0	0	0	0	0	0	0	0	0	0	0	0	0	0	0	0	0	0	0	0	0	0	0	0	0	0	0	0	0	0	0	0	0	0	0	0	0	0	0	0	0	0	0	0	0	0	0	0	0	0	0	0	0	0	0	0	0	0	0	0	0	0	0	0	0	0	0	0	0	125	116	84	129	79	129	128	164	99	120	105	173	142	102	136	46	116	52	93	101	227	125	96	117	183	186	80
0	0	0	0	0	0	0	0	0	0	0	0	0	0	0	0	0	0	0	0	0	0	0	0	0	0	0	0	0	0	0	0	0	0	0	0	0	0	0	0	0	0	0	0	0	0	0	0	0	0	0	0	0	0	0	0	0	0	0	0	0	0	0	0	0	0	0	0	0	0	0	0	0	0	0	0	0	0	0	0	0	0	0	0	0	0	0	0	0	0	0	0	0	0	0	0	0	0	0	0	0	0	109	59	189	169	147	46	39	87	199	182	111	122	100	119	160	180	162	125	174	141	63	200	78	51	142	224
0	0	0	0	0	0	0	0	0	0	0	0	0	0	0	0	0	0	0	0	0	0	0	0	0	0	0	0	0	0	0	0	0	0	0	0	0	0	0	0	0	0	0	0	0	0	0	0	0	0	0	0	0	0	0	0	0	0	0	0	0	0	0	0	0	0	0	0	0	0	0	0	0	0	0	0	0	0	0	0	0	0	0	0	0	0	0	0	0	0	0	0	0	0	0	0	0	0	0	0	0	0	0	182	36	220	113	147	86	108	194	125	63	119	68	202	122	193	207	91	79	134	116	189	203	76	56	155
0	0	0	0	0	0	0	0	0	0	0	0	0	0	0	0	0	0	0	0	0	0	0	0	0	0	0	0	0	0	0	0	0	0	0	0	0	0	0	0	0	0	0	0	0	0	0	0	0	0	0	0	0	0	0	0	0	0	0	0	0	0	0	0	0	0	0	0	0	0	0	0	0	0	0	0	0	0	0	0	0	0	0	0	0	0	0	0	0	0	0	0	0	0	0	0	0	0	0	0	0	0	0	0	134	109	57	137	131	118	119	119	156	129	198	168	223	197	47	208	77	142	152	187	99	118	203	189
0	0	0	0	0	0	0	0	0	0	0	0	0	0	0	0	0	0	0	0	0	0	0	0	0	0	0	0	0	0	0	0	0	0	0	0	0	0	0	0	0	0	0	0	0	0	0	0	0	0	0	0	0	0	0	0	0	0	0	0	0	0	0	0	0	0	0	0	0	0	0	0	0	0	0	0	0	0	0	0	0	0	0	0	0	0	0	0	0	0	0	0	0	0	0	0	0	0	0	0	0	0	0	0	0	95	61	118	117	105	112	66	149	141	94	96	133	139	28	151	130	140	198	163	147	86	144	87
0	0	0	0	0	0	0	0	0	0	0	0	0	0	0	0	0	0	0	0	0	0	0	0	0	0	0	0	0	0	0	0	0	0	0	0	0	0	0	0	0	0	0	0	0	0	0	0	0	0	0	0	0	0	0	0	0	0	0	0	0	0	0	0	0	0	0	0	0	0	0	0	0	0	0	0	0	0	0	0	0	0	0	0	0	0	0	0	0	0	0	0	0	0	0	0	0	0	0	0	0	0	0	0	0	0	148	125	106	123	136	109	90	62	27	34	89	132	118	51	192	128	80	30	188	36	192	129
0	0	0	0	0	0	0	0	0	0	0	0	0	0	0	0	0	0	0	0	0	0	0	0	0	0	0	0	0	0	0	0	0	0	0	0	0	0	0	0	0	0	0	0	0	0	0	0	0	0	0	0	0	0	0	0	0	0	0	0	0	0	0	0	0	0	0	0	0	0	0	0	0	0	0	0	0	0	0	0	0	0	0	0	0	0	0	0	0	0	0	0	0	0	0	0	0	0	0	0	0	0	0	0	0	0	0	188	90	100	121	153	113	61	88	90	60	51	105	163	123	145	44	86	108	36	154	131
0	0	0	0	0	0	0	0	0	0	0	0	0	0	0	0	0	0	0	0	0	0	0	0	0	0	0	0	0	0	0	0	0	0	0	0	0	0	0	0	0	0	0	0	0	0	0	0	0	0	0	0	0	0	0	0	0	0	0	0	0	0	0	0	0	0	0	0	0	0	0	0	0	0	0	0	0	0	0	0	0	0	0	0	0	0	0	0	0	0	0	0	0	0	0	0	0	0	0	0	0	0	0	0	0	0	0	0	108	118	126	159	86	19	141	119	100	197	115	50	72	154	186	116	121	106	111	218
0	0	0	0	0	0	0	0	0	0	0	0	0	0	0	0	0	0	0	0	0	0	0	0	0	0	0	0	0	0	0	0	0	0	0	0	0	0	0	0	0	0	0	0	0	0	0	0	0	0	0	0	0	0	0	0	0	0	0	0	0	0	0	0	0	0	0	0	0	0	0	0	0	0	0	0	0	0	0	0	0	0	0	0	0	0	0	0	0	0	0	0	0	0	0	0	0	0	0	0	0	0	0	0	0	0	0	0	0	139	80	126	90	102	141	125	148	101	128	104	20	142	153	133	127	44	114	136
0	0	0	0	0	0	0	0	0	0	0	0	0	0	0	0	0	0	0	0	0	0	0	0	0	0	0	0	0	0	0	0	0	0	0	0	0	0	0	0	0	0	0	0	0	0	0	0	0	0	0	0	0	0	0	0	0	0	0	0	0	0	0	0	0	0	0	0	0	0	0	0	0	0	0	0	0	0	0	0	0	0	0	0	0	0	0	0	0	0	0	0	0	0	0	0	0	0	0	0	0	0	0	0	0	0	0	0	0	0	87	67	85	105	12	177	162	125	156	90	181	172	186	155	169	157	85	115
0	0	0	0	0	0	0	0	0	0	0	0	0	0	0	0	0	0	0	0	0	0	0	0	0	0	0	0	0	0	0	0	0	0	0	0	0	0	0	0	0	0	0	0	0	0	0	0	0	0	0	0	0	0	0	0	0	0	0	0	0	0	0	0	0	0	0	0	0	0	0	0	0	0	0	0	0	0	0	0	0	0	0	0	0	0	0	0	0	0	0	0	0	0	0	0	0	0	0	0	0	0	0	0	0	0	0	0	0	0	0	34	145	42	122	87	28	103	87	112	82	107	59	96	141	179	117	211
0	0	0	0	0	0	0	0	0	0	0	0	0	0	0	0	0	0	0	0	0	0	0	0	0	0	0	0	0	0	0	0	0	0	0	0	0	0	0	0	0	0	0	0	0	0	0	0	0	0	0	0	0	0	0	0	0	0	0	0	0	0	0	0	0	0	0	0	0	0	0	0	0	0	0	0	0	0	0	0	0	0	0	0	0	0	0	0	0	0	0	0	0	0	0	0	0	0	0	0	0	0	0	0	0	0	0	0	0	0	0	0	161	122	104	73	73	30	55	39	65	146	59	163	208	82	54	76
0	0	0	0	0	0	0	0	0	0	0	0	0	0	0	0	0	0	0	0	0	0	0	0	0	0	0	0	0	0	0	0	0	0	0	0	0	0	0	0	0	0	0	0	0	0	0	0	0	0	0	0	0	0	0	0	0	0	0	0	0	0	0	0	0	0	0	0	0	0	0	0	0	0	0	0	0	0	0	0	0	0	0	0	0	0	0	0	0	0	0	0	0	0	0	0	0	0	0	0	0	0	0	0	0	0	0	0	0	0	0	0	0	141	75	143	173	122	116	96	171	222	28	81	77	133	152	126
0	0	0	0	0	0	0	0	0	0	0	0	0	0	0	0	0	0	0	0	0	0	0	0	0	0	0	0	0	0	0	0	0	0	0	0	0	0	0	0	0	0	0	0	0	0	0	0	0	0	0	0	0	0	0	0	0	0	0	0	0	0	0	0	0	0	0	0	0	0	0	0	0	0	0	0	0	0	0	0	0	0	0	0	0	0	0	0	0	0	0	0	0	0	0	0	0	0	0	0	0	0	0	0	0	0	0	0	0	0	0	0	0	0	151	82	11	30	72	209	142	203	99	48	135	167	118	83
0	0	0	0	0	0	0	0	0	0	0	0	0	0	0	0	0	0	0	0	0	0	0	0	0	0	0	0	0	0	0	0	0	0	0	0	0	0	0	0	0	0	0	0	0	0	0	0	0	0	0	0	0	0	0	0	0	0	0	0	0	0	0	0	0	0	0	0	0	0	0	0	0	0	0	0	0	0	0	0	0	0	0	0	0	0	0	0	0	0	0	0	0	0	0	0	0	0	0	0	0	0	0	0	0	0	0	0	0	0	0	0	0	0	0	116	146	109	59	135	187	147	30	129	141	139	63	106
0	0	0	0	0	0	0	0	0	0	0	0	0	0	0	0	0	0	0	0	0	0	0	0	0	0	0	0	0	0	0	0	0	0	0	0	0	0	0	0	0	0	0	0	0	0	0	0	0	0	0	0	0	0	0	0	0	0	0	0	0	0	0	0	0	0	0	0	0	0	0	0	0	0	0	0	0	0	0	0	0	0	0	0	0	0	0	0	0	0	0	0	0	0	0	0	0	0	0	0	0	0	0	0	0	0	0	0	0	0	0	0	0	0	0	0	130	118	162	115	186	84	55	94	135	116	36	97
0	0	0	0	0	0	0	0	0	0	0	0	0	0	0	0	0	0	0	0	0	0	0	0	0	0	0	0	0	0	0	0	0	0	0	0	0	0	0	0	0	0	0	0	0	0	0	0	0	0	0	0	0	0	0	0	0	0	0	0	0	0	0	0	0	0	0	0	0	0	0	0	0	0	0	0	0	0	0	0	0	0	0	0	0	0	0	0	0	0	0	0	0	0	0	0	0	0	0	0	0	0	0	0	0	0	0	0	0	0	0	0	0	0	0	0	0	74	87	126	143	116	72	127	44	210	90	59
0	0	0	0	0	0	0	0	0	0	0	0	0	0	0	0	0	0	0	0	0	0	0	0	0	0	0	0	0	0	0	0	0	0	0	0	0	0	0	0	0	0	0	0	0	0	0	0	0	0	0	0	0	0	0	0	0	0	0	0	0	0	0	0	0	0	0	0	0	0	0	0	0	0	0	0	0	0	0	0	0	0	0	0	0	0	0	0	0	0	0	0	0	0	0	0	0	0	0	0	0	0	0	0	0	0	0	0	0	0	0	0	0	0	0	0	0	0	164	147	58	9	206	89	69	151	126	142
0	0	0	0	0	0	0	0	0	0	0	0	0	0	0	0	0	0	0	0	0	0	0	0	0	0	0	0	0	0	0	0	0	0	0	0	0	0	0	0	0	0	0	0	0	0	0	0	0	0	0	0	0	0	0	0	0	0	0	0	0	0	0	0	0	0	0	0	0	0	0	0	0	0	0	0	0	0	0	0	0	0	0	0	0	0	0	0	0	0	0	0	0	0	0	0	0	0	0	0	0	0	0	0	0	0	0	0	0	0	0	0	0	0	0	0	0	0	0	103	120	242	112	121	132	200	112	129
0	0	0	0	0	0	0	0	0	0	0	0	0	0	0	0	0	0	0	0	0	0	0	0	0	0	0	0	0	0	0	0	0	0	0	0	0	0	0	0	0	0	0	0	0	0	0	0	0	0	0	0	0	0	0	0	0	0	0	0	0	0	0	0	0	0	0	0	0	0	0	0	0	0	0	0	0	0	0	0	0	0	0	0	0	0	0	0	0	0	0	0	0	0	0	0	0	0	0	0	0	0	0	0	0	0	0	0	0	0	0	0	0	0	0	0	0	0	0	0	158	152	73	117	82	142	155	24
0	0	0	0	0	0	0	0	0	0	0	0	0	0	0	0	0	0	0	0	0	0	0	0	0	0	0	0	0	0	0	0	0	0	0	0	0	0	0	0	0	0	0	0	0	0	0	0	0	0	0	0	0	0	0	0	0	0	0	0	0	0	0	0	0	0	0	0	0	0	0	0	0	0	0	0	0	0	0	0	0	0	0	0	0	0	0	0	0	0	0	0	0	0	0	0	0	0	0	0	0	0	0	0	0	0	0	0	0	0	0	0	0	0	0	0	0	0	0	0	0	117	53	31	69	115	77	137
0	0	0	0	0	0	0	0	0	0	0	0	0	0	0	0	0	0	0	0	0	0	0	0	0	0	0	0	0	0	0	0	0	0	0	0	0	0	0	0	0	0	0	0	0	0	0	0	0	0	0	0	0	0	0	0	0	0	0	0	0	0	0	0	0	0	0	0	0	0	0	0	0	0	0	0	0	0	0	0	0	0	0	0	0	0	0	0	0	0	0	0	0	0	0	0	0	0	0	0	0	0	0	0	0	0	0	0	0	0	0	0	0	0	0	0	0	0	0	0	0	0	137	147	133	122	65	89
0	0	0	0	0	0	0	0	0	0	0	0	0	0	0	0	0	0	0	0	0	0	0	0	0	0	0	0	0	0	0	0	0	0	0	0	0	0	0	0	0	0	0	0	0	0	0	0	0	0	0	0	0	0	0	0	0	0	0	0	0	0	0	0	0	0	0	0	0	0	0	0	0	0	0	0	0	0	0	0	0	0	0	0	0	0	0	0	0	0	0	0	0	0	0	0	0	0	0	0	0	0	0	0	0	0	0	0	0	0	0	0	0	0	0	0	0	0	0	0	0	0	0	92	109	153	104	92
0	0	0	0	0	0	0	0	0	0	0	0	0	0	0	0	0	0	0	0	0	0	0	0	0	0	0	0	0	0	0	0	0	0	0	0	0	0	0	0	0	0	0	0	0	0	0	0	0	0	0	0	0	0	0	0	0	0	0	0	0	0	0	0	0	0	0	0	0	0	0	0	0	0	0	0	0	0	0	0	0	0	0	0	0	0	0	0	0	0	0	0	0	0	0	0	0	0	0	0	0	0	0	0	0	0	0	0	0	0	0	0	0	0	0	0	0	0	0	0	0	0	0	0	151	138	188	123
0	0	0	0	0	0	0	0	0	0	0	0	0	0	0	0	0	0	0	0	0	0	0	0	0	0	0	0	0	0	0	0	0	0	0	0	0	0	0	0	0	0	0	0	0	0	0	0	0	0	0	0	0	0	0	0	0	0	0	0	0	0	0	0	0	0	0	0	0	0	0	0	0	0	0	0	0	0	0	0	0	0	0	0	0	0	0	0	0	0	0	0	0	0	0	0	0	0	0	0	0	0	0	0	0	0	0	0	0	0	0	0	0	0	0	0	0	0	0	0	0	0	0	0	0	71	69	169
0	0	0	0	0	0	0	0	0	0	0	0	0	0	0	0	0	0	0	0	0	0	0	0	0	0	0	0	0	0	0	0	0	0	0	0	0	0	0	0	0	0	0	0	0	0	0	0	0	0	0	0	0	0	0	0	0	0	0	0	0	0	0	0	0	0	0	0	0	0	0	0	0	0	0	0	0	0	0	0	0	0	0	0	0	0	0	0	0	0	0	0	0	0	0	0	0	0	0	0	0	0	0	0	0	0	0	0	0	0	0	0	0	0	0	0	0	0	0	0	0	0	0	0	0	0	121	218
0	0	0	0	0	0	0	0	0	0	0	0	0	0	0	0	0	0	0	0	0	0	0	0	0	0	0	0	0	0	0	0	0	0	0	0	0	0	0	0	0	0	0	0	0	0	0	0	0	0	0	0	0	0	0	0	0	0	0	0	0	0	0	0	0	0	0	0	0	0	0	0	0	0	0	0	0	0	0	0	0	0	0	0	0	0	0	0	0	0	0	0	0	0	0	0	0	0	0	0	0	0	0	0	0	0	0	0	0	0	0	0	0	0	0	0	0	0	0	0	0	0	0	0	0	0	0	118
0	0	0	0	0	0	0	0	0	0	0	0	0	0	0	0	0	0	0	0	0	0	0	0	0	0	0	0	0	0	0	0	0	0	0	0	0	0	0	0	0	0	0	0	0	0	0	0	0	0	0	0	0	0	0	0	0	0	0	0	0	0	0	0	0	0	0	0	0	0	0	0	0	0	0	0	0	0	0	0	0	0	0	0	0	0	0	0	0	0	0	0	0	0	0	0	0	0	0	0	0	0	0	0	0	0	0	0	0	0	0	0	0	0	0	0	0	0	0	0	0	0	0	0	0	0	0	0