0	45	93	37	92	120	51	124	38	18	39	60	27	122	96	53	88	117	75	94	57	4	117	20	96	82	113	34	88	12	86	90	5	91	72	53	64	86	99	68	32	111	124	71	25	78	70	47	57	40	74	44	25	19	122	22	91	119	49	115	118	110	42	79	37	56	64	49	70	24	42	15	74	50	111	63	96	83	115	81	128	69	10	12	33	65	58	38	3	57	94	48	58	93	18	62	65	13	114	64	16	46	47	41	16	116	88	42	47	102	89	97	101	79	68	111	11	60	47	41	107	31	75	97	106	6	30	44
0	0	25	3	28	98	84	104	110	117	96	27	46	71	22	110	10	13	75	9	16	43	87	85	8	116	105	2	127	95	27	68	39	35	96	71	90	129	76	35	123	99	35	28	77	96	58	114	20	103	76	51	109	84	62	88	104	75	60	64	80	54	105	87	27	31	78	23	119	47	29	47	26	59	113	49	61	93	79	3	48	53	88	118	43	78	4	93	26	19	118	24	70	106	9	102	97	62	2	23	59	108	61	84	22	78	48	17	20	24	106	18	29	47	14	51	4	112	11	27	79	79	79	103	26	7	26	73
0	0	0	113	70	79	84	62	61	17	56	98	51	70	83	62	126	112	112	16	15	71	56	104	102	5	129	26	69	83	28	49	56	101	125	6	99	115	76	62	100	74	80	14	11	74	64	12	18	87	16	88	101	49	38	38	4	93	124	39	92	6	38	101	5	23	25	107	24	114	55	61	37	9	73	70	12	16	24	18	93	108	48	15	92	74	110	41	80	30	57	81	129	82	70	36	9	118	129	107	52	8	33	67	4	78	83	121	75	120	80	78	68	38	107	17	99	26	22	101	96	107	110	5	112	69	9	126
0	0	0	0	119	95	64	28	123	113	73	109	16	86	117	20	117	101	100	39	58	129	4	5	42	35	97	129	30	13	21	90	73	37	85	126	66	110	52	101	7	115	32	131	114	89	72	85	27	72	22	62	79	37	95	110	34	79	121	53	39	84	129	24	114	100	75	56	27	17	90	121	77	35	6	49	44	15	66	87	91	94	25	124	33	36	79	13	55	118	37	12	39	66	75	88	14	29	97	119	43	72	119	15	70	115	85	8	62	79	104	125	54	104	80	37	48	111	67	81	26	17	64	102	62	50	18	109
0	0	0	0	0	120	129	10	104	112	124	40	119	70	20	34	127	9	98	110	2	99	74	84	90	102	31	125	101	39	106	41	4	31	86	7	58	77	24	65	24	121	75	91	17	20	27	48	94	22	125	66	90	104	97	24	58	45	74	28	10	54	40	59	63	104	110	16	42	37	45	108	83	106	61	105	76	133	11	55	20	8	52	80	87	87	80	70	6	102	97	74	19	73	30	116	21	99	81	28	87	21	103	4	32	38	24	73	18	35	75	33	123	41	46	28	48	16	87	54	19	66	12	65	91	101	25	47
0	0	0	0	0	0	79	40	109	85	72	71	52	70	8	45	9	129	32	61	45	25	117	23	76	123	74	64	22	28	102	28	55	33	33	124	84	47	56	28	124	52	18	89	81	84	37	56	46	78	89	31	124	54	72	131	35	122	116	25	105	103	58	112	9	118	24	11	42	31	121	129	30	129	82	124	110	125	9	54	73	79	18	73	17	129	44	10	39	121	72	20	48	106	84	5	25	32	125	104	27	113	127	131	94	107	91	29	103	70	61	128	27	67	40	10	20	14	80	5	79	86	54	74	41	128	110	24
0	0	0	0	0	0	0	32	57	73	10	105	86	39	56	115	34	76	60	97	113	63	56	110	67	30	39	71	118	9	127	123	9	86	10	110	19	91	86	124	74	25	66	48	60	127	23	30	71	55	20	83	102	79	127	32	103	69	50	94	69	28	21	70	12	19	20	107	85	112	54	76	79	80	53	58	113	58	84	73	25	49	41	11	18	122	113	123	10	22	21	67	123	99	23	126	7	98	118	92	40	99	21	124	79	42	64	92	99	103	21	17	90	23	133	115	82	59	93	103	23	98	88	85	7	17	18	31
0	0	0	0	0	0	0	0	62	51	90	101	132	75	56	83	128	68	9	26	116	9	58	3	105	12	34	115	78	126	51	17	117	35	44	51	60	118	69	83	91	88	46	98	88	73	62	14	108	74	89	44	65	32	27	19	31	70	130	50	116	24	14	59	56	76	8	130	98	73	91	120	119	117	118	109	80	116	33	12	85	4	25	31	80	2	91	75	32	56	57	50	111	53	84	46	116	60	82	22	46	91	85	135	65	123	133	51	19	121	12	14	69	36	51	37	74	19	17	104	69	44	126	95	88	16	101	52
0	0	0	0	0	0	0	0	0	117	78	22	78	114	127	123	62	82	108	88	86	40	99	37	92	39	127	67	53	47	49	111	115	18	91	105	68	4	21	68	101	73	62	72	114	8	13	60	121	37	23	63	104	47	126	12	37	76	135	42	86	17	18	116	25	107	102	36	60	7	89	88	52	117	80	122	57	71	60	17	94	52	26	42	53	22	25	126	111	28	96	85	38	94	72	103	56	30	78	104	85	123	108	107	99	48	31	93	31	83	40	63	45	29	71	112	69	14	49	133	9	131	57	66	46	25	75	50
0	0	0	0	0	0	0	0	0	0	120	132	128	110	123	80	104	81	15	56	110	70	98	7	83	101	29	106	87	87	88	5	19	56	126	28	15	16	95	13	94	14	131	35	77	60	31	6	98	22	121	104	48	36	94	12	3	20	134	66	20	19	40	94	85	111	31	94	76	63	87	66	105	80	32	119	104	80	28	46	68	87	39	89	94	12	80	25	98	103	129	6	108	105	105	90	121	54	23	10	61	41	48	106	83	9	127	114	19	118	125	129	50	132	39	32	54	127	18	17	79	82	79	94	34	113	95	34
0	0	0	0	0	0	0	0	0	0	0	99	122	33	56	38	78	87	7	19	26	93	41	53	42	135	12	65	98	77	85	58	108	91	17	16	78	32	132	78	128	46	18	131	134	106	33	101	20	110	42	65	29	118	12	127	51	127	57	108	46	32	20	38	62	25	58	80	122	31	36	105	69	79	64	18	47	24	41	68	29	55	23	99	65	125	69	108	106	23	87	134	117	111	48	106	62	37	79	6	110	92	97	51	11	77	91	39	69	56	90	40	68	100	27	50	46	131	99	104	47	120	16	74	106	118	69	40
0	0	0	0	0	0	0	0	0	0	0	0	111	46	101	123	46	113	22	44	50	85	128	66	75	88	103	11	86	79	31	16	81	3	83	127	106	52	123	83	102	12	13	90	21	53	129	89	82	79	41	59	64	110	135	77	94	19	75	65	64	91	75	82	64	24	20	20	110	21	96	40	116	32	73	126	138	97	113	27	104	130	9	54	131	98	48	57	24	74	95	119	79	37	79	46	95	73	129	56	88	44	98	104	97	120	44	26	102	31	120	16	52	125	138	50	34	126	92	77	85	20	59	80	4	130	135	105
0	0	0	0	0	0	0	0	0	0	0	0	0	112	119	122	53	74	87	73	105	15	14	24	12	130	69	123	39	22	17	42	126	85	99	17	65	103	128	57	82	69	122	75	67	125	27	56	105	99	94	33	122	123	120	61	88	15	88	65	70	39	92	54	59	80	97	86	111	94	102	101	44	120	19	97	131	58	86	86	111	105	49	127	101	36	137	64	36	78	40	37	58	78	8	87	92	46	129	50	36	24	36	59	125	87	31	123	122	89	102	125	115	72	65	80	82	46	116	83	61	39	60	50	88	24	102	35
0	0	0	0	0	0	0	0	0	0	0	0	0	0	96	59	102	109	139	40	81	18	57	86	93	85	94	31	60	20	63	32	44	29	103	54	110	82	72	21	115	105	67	43	65	102	83	65	41	60	16	137	101	54	54	32	62	99	51	95	97	44	137	129	109	25	76	138	78	120	90	78	93	55	128	126	18	24	111	121	8	122	98	66	102	94	101	121	96	43	80	62	30	20	74	22	60	122	40	34	38	91	95	82	10	109	91	104	15	10	75	128	52	107	131	106	64	16	114	121	92	108	38	85	71	53	65	95
0	0	0	0	0	0	0	0	0	0	0	0	0	0	0	89	64	43	37	84	48	89	35	68	132	137	85	17	108	86	5	35	44	137	136	96	49	111	70	79	61	53	35	33	4	129	93	124	116	58	121	45	59	37	134	107	55	23	58	124	111	81	37	58	124	140	25	58	93	74	115	87	115	111	106	16	54	32	83	107	62	58	16	30	9	61	37	81	20	128	47	128	38	47	61	47	26	25	107	36	68	38	128	121	41	87	31	86	28	108	85	94	125	23	56	16	57	94	68	59	22	125	33	47	104	15	54	32
0	0	0	0	0	0	0	0	0	0	0	0	0	0	0	0	6	29	47	79	44	125	58	5	81	47	125	112	100	19	25	32	29	28	19	112	92	80	79	54	69	11	38	102	36	39	65	44	126	57	24	15	102	76	62	22	52	65	30	141	80	79	38	61	56	133	55	70	84	74	85	115	47	103	17	23	94	65	68	40	42	79	59	118	30	47	46	118	87	31	131	67	30	106	68	95	110	70	15	133	119	46	24	118	63	96	111	44	2	40	113	120	109	48	28	70	30	55	100	128	135	86	67	112	22	71	42	86
0	0	0	0	0	0	0	0	0	0	0	0	0	0	0	0	0	22	37	50	83	111	105	133	83	91	92	48	107	83	101	73	71	117	90	134	17	106	53	52	71	78	15	53	20	114	55	105	74	80	79	77	54	75	89	35	26	10	142	86	68	58	32	61	142	132	82	86	126	42	74	131	19	77	122	88	34	63	23	134	121	54	10	79	73	87	61	96	68	11	31	133	132	109	4	44	128	37	10	20	109	127	112	65	86	15	74	36	109	107	28	11	21	73	122	122	22	43	96	26	87	121	44	36	128	13	17	143
0	0	0	0	0	0	0	0	0	0	0	0	0	0	0	0	0	0	28	85	88	75	134	45	59	84	98	101	117	92	72	18	6	72	30	123	106	14	60	95	118	115	96	58	76	40	41	121	83	35	45	146	17	59	60	92	118	57	44	91	133	112	48	97	77	13	24	80	133	50	103	51	141	90	83	132	25	121	116	2	93	123	67	83	28	81	24	109	19	49	81	112	62	126	85	114	119	57	93	34	38	86	132	86	54	64	74	125	61	101	53	94	34	73	71	56	119	75	10	113	129	14	129	83	44	59	29	24
0	0	0	0	0	0	0	0	0	0	0	0	0	0	0	0	0	0	0	94	68	60	94	80	121	19	112	33	44	52	107	124	36	62	111	31	58	52	46	103	84	93	122	16	96	65	40	76	20	56	100	110	38	84	106	47	17	65	17	30	99	53	85	78	31	57	25	139	96	139	10	48	87	41	22	38	78	20	62	120	55	106	63	31	18	106	113	48	90	14	72	86	101	3	99	82	22	126	62	143	122	110	47	56	53	47	34	83	112	90	131	54	22	128	12	26	17	81	35	102	84	30	34	136	29	40	79	19
0	0	0	0	0	0	0	0	0	0	0	0	0	0	0	0	0	0	0	0	146	48	42	17	84	71	115	118	94	70	127	43	100	114	25	35	113	27	89	50	112	46	56	123	49	35	92	60	103	18	32	88	88	67	7	72	43	133	65	19	102	47	81	83	146	131	66	99	59	119	79	42	35	8	35	111	59	97	77	50	66	43	24	30	16	64	122	24	93	43	28	67	123	14	108	65	12	55	87	95	91	107	98	89	110	134	67	132	6	99	61	53	114	45	23	94	73	82	35	75	72	66	88	21	109	121	133	86
0	0	0	0	0	0	0	0	0	0	0	0	0	0	0	0	0	0	0	0	0	46	69	124	117	84	106	64	26	75	139	56	76	122	51	104	37	128	14	100	64	61	38	88	24	63	128	82	47	119	49	43	51	13	18	42	47	91	128	86	138	113	93	23	52	58	87	119	117	71	102	36	69	21	95	43	59	39	132	70	77	118	143	64	39	61	86	25	58	103	38	47	126	135	25	135	113	57	84	125	58	13	112	40	36	106	122	86	40	33	45	87	104	33	114	64	65	75	77	23	81	126	15	144	111	71	110	57
0	0	0	0	0	0	0	0	0	0	0	0	0	0	0	0	0	0	0	0	0	0	104	59	31	39	111	59	98	111	12	109	109	96	42	101	140	30	59	77	70	123	95	61	83	92	27	9	63	123	58	20	24	88	91	52	66	63	107	132	16	123	138	54	64	96	122	100	87	22	93	28	77	30	21	27	27	51	73	30	137	30	135	95	136	44	145	73	98	68	123	90	94	124	124	38	17	41	40	43	88	74	104	71	140	29	76	80	110	91	36	50	92	25	126	22	118	138	70	44	65	94	44	116	30	127	68	68
0	0	0	0	0	0	0	0	0	0	0	0	0	0	0	0	0	0	0	0	0	0	0	39	18	63	67	77	33	118	67	33	143	108	21	124	111	29	50	54	48	55	106	6	26	67	63	103	122	140	90	61	49	62	105	121	24	65	79	69	16	102	44	18	59	50	33	71	27	37	103	112	60	29	104	122	100	48	86	53	41	108	140	71	70	127	68	18	89	78	103	132	86	7	89	68	125	137	22	51	102	41	57	146	55	81	53	123	26	31	39	37	18	142	78	102	60	84	76	104	133	133	89	113	74	135	100	93
0	0	0	0	0	0	0	0	0	0	0	0	0	0	0	0	0	0	0	0	0	0	0	0	84	72	40	31	40	30	137	87	134	22	27	118	119	75	16	136	109	114	91	30	36	19	73	82	130	42	77	68	112	78	64	49	42	72	55	99	133	63	92	119	133	84	68	66	68	129	59	25	65	103	72	116	40	14	35	115	137	48	32	34	132	11	22	128	140	46	78	85	90	46	59	47	47	132	109	65	2	24	119	54	46	109	9	132	21	127	47	90	91	41	118	63	37	80	116	93	58	89	121	36	40	42	119	35
0	0	0	0	0	0	0	0	0	0	0	0	0	0	0	0	0	0	0	0	0	0	0	0	0	52	132	107	35	73	98	132	105	88	75	23	65	134	47	62	93	128	14	99	118	39	133	127	45	138	140	105	72	86	111	40	22	63	79	97	90	55	4	66	133	108	58	140	120	117	129	111	119	44	65	85	124	98	62	13	8	129	61	122	89	107	12	38	30	127	53	143	126	80	99	125	127	62	63	129	114	91	40	24	124	43	58	72	40	25	127	31	118	124	131	99	101	93	43	32	78	65	142	49	121	17	91	71
0	0	0	0	0	0	0	0	0	0	0	0	0	0	0	0	0	0	0	0	0	0	0	0	0	0	29	119	118	108	72	52	37	145	61	39	88	99	64	87	98	74	83	63	39	133	27	92	126	114	33	130	67	20	146	65	15	25	90	109	65	80	77	78	54	59	102	42	31	55	34	92	121	94	95	119	39	85	53	46	121	9	35	137	20	83	63	114	74	28	100	20	19	127	82	58	86	78	45	112	56	89	152	77	47	70	78	89	38	135	40	32	75	134	21	134	109	94	118	88	57	140	77	51	57	112	32	83
0	0	0	0	0	0	0	0	0	0	0	0	0	0	0	0	0	0	0	0	0	0	0	0	0	0	0	116	116	85	23	59	68	76	69	100	118	73	99	46	95	143	30	67	43	105	41	21	22	131	86	88	34	127	92	38	100	65	79	110	50	53	32	107	35	83	145	113	82	144	106	54	98	82	101	30	112	131	136	100	45	75	58	95	9	72	94	76	49	146	27	31	62	83	87	131	130	58	112	102	113	89	130	81	41	96	100	93	33	77	131	20	99	17	27	37	23	52	132	123	126	135	52	18	45	84	82	130
0	0	0	0	0	0	0	0	0	0	0	0	0	0	0	0	0	0	0	0	0	0	0	0	0	0	0	0	50	28	50	39	134	48	58	29	29	125	74	14	54	23	53	134	112	107	115	119	23	120	38	59	42	129	27	75	38	106	138	74	55	51	47	130	73	9	131	105	143	150	101	9	103	123	121	20	46	125	105	77	101	39	32	28	88	79	64	50	73	50	131	120	132	61	121	52	64	66	108	43	27	131	75	109	68	72	48	80	71	10	48	32	92	11	94	120	84	36	44	142	57	31	47	78	142	64	63	84
0	0	0	0	0	0	0	0	0	0	0	0	0	0	0	0	0	0	0	0	0	0	0	0	0	0	0	0	0	96	48	103	144	36	55	58	94	100	114	104	140	91	75	65	21	148	30	43	68	81	25	59	61	142	84	74	12	75	54	64	19	103	98	95	87	63	135	78	129	116	79	37	124	106	64	42	121	115	107	66	28	71	85	13	115	96	142	68	120	87	40	114	98	77	22	146	31	66	42	32	107	107	70	53	131	138	104	84	14	91	112	121	71	88	74	29	141	51	42	99	72	116	96	135	100	13	119	100
0	0	0	0	0	0	0	0	0	0	0	0	0	0	0	0	0	0	0	0	0	0	0	0	0	0	0	0	0	0	16	73	139	18	22	72	56	64	78	80	132	91	57	18	46	18	27	135	74	121	132	74	126	94	106	111	101	99	60	24	98	93	109	72	62	80	123	111	87	101	68	65	62	77	46	127	60	144	72	124	63	45	81	51	98	55	109	109	129	110	32	108	130	98	41	74	123	21	36	76	91	101	24	53	125	123	118	51	120	49	44	57	134	58	46	117	50	9	93	76	123	33	128	32	112	113	63	68
0	0	0	0	0	0	0	0	0	0	0	0	0	0	0	0	0	0	0	0	0	0	0	0	0	0	0	0	0	0	0	85	36	113	72	24	115	60	85	108	82	129	74	11	123	41	58	134	104	69	15	40	37	96	11	89	71	84	71	77	20	96	20	41	97	110	138	41	79	97	85	151	45	48	14	113	150	62	109	138	105	48	132	47	29	13	66	103	137	97	23	110	79	110	106	122	42	74	126	9	97	20	68	106	36	115	77	96	76	99	119	35	117	101	93	75	123	143	111	80	52	103	47	127	26	109	46	52
0	0	0	0	0	0	0	0	0	0	0	0	0	0	0	0	0	0	0	0	0	0	0	0	0	0	0	0	0	0	0	0	23	75	56	103	47	34	144	113	97	38	44	117	47	23	71	65	129	45	70	104	33	100	6	58	18	88	106	123	84	144	77	48	125	91	91	82	48	52	122	95	54	59	31	108	71	28	112	153	55	58	101	44	69	152	81	146	74	58	57	119	103	92	59	90	84	135	91	137	118	136	32	118	76	75	54	64	98	42	111	102	135	124	98	87	75	77	81	64	76	46	124	72	60	99	86	81
0	0	0	0	0	0	0	0	0	0	0	0	0	0	0	0	0	0	0	0	0	0	0	0	0	0	0	0	0	0	0	0	0	15	25	23	109	56	37	119	99	108	29	127	115	83	104	45	52	89	56	142	88	125	53	142	64	118	85	144	27	69	150	46	50	135	43	15	49	133	152	44	67	46	99	26	73	79	16	63	57	42	115	130	41	159	67	44	103	64	103	93	86	25	73	113	49	18	117	66	94	151	74	80	83	68	106	67	126	85	111	65	145	77	113	22	140	91	115	122	68	107	48	84	60	34	137	50
0	0	0	0	0	0	0	0	0	0	0	0	0	0	0	0	0	0	0	0	0	0	0	0	0	0	0	0	0	0	0	0	0	0	19	125	112	152	32	104	132	121	53	79	53	71	124	42	118	139	104	122	20	112	144	24	77	64	49	100	85	46	32	85	95	41	127	73	46	56	73	116	24	61	87	42	60	54	47	142	57	81	47	44	72	121	128	51	30	34	17	22	80	125	39	145	99	118	45	153	63	67	94	82	148	81	136	92	135	113	50	111	80	125	50	26	129	35	142	64	37	38	130	133	105	90	86	74
0	0	0	0	0	0	0	0	0	0	0	0	0	0	0	0	0	0	0	0	0	0	0	0	0	0	0	0	0	0	0	0	0	0	0	99	126	35	47	48	118	32	109	28	121	30	101	59	106	86	116	24	37	93	61	74	25	68	102	32	145	65	136	96	126	74	109	113	58	46	131	81	70	125	135	133	67	78	47	58	102	102	63	36	44	125	101	113	59	63	20	92	126	128	61	29	41	126	121	74	109	84	21	71	118	139	121	54	111	105	116	128	120	142	162	85	86	92	56	17	77	61	47	113	127	69	62	160
0	0	0	0	0	0	0	0	0	0	0	0	0	0	0	0	0	0	0	0	0	0	0	0	0	0	0	0	0	0	0	0	0	0	0	0	88	55	19	56	44	22	103	125	122	67	33	131	39	127	127	88	139	40	110	71	125	87	60	125	69	127	137	102	93	125	138	139	73	44	98	60	115	94	155	158	141	96	83	135	72	149	71	19	73	27	140	66	122	42	52	101	29	94	65	48	119	118	95	16	103	27	45	67	21	54	72	39	99	141	53	90	106	118	47	61	100	68	106	121	42	86	124	77	153	95	105	57
0	0	0	0	0	0	0	0	0	0	0	0	0	0	0	0	0	0	0	0	0	0	0	0	0	0	0	0	0	0	0	0	0	0	0	0	0	94	67	65	59	83	132	55	14	145	115	126	127	20	145	128	145	115	48	18	32	148	33	47	111	115	16	61	37	47	40	54	108	14	131	114	28	25	60	63	31	147	18	145	135	21	52	38	28	152	47	105	93	17	133	61	57	77	66	30	139	127	40	95	103	55	32	99	120	15	113	135	87	44	67	88	53	63	69	103	110	116	48	39	47	66	18	87	29	127	123	99
0	0	0	0	0	0	0	0	0	0	0	0	0	0	0	0	0	0	0	0	0	0	0	0	0	0	0	0	0	0	0	0	0	0	0	0	0	0	138	88	112	100	126	129	32	127	84	152	34	97	118	136	94	39	61	130	120	106	76	134	48	64	101	109	88	132	18	80	101	41	88	158	130	147	75	47	62	57	40	71	115	86	119	102	73	105	77	69	40	72	147	129	109	72	34	63	42	111	110	77	92	79	77	85	117	49	39	38	37	34	82	78	119	29	124	67	51	54	42	125	58	86	131	77	33	92	16	82
0	0	0	0	0	0	0	0	0	0	0	0	0	0	0	0	0	0	0	0	0	0	0	0	0	0	0	0	0	0	0	0	0	0	0	0	0	0	0	72	66	111	102	112	130	113	37	130	32	135	33	69	152	101	130	130	27	151	73	51	79	136	120	105	100	46	110	87	67	137	123	88	129	67	56	41	56	19	110	114	34	111	69	132	85	33	104	82	160	108	97	110	16	103	121	80	30	120	55	15	60	90	28	157	45	25	49	56	40	26	91	54	125	109	72	29	33	60	7	95	48	150	99	47	58	113	154	138
0	0	0	0	0	0	0	0	0	0	0	0	0	0	0	0	0	0	0	0	0	0	0	0	0	0	0	0	0	0	0	0	0	0	0	0	0	0	0	0	131	91	84	121	133	73	116	107	81	70	95	137	35	113	81	133	98	88	71	59	85	102	51	72	63	36	144	146	81	148	98	141	128	58	63	143	152	95	118	87	118	52	135	72	154	34	116	60	28	90	120	139	113	121	122	14	43	67	89	30	62	113	18	125	111	97	98	46	106	84	21	119	118	111	38	105	77	95	107	83	140	107	25	155	150	47	136	59
0	0	0	0	0	0	0	0	0	0	0	0	0	0	0	0	0	0	0	0	0	0	0	0	0	0	0	0	0	0	0	0	0	0	0	0	0	0	0	0	0	39	129	138	95	139	101	129	144	57	63	125	84	38	131	31	40	66	76	129	158	87	41	129	46	139	17	108	59	47	40	104	93	91	93	134	153	147	69	140	117	133	29	31	92	129	25	130	39	36	76	112	139	59	45	131	129	120	44	84	4	56	30	77	53	87	121	135	62	19	82	69	106	130	76	82	143	69	71	140	41	119	82	83	94	76	82	147
0	0	0	0	0	0	0	0	0	0	0	0	0	0	0	0	0	0	0	0	0	0	0	0	0	0	0	0	0	0	0	0	0	0	0	0	0	0	0	0	0	0	55	37	86	76	120	105	88	60	24	163	74	49	31	98	40	79	102	52	135	71	74	29	52	125	96	103	100	56	62	37	135	52	87	89	88	26	78	112	98	130	37	103	109	107	55	145	130	128	43	91	53	137	58	123	128	77	32	87	43	113	38	88	19	53	92	95	23	106	124	43	105	83	42	73	101	91	112	144	93	76	117	20	53	50	32	87
0	0	0	0	0	0	0	0	0	0	0	0	0	0	0	0	0	0	0	0	0	0	0	0	0	0	0	0	0	0	0	0	0	0	0	0	0	0	0	0	0	0	0	26	140	68	141	164	97	138	58	66	102	98	37	85	19	128	95	109	51	30	49	116	40	133	47	141	52	138	27	130	80	89	157	35	59	108	122	46	65	130	89	110	100	140	125	29	93	89	99	111	66	143	50	30	53	75	110	76	82	112	30	15	75	46	124	102	55	135	88	116	56	56	13	39	115	98	123	74	123	85	52	62	109	37	30	48
0	0	0	0	0	0	0	0	0	0	0	0	0	0	0	0	0	0	0	0	0	0	0	0	0	0	0	0	0	0	0	0	0	0	0	0	0	0	0	0	0	0	0	0	61	56	137	36	76	49	127	82	62	138	170	62	57	21	110	77	131	133	130	83	66	129	95	133	52	134	138	156	73	78	73	87	79	143	130	51	93	86	77	42	82	16	52	140	52	58	135	63	90	63	51	98	143	124	135	54	17	86	81	102	108	99	127	70	117	103	34	130	28	107	127	137	106	88	62	112	51	30	146	133	46	128	50	79
0	0	0	0	0	0	0	0	0	0	0	0	0	0	0	0	0	0	0	0	0	0	0	0	0	0	0	0	0	0	0	0	0	0	0	0	0	0	0	0	0	0	0	0	0	131	83	75	115	85	98	166	129	167	68	85	75	113	44	54	141	42	103	89	85	42	99	85	120	83	78	85	146	47	45	99	73	108	88	58	33	140	95	120	35	61	14	120	66	103	30	108	114	79	105	108	134	139	23	135	31	73	64	11	82	129	112	115	71	133	123	108	26	69	40	120	107	48	107	67	61	102	37	43	90	71	84	119
0	0	0	0	0	0	0	0	0	0	0	0	0	0	0	0	0	0	0	0	0	0	0	0	0	0	0	0	0	0	0	0	0	0	0	0	0	0	0	0	0	0	0	0	0	0	25	55	32	98	146	66	57	20	152	111	133	52	54	91	105	50	35	43	78	105	76	112	104	88	110	110	32	73	141	66	109	107	124	67	43	116	58	43	126	141	66	166	88	134	73	102	32	60	22	107	41	128	78	144	131	165	56	108	64	40	102	79	61	54	95	133	22	69	70	109	144	103	53	62	77	82	26	124	145	136	104	88
0	0	0	0	0	0	0	0	0	0	0	0	0	0	0	0	0	0	0	0	0	0	0	0	0	0	0	0	0	0	0	0	0	0	0	0	0	0	0	0	0	0	0	0	0	0	0	82	73	84	74	62	90	147	57	51	90	121	27	157	98	33	85	23	155	146	136	138	84	64	61	113	121	32	101	134	76	69	114	35	86	125	87	103	107	137	76	131	120	130	131	110	71	42	65	79	157	35	125	23	76	111	85	144	80	34	109	145	147	124	48	124	121	52	96	109	126	54	28	62	144	90	104	138	130	69	107	73
0	0	0	0	0	0	0	0	0	0	0	0	0	0	0	0	0	0	0	0	0	0	0	0	0	0	0	0	0	0	0	0	0	0	0	0	0	0	0	0	0	0	0	0	0	0	0	0	46	51	112	102	98	117	52	39	6	150	71	138	135	135	75	124	91	15	88	131	70	90	54	82	134	134	56	70	91	124	124	45	72	59	164	130	87	97	123	118	119	96	92	142	69	107	93	113	32	122	69	39	54	126	89	71	149	18	101	49	102	111	72	49	128	15	53	65	63	47	36	166	117	66	78	109	70	103	132	103
0	0	0	0	0	0	0	0	0	0	0	0	0	0	0	0	0	0	0	0	0	0	0	0	0	0	0	0	0	0	0	0	0	0	0	0	0	0	0	0	0	0	0	0	0	0	0	0	0	106	83	111	132	55	123	59	152	107	121	49	15	56	150	82	149	141	125	25	71	83	157	131	104	49	128	78	107	115	91	73	67	36	79	136	79	74	71	68	80	100	94	99	59	92	42	148	90	9	46	80	33	40	91	49	114	31	77	66	133	65	61	132	135	52	61	36	107	79	83	21	73	109	13	101	67	50	52	104
0	0	0	0	0	0	0	0	0	0	0	0	0	0	0	0	0	0	0	0	0	0	0	0	0	0	0	0	0	0	0	0	0	0	0	0	0	0	0	0	0	0	0	0	0	0	0	0	0	0	124	150	115	40	102	109	65	63	96	147	36	31	113	59	108	78	60	68	68	112	140	65	69	122	121	125	67	54	154	77	149	47	49	75	107	16	78	23	77	103	23	157	51	24	29	86	44	20	97	106	86	145	35	118	95	95	95	25	153	90	24	150	92	77	128	100	159	154	17	39	14	110	85	51	137	49	35	111
0	0	0	0	0	0	0	0	0	0	0	0	0	0	0	0	0	0	0	0	0	0	0	0	0	0	0	0	0	0	0	0	0	0	0	0	0	0	0	0	0	0	0	0	0	0	0	0	0	0	0	51	147	80	101	39	64	91	83	125	87	127	130	129	113	46	83	127	28	120	134	88	142	49	91	71	116	99	79	99	96	138	87	133	126	35	41	57	16	149	45	75	127	82	152	86	137	116	104	126	132	139	51	97	70	54	39	94	64	140	93	139	57	80	95	5	48	107	42	50	134	14	97	102	118	124	24	132
0	0	0	0	0	0	0	0	0	0	0	0	0	0	0	0	0	0	0	0	0	0	0	0	0	0	0	0	0	0	0	0	0	0	0	0	0	0	0	0	0	0	0	0	0	0	0	0	0	0	0	0	141	117	89	103	142	100	125	84	123	87	129	91	18	46	84	73	113	88	126	136	102	50	43	65	165	92	104	90	15	108	78	111	37	111	168	76	123	90	138	69	68	158	81	38	45	87	118	122	133	94	127	94	81	76	125	82	157	61	66	111	67	91	34	122	74	168	74	109	57	117	77	79	124	98	33	90
0	0	0	0	0	0	0	0	0	0	0	0	0	0	0	0	0	0	0	0	0	0	0	0	0	0	0	0	0	0	0	0	0	0	0	0	0	0	0	0	0	0	0	0	0	0	0	0	0	0	0	0	0	53	69	71	69	91	154	77	137	75	152	70	74	72	105	54	48	99	103	29	132	110	162	140	176	109	58	52	94	81	99	128	130	88	136	57	96	70	108	165	71	59	74	69	159	89	95	39	88	81	78	127	142	105	146	38	35	156	97	53	93	95	141	43	161	129	143	55	124	126	62	112	129	131	41	86
0	0	0	0	0	0	0	0	0	0	0	0	0	0	0	0	0	0	0	0	0	0	0	0	0	0	0	0	0	0	0	0	0	0	0	0	0	0	0	0	0	0	0	0	0	0	0	0	0	0	0	0	0	0	35	94	52	110	86	106	46	121	68	71	31	94	129	123	63	63	136	36	56	79	43	45	118	66	167	82	51	116	13	95	153	149	42	127	165	134	38	148	46	163	106	85	47	130	127	76	92	48	72	84	137	116	103	93	34	159	46	51	106	103	108	108	143	153	52	138	60	128	124	77	42	96	134	88
0	0	0	0	0	0	0	0	0	0	0	0	0	0	0	0	0	0	0	0	0	0	0	0	0	0	0	0	0	0	0	0	0	0	0	0	0	0	0	0	0	0	0	0	0	0	0	0	0	0	0	0	0	0	0	141	135	145	66	120	82	111	50	87	99	113	28	48	21	29	70	33	123	77	152	120	71	72	65	51	115	77	64	36	87	112	45	76	70	134	58	96	58	150	136	105	77	114	146	106	85	37	95	91	59	130	43	153	123	132	128	152	163	146	92	95	31	154	164	66	116	130	127	70	123	103	77	69
0	0	0	0	0	0	0	0	0	0	0	0	0	0	0	0	0	0	0	0	0	0	0	0	0	0	0	0	0	0	0	0	0	0	0	0	0	0	0	0	0	0	0	0	0	0	0	0	0	0	0	0	0	0	0	0	145	142	60	28	35	167	130	158	79	105	66	123	138	32	100	40	52	71	94	50	134	132	103	106	96	57	111	69	90	98	96	40	63	77	58	100	33	78	104	52	142	49	164	78	88	12	137	140	118	157	94	173	15	8	127	24	76	143	46	160	65	50	136	142	67	106	121	116	92	75	104	116
0	0	0	0	0	0	0	0	0	0	0	0	0	0	0	0	0	0	0	0	0	0	0	0	0	0	0	0	0	0	0	0	0	0	0	0	0	0	0	0	0	0	0	0	0	0	0	0	0	0	0	0	0	0	0	0	0	111	170	31	64	86	123	79	97	107	117	60	140	141	115	32	134	156	51	122	151	92	56	83	114	165	61	63	151	126	65	152	109	136	129	28	87	108	75	97	148	31	13	82	63	156	101	83	145	97	97	90	23	67	71	106	95	163	117	116	142	133	157	138	85	30	93	106	80	39	59	133
0	0	0	0	0	0	0	0	0	0	0	0	0	0	0	0	0	0	0	0	0	0	0	0	0	0	0	0	0	0	0	0	0	0	0	0	0	0	0	0	0	0	0	0	0	0	0	0	0	0	0	0	0	0	0	0	0	0	101	2	28	104	91	146	69	14	149	149	115	78	103	93	47	158	100	115	59	79	42	150	183	129	51	91	59	94	126	123	112	100	56	110	151	84	49	8	98	86	129	77	47	110	145	115	159	53	106	109	80	105	167	114	96	41	143	133	162	51	64	81	82	149	79	78	149	160	141	85
0	0	0	0	0	0	0	0	0	0	0	0	0	0	0	0	0	0	0	0	0	0	0	0	0	0	0	0	0	0	0	0	0	0	0	0	0	0	0	0	0	0	0	0	0	0	0	0	0	0	0	0	0	0	0	0	0	0	0	86	124	131	144	94	105	57	40	45	147	121	28	25	87	146	95	27	30	85	165	126	24	48	118	56	70	70	32	82	42	124	101	39	37	89	119	59	93	130	137	27	119	106	160	8	49	157	104	58	105	90	140	129	120	66	13	155	24	63	172	74	102	85	120	130	178	136	66	143
0	0	0	0	0	0	0	0	0	0	0	0	0	0	0	0	0	0	0	0	0	0	0	0	0	0	0	0	0	0	0	0	0	0	0	0	0	0	0	0	0	0	0	0	0	0	0	0	0	0	0	0	0	0	0	0	0	0	0	0	151	53	113	143	123	92	51	55	50	113	119	129	60	53	51	42	106	42	48	158	130	117	70	34	53	104	137	49	97	57	85	91	118	126	68	53	118	57	141	126	82	109	83	142	60	88	63	109	118	47	129	130	147	150	70	45	115	82	157	72	70	37	96	131	104	54	41	106
0	0	0	0	0	0	0	0	0	0	0	0	0	0	0	0	0	0	0	0	0	0	0	0	0	0	0	0	0	0	0	0	0	0	0	0	0	0	0	0	0	0	0	0	0	0	0	0	0	0	0	0	0	0	0	0	0	0	0	0	0	60	161	102	64	145	90	46	71	109	140	49	126	61	157	126	96	101	69	31	14	73	30	79	36	117	75	72	131	151	57	156	141	159	177	121	156	70	36	114	85	120	73	15	95	72	80	120	66	40	59	130	57	108	12	89	97	133	31	29	73	35	167	64	108	126	36	47
0	0	0	0	0	0	0	0	0	0	0	0	0	0	0	0	0	0	0	0	0	0	0	0	0	0	0	0	0	0	0	0	0	0	0	0	0	0	0	0	0	0	0	0	0	0	0	0	0	0	0	0	0	0	0	0	0	0	0	0	0	0	26	73	57	86	55	38	153	132	125	54	105	153	11	25	108	132	94	42	129	66	25	123	141	56	90	55	88	115	174	34	23	66	38	79	65	146	118	128	133	143	127	93	40	161	75	97	55	125	54	35	170	69	154	130	119	66	83	134	34	98	74	6	119	117	97	82
0	0	0	0	0	0	0	0	0	0	0	0	0	0	0	0	0	0	0	0	0	0	0	0	0	0	0	0	0	0	0	0	0	0	0	0	0	0	0	0	0	0	0	0	0	0	0	0	0	0	0	0	0	0	0	0	0	0	0	0	0	0	0	164	121	111	122	128	140	135	69	124	70	69	169	112	109	115	125	44	56	159	142	158	70	34	101	136	107	119	158	65	155	83	136	22	86	79	87	48	165	67	79	149	148	73	72	93	128	52	89	144	85	112	51	160	77	94	88	94	41	78	63	38	100	109	136	49
0	0	0	0	0	0	0	0	0	0	0	0	0	0	0	0	0	0	0	0	0	0	0	0	0	0	0	0	0	0	0	0	0	0	0	0	0	0	0	0	0	0	0	0	0	0	0	0	0	0	0	0	0	0	0	0	0	0	0	0	0	0	0	0	51	104	176	170	100	118	72	151	129	135	105	51	142	110	55	118	174	70	145	167	104	183	111	136	113	75	151	47	74	36	83	90	50	70	80	64	72	17	137	156	73	67	83	89	48	86	67	144	73	168	141	111	102	83	47	98	47	93	27	181	182	24	158	138
0	0	0	0	0	0	0	0	0	0	0	0	0	0	0	0	0	0	0	0	0	0	0	0	0	0	0	0	0	0	0	0	0	0	0	0	0	0	0	0	0	0	0	0	0	0	0	0	0	0	0	0	0	0	0	0	0	0	0	0	0	0	0	0	0	77	94	138	79	108	98	54	85	97	33	68	189	12	153	103	145	166	60	51	136	51	90	89	155	175	62	128	65	65	186	34	85	141	146	97	49	106	70	166	101	106	144	165	83	77	51	162	124	118	74	29	107	129	47	167	132	97	46	23	171	31	101	91
0	0	0	0	0	0	0	0	0	0	0	0	0	0	0	0	0	0	0	0	0	0	0	0	0	0	0	0	0	0	0	0	0	0	0	0	0	0	0	0	0	0	0	0	0	0	0	0	0	0	0	0	0	0	0	0	0	0	0	0	0	0	0	0	0	0	140	79	143	155	147	96	62	77	139	105	57	63	172	45	81	189	123	104	97	136	97	39	84	98	138	84	137	155	74	47	67	95	151	96	55	106	65	131	98	119	182	182	25	89	117	28	157	45	134	134	87	26	115	58	94	117	157	119	110	76	158	104
0	0	0	0	0	0	0	0	0	0	0	0	0	0	0	0	0	0	0	0	0	0	0	0	0	0	0	0	0	0	0	0	0	0	0	0	0	0	0	0	0	0	0	0	0	0	0	0	0	0	0	0	0	0	0	0	0	0	0	0	0	0	0	0	0	0	0	119	35	131	90	87	106	58	86	70	136	27	123	175	115	188	117	111	106	103	167	126	108	37	138	84	94	172	100	94	81	107	50	49	126	79	153	93	119	42	88	90	120	106	114	147	153	161	60	80	44	130	92	157	85	102	56	134	161	78	21	37
0	0	0	0	0	0	0	0	0	0	0	0	0	0	0	0	0	0	0	0	0	0	0	0	0	0	0	0	0	0	0	0	0	0	0	0	0	0	0	0	0	0	0	0	0	0	0	0	0	0	0	0	0	0	0	0	0	0	0	0	0	0	0	0	0	0	0	0	155	126	72	71	89	117	90	89	29	95	130	152	36	30	86	56	104	80	76	175	106	68	125	152	152	47	55	104	114	150	124	121	126	78	77	76	78	73	53	33	89	104	146	65	109	83	65	50	86	107	75	55	156	110	150	157	29	192	154	140
0	0	0	0	0	0	0	0	0	0	0	0	0	0	0	0	0	0	0	0	0	0	0	0	0	0	0	0	0	0	0	0	0	0	0	0	0	0	0	0	0	0	0	0	0	0	0	0	0	0	0	0	0	0	0	0	0	0	0	0	0	0	0	0	0	0	0	0	0	60	94	174	83	86	36	130	80	98	120	54	103	105	74	159	155	85	105	95	79	72	162	158	27	162	101	170	130	85	106	175	149	57	155	60	53	50	116	132	162	50	83	114	164	97	118	124	89	145	46	73	149	148	58	128	150	141	169	105
0	0	0	0	0	0	0	0	0	0	0	0	0	0	0	0	0	0	0	0	0	0	0	0	0	0	0	0	0	0	0	0	0	0	0	0	0	0	0	0	0	0	0	0	0	0	0	0	0	0	0	0	0	0	0	0	0	0	0	0	0	0	0	0	0	0	0	0	0	0	29	58	67	18	107	102	66	172	72	106	102	49	56	112	157	97	157	153	159	114	189	126	41	168	25	123	84	157	76	52	145	91	144	58	57	117	172	55	4	67	123	78	68	116	132	128	163	108	144	118	73	103	83	156	139	149	142	103
0	0	0	0	0	0	0	0	0	0	0	0	0	0	0	0	0	0	0	0	0	0	0	0	0	0	0	0	0	0	0	0	0	0	0	0	0	0	0	0	0	0	0	0	0	0	0	0	0	0	0	0	0	0	0	0	0	0	0	0	0	0	0	0	0	0	0	0	0	0	0	71	151	75	44	61	71	119	49	71	98	45	128	98	119	82	74	132	142	36	29	63	45	76	28	128	97	118	166	52	45	94	39	79	125	52	143	90	117	98	35	39	61	75	65	114	103	142	116	132	110	119	129	83	67	58	87	76
0	0	0	0	0	0	0	0	0	0	0	0	0	0	0	0	0	0	0	0	0	0	0	0	0	0	0	0	0	0	0	0	0	0	0	0	0	0	0	0	0	0	0	0	0	0	0	0	0	0	0	0	0	0	0	0	0	0	0	0	0	0	0	0	0	0	0	0	0	0	0	0	147	140	62	45	71	179	41	8	164	75	37	105	34	98	104	37	98	23	106	174	141	80	179	63	108	66	161	133	68	143	72	59	163	70	75	29	143	120	42	150	144	42	192	103	80	135	131	83	180	129	12	147	107	99	135	131
0	0	0	0	0	0	0	0	0	0	0	0	0	0	0	0	0	0	0	0	0	0	0	0	0	0	0	0	0	0	0	0	0	0	0	0	0	0	0	0	0	0	0	0	0	0	0	0	0	0	0	0	0	0	0	0	0	0	0	0	0	0	0	0	0	0	0	0	0	0	0	0	0	166	94	53	160	97	49	106	150	137	163	139	121	39	97	97	123	161	78	33	153	111	53	78	133	80	77	156	160	163	155	119	163	92	126	101	62	51	44	87	136	80	72	100	135	120	8	65	118	52	111	78	71	115	181	166
0	0	0	0	0	0	0	0	0	0	0	0	0	0	0	0	0	0	0	0	0	0	0	0	0	0	0	0	0	0	0	0	0	0	0	0	0	0	0	0	0	0	0	0	0	0	0	0	0	0	0	0	0	0	0	0	0	0	0	0	0	0	0	0	0	0	0	0	0	0	0	0	0	0	67	130	58	148	144	163	49	119	83	127	185	110	99	92	99	75	53	137	99	30	95	122	136	145	85	142	52	96	6	142	70	130	87	90	66	89	47	68	104	54	163	124	73	161	125	69	91	165	68	137	73	134	34	89
0	0	0	0	0	0	0	0	0	0	0	0	0	0	0	0	0	0	0	0	0	0	0	0	0	0	0	0	0	0	0	0	0	0	0	0	0	0	0	0	0	0	0	0	0	0	0	0	0	0	0	0	0	0	0	0	0	0	0	0	0	0	0	0	0	0	0	0	0	0	0	0	0	0	0	141	139	159	136	54	137	151	129	88	35	94	46	36	151	63	95	28	56	74	118	132	55	54	130	132	84	120	55	64	90	65	48	48	138	89	54	73	65	101	155	123	129	47	76	55	19	66	44	101	34	62	140	154
0	0	0	0	0	0	0	0	0	0	0	0	0	0	0	0	0	0	0	0	0	0	0	0	0	0	0	0	0	0	0	0	0	0	0	0	0	0	0	0	0	0	0	0	0	0	0	0	0	0	0	0	0	0	0	0	0	0	0	0	0	0	0	0	0	0	0	0	0	0	0	0	0	0	0	0	30	129	121	158	83	50	139	129	108	118	128	125	44	173	54	128	148	75	128	130	159	115	113	129	139	72	128	44	119	126	108	140	92	144	174	62	158	118	43	56	171	161	77	145	92	77	72	34	48	31	85	120
0	0	0	0	0	0	0	0	0	0	0	0	0	0	0	0	0	0	0	0	0	0	0	0	0	0	0	0	0	0	0	0	0	0	0	0	0	0	0	0	0	0	0	0	0	0	0	0	0	0	0	0	0	0	0	0	0	0	0	0	0	0	0	0	0	0	0	0	0	0	0	0	0	0	0	0	0	113	92	157	176	53	108	108	108	165	121	111	116	27	70	151	64	38	138	51	75	43	128	58	60	137	89	101	48	130	82	118	185	96	83	122	63	159	86	166	87	132	101	120	113	62	99	118	146	157	138	126
0	0	0	0	0	0	0	0	0	0	0	0	0	0	0	0	0	0	0	0	0	0	0	0	0	0	0	0	0	0	0	0	0	0	0	0	0	0	0	0	0	0	0	0	0	0	0	0	0	0	0	0	0	0	0	0	0	0	0	0	0	0	0	0	0	0	0	0	0	0	0	0	0	0	0	0	0	0	91	69	65	49	86	101	87	157	85	96	95	154	71	124	130	160	86	100	177	169	93	126	136	95	80	53	79	122	94	78	87	111	121	105	149	82	107	74	84	134	154	6	64	137	117	37	117	124	90	124
0	0	0	0	0	0	0	0	0	0	0	0	0	0	0	0	0	0	0	0	0	0	0	0	0	0	0	0	0	0	0	0	0	0	0	0	0	0	0	0	0	0	0	0	0	0	0	0	0	0	0	0	0	0	0	0	0	0	0	0	0	0	0	0	0	0	0	0	0	0	0	0	0	0	0	0	0	0	0	77	8	110	126	101	142	154	99	70	80	189	163	115	103	171	123	84	70	106	47	120	133	189	68	110	142	92	172	17	152	94	59	186	107	105	131	163	31	135	135	62	16	83	127	50	48	136	75	92
0	0	0	0	0	0	0	0	0	0	0	0	0	0	0	0	0	0	0	0	0	0	0	0	0	0	0	0	0	0	0	0	0	0	0	0	0	0	0	0	0	0	0	0	0	0	0	0	0	0	0	0	0	0	0	0	0	0	0	0	0	0	0	0	0	0	0	0	0	0	0	0	0	0	0	0	0	0	0	0	70	91	111	174	33	200	144	118	95	170	100	45	52	161	179	79	47	53	74	124	103	27	60	136	206	135	95	146	29	181	161	124	67	121	139	93	175	166	125	101	80	207	107	137	14	89	107	56
0	0	0	0	0	0	0	0	0	0	0	0	0	0	0	0	0	0	0	0	0	0	0	0	0	0	0	0	0	0	0	0	0	0	0	0	0	0	0	0	0	0	0	0	0	0	0	0	0	0	0	0	0	0	0	0	0	0	0	0	0	0	0	0	0	0	0	0	0	0	0	0	0	0	0	0	0	0	0	0	0	163	67	116	97	60	49	65	205	175	125	81	102	131	164	48	38	88	73	29	60	190	53	112	39	164	52	94	182	186	54	42	146	85	131	159	149	73	110	96	32	39	138	103	161	84	153	136
0	0	0	0	0	0	0	0	0	0	0	0	0	0	0	0	0	0	0	0	0	0	0	0	0	0	0	0	0	0	0	0	0	0	0	0	0	0	0	0	0	0	0	0	0	0	0	0	0	0	0	0	0	0	0	0	0	0	0	0	0	0	0	0	0	0	0	0	0	0	0	0	0	0	0	0	0	0	0	0	0	0	64	189	70	184	146	134	108	165	157	62	64	37	114	92	64	96	189	146	55	172	104	98	183	90	144	130	102	169	114	101	95	201	160	145	85	135	98	107	38	145	74	113	155	73	176	93
0	0	0	0	0	0	0	0	0	0	0	0	0	0	0	0	0	0	0	0	0	0	0	0	0	0	0	0	0	0	0	0	0	0	0	0	0	0	0	0	0	0	0	0	0	0	0	0	0	0	0	0	0	0	0	0	0	0	0	0	0	0	0	0	0	0	0	0	0	0	0	0	0	0	0	0	0	0	0	0	0	0	0	152	173	88	128	74	81	136	47	153	120	152	88	168	114	167	120	108	84	41	166	143	203	120	20	116	121	102	110	68	108	128	100	133	58	24	4	105	99	128	147	48	120	69	80	136
0	0	0	0	0	0	0	0	0	0	0	0	0	0	0	0	0	0	0	0	0	0	0	0	0	0	0	0	0	0	0	0	0	0	0	0	0	0	0	0	0	0	0	0	0	0	0	0	0	0	0	0	0	0	0	0	0	0	0	0	0	0	0	0	0	0	0	0	0	0	0	0	0	0	0	0	0	0	0	0	0	0	0	0	155	69	139	157	83	140	105	110	155	106	120	197	99	92	135	153	138	143	156	133	162	35	137	83	47	50	189	176	94	129	45	163	145	153	51	37	122	154	79	72	118	132	112	124
0	0	0	0	0	0	0	0	0	0	0	0	0	0	0	0	0	0	0	0	0	0	0	0	0	0	0	0	0	0	0	0	0	0	0	0	0	0	0	0	0	0	0	0	0	0	0	0	0	0	0	0	0	0	0	0	0	0	0	0	0	0	0	0	0	0	0	0	0	0	0	0	0	0	0	0	0	0	0	0	0	0	0	0	0	193	48	119	69	47	98	69	82	135	68	139	146	37	153	34	76	170	114	108	26	66	101	176	183	109	101	137	50	99	125	159	140	113	40	126	157	78	108	52	93	128	141	92
0	0	0	0	0	0	0	0	0	0	0	0	0	0	0	0	0	0	0	0	0	0	0	0	0	0	0	0	0	0	0	0	0	0	0	0	0	0	0	0	0	0	0	0	0	0	0	0	0	0	0	0	0	0	0	0	0	0	0	0	0	0	0	0	0	0	0	0	0	0	0	0	0	0	0	0	0	0	0	0	0	0	0	0	0	0	73	195	105	156	106	182	153	88	145	93	167	128	140	59	135	125	45	122	86	163	86	118	38	115	99	100	127	122	199	89	69	136	95	166	29	140	106	103	153	50	69	17
0	0	0	0	0	0	0	0	0	0	0	0	0	0	0	0	0	0	0	0	0	0	0	0	0	0	0	0	0	0	0	0	0	0	0	0	0	0	0	0	0	0	0	0	0	0	0	0	0	0	0	0	0	0	0	0	0	0	0	0	0	0	0	0	0	0	0	0	0	0	0	0	0	0	0	0	0	0	0	0	0	0	0	0	0	0	0	144	143	98	174	79	65	11	98	143	185	115	36	150	207	167	85	76	124	144	157	52	102	103	174	107	9	173	77	108	203	49	96	119	84	171	165	97	194	37	73	161
0	0	0	0	0	0	0	0	0	0	0	0	0	0	0	0	0	0	0	0	0	0	0	0	0	0	0	0	0	0	0	0	0	0	0	0	0	0	0	0	0	0	0	0	0	0	0	0	0	0	0	0	0	0	0	0	0	0	0	0	0	0	0	0	0	0	0	0	0	0	0	0	0	0	0	0	0	0	0	0	0	0	0	0	0	0	0	0	130	120	188	72	56	129	165	66	124	60	86	191	195	99	44	127	44	106	88	189	109	157	99	50	81	72	156	162	186	161	87	102	171	59	123	46	150	66	64	152
0	0	0	0	0	0	0	0	0	0	0	0	0	0	0	0	0	0	0	0	0	0	0	0	0	0	0	0	0	0	0	0	0	0	0	0	0	0	0	0	0	0	0	0	0	0	0	0	0	0	0	0	0	0	0	0	0	0	0	0	0	0	0	0	0	0	0	0	0	0	0	0	0	0	0	0	0	0	0	0	0	0	0	0	0	0	0	0	0	97	40	56	136	92	90	63	142	112	69	93	100	160	142	155	145	69	20	136	28	65	56	132	148	111	145	60	72	161	105	157	23	59	161	73	106	91	73	92
0	0	0	0	0	0	0	0	0	0	0	0	0	0	0	0	0	0	0	0	0	0	0	0	0	0	0	0	0	0	0	0	0	0	0	0	0	0	0	0	0	0	0	0	0	0	0	0	0	0	0	0	0	0	0	0	0	0	0	0	0	0	0	0	0	0	0	0	0	0	0	0	0	0	0	0	0	0	0	0	0	0	0	0	0	0	0	0	0	0	167	114	109	157	119	110	169	68	100	163	102	57	101	164	86	95	166	61	99	119	133	124	154	102	39	98	45	143	87	158	46	151	88	112	76	128	31	152
0	0	0	0	0	0	0	0	0	0	0	0	0	0	0	0	0	0	0	0	0	0	0	0	0	0	0	0	0	0	0	0	0	0	0	0	0	0	0	0	0	0	0	0	0	0	0	0	0	0	0	0	0	0	0	0	0	0	0	0	0	0	0	0	0	0	0	0	0	0	0	0	0	0	0	0	0	0	0	0	0	0	0	0	0	0	0	0	0	0	0	93	46	114	86	190	166	24	106	40	129	123	90	73	98	76	58	152	155	109	192	115	153	98	85	135	110	101	123	163	97	173	201	136	125	32	166	89
0	0	0	0	0	0	0	0	0	0	0	0	0	0	0	0	0	0	0	0	0	0	0	0	0	0	0	0	0	0	0	0	0	0	0	0	0	0	0	0	0	0	0	0	0	0	0	0	0	0	0	0	0	0	0	0	0	0	0	0	0	0	0	0	0	0	0	0	0	0	0	0	0	0	0	0	0	0	0	0	0	0	0	0	0	0	0	0	0	0	0	0	210	122	72	60	91	170	104	166	125	49	96	15	94	50	175	74	111	64	186	160	73	75	86	89	33	81	107	46	193	184	31	79	99	216	56	55
0	0	0	0	0	0	0	0	0	0	0	0	0	0	0	0	0	0	0	0	0	0	0	0	0	0	0	0	0	0	0	0	0	0	0	0	0	0	0	0	0	0	0	0	0	0	0	0	0	0	0	0	0	0	0	0	0	0	0	0	0	0	0	0	0	0	0	0	0	0	0	0	0	0	0	0	0	0	0	0	0	0	0	0	0	0	0	0	0	0	0	0	0	10	131	116	84	83	54	71	46	185	109	121	151	142	113	104	37	89	133	211	213	145	81	126	112	139	48	138	147	69	96	76	69	144	121	109
0	0	0	0	0	0	0	0	0	0	0	0	0	0	0	0	0	0	0	0	0	0	0	0	0	0	0	0	0	0	0	0	0	0	0	0	0	0	0	0	0	0	0	0	0	0	0	0	0	0	0	0	0	0	0	0	0	0	0	0	0	0	0	0	0	0	0	0	0	0	0	0	0	0	0	0	0	0	0	0	0	0	0	0	0	0	0	0	0	0	0	0	0	0	103	90	44	102	37	89	116	64	30	125	169	188	168	88	185	145	138	156	191	80	185	139	89	25	100	9	142	163	97	105	55	117	126	205
0	0	0	0	0	0	0	0	0	0	0	0	0	0	0	0	0	0	0	0	0	0	0	0	0	0	0	0	0	0	0	0	0	0	0	0	0	0	0	0	0	0	0	0	0	0	0	0	0	0	0	0	0	0	0	0	0	0	0	0	0	0	0	0	0	0	0	0	0	0	0	0	0	0	0	0	0	0	0	0	0	0	0	0	0	0	0	0	0	0	0	0	0	0	0	54	146	193	105	69	138	32	65	62	212	131	74	82	76	191	95	172	207	106	107	168	33	131	147	114	164	41	138	150	85	142	72	175
0	0	0	0	0	0	0	0	0	0	0	0	0	0	0	0	0	0	0	0	0	0	0	0	0	0	0	0	0	0	0	0	0	0	0	0	0	0	0	0	0	0	0	0	0	0	0	0	0	0	0	0	0	0	0	0	0	0	0	0	0	0	0	0	0	0	0	0	0	0	0	0	0	0	0	0	0	0	0	0	0	0	0	0	0	0	0	0	0	0	0	0	0	0	0	0	34	92	150	19	145	215	119	72	57	169	40	113	76	83	163	31	104	45	119	124	133	53	86	166	142	132	166	75	211	135	209	61
0	0	0	0	0	0	0	0	0	0	0	0	0	0	0	0	0	0	0	0	0	0	0	0	0	0	0	0	0	0	0	0	0	0	0	0	0	0	0	0	0	0	0	0	0	0	0	0	0	0	0	0	0	0	0	0	0	0	0	0	0	0	0	0	0	0	0	0	0	0	0	0	0	0	0	0	0	0	0	0	0	0	0	0	0	0	0	0	0	0	0	0	0	0	0	0	0	85	101	100	115	89	177	104	139	135	90	135	82	162	142	137	155	109	56	61	97	94	73	169	190	79	171	42	118	188	71	97
0	0	0	0	0	0	0	0	0	0	0	0	0	0	0	0	0	0	0	0	0	0	0	0	0	0	0	0	0	0	0	0	0	0	0	0	0	0	0	0	0	0	0	0	0	0	0	0	0	0	0	0	0	0	0	0	0	0	0	0	0	0	0	0	0	0	0	0	0	0	0	0	0	0	0	0	0	0	0	0	0	0	0	0	0	0	0	0	0	0	0	0	0	0	0	0	0	0	114	24	82	104	88	90	115	139	141	8	114	96	206	199	147	154	53	145	144	154	128	68	180	94	66	58	146	188	108	73
0	0	0	0	0	0	0	0	0	0	0	0	0	0	0	0	0	0	0	0	0	0	0	0	0	0	0	0	0	0	0	0	0	0	0	0	0	0	0	0	0	0	0	0	0	0	0	0	0	0	0	0	0	0	0	0	0	0	0	0	0	0	0	0	0	0	0	0	0	0	0	0	0	0	0	0	0	0	0	0	0	0	0	0	0	0	0	0	0	0	0	0	0	0	0	0	0	0	0	196	49	87	105	188	118	105	148	82	191	103	123	154	137	143	81	95	43	125	62	179	75	128	132	141	144	106	125	62
0	0	0	0	0	0	0	0	0	0	0	0	0	0	0	0	0	0	0	0	0	0	0	0	0	0	0	0	0	0	0	0	0	0	0	0	0	0	0	0	0	0	0	0	0	0	0	0	0	0	0	0	0	0	0	0	0	0	0	0	0	0	0	0	0	0	0	0	0	0	0	0	0	0	0	0	0	0	0	0	0	0	0	0	0	0	0	0	0	0	0	0	0	0	0	0	0	0	0	0	154	145	158	49	157	33	174	97	121	75	55	56	109	96	66	100	130	144	96	179	99	77	171	124	131	158	110	110
0	0	0	0	0	0	0	0	0	0	0	0	0	0	0	0	0	0	0	0	0	0	0	0	0	0	0	0	0	0	0	0	0	0	0	0	0	0	0	0	0	0	0	0	0	0	0	0	0	0	0	0	0	0	0	0	0	0	0	0	0	0	0	0	0	0	0	0	0	0	0	0	0	0	0	0	0	0	0	0	0	0	0	0	0	0	0	0	0	0	0	0	0	0	0	0	0	0	0	0	0	204	95	126	78	125	163	142	116	123	12	81	64	77	57	173	62	44	70	157	125	87	158	126	133	180	34	87
0	0	0	0	0	0	0	0	0	0	0	0	0	0	0	0	0	0	0	0	0	0	0	0	0	0	0	0	0	0	0	0	0	0	0	0	0	0	0	0	0	0	0	0	0	0	0	0	0	0	0	0	0	0	0	0	0	0	0	0	0	0	0	0	0	0	0	0	0	0	0	0	0	0	0	0	0	0	0	0	0	0	0	0	0	0	0	0	0	0	0	0	0	0	0	0	0	0	0	0	0	0	101	99	91	109	25	182	129	122	98	95	141	189	58	125	145	77	47	190	61	120	50	77	100	124	97	124
0	0	0	0	0	0	0	0	0	0	0	0	0	0	0	0	0	0	0	0	0	0	0	0	0	0	0	0	0	0	0	0	0	0	0	0	0	0	0	0	0	0	0	0	0	0	0	0	0	0	0	0	0	0	0	0	0	0	0	0	0	0	0	0	0	0	0	0	0	0	0	0	0	0	0	0	0	0	0	0	0	0	0	0	0	0	0	0	0	0	0	0	0	0	0	0	0	0	0	0	0	0	0	114	193	80	165	86	136	178	136	228	136	174	94	104	134	38	211	188	114	125	140	61	188	103	119	183
0	0	0	0	0	0	0	0	0	0	0	0	0	0	0	0	0	0	0	0	0	0	0	0	0	0	0	0	0	0	0	0	0	0	0	0	0	0	0	0	0	0	0	0	0	0	0	0	0	0	0	0	0	0	0	0	0	0	0	0	0	0	0	0	0	0	0	0	0	0	0	0	0	0	0	0	0	0	0	0	0	0	0	0	0	0	0	0	0	0	0	0	0	0	0	0	0	0	0	0	0	0	0	0	112	176	33	133	114	133	170	102	105	7	136	172	61	70	100	57	50	54	53	59	130	112	130	133
0	0	0	0	0	0	0	0	0	0	0	0	0	0	0	0	0	0	0	0	0	0	0	0	0	0	0	0	0	0	0	0	0	0	0	0	0	0	0	0	0	0	0	0	0	0	0	0	0	0	0	0	0	0	0	0	0	0	0	0	0	0	0	0	0	0	0	0	0	0	0	0	0	0	0	0	0	0	0	0	0	0	0	0	0	0	0	0	0	0	0	0	0	0	0	0	0	0	0	0	0	0	0	0	0	30	156	152	94	63	70	89	122	62	153	117	57	165	121	110	92	124	164	173	86	28	190	58
0	0	0	0	0	0	0	0	0	0	0	0	0	0	0	0	0	0	0	0	0	0	0	0	0	0	0	0	0	0	0	0	0	0	0	0	0	0	0	0	0	0	0	0	0	0	0	0	0	0	0	0	0	0	0	0	0	0	0	0	0	0	0	0	0	0	0	0	0	0	0	0	0	0	0	0	0	0	0	0	0	0	0	0	0	0	0	0	0	0	0	0	0	0	0	0	0	0	0	0	0	0	0	0	0	0	136	24	71	129	163	121	83	93	124	168	169	89	197	117	89	145	99	182	180	105	190	41
0	0	0	0	0	0	0	0	0	0	0	0	0	0	0	0	0	0	0	0	0	0	0	0	0	0	0	0	0	0	0	0	0	0	0	0	0	0	0	0	0	0	0	0	0	0	0	0	0	0	0	0	0	0	0	0	0	0	0	0	0	0	0	0	0	0	0	0	0	0	0	0	0	0	0	0	0	0	0	0	0	0	0	0	0	0	0	0	0	0	0	0	0	0	0	0	0	0	0	0	0	0	0	0	0	0	0	188	66	139	28	75	105	148	39	70	53	200	122	142	141	110	56	210	80	59	49	125
0	0	0	0	0	0	0	0	0	0	0	0	0	0	0	0	0	0	0	0	0	0	0	0	0	0	0	0	0	0	0	0	0	0	0	0	0	0	0	0	0	0	0	0	0	0	0	0	0	0	0	0	0	0	0	0	0	0	0	0	0	0	0	0	0	0	0	0	0	0	0	0	0	0	0	0	0	0	0	0	0	0	0	0	0	0	0	0	0	0	0	0	0	0	0	0	0	0	0	0	0	0	0	0	0	0	0	0	150	6	33	158	68	142	70	164	144	154	140	123	102	73	147	139	197	27	117	134
0	0	0	0	0	0	0	0	0	0	0	0	0	0	0	0	0	0	0	0	0	0	0	0	0	0	0	0	0	0	0	0	0	0	0	0	0	0	0	0	0	0	0	0	0	0	0	0	0	0	0	0	0	0	0	0	0	0	0	0	0	0	0	0	0	0	0	0	0	0	0	0	0	0	0	0	0	0	0	0	0	0	0	0	0	0	0	0	0	0	0	0	0	0	0	0	0	0	0	0	0	0	0	0	0	0	0	0	0	211	194	92	121	101	56	38	99	122	141	229	127	85	65	190	91	196	85	174
0	0	0	0	0	0	0	0	0	0	0	0	0	0	0	0	0	0	0	0	0	0	0	0	0	0	0	0	0	0	0	0	0	0	0	0	0	0	0	0	0	0	0	0	0	0	0	0	0	0	0	0	0	0	0	0	0	0	0	0	0	0	0	0	0	0	0	0	0	0	0	0	0	0	0	0	0	0	0	0	0	0	0	0	0	0	0	0	0	0	0	0	0	0	0	0	0	0	0	0	0	0	0	0	0	0	0	0	0	0	163	99	143	87	110	146	76	108	82	133	128	56	120	113	166	176	98	93
0	0	0	0	0	0	0	0	0	0	0	0	0	0	0	0	0	0	0	0	0	0	0	0	0	0	0	0	0	0	0	0	0	0	0	0	0	0	0	0	0	0	0	0	0	0	0	0	0	0	0	0	0	0	0	0	0	0	0	0	0	0	0	0	0	0	0	0	0	0	0	0	0	0	0	0	0	0	0	0	0	0	0	0	0	0	0	0	0	0	0	0	0	0	0	0	0	0	0	0	0	0	0	0	0	0	0	0	0	0	0	129	71	202	166	199	125	93	149	182	19	185	163	109	216	135	88	148
0	0	0	0	0	0	0	0	0	0	0	0	0	0	0	0	0	0	0	0	0	0	0	0	0	0	0	0	0	0	0	0	0	0	0	0	0	0	0	0	0	0	0	0	0	0	0	0	0	0	0	0	0	0	0	0	0	0	0	0	0	0	0	0	0	0	0	0	0	0	0	0	0	0	0	0	0	0	0	0	0	0	0	0	0	0	0	0	0	0	0	0	0	0	0	0	0	0	0	0	0	0	0	0	0	0	0	0	0	0	0	0	114	170	146	82	7	120	140	182	152	219	67	117	107	68	148	156
0	0	0	0	0	0	0	0	0	0	0	0	0	0	0	0	0	0	0	0	0	0	0	0	0	0	0	0	0	0	0	0	0	0	0	0	0	0	0	0	0	0	0	0	0	0	0	0	0	0	0	0	0	0	0	0	0	0	0	0	0	0	0	0	0	0	0	0	0	0	0	0	0	0	0	0	0	0	0	0	0	0	0	0	0	0	0	0	0	0	0	0	0	0	0	0	0	0	0	0	0	0	0	0	0	0	0	0	0	0	0	0	0	142	140	101	163	187	114	41	137	186	77	87	77	57	84	188
0	0	0	0	0	0	0	0	0	0	0	0	0	0	0	0	0	0	0	0	0	0	0	0	0	0	0	0	0	0	0	0	0	0	0	0	0	0	0	0	0	0	0	0	0	0	0	0	0	0	0	0	0	0	0	0	0	0	0	0	0	0	0	0	0	0	0	0	0	0	0	0	0	0	0	0	0	0	0	0	0	0	0	0	0	0	0	0	0	0	0	0	0	0	0	0	0	0	0	0	0	0	0	0	0	0	0	0	0	0	0	0	0	0	188	214	161	107	122	17	90	88	196	145	200	105	129	139
0	0	0	0	0	0	0	0	0	0	0	0	0	0	0	0	0	0	0	0	0	0	0	0	0	0	0	0	0	0	0	0	0	0	0	0	0	0	0	0	0	0	0	0	0	0	0	0	0	0	0	0	0	0	0	0	0	0	0	0	0	0	0	0	0	0	0	0	0	0	0	0	0	0	0	0	0	0	0	0	0	0	0	0	0	0	0	0	0	0	0	0	0	0	0	0	0	0	0	0	0	0	0	0	0	0	0	0	0	0	0	0	0	0	0	107	27	168	149	132	155	92	16	97	178	87	127	145
0	0	0	0	0	0	0	0	0	0	0	0	0	0	0	0	0	0	0	0	0	0	0	0	0	0	0	0	0	0	0	0	0	0	0	0	0	0	0	0	0	0	0	0	0	0	0	0	0	0	0	0	0	0	0	0	0	0	0	0	0	0	0	0	0	0	0	0	0	0	0	0	0	0	0	0	0	0	0	0	0	0	0	0	0	0	0	0	0	0	0	0	0	0	0	0	0	0	0	0	0	0	0	0	0	0	0	0	0	0	0	0	0	0	0	0	157	124	58	130	130	104	129	131	30	123	108	129
0	0	0	0	0	0	0	0	0	0	0	0	0	0	0	0	0	0	0	0	0	0	0	0	0	0	0	0	0	0	0	0	0	0	0	0	0	0	0	0	0	0	0	0	0	0	0	0	0	0	0	0	0	0	0	0	0	0	0	0	0	0	0	0	0	0	0	0	0	0	0	0	0	0	0	0	0	0	0	0	0	0	0	0	0	0	0	0	0	0	0	0	0	0	0	0	0	0	0	0	0	0	0	0	0	0	0	0	0	0	0	0	0	0	0	0	0	71	80	53	148	211	50	33	134	79	153	167
0	0	0	0	0	0	0	0	0	0	0	0	0	0	0	0	0	0	0	0	0	0	0	0	0	0	0	0	0	0	0	0	0	0	0	0	0	0	0	0	0	0	0	0	0	0	0	0	0	0	0	0	0	0	0	0	0	0	0	0	0	0	0	0	0	0	0	0	0	0	0	0	0	0	0	0	0	0	0	0	0	0	0	0	0	0	0	0	0	0	0	0	0	0	0	0	0	0	0	0	0	0	0	0	0	0	0	0	0	0	0	0	0	0	0	0	0	0	210	84	149	225	223	174	228	143	49	141
0	0	0	0	0	0	0	0	0	0	0	0	0	0	0	0	0	0	0	0	0	0	0	0	0	0	0	0	0	0	0	0	0	0	0	0	0	0	0	0	0	0	0	0	0	0	0	0	0	0	0	0	0	0	0	0	0	0	0	0	0	0	0	0	0	0	0	0	0	0	0	0	0	0	0	0	0	0	0	0	0	0	0	0	0	0	0	0	0	0	0	0	0	0	0	0	0	0	0	0	0	0	0	0	0	0	0	0	0	0	0	0	0	0	0	0	0	0	0	27	166	68	83	27	67	143	50	107
0	0	0	0	0	0	0	0	0	0	0	0	0	0	0	0	0	0	0	0	0	0	0	0	0	0	0	0	0	0	0	0	0	0	0	0	0	0	0	0	0	0	0	0	0	0	0	0	0	0	0	0	0	0	0	0	0	0	0	0	0	0	0	0	0	0	0	0	0	0	0	0	0	0	0	0	0	0	0	0	0	0	0	0	0	0	0	0	0	0	0	0	0	0	0	0	0	0	0	0	0	0	0	0	0	0	0	0	0	0	0	0	0	0	0	0	0	0	0	0	131	37	105	119	113	142	113	107
0	0	0	0	0	0	0	0	0	0	0	0	0	0	0	0	0	0	0	0	0	0	0	0	0	0	0	0	0	0	0	0	0	0	0	0	0	0	0	0	0	0	0	0	0	0	0	0	0	0	0	0	0	0	0	0	0	0	0	0	0	0	0	0	0	0	0	0	0	0	0	0	0	0	0	0	0	0	0	0	0	0	0	0	0	0	0	0	0	0	0	0	0	0	0	0	0	0	0	0	0	0	0	0	0	0	0	0	0	0	0	0	0	0	0	0	0	0	0	0	0	124	71	196	125	188	109	118
0	0	0	0	0	0	0	0	0	0	0	0	0	0	0	0	0	0	0	0	0	0	0	0	0	0	0	0	0	0	0	0	0	0	0	0	0	0	0	0	0	0	0	0	0	0	0	0	0	0	0	0	0	0	0	0	0	0	0	0	0	0	0	0	0	0	0	0	0	0	0	0	0	0	0	0	0	0	0	0	0	0	0	0	0	0	0	0	0	0	0	0	0	0	0	0	0	0	0	0	0	0	0	0	0	0	0	0	0	0	0	0	0	0	0	0	0	0	0	0	0	0	197	146	61	76	96	167
0	0	0	0	0	0	0	0	0	0	0	0	0	0	0	0	0	0	0	0	0	0	0	0	0	0	0	0	0	0	0	0	0	0	0	0	0	0	0	0	0	0	0	0	0	0	0	0	0	0	0	0	0	0	0	0	0	0	0	0	0	0	0	0	0	0	0	0	0	0	0	0	0	0	0	0	0	0	0	0	0	0	0	0	0	0	0	0	0	0	0	0	0	0	0	0	0	0	0	0	0	0	0	0	0	0	0	0	0	0	0	0	0	0	0	0	0	0	0	0	0	0	0	155	108	142	30	193
0	0	0	0	0	0	0	0	0	0	0	0	0	0	0	0	0	0	0	0	0	0	0	0	0	0	0	0	0	0	0	0	0	0	0	0	0	0	0	0	0	0	0	0	0	0	0	0	0	0	0	0	0	0	0	0	0	0	0	0	0	0	0	0	0	0	0	0	0	0	0	0	0	0	0	0	0	0	0	0	0	0	0	0	0	0	0	0	0	0	0	0	0	0	0	0	0	0	0	0	0	0	0	0	0	0	0	0	0	0	0	0	0	0	0	0	0	0	0	0	0	0	0	0	189	61	155	41
0	0	0	0	0	0	0	0	0	0	0	0	0	0	0	0	0	0	0	0	0	0	0	0	0	0	0	0	0	0	0	0	0	0	0	0	0	0	0	0	0	0	0	0	0	0	0	0	0	0	0	0	0	0	0	0	0	0	0	0	0	0	0	0	0	0	0	0	0	0	0	0	0	0	0	0	0	0	0	0	0	0	0	0	0	0	0	0	0	0	0	0	0	0	0	0	0	0	0	0	0	0	0	0	0	0	0	0	0	0	0	0	0	0	0	0	0	0	0	0	0	0	0	0	0	157	188	182
0	0	0	0	0	0	0	0	0	0	0	0	0	0	0	0	0	0	0	0	0	0	0	0	0	0	0	0	0	0	0	0	0	0	0	0	0	0	0	0	0	0	0	0	0	0	0	0	0	0	0	0	0	0	0	0	0	0	0	0	0	0	0	0	0	0	0	0	0	0	0	0	0	0	0	0	0	0	0	0	0	0	0	0	0	0	0	0	0	0	0	0	0	0	0	0	0	0	0	0	0	0	0	0	0	0	0	0	0	0	0	0	0	0	0	0	0	0	0	0	0	0	0	0	0	0	33	109
0	0	0	0	0	0	0	0	0	0	0	0	0	0	0	0	0	0	0	0	0	0	0	0	0	0	0	0	0	0	0	0	0	0	0	0	0	0	0	0	0	0	0	0	0	0	0	0	0	0	0	0	0	0	0	0	0	0	0	0	0	0	0	0	0	0	0	0	0	0	0	0	0	0	0	0	0	0	0	0	0	0	0	0	0	0	0	0	0	0	0	0	0	0	0	0	0	0	0	0	0	0	0	0	0	0	0	0	0	0	0	0	0	0	0	0	0	0	0	0	0	0	0	0	0	0	0	33
0	0	0	0	0	0	0	0	0	0	0	0	0	0	0	0	0	0	0	0	0	0	0	0	0	0	0	0	0	0	0	0	0	0	0	0	0	0	0	0	0	0	0	0	0	0	0	0	0	0	0	0	0	0	0	0	0	0	0	0	0	0	0	0	0	0	0	0	0	0	0	0	0	0	0	0	0	0	0	0	0	0	0	0	0	0	0	0	0	0	0	0	0	0	0	0	0	0	0	0	0	0	0	0	0	0	0	0	0	0	0	0	0	0	0	0	0	0	0	0	0	0	0	0	0	0	0	0