0	20	116	126	70	115	33	25	54	111	49	79	60	55	100	65	80	100	78	37	27	81	115	115	54	34	85	82	128	120	92	24	124	82	103	129	126	60	80	30	106	2	93	117	15	70	42	108	118	68	81	111	83	11	8	48	26	47	129	110	50	24	38	70	92	44	13	16	36	126	127	111	73	93	68	89	97	111	108	78	4	72	40	128	86	56	60	11	99	23	83	53	54	128	62	64	37	39	54	86	63	107	103	116	91	59	18	82	20	91	4	91	112	117	106	99	67	80	82	113	127	126	29	56	17	110	48	85
0	0	51	26	22	129	89	129	22	14	31	3	107	75	8	117	73	52	37	79	19	97	61	42	97	29	114	35	88	80	16	83	127	29	76	81	17	42	127	99	113	56	80	72	120	97	98	75	54	69	51	22	30	17	99	23	3	2	7	8	115	118	21	120	106	53	52	10	99	56	78	42	25	50	130	39	9	121	64	111	51	98	114	59	120	34	25	65	130	74	80	115	18	8	16	28	40	64	16	68	29	103	28	104	86	4	38	19	115	111	31	40	98	116	55	34	72	38	121	6	115	23	8	16	65	39	43	98
0	0	0	101	79	28	28	24	55	107	119	72	3	53	105	67	64	34	7	63	131	93	75	110	25	14	96	19	72	80	82	65	49	101	27	26	105	64	12	48	11	49	6	74	115	103	101	58	80	65	79	37	109	44	102	25	52	96	30	90	35	126	106	22	93	52	52	92	128	60	15	72	38	58	73	88	34	86	114	103	7	131	104	80	81	103	40	126	45	114	61	70	65	64	20	43	127	112	124	32	106	22	26	116	96	39	123	81	59	70	65	32	20	23	3	45	25	61	64	64	120	48	93	89	108	18	57	38
0	0	0	0	19	120	87	91	49	17	21	19	34	28	121	100	95	72	122	5	14	26	63	68	41	105	58	63	34	27	23	10	105	57	35	25	62	111	76	37	68	43	131	108	129	37	82	72	36	31	16	123	119	120	41	37	23	73	78	73	121	68	37	91	88	57	57	34	62	61	111	74	109	27	52	22	11	108	97	90	126	61	123	22	127	108	102	38	76	129	26	94	71	96	130	35	8	121	113	128	96	92	43	36	125	39	99	86	40	121	95	82	58	56	37	120	99	96	90	10	18	104	54	84	117	96	128	62
0	0	0	0	0	82	53	37	24	8	83	72	73	100	82	37	31	103	116	48	5	99	105	76	128	34	75	108	50	85	76	43	7	71	106	116	71	36	61	48	40	67	28	59	83	90	9	114	63	24	123	9	49	127	107	83	18	78	44	40	89	27	117	126	57	128	57	60	123	99	32	54	35	81	59	20	3	107	86	4	85	48	74	126	48	96	37	56	76	48	52	70	36	40	90	64	121	51	23	71	55	67	47	79	102	77	21	109	53	123	85	97	97	47	113	26	31	20	90	64	77	26	77	40	128	132	104	23
0	0	0	0	0	0	89	128	52	126	29	16	50	16	11	6	14	93	113	120	122	89	58	71	26	108	86	22	110	117	12	72	41	58	88	97	115	45	15	113	64	109	70	67	66	20	84	37	6	36	86	31	94	110	5	19	79	57	13	89	17	115	35	76	108	94	35	108	55	92	11	31	74	57	37	43	93	112	76	103	27	95	78	99	129	74	52	91	111	51	84	94	85	18	54	125	117	106	61	89	81	56	122	128	97	62	111	57	14	101	6	30	46	38	100	34	23	80	57	105	110	43	117	53	81	90	60	119
0	0	0	0	0	0	0	103	28	37	110	45	125	41	76	30	118	102	119	45	41	55	127	83	43	6	38	116	99	42	42	12	83	86	12	23	106	47	36	80	93	93	94	89	116	92	51	116	31	126	18	111	46	42	107	129	131	38	79	84	22	68	87	40	41	57	71	22	24	110	28	6	36	24	89	80	94	73	128	48	60	57	123	124	35	91	26	118	74	134	35	19	89	44	129	23	123	9	43	92	83	110	66	104	17	73	63	131	16	51	127	6	111	106	57	55	69	28	18	116	110	15	89	13	20	94	89	66
0	0	0	0	0	0	0	0	15	74	100	26	17	109	54	50	56	109	21	66	49	89	48	79	125	76	13	122	40	115	129	131	45	130	85	71	91	126	65	78	46	109	26	2	102	18	99	10	131	46	136	45	14	27	47	69	43	112	52	27	42	24	41	66	126	64	41	134	46	49	14	114	94	120	125	53	76	35	41	19	107	22	49	40	56	52	73	128	97	9	57	9	40	60	27	68	10	37	111	25	129	45	109	86	128	118	29	128	123	53	119	9	52	60	25	116	45	85	120	32	100	80	33	67	84	84	41	123
0	0	0	0	0	0	0	0	0	35	70	62	71	110	49	75	76	30	75	71	98	55	91	77	78	73	79	53	31	120	87	16	112	108	75	96	63	49	18	22	63	68	124	96	95	24	108	49	40	106	126	90	51	114	129	104	85	36	24	128	81	11	67	126	15	38	72	22	130	34	75	27	92	90	118	30	80	95	77	109	51	52	124	86	84	85	24	135	58	124	64	84	123	80	103	102	30	4	12	127	107	62	113	99	129	44	68	79	55	26	28	86	106	68	32	28	23	102	130	82	62	130	33	32	20	74	120	26
0	0	0	0	0	0	0	0	0	0	41	37	28	101	113	34	90	64	44	67	77	98	105	46	11	76	64	128	15	112	6	51	56	126	33	33	107	64	129	63	123	16	101	34	45	10	49	39	83	81	53	94	59	17	22	53	135	54	70	71	128	94	111	105	23	100	109	71	58	71	16	126	117	97	93	54	51	81	38	100	52	39	101	16	105	88	100	100	116	4	76	42	108	47	103	20	125	119	12	108	102	103	58	41	94	68	85	51	49	23	127	135	104	82	40	24	69	116	70	74	51	23	75	37	62	104	81	78
0	0	0	0	0	0	0	0	0	0	0	47	58	12	25	122	122	124	122	96	35	118	130	5	32	112	129	38	27	39	104	47	88	108	58	48	124	66	31	104	56	8	34	103	83	106	99	30	81	99	27	133	130	76	103	21	12	48	88	41	113	38	65	81	13	58	70	115	57	120	6	82	56	44	71	103	89	70	29	91	52	81	105	54	56	114	19	134	96	13	111	117	80	136	50	87	105	49	14	55	95	103	125	41	109	119	92	111	101	81	79	86	81	119	38	89	119	114	114	59	79	89	90	99	95	30	64	41
0	0	0	0	0	0	0	0	0	0	0	0	18	52	22	111	33	29	33	98	131	91	116	61	78	23	98	122	30	134	114	95	106	20	51	112	69	119	11	135	72	131	121	90	86	92	35	17	43	88	38	112	26	71	120	11	98	12	35	29	73	34	29	129	23	122	40	53	49	19	46	64	23	72	133	20	55	39	107	52	122	83	5	132	79	30	30	24	10	48	125	86	25	100	13	23	85	129	58	125	30	117	130	6	15	105	30	117	40	91	102	88	125	78	106	90	114	50	42	49	117	57	35	94	38	28	127	88
0	0	0	0	0	0	0	0	0	0	0	0	0	135	105	119	53	6	17	80	109	34	118	104	60	6	11	57	22	53	95	127	123	86	8	115	5	28	59	117	16	90	11	82	10	43	135	26	22	104	60	61	86	115	110	90	94	120	49	30	34	54	17	80	114	45	32	115	62	101	46	47	54	124	100	60	128	70	104	15	42	40	83	110	87	66	10	67	48	81	126	123	31	15	41	11	89	14	48	132	75	30	33	42	123	53	57	70	129	72	21	23	66	111	58	64	80	97	76	12	126	132	108	25	56	42	126	23
0	0	0	0	0	0	0	0	0	0	0	0	0	0	62	123	66	30	34	46	130	67	38	121	132	56	6	103	24	82	46	27	126	74	51	41	77	90	128	115	100	39	57	102	137	107	75	111	82	110	76	107	136	85	96	113	90	61	40	123	113	86	120	31	58	92	58	134	88	11	119	119	12	121	34	125	69	127	113	114	111	102	9	15	97	50	68	26	40	82	52	24	134	72	31	68	68	21	125	115	78	78	101	45	95	74	64	91	63	62	110	30	59	54	132	127	128	113	61	17	49	105	67	20	95	66	55	68
0	0	0	0	0	0	0	0	0	0	0	0	0	0	0	60	138	70	76	35	72	119	25	70	97	8	33	67	102	111	71	87	15	55	34	69	51	52	56	7	72	125	80	107	142	75	103	34	71	52	135	25	105	47	40	47	61	49	78	22	77	9	111	16	71	71	134	61	46	88	101	12	66	44	75	83	84	97	61	28	116	100	42	116	131	76	73	125	94	28	130	80	64	74	66	59	107	102	136	81	52	83	132	85	47	27	101	61	56	101	110	77	112	82	126	25	96	125	38	17	54	72	93	119	102	88	47	51
0	0	0	0	0	0	0	0	0	0	0	0	0	0	0	0	78	8	36	18	30	108	110	75	10	84	78	114	70	117	49	115	27	75	35	109	68	118	45	81	49	126	21	52	126	93	52	45	77	64	76	83	76	24	107	54	18	83	94	122	90	11	39	96	88	60	68	42	29	94	39	34	102	110	40	33	53	75	31	89	75	93	131	100	77	126	72	118	118	79	20	47	111	85	106	127	65	93	59	47	111	64	55	14	134	127	50	41	75	92	111	112	133	47	51	66	23	98	5	110	62	125	104	114	38	34	11	87
0	0	0	0	0	0	0	0	0	0	0	0	0	0	0	0	0	127	16	55	77	132	73	72	127	61	28	102	52	124	20	42	32	91	67	29	45	48	36	40	99	103	93	79	133	118	102	63	118	69	93	130	32	97	60	98	78	85	135	125	62	46	73	81	120	94	108	91	14	20	76	83	47	57	105	11	21	117	38	98	138	118	95	121	102	107	86	38	23	106	123	95	69	84	112	70	13	4	123	57	38	51	110	66	129	31	95	142	132	109	128	53	123	29	137	122	47	101	95	56	21	95	51	12	76	92	41	23
0	0	0	0	0	0	0	0	0	0	0	0	0	0	0	0	0	0	88	11	58	19	46	106	96	106	73	107	127	44	87	143	16	105	94	111	128	31	78	115	12	75	16	132	38	38	24	120	44	70	67	98	5	49	88	130	112	25	61	56	93	137	68	101	29	36	77	121	122	49	29	92	105	131	68	76	109	109	47	45	130	72	75	77	113	29	144	51	122	93	18	47	56	58	82	60	27	86	55	106	57	106	25	85	80	49	96	24	119	65	83	4	76	49	122	123	56	28	36	134	24	46	62	125	108	58	113	24
0	0	0	0	0	0	0	0	0	0	0	0	0	0	0	0	0	0	0	55	43	83	122	116	57	9	45	134	77	122	131	146	113	78	13	113	79	77	88	52	126	37	21	26	33	131	47	59	58	59	17	65	78	39	96	83	106	78	97	86	120	133	53	39	118	127	8	46	125	24	28	43	36	25	36	18	23	73	76	128	37	118	84	132	117	78	82	76	17	129	103	55	110	144	11	131	34	30	124	51	13	114	83	100	126	133	114	68	70	57	81	133	124	116	49	103	62	90	47	58	88	38	36	85	62	38	28	25
0	0	0	0	0	0	0	0	0	0	0	0	0	0	0	0	0	0	0	0	92	89	105	73	122	76	20	147	114	131	37	68	140	14	65	77	23	54	117	44	93	75	38	90	80	102	127	119	94	71	112	65	92	79	114	32	123	40	118	96	43	134	98	135	82	94	107	16	58	104	18	86	14	7	126	102	41	118	65	124	84	83	17	57	28	19	91	88	27	104	34	20	139	15	109	112	92	85	127	56	90	100	117	111	90	47	47	85	122	89	72	97	51	80	32	113	145	136	116	40	126	142	59	71	131	9	97	28
0	0	0	0	0	0	0	0	0	0	0	0	0	0	0	0	0	0	0	0	0	82	97	90	112	143	50	141	62	138	50	77	98	55	54	18	104	140	45	135	143	26	140	17	38	129	34	47	8	108	14	131	78	133	59	120	14	77	38	48	61	141	68	121	87	83	14	83	129	36	88	73	39	25	79	119	70	82	13	52	28	25	117	34	56	43	71	46	103	27	62	128	79	51	63	97	76	58	137	33	46	77	124	87	18	36	136	53	89	12	129	110	99	64	60	29	28	45	139	33	58	88	48	73	122	6	123	42
0	0	0	0	0	0	0	0	0	0	0	0	0	0	0	0	0	0	0	0	0	0	117	62	66	84	118	17	75	118	109	56	28	143	109	109	112	27	22	77	43	23	102	94	92	70	19	130	128	124	48	59	23	101	79	83	54	98	117	34	85	53	64	112	91	6	91	63	91	41	61	46	13	26	28	101	97	35	143	58	75	101	64	33	30	78	96	122	33	102	15	11	26	80	121	32	15	81	44	121	45	27	69	14	100	137	55	30	105	108	95	88	107	12	54	73	23	116	17	116	13	44	78	104	15	104	83	128
0	0	0	0	0	0	0	0	0	0	0	0	0	0	0	0	0	0	0	0	0	0	0	61	21	63	18	40	56	41	54	91	94	82	63	20	63	90	38	72	26	34	67	58	27	107	66	39	83	69	90	45	103	82	119	129	112	128	106	139	101	39	21	120	47	137	133	51	122	32	73	18	61	13	127	62	145	28	129	112	107	122	35	94	50	26	21	17	121	60	65	119	55	20	15	120	57	74	104	53	88	52	61	26	115	89	121	32	79	36	35	99	79	70	27	46	132	71	112	125	30	129	23	133	97	111	67	113
0	0	0	0	0	0	0	0	0	0	0	0	0	0	0	0	0	0	0	0	0	0	0	0	61	53	139	78	77	109	41	67	94	92	40	62	122	9	50	89	117	97	83	37	103	14	28	87	47	130	44	143	23	84	126	61	104	72	119	105	112	15	89	18	65	121	27	21	120	78	96	57	93	98	72	76	116	31	86	41	48	65	130	25	87	122	53	10	76	47	33	77	69	113	17	26	98	120	39	30	18	78	134	88	110	62	81	100	13	72	115	54	44	109	100	51	72	65	6	11	90	63	137	49	117	135	27	116
0	0	0	0	0	0	0	0	0	0	0	0	0	0	0	0	0	0	0	0	0	0	0	0	0	23	100	100	27	123	41	69	69	22	104	13	117	98	96	86	93	114	20	109	67	95	41	101	119	26	54	109	144	23	48	16	48	64	37	139	124	28	121	103	17	26	53	132	124	25	45	23	135	82	60	69	131	112	58	84	91	119	90	76	27	118	30	82	133	127	65	27	99	114	125	117	15	77	90	87	45	104	59	104	54	85	53	78	135	70	79	46	118	92	67	131	73	40	103	90	59	70	56	134	83	55	56	88
0	0	0	0	0	0	0	0	0	0	0	0	0	0	0	0	0	0	0	0	0	0	0	0	0	0	46	113	57	103	128	144	73	25	86	146	58	111	75	62	102	75	50	37	138	64	49	46	129	111	37	108	138	117	107	66	87	144	114	50	54	75	90	16	29	9	102	59	82	127	2	41	111	107	122	61	76	53	131	29	129	75	100	115	83	141	139	68	38	55	82	59	68	49	67	96	127	62	35	27	13	130	61	47	42	94	104	75	120	137	84	132	123	66	143	132	108	127	53	73	42	38	27	101	79	61	107	56
0	0	0	0	0	0	0	0	0	0	0	0	0	0	0	0	0	0	0	0	0	0	0	0	0	0	0	133	30	77	118	131	44	112	137	11	43	57	51	104	69	64	123	82	54	87	50	28	38	86	51	116	99	78	143	96	79	102	110	125	32	137	107	135	78	88	117	27	114	92	87	95	126	89	101	72	129	77	131	83	107	35	48	102	99	125	89	65	142	115	95	86	54	133	45	63	68	88	62	28	44	104	67	22	66	105	118	54	91	34	22	132	105	91	48	92	136	80	63	151	55	79	126	122	126	82	90	104
0	0	0	0	0	0	0	0	0	0	0	0	0	0	0	0	0	0	0	0	0	0	0	0	0	0	0	0	63	134	107	120	65	54	83	36	66	42	114	29	148	98	63	62	68	73	73	136	3	125	111	74	77	123	102	133	111	151	51	130	86	118	78	62	122	51	32	134	137	48	72	99	150	3	105	114	90	13	33	105	41	35	5	20	51	72	69	125	62	28	81	77	29	133	95	121	123	92	56	131	18	64	141	41	63	139	60	26	66	114	93	58	79	123	25	84	92	119	20	110	105	87	89	41	150	58	68	124
0	0	0	0	0	0	0	0	0	0	0	0	0	0	0	0	0	0	0	0	0	0	0	0	0	0	0	0	0	122	131	134	78	26	28	95	51	37	119	14	60	122	118	102	59	59	33	21	56	75	72	94	126	109	141	125	50	142	38	126	69	25	141	39	79	32	93	133	64	97	147	129	128	119	124	75	119	41	42	26	38	99	105	52	103	38	96	83	78	57	91	120	36	45	155	33	125	23	21	40	34	36	74	129	19	117	62	68	65	139	113	80	101	62	134	108	46	62	13	71	103	59	93	45	98	131	89	105
0	0	0	0	0	0	0	0	0	0	0	0	0	0	0	0	0	0	0	0	0	0	0	0	0	0	0	0	0	0	60	63	22	138	124	140	51	64	56	8	56	52	44	130	10	138	56	36	129	73	92	38	76	45	41	59	102	97	50	36	151	149	79	58	47	148	102	146	10	108	109	113	46	59	135	28	68	44	34	69	57	130	140	36	93	139	113	22	90	43	57	131	112	116	72	116	53	33	30	118	38	103	92	66	108	82	34	93	97	50	22	114	82	33	77	74	25	23	33	54	153	112	99	34	65	40	80	107
0	0	0	0	0	0	0	0	0	0	0	0	0	0	0	0	0	0	0	0	0	0	0	0	0	0	0	0	0	0	0	92	147	84	112	143	75	120	102	83	69	19	147	133	61	26	78	57	71	59	90	67	47	55	123	66	70	71	126	23	110	42	116	97	44	127	98	101	120	80	63	100	87	50	15	34	61	27	67	126	35	86	129	157	130	65	37	57	38	74	36	126	102	58	70	82	51	91	106	76	118	38	101	74	136	95	62	89	129	66	134	97	125	107	29	132	95	61	35	132	42	113	24	24	52	49	97	87
0	0	0	0	0	0	0	0	0	0	0	0	0	0	0	0	0	0	0	0	0	0	0	0	0	0	0	0	0	0	0	0	115	60	40	122	132	134	42	96	97	85	69	49	71	150	19	50	122	138	125	62	131	73	112	50	65	152	43	36	86	150	99	62	122	88	95	42	125	74	43	105	56	111	52	54	67	113	27	107	157	100	92	34	133	53	113	74	39	69	40	44	29	78	51	92	157	111	129	99	45	27	129	57	143	89	80	62	123	83	128	28	52	107	16	110	115	126	91	135	40	23	116	97	113	132	81	106
0	0	0	0	0	0	0	0	0	0	0	0	0	0	0	0	0	0	0	0	0	0	0	0	0	0	0	0	0	0	0	0	0	60	93	71	98	126	70	46	40	25	26	16	95	130	95	48	143	38	71	103	32	112	87	72	82	148	87	53	43	43	38	55	119	33	120	40	110	13	35	126	127	81	129	76	47	98	89	48	114	63	132	30	81	82	87	34	84	84	132	71	52	87	123	123	57	59	130	76	49	137	68	34	82	35	76	89	26	52	80	22	92	122	90	55	96	52	74	81	79	73	42	91	29	66	33	137
0	0	0	0	0	0	0	0	0	0	0	0	0	0	0	0	0	0	0	0	0	0	0	0	0	0	0	0	0	0	0	0	0	0	38	135	36	109	87	100	119	64	126	87	84	133	84	122	130	38	105	80	90	77	130	131	61	45	62	27	85	51	124	132	150	131	14	68	68	119	104	73	88	25	147	67	74	125	113	148	99	24	93	31	40	119	141	43	102	70	91	146	123	22	44	91	115	70	97	116	90	67	43	53	116	65	133	125	61	65	14	51	123	50	137	55	89	108	47	120	29	93	45	136	48	32	50	65
0	0	0	0	0	0	0	0	0	0	0	0	0	0	0	0	0	0	0	0	0	0	0	0	0	0	0	0	0	0	0	0	0	0	0	80	101	79	113	96	52	53	40	46	69	92	127	30	90	74	58	92	14	135	80	126	150	107	100	102	50	59	51	121	61	103	104	28	138	72	73	122	53	79	43	49	14	26	80	33	22	62	86	100	81	66	144	60	65	36	145	102	117	25	45	47	47	74	42	93	24	101	138	60	96	34	123	12	98	80	95	49	50	49	51	99	23	122	58	96	141	98	72	90	150	125	123	144
0	0	0	0	0	0	0	0	0	0	0	0	0	0	0	0	0	0	0	0	0	0	0	0	0	0	0	0	0	0	0	0	0	0	0	0	113	113	85	79	124	73	78	34	133	38	40	70	55	69	56	130	46	17	50	87	137	38	152	58	130	19	94	141	29	66	39	99	116	68	149	119	105	126	55	96	79	87	34	61	114	74	42	116	50	49	116	37	125	76	139	82	60	67	73	68	50	91	76	86	124	51	69	99	92	83	68	146	129	29	69	97	115	42	36	99	68	87	40	40	25	104	65	62	21	69	47	40
0	0	0	0	0	0	0	0	0	0	0	0	0	0	0	0	0	0	0	0	0	0	0	0	0	0	0	0	0	0	0	0	0	0	0	0	0	89	39	10	18	162	60	115	78	139	48	155	112	25	100	96	140	53	127	75	148	10	64	115	48	133	13	72	77	48	85	72	137	109	29	56	70	72	90	134	66	77	97	83	96	124	135	112	125	148	112	19	92	64	154	25	106	82	45	56	132	27	50	55	74	30	111	90	130	20	87	94	99	122	93	111	33	66	75	100	130	22	79	20	91	88	99	98	54	112	122	27
0	0	0	0	0	0	0	0	0	0	0	0	0	0	0	0	0	0	0	0	0	0	0	0	0	0	0	0	0	0	0	0	0	0	0	0	0	0	51	133	5	83	25	121	77	149	52	20	113	126	61	92	78	127	52	33	53	123	90	121	113	160	132	29	105	147	85	69	96	49	25	39	64	109	58	133	92	90	82	32	137	43	106	112	103	119	46	78	55	46	50	109	85	139	118	148	31	106	150	142	71	52	65	35	42	115	87	130	33	61	55	15	36	43	106	90	97	139	94	96	106	83	96	124	22	37	145	82
0	0	0	0	0	0	0	0	0	0	0	0	0	0	0	0	0	0	0	0	0	0	0	0	0	0	0	0	0	0	0	0	0	0	0	0	0	0	0	69	112	70	63	117	64	54	89	66	121	148	63	66	28	125	87	41	102	76	81	8	80	42	64	48	103	116	16	7	41	110	110	98	104	47	137	101	30	114	40	48	64	62	55	75	28	59	132	83	68	127	27	48	119	53	66	137	164	60	111	79	12	35	44	104	118	108	68	100	80	145	101	76	72	43	91	152	52	41	117	33	14	49	72	108	146	12	107	146
0	0	0	0	0	0	0	0	0	0	0	0	0	0	0	0	0	0	0	0	0	0	0	0	0	0	0	0	0	0	0	0	0	0	0	0	0	0	0	0	87	43	58	73	61	103	54	121	96	134	135	128	145	39	115	37	70	43	113	88	58	101	118	42	87	92	108	137	123	146	120	76	100	136	122	134	142	89	108	128	109	94	153	9	66	148	51	28	85	23	163	76	40	151	61	110	128	105	85	125	72	165	103	130	63	78	20	73	86	90	59	9	152	109	147	91	75	91	116	94	115	47	146	15	89	38	131	36
0	0	0	0	0	0	0	0	0	0	0	0	0	0	0	0	0	0	0	0	0	0	0	0	0	0	0	0	0	0	0	0	0	0	0	0	0	0	0	0	0	106	118	38	90	134	103	109	130	27	55	83	86	58	115	156	38	62	78	30	23	86	85	38	133	95	136	60	51	74	151	70	129	42	44	72	110	108	39	105	163	82	76	139	69	126	30	66	97	63	115	36	141	112	48	60	23	93	55	63	46	99	82	47	137	137	75	115	51	121	109	65	66	78	44	111	128	80	72	42	36	36	65	144	69	114	33	100
0	0	0	0	0	0	0	0	0	0	0	0	0	0	0	0	0	0	0	0	0	0	0	0	0	0	0	0	0	0	0	0	0	0	0	0	0	0	0	0	0	0	114	71	133	51	56	31	113	19	111	107	91	92	103	110	140	89	38	23	158	93	108	20	25	67	49	67	125	148	152	52	119	139	50	87	127	107	150	83	126	92	11	97	136	112	79	75	119	97	144	109	21	127	78	95	45	98	68	74	58	110	49	43	121	76	142	120	103	99	99	100	96	115	19	151	53	65	123	61	49	78	47	26	117	131	155	54
0	0	0	0	0	0	0	0	0	0	0	0	0	0	0	0	0	0	0	0	0	0	0	0	0	0	0	0	0	0	0	0	0	0	0	0	0	0	0	0	0	0	0	152	33	125	126	75	122	132	114	91	33	137	72	90	126	126	68	30	23	56	62	86	49	132	146	123	82	60	13	27	68	134	72	97	41	73	27	109	70	69	90	63	43	103	93	49	84	74	61	58	127	57	64	100	131	92	118	15	104	78	74	118	69	46	23	68	118	155	79	72	88	118	89	33	64	39	99	93	101	98	105	156	32	52	70	146
0	0	0	0	0	0	0	0	0	0	0	0	0	0	0	0	0	0	0	0	0	0	0	0	0	0	0	0	0	0	0	0	0	0	0	0	0	0	0	0	0	0	0	0	90	128	52	86	55	143	66	63	101	135	55	152	9	106	108	92	164	119	27	98	135	96	106	133	144	112	43	124	44	163	62	123	33	130	91	148	89	101	50	158	93	149	124	107	97	73	102	117	52	116	65	15	14	106	101	104	119	119	89	57	80	87	125	83	147	160	85	39	23	23	68	154	123	139	74	112	143	69	142	29	82	89	129	128
0	0	0	0	0	0	0	0	0	0	0	0	0	0	0	0	0	0	0	0	0	0	0	0	0	0	0	0	0	0	0	0	0	0	0	0	0	0	0	0	0	0	0	0	0	59	54	38	129	109	149	149	83	126	121	116	59	90	151	63	59	33	115	62	134	104	69	54	122	127	159	105	156	109	127	86	132	51	157	131	130	55	56	93	46	94	123	60	169	117	67	94	130	122	156	37	81	81	81	33	94	96	138	114	31	99	109	85	36	171	66	64	135	127	90	36	43	138	130	44	65	56	46	45	129	84	122	117
0	0	0	0	0	0	0	0	0	0	0	0	0	0	0	0	0	0	0	0	0	0	0	0	0	0	0	0	0	0	0	0	0	0	0	0	0	0	0	0	0	0	0	0	0	0	49	69	49	40	133	25	100	35	119	125	79	21	99	103	102	148	135	69	139	20	73	35	159	74	146	48	73	89	36	71	76	23	59	80	57	69	135	117	34	160	111	130	151	107	62	11	134	73	151	34	105	138	98	70	92	119	70	156	44	129	94	121	70	103	16	163	32	115	34	53	48	30	143	115	67	152	68	66	93	96	131	135
0	0	0	0	0	0	0	0	0	0	0	0	0	0	0	0	0	0	0	0	0	0	0	0	0	0	0	0	0	0	0	0	0	0	0	0	0	0	0	0	0	0	0	0	0	0	0	138	80	62	107	46	71	105	129	36	60	79	92	114	92	104	132	87	98	100	121	122	108	47	112	142	162	100	144	23	109	84	82	39	55	63	33	97	143	50	139	151	57	62	75	93	91	127	121	55	104	79	43	93	57	7	98	125	88	20	89	97	83	122	94	154	68	132	100	59	65	120	99	78	153	48	68	64	97	41	133	138
0	0	0	0	0	0	0	0	0	0	0	0	0	0	0	0	0	0	0	0	0	0	0	0	0	0	0	0	0	0	0	0	0	0	0	0	0	0	0	0	0	0	0	0	0	0	0	0	60	65	110	140	53	157	158	120	88	72	105	48	118	101	88	122	141	152	64	53	44	100	48	113	166	57	135	26	47	129	23	73	134	37	126	53	66	27	142	148	170	48	101	131	117	41	67	49	57	44	84	24	72	120	84	55	67	95	128	18	57	56	125	106	129	76	51	50	166	53	139	67	143	90	8	153	105	123	120	106
0	0	0	0	0	0	0	0	0	0	0	0	0	0	0	0	0	0	0	0	0	0	0	0	0	0	0	0	0	0	0	0	0	0	0	0	0	0	0	0	0	0	0	0	0	0	0	0	0	24	134	38	37	146	32	77	116	95	87	67	8	126	122	121	87	156	68	14	109	14	102	145	109	50	106	117	45	22	143	150	46	71	133	57	46	63	124	98	88	61	54	47	86	24	115	129	131	70	97	156	113	114	135	76	6	149	66	18	53	68	83	62	96	44	96	40	137	66	36	59	125	112	137	88	99	115	61	77
0	0	0	0	0	0	0	0	0	0	0	0	0	0	0	0	0	0	0	0	0	0	0	0	0	0	0	0	0	0	0	0	0	0	0	0	0	0	0	0	0	0	0	0	0	0	0	0	0	0	82	18	134	19	138	45	67	79	51	104	158	39	51	141	43	143	82	18	41	85	125	55	97	48	137	139	91	56	145	94	89	29	64	141	28	115	144	83	102	144	113	141	76	83	48	62	149	83	108	46	109	143	141	49	116	139	41	62	96	63	131	87	94	150	86	131	86	133	169	169	158	78	72	70	121	127	15	46
0	0	0	0	0	0	0	0	0	0	0	0	0	0	0	0	0	0	0	0	0	0	0	0	0	0	0	0	0	0	0	0	0	0	0	0	0	0	0	0	0	0	0	0	0	0	0	0	0	0	0	53	104	104	152	143	133	169	78	8	85	124	74	100	83	81	116	125	117	81	26	75	76	150	78	81	137	170	126	77	150	80	59	29	76	90	43	74	95	131	45	127	92	163	78	14	117	56	83	90	102	93	118	64	138	49	138	119	128	124	114	146	73	138	44	58	115	47	127	95	139	68	143	121	153	72	150	172
0	0	0	0	0	0	0	0	0	0	0	0	0	0	0	0	0	0	0	0	0	0	0	0	0	0	0	0	0	0	0	0	0	0	0	0	0	0	0	0	0	0	0	0	0	0	0	0	0	0	0	0	160	81	70	56	66	93	130	89	134	114	66	113	46	30	83	94	60	36	145	68	134	35	117	64	79	123	149	46	83	153	112	31	84	25	136	48	120	82	114	112	66	151	108	30	80	97	49	139	45	137	120	76	66	110	113	24	72	31	76	104	116	142	119	100	51	91	133	39	31	45	115	92	131	112	113	112
0	0	0	0	0	0	0	0	0	0	0	0	0	0	0	0	0	0	0	0	0	0	0	0	0	0	0	0	0	0	0	0	0	0	0	0	0	0	0	0	0	0	0	0	0	0	0	0	0	0	0	0	0	113	74	49	45	128	91	67	152	81	153	126	43	97	46	58	89	113	60	42	46	65	44	64	119	118	124	109	107	112	131	51	19	41	80	95	138	97	115	103	56	124	61	24	103	79	94	74	148	135	125	19	100	135	129	158	69	104	143	48	7	62	49	126	82	14	4	87	142	59	34	14	118	103	40	153
0	0	0	0	0	0	0	0	0	0	0	0	0	0	0	0	0	0	0	0	0	0	0	0	0	0	0	0	0	0	0	0	0	0	0	0	0	0	0	0	0	0	0	0	0	0	0	0	0	0	0	0	0	0	71	102	64	130	138	160	55	158	49	143	47	86	128	135	100	62	48	105	121	63	35	154	59	86	73	73	139	129	33	112	95	112	134	53	111	96	129	120	160	62	40	122	86	66	105	176	134	114	119	138	171	50	36	62	59	111	55	15	74	62	125	49	116	48	16	150	48	46	118	24	47	145	150	101
0	0	0	0	0	0	0	0	0	0	0	0	0	0	0	0	0	0	0	0	0	0	0	0	0	0	0	0	0	0	0	0	0	0	0	0	0	0	0	0	0	0	0	0	0	0	0	0	0	0	0	0	0	0	0	106	43	38	59	37	139	125	94	6	123	166	146	99	129	22	101	14	140	59	154	133	50	129	40	142	81	109	28	135	123	104	60	60	59	150	36	50	136	96	137	130	45	56	146	147	91	41	13	54	116	86	108	84	67	56	51	30	35	171	104	125	149	100	55	134	83	147	177	128	57	124	73	121
0	0	0	0	0	0	0	0	0	0	0	0	0	0	0	0	0	0	0	0	0	0	0	0	0	0	0	0	0	0	0	0	0	0	0	0	0	0	0	0	0	0	0	0	0	0	0	0	0	0	0	0	0	0	0	0	93	88	108	52	65	111	52	92	45	70	91	141	176	164	125	36	105	32	51	42	79	147	46	54	72	155	121	129	53	83	140	87	85	103	128	78	75	80	66	96	71	113	37	41	102	57	60	129	122	76	109	103	113	31	65	115	79	152	90	43	157	17	29	93	63	150	96	120	21	41	93	83
0	0	0	0	0	0	0	0	0	0	0	0	0	0	0	0	0	0	0	0	0	0	0	0	0	0	0	0	0	0	0	0	0	0	0	0	0	0	0	0	0	0	0	0	0	0	0	0	0	0	0	0	0	0	0	0	0	30	144	89	136	106	62	6	154	50	82	149	66	68	53	162	162	93	109	65	146	151	42	141	125	116	59	62	142	72	70	105	38	144	128	139	109	89	65	146	127	106	40	71	158	123	52	116	143	67	70	96	86	67	171	114	60	111	134	103	177	129	79	34	101	112	112	96	139	109	72	139
0	0	0	0	0	0	0	0	0	0	0	0	0	0	0	0	0	0	0	0	0	0	0	0	0	0	0	0	0	0	0	0	0	0	0	0	0	0	0	0	0	0	0	0	0	0	0	0	0	0	0	0	0	0	0	0	0	0	158	117	113	132	123	32	171	130	74	81	174	127	113	74	70	85	125	59	110	68	138	26	77	126	91	92	57	43	117	130	49	82	95	153	146	85	80	107	138	101	58	52	60	77	149	124	23	37	16	23	132	102	110	168	108	137	134	131	43	50	47	63	65	25	82	52	122	114	38	116
0	0	0	0	0	0	0	0	0	0	0	0	0	0	0	0	0	0	0	0	0	0	0	0	0	0	0	0	0	0	0	0	0	0	0	0	0	0	0	0	0	0	0	0	0	0	0	0	0	0	0	0	0	0	0	0	0	0	0	172	169	124	49	89	63	97	123	78	26	68	126	101	59	45	91	46	112	128	90	12	137	140	121	20	84	116	102	162	99	85	23	146	83	101	57	18	59	52	120	20	88	83	40	120	117	78	34	173	55	92	24	51	145	51	53	57	57	3	133	52	111	127	76	80	89	55	95	68
0	0	0	0	0	0	0	0	0	0	0	0	0	0	0	0	0	0	0	0	0	0	0	0	0	0	0	0	0	0	0	0	0	0	0	0	0	0	0	0	0	0	0	0	0	0	0	0	0	0	0	0	0	0	0	0	0	0	0	0	51	106	70	167	104	23	96	74	22	38	129	151	169	107	122	60	123	105	139	156	158	63	106	133	166	78	96	114	54	122	106	37	64	59	102	88	54	55	118	124	90	141	96	79	135	140	126	80	121	76	121	78	119	46	54	101	36	99	84	44	40	73	90	114	94	60	63	106
0	0	0	0	0	0	0	0	0	0	0	0	0	0	0	0	0	0	0	0	0	0	0	0	0	0	0	0	0	0	0	0	0	0	0	0	0	0	0	0	0	0	0	0	0	0	0	0	0	0	0	0	0	0	0	0	0	0	0	0	0	133	98	178	77	66	58	100	55	86	135	54	54	86	91	32	33	59	23	111	138	62	110	74	157	66	107	181	159	55	157	71	84	79	69	79	113	119	26	66	95	10	97	104	58	125	102	114	107	90	83	164	98	107	102	155	43	86	113	96	66	85	125	99	118	67	112	54
0	0	0	0	0	0	0	0	0	0	0	0	0	0	0	0	0	0	0	0	0	0	0	0	0	0	0	0	0	0	0	0	0	0	0	0	0	0	0	0	0	0	0	0	0	0	0	0	0	0	0	0	0	0	0	0	0	0	0	0	0	0	133	59	93	64	151	121	37	109	89	130	135	32	112	44	144	137	82	131	166	58	24	136	110	130	85	155	112	149	95	66	89	160	119	153	123	143	35	107	63	50	104	135	48	117	25	64	175	68	81	133	54	129	41	74	14	123	39	149	67	134	111	111	52	50	160	27
0	0	0	0	0	0	0	0	0	0	0	0	0	0	0	0	0	0	0	0	0	0	0	0	0	0	0	0	0	0	0	0	0	0	0	0	0	0	0	0	0	0	0	0	0	0	0	0	0	0	0	0	0	0	0	0	0	0	0	0	0	0	0	65	16	98	72	5	13	46	52	120	175	141	30	112	46	82	113	118	56	146	91	82	119	77	133	88	36	24	122	120	140	79	131	126	170	147	173	61	116	187	103	31	154	31	163	58	94	95	121	140	40	92	117	36	109	140	105	182	135	96	31	75	166	117	89	66
0	0	0	0	0	0	0	0	0	0	0	0	0	0	0	0	0	0	0	0	0	0	0	0	0	0	0	0	0	0	0	0	0	0	0	0	0	0	0	0	0	0	0	0	0	0	0	0	0	0	0	0	0	0	0	0	0	0	0	0	0	0	0	0	58	124	158	126	133	23	104	20	157	51	24	102	100	104	81	144	109	153	91	49	67	90	119	99	79	107	118	100	78	12	134	128	139	49	159	132	70	107	152	114	51	100	44	71	142	102	70	81	108	124	49	145	138	121	48	149	110	144	17	145	90	36	69	175
0	0	0	0	0	0	0	0	0	0	0	0	0	0	0	0	0	0	0	0	0	0	0	0	0	0	0	0	0	0	0	0	0	0	0	0	0	0	0	0	0	0	0	0	0	0	0	0	0	0	0	0	0	0	0	0	0	0	0	0	0	0	0	0	0	150	69	138	50	112	105	162	85	154	51	94	117	129	109	46	67	19	106	90	106	92	136	77	10	158	159	19	25	51	88	85	109	99	92	110	110	49	68	47	43	73	125	117	67	76	101	114	45	74	152	93	61	35	154	114	53	111	64	60	67	70	86	136
0	0	0	0	0	0	0	0	0	0	0	0	0	0	0	0	0	0	0	0	0	0	0	0	0	0	0	0	0	0	0	0	0	0	0	0	0	0	0	0	0	0	0	0	0	0	0	0	0	0	0	0	0	0	0	0	0	0	0	0	0	0	0	0	0	0	61	133	86	33	46	120	80	69	98	71	138	93	130	183	113	110	123	99	41	184	79	54	163	140	74	128	154	129	122	30	89	35	168	9	157	92	60	175	47	104	126	59	74	126	34	28	92	111	125	62	71	63	95	98	14	17	99	48	92	116	60	149
0	0	0	0	0	0	0	0	0	0	0	0	0	0	0	0	0	0	0	0	0	0	0	0	0	0	0	0	0	0	0	0	0	0	0	0	0	0	0	0	0	0	0	0	0	0	0	0	0	0	0	0	0	0	0	0	0	0	0	0	0	0	0	0	0	0	0	18	35	86	69	66	116	134	41	136	110	152	167	54	136	117	140	94	141	55	107	127	156	62	110	52	75	75	53	98	165	103	71	80	28	99	68	44	77	84	152	52	105	40	124	57	37	124	54	132	177	162	178	154	29	143	98	125	57	32	148	143
0	0	0	0	0	0	0	0	0	0	0	0	0	0	0	0	0	0	0	0	0	0	0	0	0	0	0	0	0	0	0	0	0	0	0	0	0	0	0	0	0	0	0	0	0	0	0	0	0	0	0	0	0	0	0	0	0	0	0	0	0	0	0	0	0	0	0	0	49	137	91	150	152	105	32	106	70	147	110	173	123	85	59	109	15	105	32	125	112	129	100	40	144	29	142	111	138	176	45	171	141	118	123	107	143	105	48	160	73	57	47	74	20	116	75	110	91	89	89	101	101	50	87	144	160	88	64	129
0	0	0	0	0	0	0	0	0	0	0	0	0	0	0	0	0	0	0	0	0	0	0	0	0	0	0	0	0	0	0	0	0	0	0	0	0	0	0	0	0	0	0	0	0	0	0	0	0	0	0	0	0	0	0	0	0	0	0	0	0	0	0	0	0	0	0	0	0	31	122	63	126	52	81	31	159	166	114	123	186	123	131	93	140	50	177	74	127	44	25	17	64	158	104	128	83	94	149	73	62	163	90	52	179	73	92	73	33	115	134	48	91	85	39	47	91	81	153	121	134	100	96	147	89	139	192	49
0	0	0	0	0	0	0	0	0	0	0	0	0	0	0	0	0	0	0	0	0	0	0	0	0	0	0	0	0	0	0	0	0	0	0	0	0	0	0	0	0	0	0	0	0	0	0	0	0	0	0	0	0	0	0	0	0	0	0	0	0	0	0	0	0	0	0	0	0	0	140	44	175	49	25	69	121	82	106	97	146	142	85	114	22	36	127	124	188	103	105	76	46	163	52	190	100	40	116	49	135	93	49	36	58	116	125	85	75	118	65	145	152	168	79	180	142	146	110	139	160	113	148	146	65	160	54	149
0	0	0	0	0	0	0	0	0	0	0	0	0	0	0	0	0	0	0	0	0	0	0	0	0	0	0	0	0	0	0	0	0	0	0	0	0	0	0	0	0	0	0	0	0	0	0	0	0	0	0	0	0	0	0	0	0	0	0	0	0	0	0	0	0	0	0	0	0	0	0	65	162	55	142	71	142	64	98	48	117	61	93	71	91	144	56	30	66	124	163	47	17	156	124	113	98	94	120	100	95	52	139	169	133	118	148	119	74	159	59	105	54	131	172	81	70	70	157	99	146	143	157	142	81	144	81	105
0	0	0	0	0	0	0	0	0	0	0	0	0	0	0	0	0	0	0	0	0	0	0	0	0	0	0	0	0	0	0	0	0	0	0	0	0	0	0	0	0	0	0	0	0	0	0	0	0	0	0	0	0	0	0	0	0	0	0	0	0	0	0	0	0	0	0	0	0	0	0	0	101	46	85	124	87	66	111	68	183	89	181	36	118	111	147	51	153	90	132	75	16	155	69	74	15	132	98	91	157	138	83	140	138	110	97	83	44	85	83	117	49	138	71	82	118	109	54	47	85	50	36	81	60	92	89	139
0	0	0	0	0	0	0	0	0	0	0	0	0	0	0	0	0	0	0	0	0	0	0	0	0	0	0	0	0	0	0	0	0	0	0	0	0	0	0	0	0	0	0	0	0	0	0	0	0	0	0	0	0	0	0	0	0	0	0	0	0	0	0	0	0	0	0	0	0	0	0	0	0	78	126	123	122	137	166	35	144	16	45	98	53	105	15	148	76	14	118	19	60	177	99	158	25	101	50	124	140	165	51	119	95	70	62	129	123	129	79	82	85	34	98	200	133	103	33	106	123	173	182	79	127	127	117	104
0	0	0	0	0	0	0	0	0	0	0	0	0	0	0	0	0	0	0	0	0	0	0	0	0	0	0	0	0	0	0	0	0	0	0	0	0	0	0	0	0	0	0	0	0	0	0	0	0	0	0	0	0	0	0	0	0	0	0	0	0	0	0	0	0	0	0	0	0	0	0	0	0	0	125	55	45	58	102	57	62	91	182	94	157	41	136	134	94	108	71	117	52	181	188	54	69	194	127	113	40	161	121	81	126	48	131	84	85	105	170	26	138	145	190	105	55	117	151	152	47	97	167	146	149	55	100	81
0	0	0	0	0	0	0	0	0	0	0	0	0	0	0	0	0	0	0	0	0	0	0	0	0	0	0	0	0	0	0	0	0	0	0	0	0	0	0	0	0	0	0	0	0	0	0	0	0	0	0	0	0	0	0	0	0	0	0	0	0	0	0	0	0	0	0	0	0	0	0	0	0	0	0	155	6	45	102	133	119	102	47	73	57	121	142	17	151	26	88	79	152	80	115	144	178	149	112	106	154	86	127	77	190	196	168	76	80	90	166	143	97	149	156	118	106	43	109	64	81	136	130	70	163	62	52	86
0	0	0	0	0	0	0	0	0	0	0	0	0	0	0	0	0	0	0	0	0	0	0	0	0	0	0	0	0	0	0	0	0	0	0	0	0	0	0	0	0	0	0	0	0	0	0	0	0	0	0	0	0	0	0	0	0	0	0	0	0	0	0	0	0	0	0	0	0	0	0	0	0	0	0	0	176	59	139	113	89	160	73	106	52	88	58	20	119	78	139	33	37	100	116	142	137	49	76	160	136	72	169	82	152	142	61	129	203	33	144	53	13	80	32	127	91	77	69	31	178	62	132	55	98	167	35	153
0	0	0	0	0	0	0	0	0	0	0	0	0	0	0	0	0	0	0	0	0	0	0	0	0	0	0	0	0	0	0	0	0	0	0	0	0	0	0	0	0	0	0	0	0	0	0	0	0	0	0	0	0	0	0	0	0	0	0	0	0	0	0	0	0	0	0	0	0	0	0	0	0	0	0	0	0	93	120	180	120	67	131	103	149	66	117	184	69	196	198	121	59	135	189	143	158	152	152	198	74	131	125	109	195	150	162	82	15	160	132	113	108	98	203	146	96	109	44	92	173	121	195	91	147	121	67	35
0	0	0	0	0	0	0	0	0	0	0	0	0	0	0	0	0	0	0	0	0	0	0	0	0	0	0	0	0	0	0	0	0	0	0	0	0	0	0	0	0	0	0	0	0	0	0	0	0	0	0	0	0	0	0	0	0	0	0	0	0	0	0	0	0	0	0	0	0	0	0	0	0	0	0	0	0	0	69	161	168	42	67	138	160	78	77	166	44	159	80	164	161	171	37	123	119	129	64	189	163	77	146	86	124	49	185	73	22	102	22	148	69	102	154	123	135	88	24	70	33	49	69	97	181	131	122	112
0	0	0	0	0	0	0	0	0	0	0	0	0	0	0	0	0	0	0	0	0	0	0	0	0	0	0	0	0	0	0	0	0	0	0	0	0	0	0	0	0	0	0	0	0	0	0	0	0	0	0	0	0	0	0	0	0	0	0	0	0	0	0	0	0	0	0	0	0	0	0	0	0	0	0	0	0	0	0	90	154	112	141	98	84	107	113	46	108	101	144	112	109	65	161	88	123	77	51	91	135	59	99	102	198	148	73	134	79	82	141	103	143	53	94	72	76	150	90	92	94	108	58	125	157	140	105	168
0	0	0	0	0	0	0	0	0	0	0	0	0	0	0	0	0	0	0	0	0	0	0	0	0	0	0	0	0	0	0	0	0	0	0	0	0	0	0	0	0	0	0	0	0	0	0	0	0	0	0	0	0	0	0	0	0	0	0	0	0	0	0	0	0	0	0	0	0	0	0	0	0	0	0	0	0	0	0	0	32	98	79	195	124	77	68	56	166	120	92	117	95	85	117	100	25	58	127	100	74	89	81	103	79	158	162	144	85	50	92	103	88	95	170	173	43	182	65	104	156	62	24	157	133	134	73	17
0	0	0	0	0	0	0	0	0	0	0	0	0	0	0	0	0	0	0	0	0	0	0	0	0	0	0	0	0	0	0	0	0	0	0	0	0	0	0	0	0	0	0	0	0	0	0	0	0	0	0	0	0	0	0	0	0	0	0	0	0	0	0	0	0	0	0	0	0	0	0	0	0	0	0	0	0	0	0	0	0	110	149	191	144	154	128	182	8	187	79	114	135	112	31	130	166	89	87	110	39	136	94	89	16	136	109	161	76	90	96	120	112	62	97	81	77	89	117	139	45	145	96	181	102	53	12	60
0	0	0	0	0	0	0	0	0	0	0	0	0	0	0	0	0	0	0	0	0	0	0	0	0	0	0	0	0	0	0	0	0	0	0	0	0	0	0	0	0	0	0	0	0	0	0	0	0	0	0	0	0	0	0	0	0	0	0	0	0	0	0	0	0	0	0	0	0	0	0	0	0	0	0	0	0	0	0	0	0	0	72	105	135	92	127	135	177	113	92	88	112	120	156	88	108	120	94	33	119	75	39	92	117	63	92	99	126	94	38	100	115	42	63	50	106	150	66	63	145	168	113	47	91	131	144	83
0	0	0	0	0	0	0	0	0	0	0	0	0	0	0	0	0	0	0	0	0	0	0	0	0	0	0	0	0	0	0	0	0	0	0	0	0	0	0	0	0	0	0	0	0	0	0	0	0	0	0	0	0	0	0	0	0	0	0	0	0	0	0	0	0	0	0	0	0	0	0	0	0	0	0	0	0	0	0	0	0	0	0	119	145	108	145	143	132	90	64	48	106	132	74	107	107	121	97	182	56	124	136	142	45	35	104	134	60	106	165	125	8	60	118	57	125	18	160	77	170	111	35	98	191	49	179	48
0	0	0	0	0	0	0	0	0	0	0	0	0	0	0	0	0	0	0	0	0	0	0	0	0	0	0	0	0	0	0	0	0	0	0	0	0	0	0	0	0	0	0	0	0	0	0	0	0	0	0	0	0	0	0	0	0	0	0	0	0	0	0	0	0	0	0	0	0	0	0	0	0	0	0	0	0	0	0	0	0	0	0	0	198	127	70	118	86	147	43	66	102	79	141	47	46	137	133	48	129	106	84	86	179	157	184	123	85	172	15	107	106	159	80	138	131	66	61	71	175	39	142	74	131	164	158	139
0	0	0	0	0	0	0	0	0	0	0	0	0	0	0	0	0	0	0	0	0	0	0	0	0	0	0	0	0	0	0	0	0	0	0	0	0	0	0	0	0	0	0	0	0	0	0	0	0	0	0	0	0	0	0	0	0	0	0	0	0	0	0	0	0	0	0	0	0	0	0	0	0	0	0	0	0	0	0	0	0	0	0	0	0	135	87	52	126	81	179	163	105	88	131	88	74	40	161	126	37	79	135	9	164	162	22	47	56	108	43	178	40	81	92	33	88	82	191	80	65	185	170	198	72	54	111	120
0	0	0	0	0	0	0	0	0	0	0	0	0	0	0	0	0	0	0	0	0	0	0	0	0	0	0	0	0	0	0	0	0	0	0	0	0	0	0	0	0	0	0	0	0	0	0	0	0	0	0	0	0	0	0	0	0	0	0	0	0	0	0	0	0	0	0	0	0	0	0	0	0	0	0	0	0	0	0	0	0	0	0	0	0	0	184	160	139	105	126	153	143	145	138	53	107	155	173	167	108	134	171	41	98	34	90	96	118	145	128	61	70	90	66	153	89	148	99	139	135	123	104	182	106	94	124	83
0	0	0	0	0	0	0	0	0	0	0	0	0	0	0	0	0	0	0	0	0	0	0	0	0	0	0	0	0	0	0	0	0	0	0	0	0	0	0	0	0	0	0	0	0	0	0	0	0	0	0	0	0	0	0	0	0	0	0	0	0	0	0	0	0	0	0	0	0	0	0	0	0	0	0	0	0	0	0	0	0	0	0	0	0	0	0	85	83	114	152	196	106	103	121	160	112	87	119	136	69	57	70	151	66	105	96	30	150	138	75	158	85	25	177	31	207	83	35	91	201	192	70	126	125	77	124	113
0	0	0	0	0	0	0	0	0	0	0	0	0	0	0	0	0	0	0	0	0	0	0	0	0	0	0	0	0	0	0	0	0	0	0	0	0	0	0	0	0	0	0	0	0	0	0	0	0	0	0	0	0	0	0	0	0	0	0	0	0	0	0	0	0	0	0	0	0	0	0	0	0	0	0	0	0	0	0	0	0	0	0	0	0	0	0	0	56	139	187	126	103	172	110	113	133	103	109	121	199	126	111	37	93	100	151	112	139	132	180	107	123	96	60	65	122	165	94	72	130	90	108	44	144	83	66	64
0	0	0	0	0	0	0	0	0	0	0	0	0	0	0	0	0	0	0	0	0	0	0	0	0	0	0	0	0	0	0	0	0	0	0	0	0	0	0	0	0	0	0	0	0	0	0	0	0	0	0	0	0	0	0	0	0	0	0	0	0	0	0	0	0	0	0	0	0	0	0	0	0	0	0	0	0	0	0	0	0	0	0	0	0	0	0	0	0	160	90	82	156	120	176	127	168	38	110	105	79	110	123	138	138	180	133	23	99	173	80	124	191	120	136	54	102	29	90	79	56	126	186	107	53	147	157	89
0	0	0	0	0	0	0	0	0	0	0	0	0	0	0	0	0	0	0	0	0	0	0	0	0	0	0	0	0	0	0	0	0	0	0	0	0	0	0	0	0	0	0	0	0	0	0	0	0	0	0	0	0	0	0	0	0	0	0	0	0	0	0	0	0	0	0	0	0	0	0	0	0	0	0	0	0	0	0	0	0	0	0	0	0	0	0	0	0	0	133	81	77	76	121	149	132	81	59	128	15	85	135	120	89	99	115	88	158	56	116	188	140	115	130	154	104	157	142	97	110	139	69	62	163	49	146	146
0	0	0	0	0	0	0	0	0	0	0	0	0	0	0	0	0	0	0	0	0	0	0	0	0	0	0	0	0	0	0	0	0	0	0	0	0	0	0	0	0	0	0	0	0	0	0	0	0	0	0	0	0	0	0	0	0	0	0	0	0	0	0	0	0	0	0	0	0	0	0	0	0	0	0	0	0	0	0	0	0	0	0	0	0	0	0	0	0	0	0	118	43	130	65	41	192	137	168	120	85	102	68	99	143	189	103	174	202	101	25	192	134	104	121	131	172	147	171	86	39	14	43	73	84	11	54	148
0	0	0	0	0	0	0	0	0	0	0	0	0	0	0	0	0	0	0	0	0	0	0	0	0	0	0	0	0	0	0	0	0	0	0	0	0	0	0	0	0	0	0	0	0	0	0	0	0	0	0	0	0	0	0	0	0	0	0	0	0	0	0	0	0	0	0	0	0	0	0	0	0	0	0	0	0	0	0	0	0	0	0	0	0	0	0	0	0	0	0	0	130	130	26	130	203	82	179	192	131	95	122	123	108	105	40	129	95	195	120	162	93	66	142	122	179	180	130	108	149	53	96	69	103	161	126	59
0	0	0	0	0	0	0	0	0	0	0	0	0	0	0	0	0	0	0	0	0	0	0	0	0	0	0	0	0	0	0	0	0	0	0	0	0	0	0	0	0	0	0	0	0	0	0	0	0	0	0	0	0	0	0	0	0	0	0	0	0	0	0	0	0	0	0	0	0	0	0	0	0	0	0	0	0	0	0	0	0	0	0	0	0	0	0	0	0	0	0	0	0	148	48	148	100	119	132	137	48	118	108	89	83	139	57	80	128	142	121	155	129	111	106	141	24	126	114	162	38	105	89	104	141	150	82	66
0	0	0	0	0	0	0	0	0	0	0	0	0	0	0	0	0	0	0	0	0	0	0	0	0	0	0	0	0	0	0	0	0	0	0	0	0	0	0	0	0	0	0	0	0	0	0	0	0	0	0	0	0	0	0	0	0	0	0	0	0	0	0	0	0	0	0	0	0	0	0	0	0	0	0	0	0	0	0	0	0	0	0	0	0	0	0	0	0	0	0	0	0	0	137	178	182	139	101	99	121	131	117	85	28	143	194	88	106	125	125	163	105	123	39	120	101	68	83	24	145	114	152	153	134	75	75	92
0	0	0	0	0	0	0	0	0	0	0	0	0	0	0	0	0	0	0	0	0	0	0	0	0	0	0	0	0	0	0	0	0	0	0	0	0	0	0	0	0	0	0	0	0	0	0	0	0	0	0	0	0	0	0	0	0	0	0	0	0	0	0	0	0	0	0	0	0	0	0	0	0	0	0	0	0	0	0	0	0	0	0	0	0	0	0	0	0	0	0	0	0	0	0	95	156	110	76	94	104	121	67	88	121	157	155	85	70	140	160	164	90	169	131	106	68	83	100	56	94	100	55	156	41	120	199	146
0	0	0	0	0	0	0	0	0	0	0	0	0	0	0	0	0	0	0	0	0	0	0	0	0	0	0	0	0	0	0	0	0	0	0	0	0	0	0	0	0	0	0	0	0	0	0	0	0	0	0	0	0	0	0	0	0	0	0	0	0	0	0	0	0	0	0	0	0	0	0	0	0	0	0	0	0	0	0	0	0	0	0	0	0	0	0	0	0	0	0	0	0	0	0	0	194	98	65	51	106	116	124	127	168	66	120	143	46	96	101	154	72	94	48	150	56	45	97	88	84	34	56	134	69	107	45	56
0	0	0	0	0	0	0	0	0	0	0	0	0	0	0	0	0	0	0	0	0	0	0	0	0	0	0	0	0	0	0	0	0	0	0	0	0	0	0	0	0	0	0	0	0	0	0	0	0	0	0	0	0	0	0	0	0	0	0	0	0	0	0	0	0	0	0	0	0	0	0	0	0	0	0	0	0	0	0	0	0	0	0	0	0	0	0	0	0	0	0	0	0	0	0	0	0	107	56	126	199	131	88	92	97	190	86	180	107	161	192	194	173	132	148	158	72	140	135	127	118	55	100	139	58	34	7	82
0	0	0	0	0	0	0	0	0	0	0	0	0	0	0	0	0	0	0	0	0	0	0	0	0	0	0	0	0	0	0	0	0	0	0	0	0	0	0	0	0	0	0	0	0	0	0	0	0	0	0	0	0	0	0	0	0	0	0	0	0	0	0	0	0	0	0	0	0	0	0	0	0	0	0	0	0	0	0	0	0	0	0	0	0	0	0	0	0	0	0	0	0	0	0	0	0	0	119	108	112	109	91	66	119	110	30	101	101	166	20	123	102	119	144	182	108	89	45	206	76	162	92	199	80	139	129	97
0	0	0	0	0	0	0	0	0	0	0	0	0	0	0	0	0	0	0	0	0	0	0	0	0	0	0	0	0	0	0	0	0	0	0	0	0	0	0	0	0	0	0	0	0	0	0	0	0	0	0	0	0	0	0	0	0	0	0	0	0	0	0	0	0	0	0	0	0	0	0	0	0	0	0	0	0	0	0	0	0	0	0	0	0	0	0	0	0	0	0	0	0	0	0	0	0	0	0	183	24	145	116	139	220	83	160	117	135	84	89	102	134	76	160	183	13	169	178	69	123	90	140	160	79	165	148	83
0	0	0	0	0	0	0	0	0	0	0	0	0	0	0	0	0	0	0	0	0	0	0	0	0	0	0	0	0	0	0	0	0	0	0	0	0	0	0	0	0	0	0	0	0	0	0	0	0	0	0	0	0	0	0	0	0	0	0	0	0	0	0	0	0	0	0	0	0	0	0	0	0	0	0	0	0	0	0	0	0	0	0	0	0	0	0	0	0	0	0	0	0	0	0	0	0	0	0	0	75	133	132	66	217	129	87	93	103	48	125	152	104	89	21	176	175	117	128	220	154	68	134	33	206	122	136	110
0	0	0	0	0	0	0	0	0	0	0	0	0	0	0	0	0	0	0	0	0	0	0	0	0	0	0	0	0	0	0	0	0	0	0	0	0	0	0	0	0	0	0	0	0	0	0	0	0	0	0	0	0	0	0	0	0	0	0	0	0	0	0	0	0	0	0	0	0	0	0	0	0	0	0	0	0	0	0	0	0	0	0	0	0	0	0	0	0	0	0	0	0	0	0	0	0	0	0	0	0	79	140	145	162	148	141	142	78	67	147	94	161	129	97	71	142	78	66	62	69	98	154	165	101	128	129	54
0	0	0	0	0	0	0	0	0	0	0	0	0	0	0	0	0	0	0	0	0	0	0	0	0	0	0	0	0	0	0	0	0	0	0	0	0	0	0	0	0	0	0	0	0	0	0	0	0	0	0	0	0	0	0	0	0	0	0	0	0	0	0	0	0	0	0	0	0	0	0	0	0	0	0	0	0	0	0	0	0	0	0	0	0	0	0	0	0	0	0	0	0	0	0	0	0	0	0	0	0	0	122	120	179	117	145	199	133	77	171	61	205	92	69	162	173	149	82	145	105	110	134	160	66	158	29	96
0	0	0	0	0	0	0	0	0	0	0	0	0	0	0	0	0	0	0	0	0	0	0	0	0	0	0	0	0	0	0	0	0	0	0	0	0	0	0	0	0	0	0	0	0	0	0	0	0	0	0	0	0	0	0	0	0	0	0	0	0	0	0	0	0	0	0	0	0	0	0	0	0	0	0	0	0	0	0	0	0	0	0	0	0	0	0	0	0	0	0	0	0	0	0	0	0	0	0	0	0	0	0	200	66	151	203	110	127	77	71	108	93	167	125	60	106	38	43	136	113	80	53	101	90	148	84	84
0	0	0	0	0	0	0	0	0	0	0	0	0	0	0	0	0	0	0	0	0	0	0	0	0	0	0	0	0	0	0	0	0	0	0	0	0	0	0	0	0	0	0	0	0	0	0	0	0	0	0	0	0	0	0	0	0	0	0	0	0	0	0	0	0	0	0	0	0	0	0	0	0	0	0	0	0	0	0	0	0	0	0	0	0	0	0	0	0	0	0	0	0	0	0	0	0	0	0	0	0	0	0	0	55	47	158	100	53	83	179	100	91	135	135	192	48	125	151	40	80	60	72	89	137	123	132	147
0	0	0	0	0	0	0	0	0	0	0	0	0	0	0	0	0	0	0	0	0	0	0	0	0	0	0	0	0	0	0	0	0	0	0	0	0	0	0	0	0	0	0	0	0	0	0	0	0	0	0	0	0	0	0	0	0	0	0	0	0	0	0	0	0	0	0	0	0	0	0	0	0	0	0	0	0	0	0	0	0	0	0	0	0	0	0	0	0	0	0	0	0	0	0	0	0	0	0	0	0	0	0	0	0	104	163	117	119	107	107	124	45	138	88	144	107	159	131	149	120	191	87	146	65	88	99	117
0	0	0	0	0	0	0	0	0	0	0	0	0	0	0	0	0	0	0	0	0	0	0	0	0	0	0	0	0	0	0	0	0	0	0	0	0	0	0	0	0	0	0	0	0	0	0	0	0	0	0	0	0	0	0	0	0	0	0	0	0	0	0	0	0	0	0	0	0	0	0	0	0	0	0	0	0	0	0	0	0	0	0	0	0	0	0	0	0	0	0	0	0	0	0	0	0	0	0	0	0	0	0	0	0	0	120	104	179	127	85	96	147	90	136	156	124	68	120	57	171	44	25	156	205	121	66	126
0	0	0	0	0	0	0	0	0	0	0	0	0	0	0	0	0	0	0	0	0	0	0	0	0	0	0	0	0	0	0	0	0	0	0	0	0	0	0	0	0	0	0	0	0	0	0	0	0	0	0	0	0	0	0	0	0	0	0	0	0	0	0	0	0	0	0	0	0	0	0	0	0	0	0	0	0	0	0	0	0	0	0	0	0	0	0	0	0	0	0	0	0	0	0	0	0	0	0	0	0	0	0	0	0	0	0	134	135	138	127	104	70	159	179	164	108	197	115	65	167	50	190	62	125	88	161	102
0	0	0	0	0	0	0	0	0	0	0	0	0	0	0	0	0	0	0	0	0	0	0	0	0	0	0	0	0	0	0	0	0	0	0	0	0	0	0	0	0	0	0	0	0	0	0	0	0	0	0	0	0	0	0	0	0	0	0	0	0	0	0	0	0	0	0	0	0	0	0	0	0	0	0	0	0	0	0	0	0	0	0	0	0	0	0	0	0	0	0	0	0	0	0	0	0	0	0	0	0	0	0	0	0	0	0	0	89	61	116	91	62	161	125	50	127	84	128	102	54	121	111	130	56	224	77	44
0	0	0	0	0	0	0	0	0	0	0	0	0	0	0	0	0	0	0	0	0	0	0	0	0	0	0	0	0	0	0	0	0	0	0	0	0	0	0	0	0	0	0	0	0	0	0	0	0	0	0	0	0	0	0	0	0	0	0	0	0	0	0	0	0	0	0	0	0	0	0	0	0	0	0	0	0	0	0	0	0	0	0	0	0	0	0	0	0	0	0	0	0	0	0	0	0	0	0	0	0	0	0	0	0	0	0	0	0	77	157	121	61	126	136	213	127	225	101	167	144	110	148	121	40	36	50	184
0	0	0	0	0	0	0	0	0	0	0	0	0	0	0	0	0	0	0	0	0	0	0	0	0	0	0	0	0	0	0	0	0	0	0	0	0	0	0	0	0	0	0	0	0	0	0	0	0	0	0	0	0	0	0	0	0	0	0	0	0	0	0	0	0	0	0	0	0	0	0	0	0	0	0	0	0	0	0	0	0	0	0	0	0	0	0	0	0	0	0	0	0	0	0	0	0	0	0	0	0	0	0	0	0	0	0	0	0	0	129	120	113	210	119	70	62	54	20	126	87	57	144	48	209	88	171	85
0	0	0	0	0	0	0	0	0	0	0	0	0	0	0	0	0	0	0	0	0	0	0	0	0	0	0	0	0	0	0	0	0	0	0	0	0	0	0	0	0	0	0	0	0	0	0	0	0	0	0	0	0	0	0	0	0	0	0	0	0	0	0	0	0	0	0	0	0	0	0	0	0	0	0	0	0	0	0	0	0	0	0	0	0	0	0	0	0	0	0	0	0	0	0	0	0	0	0	0	0	0	0	0	0	0	0	0	0	0	0	29	59	36	184	122	195	83	80	213	121	63	134	98	128	156	135	66
0	0	0	0	0	0	0	0	0	0	0	0	0	0	0	0	0	0	0	0	0	0	0	0	0	0	0	0	0	0	0	0	0	0	0	0	0	0	0	0	0	0	0	0	0	0	0	0	0	0	0	0	0	0	0	0	0	0	0	0	0	0	0	0	0	0	0	0	0	0	0	0	0	0	0	0	0	0	0	0	0	0	0	0	0	0	0	0	0	0	0	0	0	0	0	0	0	0	0	0	0	0	0	0	0	0	0	0	0	0	0	0	86	88	106	180	122	101	154	96	185	92	170	105	102	190	107	104
0	0	0	0	0	0	0	0	0	0	0	0	0	0	0	0	0	0	0	0	0	0	0	0	0	0	0	0	0	0	0	0	0	0	0	0	0	0	0	0	0	0	0	0	0	0	0	0	0	0	0	0	0	0	0	0	0	0	0	0	0	0	0	0	0	0	0	0	0	0	0	0	0	0	0	0	0	0	0	0	0	0	0	0	0	0	0	0	0	0	0	0	0	0	0	0	0	0	0	0	0	0	0	0	0	0	0	0	0	0	0	0	0	137	159	114	41	140	93	70	237	115	206	116	83	92	163	99
0	0	0	0	0	0	0	0	0	0	0	0	0	0	0	0	0	0	0	0	0	0	0	0	0	0	0	0	0	0	0	0	0	0	0	0	0	0	0	0	0	0	0	0	0	0	0	0	0	0	0	0	0	0	0	0	0	0	0	0	0	0	0	0	0	0	0	0	0	0	0	0	0	0	0	0	0	0	0	0	0	0	0	0	0	0	0	0	0	0	0	0	0	0	0	0	0	0	0	0	0	0	0	0	0	0	0	0	0	0	0	0	0	0	138	148	86	108	145	95	124	178	163	177	92	100	111	125
0	0	0	0	0	0	0	0	0	0	0	0	0	0	0	0	0	0	0	0	0	0	0	0	0	0	0	0	0	0	0	0	0	0	0	0	0	0	0	0	0	0	0	0	0	0	0	0	0	0	0	0	0	0	0	0	0	0	0	0	0	0	0	0	0	0	0	0	0	0	0	0	0	0	0	0	0	0	0	0	0	0	0	0	0	0	0	0	0	0	0	0	0	0	0	0	0	0	0	0	0	0	0	0	0	0	0	0	0	0	0	0	0	0	0	45	169	226	100	101	144	217	79	68	110	80	104	51
0	0	0	0	0	0	0	0	0	0	0	0	0	0	0	0	0	0	0	0	0	0	0	0	0	0	0	0	0	0	0	0	0	0	0	0	0	0	0	0	0	0	0	0	0	0	0	0	0	0	0	0	0	0	0	0	0	0	0	0	0	0	0	0	0	0	0	0	0	0	0	0	0	0	0	0	0	0	0	0	0	0	0	0	0	0	0	0	0	0	0	0	0	0	0	0	0	0	0	0	0	0	0	0	0	0	0	0	0	0	0	0	0	0	0	0	35	111	55	218	79	142	161	130	52	124	50	127
0	0	0	0	0	0	0	0	0	0	0	0	0	0	0	0	0	0	0	0	0	0	0	0	0	0	0	0	0	0	0	0	0	0	0	0	0	0	0	0	0	0	0	0	0	0	0	0	0	0	0	0	0	0	0	0	0	0	0	0	0	0	0	0	0	0	0	0	0	0	0	0	0	0	0	0	0	0	0	0	0	0	0	0	0	0	0	0	0	0	0	0	0	0	0	0	0	0	0	0	0	0	0	0	0	0	0	0	0	0	0	0	0	0	0	0	0	74	172	184	62	154	72	37	130	166	114	67
0	0	0	0	0	0	0	0	0	0	0	0	0	0	0	0	0	0	0	0	0	0	0	0	0	0	0	0	0	0	0	0	0	0	0	0	0	0	0	0	0	0	0	0	0	0	0	0	0	0	0	0	0	0	0	0	0	0	0	0	0	0	0	0	0	0	0	0	0	0	0	0	0	0	0	0	0	0	0	0	0	0	0	0	0	0	0	0	0	0	0	0	0	0	0	0	0	0	0	0	0	0	0	0	0	0	0	0	0	0	0	0	0	0	0	0	0	0	20	62	104	124	122	153	131	87	179	173
0	0	0	0	0	0	0	0	0	0	0	0	0	0	0	0	0	0	0	0	0	0	0	0	0	0	0	0	0	0	0	0	0	0	0	0	0	0	0	0	0	0	0	0	0	0	0	0	0	0	0	0	0	0	0	0	0	0	0	0	0	0	0	0	0	0	0	0	0	0	0	0	0	0	0	0	0	0	0	0	0	0	0	0	0	0	0	0	0	0	0	0	0	0	0	0	0	0	0	0	0	0	0	0	0	0	0	0	0	0	0	0	0	0	0	0	0	0	0	193	31	133	73	44	127	220	183	18
0	0	0	0	0	0	0	0	0	0	0	0	0	0	0	0	0	0	0	0	0	0	0	0	0	0	0	0	0	0	0	0	0	0	0	0	0	0	0	0	0	0	0	0	0	0	0	0	0	0	0	0	0	0	0	0	0	0	0	0	0	0	0	0	0	0	0	0	0	0	0	0	0	0	0	0	0	0	0	0	0	0	0	0	0	0	0	0	0	0	0	0	0	0	0	0	0	0	0	0	0	0	0	0	0	0	0	0	0	0	0	0	0	0	0	0	0	0	0	0	185	155	53	180	179	189	198	38
0	0	0	0	0	0	0	0	0	0	0	0	0	0	0	0	0	0	0	0	0	0	0	0	0	0	0	0	0	0	0	0	0	0	0	0	0	0	0	0	0	0	0	0	0	0	0	0	0	0	0	0	0	0	0	0	0	0	0	0	0	0	0	0	0	0	0	0	0	0	0	0	0	0	0	0	0	0	0	0	0	0	0	0	0	0	0	0	0	0	0	0	0	0	0	0	0	0	0	0	0	0	0	0	0	0	0	0	0	0	0	0	0	0	0	0	0	0	0	0	0	153	64	187	208	184	185	160
0	0	0	0	0	0	0	0	0	0	0	0	0	0	0	0	0	0	0	0	0	0	0	0	0	0	0	0	0	0	0	0	0	0	0	0	0	0	0	0	0	0	0	0	0	0	0	0	0	0	0	0	0	0	0	0	0	0	0	0	0	0	0	0	0	0	0	0	0	0	0	0	0	0	0	0	0	0	0	0	0	0	0	0	0	0	0	0	0	0	0	0	0	0	0	0	0	0	0	0	0	0	0	0	0	0	0	0	0	0	0	0	0	0	0	0	0	0	0	0	0	0	80	144	95	164	205	130
0	0	0	0	0	0	0	0	0	0	0	0	0	0	0	0	0	0	0	0	0	0	0	0	0	0	0	0	0	0	0	0	0	0	0	0	0	0	0	0	0	0	0	0	0	0	0	0	0	0	0	0	0	0	0	0	0	0	0	0	0	0	0	0	0	0	0	0	0	0	0	0	0	0	0	0	0	0	0	0	0	0	0	0	0	0	0	0	0	0	0	0	0	0	0	0	0	0	0	0	0	0	0	0	0	0	0	0	0	0	0	0	0	0	0	0	0	0	0	0	0	0	0	103	51	209	145	99
0	0	0	0	0	0	0	0	0	0	0	0	0	0	0	0	0	0	0	0	0	0	0	0	0	0	0	0	0	0	0	0	0	0	0	0	0	0	0	0	0	0	0	0	0	0	0	0	0	0	0	0	0	0	0	0	0	0	0	0	0	0	0	0	0	0	0	0	0	0	0	0	0	0	0	0	0	0	0	0	0	0	0	0	0	0	0	0	0	0	0	0	0	0	0	0	0	0	0	0	0	0	0	0	0	0	0	0	0	0	0	0	0	0	0	0	0	0	0	0	0	0	0	0	110	109	189	86
0	0	0	0	0	0	0	0	0	0	0	0	0	0	0	0	0	0	0	0	0	0	0	0	0	0	0	0	0	0	0	0	0	0	0	0	0	0	0	0	0	0	0	0	0	0	0	0	0	0	0	0	0	0	0	0	0	0	0	0	0	0	0	0	0	0	0	0	0	0	0	0	0	0	0	0	0	0	0	0	0	0	0	0	0	0	0	0	0	0	0	0	0	0	0	0	0	0	0	0	0	0	0	0	0	0	0	0	0	0	0	0	0	0	0	0	0	0	0	0	0	0	0	0	0	105	150	129
0	0	0	0	0	0	0	0	0	0	0	0	0	0	0	0	0	0	0	0	0	0	0	0	0	0	0	0	0	0	0	0	0	0	0	0	0	0	0	0	0	0	0	0	0	0	0	0	0	0	0	0	0	0	0	0	0	0	0	0	0	0	0	0	0	0	0	0	0	0	0	0	0	0	0	0	0	0	0	0	0	0	0	0	0	0	0	0	0	0	0	0	0	0	0	0	0	0	0	0	0	0	0	0	0	0	0	0	0	0	0	0	0	0	0	0	0	0	0	0	0	0	0	0	0	0	88	128
0	0	0	0	0	0	0	0	0	0	0	0	0	0	0	0	0	0	0	0	0	0	0	0	0	0	0	0	0	0	0	0	0	0	0	0	0	0	0	0	0	0	0	0	0	0	0	0	0	0	0	0	0	0	0	0	0	0	0	0	0	0	0	0	0	0	0	0	0	0	0	0	0	0	0	0	0	0	0	0	0	0	0	0	0	0	0	0	0	0	0	0	0	0	0	0	0	0	0	0	0	0	0	0	0	0	0	0	0	0	0	0	0	0	0	0	0	0	0	0	0	0	0	0	0	0	0	135
0	0	0	0	0	0	0	0	0	0	0	0	0	0	0	0	0	0	0	0	0	0	0	0	0	0	0	0	0	0	0	0	0	0	0	0	0	0	0	0	0	0	0	0	0	0	0	0	0	0	0	0	0	0	0	0	0	0	0	0	0	0	0	0	0	0	0	0	0	0	0	0	0	0	0	0	0	0	0	0	0	0	0	0	0	0	0	0	0	0	0	0	0	0	0	0	0	0	0	0	0	0	0	0	0	0	0	0	0	0	0	0	0	0	0	0	0	0	0	0	0	0	0	0	0	0	0	0