0	89	71	26	92	115	81	99	28	88	21	111	67	45	80	94	74	42	44	107	78	44	102	90	17	81	57	113	65	64	91	91	56	56	12	68	97	51	63	127	20	92	89	109	31	53	78	57	77	129	106	54	13	45	27	10	41	15	71	45	101	73	117	11	102	27	43	17	123	70	110	18	89	124	30	73	29	84	60	44	122	51	98	114	46	48	36	128	37	49	16	113	37	11	118	88	95	107	99	44	31	56	63	92	44	98	31	91	83	63	97	76	113	11	121	33	73	33	87	92	125	120	97	80	79	10	102	44
0	0	38	6	58	31	55	23	126	80	71	47	37	129	82	41	86	35	49	27	95	94	70	91	115	122	35	18	109	93	35	52	95	94	79	67	85	2	6	51	72	121	68	45	127	128	119	95	38	108	21	16	37	117	4	41	34	28	130	26	81	93	22	56	17	25	46	22	115	114	81	34	123	25	59	77	71	58	129	109	17	86	91	57	82	120	43	103	128	130	104	62	21	102	11	114	87	23	90	62	121	11	82	48	122	50	110	115	94	57	60	64	84	81	25	49	6	67	78	5	118	67	50	30	78	82	60	47
0	0	0	97	19	117	67	60	103	61	96	92	48	59	122	48	3	65	100	15	27	115	75	42	31	35	8	71	31	95	106	48	89	109	12	61	102	38	10	115	52	102	117	95	122	53	55	106	74	102	72	32	89	22	11	66	17	126	63	15	80	26	117	108	28	48	131	58	89	70	75	13	24	93	84	77	67	58	117	79	14	19	130	8	21	50	26	74	7	120	71	72	105	76	88	100	112	117	17	64	15	113	38	109	108	64	72	104	105	121	79	47	101	96	101	68	109	128	19	97	32	22	51	92	116	44	75	61
0	0	0	0	32	78	30	101	57	14	62	55	36	38	8	116	120	59	29	71	19	8	95	61	78	93	30	107	42	132	12	129	4	34	93	130	104	54	21	41	107	49	3	53	88	65	119	37	112	60	94	30	61	16	58	68	107	94	122	31	111	64	40	128	105	39	55	123	116	81	99	107	130	8	23	75	34	63	44	107	71	54	53	123	34	71	101	26	118	59	36	20	22	23	118	33	59	17	88	54	61	42	15	106	111	98	130	113	41	80	17	44	14	47	25	74	5	101	15	78	93	27	61	72	122	117	36	53
0	0	0	0	0	66	40	26	67	9	124	7	119	119	42	75	63	70	50	126	22	49	122	109	99	85	110	70	29	91	77	42	115	112	50	83	33	44	45	57	114	70	25	101	130	98	12	37	9	77	12	80	83	108	101	4	18	8	62	31	22	112	110	47	87	102	30	31	9	49	7	56	119	88	53	111	63	64	67	43	77	23	101	46	58	113	44	82	93	123	43	32	51	124	57	50	13	28	90	83	31	34	85	6	13	23	46	36	114	43	28	81	31	17	8	18	95	15	18	78	36	106	110	65	89	117	50	75
0	0	0	0	0	0	32	51	44	35	53	128	63	98	60	95	10	54	5	88	46	48	106	58	79	124	103	122	118	15	39	11	35	101	73	19	18	115	18	47	48	37	7	61	89	112	38	10	9	24	122	9	99	91	89	85	100	72	40	44	48	124	94	11	41	24	46	80	94	52	30	102	96	31	121	87	118	132	55	51	85	43	71	37	30	77	33	110	71	116	83	44	102	67	131	58	86	32	104	126	38	76	92	68	37	12	114	64	127	54	113	100	21	125	110	63	43	95	41	130	73	8	117	76	65	102	107	89
0	0	0	0	0	0	0	80	123	27	77	40	17	52	68	19	123	55	80	64	89	128	10	117	67	95	91	21	70	16	99	113	84	102	45	14	110	44	26	30	92	115	101	129	33	109	92	66	24	14	54	108	45	100	47	17	75	79	35	82	118	80	94	16	8	125	98	93	88	2	56	10	10	48	96	72	73	101	65	118	120	26	67	122	41	99	17	121	16	125	8	69	27	70	102	51	21	25	103	14	51	32	88	16	100	47	121	115	117	45	35	51	25	105	14	39	130	81	59	20	102	78	79	125	125	13	116	40
0	0	0	0	0	0	0	0	134	134	10	113	33	8	5	103	98	129	23	19	67	104	48	12	109	124	14	92	25	9	29	13	99	46	133	58	94	30	21	13	41	54	26	25	46	71	106	78	69	128	51	15	128	127	10	23	73	14	34	86	115	87	111	83	98	31	116	110	12	49	67	49	8	123	58	115	49	17	122	133	56	60	92	89	72	73	95	103	9	132	67	8	74	32	45	118	10	30	121	41	67	54	64	115	71	48	39	67	56	101	121	122	52	110	123	5	9	87	123	46	120	52	33	17	64	88	106	88
0	0	0	0	0	0	0	0	0	62	65	59	125	90	83	58	23	126	13	89	53	129	13	83	10	21	61	9	119	132	74	48	9	6	31	118	86	86	57	93	38	38	11	107	101	63	90	23	104	53	128	29	72	56	98	46	15	112	23	52	14	30	125	89	13	57	87	43	43	53	66	97	105	35	65	81	107	118	78	105	61	90	38	19	54	16	92	37	111	67	61	84	19	90	114	44	94	97	77	8	104	117	97	92	67	42	107	68	52	30	68	99	57	64	67	50	38	109	126	108	71	71	121	78	48	60	19	41
0	0	0	0	0	0	0	0	0	0	111	97	46	60	112	24	12	114	69	136	114	98	45	7	81	59	79	92	124	28	97	127	107	70	127	49	4	103	120	126	64	85	92	56	71	104	54	84	56	32	17	20	51	81	76	12	125	55	92	131	48	68	16	107	62	107	57	83	27	44	96	22	17	18	105	97	18	98	96	84	95	5	91	20	86	93	102	13	18	58	98	86	48	36	52	122	17	42	39	50	89	109	100	28	55	15	67	78	43	14	133	83	28	132	49	122	24	24	20	99	29	42	116	112	119	137	72	10
0	0	0	0	0	0	0	0	0	0	0	63	66	98	122	19	72	36	38	91	29	108	92	29	119	128	45	15	100	117	75	36	96	49	101	106	44	111	80	133	100	50	123	131	79	64	83	68	89	46	99	21	62	22	87	65	87	114	83	135	42	58	87	32	45	86	79	108	10	85	117	7	73	93	14	88	129	113	48	104	22	86	80	132	113	9	102	98	128	62	61	25	57	30	69	100	46	127	128	85	26	95	90	25	122	61	11	11	24	125	101	84	28	70	43	43	19	24	51	50	69	110	111	107	9	17	136	94
0	0	0	0	0	0	0	0	0	0	0	0	96	48	55	72	15	83	81	89	46	102	49	15	59	56	112	72	8	79	12	133	78	52	109	106	5	130	59	86	82	131	118	106	39	107	50	76	76	110	63	82	116	29	23	30	66	74	18	67	89	105	117	92	2	78	25	23	132	95	39	14	39	24	48	52	40	58	130	27	13	94	56	26	55	111	78	23	7	23	130	54	22	93	70	58	33	12	130	67	103	43	100	105	42	58	105	35	56	17	15	58	86	118	22	26	139	92	35	125	40	95	58	64	88	28	61	117
0	0	0	0	0	0	0	0	0	0	0	0	0	75	117	25	54	10	53	100	74	89	54	70	82	57	124	41	8	86	9	89	28	97	109	95	109	40	76	44	119	114	35	18	106	40	42	25	104	99	22	119	82	124	37	111	132	26	10	129	62	130	119	28	20	79	71	32	39	9	117	96	115	33	124	101	49	115	47	40	88	130	16	130	70	40	8	57	57	13	112	87	29	63	132	138	102	67	51	2	116	38	69	39	117	13	116	70	89	113	41	50	129	9	60	130	15	32	68	113	69	82	107	77	48	123	44	102
0	0	0	0	0	0	0	0	0	0	0	0	0	0	104	34	123	92	68	80	56	82	45	128	118	49	21	33	109	137	68	38	31	116	71	54	89	72	41	16	85	70	51	115	132	92	125	56	29	102	23	57	36	75	41	32	34	122	50	23	48	131	60	45	124	90	46	94	32	62	81	74	136	59	31	7	28	40	73	80	107	64	98	103	117	99	97	94	62	84	97	102	65	18	18	43	64	42	57	134	43	37	117	125	97	115	50	47	87	119	40	139	111	65	42	108	118	121	52	12	128	92	71	33	90	87	37	82
0	0	0	0	0	0	0	0	0	0	0	0	0	0	0	62	102	141	103	125	122	35	107	79	29	63	63	132	28	82	26	134	20	64	39	49	35	118	33	38	79	31	23	106	11	65	117	56	105	107	17	82	71	43	18	90	109	24	106	30	97	92	39	49	116	77	55	68	129	12	9	46	55	18	90	33	62	107	120	59	42	23	52	104	69	79	127	111	53	56	56	53	54	117	23	64	128	36	76	35	77	122	127	49	2	58	106	77	10	68	130	130	109	104	16	100	28	55	78	46	17	137	103	94	51	100	12	94
0	0	0	0	0	0	0	0	0	0	0	0	0	0	0	0	138	29	106	121	129	129	134	74	62	25	45	119	59	37	27	16	120	141	26	125	56	46	116	59	133	21	99	84	31	48	43	87	115	67	106	132	25	32	18	13	83	5	116	21	97	78	51	70	67	117	92	108	54	120	41	120	122	117	105	27	104	43	96	45	38	109	110	10	111	73	126	26	111	52	84	83	54	124	110	115	141	31	81	132	32	80	19	34	82	33	68	135	46	62	136	35	119	123	101	97	69	126	91	123	81	50	142	135	65	120	133	73
0	0	0	0	0	0	0	0	0	0	0	0	0	0	0	0	0	130	134	33	94	116	93	55	94	39	114	88	43	76	103	74	57	60	101	73	83	23	60	127	138	59	107	129	118	12	19	129	35	44	92	108	73	54	77	36	130	114	129	28	111	18	120	95	42	107	108	118	35	65	113	133	104	68	105	119	96	132	32	127	5	55	18	71	48	18	104	95	75	54	126	49	15	23	45	52	64	75	74	75	32	20	47	83	49	29	40	101	95	26	105	24	24	116	79	97	11	103	115	29	89	121	138	90	77	35	59	103
0	0	0	0	0	0	0	0	0	0	0	0	0	0	0	0	0	0	85	51	19	113	49	75	54	24	136	71	67	10	118	54	122	73	75	32	28	98	110	98	29	65	145	109	48	106	91	90	66	126	68	95	16	133	130	66	146	72	60	25	72	28	51	34	125	24	29	80	74	13	68	87	106	55	54	120	109	99	66	38	76	64	10	76	95	48	67	23	98	122	121	116	25	116	128	102	98	80	99	21	40	124	84	23	112	90	47	77	36	70	38	107	12	90	35	95	60	126	72	130	77	135	112	85	105	45	81	124
0	0	0	0	0	0	0	0	0	0	0	0	0	0	0	0	0	0	0	39	40	72	44	52	46	116	8	112	16	27	31	32	23	71	61	77	130	64	75	101	120	110	63	130	90	10	90	78	30	17	142	73	27	101	138	29	76	27	96	29	66	87	80	79	38	141	113	48	18	123	72	4	10	93	112	69	100	58	106	40	78	70	127	60	73	106	80	40	70	94	28	93	10	22	136	56	44	64	123	40	96	76	42	116	126	76	5	55	90	20	68	31	119	140	53	111	123	31	94	25	105	136	103	42	25	44	125	90
0	0	0	0	0	0	0	0	0	0	0	0	0	0	0	0	0	0	0	0	90	23	99	92	138	128	104	118	131	43	36	24	30	94	61	31	19	78	24	44	106	96	68	59	97	76	77	118	127	76	118	134	36	146	26	86	86	88	62	97	142	117	63	118	132	18	103	32	86	8	97	64	104	58	128	37	111	81	41	40	53	15	131	85	39	35	55	51	74	129	58	29	121	123	129	134	131	103	64	66	112	13	89	67	77	78	81	58	116	75	7	38	25	75	92	38	98	69	106	51	131	47	25	44	47	54	69	116
0	0	0	0	0	0	0	0	0	0	0	0	0	0	0	0	0	0	0	0	0	34	57	125	47	76	36	113	103	80	32	116	73	40	130	86	44	137	22	66	108	125	22	57	65	62	49	47	40	33	56	77	30	100	123	69	115	40	115	112	72	62	78	16	104	94	83	113	145	38	132	50	53	136	126	127	134	120	108	142	119	141	68	121	94	128	51	122	100	42	86	130	51	26	96	130	110	88	46	119	71	69	34	72	96	67	109	89	106	97	112	132	18	96	37	79	11	73	42	44	60	67	58	69	135	53	51	32
0	0	0	0	0	0	0	0	0	0	0	0	0	0	0	0	0	0	0	0	0	0	87	89	82	129	22	111	41	108	125	24	40	18	32	66	39	77	88	81	123	38	43	58	103	113	98	75	66	67	17	25	75	101	37	48	62	30	55	70	42	112	20	47	27	75	64	38	20	123	128	117	75	69	46	23	95	131	60	64	4	58	69	55	25	115	104	14	34	135	67	81	74	80	28	69	44	31	110	13	61	55	132	44	137	81	35	21	13	37	126	12	28	22	111	91	113	26	86	75	74	91	50	48	112	41	118	110
0	0	0	0	0	0	0	0	0	0	0	0	0	0	0	0	0	0	0	0	0	0	0	78	43	67	41	96	103	21	117	123	56	115	74	63	8	80	41	96	85	86	61	90	124	72	131	55	125	58	130	72	89	81	32	14	95	6	91	51	116	69	52	81	100	9	114	134	36	66	135	80	99	98	45	29	56	88	116	29	39	113	46	31	63	16	116	75	68	22	89	107	133	129	108	69	68	43	69	98	19	52	93	97	85	26	116	77	120	24	131	107	52	69	69	81	41	51	21	78	26	99	48	122	47	71	20	99
0	0	0	0	0	0	0	0	0	0	0	0	0	0	0	0	0	0	0	0	0	0	0	0	21	97	40	94	67	97	61	36	82	84	106	112	37	41	95	84	32	48	89	83	73	108	56	111	124	127	111	50	31	30	27	17	58	112	139	96	71	66	54	19	49	28	63	47	19	87	38	76	86	40	71	108	66	46	42	41	105	117	140	118	123	135	142	46	48	134	33	46	85	85	75	23	65	92	40	101	28	119	42	16	40	141	123	138	120	97	72	54	56	81	80	90	34	139	123	61	52	96	129	75	130	59	129	80
0	0	0	0	0	0	0	0	0	0	0	0	0	0	0	0	0	0	0	0	0	0	0	0	0	140	15	42	23	136	127	96	53	19	44	85	29	32	104	77	105	149	70	93	133	25	49	43	133	108	111	52	72	33	99	96	87	95	34	143	14	28	47	151	96	26	45	136	121	92	81	113	38	85	136	24	124	114	118	92	76	91	35	96	25	40	90	46	33	105	117	79	24	69	114	89	132	72	8	65	25	32	14	139	135	42	15	94	37	115	9	74	101	71	47	126	55	113	121	39	114	90	30	31	93	100	45	118
0	0	0	0	0	0	0	0	0	0	0	0	0	0	0	0	0	0	0	0	0	0	0	0	0	0	102	103	109	60	79	51	138	23	28	26	114	123	36	16	71	94	27	19	45	92	95	55	90	48	127	78	67	71	37	107	64	21	85	69	85	123	70	61	136	119	126	18	109	78	111	72	91	135	89	42	36	11	107	115	96	146	40	129	124	131	50	125	54	133	72	128	24	147	55	118	68	42	134	83	26	105	81	111	146	53	72	64	47	76	97	97	36	112	32	82	40	90	139	13	146	138	117	61	102	113	19	61
0	0	0	0	0	0	0	0	0	0	0	0	0	0	0	0	0	0	0	0	0	0	0	0	0	0	0	22	128	25	66	143	52	97	116	109	106	95	139	111	117	36	29	111	44	60	36	15	43	71	73	53	47	32	56	105	134	131	105	124	106	66	109	10	45	20	55	47	21	116	63	138	79	58	92	73	9	123	81	88	137	130	131	50	76	122	27	137	99	102	47	27	64	143	85	125	123	101	99	109	138	133	99	103	83	25	22	16	7	111	51	143	61	92	54	84	30	87	105	33	141	139	54	122	98	27	69	111
0	0	0	0	0	0	0	0	0	0	0	0	0	0	0	0	0	0	0	0	0	0	0	0	0	0	0	0	113	17	12	109	132	140	105	40	88	68	27	105	43	28	29	143	95	28	26	99	24	86	122	97	132	114	25	96	128	77	97	46	31	46	73	42	62	119	28	100	68	33	71	102	88	30	120	33	38	80	133	84	59	90	17	140	33	49	81	143	100	133	146	33	100	53	124	100	75	147	116	63	49	101	143	11	137	47	41	80	134	146	93	129	15	33	127	108	67	18	30	68	21	149	112	30	116	23	61	81
0	0	0	0	0	0	0	0	0	0	0	0	0	0	0	0	0	0	0	0	0	0	0	0	0	0	0	0	0	134	111	78	92	51	42	71	98	124	18	111	144	93	108	71	97	28	32	88	62	68	125	106	49	62	21	80	54	69	73	32	63	107	125	88	93	29	61	60	83	116	52	141	118	80	31	46	27	107	146	137	85	50	34	66	109	96	40	102	97	78	122	67	60	124	88	21	126	132	107	92	117	102	137	148	94	18	90	18	62	37	40	56	37	12	66	51	93	99	122	78	24	11	23	120	127	109	76	110
0	0	0	0	0	0	0	0	0	0	0	0	0	0	0	0	0	0	0	0	0	0	0	0	0	0	0	0	0	0	121	51	56	97	84	80	104	75	76	74	17	134	22	34	115	125	8	118	70	31	75	127	77	51	88	6	27	90	22	71	124	28	21	116	98	76	71	40	71	89	127	142	57	126	50	72	99	36	135	51	20	69	62	131	142	29	122	110	100	22	104	60	88	129	130	127	151	73	92	73	86	145	104	62	71	44	110	85	47	29	122	71	126	33	78	102	14	82	51	139	100	134	57	71	113	34	71	116
0	0	0	0	0	0	0	0	0	0	0	0	0	0	0	0	0	0	0	0	0	0	0	0	0	0	0	0	0	0	0	42	29	125	65	72	129	127	97	107	71	81	80	153	91	126	41	62	70	77	111	107	8	138	67	129	66	114	82	105	96	76	41	115	43	121	33	140	132	75	99	61	75	117	40	27	22	101	41	46	41	55	63	13	46	99	89	115	82	29	55	46	57	109	119	78	130	58	125	102	102	105	67	77	100	145	63	123	57	60	140	35	109	126	78	50	68	43	20	138	81	119	127	125	38	139	51	100
0	0	0	0	0	0	0	0	0	0	0	0	0	0	0	0	0	0	0	0	0	0	0	0	0	0	0	0	0	0	0	0	113	86	91	126	78	129	74	117	30	71	45	71	103	116	129	37	40	78	27	86	65	35	51	116	25	67	100	108	29	78	103	26	100	16	134	149	91	84	80	60	117	112	64	107	59	123	35	141	123	137	25	49	25	99	147	42	12	72	71	130	116	17	29	86	96	58	134	37	149	73	60	105	92	47	12	62	138	26	55	44	78	56	150	66	34	122	58	136	50	53	125	87	122	101	85	75
0	0	0	0	0	0	0	0	0	0	0	0	0	0	0	0	0	0	0	0	0	0	0	0	0	0	0	0	0	0	0	0	0	23	52	116	76	53	83	13	103	36	145	104	91	134	116	122	121	101	21	92	112	24	65	126	61	83	17	108	62	53	90	72	43	42	58	66	75	27	32	47	53	98	95	76	74	50	109	57	126	41	29	18	158	114	137	44	138	83	140	57	91	133	69	24	58	48	145	106	11	102	150	32	84	13	111	86	113	100	123	83	107	4	110	41	82	109	57	31	148	78	25	83	115	93	42	95
0	0	0	0	0	0	0	0	0	0	0	0	0	0	0	0	0	0	0	0	0	0	0	0	0	0	0	0	0	0	0	0	0	0	77	134	89	47	150	57	123	105	24	108	41	112	116	139	139	44	94	122	49	80	110	106	54	62	148	64	40	35	155	134	62	54	68	58	55	84	60	121	70	126	26	5	58	57	86	41	22	50	36	116	23	44	91	123	76	121	47	85	47	146	52	153	24	86	128	65	71	127	70	135	82	24	73	110	97	99	20	89	35	65	85	67	139	46	114	49	127	32	123	134	76	35	67	43
0	0	0	0	0	0	0	0	0	0	0	0	0	0	0	0	0	0	0	0	0	0	0	0	0	0	0	0	0	0	0	0	0	0	0	82	128	114	61	99	43	18	98	31	49	16	48	71	99	100	81	91	54	113	46	89	133	62	29	154	29	81	23	39	36	21	46	123	72	47	129	92	57	102	55	49	32	49	139	88	102	139	14	101	60	71	125	64	101	105	41	90	93	86	39	74	64	60	99	26	121	50	76	47	15	135	79	101	2	117	131	89	108	92	125	10	47	52	156	76	57	89	23	31	97	111	86	122
0	0	0	0	0	0	0	0	0	0	0	0	0	0	0	0	0	0	0	0	0	0	0	0	0	0	0	0	0	0	0	0	0	0	0	0	109	134	20	86	67	46	67	63	99	134	153	65	61	64	47	155	58	84	73	86	60	151	111	69	71	78	131	63	129	15	59	108	109	117	45	32	95	130	70	128	26	97	143	49	87	23	74	84	75	105	130	114	56	42	77	50	111	94	131	58	101	47	49	57	106	124	23	41	135	39	138	90	30	98	127	19	33	40	83	117	129	46	88	55	112	93	123	36	51	28	135	118
0	0	0	0	0	0	0	0	0	0	0	0	0	0	0	0	0	0	0	0	0	0	0	0	0	0	0	0	0	0	0	0	0	0	0	0	0	91	39	157	139	96	153	75	61	106	45	99	97	61	58	123	129	119	38	68	16	124	76	112	103	128	110	40	95	80	62	68	84	90	146	21	93	123	43	26	136	88	138	70	72	119	32	33	126	77	146	42	145	132	88	85	139	108	65	44	103	34	61	134	89	37	112	45	46	82	116	64	46	94	107	51	21	108	11	82	120	93	42	108	53	94	70	67	58	59	100	130
0	0	0	0	0	0	0	0	0	0	0	0	0	0	0	0	0	0	0	0	0	0	0	0	0	0	0	0	0	0	0	0	0	0	0	0	0	0	115	77	28	58	63	20	38	66	34	98	85	130	82	132	64	7	39	118	71	75	59	77	122	79	156	37	65	71	89	129	78	134	57	105	48	99	18	128	45	107	135	61	99	153	134	138	140	71	53	71	58	58	65	35	126	30	34	105	8	112	37	141	159	56	80	33	71	92	22	109	68	17	91	82	61	84	49	102	83	54	41	33	17	55	120	84	61	119	133	129
0	0	0	0	0	0	0	0	0	0	0	0	0	0	0	0	0	0	0	0	0	0	0	0	0	0	0	0	0	0	0	0	0	0	0	0	0	0	0	38	128	64	68	105	40	80	98	49	145	45	145	84	82	73	92	84	136	79	60	64	28	143	74	38	99	77	130	126	126	24	67	47	88	103	53	88	48	127	81	93	128	38	44	87	38	89	54	79	77	94	133	120	124	96	156	25	26	52	14	86	139	101	134	131	82	61	93	25	81	108	17	86	91	150	108	74	70	128	73	104	61	112	32	119	34	54	108	118
0	0	0	0	0	0	0	0	0	0	0	0	0	0	0	0	0	0	0	0	0	0	0	0	0	0	0	0	0	0	0	0	0	0	0	0	0	0	0	0	125	131	100	79	76	110	133	23	125	79	109	66	73	31	152	151	78	24	126	42	74	136	107	67	149	129	90	87	40	68	33	132	52	88	128	49	93	21	108	58	90	76	136	87	159	114	122	107	107	121	47	103	76	116	18	97	49	100	108	25	139	144	63	39	20	98	120	43	100	148	81	82	88	84	57	96	42	82	75	31	17	147	48	126	105	126	151	41
0	0	0	0	0	0	0	0	0	0	0	0	0	0	0	0	0	0	0	0	0	0	0	0	0	0	0	0	0	0	0	0	0	0	0	0	0	0	0	0	0	92	132	122	144	64	110	92	20	32	85	148	139	39	132	131	52	118	75	134	134	131	66	82	124	78	63	134	125	47	57	123	48	165	124	96	85	152	94	133	58	157	127	134	107	132	56	88	84	102	53	138	32	148	113	132	141	82	62	38	145	100	82	88	32	74	98	126	106	16	125	114	124	99	99	53	80	62	99	17	134	113	122	100	70	74	83	137
0	0	0	0	0	0	0	0	0	0	0	0	0	0	0	0	0	0	0	0	0	0	0	0	0	0	0	0	0	0	0	0	0	0	0	0	0	0	0	0	0	0	87	78	102	65	21	82	115	57	77	137	55	119	29	40	46	69	130	45	65	103	65	37	67	15	66	112	111	95	45	137	25	98	123	22	158	96	124	113	24	53	26	99	54	93	106	155	37	99	88	54	143	118	53	79	14	96	72	8	64	128	58	135	56	109	138	88	47	114	136	81	36	59	106	24	65	54	82	114	83	128	54	32	38	53	70	64
0	0	0	0	0	0	0	0	0	0	0	0	0	0	0	0	0	0	0	0	0	0	0	0	0	0	0	0	0	0	0	0	0	0	0	0	0	0	0	0	0	0	0	13	63	114	91	125	153	98	50	74	114	112	73	152	127	39	9	69	133	55	48	152	48	82	71	22	151	95	28	154	99	34	73	58	32	108	58	103	82	91	53	9	77	117	92	96	83	134	106	36	98	164	128	93	157	131	70	116	48	75	133	41	27	95	119	123	67	80	71	57	104	96	48	142	103	88	121	89	42	141	109	86	119	57	112	100
0	0	0	0	0	0	0	0	0	0	0	0	0	0	0	0	0	0	0	0	0	0	0	0	0	0	0	0	0	0	0	0	0	0	0	0	0	0	0	0	0	0	0	0	44	101	36	60	56	129	53	143	122	43	158	143	69	66	136	44	19	132	63	78	61	89	80	112	68	43	114	66	82	51	103	35	62	14	76	90	127	72	38	17	100	83	148	58	146	79	45	39	42	111	87	113	141	93	68	15	78	96	92	34	41	72	66	9	142	40	96	35	27	34	136	42	126	103	123	36	106	90	45	112	136	134	76	32
0	0	0	0	0	0	0	0	0	0	0	0	0	0	0	0	0	0	0	0	0	0	0	0	0	0	0	0	0	0	0	0	0	0	0	0	0	0	0	0	0	0	0	0	0	98	89	69	105	79	18	51	93	36	49	138	105	106	86	137	107	50	140	113	36	59	136	159	75	137	107	26	126	110	142	42	116	26	147	69	51	54	42	53	48	155	160	98	63	108	121	34	66	132	47	137	109	39	155	139	67	13	119	49	131	125	120	141	165	135	7	26	161	89	89	91	60	118	130	65	101	40	90	49	123	47	36	63
0	0	0	0	0	0	0	0	0	0	0	0	0	0	0	0	0	0	0	0	0	0	0	0	0	0	0	0	0	0	0	0	0	0	0	0	0	0	0	0	0	0	0	0	0	0	103	166	115	84	66	42	65	77	80	121	39	74	64	41	134	117	20	128	43	41	145	107	96	117	149	82	85	102	124	91	111	72	131	101	55	64	91	84	121	56	147	104	77	117	79	44	51	91	140	80	79	92	135	48	39	43	69	62	115	97	96	68	105	120	69	130	73	147	108	57	74	142	54	110	60	50	26	134	40	103	76	56
0	0	0	0	0	0	0	0	0	0	0	0	0	0	0	0	0	0	0	0	0	0	0	0	0	0	0	0	0	0	0	0	0	0	0	0	0	0	0	0	0	0	0	0	0	0	0	96	104	66	108	50	84	38	124	110	53	33	112	125	94	144	126	115	73	72	143	170	141	61	154	71	43	42	126	123	81	36	112	98	103	60	33	72	65	84	96	44	14	75	103	125	85	144	85	91	63	46	110	62	33	89	32	51	57	28	108	136	118	121	143	162	88	99	73	121	84	67	155	114	161	115	18	57	59	131	116	59
0	0	0	0	0	0	0	0	0	0	0	0	0	0	0	0	0	0	0	0	0	0	0	0	0	0	0	0	0	0	0	0	0	0	0	0	0	0	0	0	0	0	0	0	0	0	0	0	69	78	118	52	57	93	148	34	58	97	125	58	110	74	94	50	125	100	125	132	115	131	74	68	137	77	95	97	66	62	83	118	93	94	133	31	63	58	70	92	78	126	129	42	89	136	150	172	119	119	110	71	10	144	109	68	58	23	59	51	156	112	154	76	71	38	34	44	91	80	55	109	152	130	117	81	87	102	135	133
0	0	0	0	0	0	0	0	0	0	0	0	0	0	0	0	0	0	0	0	0	0	0	0	0	0	0	0	0	0	0	0	0	0	0	0	0	0	0	0	0	0	0	0	0	0	0	0	0	76	14	58	30	98	69	95	152	24	132	136	111	58	125	56	71	121	91	87	105	109	40	112	143	28	85	48	148	137	96	124	171	169	61	108	106	43	91	132	98	91	66	35	82	76	119	29	128	147	54	53	15	62	49	43	148	131	91	29	122	11	110	126	51	56	61	62	42	50	113	97	100	35	127	92	123	131	73	98
0	0	0	0	0	0	0	0	0	0	0	0	0	0	0	0	0	0	0	0	0	0	0	0	0	0	0	0	0	0	0	0	0	0	0	0	0	0	0	0	0	0	0	0	0	0	0	0	0	0	56	156	146	99	109	73	143	57	123	75	163	141	110	91	68	149	63	86	117	61	114	131	131	116	151	147	86	136	88	47	66	28	167	156	111	46	67	90	119	133	110	136	133	66	49	102	124	104	62	57	106	18	124	94	91	52	33	108	110	89	102	92	121	96	77	122	112	93	112	93	168	99	76	36	144	106	158	60
0	0	0	0	0	0	0	0	0	0	0	0	0	0	0	0	0	0	0	0	0	0	0	0	0	0	0	0	0	0	0	0	0	0	0	0	0	0	0	0	0	0	0	0	0	0	0	0	0	0	0	94	28	36	142	123	31	99	74	59	17	136	90	28	105	134	137	115	62	78	88	92	93	89	50	146	155	31	129	127	106	88	94	89	77	26	108	85	14	108	102	87	51	140	131	85	93	153	141	96	102	150	64	140	71	140	56	122	51	84	34	151	32	104	130	82	111	101	95	54	76	134	155	154	75	112	105	79
0	0	0	0	0	0	0	0	0	0	0	0	0	0	0	0	0	0	0	0	0	0	0	0	0	0	0	0	0	0	0	0	0	0	0	0	0	0	0	0	0	0	0	0	0	0	0	0	0	0	0	0	29	152	113	27	83	111	130	154	122	135	72	119	108	64	117	61	91	61	98	85	146	122	22	50	51	124	116	90	56	69	41	136	91	65	21	119	157	116	116	107	87	41	107	151	161	158	31	99	71	113	63	116	141	53	129	31	97	50	127	73	75	152	29	67	167	61	113	142	118	159	121	29	135	86	130	47
0	0	0	0	0	0	0	0	0	0	0	0	0	0	0	0	0	0	0	0	0	0	0	0	0	0	0	0	0	0	0	0	0	0	0	0	0	0	0	0	0	0	0	0	0	0	0	0	0	0	0	0	0	65	82	29	40	100	81	163	137	63	16	95	167	151	92	141	73	53	38	166	81	94	20	85	22	102	33	77	94	119	108	63	50	128	54	6	39	134	45	148	42	74	60	169	19	106	42	160	89	71	95	51	34	127	48	142	23	128	37	85	54	158	124	90	103	153	80	153	102	87	82	106	53	52	101	12
0	0	0	0	0	0	0	0	0	0	0	0	0	0	0	0	0	0	0	0	0	0	0	0	0	0	0	0	0	0	0	0	0	0	0	0	0	0	0	0	0	0	0	0	0	0	0	0	0	0	0	0	0	0	87	85	126	67	162	59	102	152	20	64	58	75	54	124	155	143	85	99	11	93	110	24	95	124	122	47	83	99	66	42	49	20	31	159	61	78	62	32	104	149	80	79	59	95	111	78	40	39	142	121	58	122	108	137	126	125	28	104	58	48	149	30	51	98	57	103	23	150	9	131	82	128	37	59
0	0	0	0	0	0	0	0	0	0	0	0	0	0	0	0	0	0	0	0	0	0	0	0	0	0	0	0	0	0	0	0	0	0	0	0	0	0	0	0	0	0	0	0	0	0	0	0	0	0	0	0	0	0	0	117	94	73	50	91	125	76	85	104	74	117	141	113	104	140	150	38	54	134	59	28	49	108	119	145	75	41	123	100	42	106	153	87	60	153	88	55	66	58	90	118	106	109	101	154	134	73	58	135	44	115	76	36	64	99	24	134	59	157	80	91	84	82	128	37	64	160	73	110	57	138	29	126
0	0	0	0	0	0	0	0	0	0	0	0	0	0	0	0	0	0	0	0	0	0	0	0	0	0	0	0	0	0	0	0	0	0	0	0	0	0	0	0	0	0	0	0	0	0	0	0	0	0	0	0	0	0	0	0	49	75	128	94	124	95	51	170	52	36	72	66	130	74	133	166	31	85	60	106	41	71	103	172	143	49	88	78	169	67	150	16	126	57	171	71	177	93	54	155	85	121	155	24	96	164	82	140	94	61	20	155	99	58	92	67	105	30	72	69	72	88	150	83	78	34	59	142	123	137	49	49
0	0	0	0	0	0	0	0	0	0	0	0	0	0	0	0	0	0	0	0	0	0	0	0	0	0	0	0	0	0	0	0	0	0	0	0	0	0	0	0	0	0	0	0	0	0	0	0	0	0	0	0	0	0	0	0	0	45	53	154	136	43	128	35	82	32	56	63	69	115	164	163	140	66	150	63	172	140	127	43	77	30	113	47	61	125	122	65	136	48	153	115	54	37	48	38	105	152	109	100	149	115	127	103	76	77	35	48	64	119	83	68	142	52	83	164	120	127	102	83	65	33	120	117	55	96	90	64
0	0	0	0	0	0	0	0	0	0	0	0	0	0	0	0	0	0	0	0	0	0	0	0	0	0	0	0	0	0	0	0	0	0	0	0	0	0	0	0	0	0	0	0	0	0	0	0	0	0	0	0	0	0	0	0	0	0	73	138	72	92	28	129	75	31	87	26	134	110	75	68	84	42	179	142	144	142	143	16	76	18	147	133	140	37	129	62	129	71	107	146	144	117	126	138	10	77	53	72	65	14	127	55	140	89	67	131	30	6	130	106	133	170	52	62	32	154	92	76	76	122	99	43	116	94	36	55
0	0	0	0	0	0	0	0	0	0	0	0	0	0	0	0	0	0	0	0	0	0	0	0	0	0	0	0	0	0	0	0	0	0	0	0	0	0	0	0	0	0	0	0	0	0	0	0	0	0	0	0	0	0	0	0	0	0	0	51	130	138	133	43	71	77	81	85	58	72	50	151	146	111	36	90	28	147	35	59	45	59	91	95	63	111	110	167	99	31	105	172	166	133	123	60	82	34	68	57	59	147	140	123	29	60	31	120	108	172	11	127	56	92	53	97	82	51	68	123	86	69	70	152	61	152	73	44
0	0	0	0	0	0	0	0	0	0	0	0	0	0	0	0	0	0	0	0	0	0	0	0	0	0	0	0	0	0	0	0	0	0	0	0	0	0	0	0	0	0	0	0	0	0	0	0	0	0	0	0	0	0	0	0	0	0	0	0	18	63	109	98	132	96	25	98	153	111	157	143	29	115	132	76	69	134	94	86	17	99	54	120	164	50	86	47	59	110	136	154	62	131	90	100	86	150	163	118	76	116	123	117	167	116	96	75	59	27	95	28	95	143	172	24	64	84	62	103	127	33	63	40	5	66	129	67
0	0	0	0	0	0	0	0	0	0	0	0	0	0	0	0	0	0	0	0	0	0	0	0	0	0	0	0	0	0	0	0	0	0	0	0	0	0	0	0	0	0	0	0	0	0	0	0	0	0	0	0	0	0	0	0	0	0	0	0	0	103	86	173	120	131	22	66	58	88	110	31	79	166	108	17	88	83	106	99	48	119	161	96	170	73	158	10	61	62	30	156	81	163	115	146	93	75	45	57	75	95	94	161	114	163	169	95	126	94	66	93	160	28	56	100	128	72	93	140	95	81	78	91	118	92	17	80
0	0	0	0	0	0	0	0	0	0	0	0	0	0	0	0	0	0	0	0	0	0	0	0	0	0	0	0	0	0	0	0	0	0	0	0	0	0	0	0	0	0	0	0	0	0	0	0	0	0	0	0	0	0	0	0	0	0	0	0	0	0	108	114	52	49	82	141	88	121	108	21	127	37	42	37	138	59	80	124	153	133	17	61	130	110	96	74	90	154	160	175	76	49	105	127	97	122	129	108	152	121	138	131	73	157	49	32	165	16	96	28	105	87	105	100	151	64	107	157	115	72	163	94	155	108	111	88
0	0	0	0	0	0	0	0	0	0	0	0	0	0	0	0	0	0	0	0	0	0	0	0	0	0	0	0	0	0	0	0	0	0	0	0	0	0	0	0	0	0	0	0	0	0	0	0	0	0	0	0	0	0	0	0	0	0	0	0	0	0	0	159	90	94	128	14	48	25	53	48	55	94	120	139	95	120	17	93	123	66	39	69	129	109	171	111	137	145	119	172	110	96	106	69	90	93	74	41	115	68	183	173	67	105	42	45	42	65	163	31	134	177	99	78	124	45	63	68	85	114	86	61	70	113	20	179
0	0	0	0	0	0	0	0	0	0	0	0	0	0	0	0	0	0	0	0	0	0	0	0	0	0	0	0	0	0	0	0	0	0	0	0	0	0	0	0	0	0	0	0	0	0	0	0	0	0	0	0	0	0	0	0	0	0	0	0	0	0	0	0	135	106	117	151	48	133	123	78	91	84	69	120	94	64	62	110	51	137	152	78	87	81	86	162	55	80	50	79	125	125	37	55	72	147	60	79	150	126	165	138	20	167	44	47	114	87	98	71	129	56	40	49	167	17	61	103	67	23	45	112	112	78	33	99
0	0	0	0	0	0	0	0	0	0	0	0	0	0	0	0	0	0	0	0	0	0	0	0	0	0	0	0	0	0	0	0	0	0	0	0	0	0	0	0	0	0	0	0	0	0	0	0	0	0	0	0	0	0	0	0	0	0	0	0	0	0	0	0	0	148	103	43	137	143	153	149	63	83	85	134	95	153	110	137	84	85	35	61	45	107	182	81	120	145	87	123	63	70	104	162	116	51	134	104	151	68	120	86	130	143	73	51	103	33	101	77	146	93	104	118	72	43	134	141	125	60	64	133	80	81	46	142
0	0	0	0	0	0	0	0	0	0	0	0	0	0	0	0	0	0	0	0	0	0	0	0	0	0	0	0	0	0	0	0	0	0	0	0	0	0	0	0	0	0	0	0	0	0	0	0	0	0	0	0	0	0	0	0	0	0	0	0	0	0	0	0	0	0	73	122	75	37	88	109	64	82	91	173	95	57	62	114	132	86	54	150	74	188	139	41	131	88	91	103	20	131	149	152	92	88	37	101	135	18	145	65	85	130	103	72	116	76	111	170	68	157	158	111	178	139	33	79	118	85	91	81	177	86	181	106
0	0	0	0	0	0	0	0	0	0	0	0	0	0	0	0	0	0	0	0	0	0	0	0	0	0	0	0	0	0	0	0	0	0	0	0	0	0	0	0	0	0	0	0	0	0	0	0	0	0	0	0	0	0	0	0	0	0	0	0	0	0	0	0	0	0	0	44	110	141	155	121	73	111	96	108	130	44	164	119	125	165	74	67	120	120	86	15	56	28	115	66	36	82	125	115	153	175	57	132	101	106	81	72	143	115	141	86	105	117	91	25	116	40	123	65	107	79	61	92	114	127	114	124	142	160	52	36
0	0	0	0	0	0	0	0	0	0	0	0	0	0	0	0	0	0	0	0	0	0	0	0	0	0	0	0	0	0	0	0	0	0	0	0	0	0	0	0	0	0	0	0	0	0	0	0	0	0	0	0	0	0	0	0	0	0	0	0	0	0	0	0	0	0	0	0	118	54	70	136	181	90	53	173	78	70	54	50	48	94	15	82	133	123	78	86	97	94	101	151	160	51	28	113	135	124	112	162	70	125	140	60	63	64	13	95	114	101	102	86	116	54	63	131	165	138	67	124	67	161	100	144	126	133	148	75
0	0	0	0	0	0	0	0	0	0	0	0	0	0	0	0	0	0	0	0	0	0	0	0	0	0	0	0	0	0	0	0	0	0	0	0	0	0	0	0	0	0	0	0	0	0	0	0	0	0	0	0	0	0	0	0	0	0	0	0	0	0	0	0	0	0	0	0	0	137	99	31	23	158	95	123	118	49	125	133	192	70	111	127	169	85	94	171	75	137	146	109	56	54	53	190	68	163	136	77	142	157	163	105	157	138	123	111	159	189	34	44	55	128	141	90	79	42	67	159	85	166	143	42	50	148	78	10
0	0	0	0	0	0	0	0	0	0	0	0	0	0	0	0	0	0	0	0	0	0	0	0	0	0	0	0	0	0	0	0	0	0	0	0	0	0	0	0	0	0	0	0	0	0	0	0	0	0	0	0	0	0	0	0	0	0	0	0	0	0	0	0	0	0	0	0	0	0	56	173	126	182	121	119	65	154	147	26	94	76	81	81	90	59	141	19	13	169	105	13	110	76	52	144	122	126	72	108	98	57	123	105	72	126	114	131	112	131	24	66	47	87	168	155	118	33	150	157	127	165	49	91	93	134	161	106
0	0	0	0	0	0	0	0	0	0	0	0	0	0	0	0	0	0	0	0	0	0	0	0	0	0	0	0	0	0	0	0	0	0	0	0	0	0	0	0	0	0	0	0	0	0	0	0	0	0	0	0	0	0	0	0	0	0	0	0	0	0	0	0	0	0	0	0	0	0	0	66	160	115	103	79	68	81	93	131	95	99	37	61	129	133	142	155	97	134	99	139	21	77	74	75	84	129	161	79	156	62	44	53	126	131	44	138	42	43	44	109	111	89	39	121	129	81	56	57	55	162	74	93	30	107	174	119
0	0	0	0	0	0	0	0	0	0	0	0	0	0	0	0	0	0	0	0	0	0	0	0	0	0	0	0	0	0	0	0	0	0	0	0	0	0	0	0	0	0	0	0	0	0	0	0	0	0	0	0	0	0	0	0	0	0	0	0	0	0	0	0	0	0	0	0	0	0	0	0	91	56	35	23	89	138	67	159	138	158	135	93	123	76	140	129	102	164	63	80	172	51	94	92	97	73	56	51	152	151	127	50	31	187	79	35	57	66	94	194	67	81	161	60	90	131	151	170	71	80	34	43	90	60	149	65
0	0	0	0	0	0	0	0	0	0	0	0	0	0	0	0	0	0	0	0	0	0	0	0	0	0	0	0	0	0	0	0	0	0	0	0	0	0	0	0	0	0	0	0	0	0	0	0	0	0	0	0	0	0	0	0	0	0	0	0	0	0	0	0	0	0	0	0	0	0	0	0	0	124	142	28	130	151	123	26	124	97	86	119	137	53	104	160	41	53	185	87	137	197	63	63	131	176	12	169	95	179	140	124	35	58	58	110	78	79	89	108	188	96	155	137	56	104	96	71	79	22	114	96	89	91	165	14
0	0	0	0	0	0	0	0	0	0	0	0	0	0	0	0	0	0	0	0	0	0	0	0	0	0	0	0	0	0	0	0	0	0	0	0	0	0	0	0	0	0	0	0	0	0	0	0	0	0	0	0	0	0	0	0	0	0	0	0	0	0	0	0	0	0	0	0	0	0	0	0	0	0	57	76	114	45	142	193	189	127	15	170	143	110	91	24	142	28	69	36	95	52	67	164	127	87	35	145	53	57	78	98	57	161	140	122	148	114	184	68	91	75	116	94	44	17	101	35	175	63	102	153	86	122	198	196
0	0	0	0	0	0	0	0	0	0	0	0	0	0	0	0	0	0	0	0	0	0	0	0	0	0	0	0	0	0	0	0	0	0	0	0	0	0	0	0	0	0	0	0	0	0	0	0	0	0	0	0	0	0	0	0	0	0	0	0	0	0	0	0	0	0	0	0	0	0	0	0	0	0	0	54	144	158	107	103	123	171	132	92	53	142	106	147	22	130	39	54	104	116	110	119	43	44	117	99	138	173	152	114	57	58	92	64	135	137	45	113	158	163	122	126	94	83	148	30	127	53	154	116	120	70	80	61
0	0	0	0	0	0	0	0	0	0	0	0	0	0	0	0	0	0	0	0	0	0	0	0	0	0	0	0	0	0	0	0	0	0	0	0	0	0	0	0	0	0	0	0	0	0	0	0	0	0	0	0	0	0	0	0	0	0	0	0	0	0	0	0	0	0	0	0	0	0	0	0	0	0	0	0	86	127	106	136	83	133	80	70	108	23	146	79	132	123	111	64	142	71	53	151	25	102	47	152	130	121	70	79	59	19	150	119	109	189	136	97	121	48	94	77	93	170	91	178	125	148	101	114	124	137	113	65
0	0	0	0	0	0	0	0	0	0	0	0	0	0	0	0	0	0	0	0	0	0	0	0	0	0	0	0	0	0	0	0	0	0	0	0	0	0	0	0	0	0	0	0	0	0	0	0	0	0	0	0	0	0	0	0	0	0	0	0	0	0	0	0	0	0	0	0	0	0	0	0	0	0	0	0	0	105	121	165	131	60	56	136	45	112	113	116	77	144	136	155	114	114	62	50	75	135	104	105	175	84	87	124	62	128	106	52	68	72	82	129	171	131	89	138	46	119	124	87	99	111	154	44	88	129	113	157
0	0	0	0	0	0	0	0	0	0	0	0	0	0	0	0	0	0	0	0	0	0	0	0	0	0	0	0	0	0	0	0	0	0	0	0	0	0	0	0	0	0	0	0	0	0	0	0	0	0	0	0	0	0	0	0	0	0	0	0	0	0	0	0	0	0	0	0	0	0	0	0	0	0	0	0	0	0	14	179	128	113	73	42	84	112	131	93	104	143	179	151	101	102	99	151	140	156	126	56	63	147	68	43	125	171	64	93	107	135	74	128	108	111	66	90	114	111	150	172	4	50	130	66	133	122	59	103
0	0	0	0	0	0	0	0	0	0	0	0	0	0	0	0	0	0	0	0	0	0	0	0	0	0	0	0	0	0	0	0	0	0	0	0	0	0	0	0	0	0	0	0	0	0	0	0	0	0	0	0	0	0	0	0	0	0	0	0	0	0	0	0	0	0	0	0	0	0	0	0	0	0	0	0	0	0	0	47	81	28	147	56	152	178	71	148	98	143	54	55	73	85	79	125	83	112	91	99	87	154	105	83	40	161	190	38	69	104	119	53	70	48	157	120	42	169	173	165	114	125	67	51	73	116	109	152
0	0	0	0	0	0	0	0	0	0	0	0	0	0	0	0	0	0	0	0	0	0	0	0	0	0	0	0	0	0	0	0	0	0	0	0	0	0	0	0	0	0	0	0	0	0	0	0	0	0	0	0	0	0	0	0	0	0	0	0	0	0	0	0	0	0	0	0	0	0	0	0	0	0	0	0	0	0	0	0	140	62	67	168	110	85	112	36	42	114	95	152	156	127	116	92	120	127	55	47	134	118	104	126	127	37	152	59	35	49	172	146	166	141	42	84	77	69	84	161	61	130	99	86	55	95	126	111
0	0	0	0	0	0	0	0	0	0	0	0	0	0	0	0	0	0	0	0	0	0	0	0	0	0	0	0	0	0	0	0	0	0	0	0	0	0	0	0	0	0	0	0	0	0	0	0	0	0	0	0	0	0	0	0	0	0	0	0	0	0	0	0	0	0	0	0	0	0	0	0	0	0	0	0	0	0	0	0	0	98	69	163	152	106	113	179	143	15	101	127	120	61	114	122	137	101	85	64	107	30	133	174	81	150	87	85	129	58	103	110	66	24	115	86	80	105	154	143	157	134	35	74	139	58	177	148
0	0	0	0	0	0	0	0	0	0	0	0	0	0	0	0	0	0	0	0	0	0	0	0	0	0	0	0	0	0	0	0	0	0	0	0	0	0	0	0	0	0	0	0	0	0	0	0	0	0	0	0	0	0	0	0	0	0	0	0	0	0	0	0	0	0	0	0	0	0	0	0	0	0	0	0	0	0	0	0	0	0	119	57	64	116	142	22	154	200	137	113	94	50	122	193	143	78	68	57	77	165	83	53	88	158	98	56	138	97	72	177	179	178	10	38	156	111	13	69	29	82	146	58	151	89	116	148
0	0	0	0	0	0	0	0	0	0	0	0	0	0	0	0	0	0	0	0	0	0	0	0	0	0	0	0	0	0	0	0	0	0	0	0	0	0	0	0	0	0	0	0	0	0	0	0	0	0	0	0	0	0	0	0	0	0	0	0	0	0	0	0	0	0	0	0	0	0	0	0	0	0	0	0	0	0	0	0	0	0	0	56	92	152	73	136	131	75	70	187	102	34	133	165	180	151	64	97	58	150	113	165	33	180	124	79	112	114	57	163	65	168	80	114	161	99	43	27	169	135	106	107	74	156	97	147
0	0	0	0	0	0	0	0	0	0	0	0	0	0	0	0	0	0	0	0	0	0	0	0	0	0	0	0	0	0	0	0	0	0	0	0	0	0	0	0	0	0	0	0	0	0	0	0	0	0	0	0	0	0	0	0	0	0	0	0	0	0	0	0	0	0	0	0	0	0	0	0	0	0	0	0	0	0	0	0	0	0	0	0	112	85	139	71	140	122	27	124	104	40	105	76	22	74	127	54	68	148	83	129	103	84	45	95	79	114	37	93	82	86	132	60	118	42	157	84	123	92	144	144	96	137	63	115
0	0	0	0	0	0	0	0	0	0	0	0	0	0	0	0	0	0	0	0	0	0	0	0	0	0	0	0	0	0	0	0	0	0	0	0	0	0	0	0	0	0	0	0	0	0	0	0	0	0	0	0	0	0	0	0	0	0	0	0	0	0	0	0	0	0	0	0	0	0	0	0	0	0	0	0	0	0	0	0	0	0	0	0	0	143	147	89	126	203	137	161	126	59	51	67	178	129	167	55	44	41	96	113	169	182	113	90	91	114	177	119	119	101	63	127	130	173	101	54	60	141	126	72	125	163	102	199
0	0	0	0	0	0	0	0	0	0	0	0	0	0	0	0	0	0	0	0	0	0	0	0	0	0	0	0	0	0	0	0	0	0	0	0	0	0	0	0	0	0	0	0	0	0	0	0	0	0	0	0	0	0	0	0	0	0	0	0	0	0	0	0	0	0	0	0	0	0	0	0	0	0	0	0	0	0	0	0	0	0	0	0	0	0	74	113	121	87	40	95	76	73	151	42	121	107	73	84	179	123	51	114	102	51	152	139	102	149	44	146	57	142	131	137	178	20	119	115	82	73	89	53	178	8	122	104
0	0	0	0	0	0	0	0	0	0	0	0	0	0	0	0	0	0	0	0	0	0	0	0	0	0	0	0	0	0	0	0	0	0	0	0	0	0	0	0	0	0	0	0	0	0	0	0	0	0	0	0	0	0	0	0	0	0	0	0	0	0	0	0	0	0	0	0	0	0	0	0	0	0	0	0	0	0	0	0	0	0	0	0	0	0	0	151	79	134	115	113	151	182	111	144	151	105	56	110	29	74	116	173	123	169	185	98	105	137	156	74	67	81	136	46	79	140	146	141	74	80	118	161	172	148	74	85
0	0	0	0	0	0	0	0	0	0	0	0	0	0	0	0	0	0	0	0	0	0	0	0	0	0	0	0	0	0	0	0	0	0	0	0	0	0	0	0	0	0	0	0	0	0	0	0	0	0	0	0	0	0	0	0	0	0	0	0	0	0	0	0	0	0	0	0	0	0	0	0	0	0	0	0	0	0	0	0	0	0	0	0	0	0	0	0	174	15	91	191	57	114	95	170	123	142	162	141	102	98	60	173	32	89	142	90	109	139	89	110	63	97	158	39	165	123	149	90	80	24	51	81	159	112	95	75
0	0	0	0	0	0	0	0	0	0	0	0	0	0	0	0	0	0	0	0	0	0	0	0	0	0	0	0	0	0	0	0	0	0	0	0	0	0	0	0	0	0	0	0	0	0	0	0	0	0	0	0	0	0	0	0	0	0	0	0	0	0	0	0	0	0	0	0	0	0	0	0	0	0	0	0	0	0	0	0	0	0	0	0	0	0	0	0	0	86	67	180	160	154	123	129	164	115	61	36	70	126	140	118	113	107	102	69	77	172	87	165	107	157	90	32	128	141	185	156	85	146	89	88	128	106	114	197
0	0	0	0	0	0	0	0	0	0	0	0	0	0	0	0	0	0	0	0	0	0	0	0	0	0	0	0	0	0	0	0	0	0	0	0	0	0	0	0	0	0	0	0	0	0	0	0	0	0	0	0	0	0	0	0	0	0	0	0	0	0	0	0	0	0	0	0	0	0	0	0	0	0	0	0	0	0	0	0	0	0	0	0	0	0	0	0	0	0	60	58	166	37	146	64	180	100	82	93	59	181	110	163	155	125	122	114	138	149	151	139	94	173	117	130	56	32	119	101	169	159	58	83	146	127	73	69
0	0	0	0	0	0	0	0	0	0	0	0	0	0	0	0	0	0	0	0	0	0	0	0	0	0	0	0	0	0	0	0	0	0	0	0	0	0	0	0	0	0	0	0	0	0	0	0	0	0	0	0	0	0	0	0	0	0	0	0	0	0	0	0	0	0	0	0	0	0	0	0	0	0	0	0	0	0	0	0	0	0	0	0	0	0	0	0	0	0	0	88	106	185	115	165	123	42	54	110	119	125	91	168	99	114	143	101	143	170	88	78	71	130	136	137	177	129	114	104	75	157	103	189	72	155	133	147
0	0	0	0	0	0	0	0	0	0	0	0	0	0	0	0	0	0	0	0	0	0	0	0	0	0	0	0	0	0	0	0	0	0	0	0	0	0	0	0	0	0	0	0	0	0	0	0	0	0	0	0	0	0	0	0	0	0	0	0	0	0	0	0	0	0	0	0	0	0	0	0	0	0	0	0	0	0	0	0	0	0	0	0	0	0	0	0	0	0	0	0	171	86	138	65	115	133	80	57	134	101	81	119	129	182	117	47	81	149	93	183	24	66	87	147	99	104	197	134	101	93	103	73	94	138	120	77
0	0	0	0	0	0	0	0	0	0	0	0	0	0	0	0	0	0	0	0	0	0	0	0	0	0	0	0	0	0	0	0	0	0	0	0	0	0	0	0	0	0	0	0	0	0	0	0	0	0	0	0	0	0	0	0	0	0	0	0	0	0	0	0	0	0	0	0	0	0	0	0	0	0	0	0	0	0	0	0	0	0	0	0	0	0	0	0	0	0	0	0	0	127	81	110	131	68	131	134	108	90	119	60	98	162	139	172	154	158	118	102	153	129	43	164	164	99	151	170	94	138	48	158	107	160	138	155
0	0	0	0	0	0	0	0	0	0	0	0	0	0	0	0	0	0	0	0	0	0	0	0	0	0	0	0	0	0	0	0	0	0	0	0	0	0	0	0	0	0	0	0	0	0	0	0	0	0	0	0	0	0	0	0	0	0	0	0	0	0	0	0	0	0	0	0	0	0	0	0	0	0	0	0	0	0	0	0	0	0	0	0	0	0	0	0	0	0	0	0	0	0	50	100	163	147	172	24	84	107	152	137	113	94	159	70	81	206	90	64	66	121	123	159	90	128	19	97	109	113	141	153	105	107	105	101
0	0	0	0	0	0	0	0	0	0	0	0	0	0	0	0	0	0	0	0	0	0	0	0	0	0	0	0	0	0	0	0	0	0	0	0	0	0	0	0	0	0	0	0	0	0	0	0	0	0	0	0	0	0	0	0	0	0	0	0	0	0	0	0	0	0	0	0	0	0	0	0	0	0	0	0	0	0	0	0	0	0	0	0	0	0	0	0	0	0	0	0	0	0	0	200	118	146	133	119	41	100	57	86	48	132	53	93	53	164	97	142	159	11	42	141	106	142	29	117	121	142	162	118	88	80	170	104
0	0	0	0	0	0	0	0	0	0	0	0	0	0	0	0	0	0	0	0	0	0	0	0	0	0	0	0	0	0	0	0	0	0	0	0	0	0	0	0	0	0	0	0	0	0	0	0	0	0	0	0	0	0	0	0	0	0	0	0	0	0	0	0	0	0	0	0	0	0	0	0	0	0	0	0	0	0	0	0	0	0	0	0	0	0	0	0	0	0	0	0	0	0	0	0	86	87	34	107	47	30	132	115	140	52	81	47	127	43	147	96	185	148	153	140	55	63	142	140	116	55	76	61	110	139	146	119
0	0	0	0	0	0	0	0	0	0	0	0	0	0	0	0	0	0	0	0	0	0	0	0	0	0	0	0	0	0	0	0	0	0	0	0	0	0	0	0	0	0	0	0	0	0	0	0	0	0	0	0	0	0	0	0	0	0	0	0	0	0	0	0	0	0	0	0	0	0	0	0	0	0	0	0	0	0	0	0	0	0	0	0	0	0	0	0	0	0	0	0	0	0	0	0	0	114	119	126	145	160	111	104	120	118	128	37	120	174	149	114	36	111	130	82	121	157	116	106	17	178	30	169	154	176	101	112
0	0	0	0	0	0	0	0	0	0	0	0	0	0	0	0	0	0	0	0	0	0	0	0	0	0	0	0	0	0	0	0	0	0	0	0	0	0	0	0	0	0	0	0	0	0	0	0	0	0	0	0	0	0	0	0	0	0	0	0	0	0	0	0	0	0	0	0	0	0	0	0	0	0	0	0	0	0	0	0	0	0	0	0	0	0	0	0	0	0	0	0	0	0	0	0	0	0	45	111	176	117	140	123	87	47	112	76	85	128	124	135	91	96	159	190	75	41	109	167	60	65	197	176	162	100	98	98
0	0	0	0	0	0	0	0	0	0	0	0	0	0	0	0	0	0	0	0	0	0	0	0	0	0	0	0	0	0	0	0	0	0	0	0	0	0	0	0	0	0	0	0	0	0	0	0	0	0	0	0	0	0	0	0	0	0	0	0	0	0	0	0	0	0	0	0	0	0	0	0	0	0	0	0	0	0	0	0	0	0	0	0	0	0	0	0	0	0	0	0	0	0	0	0	0	0	0	135	131	108	125	78	116	195	139	73	144	159	157	151	98	104	163	113	84	71	127	180	133	107	192	106	74	145	30	100
0	0	0	0	0	0	0	0	0	0	0	0	0	0	0	0	0	0	0	0	0	0	0	0	0	0	0	0	0	0	0	0	0	0	0	0	0	0	0	0	0	0	0	0	0	0	0	0	0	0	0	0	0	0	0	0	0	0	0	0	0	0	0	0	0	0	0	0	0	0	0	0	0	0	0	0	0	0	0	0	0	0	0	0	0	0	0	0	0	0	0	0	0	0	0	0	0	0	0	0	82	36	166	101	161	119	98	130	135	98	102	135	125	74	88	65	130	52	173	108	30	85	8	84	75	91	138	211
0	0	0	0	0	0	0	0	0	0	0	0	0	0	0	0	0	0	0	0	0	0	0	0	0	0	0	0	0	0	0	0	0	0	0	0	0	0	0	0	0	0	0	0	0	0	0	0	0	0	0	0	0	0	0	0	0	0	0	0	0	0	0	0	0	0	0	0	0	0	0	0	0	0	0	0	0	0	0	0	0	0	0	0	0	0	0	0	0	0	0	0	0	0	0	0	0	0	0	0	0	97	90	102	92	63	24	141	220	183	227	151	127	95	121	72	44	134	145	153	56	204	89	101	131	167	147	65
0	0	0	0	0	0	0	0	0	0	0	0	0	0	0	0	0	0	0	0	0	0	0	0	0	0	0	0	0	0	0	0	0	0	0	0	0	0	0	0	0	0	0	0	0	0	0	0	0	0	0	0	0	0	0	0	0	0	0	0	0	0	0	0	0	0	0	0	0	0	0	0	0	0	0	0	0	0	0	0	0	0	0	0	0	0	0	0	0	0	0	0	0	0	0	0	0	0	0	0	0	0	101	155	135	55	123	35	190	94	162	133	118	96	100	56	54	101	120	181	93	195	121	149	95	149	177	135
0	0	0	0	0	0	0	0	0	0	0	0	0	0	0	0	0	0	0	0	0	0	0	0	0	0	0	0	0	0	0	0	0	0	0	0	0	0	0	0	0	0	0	0	0	0	0	0	0	0	0	0	0	0	0	0	0	0	0	0	0	0	0	0	0	0	0	0	0	0	0	0	0	0	0	0	0	0	0	0	0	0	0	0	0	0	0	0	0	0	0	0	0	0	0	0	0	0	0	0	0	0	0	89	154	64	42	124	90	161	57	140	179	143	157	167	99	217	62	184	93	190	21	81	138	132	126	140
0	0	0	0	0	0	0	0	0	0	0	0	0	0	0	0	0	0	0	0	0	0	0	0	0	0	0	0	0	0	0	0	0	0	0	0	0	0	0	0	0	0	0	0	0	0	0	0	0	0	0	0	0	0	0	0	0	0	0	0	0	0	0	0	0	0	0	0	0	0	0	0	0	0	0	0	0	0	0	0	0	0	0	0	0	0	0	0	0	0	0	0	0	0	0	0	0	0	0	0	0	0	0	0	131	140	47	24	59	165	135	134	65	121	84	163	135	15	201	59	100	184	108	144	139	165	155	62
0	0	0	0	0	0	0	0	0	0	0	0	0	0	0	0	0	0	0	0	0	0	0	0	0	0	0	0	0	0	0	0	0	0	0	0	0	0	0	0	0	0	0	0	0	0	0	0	0	0	0	0	0	0	0	0	0	0	0	0	0	0	0	0	0	0	0	0	0	0	0	0	0	0	0	0	0	0	0	0	0	0	0	0	0	0	0	0	0	0	0	0	0	0	0	0	0	0	0	0	0	0	0	0	0	131	69	70	151	142	76	120	172	119	110	128	78	218	186	186	222	118	124	78	101	129	116	139
0	0	0	0	0	0	0	0	0	0	0	0	0	0	0	0	0	0	0	0	0	0	0	0	0	0	0	0	0	0	0	0	0	0	0	0	0	0	0	0	0	0	0	0	0	0	0	0	0	0	0	0	0	0	0	0	0	0	0	0	0	0	0	0	0	0	0	0	0	0	0	0	0	0	0	0	0	0	0	0	0	0	0	0	0	0	0	0	0	0	0	0	0	0	0	0	0	0	0	0	0	0	0	0	0	0	43	187	84	136	180	167	90	160	194	118	122	181	70	32	148	99	144	76	131	73	55	20
0	0	0	0	0	0	0	0	0	0	0	0	0	0	0	0	0	0	0	0	0	0	0	0	0	0	0	0	0	0	0	0	0	0	0	0	0	0	0	0	0	0	0	0	0	0	0	0	0	0	0	0	0	0	0	0	0	0	0	0	0	0	0	0	0	0	0	0	0	0	0	0	0	0	0	0	0	0	0	0	0	0	0	0	0	0	0	0	0	0	0	0	0	0	0	0	0	0	0	0	0	0	0	0	0	0	0	87	45	139	126	180	18	70	55	140	219	68	96	98	106	138	35	60	62	166	205	116
0	0	0	0	0	0	0	0	0	0	0	0	0	0	0	0	0	0	0	0	0	0	0	0	0	0	0	0	0	0	0	0	0	0	0	0	0	0	0	0	0	0	0	0	0	0	0	0	0	0	0	0	0	0	0	0	0	0	0	0	0	0	0	0	0	0	0	0	0	0	0	0	0	0	0	0	0	0	0	0	0	0	0	0	0	0	0	0	0	0	0	0	0	0	0	0	0	0	0	0	0	0	0	0	0	0	0	0	80	165	128	171	127	77	175	46	140	71	142	151	91	89	114	170	143	90	165	51
0	0	0	0	0	0	0	0	0	0	0	0	0	0	0	0	0	0	0	0	0	0	0	0	0	0	0	0	0	0	0	0	0	0	0	0	0	0	0	0	0	0	0	0	0	0	0	0	0	0	0	0	0	0	0	0	0	0	0	0	0	0	0	0	0	0	0	0	0	0	0	0	0	0	0	0	0	0	0	0	0	0	0	0	0	0	0	0	0	0	0	0	0	0	0	0	0	0	0	0	0	0	0	0	0	0	0	0	0	46	86	28	178	89	141	125	128	101	118	85	42	97	128	180	154	157	73	79
0	0	0	0	0	0	0	0	0	0	0	0	0	0	0	0	0	0	0	0	0	0	0	0	0	0	0	0	0	0	0	0	0	0	0	0	0	0	0	0	0	0	0	0	0	0	0	0	0	0	0	0	0	0	0	0	0	0	0	0	0	0	0	0	0	0	0	0	0	0	0	0	0	0	0	0	0	0	0	0	0	0	0	0	0	0	0	0	0	0	0	0	0	0	0	0	0	0	0	0	0	0	0	0	0	0	0	0	0	0	99	182	14	74	123	123	124	144	182	94	99	26	198	165	120	89	102	109
0	0	0	0	0	0	0	0	0	0	0	0	0	0	0	0	0	0	0	0	0	0	0	0	0	0	0	0	0	0	0	0	0	0	0	0	0	0	0	0	0	0	0	0	0	0	0	0	0	0	0	0	0	0	0	0	0	0	0	0	0	0	0	0	0	0	0	0	0	0	0	0	0	0	0	0	0	0	0	0	0	0	0	0	0	0	0	0	0	0	0	0	0	0	0	0	0	0	0	0	0	0	0	0	0	0	0	0	0	0	0	177	57	72	150	73	130	152	55	167	87	69	99	221	87	176	99	43
0	0	0	0	0	0	0	0	0	0	0	0	0	0	0	0	0	0	0	0	0	0	0	0	0	0	0	0	0	0	0	0	0	0	0	0	0	0	0	0	0	0	0	0	0	0	0	0	0	0	0	0	0	0	0	0	0	0	0	0	0	0	0	0	0	0	0	0	0	0	0	0	0	0	0	0	0	0	0	0	0	0	0	0	0	0	0	0	0	0	0	0	0	0	0	0	0	0	0	0	0	0	0	0	0	0	0	0	0	0	0	0	213	146	203	150	40	86	79	43	56	122	135	144	145	120	140	82
0	0	0	0	0	0	0	0	0	0	0	0	0	0	0	0	0	0	0	0	0	0	0	0	0	0	0	0	0	0	0	0	0	0	0	0	0	0	0	0	0	0	0	0	0	0	0	0	0	0	0	0	0	0	0	0	0	0	0	0	0	0	0	0	0	0	0	0	0	0	0	0	0	0	0	0	0	0	0	0	0	0	0	0	0	0	0	0	0	0	0	0	0	0	0	0	0	0	0	0	0	0	0	0	0	0	0	0	0	0	0	0	0	139	162	154	80	130	134	134	121	47	179	73	94	58	124	217
0	0	0	0	0	0	0	0	0	0	0	0	0	0	0	0	0	0	0	0	0	0	0	0	0	0	0	0	0	0	0	0	0	0	0	0	0	0	0	0	0	0	0	0	0	0	0	0	0	0	0	0	0	0	0	0	0	0	0	0	0	0	0	0	0	0	0	0	0	0	0	0	0	0	0	0	0	0	0	0	0	0	0	0	0	0	0	0	0	0	0	0	0	0	0	0	0	0	0	0	0	0	0	0	0	0	0	0	0	0	0	0	0	0	69	134	231	93	232	109	56	75	130	109	223	116	110	181
0	0	0	0	0	0	0	0	0	0	0	0	0	0	0	0	0	0	0	0	0	0	0	0	0	0	0	0	0	0	0	0	0	0	0	0	0	0	0	0	0	0	0	0	0	0	0	0	0	0	0	0	0	0	0	0	0	0	0	0	0	0	0	0	0	0	0	0	0	0	0	0	0	0	0	0	0	0	0	0	0	0	0	0	0	0	0	0	0	0	0	0	0	0	0	0	0	0	0	0	0	0	0	0	0	0	0	0	0	0	0	0	0	0	0	103	137	203	161	60	27	153	113	73	126	212	157	58
0	0	0	0	0	0	0	0	0	0	0	0	0	0	0	0	0	0	0	0	0	0	0	0	0	0	0	0	0	0	0	0	0	0	0	0	0	0	0	0	0	0	0	0	0	0	0	0	0	0	0	0	0	0	0	0	0	0	0	0	0	0	0	0	0	0	0	0	0	0	0	0	0	0	0	0	0	0	0	0	0	0	0	0	0	0	0	0	0	0	0	0	0	0	0	0	0	0	0	0	0	0	0	0	0	0	0	0	0	0	0	0	0	0	0	0	82	150	129	131	172	113	134	24	78	217	28	76
0	0	0	0	0	0	0	0	0	0	0	0	0	0	0	0	0	0	0	0	0	0	0	0	0	0	0	0	0	0	0	0	0	0	0	0	0	0	0	0	0	0	0	0	0	0	0	0	0	0	0	0	0	0	0	0	0	0	0	0	0	0	0	0	0	0	0	0	0	0	0	0	0	0	0	0	0	0	0	0	0	0	0	0	0	0	0	0	0	0	0	0	0	0	0	0	0	0	0	0	0	0	0	0	0	0	0	0	0	0	0	0	0	0	0	0	0	114	148	134	225	149	119	107	52	158	144	185
0	0	0	0	0	0	0	0	0	0	0	0	0	0	0	0	0	0	0	0	0	0	0	0	0	0	0	0	0	0	0	0	0	0	0	0	0	0	0	0	0	0	0	0	0	0	0	0	0	0	0	0	0	0	0	0	0	0	0	0	0	0	0	0	0	0	0	0	0	0	0	0	0	0	0	0	0	0	0	0	0	0	0	0	0	0	0	0	0	0	0	0	0	0	0	0	0	0	0	0	0	0	0	0	0	0	0	0	0	0	0	0	0	0	0	0	0	0	173	146	163	104	100	198	195	87	170	187
0	0	0	0	0	0	0	0	0	0	0	0	0	0	0	0	0	0	0	0	0	0	0	0	0	0	0	0	0	0	0	0	0	0	0	0	0	0	0	0	0	0	0	0	0	0	0	0	0	0	0	0	0	0	0	0	0	0	0	0	0	0	0	0	0	0	0	0	0	0	0	0	0	0	0	0	0	0	0	0	0	0	0	0	0	0	0	0	0	0	0	0	0	0	0	0	0	0	0	0	0	0	0	0	0	0	0	0	0	0	0	0	0	0	0	0	0	0	0	140	75	212	197	111	156	181	128	128
0	0	0	0	0	0	0	0	0	0	0	0	0	0	0	0	0	0	0	0	0	0	0	0	0	0	0	0	0	0	0	0	0	0	0	0	0	0	0	0	0	0	0	0	0	0	0	0	0	0	0	0	0	0	0	0	0	0	0	0	0	0	0	0	0	0	0	0	0	0	0	0	0	0	0	0	0	0	0	0	0	0	0	0	0	0	0	0	0	0	0	0	0	0	0	0	0	0	0	0	0	0	0	0	0	0	0	0	0	0	0	0	0	0	0	0	0	0	0	0	170	225	199	148	130	210	144	116
0	0	0	0	0	0	0	0	0	0	0	0	0	0	0	0	0	0	0	0	0	0	0	0	0	0	0	0	0	0	0	0	0	0	0	0	0	0	0	0	0	0	0	0	0	0	0	0	0	0	0	0	0	0	0	0	0	0	0	0	0	0	0	0	0	0	0	0	0	0	0	0	0	0	0	0	0	0	0	0	0	0	0	0	0	0	0	0	0	0	0	0	0	0	0	0	0	0	0	0	0	0	0	0	0	0	0	0	0	0	0	0	0	0	0	0	0	0	0	0	0	171	167	175	112	119	208	13
0	0	0	0	0	0	0	0	0	0	0	0	0	0	0	0	0	0	0	0	0	0	0	0	0	0	0	0	0	0	0	0	0	0	0	0	0	0	0	0	0	0	0	0	0	0	0	0	0	0	0	0	0	0	0	0	0	0	0	0	0	0	0	0	0	0	0	0	0	0	0	0	0	0	0	0	0	0	0	0	0	0	0	0	0	0	0	0	0	0	0	0	0	0	0	0	0	0	0	0	0	0	0	0	0	0	0	0	0	0	0	0	0	0	0	0	0	0	0	0	0	0	108	108	146	90	78	61
0	0	0	0	0	0	0	0	0	0	0	0	0	0	0	0	0	0	0	0	0	0	0	0	0	0	0	0	0	0	0	0	0	0	0	0	0	0	0	0	0	0	0	0	0	0	0	0	0	0	0	0	0	0	0	0	0	0	0	0	0	0	0	0	0	0	0	0	0	0	0	0	0	0	0	0	0	0	0	0	0	0	0	0	0	0	0	0	0	0	0	0	0	0	0	0	0	0	0	0	0	0	0	0	0	0	0	0	0	0	0	0	0	0	0	0	0	0	0	0	0	0	0	104	89	141	163	147
0	0	0	0	0	0	0	0	0	0	0	0	0	0	0	0	0	0	0	0	0	0	0	0	0	0	0	0	0	0	0	0	0	0	0	0	0	0	0	0	0	0	0	0	0	0	0	0	0	0	0	0	0	0	0	0	0	0	0	0	0	0	0	0	0	0	0	0	0	0	0	0	0	0	0	0	0	0	0	0	0	0	0	0	0	0	0	0	0	0	0	0	0	0	0	0	0	0	0	0	0	0	0	0	0	0	0	0	0	0	0	0	0	0	0	0	0	0	0	0	0	0	0	0	161	152	32	181
0	0	0	0	0	0	0	0	0	0	0	0	0	0	0	0	0	0	0	0	0	0	0	0	0	0	0	0	0	0	0	0	0	0	0	0	0	0	0	0	0	0	0	0	0	0	0	0	0	0	0	0	0	0	0	0	0	0	0	0	0	0	0	0	0	0	0	0	0	0	0	0	0	0	0	0	0	0	0	0	0	0	0	0	0	0	0	0	0	0	0	0	0	0	0	0	0	0	0	0	0	0	0	0	0	0	0	0	0	0	0	0	0	0	0	0	0	0	0	0	0	0	0	0	0	168	31	140
0	0	0	0	0	0	0	0	0	0	0	0	0	0	0	0	0	0	0	0	0	0	0	0	0	0	0	0	0	0	0	0	0	0	0	0	0	0	0	0	0	0	0	0	0	0	0	0	0	0	0	0	0	0	0	0	0	0	0	0	0	0	0	0	0	0	0	0	0	0	0	0	0	0	0	0	0	0	0	0	0	0	0	0	0	0	0	0	0	0	0	0	0	0	0	0	0	0	0	0	0	0	0	0	0	0	0	0	0	0	0	0	0	0	0	0	0	0	0	0	0	0	0	0	0	0	108	165
0	0	0	0	0	0	0	0	0	0	0	0	0	0	0	0	0	0	0	0	0	0	0	0	0	0	0	0	0	0	0	0	0	0	0	0	0	0	0	0	0	0	0	0	0	0	0	0	0	0	0	0	0	0	0	0	0	0	0	0	0	0	0	0	0	0	0	0	0	0	0	0	0	0	0	0	0	0	0	0	0	0	0	0	0	0	0	0	0	0	0	0	0	0	0	0	0	0	0	0	0	0	0	0	0	0	0	0	0	0	0	0	0	0	0	0	0	0	0	0	0	0	0	0	0	0	0	136
0	0	0	0	0	0	0	0	0	0	0	0	0	0	0	0	0	0	0	0	0	0	0	0	0	0	0	0	0	0	0	0	0	0	0	0	0	0	0	0	0	0	0	0	0	0	0	0	0	0	0	0	0	0	0	0	0	0	0	0	0	0	0	0	0	0	0	0	0	0	0	0	0	0	0	0	0	0	0	0	0	0	0	0	0	0	0	0	0	0	0	0	0	0	0	0	0	0	0	0	0	0	0	0	0	0	0	0	0	0	0	0	0	0	0	0	0	0	0	0	0	0	0	0	0	0	0	0