0	63	3	14	33	42	3	31	48	84	18	48	32	109	109	53	111	12	129	64	104	13	20	96	49	43	92	101	90	98	27	4	120	102	98	27	124	78	83	114	83	89	77	18	53	67	44	2	114	90	64	3	77	45	113	73	112	8	65	105	50	41	31	80	113	25	118	53	122	65	100	67	32	116	53	89	40	47	18	102	95	33	10	56	41	117	76	70	64	50	127	118	3	47	114	98	87	69	70	48	106	4	70	67	65	92	42	27	64	36	128	71	41	119	35	95	23	69	13	16	2	78	31	12	96	63	81	63
0	0	48	125	32	77	77	65	114	61	41	90	43	6	87	64	73	71	117	109	68	113	75	86	107	36	57	42	114	6	30	84	56	85	32	24	8	126	41	128	34	111	129	18	88	31	87	99	100	123	75	112	22	59	104	29	121	56	64	103	17	119	109	18	53	59	75	28	112	51	54	106	119	27	101	7	82	19	83	109	56	96	94	63	104	113	69	49	61	97	88	70	29	123	39	46	67	44	27	116	128	65	28	52	63	11	6	112	33	66	8	93	104	31	18	19	120	128	117	33	125	60	20	2	15	111	32	91
0	0	0	6	97	57	67	74	28	57	46	5	40	118	9	94	113	74	52	122	61	101	57	32	59	50	69	2	120	30	110	41	57	23	123	74	11	34	36	99	96	18	47	67	104	33	62	104	65	40	130	15	63	93	36	102	56	111	51	36	83	74	14	79	63	90	117	68	47	50	41	66	33	101	37	57	88	79	128	67	63	44	101	6	27	32	44	58	46	56	71	55	44	109	121	57	117	41	87	15	77	98	129	25	96	113	76	48	111	34	75	78	103	9	112	19	127	68	121	102	17	16	88	49	107	36	32	12
0	0	0	0	86	15	81	8	114	10	124	60	92	49	127	98	93	131	50	79	35	101	7	129	18	71	110	26	34	97	72	63	32	87	114	5	123	104	123	99	2	127	41	16	49	102	128	20	71	48	11	107	93	2	113	71	116	35	81	98	19	17	96	82	91	113	88	126	78	32	44	24	96	32	64	127	26	37	82	116	20	115	66	40	24	46	106	22	4	102	8	80	117	56	40	117	92	13	47	128	37	97	92	75	115	78	116	57	131	95	109	77	77	4	55	45	111	113	70	25	59	96	26	83	82	112	87	110
0	0	0	0	0	35	10	77	75	9	30	14	97	109	28	108	51	119	36	122	105	102	62	91	53	56	7	130	105	59	51	35	34	74	16	123	92	87	79	26	83	69	97	39	57	10	99	106	47	126	79	122	54	105	126	115	39	64	119	114	74	46	19	90	20	97	56	33	105	90	95	122	121	43	61	20	77	24	133	123	120	116	5	65	71	96	107	46	83	61	53	80	76	72	75	39	56	104	92	34	110	35	84	17	80	31	52	114	104	29	82	94	13	50	49	132	126	87	109	63	61	129	94	56	115	56	55	125
0	0	0	0	0	0	104	69	89	112	117	131	10	8	113	119	88	23	96	91	58	86	74	54	91	92	49	121	54	39	110	109	110	101	91	100	54	68	73	46	129	10	32	113	59	90	11	108	123	125	78	31	9	25	27	80	39	80	116	46	22	103	69	74	5	26	133	54	59	107	57	78	45	103	67	75	100	90	53	119	5	108	69	61	67	8	32	116	33	38	91	93	95	84	78	121	19	125	97	131	118	67	45	62	51	41	91	16	60	15	105	90	57	14	127	49	114	21	124	80	103	35	80	14	123	107	34	60
0	0	0	0	0	0	0	109	77	67	81	26	60	119	19	91	66	84	81	20	51	63	83	14	41	68	63	51	107	43	86	98	57	82	79	16	27	69	12	3	57	85	70	115	125	89	65	55	16	58	80	119	20	126	7	124	126	9	121	48	111	20	100	132	66	99	62	98	80	15	25	28	28	69	68	10	7	31	38	2	114	111	132	115	7	100	105	88	110	43	14	54	103	106	126	46	60	66	36	31	15	88	127	130	83	70	127	42	6	51	133	89	92	60	130	39	49	14	13	96	50	78	94	93	57	64	128	75
0	0	0	0	0	0	0	0	14	28	11	29	81	129	28	75	93	109	53	34	113	35	113	28	17	95	119	122	18	80	78	78	119	62	56	33	47	102	29	35	45	37	91	51	25	63	76	117	88	47	110	36	119	102	25	127	129	111	10	29	13	18	57	35	52	26	73	100	115	131	60	25	55	98	36	35	9	123	24	57	119	41	99	69	126	110	71	85	91	99	97	11	57	129	16	74	111	46	74	54	85	98	117	110	20	30	17	125	52	70	16	46	39	78	116	131	42	3	121	101	40	40	42	83	57	26	13	60
0	0	0	0	0	0	0	0	0	63	101	14	7	64	51	126	30	25	84	45	39	121	97	130	109	42	44	18	49	48	108	58	89	53	123	124	58	45	127	67	95	28	90	18	107	38	91	87	52	56	8	26	31	122	92	46	47	18	65	103	61	85	34	73	31	43	40	122	16	18	28	70	44	92	33	55	95	28	67	35	29	92	55	44	58	105	118	42	107	63	16	3	127	73	61	13	33	56	105	29	79	126	94	45	28	9	42	105	41	75	68	126	105	90	94	35	34	131	32	32	9	62	123	25	6	111	112	4
0	0	0	0	0	0	0	0	0	0	37	118	59	62	93	115	100	69	81	121	102	52	103	90	117	62	8	128	129	121	21	33	81	51	130	92	89	97	18	14	107	102	69	58	107	87	120	15	124	73	72	17	97	62	106	50	34	11	62	92	116	84	62	46	112	123	118	16	67	91	31	121	124	134	74	49	66	23	117	59	45	102	14	129	120	75	43	131	73	24	83	49	29	21	17	32	106	124	138	109	38	7	70	56	134	118	46	43	69	93	80	104	90	110	25	17	10	28	99	31	22	25	128	132	71	94	72	94
0	0	0	0	0	0	0	0	0	0	0	127	15	38	52	77	91	18	79	94	38	126	79	113	41	47	108	95	19	133	112	102	83	90	108	88	16	110	89	3	117	131	50	67	122	11	54	121	20	103	81	132	71	121	132	100	40	81	124	41	23	28	69	51	75	54	95	56	82	117	138	124	65	50	74	129	34	121	15	74	63	24	45	16	127	64	13	20	107	80	99	10	44	45	96	86	68	65	36	41	120	82	72	85	112	14	58	37	58	102	98	86	12	86	86	59	92	67	81	12	63	129	89	54	102	49	60	18
0	0	0	0	0	0	0	0	0	0	0	0	2	96	63	119	127	100	55	79	47	13	116	27	26	114	42	20	111	28	55	126	120	62	88	121	50	104	14	102	24	40	36	128	26	35	29	139	126	79	36	105	40	133	127	56	95	34	92	34	131	52	32	107	51	41	118	68	31	107	84	14	94	55	42	62	49	86	110	16	47	25	24	136	34	53	32	112	75	124	26	83	112	27	30	129	110	78	94	105	85	130	94	49	8	11	57	104	74	92	15	11	84	27	21	10	75	11	86	103	77	48	18	85	86	135	85	13
0	0	0	0	0	0	0	0	0	0	0	0	0	128	21	15	65	111	22	47	66	128	2	110	80	51	43	131	58	67	7	89	8	49	87	60	36	80	67	131	66	139	47	68	127	42	105	8	29	125	117	101	70	84	133	53	61	41	39	129	20	116	28	39	76	123	84	45	19	74	14	109	71	129	56	139	58	136	104	27	85	54	102	35	85	92	82	55	136	115	88	11	13	44	55	96	56	62	18	90	117	71	114	30	74	95	83	21	115	101	136	69	49	129	127	62	34	10	119	42	95	46	122	56	83	117	79	133
0	0	0	0	0	0	0	0	0	0	0	0	0	0	131	132	53	15	130	10	4	43	69	126	100	75	109	127	17	25	89	108	63	26	19	15	63	24	111	59	42	21	82	136	42	18	14	118	64	67	113	18	20	43	126	40	35	28	42	125	28	88	51	127	68	17	102	93	92	54	33	21	49	26	112	79	63	51	99	113	120	14	117	28	47	113	100	61	20	70	77	138	52	103	21	94	84	128	5	80	35	48	114	118	120	5	112	105	103	91	62	79	98	114	67	47	24	61	88	96	96	115	29	16	62	59	65	98
0	0	0	0	0	0	0	0	0	0	0	0	0	0	0	95	109	35	127	5	66	4	31	31	59	83	106	104	72	24	70	116	16	94	22	64	107	87	126	58	60	114	116	63	88	118	94	116	57	77	70	67	44	24	24	90	30	56	116	126	108	103	123	59	117	33	23	97	65	33	81	125	108	54	129	105	52	20	28	37	130	131	70	90	112	17	66	125	82	35	22	112	33	73	78	123	106	85	31	94	123	60	121	49	43	65	96	32	34	25	47	57	34	64	23	132	51	81	33	24	43	73	30	22	124	25	27	119
0	0	0	0	0	0	0	0	0	0	0	0	0	0	0	0	41	72	132	67	33	84	115	126	58	45	41	43	53	77	91	16	77	120	90	62	134	58	52	103	63	101	72	17	71	43	45	100	35	32	53	29	23	34	65	38	21	96	103	90	94	15	30	81	118	13	25	44	17	96	90	130	136	90	58	50	112	36	69	96	115	28	33	44	80	42	109	117	82	77	86	14	118	126	76	48	116	111	96	39	66	66	120	92	43	89	8	22	6	139	105	66	42	60	127	117	8	90	31	82	41	96	105	45	15	122	76	12
0	0	0	0	0	0	0	0	0	0	0	0	0	0	0	0	0	49	91	97	34	60	89	56	111	101	27	76	91	90	84	46	109	75	111	26	143	100	112	64	121	118	42	57	91	27	134	34	37	57	116	22	52	127	19	80	35	30	40	11	48	130	43	110	39	43	53	38	16	47	17	66	91	15	67	47	37	105	72	93	91	32	49	136	44	124	118	76	129	80	78	144	119	44	27	69	17	93	93	59	138	91	37	58	71	129	115	114	107	52	124	129	103	93	41	77	105	108	107	90	47	40	46	33	12	18	9	55
0	0	0	0	0	0	0	0	0	0	0	0	0	0	0	0	0	0	81	8	24	112	116	76	45	52	25	77	27	29	115	94	63	82	45	119	41	59	119	11	86	9	46	81	115	138	17	109	144	130	111	102	58	125	95	62	82	92	62	127	68	28	32	39	140	115	76	136	106	113	108	69	70	17	63	76	119	73	14	128	26	49	119	136	15	18	113	118	124	27	34	90	104	95	86	131	128	141	74	108	22	38	25	50	111	130	107	42	125	107	94	19	13	48	40	67	25	129	66	137	85	62	32	89	17	38	56	19
0	0	0	0	0	0	0	0	0	0	0	0	0	0	0	0	0	0	0	99	54	80	135	75	54	80	51	86	75	116	99	56	93	128	79	66	146	67	121	117	79	71	103	39	55	24	63	101	102	85	92	133	110	76	71	54	84	29	76	79	118	38	28	107	118	34	71	28	128	139	109	52	74	7	98	27	43	117	126	94	108	129	88	44	120	59	107	51	62	139	136	139	90	99	90	13	42	54	86	91	103	71	58	128	115	79	98	60	41	106	110	136	75	58	38	22	79	22	124	50	125	9	104	60	14	57	74	59
0	0	0	0	0	0	0	0	0	0	0	0	0	0	0	0	0	0	0	0	121	100	133	46	100	64	79	28	126	72	42	113	77	36	69	61	60	117	137	111	108	26	59	83	89	59	41	46	91	36	70	32	16	16	74	64	83	136	65	28	126	23	74	70	77	18	84	37	69	42	76	59	27	63	77	77	57	87	93	44	25	34	48	40	74	42	88	128	62	116	50	112	53	127	89	83	10	93	59	48	15	36	115	103	94	102	55	47	55	129	99	96	86	99	36	108	106	104	83	80	23	83	25	70	28	132	128	74
0	0	0	0	0	0	0	0	0	0	0	0	0	0	0	0	0	0	0	0	0	20	53	115	95	24	85	65	26	38	69	113	36	112	126	25	119	115	79	49	109	99	8	24	126	69	77	120	43	106	12	43	54	48	92	94	99	133	109	75	40	98	64	126	109	69	61	38	128	104	42	23	125	93	65	118	70	35	64	63	115	90	29	59	134	35	96	115	29	57	25	115	116	43	52	14	44	81	130	124	126	141	86	49	35	15	130	13	94	21	37	109	21	83	90	107	41	65	11	28	39	44	81	77	51	6	141	84
0	0	0	0	0	0	0	0	0	0	0	0	0	0	0	0	0	0	0	0	0	0	97	78	110	140	61	41	85	124	131	115	23	109	110	67	108	73	91	21	131	76	33	130	48	47	47	80	122	60	12	113	111	97	28	130	27	138	47	78	79	15	51	99	133	34	39	32	113	117	23	135	116	138	60	26	53	124	109	78	80	71	126	103	109	60	59	127	33	115	70	122	125	33	104	142	26	92	63	92	117	104	141	99	127	110	62	31	105	32	19	91	34	127	85	11	93	9	71	87	109	15	95	85	120	45	135	38
0	0	0	0	0	0	0	0	0	0	0	0	0	0	0	0	0	0	0	0	0	0	0	49	129	80	71	79	51	38	72	62	42	62	86	57	93	71	140	12	24	104	88	44	118	70	106	68	99	39	62	31	50	46	123	73	62	69	103	113	15	107	151	137	113	16	119	66	92	112	86	27	57	55	76	13	28	101	111	123	98	54	97	125	24	69	61	85	137	16	87	93	36	84	63	113	33	35	45	99	80	115	36	11	114	23	17	40	107	43	55	69	123	77	43	81	52	58	109	138	125	74	3	92	131	65	20	40
0	0	0	0	0	0	0	0	0	0	0	0	0	0	0	0	0	0	0	0	0	0	0	0	24	42	7	116	128	69	9	21	20	91	113	133	82	134	93	96	39	145	115	88	13	142	100	113	138	134	33	27	25	79	123	122	142	15	19	89	121	78	6	75	73	86	80	35	97	123	77	35	113	89	79	16	20	113	34	31	43	77	14	87	34	123	33	120	50	125	76	44	20	83	33	85	124	78	60	100	123	14	12	146	129	67	80	96	75	78	55	144	20	19	109	100	9	80	126	136	32	48	103	59	117	104	37	54
0	0	0	0	0	0	0	0	0	0	0	0	0	0	0	0	0	0	0	0	0	0	0	0	0	62	69	69	92	33	42	52	109	112	32	113	89	84	73	91	44	130	120	57	29	34	85	26	73	131	4	121	115	58	124	14	66	112	66	52	54	100	136	88	109	141	52	114	37	67	130	33	53	139	37	60	60	31	102	112	69	109	16	108	74	25	83	15	127	67	92	35	28	102	120	91	134	143	87	118	48	29	14	38	81	55	41	97	101	39	103	117	81	72	52	73	84	7	127	78	66	69	20	69	108	57	126	89
0	0	0	0	0	0	0	0	0	0	0	0	0	0	0	0	0	0	0	0	0	0	0	0	0	0	53	61	39	115	135	128	89	80	114	47	68	132	67	140	88	78	118	51	47	62	112	70	76	22	92	93	116	60	40	97	48	89	44	29	137	59	113	24	18	135	104	102	78	45	51	103	116	42	56	75	95	35	122	66	63	76	53	99	53	126	78	62	98	119	108	73	93	52	128	98	74	86	123	109	65	15	47	89	135	51	99	73	123	143	90	101	100	90	49	87	55	77	126	91	60	51	144	25	95	142	78	54
0	0	0	0	0	0	0	0	0	0	0	0	0	0	0	0	0	0	0	0	0	0	0	0	0	0	0	40	68	39	109	80	107	5	94	84	104	36	102	62	137	91	122	89	122	9	29	139	76	19	114	41	29	106	95	15	59	65	126	83	68	78	12	56	70	129	63	28	110	123	42	24	98	80	81	56	59	106	93	93	22	79	123	122	72	127	125	70	43	30	101	134	129	130	109	79	18	103	144	46	41	53	99	44	18	62	59	65	104	127	66	59	28	99	72	66	64	64	49	85	87	23	45	20	102	124	101	87
0	0	0	0	0	0	0	0	0	0	0	0	0	0	0	0	0	0	0	0	0	0	0	0	0	0	0	0	105	132	89	112	68	32	88	98	125	33	118	72	52	55	24	80	106	60	54	128	115	118	20	114	74	133	51	101	49	49	103	106	20	134	117	117	84	67	61	115	83	23	27	37	96	52	147	99	135	45	81	65	117	48	57	107	67	118	32	83	78	113	18	123	50	24	32	41	45	31	121	23	106	25	96	47	14	127	64	40	34	58	53	131	141	80	23	24	124	85	112	117	125	55	31	123	130	69	86	42
0	0	0	0	0	0	0	0	0	0	0	0	0	0	0	0	0	0	0	0	0	0	0	0	0	0	0	0	0	73	56	19	51	138	58	32	75	35	38	66	51	41	125	93	126	128	146	10	32	35	48	27	60	23	23	98	26	129	118	26	87	103	22	52	20	26	89	33	24	124	34	94	65	48	39	97	49	110	129	13	64	30	50	45	130	92	95	20	88	82	42	125	41	96	7	66	139	34	59	84	26	50	80	117	107	52	104	89	116	74	150	77	12	66	115	107	83	105	96	104	28	121	81	22	119	35	102	17
0	0	0	0	0	0	0	0	0	0	0	0	0	0	0	0	0	0	0	0	0	0	0	0	0	0	0	0	0	0	118	29	74	140	144	144	100	18	143	134	105	131	84	64	69	29	47	26	53	121	59	77	77	44	74	127	122	104	19	116	84	117	116	38	66	63	73	149	68	24	119	46	89	52	80	139	126	91	146	25	117	70	139	67	105	29	75	41	43	61	81	141	34	84	111	85	65	103	107	50	116	104	96	138	96	78	12	38	111	122	127	133	102	6	35	64	125	113	15	37	95	76	128	116	87	65	116	119
0	0	0	0	0	0	0	0	0	0	0	0	0	0	0	0	0	0	0	0	0	0	0	0	0	0	0	0	0	0	0	56	106	100	32	70	81	16	25	64	87	118	55	47	23	101	33	50	93	86	95	29	93	101	110	29	15	133	123	76	137	36	27	84	122	74	103	85	110	96	61	113	45	60	13	100	46	38	59	91	94	157	26	84	117	43	87	33	114	68	70	130	78	66	35	33	7	77	29	48	64	65	114	59	117	16	111	43	101	43	26	127	79	69	61	119	120	81	17	139	130	110	148	32	135	65	144	132
0	0	0	0	0	0	0	0	0	0	0	0	0	0	0	0	0	0	0	0	0	0	0	0	0	0	0	0	0	0	0	0	142	88	135	100	42	65	110	76	102	148	7	44	21	138	122	91	119	73	35	69	79	98	124	50	81	140	92	53	131	107	17	68	19	94	63	42	25	32	152	116	90	34	22	33	96	22	135	99	48	61	107	55	95	133	126	91	74	28	75	118	86	106	64	131	31	56	51	57	74	137	123	141	27	121	144	76	62	5	20	124	94	80	129	92	77	18	95	75	140	49	33	61	14	147	9	111
0	0	0	0	0	0	0	0	0	0	0	0	0	0	0	0	0	0	0	0	0	0	0	0	0	0	0	0	0	0	0	0	0	75	82	104	96	78	52	100	100	60	40	102	47	44	55	28	76	36	52	106	34	100	80	93	16	53	119	49	127	146	127	57	81	115	115	99	127	86	49	85	47	64	109	148	120	108	41	62	41	20	120	70	55	40	76	58	101	145	103	78	90	27	11	68	95	113	54	150	55	59	46	91	54	90	92	117	39	66	23	94	10	96	93	134	36	23	62	106	103	29	39	52	66	134	116	62
0	0	0	0	0	0	0	0	0	0	0	0	0	0	0	0	0	0	0	0	0	0	0	0	0	0	0	0	0	0	0	0	0	0	93	14	51	113	35	66	155	102	66	12	116	98	28	70	152	87	83	23	124	128	35	119	67	76	82	132	73	100	89	92	145	89	125	42	19	19	28	64	104	42	111	155	37	73	77	158	100	21	65	58	101	101	142	59	99	36	33	119	24	36	12	63	57	87	77	44	150	80	107	77	111	68	21	130	68	83	37	65	118	14	62	96	61	33	74	69	142	48	109	33	134	118	47	64
0	0	0	0	0	0	0	0	0	0	0	0	0	0	0	0	0	0	0	0	0	0	0	0	0	0	0	0	0	0	0	0	0	0	0	109	38	115	50	21	111	143	32	100	30	112	102	91	129	102	23	126	30	132	107	92	26	118	118	88	19	49	89	88	105	92	10	95	44	97	89	82	149	121	140	142	122	80	42	62	86	27	83	130	141	33	121	37	105	23	115	8	41	54	88	104	131	87	57	11	40	134	71	41	147	113	112	150	99	132	82	45	7	107	78	83	61	81	53	105	123	135	61	83	157	20	42	28
0	0	0	0	0	0	0	0	0	0	0	0	0	0	0	0	0	0	0	0	0	0	0	0	0	0	0	0	0	0	0	0	0	0	0	0	46	79	135	144	44	65	33	31	151	90	36	145	45	76	79	32	108	71	132	100	100	132	65	97	56	34	42	109	135	122	16	84	60	110	63	23	77	125	29	96	82	64	41	91	39	57	81	124	53	144	124	41	95	36	61	37	139	119	63	132	104	69	132	118	144	125	5	55	68	129	32	56	121	125	54	94	44	15	67	120	69	29	145	27	57	15	122	25	118	87	122	75
0	0	0	0	0	0	0	0	0	0	0	0	0	0	0	0	0	0	0	0	0	0	0	0	0	0	0	0	0	0	0	0	0	0	0	0	0	67	122	85	124	93	53	36	82	35	91	37	59	137	87	45	147	63	59	153	78	66	70	94	18	123	65	52	151	53	18	133	44	63	91	58	50	73	127	69	124	22	52	32	47	63	122	101	85	119	128	156	107	55	137	55	129	102	54	111	68	139	19	66	41	26	93	109	85	148	80	122	41	109	59	142	32	137	16	23	147	129	37	145	29	87	149	43	56	61	152	62
0	0	0	0	0	0	0	0	0	0	0	0	0	0	0	0	0	0	0	0	0	0	0	0	0	0	0	0	0	0	0	0	0	0	0	0	0	0	22	105	121	81	144	120	115	50	86	120	12	69	94	45	31	102	100	82	93	131	113	126	93	12	147	124	75	33	38	18	28	33	95	98	45	72	36	27	124	54	65	86	63	85	38	33	93	44	30	88	81	51	130	37	77	129	104	68	105	81	40	126	82	82	56	23	141	120	44	39	22	112	43	66	38	82	151	39	84	76	93	110	72	100	42	134	58	79	40	115
0	0	0	0	0	0	0	0	0	0	0	0	0	0	0	0	0	0	0	0	0	0	0	0	0	0	0	0	0	0	0	0	0	0	0	0	0	0	0	70	47	56	134	43	41	49	69	100	149	70	89	78	115	87	101	87	135	83	118	98	72	130	80	66	43	61	52	142	33	123	88	80	109	142	83	113	57	37	85	19	72	46	146	44	109	50	68	98	109	126	63	8	54	120	54	116	134	142	120	74	21	60	80	128	71	130	28	153	38	133	74	36	72	93	34	106	94	147	127	122	40	72	51	38	38	54	144	51
0	0	0	0	0	0	0	0	0	0	0	0	0	0	0	0	0	0	0	0	0	0	0	0	0	0	0	0	0	0	0	0	0	0	0	0	0	0	0	0	65	85	83	116	97	63	50	130	74	54	67	96	28	73	151	98	132	155	73	116	152	82	51	47	148	43	113	154	73	126	97	89	134	44	23	67	89	52	129	88	47	95	10	123	45	55	102	127	99	108	149	23	48	61	128	110	136	137	118	16	116	102	167	117	29	149	108	88	55	32	73	152	38	71	106	39	128	94	60	100	123	80	69	134	61	116	143	65
0	0	0	0	0	0	0	0	0	0	0	0	0	0	0	0	0	0	0	0	0	0	0	0	0	0	0	0	0	0	0	0	0	0	0	0	0	0	0	0	0	150	88	92	43	23	82	78	132	53	110	23	104	7	125	27	126	107	125	157	145	71	74	51	33	54	107	46	53	117	117	25	60	116	156	98	91	152	148	43	109	97	102	139	121	92	166	60	131	107	129	148	79	96	102	39	103	47	21	142	137	105	57	100	64	136	13	89	123	47	47	121	31	103	46	124	157	54	145	27	133	145	56	37	126	85	124	40
0	0	0	0	0	0	0	0	0	0	0	0	0	0	0	0	0	0	0	0	0	0	0	0	0	0	0	0	0	0	0	0	0	0	0	0	0	0	0	0	0	0	63	118	48	85	65	59	114	80	35	85	39	128	96	17	7	90	41	120	133	74	93	42	66	137	82	45	131	53	68	121	143	135	155	61	114	143	106	52	99	114	36	64	59	132	94	147	130	117	9	86	65	144	83	113	128	83	138	74	42	62	3	158	89	124	128	127	114	59	129	85	90	148	130	77	85	77	107	101	83	100	10	31	158	121	136	89
0	0	0	0	0	0	0	0	0	0	0	0	0	0	0	0	0	0	0	0	0	0	0	0	0	0	0	0	0	0	0	0	0	0	0	0	0	0	0	0	0	0	0	26	39	82	151	118	105	109	103	82	75	40	115	134	36	19	150	38	107	132	104	58	81	14	118	53	135	133	51	123	55	73	96	70	31	79	87	23	52	24	142	63	108	112	35	29	101	34	17	43	142	83	118	95	84	119	88	24	148	156	73	27	81	116	110	38	108	123	99	36	36	53	135	14	56	77	88	82	56	80	129	96	77	89	135	102
0	0	0	0	0	0	0	0	0	0	0	0	0	0	0	0	0	0	0	0	0	0	0	0	0	0	0	0	0	0	0	0	0	0	0	0	0	0	0	0	0	0	0	0	52	61	78	67	88	69	69	133	115	101	68	55	71	46	113	69	55	103	130	144	55	135	134	124	155	116	137	37	158	92	29	140	39	25	107	155	142	54	146	129	111	80	39	34	50	53	16	29	42	41	77	112	104	57	87	97	50	81	62	126	80	28	14	151	63	123	117	55	112	63	30	109	72	74	140	47	79	142	117	52	127	33	138	89
0	0	0	0	0	0	0	0	0	0	0	0	0	0	0	0	0	0	0	0	0	0	0	0	0	0	0	0	0	0	0	0	0	0	0	0	0	0	0	0	0	0	0	0	0	74	126	94	109	65	45	60	113	141	63	58	88	77	140	75	140	64	74	150	114	102	44	50	126	100	39	37	30	71	23	43	76	138	80	105	110	26	147	65	96	11	50	132	107	148	33	148	93	121	121	89	119	144	160	54	103	96	62	109	64	32	78	49	127	89	103	73	74	95	52	121	93	82	99	107	118	135	102	6	38	135	66	74
0	0	0	0	0	0	0	0	0	0	0	0	0	0	0	0	0	0	0	0	0	0	0	0	0	0	0	0	0	0	0	0	0	0	0	0	0	0	0	0	0	0	0	0	0	0	68	79	111	119	124	159	130	138	77	117	30	139	150	32	99	46	62	78	78	90	151	16	56	84	157	50	103	67	95	69	36	68	57	95	96	59	50	138	63	67	77	55	110	49	85	50	87	81	109	118	145	48	51	67	106	41	92	76	97	72	82	38	35	62	64	114	76	64	28	157	47	48	117	162	52	95	90	114	70	15	149	35
0	0	0	0	0	0	0	0	0	0	0	0	0	0	0	0	0	0	0	0	0	0	0	0	0	0	0	0	0	0	0	0	0	0	0	0	0	0	0	0	0	0	0	0	0	0	0	105	47	43	111	64	42	74	70	136	50	85	34	50	60	105	77	118	65	35	95	123	41	53	77	52	41	40	145	118	74	14	121	74	103	121	71	66	102	65	24	56	31	140	80	129	72	140	44	105	40	71	59	43	22	105	39	68	124	72	94	109	108	39	80	129	46	29	93	58	83	139	94	34	65	10	81	65	91	144	142	49
0	0	0	0	0	0	0	0	0	0	0	0	0	0	0	0	0	0	0	0	0	0	0	0	0	0	0	0	0	0	0	0	0	0	0	0	0	0	0	0	0	0	0	0	0	0	0	0	106	27	104	150	39	131	103	81	129	113	41	92	79	116	74	120	133	90	140	78	153	111	9	68	101	109	62	87	142	122	65	117	124	120	92	146	22	64	114	45	35	76	118	56	26	25	13	14	76	69	136	62	134	47	112	160	105	50	75	106	104	92	76	38	68	130	128	125	41	56	129	39	86	175	83	62	108	140	30	70
0	0	0	0	0	0	0	0	0	0	0	0	0	0	0	0	0	0	0	0	0	0	0	0	0	0	0	0	0	0	0	0	0	0	0	0	0	0	0	0	0	0	0	0	0	0	0	0	0	103	89	117	107	84	92	134	169	73	104	110	64	41	110	71	104	148	46	152	110	49	49	118	162	135	160	129	65	137	155	104	53	113	60	72	70	100	167	132	148	59	32	71	135	63	20	94	138	51	78	99	90	135	25	56	44	126	115	115	106	53	97	136	66	120	127	140	40	90	135	65	121	98	16	105	90	146	48	63
0	0	0	0	0	0	0	0	0	0	0	0	0	0	0	0	0	0	0	0	0	0	0	0	0	0	0	0	0	0	0	0	0	0	0	0	0	0	0	0	0	0	0	0	0	0	0	0	0	0	122	136	95	31	52	118	136	157	68	69	36	27	20	94	135	73	68	129	59	68	119	67	90	53	85	157	149	64	6	125	123	59	94	78	109	86	114	113	64	34	123	85	117	69	118	134	127	119	125	80	54	36	150	89	128	94	81	70	78	75	136	55	75	59	108	60	83	50	82	81	120	51	93	66	38	82	87	67
0	0	0	0	0	0	0	0	0	0	0	0	0	0	0	0	0	0	0	0	0	0	0	0	0	0	0	0	0	0	0	0	0	0	0	0	0	0	0	0	0	0	0	0	0	0	0	0	0	0	0	104	147	77	65	44	61	106	108	41	106	142	61	96	134	150	38	70	140	20	170	97	37	134	89	80	25	114	54	107	78	90	120	94	161	125	53	110	59	62	82	78	18	99	121	86	114	50	50	159	99	110	81	97	123	73	66	154	127	55	132	108	57	89	116	49	141	58	121	53	81	76	87	51	169	95	120	35
0	0	0	0	0	0	0	0	0	0	0	0	0	0	0	0	0	0	0	0	0	0	0	0	0	0	0	0	0	0	0	0	0	0	0	0	0	0	0	0	0	0	0	0	0	0	0	0	0	0	0	0	25	72	129	49	116	69	120	139	111	146	46	160	99	69	23	104	83	92	129	66	5	17	31	126	59	83	42	130	67	36	147	54	89	80	106	146	102	57	110	27	105	35	126	55	147	121	131	131	44	77	109	106	66	74	34	94	101	70	127	40	148	84	143	151	12	142	46	142	54	128	120	43	33	74	145	9
0	0	0	0	0	0	0	0	0	0	0	0	0	0	0	0	0	0	0	0	0	0	0	0	0	0	0	0	0	0	0	0	0	0	0	0	0	0	0	0	0	0	0	0	0	0	0	0	0	0	0	0	0	36	144	159	140	145	52	106	165	74	172	72	136	52	148	145	144	88	49	50	125	97	46	86	154	17	79	121	115	155	19	69	69	148	140	105	73	61	39	64	143	139	136	130	95	83	85	78	165	137	52	24	97	145	74	100	122	85	26	156	127	107	152	94	117	89	54	34	135	103	65	35	46	15	119	54
0	0	0	0	0	0	0	0	0	0	0	0	0	0	0	0	0	0	0	0	0	0	0	0	0	0	0	0	0	0	0	0	0	0	0	0	0	0	0	0	0	0	0	0	0	0	0	0	0	0	0	0	0	0	78	67	106	42	130	67	35	105	57	92	72	72	30	83	61	71	108	69	64	157	119	171	151	89	45	123	142	82	111	79	132	107	109	116	49	53	86	116	71	53	81	61	64	53	37	11	110	74	74	131	97	62	170	26	109	112	82	60	34	53	22	24	119	101	163	126	102	36	111	165	99	34	119	126
0	0	0	0	0	0	0	0	0	0	0	0	0	0	0	0	0	0	0	0	0	0	0	0	0	0	0	0	0	0	0	0	0	0	0	0	0	0	0	0	0	0	0	0	0	0	0	0	0	0	0	0	0	0	0	90	116	65	135	80	28	62	113	73	59	116	54	117	125	135	77	60	63	161	59	169	105	116	133	89	144	154	112	119	60	119	62	103	100	105	74	68	79	49	28	100	167	63	78	100	68	113	75	149	88	73	98	98	79	102	76	154	167	126	67	148	77	131	56	177	78	77	113	98	103	73	150	125
0	0	0	0	0	0	0	0	0	0	0	0	0	0	0	0	0	0	0	0	0	0	0	0	0	0	0	0	0	0	0	0	0	0	0	0	0	0	0	0	0	0	0	0	0	0	0	0	0	0	0	0	0	0	0	0	82	109	81	112	150	62	170	84	23	46	94	82	86	122	151	110	49	120	148	131	129	59	62	87	70	163	113	17	26	79	94	29	123	53	134	56	41	114	66	27	119	24	78	84	70	104	81	140	121	82	115	159	147	35	77	63	147	100	109	64	150	122	81	161	124	71	95	17	132	42	119	55
0	0	0	0	0	0	0	0	0	0	0	0	0	0	0	0	0	0	0	0	0	0	0	0	0	0	0	0	0	0	0	0	0	0	0	0	0	0	0	0	0	0	0	0	0	0	0	0	0	0	0	0	0	0	0	0	0	124	56	109	54	124	159	115	41	135	30	94	93	52	128	105	146	84	69	169	30	129	39	122	145	131	117	119	42	83	106	139	145	139	139	14	122	136	68	103	154	110	48	167	88	48	91	57	42	35	50	145	17	123	181	65	12	144	93	76	133	155	119	140	57	63	141	66	23	158	134	21
0	0	0	0	0	0	0	0	0	0	0	0	0	0	0	0	0	0	0	0	0	0	0	0	0	0	0	0	0	0	0	0	0	0	0	0	0	0	0	0	0	0	0	0	0	0	0	0	0	0	0	0	0	0	0	0	0	0	118	114	25	31	51	54	12	127	98	90	118	100	74	158	133	99	88	72	81	47	84	147	66	74	92	102	61	79	43	126	84	93	62	129	44	81	93	138	166	85	70	90	118	118	131	83	173	150	157	89	75	79	141	42	139	31	43	59	150	75	84	150	112	85	102	75	87	29	142	16
0	0	0	0	0	0	0	0	0	0	0	0	0	0	0	0	0	0	0	0	0	0	0	0	0	0	0	0	0	0	0	0	0	0	0	0	0	0	0	0	0	0	0	0	0	0	0	0	0	0	0	0	0	0	0	0	0	0	0	104	83	71	78	48	25	33	150	146	78	141	130	132	117	48	122	119	68	57	31	137	140	94	140	161	129	110	93	151	177	168	152	149	57	173	108	60	60	158	66	141	90	91	25	137	102	104	83	163	89	171	32	153	102	5	137	176	129	92	122	156	156	138	52	71	31	40	55	108
0	0	0	0	0	0	0	0	0	0	0	0	0	0	0	0	0	0	0	0	0	0	0	0	0	0	0	0	0	0	0	0	0	0	0	0	0	0	0	0	0	0	0	0	0	0	0	0	0	0	0	0	0	0	0	0	0	0	0	0	74	34	111	90	64	110	109	102	86	11	41	74	168	71	52	94	46	137	149	71	123	138	155	53	57	149	110	79	146	30	164	61	157	76	66	96	118	48	148	82	92	119	96	137	38	116	90	80	65	88	148	111	31	135	67	77	49	127	76	102	74	46	140	113	28	110	57	133
0	0	0	0	0	0	0	0	0	0	0	0	0	0	0	0	0	0	0	0	0	0	0	0	0	0	0	0	0	0	0	0	0	0	0	0	0	0	0	0	0	0	0	0	0	0	0	0	0	0	0	0	0	0	0	0	0	0	0	0	0	65	48	168	132	91	65	142	64	125	145	136	61	36	50	60	90	165	27	129	165	121	81	72	78	68	47	145	56	80	60	81	119	96	48	48	37	131	75	115	89	18	118	89	137	65	68	119	62	103	127	151	124	65	96	70	110	38	120	165	33	131	74	136	172	97	136	113
0	0	0	0	0	0	0	0	0	0	0	0	0	0	0	0	0	0	0	0	0	0	0	0	0	0	0	0	0	0	0	0	0	0	0	0	0	0	0	0	0	0	0	0	0	0	0	0	0	0	0	0	0	0	0	0	0	0	0	0	0	0	102	50	81	124	129	148	149	183	88	48	97	112	156	149	80	94	148	37	63	83	72	121	147	97	103	83	90	64	51	94	85	154	38	149	40	65	64	101	86	22	30	113	124	105	134	115	70	18	155	44	121	112	98	149	120	166	77	143	152	153	148	106	86	88	28	123
0	0	0	0	0	0	0	0	0	0	0	0	0	0	0	0	0	0	0	0	0	0	0	0	0	0	0	0	0	0	0	0	0	0	0	0	0	0	0	0	0	0	0	0	0	0	0	0	0	0	0	0	0	0	0	0	0	0	0	0	0	0	0	148	80	176	95	134	111	91	156	77	39	56	22	62	139	64	152	71	48	116	84	103	129	114	83	56	135	130	69	22	134	108	51	161	162	92	116	39	36	169	89	54	149	143	48	110	157	54	137	45	159	17	57	39	83	153	64	105	86	105	145	139	127	66	121	159
0	0	0	0	0	0	0	0	0	0	0	0	0	0	0	0	0	0	0	0	0	0	0	0	0	0	0	0	0	0	0	0	0	0	0	0	0	0	0	0	0	0	0	0	0	0	0	0	0	0	0	0	0	0	0	0	0	0	0	0	0	0	0	0	176	79	145	78	110	95	98	50	92	97	45	65	132	66	143	64	19	158	75	100	162	87	122	128	147	126	153	168	134	64	53	87	67	45	125	128	27	39	175	108	131	83	80	59	46	20	116	64	126	33	89	92	14	69	91	157	19	107	93	121	101	38	110	99
0	0	0	0	0	0	0	0	0	0	0	0	0	0	0	0	0	0	0	0	0	0	0	0	0	0	0	0	0	0	0	0	0	0	0	0	0	0	0	0	0	0	0	0	0	0	0	0	0	0	0	0	0	0	0	0	0	0	0	0	0	0	0	0	0	74	84	91	96	146	155	157	64	87	57	122	135	158	170	120	174	154	51	71	122	33	25	103	163	102	153	139	43	119	104	183	120	36	115	120	127	177	95	36	98	122	108	164	33	51	89	154	7	38	31	19	52	125	96	40	140	42	67	105	44	133	75	71
0	0	0	0	0	0	0	0	0	0	0	0	0	0	0	0	0	0	0	0	0	0	0	0	0	0	0	0	0	0	0	0	0	0	0	0	0	0	0	0	0	0	0	0	0	0	0	0	0	0	0	0	0	0	0	0	0	0	0	0	0	0	0	0	0	0	111	90	14	15	124	70	106	58	76	101	184	73	51	173	103	136	82	75	74	71	60	35	99	143	107	69	74	136	72	25	119	69	181	59	47	92	72	161	125	60	109	148	28	127	46	89	70	10	114	98	47	130	128	169	174	35	101	76	18	127	111	32
0	0	0	0	0	0	0	0	0	0	0	0	0	0	0	0	0	0	0	0	0	0	0	0	0	0	0	0	0	0	0	0	0	0	0	0	0	0	0	0	0	0	0	0	0	0	0	0	0	0	0	0	0	0	0	0	0	0	0	0	0	0	0	0	0	0	0	108	107	98	96	60	79	74	82	125	48	65	123	141	160	142	80	61	109	75	79	127	132	100	129	106	145	63	137	57	66	134	130	46	26	154	170	30	148	66	129	36	79	140	87	77	88	125	122	112	147	39	160	69	69	89	103	163	113	143	113	150
0	0	0	0	0	0	0	0	0	0	0	0	0	0	0	0	0	0	0	0	0	0	0	0	0	0	0	0	0	0	0	0	0	0	0	0	0	0	0	0	0	0	0	0	0	0	0	0	0	0	0	0	0	0	0	0	0	0	0	0	0	0	0	0	0	0	0	0	87	61	41	110	85	71	102	107	26	98	94	57	87	138	161	82	101	105	89	110	157	22	110	35	49	93	36	38	139	164	169	94	62	79	65	99	20	118	99	141	65	172	145	132	178	53	114	42	56	102	112	114	123	67	39	140	81	120	120	77
0	0	0	0	0	0	0	0	0	0	0	0	0	0	0	0	0	0	0	0	0	0	0	0	0	0	0	0	0	0	0	0	0	0	0	0	0	0	0	0	0	0	0	0	0	0	0	0	0	0	0	0	0	0	0	0	0	0	0	0	0	0	0	0	0	0	0	0	0	168	110	131	50	164	31	61	42	103	97	133	93	140	146	109	33	140	124	66	66	74	79	108	101	28	107	137	37	157	143	94	101	143	156	79	185	120	32	123	136	94	130	68	67	48	130	100	81	116	147	94	109	135	168	85	78	139	119	164
0	0	0	0	0	0	0	0	0	0	0	0	0	0	0	0	0	0	0	0	0	0	0	0	0	0	0	0	0	0	0	0	0	0	0	0	0	0	0	0	0	0	0	0	0	0	0	0	0	0	0	0	0	0	0	0	0	0	0	0	0	0	0	0	0	0	0	0	0	0	142	73	131	76	108	36	73	62	130	105	54	93	151	26	29	164	14	34	45	138	33	148	147	102	142	111	69	150	87	179	136	134	79	96	100	105	128	130	137	12	45	25	148	91	86	111	140	65	144	138	96	109	146	26	69	134	120	77
0	0	0	0	0	0	0	0	0	0	0	0	0	0	0	0	0	0	0	0	0	0	0	0	0	0	0	0	0	0	0	0	0	0	0	0	0	0	0	0	0	0	0	0	0	0	0	0	0	0	0	0	0	0	0	0	0	0	0	0	0	0	0	0	0	0	0	0	0	0	0	56	52	182	38	139	120	83	91	39	69	63	185	24	57	41	62	154	110	73	143	149	100	148	189	128	52	73	35	127	2	64	72	65	53	40	79	58	139	179	118	82	45	63	173	82	76	38	65	127	141	82	116	70	119	17	111	126
0	0	0	0	0	0	0	0	0	0	0	0	0	0	0	0	0	0	0	0	0	0	0	0	0	0	0	0	0	0	0	0	0	0	0	0	0	0	0	0	0	0	0	0	0	0	0	0	0	0	0	0	0	0	0	0	0	0	0	0	0	0	0	0	0	0	0	0	0	0	0	0	129	80	108	137	117	74	56	152	136	77	96	77	116	136	124	61	142	33	158	117	122	50	167	89	101	171	92	24	116	97	116	156	50	76	96	80	119	144	61	73	28	176	139	86	174	79	50	180	101	124	28	130	18	84	149	94
0	0	0	0	0	0	0	0	0	0	0	0	0	0	0	0	0	0	0	0	0	0	0	0	0	0	0	0	0	0	0	0	0	0	0	0	0	0	0	0	0	0	0	0	0	0	0	0	0	0	0	0	0	0	0	0	0	0	0	0	0	0	0	0	0	0	0	0	0	0	0	0	0	96	66	92	152	35	133	121	79	89	154	78	53	43	162	143	140	182	133	156	122	169	104	85	53	30	137	167	94	46	58	118	62	42	98	104	40	147	160	185	42	86	140	94	122	163	26	125	118	100	66	67	41	172	95	145
0	0	0	0	0	0	0	0	0	0	0	0	0	0	0	0	0	0	0	0	0	0	0	0	0	0	0	0	0	0	0	0	0	0	0	0	0	0	0	0	0	0	0	0	0	0	0	0	0	0	0	0	0	0	0	0	0	0	0	0	0	0	0	0	0	0	0	0	0	0	0	0	0	0	27	109	88	67	142	172	122	69	139	72	73	9	154	130	34	92	129	82	52	135	35	184	166	129	135	138	159	158	45	35	118	20	124	109	132	61	90	186	118	131	25	77	155	67	82	86	49	131	38	104	148	49	112	118
0	0	0	0	0	0	0	0	0	0	0	0	0	0	0	0	0	0	0	0	0	0	0	0	0	0	0	0	0	0	0	0	0	0	0	0	0	0	0	0	0	0	0	0	0	0	0	0	0	0	0	0	0	0	0	0	0	0	0	0	0	0	0	0	0	0	0	0	0	0	0	0	0	0	0	48	144	78	88	179	122	144	71	110	137	22	61	159	123	65	127	97	34	72	156	12	75	137	72	101	96	56	65	139	96	27	138	44	84	150	98	76	97	110	108	101	166	123	95	51	193	92	66	113	66	143	75	126
0	0	0	0	0	0	0	0	0	0	0	0	0	0	0	0	0	0	0	0	0	0	0	0	0	0	0	0	0	0	0	0	0	0	0	0	0	0	0	0	0	0	0	0	0	0	0	0	0	0	0	0	0	0	0	0	0	0	0	0	0	0	0	0	0	0	0	0	0	0	0	0	0	0	0	0	118	135	52	15	86	92	41	137	105	84	16	109	96	112	59	87	48	132	93	124	45	94	170	108	124	129	75	143	176	34	23	74	149	40	184	143	181	133	144	184	127	76	160	122	26	71	136	63	62	101	78	159
0	0	0	0	0	0	0	0	0	0	0	0	0	0	0	0	0	0	0	0	0	0	0	0	0	0	0	0	0	0	0	0	0	0	0	0	0	0	0	0	0	0	0	0	0	0	0	0	0	0	0	0	0	0	0	0	0	0	0	0	0	0	0	0	0	0	0	0	0	0	0	0	0	0	0	0	0	140	76	108	110	9	35	93	91	70	84	60	159	146	67	124	193	128	143	109	138	59	26	56	63	125	122	145	164	167	142	134	125	183	155	31	56	136	78	149	44	42	124	127	98	87	142	113	25	71	142	185
0	0	0	0	0	0	0	0	0	0	0	0	0	0	0	0	0	0	0	0	0	0	0	0	0	0	0	0	0	0	0	0	0	0	0	0	0	0	0	0	0	0	0	0	0	0	0	0	0	0	0	0	0	0	0	0	0	0	0	0	0	0	0	0	0	0	0	0	0	0	0	0	0	0	0	0	0	0	53	72	135	133	95	77	111	75	73	115	112	96	33	85	112	107	144	136	73	73	146	149	38	134	106	126	75	95	130	79	162	135	116	108	113	101	89	154	126	34	122	106	39	27	187	73	46	171	87	53
0	0	0	0	0	0	0	0	0	0	0	0	0	0	0	0	0	0	0	0	0	0	0	0	0	0	0	0	0	0	0	0	0	0	0	0	0	0	0	0	0	0	0	0	0	0	0	0	0	0	0	0	0	0	0	0	0	0	0	0	0	0	0	0	0	0	0	0	0	0	0	0	0	0	0	0	0	0	0	75	83	119	28	38	90	42	84	147	65	92	71	60	72	112	41	107	176	162	154	150	167	95	159	129	145	85	57	91	85	33	109	119	58	97	149	126	155	83	48	93	146	99	93	42	176	77	122	134
0	0	0	0	0	0	0	0	0	0	0	0	0	0	0	0	0	0	0	0	0	0	0	0	0	0	0	0	0	0	0	0	0	0	0	0	0	0	0	0	0	0	0	0	0	0	0	0	0	0	0	0	0	0	0	0	0	0	0	0	0	0	0	0	0	0	0	0	0	0	0	0	0	0	0	0	0	0	0	0	164	145	75	90	89	101	97	104	165	27	147	67	105	135	86	110	140	163	28	105	42	75	168	113	181	41	147	52	118	88	94	136	172	121	113	109	151	169	89	139	88	89	106	160	55	107	9	78
0	0	0	0	0	0	0	0	0	0	0	0	0	0	0	0	0	0	0	0	0	0	0	0	0	0	0	0	0	0	0	0	0	0	0	0	0	0	0	0	0	0	0	0	0	0	0	0	0	0	0	0	0	0	0	0	0	0	0	0	0	0	0	0	0	0	0	0	0	0	0	0	0	0	0	0	0	0	0	0	0	121	99	125	116	73	63	183	109	120	178	96	78	68	63	25	81	19	135	13	102	55	93	159	133	108	153	155	49	59	121	54	138	190	85	139	61	180	51	75	122	111	59	70	25	43	79	61
0	0	0	0	0	0	0	0	0	0	0	0	0	0	0	0	0	0	0	0	0	0	0	0	0	0	0	0	0	0	0	0	0	0	0	0	0	0	0	0	0	0	0	0	0	0	0	0	0	0	0	0	0	0	0	0	0	0	0	0	0	0	0	0	0	0	0	0	0	0	0	0	0	0	0	0	0	0	0	0	0	0	144	184	39	154	70	61	127	82	56	142	103	174	93	113	79	161	52	114	50	139	124	61	32	69	18	107	118	138	185	141	177	129	143	72	99	132	151	113	107	18	94	51	109	59	72	144
0	0	0	0	0	0	0	0	0	0	0	0	0	0	0	0	0	0	0	0	0	0	0	0	0	0	0	0	0	0	0	0	0	0	0	0	0	0	0	0	0	0	0	0	0	0	0	0	0	0	0	0	0	0	0	0	0	0	0	0	0	0	0	0	0	0	0	0	0	0	0	0	0	0	0	0	0	0	0	0	0	0	0	168	139	23	107	146	125	121	112	76	57	95	15	72	103	99	142	27	111	128	137	169	118	46	96	146	52	33	112	54	160	55	144	199	99	84	51	143	176	88	97	65	138	66	58	63
0	0	0	0	0	0	0	0	0	0	0	0	0	0	0	0	0	0	0	0	0	0	0	0	0	0	0	0	0	0	0	0	0	0	0	0	0	0	0	0	0	0	0	0	0	0	0	0	0	0	0	0	0	0	0	0	0	0	0	0	0	0	0	0	0	0	0	0	0	0	0	0	0	0	0	0	0	0	0	0	0	0	0	0	177	178	107	72	75	169	166	160	172	80	83	120	86	39	46	76	182	28	188	172	80	166	195	148	55	67	97	84	64	126	69	130	139	58	60	155	199	78	148	202	79	92	75	127
0	0	0	0	0	0	0	0	0	0	0	0	0	0	0	0	0	0	0	0	0	0	0	0	0	0	0	0	0	0	0	0	0	0	0	0	0	0	0	0	0	0	0	0	0	0	0	0	0	0	0	0	0	0	0	0	0	0	0	0	0	0	0	0	0	0	0	0	0	0	0	0	0	0	0	0	0	0	0	0	0	0	0	0	0	145	71	30	91	62	159	17	103	33	134	202	160	141	201	128	95	136	89	67	140	173	18	48	39	84	84	142	164	70	110	81	86	27	93	44	68	162	157	59	42	97	122	41
0	0	0	0	0	0	0	0	0	0	0	0	0	0	0	0	0	0	0	0	0	0	0	0	0	0	0	0	0	0	0	0	0	0	0	0	0	0	0	0	0	0	0	0	0	0	0	0	0	0	0	0	0	0	0	0	0	0	0	0	0	0	0	0	0	0	0	0	0	0	0	0	0	0	0	0	0	0	0	0	0	0	0	0	0	0	141	57	86	76	53	72	66	72	96	81	111	50	148	157	103	95	173	139	165	77	152	169	178	52	98	93	65	27	139	159	17	202	156	182	35	144	34	149	48	127	171	145
0	0	0	0	0	0	0	0	0	0	0	0	0	0	0	0	0	0	0	0	0	0	0	0	0	0	0	0	0	0	0	0	0	0	0	0	0	0	0	0	0	0	0	0	0	0	0	0	0	0	0	0	0	0	0	0	0	0	0	0	0	0	0	0	0	0	0	0	0	0	0	0	0	0	0	0	0	0	0	0	0	0	0	0	0	0	0	11	114	69	55	130	66	80	106	150	156	143	59	40	175	85	161	86	95	28	123	31	98	162	76	122	50	96	42	97	167	73	59	122	165	108	117	175	67	62	96	58
0	0	0	0	0	0	0	0	0	0	0	0	0	0	0	0	0	0	0	0	0	0	0	0	0	0	0	0	0	0	0	0	0	0	0	0	0	0	0	0	0	0	0	0	0	0	0	0	0	0	0	0	0	0	0	0	0	0	0	0	0	0	0	0	0	0	0	0	0	0	0	0	0	0	0	0	0	0	0	0	0	0	0	0	0	0	0	0	172	90	69	212	181	35	80	54	82	147	142	172	206	66	87	79	155	47	33	175	125	121	76	60	184	139	161	19	178	95	47	90	42	122	126	129	94	44	178	73
0	0	0	0	0	0	0	0	0	0	0	0	0	0	0	0	0	0	0	0	0	0	0	0	0	0	0	0	0	0	0	0	0	0	0	0	0	0	0	0	0	0	0	0	0	0	0	0	0	0	0	0	0	0	0	0	0	0	0	0	0	0	0	0	0	0	0	0	0	0	0	0	0	0	0	0	0	0	0	0	0	0	0	0	0	0	0	0	0	128	89	105	75	118	134	145	35	135	100	47	149	43	70	31	139	186	100	115	115	124	112	111	214	141	45	87	84	155	100	121	128	94	17	112	99	56	43	155
0	0	0	0	0	0	0	0	0	0	0	0	0	0	0	0	0	0	0	0	0	0	0	0	0	0	0	0	0	0	0	0	0	0	0	0	0	0	0	0	0	0	0	0	0	0	0	0	0	0	0	0	0	0	0	0	0	0	0	0	0	0	0	0	0	0	0	0	0	0	0	0	0	0	0	0	0	0	0	0	0	0	0	0	0	0	0	0	0	0	157	148	178	74	32	141	144	99	123	55	137	57	175	137	199	43	70	28	145	149	123	74	60	134	127	58	138	43	134	45	154	154	137	108	113	206	128	143
0	0	0	0	0	0	0	0	0	0	0	0	0	0	0	0	0	0	0	0	0	0	0	0	0	0	0	0	0	0	0	0	0	0	0	0	0	0	0	0	0	0	0	0	0	0	0	0	0	0	0	0	0	0	0	0	0	0	0	0	0	0	0	0	0	0	0	0	0	0	0	0	0	0	0	0	0	0	0	0	0	0	0	0	0	0	0	0	0	0	0	35	91	135	97	94	192	184	123	14	54	83	119	61	123	128	99	212	141	101	46	78	114	147	45	60	140	158	193	182	104	207	145	180	28	90	130	33
0	0	0	0	0	0	0	0	0	0	0	0	0	0	0	0	0	0	0	0	0	0	0	0	0	0	0	0	0	0	0	0	0	0	0	0	0	0	0	0	0	0	0	0	0	0	0	0	0	0	0	0	0	0	0	0	0	0	0	0	0	0	0	0	0	0	0	0	0	0	0	0	0	0	0	0	0	0	0	0	0	0	0	0	0	0	0	0	0	0	0	0	172	61	118	180	106	149	114	181	148	108	138	67	17	80	104	40	75	123	101	84	160	89	88	89	91	59	91	46	64	125	105	145	60	180	169	106
0	0	0	0	0	0	0	0	0	0	0	0	0	0	0	0	0	0	0	0	0	0	0	0	0	0	0	0	0	0	0	0	0	0	0	0	0	0	0	0	0	0	0	0	0	0	0	0	0	0	0	0	0	0	0	0	0	0	0	0	0	0	0	0	0	0	0	0	0	0	0	0	0	0	0	0	0	0	0	0	0	0	0	0	0	0	0	0	0	0	0	0	0	90	145	47	108	153	67	142	137	80	208	75	171	94	175	81	98	23	37	115	60	147	19	76	73	71	25	132	99	78	134	165	86	51	126	165
0	0	0	0	0	0	0	0	0	0	0	0	0	0	0	0	0	0	0	0	0	0	0	0	0	0	0	0	0	0	0	0	0	0	0	0	0	0	0	0	0	0	0	0	0	0	0	0	0	0	0	0	0	0	0	0	0	0	0	0	0	0	0	0	0	0	0	0	0	0	0	0	0	0	0	0	0	0	0	0	0	0	0	0	0	0	0	0	0	0	0	0	0	0	122	38	50	98	112	209	160	22	83	37	105	78	131	130	135	136	131	92	127	191	111	117	50	145	148	78	109	84	117	118	143	36	140	129
0	0	0	0	0	0	0	0	0	0	0	0	0	0	0	0	0	0	0	0	0	0	0	0	0	0	0	0	0	0	0	0	0	0	0	0	0	0	0	0	0	0	0	0	0	0	0	0	0	0	0	0	0	0	0	0	0	0	0	0	0	0	0	0	0	0	0	0	0	0	0	0	0	0	0	0	0	0	0	0	0	0	0	0	0	0	0	0	0	0	0	0	0	0	0	70	112	136	9	148	34	115	83	190	136	140	24	50	16	139	112	120	60	187	118	34	53	169	161	118	94	120	188	72	109	102	53	61
0	0	0	0	0	0	0	0	0	0	0	0	0	0	0	0	0	0	0	0	0	0	0	0	0	0	0	0	0	0	0	0	0	0	0	0	0	0	0	0	0	0	0	0	0	0	0	0	0	0	0	0	0	0	0	0	0	0	0	0	0	0	0	0	0	0	0	0	0	0	0	0	0	0	0	0	0	0	0	0	0	0	0	0	0	0	0	0	0	0	0	0	0	0	0	0	83	8	109	167	128	170	85	176	100	90	122	49	159	147	129	93	174	49	55	92	177	72	47	145	128	76	21	107	119	36	118	118
0	0	0	0	0	0	0	0	0	0	0	0	0	0	0	0	0	0	0	0	0	0	0	0	0	0	0	0	0	0	0	0	0	0	0	0	0	0	0	0	0	0	0	0	0	0	0	0	0	0	0	0	0	0	0	0	0	0	0	0	0	0	0	0	0	0	0	0	0	0	0	0	0	0	0	0	0	0	0	0	0	0	0	0	0	0	0	0	0	0	0	0	0	0	0	0	0	115	199	135	121	123	45	99	119	140	171	43	89	104	122	137	102	88	122	171	155	87	131	191	150	56	81	90	186	114	210	112
0	0	0	0	0	0	0	0	0	0	0	0	0	0	0	0	0	0	0	0	0	0	0	0	0	0	0	0	0	0	0	0	0	0	0	0	0	0	0	0	0	0	0	0	0	0	0	0	0	0	0	0	0	0	0	0	0	0	0	0	0	0	0	0	0	0	0	0	0	0	0	0	0	0	0	0	0	0	0	0	0	0	0	0	0	0	0	0	0	0	0	0	0	0	0	0	0	0	156	102	121	32	85	57	110	113	121	59	126	174	178	111	102	62	157	141	112	123	42	157	52	161	81	133	162	141	61	92
0	0	0	0	0	0	0	0	0	0	0	0	0	0	0	0	0	0	0	0	0	0	0	0	0	0	0	0	0	0	0	0	0	0	0	0	0	0	0	0	0	0	0	0	0	0	0	0	0	0	0	0	0	0	0	0	0	0	0	0	0	0	0	0	0	0	0	0	0	0	0	0	0	0	0	0	0	0	0	0	0	0	0	0	0	0	0	0	0	0	0	0	0	0	0	0	0	0	0	97	146	146	109	10	109	67	120	85	117	202	77	68	55	135	212	175	55	130	61	112	117	37	179	62	128	39	75	60
0	0	0	0	0	0	0	0	0	0	0	0	0	0	0	0	0	0	0	0	0	0	0	0	0	0	0	0	0	0	0	0	0	0	0	0	0	0	0	0	0	0	0	0	0	0	0	0	0	0	0	0	0	0	0	0	0	0	0	0	0	0	0	0	0	0	0	0	0	0	0	0	0	0	0	0	0	0	0	0	0	0	0	0	0	0	0	0	0	0	0	0	0	0	0	0	0	0	0	0	134	134	133	55	157	41	208	77	165	94	43	75	171	177	123	120	69	28	148	163	114	133	33	169	95	149	189	65
0	0	0	0	0	0	0	0	0	0	0	0	0	0	0	0	0	0	0	0	0	0	0	0	0	0	0	0	0	0	0	0	0	0	0	0	0	0	0	0	0	0	0	0	0	0	0	0	0	0	0	0	0	0	0	0	0	0	0	0	0	0	0	0	0	0	0	0	0	0	0	0	0	0	0	0	0	0	0	0	0	0	0	0	0	0	0	0	0	0	0	0	0	0	0	0	0	0	0	0	0	133	174	119	125	163	118	100	131	174	131	94	127	219	54	98	131	180	129	93	35	33	98	194	197	147	93	131
0	0	0	0	0	0	0	0	0	0	0	0	0	0	0	0	0	0	0	0	0	0	0	0	0	0	0	0	0	0	0	0	0	0	0	0	0	0	0	0	0	0	0	0	0	0	0	0	0	0	0	0	0	0	0	0	0	0	0	0	0	0	0	0	0	0	0	0	0	0	0	0	0	0	0	0	0	0	0	0	0	0	0	0	0	0	0	0	0	0	0	0	0	0	0	0	0	0	0	0	0	0	105	112	59	90	148	200	138	98	108	151	174	67	138	141	74	106	59	27	93	109	106	184	79	116	60	113
0	0	0	0	0	0	0	0	0	0	0	0	0	0	0	0	0	0	0	0	0	0	0	0	0	0	0	0	0	0	0	0	0	0	0	0	0	0	0	0	0	0	0	0	0	0	0	0	0	0	0	0	0	0	0	0	0	0	0	0	0	0	0	0	0	0	0	0	0	0	0	0	0	0	0	0	0	0	0	0	0	0	0	0	0	0	0	0	0	0	0	0	0	0	0	0	0	0	0	0	0	0	0	66	95	51	138	81	205	54	165	134	161	103	191	115	123	96	94	165	106	112	207	110	88	192	117	70
0	0	0	0	0	0	0	0	0	0	0	0	0	0	0	0	0	0	0	0	0	0	0	0	0	0	0	0	0	0	0	0	0	0	0	0	0	0	0	0	0	0	0	0	0	0	0	0	0	0	0	0	0	0	0	0	0	0	0	0	0	0	0	0	0	0	0	0	0	0	0	0	0	0	0	0	0	0	0	0	0	0	0	0	0	0	0	0	0	0	0	0	0	0	0	0	0	0	0	0	0	0	0	0	79	120	75	61	19	184	68	138	128	94	76	84	112	164	128	55	55	86	46	155	126	197	98	94
0	0	0	0	0	0	0	0	0	0	0	0	0	0	0	0	0	0	0	0	0	0	0	0	0	0	0	0	0	0	0	0	0	0	0	0	0	0	0	0	0	0	0	0	0	0	0	0	0	0	0	0	0	0	0	0	0	0	0	0	0	0	0	0	0	0	0	0	0	0	0	0	0	0	0	0	0	0	0	0	0	0	0	0	0	0	0	0	0	0	0	0	0	0	0	0	0	0	0	0	0	0	0	0	0	134	13	162	73	124	39	186	139	15	149	161	57	206	193	101	65	41	143	71	191	169	146	106
0	0	0	0	0	0	0	0	0	0	0	0	0	0	0	0	0	0	0	0	0	0	0	0	0	0	0	0	0	0	0	0	0	0	0	0	0	0	0	0	0	0	0	0	0	0	0	0	0	0	0	0	0	0	0	0	0	0	0	0	0	0	0	0	0	0	0	0	0	0	0	0	0	0	0	0	0	0	0	0	0	0	0	0	0	0	0	0	0	0	0	0	0	0	0	0	0	0	0	0	0	0	0	0	0	0	82	118	106	170	178	73	166	160	181	204	125	93	134	129	141	163	49	120	91	205	119	84
0	0	0	0	0	0	0	0	0	0	0	0	0	0	0	0	0	0	0	0	0	0	0	0	0	0	0	0	0	0	0	0	0	0	0	0	0	0	0	0	0	0	0	0	0	0	0	0	0	0	0	0	0	0	0	0	0	0	0	0	0	0	0	0	0	0	0	0	0	0	0	0	0	0	0	0	0	0	0	0	0	0	0	0	0	0	0	0	0	0	0	0	0	0	0	0	0	0	0	0	0	0	0	0	0	0	0	53	144	122	189	158	158	129	48	106	143	118	148	86	138	97	74	140	220	169	171	157
0	0	0	0	0	0	0	0	0	0	0	0	0	0	0	0	0	0	0	0	0	0	0	0	0	0	0	0	0	0	0	0	0	0	0	0	0	0	0	0	0	0	0	0	0	0	0	0	0	0	0	0	0	0	0	0	0	0	0	0	0	0	0	0	0	0	0	0	0	0	0	0	0	0	0	0	0	0	0	0	0	0	0	0	0	0	0	0	0	0	0	0	0	0	0	0	0	0	0	0	0	0	0	0	0	0	0	0	22	121	58	180	81	129	190	138	185	86	82	47	83	82	81	104	130	117	160	50
0	0	0	0	0	0	0	0	0	0	0	0	0	0	0	0	0	0	0	0	0	0	0	0	0	0	0	0	0	0	0	0	0	0	0	0	0	0	0	0	0	0	0	0	0	0	0	0	0	0	0	0	0	0	0	0	0	0	0	0	0	0	0	0	0	0	0	0	0	0	0	0	0	0	0	0	0	0	0	0	0	0	0	0	0	0	0	0	0	0	0	0	0	0	0	0	0	0	0	0	0	0	0	0	0	0	0	0	0	118	168	107	180	107	212	160	69	120	172	68	109	163	76	36	170	14	159	116
0	0	0	0	0	0	0	0	0	0	0	0	0	0	0	0	0	0	0	0	0	0	0	0	0	0	0	0	0	0	0	0	0	0	0	0	0	0	0	0	0	0	0	0	0	0	0	0	0	0	0	0	0	0	0	0	0	0	0	0	0	0	0	0	0	0	0	0	0	0	0	0	0	0	0	0	0	0	0	0	0	0	0	0	0	0	0	0	0	0	0	0	0	0	0	0	0	0	0	0	0	0	0	0	0	0	0	0	0	0	138	105	179	150	220	161	98	152	150	107	148	143	76	125	170	223	122	166
0	0	0	0	0	0	0	0	0	0	0	0	0	0	0	0	0	0	0	0	0	0	0	0	0	0	0	0	0	0	0	0	0	0	0	0	0	0	0	0	0	0	0	0	0	0	0	0	0	0	0	0	0	0	0	0	0	0	0	0	0	0	0	0	0	0	0	0	0	0	0	0	0	0	0	0	0	0	0	0	0	0	0	0	0	0	0	0	0	0	0	0	0	0	0	0	0	0	0	0	0	0	0	0	0	0	0	0	0	0	0	136	88	99	126	93	219	157	92	172	166	181	115	91	189	147	119	88
0	0	0	0	0	0	0	0	0	0	0	0	0	0	0	0	0	0	0	0	0	0	0	0	0	0	0	0	0	0	0	0	0	0	0	0	0	0	0	0	0	0	0	0	0	0	0	0	0	0	0	0	0	0	0	0	0	0	0	0	0	0	0	0	0	0	0	0	0	0	0	0	0	0	0	0	0	0	0	0	0	0	0	0	0	0	0	0	0	0	0	0	0	0	0	0	0	0	0	0	0	0	0	0	0	0	0	0	0	0	0	0	78	210	80	72	99	63	150	91	178	125	73	67	162	89	102	123
0	0	0	0	0	0	0	0	0	0	0	0	0	0	0	0	0	0	0	0	0	0	0	0	0	0	0	0	0	0	0	0	0	0	0	0	0	0	0	0	0	0	0	0	0	0	0	0	0	0	0	0	0	0	0	0	0	0	0	0	0	0	0	0	0	0	0	0	0	0	0	0	0	0	0	0	0	0	0	0	0	0	0	0	0	0	0	0	0	0	0	0	0	0	0	0	0	0	0	0	0	0	0	0	0	0	0	0	0	0	0	0	0	100	188	125	110	202	152	43	140	182	82	73	173	156	124	179
0	0	0	0	0	0	0	0	0	0	0	0	0	0	0	0	0	0	0	0	0	0	0	0	0	0	0	0	0	0	0	0	0	0	0	0	0	0	0	0	0	0	0	0	0	0	0	0	0	0	0	0	0	0	0	0	0	0	0	0	0	0	0	0	0	0	0	0	0	0	0	0	0	0	0	0	0	0	0	0	0	0	0	0	0	0	0	0	0	0	0	0	0	0	0	0	0	0	0	0	0	0	0	0	0	0	0	0	0	0	0	0	0	0	143	49	81	101	127	191	136	152	73	138	38	131	116	81
0	0	0	0	0	0	0	0	0	0	0	0	0	0	0	0	0	0	0	0	0	0	0	0	0	0	0	0	0	0	0	0	0	0	0	0	0	0	0	0	0	0	0	0	0	0	0	0	0	0	0	0	0	0	0	0	0	0	0	0	0	0	0	0	0	0	0	0	0	0	0	0	0	0	0	0	0	0	0	0	0	0	0	0	0	0	0	0	0	0	0	0	0	0	0	0	0	0	0	0	0	0	0	0	0	0	0	0	0	0	0	0	0	0	0	49	185	28	136	200	84	81	121	115	65	181	190	202
0	0	0	0	0	0	0	0	0	0	0	0	0	0	0	0	0	0	0	0	0	0	0	0	0	0	0	0	0	0	0	0	0	0	0	0	0	0	0	0	0	0	0	0	0	0	0	0	0	0	0	0	0	0	0	0	0	0	0	0	0	0	0	0	0	0	0	0	0	0	0	0	0	0	0	0	0	0	0	0	0	0	0	0	0	0	0	0	0	0	0	0	0	0	0	0	0	0	0	0	0	0	0	0	0	0	0	0	0	0	0	0	0	0	0	0	40	198	56	80	94	212	215	55	109	26	96	81
0	0	0	0	0	0	0	0	0	0	0	0	0	0	0	0	0	0	0	0	0	0	0	0	0	0	0	0	0	0	0	0	0	0	0	0	0	0	0	0	0	0	0	0	0	0	0	0	0	0	0	0	0	0	0	0	0	0	0	0	0	0	0	0	0	0	0	0	0	0	0	0	0	0	0	0	0	0	0	0	0	0	0	0	0	0	0	0	0	0	0	0	0	0	0	0	0	0	0	0	0	0	0	0	0	0	0	0	0	0	0	0	0	0	0	0	0	119	152	180	182	118	172	180	139	203	152	173
0	0	0	0	0	0	0	0	0	0	0	0	0	0	0	0	0	0	0	0	0	0	0	0	0	0	0	0	0	0	0	0	0	0	0	0	0	0	0	0	0	0	0	0	0	0	0	0	0	0	0	0	0	0	0	0	0	0	0	0	0	0	0	0	0	0	0	0	0	0	0	0	0	0	0	0	0	0	0	0	0	0	0	0	0	0	0	0	0	0	0	0	0	0	0	0	0	0	0	0	0	0	0	0	0	0	0	0	0	0	0	0	0	0	0	0	0	0	85	129	229	204	104	131	111	219	170	61
0	0	0	0	0	0	0	0	0	0	0	0	0	0	0	0	0	0	0	0	0	0	0	0	0	0	0	0	0	0	0	0	0	0	0	0	0	0	0	0	0	0	0	0	0	0	0	0	0	0	0	0	0	0	0	0	0	0	0	0	0	0	0	0	0	0	0	0	0	0	0	0	0	0	0	0	0	0	0	0	0	0	0	0	0	0	0	0	0	0	0	0	0	0	0	0	0	0	0	0	0	0	0	0	0	0	0	0	0	0	0	0	0	0	0	0	0	0	0	110	184	166	183	86	177	144	128	118
0	0	0	0	0	0	0	0	0	0	0	0	0	0	0	0	0	0	0	0	0	0	0	0	0	0	0	0	0	0	0	0	0	0	0	0	0	0	0	0	0	0	0	0	0	0	0	0	0	0	0	0	0	0	0	0	0	0	0	0	0	0	0	0	0	0	0	0	0	0	0	0	0	0	0	0	0	0	0	0	0	0	0	0	0	0	0	0	0	0	0	0	0	0	0	0	0	0	0	0	0	0	0	0	0	0	0	0	0	0	0	0	0	0	0	0	0	0	0	0	72	184	113	148	201	158	28	163
0	0	0	0	0	0	0	0	0	0	0	0	0	0	0	0	0	0	0	0	0	0	0	0	0	0	0	0	0	0	0	0	0	0	0	0	0	0	0	0	0	0	0	0	0	0	0	0	0	0	0	0	0	0	0	0	0	0	0	0	0	0	0	0	0	0	0	0	0	0	0	0	0	0	0	0	0	0	0	0	0	0	0	0	0	0	0	0	0	0	0	0	0	0	0	0	0	0	0	0	0	0	0	0	0	0	0	0	0	0	0	0	0	0	0	0	0	0	0	0	0	123	232	146	121	198	47	40
0	0	0	0	0	0	0	0	0	0	0	0	0	0	0	0	0	0	0	0	0	0	0	0	0	0	0	0	0	0	0	0	0	0	0	0	0	0	0	0	0	0	0	0	0	0	0	0	0	0	0	0	0	0	0	0	0	0	0	0	0	0	0	0	0	0	0	0	0	0	0	0	0	0	0	0	0	0	0	0	0	0	0	0	0	0	0	0	0	0	0	0	0	0	0	0	0	0	0	0	0	0	0	0	0	0	0	0	0	0	0	0	0	0	0	0	0	0	0	0	0	0	17	126	109	119	101	87
0	0	0	0	0	0	0	0	0	0	0	0	0	0	0	0	0	0	0	0	0	0	0	0	0	0	0	0	0	0	0	0	0	0	0	0	0	0	0	0	0	0	0	0	0	0	0	0	0	0	0	0	0	0	0	0	0	0	0	0	0	0	0	0	0	0	0	0	0	0	0	0	0	0	0	0	0	0	0	0	0	0	0	0	0	0	0	0	0	0	0	0	0	0	0	0	0	0	0	0	0	0	0	0	0	0	0	0	0	0	0	0	0	0	0	0	0	0	0	0	0	0	0	154	187	141	85	145
0	0	0	0	0	0	0	0	0	0	0	0	0	0	0	0	0	0	0	0	0	0	0	0	0	0	0	0	0	0	0	0	0	0	0	0	0	0	0	0	0	0	0	0	0	0	0	0	0	0	0	0	0	0	0	0	0	0	0	0	0	0	0	0	0	0	0	0	0	0	0	0	0	0	0	0	0	0	0	0	0	0	0	0	0	0	0	0	0	0	0	0	0	0	0	0	0	0	0	0	0	0	0	0	0	0	0	0	0	0	0	0	0	0	0	0	0	0	0	0	0	0	0	0	92	176	119	161
0	0	0	0	0	0	0	0	0	0	0	0	0	0	0	0	0	0	0	0	0	0	0	0	0	0	0	0	0	0	0	0	0	0	0	0	0	0	0	0	0	0	0	0	0	0	0	0	0	0	0	0	0	0	0	0	0	0	0	0	0	0	0	0	0	0	0	0	0	0	0	0	0	0	0	0	0	0	0	0	0	0	0	0	0	0	0	0	0	0	0	0	0	0	0	0	0	0	0	0	0	0	0	0	0	0	0	0	0	0	0	0	0	0	0	0	0	0	0	0	0	0	0	0	0	82	113	166
0	0	0	0	0	0	0	0	0	0	0	0	0	0	0	0	0	0	0	0	0	0	0	0	0	0	0	0	0	0	0	0	0	0	0	0	0	0	0	0	0	0	0	0	0	0	0	0	0	0	0	0	0	0	0	0	0	0	0	0	0	0	0	0	0	0	0	0	0	0	0	0	0	0	0	0	0	0	0	0	0	0	0	0	0	0	0	0	0	0	0	0	0	0	0	0	0	0	0	0	0	0	0	0	0	0	0	0	0	0	0	0	0	0	0	0	0	0	0	0	0	0	0	0	0	0	40	162
0	0	0	0	0	0	0	0	0	0	0	0	0	0	0	0	0	0	0	0	0	0	0	0	0	0	0	0	0	0	0	0	0	0	0	0	0	0	0	0	0	0	0	0	0	0	0	0	0	0	0	0	0	0	0	0	0	0	0	0	0	0	0	0	0	0	0	0	0	0	0	0	0	0	0	0	0	0	0	0	0	0	0	0	0	0	0	0	0	0	0	0	0	0	0	0	0	0	0	0	0	0	0	0	0	0	0	0	0	0	0	0	0	0	0	0	0	0	0	0	0	0	0	0	0	0	0	51
0	0	0	0	0	0	0	0	0	0	0	0	0	0	0	0	0	0	0	0	0	0	0	0	0	0	0	0	0	0	0	0	0	0	0	0	0	0	0	0	0	0	0	0	0	0	0	0	0	0	0	0	0	0	0	0	0	0	0	0	0	0	0	0	0	0	0	0	0	0	0	0	0	0	0	0	0	0	0	0	0	0	0	0	0	0	0	0	0	0	0	0	0	0	0	0	0	0	0	0	0	0	0	0	0	0	0	0	0	0	0	0	0	0	0	0	0	0	0	0	0	0	0	0	0	0	0	0