0	86	41	102	25	74	44	20	121	113	18	116	123	45	50	11	13	3	83	97	51	104	88	72	124	73	71	68	5	75	64	28	67	63	123	80	70	62	83	3	81	40	30	98	120	105	32	7	34	125	107	19	48	118	40	8	53	62	104	92	3	98	115	107	122	125	61	65	107	24	40	124	67	3	73	80	22	119	114	72	24	106	115	31	116	12	127	32	59	107	113	75	77	33	33	116	99	127	27	104	59	59	46	98	100	54	106	99	43	95	7	23	92	99	51	93	54	100	85	97	88	34	116	78	60	93	117	89
0	0	8	30	35	117	49	37	40	70	8	33	126	17	81	18	46	22	112	85	42	47	49	53	104	84	26	79	119	116	28	108	75	30	125	58	32	41	121	59	98	112	73	127	17	125	117	80	117	123	91	65	66	89	109	29	93	29	107	84	23	113	30	29	109	130	41	93	114	126	119	103	15	77	38	128	9	28	41	118	100	122	98	16	77	118	84	118	115	14	126	81	114	20	53	97	45	55	5	22	119	25	79	114	125	20	56	98	100	87	88	46	117	28	6	67	105	19	106	7	47	23	60	123	11	33	48	66
0	0	0	17	21	126	45	96	82	12	117	75	57	57	64	28	43	100	55	91	30	117	78	20	102	72	110	129	7	61	11	93	53	29	71	18	11	108	52	128	5	20	37	33	39	61	104	46	31	91	101	28	75	120	97	33	113	108	131	70	26	56	104	76	105	77	70	62	127	81	27	109	121	77	25	12	95	66	81	34	36	120	125	20	87	109	35	128	26	44	50	4	122	118	23	53	79	83	3	61	18	118	26	68	91	9	58	30	80	101	91	55	96	56	55	60	108	42	42	73	12	98	18	108	119	3	110	25
0	0	0	0	56	112	31	91	7	117	83	51	101	48	68	75	101	83	48	99	116	25	20	7	63	29	82	126	39	115	50	71	8	40	66	73	82	78	58	102	28	53	97	33	43	109	77	50	29	95	100	12	128	27	118	50	47	67	48	51	100	98	128	67	46	9	54	91	52	126	120	54	36	102	53	127	29	2	66	5	63	72	66	53	44	48	113	124	5	26	44	17	104	46	28	106	32	121	69	74	10	130	24	52	68	103	62	8	126	95	109	98	117	36	63	92	89	78	10	126	105	85	38	84	51	70	111	120
0	0	0	0	0	91	24	81	103	13	51	112	88	123	14	94	119	89	95	9	23	31	37	12	89	30	68	61	124	120	93	83	89	11	18	95	6	71	99	96	117	115	20	76	118	35	71	45	57	65	14	57	92	64	78	57	36	112	115	116	30	124	27	14	50	122	90	84	21	24	42	80	97	48	25	127	34	74	80	55	88	90	46	105	76	81	105	110	6	29	124	71	114	77	54	133	95	106	29	75	120	36	109	15	60	46	19	13	4	106	18	48	55	46	67	26	48	73	76	54	105	103	48	120	131	58	50	83
0	0	0	0	0	0	52	97	114	123	134	11	51	19	72	87	59	102	118	122	110	2	109	91	80	42	89	111	96	77	8	36	98	24	15	89	103	111	49	77	99	74	37	7	20	30	126	119	57	81	105	6	56	102	70	65	26	69	72	103	50	83	27	99	86	20	90	63	33	8	67	129	63	14	11	9	64	18	130	77	75	107	50	17	116	58	52	10	107	48	115	124	71	53	71	27	19	95	80	132	114	6	108	87	24	4	111	95	39	94	7	108	5	108	119	10	53	118	89	105	123	10	65	114	100	80	112	60
0	0	0	0	0	0	0	56	60	65	101	28	101	41	84	37	111	131	24	97	124	47	39	38	72	12	89	57	73	7	89	49	88	79	56	71	108	53	124	28	11	92	8	124	43	95	88	82	59	63	122	45	15	130	16	119	8	7	94	108	110	22	31	62	47	19	17	51	17	57	12	107	54	76	48	111	36	132	60	75	111	22	119	120	91	58	17	88	33	75	8	122	109	68	130	38	111	98	60	42	111	25	42	76	99	44	94	46	48	75	20	21	18	71	128	81	105	5	19	19	98	129	80	22	94	62	7	132
0	0	0	0	0	0	0	0	67	88	21	102	122	50	117	98	46	118	114	22	73	96	123	39	39	65	17	5	17	90	64	47	90	104	87	90	26	58	48	125	14	64	9	66	11	122	99	99	118	56	61	29	104	37	31	121	16	37	131	68	60	65	108	35	127	131	135	69	120	131	31	109	117	135	121	33	87	84	123	128	33	26	122	60	49	129	58	104	68	135	74	101	119	119	82	95	29	77	115	130	109	117	54	98	34	89	108	99	88	22	15	40	91	28	18	23	101	127	74	68	73	8	113	50	65	68	13	74
0	0	0	0	0	0	0	0	0	80	116	57	108	115	51	107	84	55	15	19	118	16	61	112	35	38	122	124	102	116	136	109	74	75	37	127	90	42	28	9	91	15	74	33	63	72	5	124	99	43	79	125	18	26	7	127	27	128	19	76	85	50	90	79	79	69	133	71	54	42	103	52	114	40	34	102	17	89	51	93	22	52	23	104	90	52	33	47	76	107	99	25	92	48	108	84	118	106	48	35	82	45	83	104	65	32	50	34	55	73	74	85	105	99	84	15	59	88	21	66	39	6	27	25	119	78	71	83
0	0	0	0	0	0	0	0	0	0	24	79	37	103	20	93	23	26	125	11	99	122	136	10	98	33	106	125	130	37	34	86	42	39	33	38	123	24	26	40	78	30	122	132	26	23	69	26	65	95	79	70	111	46	105	114	113	16	126	43	74	76	106	75	44	128	110	19	11	128	67	124	69	129	86	132	67	47	112	78	103	23	66	15	51	70	80	16	21	25	86	132	103	69	111	79	111	76	79	133	132	65	21	10	43	123	73	95	26	98	43	105	27	36	118	118	22	112	44	20	62	15	119	12	40	6	51	94
0	0	0	0	0	0	0	0	0	0	0	110	105	128	123	39	137	65	64	68	75	96	36	99	7	41	90	95	134	61	82	78	127	89	118	127	66	78	13	20	31	35	109	45	96	127	34	67	43	12	93	129	128	15	64	82	50	136	121	20	91	21	11	57	34	105	66	104	82	96	76	12	112	124	33	112	14	104	60	129	124	119	128	131	13	92	107	68	33	10	41	16	121	85	36	117	87	24	136	53	117	127	7	34	136	117	36	118	17	130	21	100	47	98	53	51	48	94	33	67	84	111	127	47	81	62	74	22
0	0	0	0	0	0	0	0	0	0	0	0	27	25	69	112	114	116	32	72	25	58	24	100	20	20	77	25	75	104	78	49	116	78	94	42	74	44	35	57	130	7	65	61	102	32	60	112	128	35	74	92	75	39	10	41	47	90	18	44	93	133	25	130	27	115	111	87	109	115	63	107	42	52	29	51	67	125	19	106	136	129	21	122	119	119	27	40	98	110	131	92	54	76	99	100	44	71	95	57	126	75	37	75	87	103	98	33	91	119	98	131	79	32	113	91	45	76	93	49	89	36	131	113	62	2	20	99
0	0	0	0	0	0	0	0	0	0	0	0	0	107	44	122	81	40	72	11	108	76	85	100	27	34	121	93	68	72	68	73	61	94	27	114	129	91	87	121	32	83	16	45	84	85	104	43	22	62	114	56	63	48	90	70	52	35	42	113	57	127	131	28	97	127	57	49	48	43	96	111	49	93	58	37	95	108	87	49	131	13	73	116	57	64	119	80	27	78	103	20	96	101	63	81	131	129	77	72	55	18	13	39	22	118	110	136	25	59	82	37	20	56	17	6	12	33	48	96	43	128	46	92	68	50	73	34
0	0	0	0	0	0	0	0	0	0	0	0	0	0	93	79	85	116	18	102	99	114	66	101	60	38	125	21	124	121	20	142	65	98	62	84	72	129	74	29	113	19	56	53	60	31	94	71	11	49	132	8	12	115	31	22	16	71	134	132	72	68	36	95	68	37	55	12	128	46	55	92	123	13	22	15	38	132	10	105	97	78	109	67	37	117	80	119	14	106	109	15	119	50	130	30	10	22	122	78	14	121	25	115	14	68	87	48	128	86	50	20	133	31	129	61	68	79	86	54	118	98	106	23	33	114	45	52
0	0	0	0	0	0	0	0	0	0	0	0	0	0	0	65	64	17	42	21	62	118	83	30	12	9	72	86	12	86	66	127	91	32	19	44	116	62	93	114	21	90	31	77	33	14	112	124	84	100	117	95	72	27	15	136	96	110	132	137	40	11	69	10	105	8	113	9	101	8	64	129	53	96	45	26	78	37	73	47	75	38	97	7	107	91	57	104	78	99	41	64	69	64	129	23	94	142	124	122	139	57	111	57	29	19	64	49	113	128	52	132	119	75	126	138	103	15	57	53	58	106	79	92	81	74	52	24
0	0	0	0	0	0	0	0	0	0	0	0	0	0	0	0	17	81	108	82	19	51	85	130	107	103	98	102	25	54	21	100	116	52	9	35	54	74	89	123	55	73	49	135	89	125	95	59	26	53	98	109	31	86	63	111	47	106	92	118	52	121	88	19	25	109	43	12	103	86	74	41	120	97	117	130	26	62	55	129	137	61	73	22	27	105	127	98	69	16	37	122	70	13	78	116	125	117	68	14	89	34	121	65	69	71	122	124	80	79	64	22	13	106	127	118	6	77	117	123	59	94	66	74	134	129	53	83
0	0	0	0	0	0	0	0	0	0	0	0	0	0	0	0	0	62	124	100	66	96	41	130	22	87	96	17	20	50	96	24	40	88	65	60	25	29	71	94	67	51	142	7	24	82	44	136	18	17	36	102	81	51	110	36	73	65	102	75	95	46	56	15	35	47	13	64	91	26	28	47	133	84	11	85	129	34	117	106	97	76	77	122	13	61	26	38	61	63	35	50	100	36	36	107	107	118	30	54	64	88	23	84	48	109	56	57	139	56	54	136	83	129	122	63	41	41	74	128	44	120	109	141	115	122	53	64
0	0	0	0	0	0	0	0	0	0	0	0	0	0	0	0	0	0	127	48	31	85	78	65	83	97	101	126	26	119	115	20	73	58	97	25	95	129	114	123	24	58	112	71	116	110	49	45	89	55	105	103	139	71	77	46	121	111	56	127	76	87	106	75	67	23	50	65	34	16	134	73	35	95	63	34	10	90	48	101	13	129	77	115	132	140	63	52	139	86	60	113	20	115	96	102	84	104	101	129	43	99	116	39	141	78	13	118	124	85	105	42	53	111	51	62	63	30	54	47	112	101	80	67	14	95	133	127
0	0	0	0	0	0	0	0	0	0	0	0	0	0	0	0	0	0	0	37	38	35	112	134	141	65	128	31	91	42	138	59	114	10	131	50	59	57	89	96	73	85	99	72	17	35	124	64	27	54	134	102	75	129	59	107	21	109	50	126	72	137	36	111	32	42	35	62	8	13	108	100	105	89	70	12	98	121	23	19	26	81	54	50	135	133	78	105	19	117	93	107	106	102	125	41	127	58	68	37	94	33	56	135	105	82	80	65	115	52	123	34	74	131	104	64	100	137	91	35	65	89	122	26	6	125	108	131
0	0	0	0	0	0	0	0	0	0	0	0	0	0	0	0	0	0	0	0	58	18	105	98	53	98	51	113	109	37	48	27	50	48	20	130	25	56	18	124	126	109	47	51	107	26	100	56	39	76	105	113	70	83	101	40	65	45	18	10	111	124	120	36	12	30	67	28	82	109	138	90	62	34	128	107	34	61	52	112	66	86	114	109	133	34	88	126	18	56	43	89	72	10	110	67	135	88	61	17	130	52	67	104	53	15	57	122	45	46	63	100	45	54	131	102	13	18	38	40	40	124	90	31	96	53	31	48
0	0	0	0	0	0	0	0	0	0	0	0	0	0	0	0	0	0	0	0	0	78	65	44	101	122	51	131	134	134	132	46	22	81	33	16	62	66	59	105	4	19	138	67	108	39	47	3	28	54	24	100	134	90	84	53	110	26	27	28	107	15	133	80	49	85	63	27	95	127	17	121	119	120	55	106	62	9	35	54	23	32	97	80	77	89	46	69	119	83	17	125	43	34	130	19	112	87	70	24	137	136	107	109	23	57	127	57	98	99	98	98	119	38	74	82	31	62	107	105	66	63	32	92	94	120	98	52
0	0	0	0	0	0	0	0	0	0	0	0	0	0	0	0	0	0	0	0	0	0	106	93	51	57	45	62	81	78	112	36	70	124	56	32	43	35	103	89	83	50	73	29	46	111	39	38	54	29	137	112	120	35	134	89	7	99	38	86	100	111	56	130	46	69	86	30	108	94	108	79	32	85	108	63	134	21	137	77	98	29	79	78	86	103	31	69	74	48	123	24	107	38	133	100	116	34	34	27	29	46	84	42	130	16	78	83	44	88	57	45	42	23	118	38	82	127	68	44	101	119	23	60	114	134	81	6
0	0	0	0	0	0	0	0	0	0	0	0	0	0	0	0	0	0	0	0	0	0	0	31	69	42	13	30	92	106	83	53	120	8	25	128	28	61	33	106	111	59	112	67	110	112	103	108	50	61	63	44	90	125	115	106	122	72	96	69	84	55	31	135	139	48	57	47	100	56	63	32	15	39	93	33	93	45	57	50	86	135	15	63	77	41	29	61	78	60	23	126	118	54	140	125	95	24	85	40	73	127	144	27	27	122	122	129	74	31	51	31	47	27	130	107	30	97	59	105	147	125	21	78	139	70	91	101
0	0	0	0	0	0	0	0	0	0	0	0	0	0	0	0	0	0	0	0	0	0	0	0	28	44	117	31	21	23	147	103	146	130	128	124	72	20	28	107	85	21	14	30	94	64	70	127	72	104	38	36	20	123	23	116	88	106	69	41	58	131	37	33	13	70	111	19	118	101	59	29	97	117	131	127	39	88	66	89	22	28	32	75	120	107	122	89	144	46	74	76	40	149	125	60	140	41	95	69	98	59	99	39	75	20	128	19	31	119	78	63	120	133	33	127	46	97	12	87	146	92	106	59	36	56	131	16
0	0	0	0	0	0	0	0	0	0	0	0	0	0	0	0	0	0	0	0	0	0	0	0	0	47	57	37	33	11	112	124	30	90	51	45	103	58	103	11	66	21	23	118	33	85	103	16	13	108	136	21	119	106	84	127	69	58	66	43	100	99	82	75	145	13	58	36	113	68	83	112	33	66	44	57	127	23	124	48	105	117	122	43	103	61	86	115	81	33	22	95	11	97	133	18	91	119	34	112	112	92	47	29	131	90	89	41	84	147	127	105	30	48	117	57	14	64	26	124	20	130	70	20	120	126	103	131
0	0	0	0	0	0	0	0	0	0	0	0	0	0	0	0	0	0	0	0	0	0	0	0	0	0	141	79	49	104	76	41	82	17	129	61	138	38	57	83	57	105	36	96	91	71	54	13	30	101	97	136	76	130	128	126	122	75	128	86	142	107	123	55	98	108	50	12	110	103	87	117	101	85	136	56	10	99	54	34	93	11	28	117	37	96	74	31	102	98	62	33	40	141	48	50	67	85	120	57	20	72	129	33	65	128	56	73	18	104	91	30	101	91	95	145	104	43	108	31	94	17	87	77	85	41	39	78
0	0	0	0	0	0	0	0	0	0	0	0	0	0	0	0	0	0	0	0	0	0	0	0	0	0	0	84	129	143	124	15	138	52	120	130	122	22	85	124	30	103	48	99	91	14	27	37	98	71	36	111	76	148	19	120	135	42	109	130	29	57	49	56	124	65	74	138	79	19	16	52	72	46	28	52	136	136	96	81	86	100	67	85	70	86	31	19	88	120	28	64	96	4	49	81	67	17	32	119	107	65	48	23	110	68	33	136	129	122	75	62	73	91	121	122	23	85	86	125	57	18	117	76	127	78	128	90
0	0	0	0	0	0	0	0	0	0	0	0	0	0	0	0	0	0	0	0	0	0	0	0	0	0	0	0	67	133	56	53	16	22	28	58	75	64	113	98	59	51	43	133	10	39	124	51	30	70	47	11	99	128	52	113	37	117	92	117	84	15	136	106	154	133	66	149	31	100	107	25	34	78	51	151	71	97	43	136	72	26	20	130	76	96	98	71	124	79	31	19	32	36	87	63	22	79	82	42	85	79	95	33	95	142	110	21	122	33	150	16	55	31	106	105	117	89	26	63	55	55	40	111	14	57	37	52
0	0	0	0	0	0	0	0	0	0	0	0	0	0	0	0	0	0	0	0	0	0	0	0	0	0	0	0	0	37	64	69	149	43	40	43	56	25	52	127	66	39	41	38	72	91	57	123	63	129	139	24	104	130	98	51	23	34	99	86	60	123	31	107	99	46	62	83	34	29	74	126	46	67	8	31	136	23	95	91	97	107	125	20	48	107	63	62	126	90	144	134	110	29	147	131	78	55	82	29	131	89	101	36	101	45	31	43	139	79	69	59	116	17	19	65	21	42	115	105	24	86	127	26	41	105	101	50
0	0	0	0	0	0	0	0	0	0	0	0	0	0	0	0	0	0	0	0	0	0	0	0	0	0	0	0	0	0	50	42	24	50	100	22	6	19	148	101	47	76	78	42	64	90	84	97	54	45	75	129	120	63	98	95	49	26	16	141	74	146	120	113	65	75	45	57	114	129	80	153	51	130	126	50	42	84	47	27	26	87	61	48	24	60	18	32	129	133	97	78	92	25	122	54	35	10	101	41	63	34	39	93	79	52	97	36	39	97	125	122	63	42	103	25	111	40	38	97	33	74	24	84	139	94	46	81
0	0	0	0	0	0	0	0	0	0	0	0	0	0	0	0	0	0	0	0	0	0	0	0	0	0	0	0	0	0	0	111	18	78	60	122	99	99	104	81	141	90	130	139	82	84	126	76	142	72	44	78	28	68	53	90	73	15	95	55	88	31	128	132	97	101	48	22	3	44	30	15	109	119	70	112	52	138	34	36	63	99	30	59	124	49	10	119	6	23	131	142	61	85	131	77	152	37	119	124	23	31	83	101	34	104	42	25	49	21	78	69	111	87	75	64	114	75	74	121	95	25	82	10	100	64	115	114
0	0	0	0	0	0	0	0	0	0	0	0	0	0	0	0	0	0	0	0	0	0	0	0	0	0	0	0	0	0	0	0	143	24	107	102	110	46	24	119	135	104	103	123	78	63	30	68	39	51	127	21	74	119	76	76	48	118	108	38	133	63	74	113	35	40	67	62	119	126	53	50	21	54	52	83	135	123	54	90	70	29	118	40	63	141	105	112	96	83	124	47	58	79	61	54	56	18	61	95	120	152	18	7	131	108	83	130	72	38	94	132	48	103	10	130	90	88	132	14	52	158	86	87	145	97	90	79
0	0	0	0	0	0	0	0	0	0	0	0	0	0	0	0	0	0	0	0	0	0	0	0	0	0	0	0	0	0	0	0	0	85	67	31	57	106	77	45	75	129	105	48	121	137	97	56	104	72	37	126	54	45	91	7	34	78	67	79	85	127	74	126	66	90	42	22	63	120	102	117	156	36	23	153	68	49	137	49	134	41	56	123	63	111	41	38	91	4	57	96	53	24	31	129	89	74	108	7	46	46	94	77	31	84	38	105	94	32	127	133	67	49	153	42	91	63	38	44	150	112	19	105	61	71	77	108
0	0	0	0	0	0	0	0	0	0	0	0	0	0	0	0	0	0	0	0	0	0	0	0	0	0	0	0	0	0	0	0	0	0	91	93	104	159	118	44	127	104	68	18	52	93	84	22	104	100	92	50	14	98	74	103	109	101	10	44	117	149	72	129	19	75	101	62	108	118	66	107	95	118	76	140	77	58	23	19	31	71	129	9	157	84	90	122	99	127	70	128	114	49	145	32	139	16	76	65	66	146	96	49	99	33	86	40	152	11	63	80	109	71	152	52	35	40	156	75	74	117	35	89	128	128	22	70
0	0	0	0	0	0	0	0	0	0	0	0	0	0	0	0	0	0	0	0	0	0	0	0	0	0	0	0	0	0	0	0	0	0	0	123	26	62	137	38	97	74	135	42	149	130	142	63	62	70	113	34	107	150	156	40	7	81	86	43	133	70	137	27	98	65	65	136	50	74	99	96	107	40	92	121	119	135	32	87	123	78	92	18	66	124	112	136	36	52	94	58	15	130	83	104	115	38	46	100	110	155	65	134	70	14	59	108	132	125	83	19	129	144	121	91	98	45	81	20	112	82	108	75	26	57	131	98
0	0	0	0	0	0	0	0	0	0	0	0	0	0	0	0	0	0	0	0	0	0	0	0	0	0	0	0	0	0	0	0	0	0	0	0	117	86	81	143	64	56	7	117	25	40	128	33	101	74	99	67	30	141	63	99	69	15	65	104	110	76	146	57	146	158	156	44	108	39	71	83	68	83	116	63	151	92	137	76	55	145	41	98	73	86	52	52	92	123	66	42	78	122	115	106	7	148	70	96	46	79	80	54	122	55	43	103	69	85	83	32	19	133	141	108	43	150	46	151	79	114	117	110	146	96	117	82
0	0	0	0	0	0	0	0	0	0	0	0	0	0	0	0	0	0	0	0	0	0	0	0	0	0	0	0	0	0	0	0	0	0	0	0	0	72	69	93	45	63	127	141	37	52	95	75	39	35	98	85	111	56	119	56	140	36	147	98	116	24	127	61	58	149	41	43	121	59	126	139	54	107	74	81	127	84	32	118	76	134	155	76	150	32	103	85	42	121	50	21	91	45	104	104	150	44	103	128	136	37	132	52	91	108	81	102	46	25	137	93	67	32	75	64	103	39	61	128	88	140	144	44	122	78	120	116
0	0	0	0	0	0	0	0	0	0	0	0	0	0	0	0	0	0	0	0	0	0	0	0	0	0	0	0	0	0	0	0	0	0	0	0	0	0	59	18	119	139	71	103	89	131	15	65	15	120	107	111	35	45	26	35	48	65	113	25	62	51	69	150	138	48	32	11	81	15	14	70	25	117	78	60	30	115	68	45	84	53	105	19	7	111	101	92	20	15	46	116	88	38	136	100	20	161	120	114	62	122	130	116	130	26	82	86	49	68	130	54	112	133	60	112	28	122	90	80	79	68	63	38	158	48	118	72
0	0	0	0	0	0	0	0	0	0	0	0	0	0	0	0	0	0	0	0	0	0	0	0	0	0	0	0	0	0	0	0	0	0	0	0	0	0	0	109	105	69	31	132	84	127	80	111	66	24	28	37	80	79	60	54	10	53	111	88	68	158	41	116	43	27	23	76	107	18	125	70	123	87	93	55	103	50	139	117	130	72	28	69	100	98	77	95	129	110	34	122	155	125	40	55	127	102	79	42	71	84	129	109	90	76	117	86	134	98	76	62	56	48	136	81	73	96	15	80	85	47	152	119	107	134	127	125
0	0	0	0	0	0	0	0	0	0	0	0	0	0	0	0	0	0	0	0	0	0	0	0	0	0	0	0	0	0	0	0	0	0	0	0	0	0	0	0	67	59	131	29	115	26	66	22	77	89	137	78	24	130	79	62	164	58	64	79	33	111	68	106	66	57	101	153	142	128	76	82	61	121	133	107	13	50	133	46	101	38	43	60	18	125	131	52	117	41	57	75	75	144	96	87	108	51	136	136	142	34	113	123	131	146	12	109	63	160	141	34	58	95	120	51	78	150	54	61	97	34	59	60	58	78	58	142
0	0	0	0	0	0	0	0	0	0	0	0	0	0	0	0	0	0	0	0	0	0	0	0	0	0	0	0	0	0	0	0	0	0	0	0	0	0	0	0	0	141	96	30	66	27	127	31	62	149	149	48	116	92	78	102	124	108	42	168	138	126	156	35	137	138	82	44	81	120	94	79	103	86	80	123	15	62	109	122	145	126	93	52	62	129	133	115	144	135	81	101	27	88	101	35	10	150	119	144	129	25	98	114	52	36	135	103	128	104	147	71	149	135	113	33	125	53	92	82	39	145	56	43	88	107	88	92
0	0	0	0	0	0	0	0	0	0	0	0	0	0	0	0	0	0	0	0	0	0	0	0	0	0	0	0	0	0	0	0	0	0	0	0	0	0	0	0	0	0	100	128	126	108	41	141	70	104	126	67	67	114	101	45	77	68	73	55	118	54	29	115	123	17	101	117	85	141	90	87	56	145	47	43	129	84	92	67	113	156	83	39	109	113	45	90	137	121	131	84	65	89	43	109	152	100	87	7	42	55	94	21	48	75	136	70	131	81	62	65	51	62	109	85	20	103	114	78	25	66	154	117	65	134	147	88
0	0	0	0	0	0	0	0	0	0	0	0	0	0	0	0	0	0	0	0	0	0	0	0	0	0	0	0	0	0	0	0	0	0	0	0	0	0	0	0	0	0	0	47	93	39	69	119	55	164	151	55	45	66	128	118	136	74	43	103	124	102	146	129	29	116	98	91	88	46	31	111	30	76	88	101	87	45	117	45	34	123	15	63	166	25	109	74	156	154	81	95	84	126	115	77	125	116	54	51	92	50	29	129	59	33	87	65	72	44	136	49	67	14	120	72	152	163	159	138	26	98	64	75	37	84	94	122
0	0	0	0	0	0	0	0	0	0	0	0	0	0	0	0	0	0	0	0	0	0	0	0	0	0	0	0	0	0	0	0	0	0	0	0	0	0	0	0	0	0	0	0	68	101	104	69	77	106	26	108	129	140	109	73	82	132	71	24	106	54	79	74	121	56	13	88	36	38	74	150	86	126	161	77	107	67	123	89	95	76	54	134	130	53	126	126	97	107	49	25	88	50	73	59	85	131	147	83	156	62	110	89	63	28	40	121	72	81	137	67	109	76	10	68	126	96	70	129	138	103	72	100	66	162	56	49
0	0	0	0	0	0	0	0	0	0	0	0	0	0	0	0	0	0	0	0	0	0	0	0	0	0	0	0	0	0	0	0	0	0	0	0	0	0	0	0	0	0	0	0	0	86	147	24	156	37	53	40	81	138	130	81	115	54	92	60	169	131	146	21	68	129	96	109	123	154	43	120	58	69	153	42	54	56	85	152	96	123	28	58	117	79	107	110	101	52	114	98	12	142	77	32	123	63	56	146	76	46	108	114	130	118	88	46	50	129	165	72	76	120	69	102	86	66	99	34	133	98	98	156	32	33	69	63
0	0	0	0	0	0	0	0	0	0	0	0	0	0	0	0	0	0	0	0	0	0	0	0	0	0	0	0	0	0	0	0	0	0	0	0	0	0	0	0	0	0	0	0	0	0	151	100	114	134	116	154	52	130	150	90	74	72	164	60	94	140	142	107	104	88	18	135	25	103	140	55	128	68	84	105	119	114	37	48	134	96	80	61	32	115	81	120	107	60	155	73	115	95	76	49	48	75	44	82	94	93	121	52	23	57	115	94	129	55	86	171	56	107	141	107	57	52	123	58	63	137	7	35	119	63	147	137
0	0	0	0	0	0	0	0	0	0	0	0	0	0	0	0	0	0	0	0	0	0	0	0	0	0	0	0	0	0	0	0	0	0	0	0	0	0	0	0	0	0	0	0	0	0	0	73	113	108	86	68	95	70	100	28	59	89	114	127	61	98	96	23	151	119	53	143	154	83	77	91	134	152	113	99	82	123	39	129	58	79	138	51	91	110	32	123	21	43	90	19	111	52	37	91	126	28	101	94	42	79	88	76	96	53	90	66	130	123	98	19	28	11	143	136	64	104	87	71	73	21	25	118	92	131	87	35
0	0	0	0	0	0	0	0	0	0	0	0	0	0	0	0	0	0	0	0	0	0	0	0	0	0	0	0	0	0	0	0	0	0	0	0	0	0	0	0	0	0	0	0	0	0	0	0	162	22	169	53	122	106	154	120	120	54	142	59	89	139	32	125	102	146	74	85	30	37	49	54	138	134	102	36	35	74	133	79	45	128	51	34	141	138	107	145	94	71	95	59	69	60	139	42	114	91	146	89	82	161	77	32	22	77	11	55	136	159	43	131	122	76	45	131	88	13	71	99	63	132	136	54	60	150	152	139
0	0	0	0	0	0	0	0	0	0	0	0	0	0	0	0	0	0	0	0	0	0	0	0	0	0	0	0	0	0	0	0	0	0	0	0	0	0	0	0	0	0	0	0	0	0	0	0	0	145	89	84	45	64	53	51	128	51	37	97	98	18	48	53	55	143	128	95	128	38	63	23	21	129	115	102	114	105	124	101	50	96	31	60	79	35	53	104	124	25	89	117	148	114	75	158	155	98	89	108	128	136	23	56	107	151	112	79	95	107	55	167	115	65	100	94	51	149	136	154	94	76	70	52	132	114	74	34
0	0	0	0	0	0	0	0	0	0	0	0	0	0	0	0	0	0	0	0	0	0	0	0	0	0	0	0	0	0	0	0	0	0	0	0	0	0	0	0	0	0	0	0	0	0	0	0	0	0	144	91	113	100	113	50	41	47	45	52	106	130	115	60	124	73	111	125	47	97	75	52	175	161	107	26	129	163	84	144	48	39	148	73	64	116	34	60	116	47	30	140	142	58	152	76	98	50	140	71	15	116	84	103	112	101	147	77	57	49	52	124	14	22	86	97	83	157	132	103	60	26	74	62	35	133	84	39
0	0	0	0	0	0	0	0	0	0	0	0	0	0	0	0	0	0	0	0	0	0	0	0	0	0	0	0	0	0	0	0	0	0	0	0	0	0	0	0	0	0	0	0	0	0	0	0	0	0	0	40	84	112	130	126	164	140	142	37	67	95	83	67	146	23	22	162	121	101	76	22	135	166	96	81	83	72	47	56	69	105	53	40	145	122	145	110	138	57	149	40	63	130	97	89	56	104	129	103	156	61	86	111	60	36	126	58	118	17	96	117	68	80	105	43	151	75	28	167	144	38	88	39	127	81	140	102
0	0	0	0	0	0	0	0	0	0	0	0	0	0	0	0	0	0	0	0	0	0	0	0	0	0	0	0	0	0	0	0	0	0	0	0	0	0	0	0	0	0	0	0	0	0	0	0	0	0	0	0	72	101	38	53	32	94	127	137	85	161	33	57	32	38	138	92	118	21	36	38	74	71	162	87	35	119	95	112	81	133	85	91	70	74	108	32	48	53	119	142	116	84	34	118	161	140	98	71	104	113	147	42	125	90	62	33	128	29	136	60	102	134	62	81	79	61	105	56	78	26	133	66	70	137	95	108
0	0	0	0	0	0	0	0	0	0	0	0	0	0	0	0	0	0	0	0	0	0	0	0	0	0	0	0	0	0	0	0	0	0	0	0	0	0	0	0	0	0	0	0	0	0	0	0	0	0	0	0	0	105	62	94	126	40	27	116	87	64	112	66	91	76	172	126	98	104	100	78	163	39	58	123	84	83	104	17	46	105	47	80	48	61	82	84	100	138	52	92	25	23	150	59	172	35	63	82	123	29	139	55	107	19	83	136	140	127	77	40	76	35	90	80	23	78	76	87	93	163	146	76	66	55	69	125
0	0	0	0	0	0	0	0	0	0	0	0	0	0	0	0	0	0	0	0	0	0	0	0	0	0	0	0	0	0	0	0	0	0	0	0	0	0	0	0	0	0	0	0	0	0	0	0	0	0	0	0	0	0	109	63	77	91	74	100	110	44	35	104	59	90	83	106	32	64	164	78	163	87	22	118	90	66	114	169	96	61	85	109	172	120	103	123	116	89	124	132	73	155	120	143	128	101	26	32	93	63	132	106	138	95	109	44	42	90	125	91	101	63	132	15	144	168	92	88	114	145	6	88	120	163	128	63
0	0	0	0	0	0	0	0	0	0	0	0	0	0	0	0	0	0	0	0	0	0	0	0	0	0	0	0	0	0	0	0	0	0	0	0	0	0	0	0	0	0	0	0	0	0	0	0	0	0	0	0	0	0	0	106	66	19	152	77	58	35	101	72	30	98	177	150	10	126	137	42	33	139	128	154	34	35	123	59	142	104	115	77	155	100	126	94	147	72	103	116	56	65	51	49	93	75	127	140	128	121	171	143	172	91	71	58	52	72	128	58	63	158	62	57	85	114	71	89	60	69	38	43	107	115	89	103
0	0	0	0	0	0	0	0	0	0	0	0	0	0	0	0	0	0	0	0	0	0	0	0	0	0	0	0	0	0	0	0	0	0	0	0	0	0	0	0	0	0	0	0	0	0	0	0	0	0	0	0	0	0	0	0	47	110	38	68	33	142	89	89	42	172	85	145	169	92	116	52	69	76	135	149	146	49	120	120	110	149	51	32	45	99	91	60	100	83	165	103	143	119	84	162	16	51	40	83	78	154	126	65	142	50	32	70	158	52	107	131	144	119	141	72	102	74	35	126	127	51	71	7	57	78	27	62
0	0	0	0	0	0	0	0	0	0	0	0	0	0	0	0	0	0	0	0	0	0	0	0	0	0	0	0	0	0	0	0	0	0	0	0	0	0	0	0	0	0	0	0	0	0	0	0	0	0	0	0	0	0	0	0	0	41	86	132	60	109	134	67	71	140	166	176	68	104	73	22	140	75	67	81	133	142	48	67	72	100	100	147	99	19	157	73	34	75	76	82	116	139	128	152	50	9	169	83	103	87	85	74	47	162	36	121	91	123	117	90	67	135	115	54	127	99	150	36	73	144	103	113	100	68	159	44
0	0	0	0	0	0	0	0	0	0	0	0	0	0	0	0	0	0	0	0	0	0	0	0	0	0	0	0	0	0	0	0	0	0	0	0	0	0	0	0	0	0	0	0	0	0	0	0	0	0	0	0	0	0	0	0	0	0	96	39	120	93	11	147	94	116	149	137	75	109	91	65	165	87	75	55	140	8	65	134	76	105	40	167	139	100	83	51	57	26	127	124	90	65	31	60	75	122	34	77	111	96	130	102	61	135	92	166	109	124	82	139	166	59	55	150	77	43	149	80	176	55	67	87	65	103	103	86
0	0	0	0	0	0	0	0	0	0	0	0	0	0	0	0	0	0	0	0	0	0	0	0	0	0	0	0	0	0	0	0	0	0	0	0	0	0	0	0	0	0	0	0	0	0	0	0	0	0	0	0	0	0	0	0	0	0	0	71	140	54	110	99	94	78	114	54	63	105	97	85	96	168	18	52	121	105	79	51	108	61	69	127	135	113	135	62	168	111	45	131	57	36	118	169	35	27	84	102	51	19	64	48	86	27	19	51	52	105	130	56	21	56	142	120	2	108	153	96	109	71	114	78	131	106	36	58
0	0	0	0	0	0	0	0	0	0	0	0	0	0	0	0	0	0	0	0	0	0	0	0	0	0	0	0	0	0	0	0	0	0	0	0	0	0	0	0	0	0	0	0	0	0	0	0	0	0	0	0	0	0	0	0	0	0	0	0	106	120	133	45	136	66	145	57	98	67	52	120	22	174	41	162	146	138	136	90	61	25	49	24	85	159	110	106	128	50	180	91	136	102	93	100	30	130	66	80	108	123	13	108	135	90	139	69	126	123	140	13	71	156	124	125	159	123	99	93	95	91	124	141	24	49	129	55
0	0	0	0	0	0	0	0	0	0	0	0	0	0	0	0	0	0	0	0	0	0	0	0	0	0	0	0	0	0	0	0	0	0	0	0	0	0	0	0	0	0	0	0	0	0	0	0	0	0	0	0	0	0	0	0	0	0	0	0	0	91	117	60	158	102	162	83	79	56	83	102	78	106	150	126	70	106	107	33	142	84	67	93	101	75	88	157	109	163	109	106	103	25	114	45	50	53	44	62	126	79	20	66	64	102	78	50	155	126	11	103	52	96	19	165	147	168	79	20	133	91	19	86	56	39	100	72
0	0	0	0	0	0	0	0	0	0	0	0	0	0	0	0	0	0	0	0	0	0	0	0	0	0	0	0	0	0	0	0	0	0	0	0	0	0	0	0	0	0	0	0	0	0	0	0	0	0	0	0	0	0	0	0	0	0	0	0	0	0	105	55	102	59	173	102	128	179	97	66	99	36	55	64	8	122	35	97	24	32	75	167	120	161	141	58	123	78	148	141	39	40	93	156	101	33	77	125	100	171	58	134	115	118	145	135	127	40	83	92	42	63	163	68	128	109	31	119	55	19	135	104	103	77	52	48
0	0	0	0	0	0	0	0	0	0	0	0	0	0	0	0	0	0	0	0	0	0	0	0	0	0	0	0	0	0	0	0	0	0	0	0	0	0	0	0	0	0	0	0	0	0	0	0	0	0	0	0	0	0	0	0	0	0	0	0	0	0	0	68	87	77	48	99	165	148	100	82	41	135	144	109	89	175	53	59	75	113	109	58	117	49	40	155	166	135	115	102	147	76	129	58	101	87	130	57	88	98	102	90	115	106	70	41	85	74	41	53	141	101	66	49	73	75	71	108	144	78	153	20	64	154	75	125
0	0	0	0	0	0	0	0	0	0	0	0	0	0	0	0	0	0	0	0	0	0	0	0	0	0	0	0	0	0	0	0	0	0	0	0	0	0	0	0	0	0	0	0	0	0	0	0	0	0	0	0	0	0	0	0	0	0	0	0	0	0	0	0	154	74	109	93	113	101	43	76	17	87	59	126	33	109	52	120	101	44	136	78	63	51	178	88	80	105	106	114	118	161	108	128	102	82	94	184	151	169	150	78	113	55	103	156	108	70	51	128	64	127	144	116	112	105	59	135	75	105	94	165	92	64	58	46
0	0	0	0	0	0	0	0	0	0	0	0	0	0	0	0	0	0	0	0	0	0	0	0	0	0	0	0	0	0	0	0	0	0	0	0	0	0	0	0	0	0	0	0	0	0	0	0	0	0	0	0	0	0	0	0	0	0	0	0	0	0	0	0	0	46	80	172	57	139	137	84	101	171	127	31	54	148	38	35	121	140	60	100	27	71	46	144	53	160	60	54	98	145	154	152	52	95	117	137	132	39	89	92	130	92	113	122	108	61	106	103	143	142	68	164	182	137	123	82	127	115	111	136	71	58	32	89
0	0	0	0	0	0	0	0	0	0	0	0	0	0	0	0	0	0	0	0	0	0	0	0	0	0	0	0	0	0	0	0	0	0	0	0	0	0	0	0	0	0	0	0	0	0	0	0	0	0	0	0	0	0	0	0	0	0	0	0	0	0	0	0	0	0	120	50	99	103	86	33	151	46	154	156	171	141	65	103	77	112	57	108	82	56	50	83	25	5	110	158	124	37	92	21	96	91	71	100	83	38	39	180	88	45	44	65	146	93	88	85	131	120	133	78	136	132	71	113	132	31	178	79	132	114	141	85
0	0	0	0	0	0	0	0	0	0	0	0	0	0	0	0	0	0	0	0	0	0	0	0	0	0	0	0	0	0	0	0	0	0	0	0	0	0	0	0	0	0	0	0	0	0	0	0	0	0	0	0	0	0	0	0	0	0	0	0	0	0	0	0	0	0	0	104	77	43	133	95	123	90	149	79	30	66	89	82	162	126	115	138	61	103	29	95	160	65	80	117	108	103	100	191	51	67	8	75	64	89	19	110	45	93	68	133	97	90	12	56	166	159	20	132	172	84	81	117	67	119	15	100	169	113	68	86
0	0	0	0	0	0	0	0	0	0	0	0	0	0	0	0	0	0	0	0	0	0	0	0	0	0	0	0	0	0	0	0	0	0	0	0	0	0	0	0	0	0	0	0	0	0	0	0	0	0	0	0	0	0	0	0	0	0	0	0	0	0	0	0	0	0	0	0	72	110	151	142	177	73	68	134	177	129	69	158	74	37	159	10	137	26	44	177	47	183	82	162	122	56	125	80	107	91	99	132	122	103	117	83	48	128	107	56	63	58	81	123	63	135	132	12	85	104	164	25	132	142	46	46	88	96	88	81
0	0	0	0	0	0	0	0	0	0	0	0	0	0	0	0	0	0	0	0	0	0	0	0	0	0	0	0	0	0	0	0	0	0	0	0	0	0	0	0	0	0	0	0	0	0	0	0	0	0	0	0	0	0	0	0	0	0	0	0	0	0	0	0	0	0	0	0	0	131	99	117	187	60	72	119	133	134	159	93	66	80	121	116	108	173	110	73	82	172	81	41	62	98	124	67	62	82	106	28	64	167	104	129	66	111	138	141	104	114	65	69	168	82	69	139	157	95	160	164	65	135	158	133	110	21	153	52
0	0	0	0	0	0	0	0	0	0	0	0	0	0	0	0	0	0	0	0	0	0	0	0	0	0	0	0	0	0	0	0	0	0	0	0	0	0	0	0	0	0	0	0	0	0	0	0	0	0	0	0	0	0	0	0	0	0	0	0	0	0	0	0	0	0	0	0	0	0	127	119	51	172	131	118	138	98	121	86	74	23	131	119	51	36	131	94	155	120	121	83	67	138	141	28	111	39	113	56	147	127	121	87	66	56	65	163	65	80	124	76	64	167	58	133	90	34	130	146	16	147	115	29	135	173	37	123
0	0	0	0	0	0	0	0	0	0	0	0	0	0	0	0	0	0	0	0	0	0	0	0	0	0	0	0	0	0	0	0	0	0	0	0	0	0	0	0	0	0	0	0	0	0	0	0	0	0	0	0	0	0	0	0	0	0	0	0	0	0	0	0	0	0	0	0	0	0	0	8	134	125	21	128	46	51	150	98	106	169	74	145	106	157	89	151	39	180	138	144	83	97	133	85	180	89	186	133	98	136	90	120	79	93	155	18	82	179	81	61	78	100	66	131	82	66	130	93	190	125	79	127	32	101	125	142
0	0	0	0	0	0	0	0	0	0	0	0	0	0	0	0	0	0	0	0	0	0	0	0	0	0	0	0	0	0	0	0	0	0	0	0	0	0	0	0	0	0	0	0	0	0	0	0	0	0	0	0	0	0	0	0	0	0	0	0	0	0	0	0	0	0	0	0	0	0	0	0	128	13	15	99	142	42	105	18	60	71	115	110	132	182	160	33	146	128	100	110	114	124	36	67	85	84	125	96	129	123	129	141	148	93	108	71	147	93	140	75	151	66	110	159	91	161	150	124	47	95	180	101	112	33	84	73
0	0	0	0	0	0	0	0	0	0	0	0	0	0	0	0	0	0	0	0	0	0	0	0	0	0	0	0	0	0	0	0	0	0	0	0	0	0	0	0	0	0	0	0	0	0	0	0	0	0	0	0	0	0	0	0	0	0	0	0	0	0	0	0	0	0	0	0	0	0	0	0	0	60	35	115	161	117	115	130	147	89	61	169	194	147	103	105	83	181	165	103	16	134	55	99	72	123	95	123	44	76	89	83	135	128	108	124	87	42	43	94	65	28	183	61	38	122	69	94	176	126	154	132	155	144	145	37
0	0	0	0	0	0	0	0	0	0	0	0	0	0	0	0	0	0	0	0	0	0	0	0	0	0	0	0	0	0	0	0	0	0	0	0	0	0	0	0	0	0	0	0	0	0	0	0	0	0	0	0	0	0	0	0	0	0	0	0	0	0	0	0	0	0	0	0	0	0	0	0	0	0	129	136	114	96	143	120	44	33	45	48	144	127	69	10	147	72	175	67	36	130	77	133	117	36	94	107	71	55	141	68	130	94	35	56	44	135	127	155	7	83	102	79	58	73	62	71	39	75	176	168	185	181	24	156
0	0	0	0	0	0	0	0	0	0	0	0	0	0	0	0	0	0	0	0	0	0	0	0	0	0	0	0	0	0	0	0	0	0	0	0	0	0	0	0	0	0	0	0	0	0	0	0	0	0	0	0	0	0	0	0	0	0	0	0	0	0	0	0	0	0	0	0	0	0	0	0	0	0	0	76	58	111	62	60	114	51	71	114	116	124	90	37	99	184	90	41	174	62	39	132	75	78	149	31	140	26	138	151	69	174	111	88	105	95	157	38	103	119	93	95	118	165	143	45	137	72	24	75	78	28	87	71
0	0	0	0	0	0	0	0	0	0	0	0	0	0	0	0	0	0	0	0	0	0	0	0	0	0	0	0	0	0	0	0	0	0	0	0	0	0	0	0	0	0	0	0	0	0	0	0	0	0	0	0	0	0	0	0	0	0	0	0	0	0	0	0	0	0	0	0	0	0	0	0	0	0	0	0	49	166	58	87	120	178	82	147	165	189	45	109	90	126	53	58	65	139	42	71	95	153	72	82	72	100	143	57	58	54	121	123	107	145	54	111	200	121	116	100	194	104	165	44	143	117	50	80	166	109	65	80
0	0	0	0	0	0	0	0	0	0	0	0	0	0	0	0	0	0	0	0	0	0	0	0	0	0	0	0	0	0	0	0	0	0	0	0	0	0	0	0	0	0	0	0	0	0	0	0	0	0	0	0	0	0	0	0	0	0	0	0	0	0	0	0	0	0	0	0	0	0	0	0	0	0	0	0	0	12	183	147	99	144	61	136	75	105	75	67	88	99	84	87	112	110	127	109	134	148	127	37	100	123	89	121	116	118	88	62	80	180	73	13	168	125	125	112	98	53	94	180	96	139	127	49	66	64	168	97
0	0	0	0	0	0	0	0	0	0	0	0	0	0	0	0	0	0	0	0	0	0	0	0	0	0	0	0	0	0	0	0	0	0	0	0	0	0	0	0	0	0	0	0	0	0	0	0	0	0	0	0	0	0	0	0	0	0	0	0	0	0	0	0	0	0	0	0	0	0	0	0	0	0	0	0	0	0	94	53	101	101	152	154	85	44	125	175	168	30	85	78	44	48	101	49	34	118	164	52	78	109	24	114	119	88	85	37	129	43	199	78	14	47	76	104	178	128	97	163	103	151	71	159	107	65	159	149
0	0	0	0	0	0	0	0	0	0	0	0	0	0	0	0	0	0	0	0	0	0	0	0	0	0	0	0	0	0	0	0	0	0	0	0	0	0	0	0	0	0	0	0	0	0	0	0	0	0	0	0	0	0	0	0	0	0	0	0	0	0	0	0	0	0	0	0	0	0	0	0	0	0	0	0	0	0	0	97	46	95	118	101	75	101	148	127	104	74	84	112	102	130	89	125	61	115	120	61	83	29	104	131	141	56	120	168	159	61	15	49	116	105	133	152	187	122	126	145	166	117	119	149	53	109	68	152
0	0	0	0	0	0	0	0	0	0	0	0	0	0	0	0	0	0	0	0	0	0	0	0	0	0	0	0	0	0	0	0	0	0	0	0	0	0	0	0	0	0	0	0	0	0	0	0	0	0	0	0	0	0	0	0	0	0	0	0	0	0	0	0	0	0	0	0	0	0	0	0	0	0	0	0	0	0	0	0	181	74	40	128	38	49	156	97	66	120	161	52	171	42	62	101	33	204	151	62	33	82	23	162	125	72	74	65	133	72	157	45	157	107	121	161	180	127	144	81	117	105	81	156	135	103	61	180
0	0	0	0	0	0	0	0	0	0	0	0	0	0	0	0	0	0	0	0	0	0	0	0	0	0	0	0	0	0	0	0	0	0	0	0	0	0	0	0	0	0	0	0	0	0	0	0	0	0	0	0	0	0	0	0	0	0	0	0	0	0	0	0	0	0	0	0	0	0	0	0	0	0	0	0	0	0	0	0	0	112	103	80	101	92	125	37	82	101	94	148	176	128	49	77	114	128	165	134	81	105	81	74	128	106	71	70	91	121	86	105	97	144	190	175	18	60	69	183	135	109	123	89	103	196	91	77
0	0	0	0	0	0	0	0	0	0	0	0	0	0	0	0	0	0	0	0	0	0	0	0	0	0	0	0	0	0	0	0	0	0	0	0	0	0	0	0	0	0	0	0	0	0	0	0	0	0	0	0	0	0	0	0	0	0	0	0	0	0	0	0	0	0	0	0	0	0	0	0	0	0	0	0	0	0	0	0	0	0	115	182	153	63	54	172	92	69	121	71	111	31	126	59	80	68	121	49	116	53	133	62	46	192	95	95	90	80	106	168	83	128	55	125	45	90	133	202	130	127	123	109	90	145	167	69
0	0	0	0	0	0	0	0	0	0	0	0	0	0	0	0	0	0	0	0	0	0	0	0	0	0	0	0	0	0	0	0	0	0	0	0	0	0	0	0	0	0	0	0	0	0	0	0	0	0	0	0	0	0	0	0	0	0	0	0	0	0	0	0	0	0	0	0	0	0	0	0	0	0	0	0	0	0	0	0	0	0	0	126	134	77	111	110	181	168	114	125	120	154	130	49	95	103	130	46	151	137	4	138	133	152	86	124	146	162	72	117	85	55	170	118	74	85	171	57	103	104	100	83	115	89	49	93
0	0	0	0	0	0	0	0	0	0	0	0	0	0	0	0	0	0	0	0	0	0	0	0	0	0	0	0	0	0	0	0	0	0	0	0	0	0	0	0	0	0	0	0	0	0	0	0	0	0	0	0	0	0	0	0	0	0	0	0	0	0	0	0	0	0	0	0	0	0	0	0	0	0	0	0	0	0	0	0	0	0	0	0	96	85	141	134	85	39	112	136	135	159	173	149	57	89	174	14	160	98	86	68	56	120	69	69	108	129	105	84	102	72	158	29	100	141	77	131	173	120	154	118	122	142	70	150
0	0	0	0	0	0	0	0	0	0	0	0	0	0	0	0	0	0	0	0	0	0	0	0	0	0	0	0	0	0	0	0	0	0	0	0	0	0	0	0	0	0	0	0	0	0	0	0	0	0	0	0	0	0	0	0	0	0	0	0	0	0	0	0	0	0	0	0	0	0	0	0	0	0	0	0	0	0	0	0	0	0	0	0	0	115	141	95	41	76	85	131	81	76	112	80	95	142	92	120	17	93	65	95	111	96	22	142	89	44	23	112	162	94	131	70	120	143	70	132	84	144	116	148	13	89	119	64
0	0	0	0	0	0	0	0	0	0	0	0	0	0	0	0	0	0	0	0	0	0	0	0	0	0	0	0	0	0	0	0	0	0	0	0	0	0	0	0	0	0	0	0	0	0	0	0	0	0	0	0	0	0	0	0	0	0	0	0	0	0	0	0	0	0	0	0	0	0	0	0	0	0	0	0	0	0	0	0	0	0	0	0	0	0	83	119	98	139	146	98	150	19	73	90	179	177	133	87	126	92	125	61	49	89	69	107	154	93	122	180	48	26	107	170	80	100	119	142	114	87	48	141	10	35	55	68
0	0	0	0	0	0	0	0	0	0	0	0	0	0	0	0	0	0	0	0	0	0	0	0	0	0	0	0	0	0	0	0	0	0	0	0	0	0	0	0	0	0	0	0	0	0	0	0	0	0	0	0	0	0	0	0	0	0	0	0	0	0	0	0	0	0	0	0	0	0	0	0	0	0	0	0	0	0	0	0	0	0	0	0	0	0	0	149	65	81	105	173	108	109	133	130	153	135	173	128	97	90	49	186	143	75	204	154	146	91	150	154	24	81	73	17	44	75	52	108	113	145	32	174	27	120	88	197
0	0	0	0	0	0	0	0	0	0	0	0	0	0	0	0	0	0	0	0	0	0	0	0	0	0	0	0	0	0	0	0	0	0	0	0	0	0	0	0	0	0	0	0	0	0	0	0	0	0	0	0	0	0	0	0	0	0	0	0	0	0	0	0	0	0	0	0	0	0	0	0	0	0	0	0	0	0	0	0	0	0	0	0	0	0	0	0	127	124	74	98	60	126	86	99	126	103	41	94	70	186	12	125	129	63	157	95	74	122	94	87	43	140	147	72	63	43	75	124	17	122	24	184	193	64	128	87
0	0	0	0	0	0	0	0	0	0	0	0	0	0	0	0	0	0	0	0	0	0	0	0	0	0	0	0	0	0	0	0	0	0	0	0	0	0	0	0	0	0	0	0	0	0	0	0	0	0	0	0	0	0	0	0	0	0	0	0	0	0	0	0	0	0	0	0	0	0	0	0	0	0	0	0	0	0	0	0	0	0	0	0	0	0	0	0	0	45	42	146	94	117	150	48	103	146	45	198	149	76	134	137	144	88	145	61	130	79	134	99	113	137	167	114	158	115	153	20	177	104	177	73	32	173	68	81
0	0	0	0	0	0	0	0	0	0	0	0	0	0	0	0	0	0	0	0	0	0	0	0	0	0	0	0	0	0	0	0	0	0	0	0	0	0	0	0	0	0	0	0	0	0	0	0	0	0	0	0	0	0	0	0	0	0	0	0	0	0	0	0	0	0	0	0	0	0	0	0	0	0	0	0	0	0	0	0	0	0	0	0	0	0	0	0	0	0	56	27	118	74	103	157	193	161	54	73	62	147	114	156	69	97	185	50	20	184	183	107	8	120	93	68	98	115	51	93	56	74	86	150	155	36	182	83
0	0	0	0	0	0	0	0	0	0	0	0	0	0	0	0	0	0	0	0	0	0	0	0	0	0	0	0	0	0	0	0	0	0	0	0	0	0	0	0	0	0	0	0	0	0	0	0	0	0	0	0	0	0	0	0	0	0	0	0	0	0	0	0	0	0	0	0	0	0	0	0	0	0	0	0	0	0	0	0	0	0	0	0	0	0	0	0	0	0	0	184	45	58	147	91	142	179	108	204	107	174	83	159	169	84	138	108	146	79	76	51	27	83	126	68	56	142	28	150	121	137	109	50	143	179	74	103
0	0	0	0	0	0	0	0	0	0	0	0	0	0	0	0	0	0	0	0	0	0	0	0	0	0	0	0	0	0	0	0	0	0	0	0	0	0	0	0	0	0	0	0	0	0	0	0	0	0	0	0	0	0	0	0	0	0	0	0	0	0	0	0	0	0	0	0	0	0	0	0	0	0	0	0	0	0	0	0	0	0	0	0	0	0	0	0	0	0	0	0	186	52	89	45	136	177	134	108	178	129	88	80	161	81	101	64	165	160	87	55	161	98	77	114	85	18	178	137	177	28	128	145	55	116	172	88
0	0	0	0	0	0	0	0	0	0	0	0	0	0	0	0	0	0	0	0	0	0	0	0	0	0	0	0	0	0	0	0	0	0	0	0	0	0	0	0	0	0	0	0	0	0	0	0	0	0	0	0	0	0	0	0	0	0	0	0	0	0	0	0	0	0	0	0	0	0	0	0	0	0	0	0	0	0	0	0	0	0	0	0	0	0	0	0	0	0	0	0	0	128	109	117	150	64	189	127	82	120	62	183	36	96	142	90	95	195	139	152	61	40	159	150	107	153	90	177	56	136	111	23	133	151	164	131
0	0	0	0	0	0	0	0	0	0	0	0	0	0	0	0	0	0	0	0	0	0	0	0	0	0	0	0	0	0	0	0	0	0	0	0	0	0	0	0	0	0	0	0	0	0	0	0	0	0	0	0	0	0	0	0	0	0	0	0	0	0	0	0	0	0	0	0	0	0	0	0	0	0	0	0	0	0	0	0	0	0	0	0	0	0	0	0	0	0	0	0	0	0	131	163	130	138	105	99	101	107	193	189	192	117	173	127	17	42	68	130	123	84	77	124	47	129	118	165	84	88	114	187	138	70	108	168
0	0	0	0	0	0	0	0	0	0	0	0	0	0	0	0	0	0	0	0	0	0	0	0	0	0	0	0	0	0	0	0	0	0	0	0	0	0	0	0	0	0	0	0	0	0	0	0	0	0	0	0	0	0	0	0	0	0	0	0	0	0	0	0	0	0	0	0	0	0	0	0	0	0	0	0	0	0	0	0	0	0	0	0	0	0	0	0	0	0	0	0	0	0	0	184	150	87	101	120	97	63	159	87	100	174	139	118	101	17	132	95	93	202	51	169	53	175	184	139	139	93	123	94	132	52	82	202
0	0	0	0	0	0	0	0	0	0	0	0	0	0	0	0	0	0	0	0	0	0	0	0	0	0	0	0	0	0	0	0	0	0	0	0	0	0	0	0	0	0	0	0	0	0	0	0	0	0	0	0	0	0	0	0	0	0	0	0	0	0	0	0	0	0	0	0	0	0	0	0	0	0	0	0	0	0	0	0	0	0	0	0	0	0	0	0	0	0	0	0	0	0	0	0	46	114	64	86	171	15	62	196	109	109	122	182	106	180	94	154	104	105	167	170	124	93	119	151	138	154	69	110	106	78	43	53
0	0	0	0	0	0	0	0	0	0	0	0	0	0	0	0	0	0	0	0	0	0	0	0	0	0	0	0	0	0	0	0	0	0	0	0	0	0	0	0	0	0	0	0	0	0	0	0	0	0	0	0	0	0	0	0	0	0	0	0	0	0	0	0	0	0	0	0	0	0	0	0	0	0	0	0	0	0	0	0	0	0	0	0	0	0	0	0	0	0	0	0	0	0	0	0	0	23	152	38	165	130	85	86	130	111	75	69	135	119	90	59	92	108	85	68	117	59	19	176	108	126	165	159	110	92	80	55
0	0	0	0	0	0	0	0	0	0	0	0	0	0	0	0	0	0	0	0	0	0	0	0	0	0	0	0	0	0	0	0	0	0	0	0	0	0	0	0	0	0	0	0	0	0	0	0	0	0	0	0	0	0	0	0	0	0	0	0	0	0	0	0	0	0	0	0	0	0	0	0	0	0	0	0	0	0	0	0	0	0	0	0	0	0	0	0	0	0	0	0	0	0	0	0	0	0	185	151	171	109	133	181	54	36	164	178	192	87	83	44	76	126	105	95	113	69	187	57	121	174	111	108	124	107	97	165
0	0	0	0	0	0	0	0	0	0	0	0	0	0	0	0	0	0	0	0	0	0	0	0	0	0	0	0	0	0	0	0	0	0	0	0	0	0	0	0	0	0	0	0	0	0	0	0	0	0	0	0	0	0	0	0	0	0	0	0	0	0	0	0	0	0	0	0	0	0	0	0	0	0	0	0	0	0	0	0	0	0	0	0	0	0	0	0	0	0	0	0	0	0	0	0	0	0	0	175	111	222	125	143	120	147	30	146	50	109	26	38	156	156	134	195	96	5	80	155	113	140	171	33	126	136	102	155
0	0	0	0	0	0	0	0	0	0	0	0	0	0	0	0	0	0	0	0	0	0	0	0	0	0	0	0	0	0	0	0	0	0	0	0	0	0	0	0	0	0	0	0	0	0	0	0	0	0	0	0	0	0	0	0	0	0	0	0	0	0	0	0	0	0	0	0	0	0	0	0	0	0	0	0	0	0	0	0	0	0	0	0	0	0	0	0	0	0	0	0	0	0	0	0	0	0	0	0	76	123	80	19	213	67	97	204	86	111	30	141	200	156	118	126	169	148	226	146	102	138	37	32	148	61	128	116
0	0	0	0	0	0	0	0	0	0	0	0	0	0	0	0	0	0	0	0	0	0	0	0	0	0	0	0	0	0	0	0	0	0	0	0	0	0	0	0	0	0	0	0	0	0	0	0	0	0	0	0	0	0	0	0	0	0	0	0	0	0	0	0	0	0	0	0	0	0	0	0	0	0	0	0	0	0	0	0	0	0	0	0	0	0	0	0	0	0	0	0	0	0	0	0	0	0	0	0	0	40	111	163	111	190	218	17	122	127	34	113	169	84	120	108	136	100	93	150	93	137	49	83	164	196	39	175
0	0	0	0	0	0	0	0	0	0	0	0	0	0	0	0	0	0	0	0	0	0	0	0	0	0	0	0	0	0	0	0	0	0	0	0	0	0	0	0	0	0	0	0	0	0	0	0	0	0	0	0	0	0	0	0	0	0	0	0	0	0	0	0	0	0	0	0	0	0	0	0	0	0	0	0	0	0	0	0	0	0	0	0	0	0	0	0	0	0	0	0	0	0	0	0	0	0	0	0	0	0	31	186	48	99	109	134	92	97	148	144	100	60	172	150	164	139	150	139	12	62	116	163	36	205	117	109
0	0	0	0	0	0	0	0	0	0	0	0	0	0	0	0	0	0	0	0	0	0	0	0	0	0	0	0	0	0	0	0	0	0	0	0	0	0	0	0	0	0	0	0	0	0	0	0	0	0	0	0	0	0	0	0	0	0	0	0	0	0	0	0	0	0	0	0	0	0	0	0	0	0	0	0	0	0	0	0	0	0	0	0	0	0	0	0	0	0	0	0	0	0	0	0	0	0	0	0	0	0	0	100	141	175	160	132	185	59	153	133	99	156	24	186	161	206	138	51	108	136	48	84	171	105	85	202
0	0	0	0	0	0	0	0	0	0	0	0	0	0	0	0	0	0	0	0	0	0	0	0	0	0	0	0	0	0	0	0	0	0	0	0	0	0	0	0	0	0	0	0	0	0	0	0	0	0	0	0	0	0	0	0	0	0	0	0	0	0	0	0	0	0	0	0	0	0	0	0	0	0	0	0	0	0	0	0	0	0	0	0	0	0	0	0	0	0	0	0	0	0	0	0	0	0	0	0	0	0	0	0	86	114	98	128	104	123	119	139	176	165	131	157	97	173	111	181	168	198	111	39	106	121	136	117
0	0	0	0	0	0	0	0	0	0	0	0	0	0	0	0	0	0	0	0	0	0	0	0	0	0	0	0	0	0	0	0	0	0	0	0	0	0	0	0	0	0	0	0	0	0	0	0	0	0	0	0	0	0	0	0	0	0	0	0	0	0	0	0	0	0	0	0	0	0	0	0	0	0	0	0	0	0	0	0	0	0	0	0	0	0	0	0	0	0	0	0	0	0	0	0	0	0	0	0	0	0	0	0	0	187	68	131	171	136	160	110	124	60	36	144	142	137	94	134	46	80	142	147	36	126	72	126
0	0	0	0	0	0	0	0	0	0	0	0	0	0	0	0	0	0	0	0	0	0	0	0	0	0	0	0	0	0	0	0	0	0	0	0	0	0	0	0	0	0	0	0	0	0	0	0	0	0	0	0	0	0	0	0	0	0	0	0	0	0	0	0	0	0	0	0	0	0	0	0	0	0	0	0	0	0	0	0	0	0	0	0	0	0	0	0	0	0	0	0	0	0	0	0	0	0	0	0	0	0	0	0	0	0	78	17	144	151	74	165	35	203	128	128	183	183	131	161	34	208	229	195	31	128	177	157
0	0	0	0	0	0	0	0	0	0	0	0	0	0	0	0	0	0	0	0	0	0	0	0	0	0	0	0	0	0	0	0	0	0	0	0	0	0	0	0	0	0	0	0	0	0	0	0	0	0	0	0	0	0	0	0	0	0	0	0	0	0	0	0	0	0	0	0	0	0	0	0	0	0	0	0	0	0	0	0	0	0	0	0	0	0	0	0	0	0	0	0	0	0	0	0	0	0	0	0	0	0	0	0	0	0	0	70	170	110	131	70	118	154	109	193	126	133	130	15	88	46	117	130	42	156	190	87
0	0	0	0	0	0	0	0	0	0	0	0	0	0	0	0	0	0	0	0	0	0	0	0	0	0	0	0	0	0	0	0	0	0	0	0	0	0	0	0	0	0	0	0	0	0	0	0	0	0	0	0	0	0	0	0	0	0	0	0	0	0	0	0	0	0	0	0	0	0	0	0	0	0	0	0	0	0	0	0	0	0	0	0	0	0	0	0	0	0	0	0	0	0	0	0	0	0	0	0	0	0	0	0	0	0	0	0	174	66	130	137	85	148	47	118	210	99	186	200	20	141	119	150	46	226	136	112
0	0	0	0	0	0	0	0	0	0	0	0	0	0	0	0	0	0	0	0	0	0	0	0	0	0	0	0	0	0	0	0	0	0	0	0	0	0	0	0	0	0	0	0	0	0	0	0	0	0	0	0	0	0	0	0	0	0	0	0	0	0	0	0	0	0	0	0	0	0	0	0	0	0	0	0	0	0	0	0	0	0	0	0	0	0	0	0	0	0	0	0	0	0	0	0	0	0	0	0	0	0	0	0	0	0	0	0	0	179	108	232	125	116	46	186	107	90	147	142	137	219	66	115	141	108	25	172
0	0	0	0	0	0	0	0	0	0	0	0	0	0	0	0	0	0	0	0	0	0	0	0	0	0	0	0	0	0	0	0	0	0	0	0	0	0	0	0	0	0	0	0	0	0	0	0	0	0	0	0	0	0	0	0	0	0	0	0	0	0	0	0	0	0	0	0	0	0	0	0	0	0	0	0	0	0	0	0	0	0	0	0	0	0	0	0	0	0	0	0	0	0	0	0	0	0	0	0	0	0	0	0	0	0	0	0	0	0	139	79	154	142	189	95	24	65	131	116	70	104	76	156	54	126	57	122
0	0	0	0	0	0	0	0	0	0	0	0	0	0	0	0	0	0	0	0	0	0	0	0	0	0	0	0	0	0	0	0	0	0	0	0	0	0	0	0	0	0	0	0	0	0	0	0	0	0	0	0	0	0	0	0	0	0	0	0	0	0	0	0	0	0	0	0	0	0	0	0	0	0	0	0	0	0	0	0	0	0	0	0	0	0	0	0	0	0	0	0	0	0	0	0	0	0	0	0	0	0	0	0	0	0	0	0	0	0	0	37	85	102	169	62	131	102	104	58	84	133	73	90	15	174	124	108
0	0	0	0	0	0	0	0	0	0	0	0	0	0	0	0	0	0	0	0	0	0	0	0	0	0	0	0	0	0	0	0	0	0	0	0	0	0	0	0	0	0	0	0	0	0	0	0	0	0	0	0	0	0	0	0	0	0	0	0	0	0	0	0	0	0	0	0	0	0	0	0	0	0	0	0	0	0	0	0	0	0	0	0	0	0	0	0	0	0	0	0	0	0	0	0	0	0	0	0	0	0	0	0	0	0	0	0	0	0	0	0	57	83	223	131	97	171	108	206	183	168	102	163	78	171	82	83
0	0	0	0	0	0	0	0	0	0	0	0	0	0	0	0	0	0	0	0	0	0	0	0	0	0	0	0	0	0	0	0	0	0	0	0	0	0	0	0	0	0	0	0	0	0	0	0	0	0	0	0	0	0	0	0	0	0	0	0	0	0	0	0	0	0	0	0	0	0	0	0	0	0	0	0	0	0	0	0	0	0	0	0	0	0	0	0	0	0	0	0	0	0	0	0	0	0	0	0	0	0	0	0	0	0	0	0	0	0	0	0	0	207	183	153	122	149	53	33	139	61	96	83	145	136	133	122
0	0	0	0	0	0	0	0	0	0	0	0	0	0	0	0	0	0	0	0	0	0	0	0	0	0	0	0	0	0	0	0	0	0	0	0	0	0	0	0	0	0	0	0	0	0	0	0	0	0	0	0	0	0	0	0	0	0	0	0	0	0	0	0	0	0	0	0	0	0	0	0	0	0	0	0	0	0	0	0	0	0	0	0	0	0	0	0	0	0	0	0	0	0	0	0	0	0	0	0	0	0	0	0	0	0	0	0	0	0	0	0	0	0	194	57	86	93	124	119	45	152	162	124	13	124	118	84
0	0	0	0	0	0	0	0	0	0	0	0	0	0	0	0	0	0	0	0	0	0	0	0	0	0	0	0	0	0	0	0	0	0	0	0	0	0	0	0	0	0	0	0	0	0	0	0	0	0	0	0	0	0	0	0	0	0	0	0	0	0	0	0	0	0	0	0	0	0	0	0	0	0	0	0	0	0	0	0	0	0	0	0	0	0	0	0	0	0	0	0	0	0	0	0	0	0	0	0	0	0	0	0	0	0	0	0	0	0	0	0	0	0	0	123	209	186	113	150	159	139	191	171	119	103	225	208
0	0	0	0	0	0	0	0	0	0	0	0	0	0	0	0	0	0	0	0	0	0	0	0	0	0	0	0	0	0	0	0	0	0	0	0	0	0	0	0	0	0	0	0	0	0	0	0	0	0	0	0	0	0	0	0	0	0	0	0	0	0	0	0	0	0	0	0	0	0	0	0	0	0	0	0	0	0	0	0	0	0	0	0	0	0	0	0	0	0	0	0	0	0	0	0	0	0	0	0	0	0	0	0	0	0	0	0	0	0	0	0	0	0	0	0	192	48	64	200	165	30	116	164	48	114	138	119
0	0	0	0	0	0	0	0	0	0	0	0	0	0	0	0	0	0	0	0	0	0	0	0	0	0	0	0	0	0	0	0	0	0	0	0	0	0	0	0	0	0	0	0	0	0	0	0	0	0	0	0	0	0	0	0	0	0	0	0	0	0	0	0	0	0	0	0	0	0	0	0	0	0	0	0	0	0	0	0	0	0	0	0	0	0	0	0	0	0	0	0	0	0	0	0	0	0	0	0	0	0	0	0	0	0	0	0	0	0	0	0	0	0	0	0	0	40	145	193	121	102	9	126	163	44	50	31
0	0	0	0	0	0	0	0	0	0	0	0	0	0	0	0	0	0	0	0	0	0	0	0	0	0	0	0	0	0	0	0	0	0	0	0	0	0	0	0	0	0	0	0	0	0	0	0	0	0	0	0	0	0	0	0	0	0	0	0	0	0	0	0	0	0	0	0	0	0	0	0	0	0	0	0	0	0	0	0	0	0	0	0	0	0	0	0	0	0	0	0	0	0	0	0	0	0	0	0	0	0	0	0	0	0	0	0	0	0	0	0	0	0	0	0	0	0	205	127	132	66	197	143	122	205	227	61
0	0	0	0	0	0	0	0	0	0	0	0	0	0	0	0	0	0	0	0	0	0	0	0	0	0	0	0	0	0	0	0	0	0	0	0	0	0	0	0	0	0	0	0	0	0	0	0	0	0	0	0	0	0	0	0	0	0	0	0	0	0	0	0	0	0	0	0	0	0	0	0	0	0	0	0	0	0	0	0	0	0	0	0	0	0	0	0	0	0	0	0	0	0	0	0	0	0	0	0	0	0	0	0	0	0	0	0	0	0	0	0	0	0	0	0	0	0	0	61	85	80	180	166	72	100	107	108
0	0	0	0	0	0	0	0	0	0	0	0	0	0	0	0	0	0	0	0	0	0	0	0	0	0	0	0	0	0	0	0	0	0	0	0	0	0	0	0	0	0	0	0	0	0	0	0	0	0	0	0	0	0	0	0	0	0	0	0	0	0	0	0	0	0	0	0	0	0	0	0	0	0	0	0	0	0	0	0	0	0	0	0	0	0	0	0	0	0	0	0	0	0	0	0	0	0	0	0	0	0	0	0	0	0	0	0	0	0	0	0	0	0	0	0	0	0	0	0	201	155	40	137	117	102	79	217
0	0	0	0	0	0	0	0	0	0	0	0	0	0	0	0	0	0	0	0	0	0	0	0	0	0	0	0	0	0	0	0	0	0	0	0	0	0	0	0	0	0	0	0	0	0	0	0	0	0	0	0	0	0	0	0	0	0	0	0	0	0	0	0	0	0	0	0	0	0	0	0	0	0	0	0	0	0	0	0	0	0	0	0	0	0	0	0	0	0	0	0	0	0	0	0	0	0	0	0	0	0	0	0	0	0	0	0	0	0	0	0	0	0	0	0	0	0	0	0	0	89	106	125	185	43	37	46
0	0	0	0	0	0	0	0	0	0	0	0	0	0	0	0	0	0	0	0	0	0	0	0	0	0	0	0	0	0	0	0	0	0	0	0	0	0	0	0	0	0	0	0	0	0	0	0	0	0	0	0	0	0	0	0	0	0	0	0	0	0	0	0	0	0	0	0	0	0	0	0	0	0	0	0	0	0	0	0	0	0	0	0	0	0	0	0	0	0	0	0	0	0	0	0	0	0	0	0	0	0	0	0	0	0	0	0	0	0	0	0	0	0	0	0	0	0	0	0	0	0	97	68	151	119	90	165
0	0	0	0	0	0	0	0	0	0	0	0	0	0	0	0	0	0	0	0	0	0	0	0	0	0	0	0	0	0	0	0	0	0	0	0	0	0	0	0	0	0	0	0	0	0	0	0	0	0	0	0	0	0	0	0	0	0	0	0	0	0	0	0	0	0	0	0	0	0	0	0	0	0	0	0	0	0	0	0	0	0	0	0	0	0	0	0	0	0	0	0	0	0	0	0	0	0	0	0	0	0	0	0	0	0	0	0	0	0	0	0	0	0	0	0	0	0	0	0	0	0	0	181	184	149	136	198
0	0	0	0	0	0	0	0	0	0	0	0	0	0	0	0	0	0	0	0	0	0	0	0	0	0	0	0	0	0	0	0	0	0	0	0	0	0	0	0	0	0	0	0	0	0	0	0	0	0	0	0	0	0	0	0	0	0	0	0	0	0	0	0	0	0	0	0	0	0	0	0	0	0	0	0	0	0	0	0	0	0	0	0	0	0	0	0	0	0	0	0	0	0	0	0	0	0	0	0	0	0	0	0	0	0	0	0	0	0	0	0	0	0	0	0	0	0	0	0	0	0	0	0	77	171	173	158
0	0	0	0	0	0	0	0	0	0	0	0	0	0	0	0	0	0	0	0	0	0	0	0	0	0	0	0	0	0	0	0	0	0	0	0	0	0	0	0	0	0	0	0	0	0	0	0	0	0	0	0	0	0	0	0	0	0	0	0	0	0	0	0	0	0	0	0	0	0	0	0	0	0	0	0	0	0	0	0	0	0	0	0	0	0	0	0	0	0	0	0	0	0	0	0	0	0	0	0	0	0	0	0	0	0	0	0	0	0	0	0	0	0	0	0	0	0	0	0	0	0	0	0	0	112	147	80
0	0	0	0	0	0	0	0	0	0	0	0	0	0	0	0	0	0	0	0	0	0	0	0	0	0	0	0	0	0	0	0	0	0	0	0	0	0	0	0	0	0	0	0	0	0	0	0	0	0	0	0	0	0	0	0	0	0	0	0	0	0	0	0	0	0	0	0	0	0	0	0	0	0	0	0	0	0	0	0	0	0	0	0	0	0	0	0	0	0	0	0	0	0	0	0	0	0	0	0	0	0	0	0	0	0	0	0	0	0	0	0	0	0	0	0	0	0	0	0	0	0	0	0	0	0	63	202
0	0	0	0	0	0	0	0	0	0	0	0	0	0	0	0	0	0	0	0	0	0	0	0	0	0	0	0	0	0	0	0	0	0	0	0	0	0	0	0	0	0	0	0	0	0	0	0	0	0	0	0	0	0	0	0	0	0	0	0	0	0	0	0	0	0	0	0	0	0	0	0	0	0	0	0	0	0	0	0	0	0	0	0	0	0	0	0	0	0	0	0	0	0	0	0	0	0	0	0	0	0	0	0	0	0	0	0	0	0	0	0	0	0	0	0	0	0	0	0	0	0	0	0	0	0	0	131
0	0	0	0	0	0	0	0	0	0	0	0	0	0	0	0	0	0	0	0	0	0	0	0	0	0	0	0	0	0	0	0	0	0	0	0	0	0	0	0	0	0	0	0	0	0	0	0	0	0	0	0	0	0	0	0	0	0	0	0	0	0	0	0	0	0	0	0	0	0	0	0	0	0	0	0	0	0	0	0	0	0	0	0	0	0	0	0	0	0	0	0	0	0	0	0	0	0	0	0	0	0	0	0	0	0	0	0	0	0	0	0	0	0	0	0	0	0	0	0	0	0	0	0	0	0	0	0