0	113	84	13	106	87	120	60	69	91	29	76	115	114	36	117	18	69	3	57	111	68	25	94	124	75	45	28	6	82	124	79	24	90	66	16	6	74	13	77	54	6	71	122	75	105	89	40	69	120	60	48	22	93	103	28	97	54	90	15	29	129	43	9	59	39	58	91	5	10	62	13	80	115	94	22	50	127	108	77	93	11	96	39	89	114	99	115	7	52	118	43	59	72	59	2	9	105	93	127	97	79	126	41	33	121	36	90	82	88	128	108	60	33	25	62	51	17	70	36	41	61	38	129	71	95	25	36
0	0	103	63	106	49	10	55	29	118	108	35	47	99	2	38	85	95	64	104	94	16	64	74	96	70	126	62	98	57	3	12	119	21	33	115	46	67	21	111	52	121	11	98	52	85	109	27	117	16	64	53	28	52	91	25	77	32	125	113	70	58	20	70	77	77	5	24	129	110	86	113	75	72	101	66	58	130	111	121	97	32	119	30	62	96	27	79	113	78	71	76	13	11	64	102	3	116	29	5	102	63	49	14	17	19	110	68	74	78	127	107	100	25	29	70	74	16	35	63	92	17	83	72	45	14	28	103
0	0	0	115	36	54	2	86	96	73	37	89	53	73	12	124	76	98	113	43	128	39	69	27	3	54	4	26	45	78	102	38	101	91	83	27	66	103	40	92	77	74	34	17	11	78	102	21	114	77	75	61	23	75	7	23	61	16	116	35	31	128	69	26	123	116	95	48	40	79	90	97	108	105	29	49	122	115	110	76	48	39	12	10	20	38	115	71	89	91	45	31	103	83	126	76	21	26	21	93	37	37	4	25	24	109	30	104	80	13	127	106	65	24	35	62	47	85	100	59	33	12	66	121	9	7	122	46
0	0	0	0	79	40	66	106	118	38	34	103	108	124	126	125	80	84	77	45	100	14	108	83	39	116	98	3	43	41	54	45	84	129	124	17	76	65	111	121	126	119	96	37	27	78	110	101	123	85	93	7	14	3	43	127	103	113	42	128	65	86	96	100	81	104	110	94	82	97	109	110	125	106	122	15	69	100	63	103	54	20	2	92	39	89	97	61	105	42	114	38	98	99	104	35	100	17	83	3	121	15	11	103	90	92	18	50	121	71	115	96	52	9	43	25	29	17	119	118	59	53	30	126	42	70	102	125
0	0	0	0	0	23	103	57	54	21	43	57	46	38	19	67	52	25	79	123	118	17	9	83	84	118	17	62	73	22	115	49	57	25	21	72	74	14	18	105	86	13	85	88	125	106	47	97	5	29	115	71	25	47	89	32	89	117	19	74	94	47	25	71	109	61	40	113	60	123	67	44	30	110	103	70	65	85	2	82	80	47	55	128	28	129	92	33	46	45	94	20	92	37	87	79	130	89	42	29	26	64	127	20	21	22	69	64	13	7	22	48	6	110	69	126	21	100	42	92	29	80	96	51	21	73	73	126
0	0	0	0	0	0	57	23	114	68	132	43	94	54	127	93	76	121	128	41	95	39	116	86	13	54	72	96	10	89	80	11	54	28	37	109	122	32	8	15	4	58	84	63	49	108	98	44	119	34	4	79	24	44	96	53	48	124	109	13	38	126	19	88	33	112	32	116	104	87	98	17	115	121	129	30	14	97	31	99	59	5	105	111	43	47	97	20	98	95	54	10	96	132	79	9	22	54	27	94	39	41	33	104	37	63	94	72	49	94	62	112	130	15	52	41	109	111	33	75	96	47	88	89	101	91	120	82
0	0	0	0	0	0	0	114	116	21	6	88	128	29	38	88	26	76	93	17	56	26	78	91	123	128	43	67	48	81	104	120	4	11	16	71	99	36	93	86	56	53	62	51	20	42	34	30	52	133	52	129	54	116	28	40	124	115	127	92	43	28	28	35	103	18	97	20	105	9	43	94	55	43	122	123	26	20	84	16	95	86	37	114	127	23	21	58	85	37	11	135	64	23	11	85	97	33	108	121	38	107	58	113	93	76	40	8	118	53	79	109	11	9	17	70	28	116	81	34	64	42	69	113	19	67	52	124
0	0	0	0	0	0	0	0	89	90	14	116	129	117	19	75	49	81	27	32	47	109	10	66	4	99	19	101	24	44	20	101	20	127	88	98	117	42	73	58	94	92	33	26	73	103	125	112	126	85	94	110	56	109	70	63	95	13	120	11	21	57	76	130	82	113	74	45	32	75	34	79	56	134	30	120	72	122	104	99	43	58	70	89	27	62	79	59	38	119	116	15	123	120	69	34	111	68	107	86	96	84	112	114	55	26	62	50	9	96	77	39	121	42	126	78	15	115	104	57	74	82	76	82	24	23	42	31
0	0	0	0	0	0	0	0	0	41	53	74	10	54	10	101	132	125	61	6	32	68	14	122	10	17	125	82	122	24	52	99	5	125	18	7	38	91	96	30	110	66	118	80	74	97	73	53	49	52	69	55	39	8	73	66	99	57	114	87	96	120	126	129	11	73	85	103	28	130	67	19	34	100	102	101	15	60	12	54	124	91	126	45	27	64	107	133	106	57	7	117	49	105	51	15	122	23	125	42	49	106	39	133	43	30	42	112	76	136	76	101	83	17	84	81	14	94	55	44	12	58	85	25	121	74	8	13
0	0	0	0	0	0	0	0	0	0	16	85	113	82	45	80	104	17	48	116	75	31	54	73	90	109	38	38	40	83	129	134	28	47	57	116	88	101	108	78	23	122	13	37	129	50	92	120	93	41	60	8	128	97	49	53	47	55	85	63	114	101	66	128	60	72	37	49	19	113	85	122	127	85	28	71	34	87	120	46	126	60	114	34	27	112	108	60	19	125	75	82	25	106	73	131	45	91	103	60	68	78	113	121	65	10	54	44	120	56	124	74	68	20	23	88	67	47	10	47	87	92	18	119	23	74	101	117
0	0	0	0	0	0	0	0	0	0	0	48	27	84	26	128	27	111	129	56	37	69	23	87	101	87	135	102	27	124	113	136	54	116	99	61	106	27	84	60	13	79	8	48	94	51	128	21	38	32	53	104	14	3	79	31	14	98	20	127	50	66	113	64	40	129	119	108	128	31	35	43	42	59	108	13	71	131	54	133	130	28	40	11	93	66	90	94	93	30	11	34	56	60	105	32	48	96	15	101	99	84	37	119	14	11	38	85	128	16	122	95	5	45	33	62	98	36	88	117	58	21	96	127	39	77	79	60
0	0	0	0	0	0	0	0	0	0	0	0	82	77	91	39	12	51	57	35	100	52	121	53	125	118	106	91	89	58	110	31	128	123	112	64	102	52	95	51	25	13	118	36	71	110	33	10	119	40	24	120	47	34	109	116	43	41	34	49	30	79	76	50	84	65	89	43	112	95	97	84	24	89	83	112	75	82	61	47	133	54	58	46	48	33	45	128	53	19	73	17	52	89	61	116	126	121	91	50	55	101	69	56	76	14	124	35	69	30	118	139	10	114	105	112	18	110	20	100	53	90	102	66	22	29	63	23
0	0	0	0	0	0	0	0	0	0	0	0	0	113	34	131	115	107	38	13	87	77	110	118	125	69	44	8	75	8	37	29	49	9	101	47	13	61	98	133	85	68	44	118	53	114	102	15	38	55	104	89	34	38	92	57	121	8	113	63	106	120	59	73	81	45	59	99	52	68	17	46	109	54	114	43	36	122	15	86	60	127	67	49	131	20	135	93	32	22	117	42	22	19	121	93	24	98	27	120	131	76	14	35	57	92	35	53	90	60	115	66	91	25	49	140	99	104	88	124	38	118	95	115	104	107	78	62
0	0	0	0	0	0	0	0	0	0	0	0	0	0	78	76	92	17	23	91	99	15	40	41	50	38	64	21	76	23	124	84	102	88	23	46	103	78	69	47	21	112	41	103	34	97	116	28	12	102	56	20	127	127	29	52	33	76	49	83	78	97	20	78	40	56	77	17	121	30	102	119	86	63	116	40	25	44	115	93	11	27	69	137	11	86	95	27	9	18	59	126	30	107	114	55	44	137	95	9	40	77	132	138	76	14	87	82	40	39	76	45	6	130	112	32	18	128	58	62	93	115	75	87	42	129	95	45
0	0	0	0	0	0	0	0	0	0	0	0	0	0	0	45	58	26	18	127	91	123	95	93	108	132	127	74	74	51	35	52	120	132	113	80	85	109	77	33	71	104	100	118	21	66	25	19	15	19	133	50	14	105	118	112	49	110	65	82	90	27	46	50	125	31	100	100	20	31	90	60	101	124	30	57	69	129	60	127	62	39	39	15	93	50	55	35	16	107	55	129	55	118	34	56	131	25	66	92	21	94	61	66	24	115	106	32	95	123	26	98	28	57	105	127	120	73	19	123	56	124	105	17	75	15	52	82
0	0	0	0	0	0	0	0	0	0	0	0	0	0	0	0	67	64	108	127	102	40	57	85	70	34	35	110	125	52	20	112	77	35	40	90	59	51	49	38	53	36	94	5	41	61	73	125	19	17	104	136	98	45	13	90	109	74	111	49	44	41	103	107	57	29	54	74	74	127	17	117	19	21	33	49	71	35	26	16	119	8	87	66	34	85	59	92	127	58	59	83	4	104	133	65	120	19	106	132	63	25	29	28	130	32	16	55	124	112	120	79	39	11	133	25	65	95	125	127	57	76	45	37	55	81	137	122
0	0	0	0	0	0	0	0	0	0	0	0	0	0	0	0	0	47	75	52	15	14	102	114	107	99	84	79	104	128	56	102	126	64	133	41	59	72	118	113	22	131	86	52	89	64	91	139	82	72	44	83	29	33	30	102	48	75	126	97	65	49	6	85	133	3	7	126	135	100	25	45	114	69	9	130	64	95	23	63	17	72	91	46	82	116	92	33	98	121	19	140	79	114	31	140	101	57	70	97	109	42	39	143	115	86	65	106	116	128	64	100	66	69	24	100	74	81	71	91	112	88	118	15	30	111	57	89
0	0	0	0	0	0	0	0	0	0	0	0	0	0	0	0	0	0	102	93	11	81	22	35	69	29	53	103	125	121	140	123	46	97	18	84	41	33	114	123	91	22	49	54	45	101	41	38	54	40	88	16	81	61	129	112	127	88	16	99	82	54	10	108	41	79	116	51	12	21	139	94	52	41	81	45	78	56	70	99	94	60	71	111	37	25	64	48	96	133	5	86	29	39	108	36	44	13	105	112	9	72	88	59	115	85	26	106	80	55	90	25	31	73	13	114	104	44	97	65	53	83	87	102	76	68	34	121
0	0	0	0	0	0	0	0	0	0	0	0	0	0	0	0	0	0	0	104	24	39	80	55	85	61	61	106	69	18	132	122	27	28	19	121	17	40	36	33	117	107	64	120	104	19	60	19	22	7	64	126	42	59	93	12	88	50	114	134	115	52	54	24	98	69	53	8	125	59	127	120	69	20	84	73	64	140	131	86	105	102	137	60	100	70	107	24	96	90	72	111	59	39	85	48	39	73	73	36	86	18	99	76	41	92	16	32	127	35	19	76	32	34	17	70	16	101	122	64	65	119	9	121	58	39	39	98
0	0	0	0	0	0	0	0	0	0	0	0	0	0	0	0	0	0	0	0	117	32	51	25	119	60	45	71	50	109	60	68	120	55	122	15	7	78	41	128	36	31	12	125	63	12	127	67	47	130	24	97	6	46	84	64	44	126	77	139	21	123	122	146	101	21	83	122	93	28	55	44	102	69	54	54	66	104	129	66	15	95	37	18	49	35	104	131	80	91	122	82	65	81	113	15	66	117	78	104	85	128	126	15	43	28	87	72	87	140	66	69	135	142	88	110	109	57	29	113	23	105	144	136	96	37	29	97
0	0	0	0	0	0	0	0	0	0	0	0	0	0	0	0	0	0	0	0	0	30	22	74	96	32	149	128	81	71	82	115	141	40	134	75	49	132	114	22	31	63	30	103	94	140	110	98	118	101	122	113	45	19	104	72	43	46	133	90	31	125	89	64	104	45	35	124	73	104	85	19	30	104	46	25	38	113	24	53	113	58	16	23	70	102	40	113	77	64	103	143	56	30	109	21	68	129	101	112	48	83	117	33	86	76	46	48	48	131	39	29	67	125	22	71	60	39	58	76	79	42	118	107	124	114	71	81
0	0	0	0	0	0	0	0	0	0	0	0	0	0	0	0	0	0	0	0	0	0	71	37	92	68	77	76	28	137	69	14	113	125	139	60	41	131	25	56	14	55	148	47	39	91	117	75	138	117	101	23	13	54	108	68	28	61	40	116	32	77	45	33	9	32	52	69	54	115	66	14	65	105	120	69	80	42	92	91	20	8	105	76	24	27	52	2	39	112	37	48	19	116	49	129	143	29	37	4	74	86	73	83	128	27	101	31	82	79	127	81	96	103	101	116	134	46	130	109	110	132	128	111	60	14	116	75
0	0	0	0	0	0	0	0	0	0	0	0	0	0	0	0	0	0	0	0	0	0	0	8	31	27	125	60	26	104	139	36	141	46	90	93	113	74	30	38	60	44	59	52	120	39	137	128	108	9	67	92	62	100	120	60	66	84	107	98	56	25	45	49	16	65	76	61	102	147	89	26	25	102	76	53	115	95	15	127	111	61	10	91	106	19	75	89	117	66	123	55	38	21	66	59	15	64	112	41	67	136	80	21	18	133	18	26	130	102	43	67	54	104	10	96	78	113	13	90	129	100	40	24	64	39	51	42
0	0	0	0	0	0	0	0	0	0	0	0	0	0	0	0	0	0	0	0	0	0	0	0	113	56	29	133	96	131	77	38	93	41	45	75	17	131	44	112	90	93	93	76	19	17	128	90	55	143	112	65	86	38	81	101	48	16	25	46	39	122	52	38	139	139	123	21	71	122	21	19	66	94	28	40	100	49	25	137	52	30	61	79	85	128	109	96	57	126	126	103	41	74	84	144	81	60	87	15	42	86	73	98	84	92	119	50	23	18	86	82	44	120	55	127	76	150	77	141	32	134	41	109	112	126	136	139
0	0	0	0	0	0	0	0	0	0	0	0	0	0	0	0	0	0	0	0	0	0	0	0	0	10	54	101	60	87	81	33	135	36	85	137	59	14	79	84	133	109	145	74	89	121	37	131	69	102	72	44	19	52	83	29	54	126	43	117	77	35	123	51	104	65	89	133	119	83	21	28	62	84	91	63	90	27	96	55	96	135	30	82	127	105	109	78	128	28	26	51	79	48	143	41	27	50	118	71	15	104	75	128	117	30	142	107	58	63	56	114	66	109	83	40	115	60	78	57	36	30	135	53	62	91	63	102
0	0	0	0	0	0	0	0	0	0	0	0	0	0	0	0	0	0	0	0	0	0	0	0	0	0	77	111	85	100	78	63	109	53	106	129	9	13	38	12	14	48	16	85	110	81	48	100	59	67	128	92	60	99	77	37	59	25	142	137	132	149	70	62	96	68	145	34	56	23	66	77	91	101	47	24	24	76	125	95	35	101	84	75	117	40	103	133	63	56	61	71	4	63	102	112	143	5	67	118	53	52	31	107	27	137	24	54	114	103	123	58	134	54	68	47	55	122	73	37	33	126	80	98	50	49	21	90
0	0	0	0	0	0	0	0	0	0	0	0	0	0	0	0	0	0	0	0	0	0	0	0	0	0	0	129	120	44	27	10	57	31	129	100	35	96	107	31	134	78	74	89	56	95	26	37	52	99	117	140	71	78	135	109	116	111	66	47	127	130	95	69	84	73	114	119	42	58	48	32	120	122	135	36	117	37	122	26	70	10	92	7	26	75	76	34	44	79	95	133	36	76	84	48	138	150	69	35	82	126	31	121	54	104	73	42	37	43	67	25	132	25	144	92	66	76	47	33	132	120	120	138	37	110	56	41
0	0	0	0	0	0	0	0	0	0	0	0	0	0	0	0	0	0	0	0	0	0	0	0	0	0	0	0	74	47	121	23	64	94	74	41	41	38	75	121	37	59	112	107	72	88	90	76	67	96	146	61	126	65	35	65	70	72	59	136	62	58	31	46	38	42	65	94	99	69	72	73	38	60	92	108	30	26	66	108	80	39	65	107	53	92	28	11	125	69	57	42	100	64	67	44	53	94	61	124	45	111	85	71	123	106	49	57	52	105	125	47	15	112	121	112	79	61	60	96	53	111	101	27	64	35	140	119
0	0	0	0	0	0	0	0	0	0	0	0	0	0	0	0	0	0	0	0	0	0	0	0	0	0	0	0	0	36	57	39	101	96	119	131	54	113	16	130	54	67	91	104	126	55	131	48	91	80	104	41	148	126	67	62	93	129	23	43	124	10	35	134	52	139	72	106	6	54	54	35	58	30	69	79	61	36	80	133	28	95	37	93	23	9	132	87	128	28	72	73	48	84	62	44	88	68	48	130	74	33	135	111	19	57	68	21	60	47	8	52	123	15	129	130	36	123	94	61	91	64	74	89	62	51	33	34
0	0	0	0	0	0	0	0	0	0	0	0	0	0	0	0	0	0	0	0	0	0	0	0	0	0	0	0	0	0	125	74	18	139	81	59	137	50	31	74	99	110	76	62	86	136	56	110	78	73	51	73	30	85	69	46	34	73	89	25	12	43	110	93	93	117	58	64	29	110	89	112	137	65	25	50	48	124	119	52	123	134	37	16	113	80	75	60	113	138	110	57	144	42	27	111	78	91	35	84	85	55	110	142	110	89	70	122	128	105	71	40	49	36	39	137	38	143	101	27	39	27	104	52	124	121	89	117
0	0	0	0	0	0	0	0	0	0	0	0	0	0	0	0	0	0	0	0	0	0	0	0	0	0	0	0	0	0	0	51	76	65	122	107	43	127	9	147	148	36	58	119	55	48	119	84	108	80	120	39	20	74	137	61	117	63	50	58	101	70	64	88	54	32	98	128	48	77	59	51	101	92	154	77	24	31	112	100	115	142	10	27	127	52	150	43	32	43	70	84	89	110	60	66	99	33	25	105	79	40	10	110	69	109	5	136	99	76	121	37	151	79	52	124	125	28	55	103	46	24	116	86	18	87	86	123
0	0	0	0	0	0	0	0	0	0	0	0	0	0	0	0	0	0	0	0	0	0	0	0	0	0	0	0	0	0	0	0	141	31	78	106	47	92	104	92	133	140	83	15	66	59	72	83	105	63	107	120	52	115	24	37	67	86	37	58	110	122	53	102	51	68	92	65	47	98	85	91	99	37	30	120	31	25	33	54	147	53	95	78	88	51	112	123	37	23	140	63	94	31	66	105	43	103	98	46	13	25	107	34	60	46	62	60	109	32	98	77	50	58	87	82	24	64	64	150	103	130	67	89	113	110	23	90
0	0	0	0	0	0	0	0	0	0	0	0	0	0	0	0	0	0	0	0	0	0	0	0	0	0	0	0	0	0	0	0	0	134	52	34	42	79	59	94	64	90	31	146	126	113	118	148	139	68	147	72	77	33	53	121	97	60	130	119	99	65	9	85	102	127	20	29	148	24	119	92	72	129	116	18	35	93	14	91	77	124	10	125	103	75	142	91	82	111	71	41	77	71	147	26	54	68	77	69	53	136	18	114	84	93	86	147	151	31	113	37	35	96	95	42	95	63	55	49	45	85	88	114	66	78	53	81
0	0	0	0	0	0	0	0	0	0	0	0	0	0	0	0	0	0	0	0	0	0	0	0	0	0	0	0	0	0	0	0	0	0	137	105	99	84	46	143	20	134	27	99	94	98	99	22	132	26	52	62	26	41	17	84	55	79	107	78	57	134	67	112	108	36	76	40	69	87	98	131	39	92	137	117	116	95	130	91	133	107	40	70	124	122	98	77	46	62	23	117	85	90	95	155	108	43	134	64	94	2	52	101	149	31	135	54	86	112	97	38	41	89	100	34	28	58	112	15	15	124	77	131	8	79	99	113
0	0	0	0	0	0	0	0	0	0	0	0	0	0	0	0	0	0	0	0	0	0	0	0	0	0	0	0	0	0	0	0	0	0	0	39	120	108	73	34	108	125	36	38	153	93	80	61	49	97	145	86	32	113	78	75	80	45	35	102	32	66	32	82	21	70	128	32	77	120	85	124	78	131	137	39	56	31	68	51	110	116	105	120	145	16	78	105	134	12	95	56	59	33	87	62	7	113	80	62	137	44	96	77	62	89	76	155	114	75	41	59	75	117	128	79	114	57	154	104	127	58	101	54	104	30	106	142
0	0	0	0	0	0	0	0	0	0	0	0	0	0	0	0	0	0	0	0	0	0	0	0	0	0	0	0	0	0	0	0	0	0	0	0	13	117	123	29	91	54	39	52	117	45	100	100	133	93	55	134	126	25	146	38	49	52	43	151	11	124	96	96	124	116	24	90	70	127	112	125	100	45	78	34	122	25	147	44	65	34	112	135	11	141	112	42	78	103	36	85	13	125	23	141	31	124	27	88	101	36	90	99	120	128	77	102	51	81	45	90	104	36	30	36	99	102	9	67	125	9	114	28	93	41	110	69
0	0	0	0	0	0	0	0	0	0	0	0	0	0	0	0	0	0	0	0	0	0	0	0	0	0	0	0	0	0	0	0	0	0	0	0	0	145	126	59	74	82	93	113	63	55	36	53	118	34	70	145	107	98	127	126	69	36	136	137	122	109	85	114	126	109	47	30	81	129	115	38	85	47	143	132	39	98	114	123	72	75	40	46	53	7	69	42	144	101	125	110	94	40	45	93	101	49	95	90	17	81	80	43	125	124	150	99	30	76	23	121	113	118	80	128	74	92	37	116	154	123	76	48	66	118	11	84
0	0	0	0	0	0	0	0	0	0	0	0	0	0	0	0	0	0	0	0	0	0	0	0	0	0	0	0	0	0	0	0	0	0	0	0	0	0	133	144	89	114	63	61	18	75	63	62	95	56	41	96	59	135	81	52	113	91	120	32	126	109	110	63	59	65	100	129	97	44	40	97	113	99	121	120	34	140	98	114	37	63	74	18	45	88	35	79	74	92	95	108	85	58	98	24	78	41	133	159	75	104	111	111	39	87	68	108	137	117	130	64	14	41	74	131	51	127	33	60	84	155	98	65	28	43	75	69
0	0	0	0	0	0	0	0	0	0	0	0	0	0	0	0	0	0	0	0	0	0	0	0	0	0	0	0	0	0	0	0	0	0	0	0	0	0	0	28	89	108	111	138	75	122	66	73	29	77	41	118	62	62	94	95	48	145	46	102	98	57	85	85	151	113	127	31	30	74	90	85	111	71	63	144	85	85	160	137	139	108	136	97	13	135	130	124	4	101	5	37	63	48	59	105	72	62	103	88	36	70	37	40	53	36	143	71	131	16	47	39	100	90	114	12	144	158	66	43	105	155	34	127	146	77	86	64
0	0	0	0	0	0	0	0	0	0	0	0	0	0	0	0	0	0	0	0	0	0	0	0	0	0	0	0	0	0	0	0	0	0	0	0	0	0	0	0	128	110	34	77	110	64	15	130	95	23	75	147	70	105	133	57	62	101	130	49	22	69	54	90	103	136	105	120	135	123	24	30	117	17	9	43	135	156	43	140	34	53	63	57	80	90	119	125	13	120	67	114	101	128	69	118	47	18	75	35	124	46	96	139	91	71	68	66	35	36	113	96	96	122	90	89	20	150	76	79	161	59	34	122	68	61	154	119
0	0	0	0	0	0	0	0	0	0	0	0	0	0	0	0	0	0	0	0	0	0	0	0	0	0	0	0	0	0	0	0	0	0	0	0	0	0	0	0	0	75	65	89	54	89	86	62	94	61	69	43	159	77	62	42	57	101	90	71	83	50	128	136	143	38	141	24	73	62	99	107	72	90	115	108	59	30	143	24	93	135	109	94	57	59	44	23	149	31	93	140	154	130	61	45	112	11	47	85	85	17	13	64	140	100	79	20	103	32	156	53	28	63	128	57	143	68	148	50	3	72	79	77	87	63	157	98
0	0	0	0	0	0	0	0	0	0	0	0	0	0	0	0	0	0	0	0	0	0	0	0	0	0	0	0	0	0	0	0	0	0	0	0	0	0	0	0	0	0	109	23	96	12	140	58	83	74	143	77	107	95	120	70	110	76	20	27	119	34	143	143	94	101	68	50	85	79	135	72	49	126	66	137	102	106	55	82	66	17	163	92	88	94	78	108	49	134	131	50	58	98	124	146	62	136	105	79	122	96	160	76	19	76	98	63	67	56	45	110	72	129	59	39	37	89	21	124	102	28	90	20	36	118	92	116
0	0	0	0	0	0	0	0	0	0	0	0	0	0	0	0	0	0	0	0	0	0	0	0	0	0	0	0	0	0	0	0	0	0	0	0	0	0	0	0	0	0	0	30	104	144	55	110	23	118	132	39	59	146	153	80	59	99	23	29	44	44	42	154	42	148	134	58	118	74	110	87	54	126	79	49	59	49	83	86	62	39	144	20	91	9	111	69	26	128	128	106	149	139	107	153	130	47	35	58	106	64	132	105	30	138	138	84	129	107	41	45	31	24	96	74	78	37	104	26	71	73	48	55	27	78	52	98
0	0	0	0	0	0	0	0	0	0	0	0	0	0	0	0	0	0	0	0	0	0	0	0	0	0	0	0	0	0	0	0	0	0	0	0	0	0	0	0	0	0	0	0	167	138	54	71	75	128	126	91	63	88	21	109	150	127	63	59	28	50	122	94	109	58	87	64	56	110	125	31	127	113	16	149	54	95	93	48	83	48	82	57	89	105	43	168	63	100	83	65	124	36	37	113	93	39	71	121	132	109	125	57	97	88	48	135	127	141	124	76	119	62	83	150	91	129	120	85	44	130	36	125	144	118	109	48
0	0	0	0	0	0	0	0	0	0	0	0	0	0	0	0	0	0	0	0	0	0	0	0	0	0	0	0	0	0	0	0	0	0	0	0	0	0	0	0	0	0	0	0	0	137	38	31	155	55	135	80	25	85	18	64	115	96	57	162	114	108	155	98	57	141	117	103	119	76	139	134	105	93	136	82	124	32	109	89	112	102	72	61	61	134	161	96	41	69	68	79	49	132	19	130	89	70	12	28	146	102	103	47	79	25	82	75	77	64	138	61	162	55	46	21	152	107	42	12	127	55	40	107	170	92	62	147
0	0	0	0	0	0	0	0	0	0	0	0	0	0	0	0	0	0	0	0	0	0	0	0	0	0	0	0	0	0	0	0	0	0	0	0	0	0	0	0	0	0	0	0	0	0	96	125	49	116	16	57	76	81	75	82	18	44	56	35	68	24	72	60	54	52	127	29	64	107	97	131	50	154	27	86	59	143	118	76	34	134	98	166	110	112	84	100	133	39	42	128	160	119	67	142	34	84	92	81	56	162	56	45	123	30	82	87	152	79	121	60	153	35	77	127	120	73	140	129	47	135	45	143	112	85	138	18
0	0	0	0	0	0	0	0	0	0	0	0	0	0	0	0	0	0	0	0	0	0	0	0	0	0	0	0	0	0	0	0	0	0	0	0	0	0	0	0	0	0	0	0	0	0	0	43	117	49	17	64	11	15	24	148	30	128	54	58	151	117	45	72	37	80	109	103	109	147	150	40	123	95	83	96	63	89	160	56	25	27	93	99	119	72	131	95	113	104	136	88	115	89	127	109	85	81	81	150	20	22	149	118	44	114	69	143	78	22	136	81	153	103	57	112	162	75	21	23	86	100	60	37	65	94	48	80
0	0	0	0	0	0	0	0	0	0	0	0	0	0	0	0	0	0	0	0	0	0	0	0	0	0	0	0	0	0	0	0	0	0	0	0	0	0	0	0	0	0	0	0	0	0	0	0	53	70	137	64	123	103	17	57	88	73	95	127	162	136	128	35	41	138	172	128	96	119	104	30	121	60	65	52	77	41	68	94	79	142	91	122	87	93	76	133	144	128	101	130	132	108	77	59	72	47	27	114	12	74	99	47	81	93	82	54	73	88	47	124	105	46	122	71	49	21	63	86	37	130	96	121	76	118	132	36
0	0	0	0	0	0	0	0	0	0	0	0	0	0	0	0	0	0	0	0	0	0	0	0	0	0	0	0	0	0	0	0	0	0	0	0	0	0	0	0	0	0	0	0	0	0	0	0	0	69	40	104	87	92	140	137	16	145	61	152	161	23	60	102	62	109	82	30	106	68	36	148	94	109	88	79	130	7	70	50	107	115	144	97	110	149	98	64	71	61	139	124	146	95	86	30	122	117	51	127	117	24	119	122	138	98	126	47	99	20	154	27	2	75	81	51	172	82	76	55	26	40	138	74	44	101	102	131
0	0	0	0	0	0	0	0	0	0	0	0	0	0	0	0	0	0	0	0	0	0	0	0	0	0	0	0	0	0	0	0	0	0	0	0	0	0	0	0	0	0	0	0	0	0	0	0	0	0	78	135	118	89	123	14	154	61	110	150	99	91	53	137	139	37	114	159	75	27	81	95	74	88	168	40	89	143	43	139	44	70	112	148	32	37	46	137	79	43	96	93	103	90	125	22	81	135	95	89	77	154	85	48	112	81	78	150	69	12	61	140	71	131	93	173	133	84	138	43	94	127	46	69	146	84	97	54
0	0	0	0	0	0	0	0	0	0	0	0	0	0	0	0	0	0	0	0	0	0	0	0	0	0	0	0	0	0	0	0	0	0	0	0	0	0	0	0	0	0	0	0	0	0	0	0	0	0	0	145	173	126	35	29	35	40	107	45	107	96	5	74	60	28	21	66	45	148	75	110	51	132	92	22	104	135	56	109	50	141	91	127	143	44	55	161	71	116	119	117	102	108	141	33	137	67	71	53	35	44	49	93	144	74	46	84	77	40	158	85	134	97	100	71	63	83	78	91	28	63	71	57	146	11	157	56
0	0	0	0	0	0	0	0	0	0	0	0	0	0	0	0	0	0	0	0	0	0	0	0	0	0	0	0	0	0	0	0	0	0	0	0	0	0	0	0	0	0	0	0	0	0	0	0	0	0	0	0	45	72	150	95	35	49	26	124	51	76	66	116	21	81	129	166	144	116	80	123	120	99	159	55	20	124	135	138	146	137	25	142	84	65	119	106	81	84	30	35	112	58	76	73	122	36	54	168	42	68	115	31	149	96	69	115	83	93	75	97	133	114	123	55	92	122	52	11	27	140	116	31	12	109	107	47
0	0	0	0	0	0	0	0	0	0	0	0	0	0	0	0	0	0	0	0	0	0	0	0	0	0	0	0	0	0	0	0	0	0	0	0	0	0	0	0	0	0	0	0	0	0	0	0	0	0	0	0	0	134	64	107	86	97	76	35	84	83	81	87	93	52	34	53	12	158	122	78	26	104	49	144	173	131	82	123	162	70	51	100	90	54	106	118	94	58	136	125	75	121	59	130	42	160	81	77	88	127	145	26	100	115	27	28	81	20	34	32	24	49	131	58	37	148	173	85	158	92	65	168	136	83	97	76
0	0	0	0	0	0	0	0	0	0	0	0	0	0	0	0	0	0	0	0	0	0	0	0	0	0	0	0	0	0	0	0	0	0	0	0	0	0	0	0	0	0	0	0	0	0	0	0	0	0	0	0	0	0	164	104	59	83	142	39	126	155	164	101	128	50	92	30	113	79	70	96	116	133	164	146	136	117	61	100	66	126	118	77	66	126	159	60	114	85	55	129	113	93	104	157	28	135	41	57	166	100	89	110	121	143	171	90	79	105	137	30	88	160	45	118	172	90	20	94	133	30	104	140	146	105	41	86
0	0	0	0	0	0	0	0	0	0	0	0	0	0	0	0	0	0	0	0	0	0	0	0	0	0	0	0	0	0	0	0	0	0	0	0	0	0	0	0	0	0	0	0	0	0	0	0	0	0	0	0	0	0	0	82	85	44	133	69	47	97	55	26	84	111	32	76	159	30	15	172	56	54	107	125	85	95	105	28	149	140	84	132	58	22	117	150	55	100	59	36	105	12	77	98	54	119	85	70	117	49	43	66	78	147	95	35	38	157	124	144	48	131	152	125	139	174	89	131	100	142	85	32	148	63	141	53
0	0	0	0	0	0	0	0	0	0	0	0	0	0	0	0	0	0	0	0	0	0	0	0	0	0	0	0	0	0	0	0	0	0	0	0	0	0	0	0	0	0	0	0	0	0	0	0	0	0	0	0	0	0	0	0	129	117	134	72	103	42	161	109	29	123	88	97	107	97	45	120	101	136	121	106	82	131	128	48	156	100	97	84	70	97	139	139	36	155	107	172	176	123	57	55	99	112	88	149	97	94	113	93	66	111	103	95	68	76	133	43	11	24	17	58	95	105	138	92	117	90	57	77	150	75	110	58
0	0	0	0	0	0	0	0	0	0	0	0	0	0	0	0	0	0	0	0	0	0	0	0	0	0	0	0	0	0	0	0	0	0	0	0	0	0	0	0	0	0	0	0	0	0	0	0	0	0	0	0	0	0	0	0	0	95	160	93	134	53	48	40	90	118	178	103	133	111	37	73	37	124	51	55	120	47	116	108	121	72	165	146	78	52	93	120	140	135	68	56	35	116	61	124	62	64	79	46	152	94	55	80	108	28	92	127	27	104	123	116	159	49	118	72	85	125	58	22	105	95	34	86	135	32	95	98
0	0	0	0	0	0	0	0	0	0	0	0	0	0	0	0	0	0	0	0	0	0	0	0	0	0	0	0	0	0	0	0	0	0	0	0	0	0	0	0	0	0	0	0	0	0	0	0	0	0	0	0	0	0	0	0	0	0	114	23	83	124	90	141	131	154	95	97	82	107	121	76	90	90	35	120	23	129	134	120	34	46	119	135	130	108	169	74	162	36	106	145	158	105	127	152	30	125	56	22	50	116	71	45	95	42	55	166	101	107	53	49	44	90	17	137	49	101	51	145	137	101	136	97	23	82	86	75
0	0	0	0	0	0	0	0	0	0	0	0	0	0	0	0	0	0	0	0	0	0	0	0	0	0	0	0	0	0	0	0	0	0	0	0	0	0	0	0	0	0	0	0	0	0	0	0	0	0	0	0	0	0	0	0	0	0	0	78	83	132	151	124	53	61	67	123	107	143	116	115	163	33	108	118	127	125	105	124	72	91	47	146	39	161	135	92	48	39	114	42	86	116	76	71	68	45	149	81	141	61	122	152	96	42	13	116	37	137	122	61	153	127	146	49	127	142	81	69	83	130	46	56	77	36	84	82
0	0	0	0	0	0	0	0	0	0	0	0	0	0	0	0	0	0	0	0	0	0	0	0	0	0	0	0	0	0	0	0	0	0	0	0	0	0	0	0	0	0	0	0	0	0	0	0	0	0	0	0	0	0	0	0	0	0	0	0	95	121	108	65	30	115	114	153	104	137	113	121	60	116	56	147	43	119	116	101	66	75	98	121	85	160	114	144	153	48	59	136	163	163	140	42	114	95	169	144	164	66	53	89	122	69	75	61	108	42	72	126	156	122	101	52	108	84	51	136	91	98	14	138	39	4	90	155
0	0	0	0	0	0	0	0	0	0	0	0	0	0	0	0	0	0	0	0	0	0	0	0	0	0	0	0	0	0	0	0	0	0	0	0	0	0	0	0	0	0	0	0	0	0	0	0	0	0	0	0	0	0	0	0	0	0	0	0	0	74	105	126	67	87	120	173	54	152	42	106	92	92	113	107	119	68	120	111	130	14	155	104	126	102	60	80	109	95	37	84	161	86	106	139	102	106	89	120	121	131	115	129	136	143	86	77	178	104	79	135	107	50	97	109	127	95	78	103	167	137	47	159	95	123	115	40
0	0	0	0	0	0	0	0	0	0	0	0	0	0	0	0	0	0	0	0	0	0	0	0	0	0	0	0	0	0	0	0	0	0	0	0	0	0	0	0	0	0	0	0	0	0	0	0	0	0	0	0	0	0	0	0	0	0	0	0	0	0	121	12	140	137	83	57	55	59	39	121	25	128	57	147	24	123	61	163	109	119	49	140	110	115	55	138	173	66	67	23	177	19	163	153	67	71	69	112	73	75	84	122	123	32	168	52	60	74	42	117	138	126	53	50	33	66	86	78	67	91	113	128	37	78	49	114
0	0	0	0	0	0	0	0	0	0	0	0	0	0	0	0	0	0	0	0	0	0	0	0	0	0	0	0	0	0	0	0	0	0	0	0	0	0	0	0	0	0	0	0	0	0	0	0	0	0	0	0	0	0	0	0	0	0	0	0	0	0	0	90	33	138	113	111	56	123	169	97	59	58	45	89	113	147	72	41	113	60	40	112	139	182	149	119	134	55	60	104	143	113	17	35	54	15	133	99	34	50	145	84	31	53	111	94	37	80	62	21	96	97	84	87	124	66	66	42	99	56	41	109	99	98	97	111
0	0	0	0	0	0	0	0	0	0	0	0	0	0	0	0	0	0	0	0	0	0	0	0	0	0	0	0	0	0	0	0	0	0	0	0	0	0	0	0	0	0	0	0	0	0	0	0	0	0	0	0	0	0	0	0	0	0	0	0	0	0	0	0	133	136	36	117	125	118	163	117	50	148	58	77	28	122	64	155	46	94	132	169	55	63	132	97	50	84	122	71	38	47	89	75	75	35	83	42	115	47	67	161	50	54	131	154	56	168	107	126	138	107	48	86	95	82	41	141	129	181	68	162	123	81	156	89
0	0	0	0	0	0	0	0	0	0	0	0	0	0	0	0	0	0	0	0	0	0	0	0	0	0	0	0	0	0	0	0	0	0	0	0	0	0	0	0	0	0	0	0	0	0	0	0	0	0	0	0	0	0	0	0	0	0	0	0	0	0	0	0	0	140	52	50	120	138	159	86	132	42	44	133	97	132	69	153	143	66	120	84	117	82	94	106	126	68	43	18	65	92	106	92	136	81	81	128	66	68	135	133	63	45	56	27	71	158	130	97	74	67	120	32	74	38	114	112	139	46	155	105	155	171	43	147
0	0	0	0	0	0	0	0	0	0	0	0	0	0	0	0	0	0	0	0	0	0	0	0	0	0	0	0	0	0	0	0	0	0	0	0	0	0	0	0	0	0	0	0	0	0	0	0	0	0	0	0	0	0	0	0	0	0	0	0	0	0	0	0	0	0	82	176	172	109	55	127	147	117	45	27	84	103	70	137	25	139	125	125	110	85	66	140	113	91	54	84	96	148	81	163	139	160	108	52	49	112	46	145	100	139	30	99	55	69	27	51	69	80	85	73	24	78	51	131	129	123	100	132	45	88	96	137
0	0	0	0	0	0	0	0	0	0	0	0	0	0	0	0	0	0	0	0	0	0	0	0	0	0	0	0	0	0	0	0	0	0	0	0	0	0	0	0	0	0	0	0	0	0	0	0	0	0	0	0	0	0	0	0	0	0	0	0	0	0	0	0	0	0	0	116	68	91	127	20	124	147	166	74	46	72	101	100	100	24	71	75	73	120	138	66	115	86	82	149	122	81	59	105	156	109	146	117	171	167	112	103	148	98	42	108	71	124	58	50	109	134	142	122	77	60	90	4	94	125	153	155	45	107	130	116
0	0	0	0	0	0	0	0	0	0	0	0	0	0	0	0	0	0	0	0	0	0	0	0	0	0	0	0	0	0	0	0	0	0	0	0	0	0	0	0	0	0	0	0	0	0	0	0	0	0	0	0	0	0	0	0	0	0	0	0	0	0	0	0	0	0	0	0	24	100	145	108	88	69	76	131	85	162	56	104	132	140	133	77	67	106	69	144	86	173	88	37	195	61	141	22	115	143	140	36	156	100	145	91	86	14	97	67	118	85	117	193	84	73	148	121	82	77	47	138	4	83	106	66	161	86	92	71
0	0	0	0	0	0	0	0	0	0	0	0	0	0	0	0	0	0	0	0	0	0	0	0	0	0	0	0	0	0	0	0	0	0	0	0	0	0	0	0	0	0	0	0	0	0	0	0	0	0	0	0	0	0	0	0	0	0	0	0	0	0	0	0	0	0	0	0	0	144	109	144	169	154	123	13	26	62	96	128	133	119	111	4	86	118	138	143	160	143	25	46	53	159	103	87	137	100	127	80	134	36	182	59	142	184	138	50	158	68	156	149	72	78	58	169	91	119	81	69	182	63	146	32	104	63	68	110
0	0	0	0	0	0	0	0	0	0	0	0	0	0	0	0	0	0	0	0	0	0	0	0	0	0	0	0	0	0	0	0	0	0	0	0	0	0	0	0	0	0	0	0	0	0	0	0	0	0	0	0	0	0	0	0	0	0	0	0	0	0	0	0	0	0	0	0	0	0	52	95	145	97	181	26	90	123	90	57	68	43	74	155	64	40	88	188	147	15	153	109	73	48	102	50	187	108	66	81	128	123	108	94	75	149	156	155	130	56	165	120	58	118	62	156	110	62	119	62	163	74	74	34	56	114	85	41
0	0	0	0	0	0	0	0	0	0	0	0	0	0	0	0	0	0	0	0	0	0	0	0	0	0	0	0	0	0	0	0	0	0	0	0	0	0	0	0	0	0	0	0	0	0	0	0	0	0	0	0	0	0	0	0	0	0	0	0	0	0	0	0	0	0	0	0	0	0	0	60	95	47	187	153	40	59	130	59	121	70	14	149	198	66	159	57	109	67	121	94	83	120	118	95	44	133	92	42	122	97	110	58	88	140	31	94	76	50	82	118	163	116	61	121	108	45	119	126	182	102	99	141	73	73	154	137
0	0	0	0	0	0	0	0	0	0	0	0	0	0	0	0	0	0	0	0	0	0	0	0	0	0	0	0	0	0	0	0	0	0	0	0	0	0	0	0	0	0	0	0	0	0	0	0	0	0	0	0	0	0	0	0	0	0	0	0	0	0	0	0	0	0	0	0	0	0	0	0	118	142	137	76	108	93	108	136	146	109	55	44	190	148	150	156	64	182	40	107	127	107	80	106	113	10	118	128	147	164	124	167	70	49	68	113	97	78	133	87	95	78	46	124	41	61	75	136	94	150	193	61	83	147	90	62
0	0	0	0	0	0	0	0	0	0	0	0	0	0	0	0	0	0	0	0	0	0	0	0	0	0	0	0	0	0	0	0	0	0	0	0	0	0	0	0	0	0	0	0	0	0	0	0	0	0	0	0	0	0	0	0	0	0	0	0	0	0	0	0	0	0	0	0	0	0	0	0	0	93	120	149	49	152	57	158	181	150	99	39	96	85	175	120	152	145	73	35	87	79	155	77	137	111	148	144	67	128	94	62	14	125	86	60	117	89	55	23	63	120	78	193	74	80	72	141	125	127	25	95	114	52	40	89
0	0	0	0	0	0	0	0	0	0	0	0	0	0	0	0	0	0	0	0	0	0	0	0	0	0	0	0	0	0	0	0	0	0	0	0	0	0	0	0	0	0	0	0	0	0	0	0	0	0	0	0	0	0	0	0	0	0	0	0	0	0	0	0	0	0	0	0	0	0	0	0	0	0	75	74	151	132	83	144	114	178	110	125	177	173	119	57	79	159	110	127	19	109	108	88	129	66	33	79	133	146	115	161	102	95	193	166	98	55	170	74	114	12	93	137	80	113	150	6	50	159	94	120	200	90	74	123
0	0	0	0	0	0	0	0	0	0	0	0	0	0	0	0	0	0	0	0	0	0	0	0	0	0	0	0	0	0	0	0	0	0	0	0	0	0	0	0	0	0	0	0	0	0	0	0	0	0	0	0	0	0	0	0	0	0	0	0	0	0	0	0	0	0	0	0	0	0	0	0	0	0	0	156	82	180	40	50	140	134	106	129	166	123	59	85	79	169	135	91	172	92	86	153	160	152	115	60	45	122	128	97	81	42	119	113	55	81	52	132	97	54	68	118	87	72	57	142	142	163	114	24	176	169	163	116
0	0	0	0	0	0	0	0	0	0	0	0	0	0	0	0	0	0	0	0	0	0	0	0	0	0	0	0	0	0	0	0	0	0	0	0	0	0	0	0	0	0	0	0	0	0	0	0	0	0	0	0	0	0	0	0	0	0	0	0	0	0	0	0	0	0	0	0	0	0	0	0	0	0	0	0	178	43	144	102	80	64	90	72	159	112	96	75	123	81	179	139	76	143	53	55	65	72	162	156	94	122	112	172	114	62	187	85	47	39	66	97	17	204	112	153	69	90	61	136	126	79	135	31	67	83	124	146
0	0	0	0	0	0	0	0	0	0	0	0	0	0	0	0	0	0	0	0	0	0	0	0	0	0	0	0	0	0	0	0	0	0	0	0	0	0	0	0	0	0	0	0	0	0	0	0	0	0	0	0	0	0	0	0	0	0	0	0	0	0	0	0	0	0	0	0	0	0	0	0	0	0	0	0	0	140	118	141	69	148	93	131	110	39	99	165	114	185	158	47	115	166	45	162	119	75	158	67	130	105	109	80	43	80	102	76	73	107	59	132	197	36	122	112	96	92	108	164	49	51	63	95	125	134	132	138
0	0	0	0	0	0	0	0	0	0	0	0	0	0	0	0	0	0	0	0	0	0	0	0	0	0	0	0	0	0	0	0	0	0	0	0	0	0	0	0	0	0	0	0	0	0	0	0	0	0	0	0	0	0	0	0	0	0	0	0	0	0	0	0	0	0	0	0	0	0	0	0	0	0	0	0	0	0	58	109	126	151	51	90	56	102	167	30	120	141	94	20	94	73	67	131	165	109	141	129	164	122	81	124	63	169	118	96	22	136	80	158	112	136	131	69	149	163	28	139	144	173	99	142	41	101	132	132
0	0	0	0	0	0	0	0	0	0	0	0	0	0	0	0	0	0	0	0	0	0	0	0	0	0	0	0	0	0	0	0	0	0	0	0	0	0	0	0	0	0	0	0	0	0	0	0	0	0	0	0	0	0	0	0	0	0	0	0	0	0	0	0	0	0	0	0	0	0	0	0	0	0	0	0	0	0	0	145	54	48	74	89	169	83	114	90	84	136	60	166	175	138	152	37	50	41	174	69	103	125	41	104	154	142	137	84	181	184	159	135	25	88	88	161	190	104	79	13	173	67	158	185	48	188	85	85
0	0	0	0	0	0	0	0	0	0	0	0	0	0	0	0	0	0	0	0	0	0	0	0	0	0	0	0	0	0	0	0	0	0	0	0	0	0	0	0	0	0	0	0	0	0	0	0	0	0	0	0	0	0	0	0	0	0	0	0	0	0	0	0	0	0	0	0	0	0	0	0	0	0	0	0	0	0	0	0	86	116	122	21	58	89	106	156	182	125	134	135	100	181	47	126	51	82	42	162	80	132	125	81	85	105	82	21	148	93	44	92	114	61	131	69	178	117	108	71	135	123	61	175	65	88	23	107
0	0	0	0	0	0	0	0	0	0	0	0	0	0	0	0	0	0	0	0	0	0	0	0	0	0	0	0	0	0	0	0	0	0	0	0	0	0	0	0	0	0	0	0	0	0	0	0	0	0	0	0	0	0	0	0	0	0	0	0	0	0	0	0	0	0	0	0	0	0	0	0	0	0	0	0	0	0	0	0	0	123	111	35	83	130	142	141	46	142	196	133	37	98	96	73	106	110	174	164	53	96	38	116	170	148	129	63	47	88	70	100	156	61	135	64	184	115	92	163	175	64	87	52	86	91	121	77
0	0	0	0	0	0	0	0	0	0	0	0	0	0	0	0	0	0	0	0	0	0	0	0	0	0	0	0	0	0	0	0	0	0	0	0	0	0	0	0	0	0	0	0	0	0	0	0	0	0	0	0	0	0	0	0	0	0	0	0	0	0	0	0	0	0	0	0	0	0	0	0	0	0	0	0	0	0	0	0	0	0	78	72	126	139	166	138	14	79	57	179	181	155	120	107	174	117	114	49	155	92	179	54	64	70	139	64	117	118	197	145	64	177	127	123	130	139	28	41	72	10	113	150	51	34	149	94
0	0	0	0	0	0	0	0	0	0	0	0	0	0	0	0	0	0	0	0	0	0	0	0	0	0	0	0	0	0	0	0	0	0	0	0	0	0	0	0	0	0	0	0	0	0	0	0	0	0	0	0	0	0	0	0	0	0	0	0	0	0	0	0	0	0	0	0	0	0	0	0	0	0	0	0	0	0	0	0	0	0	0	21	109	111	164	208	122	93	30	100	99	93	63	131	185	93	96	122	107	71	166	68	71	154	174	33	119	178	52	26	100	85	150	121	158	90	77	149	22	58	99	105	114	107	69	46
0	0	0	0	0	0	0	0	0	0	0	0	0	0	0	0	0	0	0	0	0	0	0	0	0	0	0	0	0	0	0	0	0	0	0	0	0	0	0	0	0	0	0	0	0	0	0	0	0	0	0	0	0	0	0	0	0	0	0	0	0	0	0	0	0	0	0	0	0	0	0	0	0	0	0	0	0	0	0	0	0	0	0	0	85	28	92	112	104	143	120	98	22	80	114	76	119	96	131	82	88	120	102	104	105	73	135	134	27	43	36	180	149	99	141	96	138	124	143	67	138	147	93	132	95	76	131	78
0	0	0	0	0	0	0	0	0	0	0	0	0	0	0	0	0	0	0	0	0	0	0	0	0	0	0	0	0	0	0	0	0	0	0	0	0	0	0	0	0	0	0	0	0	0	0	0	0	0	0	0	0	0	0	0	0	0	0	0	0	0	0	0	0	0	0	0	0	0	0	0	0	0	0	0	0	0	0	0	0	0	0	0	0	127	64	107	122	16	144	92	72	86	183	71	133	137	149	103	73	111	183	11	127	137	119	167	40	204	73	177	186	91	114	46	172	191	43	109	146	74	92	91	4	75	121	74
0	0	0	0	0	0	0	0	0	0	0	0	0	0	0	0	0	0	0	0	0	0	0	0	0	0	0	0	0	0	0	0	0	0	0	0	0	0	0	0	0	0	0	0	0	0	0	0	0	0	0	0	0	0	0	0	0	0	0	0	0	0	0	0	0	0	0	0	0	0	0	0	0	0	0	0	0	0	0	0	0	0	0	0	0	0	75	154	175	137	47	133	92	48	99	166	99	41	113	27	72	139	132	77	87	26	66	170	128	48	102	155	87	164	63	125	95	101	147	26	17	137	65	107	150	119	93	35
0	0	0	0	0	0	0	0	0	0	0	0	0	0	0	0	0	0	0	0	0	0	0	0	0	0	0	0	0	0	0	0	0	0	0	0	0	0	0	0	0	0	0	0	0	0	0	0	0	0	0	0	0	0	0	0	0	0	0	0	0	0	0	0	0	0	0	0	0	0	0	0	0	0	0	0	0	0	0	0	0	0	0	0	0	0	0	112	18	19	120	36	55	51	71	59	103	160	106	148	143	168	47	55	87	33	143	12	138	90	18	74	117	136	123	111	41	45	120	79	101	82	93	74	87	69	106	78
0	0	0	0	0	0	0	0	0	0	0	0	0	0	0	0	0	0	0	0	0	0	0	0	0	0	0	0	0	0	0	0	0	0	0	0	0	0	0	0	0	0	0	0	0	0	0	0	0	0	0	0	0	0	0	0	0	0	0	0	0	0	0	0	0	0	0	0	0	0	0	0	0	0	0	0	0	0	0	0	0	0	0	0	0	0	0	0	214	141	106	191	72	60	62	71	68	72	114	48	96	147	101	85	111	67	67	117	92	91	170	195	113	144	83	93	173	78	76	33	189	126	111	79	108	129	121	97
0	0	0	0	0	0	0	0	0	0	0	0	0	0	0	0	0	0	0	0	0	0	0	0	0	0	0	0	0	0	0	0	0	0	0	0	0	0	0	0	0	0	0	0	0	0	0	0	0	0	0	0	0	0	0	0	0	0	0	0	0	0	0	0	0	0	0	0	0	0	0	0	0	0	0	0	0	0	0	0	0	0	0	0	0	0	0	0	0	174	98	99	161	172	149	129	58	192	101	96	39	116	76	63	130	112	189	173	94	91	80	70	150	148	116	94	146	108	117	115	130	87	122	105	4	33	98	88
0	0	0	0	0	0	0	0	0	0	0	0	0	0	0	0	0	0	0	0	0	0	0	0	0	0	0	0	0	0	0	0	0	0	0	0	0	0	0	0	0	0	0	0	0	0	0	0	0	0	0	0	0	0	0	0	0	0	0	0	0	0	0	0	0	0	0	0	0	0	0	0	0	0	0	0	0	0	0	0	0	0	0	0	0	0	0	0	0	0	122	165	163	129	47	92	141	210	106	130	125	60	135	103	131	108	186	131	100	189	88	131	212	104	143	143	86	102	125	71	150	97	27	89	179	174	64	138
0	0	0	0	0	0	0	0	0	0	0	0	0	0	0	0	0	0	0	0	0	0	0	0	0	0	0	0	0	0	0	0	0	0	0	0	0	0	0	0	0	0	0	0	0	0	0	0	0	0	0	0	0	0	0	0	0	0	0	0	0	0	0	0	0	0	0	0	0	0	0	0	0	0	0	0	0	0	0	0	0	0	0	0	0	0	0	0	0	0	0	59	47	97	96	107	140	139	126	85	138	102	161	23	101	114	89	54	152	180	150	110	37	110	143	136	164	90	134	148	102	138	101	107	164	128	60	158
0	0	0	0	0	0	0	0	0	0	0	0	0	0	0	0	0	0	0	0	0	0	0	0	0	0	0	0	0	0	0	0	0	0	0	0	0	0	0	0	0	0	0	0	0	0	0	0	0	0	0	0	0	0	0	0	0	0	0	0	0	0	0	0	0	0	0	0	0	0	0	0	0	0	0	0	0	0	0	0	0	0	0	0	0	0	0	0	0	0	0	0	121	173	113	53	57	156	45	148	90	142	124	144	147	152	134	127	159	193	150	135	110	129	101	48	90	57	147	91	138	70	77	60	61	74	126	62
0	0	0	0	0	0	0	0	0	0	0	0	0	0	0	0	0	0	0	0	0	0	0	0	0	0	0	0	0	0	0	0	0	0	0	0	0	0	0	0	0	0	0	0	0	0	0	0	0	0	0	0	0	0	0	0	0	0	0	0	0	0	0	0	0	0	0	0	0	0	0	0	0	0	0	0	0	0	0	0	0	0	0	0	0	0	0	0	0	0	0	0	0	43	58	71	120	84	52	100	123	66	83	103	203	72	27	178	116	148	129	97	175	67	52	144	98	11	129	24	161	86	117	70	145	140	75	107
0	0	0	0	0	0	0	0	0	0	0	0	0	0	0	0	0	0	0	0	0	0	0	0	0	0	0	0	0	0	0	0	0	0	0	0	0	0	0	0	0	0	0	0	0	0	0	0	0	0	0	0	0	0	0	0	0	0	0	0	0	0	0	0	0	0	0	0	0	0	0	0	0	0	0	0	0	0	0	0	0	0	0	0	0	0	0	0	0	0	0	0	0	0	101	61	121	113	149	152	174	117	125	86	75	97	215	147	138	188	123	52	150	85	206	119	109	152	80	92	119	51	14	108	72	59	28	94
0	0	0	0	0	0	0	0	0	0	0	0	0	0	0	0	0	0	0	0	0	0	0	0	0	0	0	0	0	0	0	0	0	0	0	0	0	0	0	0	0	0	0	0	0	0	0	0	0	0	0	0	0	0	0	0	0	0	0	0	0	0	0	0	0	0	0	0	0	0	0	0	0	0	0	0	0	0	0	0	0	0	0	0	0	0	0	0	0	0	0	0	0	0	0	125	71	84	185	148	84	28	90	177	170	20	65	35	26	73	104	143	108	61	158	165	84	157	79	123	155	125	112	16	129	122	72	100
0	0	0	0	0	0	0	0	0	0	0	0	0	0	0	0	0	0	0	0	0	0	0	0	0	0	0	0	0	0	0	0	0	0	0	0	0	0	0	0	0	0	0	0	0	0	0	0	0	0	0	0	0	0	0	0	0	0	0	0	0	0	0	0	0	0	0	0	0	0	0	0	0	0	0	0	0	0	0	0	0	0	0	0	0	0	0	0	0	0	0	0	0	0	0	0	69	37	143	69	197	151	193	68	89	75	115	148	151	178	178	97	104	68	145	172	57	146	131	114	71	112	118	105	65	42	132	177
0	0	0	0	0	0	0	0	0	0	0	0	0	0	0	0	0	0	0	0	0	0	0	0	0	0	0	0	0	0	0	0	0	0	0	0	0	0	0	0	0	0	0	0	0	0	0	0	0	0	0	0	0	0	0	0	0	0	0	0	0	0	0	0	0	0	0	0	0	0	0	0	0	0	0	0	0	0	0	0	0	0	0	0	0	0	0	0	0	0	0	0	0	0	0	0	0	58	169	142	61	95	92	124	170	210	119	188	169	132	114	69	163	156	152	136	55	123	162	153	177	115	110	71	196	105	50	78
0	0	0	0	0	0	0	0	0	0	0	0	0	0	0	0	0	0	0	0	0	0	0	0	0	0	0	0	0	0	0	0	0	0	0	0	0	0	0	0	0	0	0	0	0	0	0	0	0	0	0	0	0	0	0	0	0	0	0	0	0	0	0	0	0	0	0	0	0	0	0	0	0	0	0	0	0	0	0	0	0	0	0	0	0	0	0	0	0	0	0	0	0	0	0	0	0	0	107	133	123	181	85	179	119	104	200	38	58	128	174	174	93	189	105	114	118	133	124	123	146	36	144	106	138	165	113	105
0	0	0	0	0	0	0	0	0	0	0	0	0	0	0	0	0	0	0	0	0	0	0	0	0	0	0	0	0	0	0	0	0	0	0	0	0	0	0	0	0	0	0	0	0	0	0	0	0	0	0	0	0	0	0	0	0	0	0	0	0	0	0	0	0	0	0	0	0	0	0	0	0	0	0	0	0	0	0	0	0	0	0	0	0	0	0	0	0	0	0	0	0	0	0	0	0	0	0	52	155	48	83	84	27	193	19	167	95	145	164	148	80	61	120	30	98	63	169	38	144	116	105	98	80	109	20	35
0	0	0	0	0	0	0	0	0	0	0	0	0	0	0	0	0	0	0	0	0	0	0	0	0	0	0	0	0	0	0	0	0	0	0	0	0	0	0	0	0	0	0	0	0	0	0	0	0	0	0	0	0	0	0	0	0	0	0	0	0	0	0	0	0	0	0	0	0	0	0	0	0	0	0	0	0	0	0	0	0	0	0	0	0	0	0	0	0	0	0	0	0	0	0	0	0	0	0	0	165	191	87	139	165	104	128	186	138	86	51	112	198	41	130	140	77	94	75	111	75	102	168	147	36	22	50	125
0	0	0	0	0	0	0	0	0	0	0	0	0	0	0	0	0	0	0	0	0	0	0	0	0	0	0	0	0	0	0	0	0	0	0	0	0	0	0	0	0	0	0	0	0	0	0	0	0	0	0	0	0	0	0	0	0	0	0	0	0	0	0	0	0	0	0	0	0	0	0	0	0	0	0	0	0	0	0	0	0	0	0	0	0	0	0	0	0	0	0	0	0	0	0	0	0	0	0	0	0	127	209	95	61	76	119	106	42	147	102	66	124	137	90	116	163	82	99	101	101	142	50	61	155	68	132	150
0	0	0	0	0	0	0	0	0	0	0	0	0	0	0	0	0	0	0	0	0	0	0	0	0	0	0	0	0	0	0	0	0	0	0	0	0	0	0	0	0	0	0	0	0	0	0	0	0	0	0	0	0	0	0	0	0	0	0	0	0	0	0	0	0	0	0	0	0	0	0	0	0	0	0	0	0	0	0	0	0	0	0	0	0	0	0	0	0	0	0	0	0	0	0	0	0	0	0	0	0	0	167	140	114	145	105	186	79	74	129	59	75	119	84	125	129	192	94	97	110	204	116	117	154	35	102	136
0	0	0	0	0	0	0	0	0	0	0	0	0	0	0	0	0	0	0	0	0	0	0	0	0	0	0	0	0	0	0	0	0	0	0	0	0	0	0	0	0	0	0	0	0	0	0	0	0	0	0	0	0	0	0	0	0	0	0	0	0	0	0	0	0	0	0	0	0	0	0	0	0	0	0	0	0	0	0	0	0	0	0	0	0	0	0	0	0	0	0	0	0	0	0	0	0	0	0	0	0	0	0	174	131	114	33	165	190	106	186	20	78	114	56	91	102	99	175	125	96	132	138	147	45	89	170	94
0	0	0	0	0	0	0	0	0	0	0	0	0	0	0	0	0	0	0	0	0	0	0	0	0	0	0	0	0	0	0	0	0	0	0	0	0	0	0	0	0	0	0	0	0	0	0	0	0	0	0	0	0	0	0	0	0	0	0	0	0	0	0	0	0	0	0	0	0	0	0	0	0	0	0	0	0	0	0	0	0	0	0	0	0	0	0	0	0	0	0	0	0	0	0	0	0	0	0	0	0	0	0	0	186	106	191	198	62	94	197	189	94	122	136	42	104	66	159	208	142	59	34	152	94	98	115	187
0	0	0	0	0	0	0	0	0	0	0	0	0	0	0	0	0	0	0	0	0	0	0	0	0	0	0	0	0	0	0	0	0	0	0	0	0	0	0	0	0	0	0	0	0	0	0	0	0	0	0	0	0	0	0	0	0	0	0	0	0	0	0	0	0	0	0	0	0	0	0	0	0	0	0	0	0	0	0	0	0	0	0	0	0	0	0	0	0	0	0	0	0	0	0	0	0	0	0	0	0	0	0	0	0	101	149	125	61	213	151	57	106	22	118	70	130	116	70	83	116	149	44	140	75	110	184	158
0	0	0	0	0	0	0	0	0	0	0	0	0	0	0	0	0	0	0	0	0	0	0	0	0	0	0	0	0	0	0	0	0	0	0	0	0	0	0	0	0	0	0	0	0	0	0	0	0	0	0	0	0	0	0	0	0	0	0	0	0	0	0	0	0	0	0	0	0	0	0	0	0	0	0	0	0	0	0	0	0	0	0	0	0	0	0	0	0	0	0	0	0	0	0	0	0	0	0	0	0	0	0	0	0	0	67	105	93	170	94	176	95	25	149	113	95	99	187	137	131	84	121	94	130	119	165	74
0	0	0	0	0	0	0	0	0	0	0	0	0	0	0	0	0	0	0	0	0	0	0	0	0	0	0	0	0	0	0	0	0	0	0	0	0	0	0	0	0	0	0	0	0	0	0	0	0	0	0	0	0	0	0	0	0	0	0	0	0	0	0	0	0	0	0	0	0	0	0	0	0	0	0	0	0	0	0	0	0	0	0	0	0	0	0	0	0	0	0	0	0	0	0	0	0	0	0	0	0	0	0	0	0	0	0	68	217	159	70	163	135	120	8	73	145	131	101	205	181	142	48	179	79	15	119	146
0	0	0	0	0	0	0	0	0	0	0	0	0	0	0	0	0	0	0	0	0	0	0	0	0	0	0	0	0	0	0	0	0	0	0	0	0	0	0	0	0	0	0	0	0	0	0	0	0	0	0	0	0	0	0	0	0	0	0	0	0	0	0	0	0	0	0	0	0	0	0	0	0	0	0	0	0	0	0	0	0	0	0	0	0	0	0	0	0	0	0	0	0	0	0	0	0	0	0	0	0	0	0	0	0	0	0	0	104	165	165	131	110	25	179	102	98	168	141	83	104	170	20	83	62	148	175	129
0	0	0	0	0	0	0	0	0	0	0	0	0	0	0	0	0	0	0	0	0	0	0	0	0	0	0	0	0	0	0	0	0	0	0	0	0	0	0	0	0	0	0	0	0	0	0	0	0	0	0	0	0	0	0	0	0	0	0	0	0	0	0	0	0	0	0	0	0	0	0	0	0	0	0	0	0	0	0	0	0	0	0	0	0	0	0	0	0	0	0	0	0	0	0	0	0	0	0	0	0	0	0	0	0	0	0	0	0	105	95	157	84	134	206	118	84	55	89	111	139	138	142	194	106	95	42	59
0	0	0	0	0	0	0	0	0	0	0	0	0	0	0	0	0	0	0	0	0	0	0	0	0	0	0	0	0	0	0	0	0	0	0	0	0	0	0	0	0	0	0	0	0	0	0	0	0	0	0	0	0	0	0	0	0	0	0	0	0	0	0	0	0	0	0	0	0	0	0	0	0	0	0	0	0	0	0	0	0	0	0	0	0	0	0	0	0	0	0	0	0	0	0	0	0	0	0	0	0	0	0	0	0	0	0	0	0	0	181	139	212	189	152	29	114	85	95	140	76	86	132	175	120	127	70	161
0	0	0	0	0	0	0	0	0	0	0	0	0	0	0	0	0	0	0	0	0	0	0	0	0	0	0	0	0	0	0	0	0	0	0	0	0	0	0	0	0	0	0	0	0	0	0	0	0	0	0	0	0	0	0	0	0	0	0	0	0	0	0	0	0	0	0	0	0	0	0	0	0	0	0	0	0	0	0	0	0	0	0	0	0	0	0	0	0	0	0	0	0	0	0	0	0	0	0	0	0	0	0	0	0	0	0	0	0	0	0	134	218	113	170	84	199	88	145	44	125	46	97	113	101	111	69	101
0	0	0	0	0	0	0	0	0	0	0	0	0	0	0	0	0	0	0	0	0	0	0	0	0	0	0	0	0	0	0	0	0	0	0	0	0	0	0	0	0	0	0	0	0	0	0	0	0	0	0	0	0	0	0	0	0	0	0	0	0	0	0	0	0	0	0	0	0	0	0	0	0	0	0	0	0	0	0	0	0	0	0	0	0	0	0	0	0	0	0	0	0	0	0	0	0	0	0	0	0	0	0	0	0	0	0	0	0	0	0	0	58	116	77	141	204	87	79	111	73	152	91	125	84	18	136	76
0	0	0	0	0	0	0	0	0	0	0	0	0	0	0	0	0	0	0	0	0	0	0	0	0	0	0	0	0	0	0	0	0	0	0	0	0	0	0	0	0	0	0	0	0	0	0	0	0	0	0	0	0	0	0	0	0	0	0	0	0	0	0	0	0	0	0	0	0	0	0	0	0	0	0	0	0	0	0	0	0	0	0	0	0	0	0	0	0	0	0	0	0	0	0	0	0	0	0	0	0	0	0	0	0	0	0	0	0	0	0	0	0	184	171	80	54	62	97	96	218	51	103	159	101	137	184	55
0	0	0	0	0	0	0	0	0	0	0	0	0	0	0	0	0	0	0	0	0	0	0	0	0	0	0	0	0	0	0	0	0	0	0	0	0	0	0	0	0	0	0	0	0	0	0	0	0	0	0	0	0	0	0	0	0	0	0	0	0	0	0	0	0	0	0	0	0	0	0	0	0	0	0	0	0	0	0	0	0	0	0	0	0	0	0	0	0	0	0	0	0	0	0	0	0	0	0	0	0	0	0	0	0	0	0	0	0	0	0	0	0	0	61	121	102	40	186	90	129	144	47	145	40	89	127	103
0	0	0	0	0	0	0	0	0	0	0	0	0	0	0	0	0	0	0	0	0	0	0	0	0	0	0	0	0	0	0	0	0	0	0	0	0	0	0	0	0	0	0	0	0	0	0	0	0	0	0	0	0	0	0	0	0	0	0	0	0	0	0	0	0	0	0	0	0	0	0	0	0	0	0	0	0	0	0	0	0	0	0	0	0	0	0	0	0	0	0	0	0	0	0	0	0	0	0	0	0	0	0	0	0	0	0	0	0	0	0	0	0	0	0	105	175	117	111	94	177	72	155	101	144	17	149	108
0	0	0	0	0	0	0	0	0	0	0	0	0	0	0	0	0	0	0	0	0	0	0	0	0	0	0	0	0	0	0	0	0	0	0	0	0	0	0	0	0	0	0	0	0	0	0	0	0	0	0	0	0	0	0	0	0	0	0	0	0	0	0	0	0	0	0	0	0	0	0	0	0	0	0	0	0	0	0	0	0	0	0	0	0	0	0	0	0	0	0	0	0	0	0	0	0	0	0	0	0	0	0	0	0	0	0	0	0	0	0	0	0	0	0	0	120	121	59	99	87	184	147	104	114	154	108	115
0	0	0	0	0	0	0	0	0	0	0	0	0	0	0	0	0	0	0	0	0	0	0	0	0	0	0	0	0	0	0	0	0	0	0	0	0	0	0	0	0	0	0	0	0	0	0	0	0	0	0	0	0	0	0	0	0	0	0	0	0	0	0	0	0	0	0	0	0	0	0	0	0	0	0	0	0	0	0	0	0	0	0	0	0	0	0	0	0	0	0	0	0	0	0	0	0	0	0	0	0	0	0	0	0	0	0	0	0	0	0	0	0	0	0	0	0	73	211	91	70	92	134	47	172	156	144	124
0	0	0	0	0	0	0	0	0	0	0	0	0	0	0	0	0	0	0	0	0	0	0	0	0	0	0	0	0	0	0	0	0	0	0	0	0	0	0	0	0	0	0	0	0	0	0	0	0	0	0	0	0	0	0	0	0	0	0	0	0	0	0	0	0	0	0	0	0	0	0	0	0	0	0	0	0	0	0	0	0	0	0	0	0	0	0	0	0	0	0	0	0	0	0	0	0	0	0	0	0	0	0	0	0	0	0	0	0	0	0	0	0	0	0	0	0	0	55	160	145	144	192	84	121	130	57	78
0	0	0	0	0	0	0	0	0	0	0	0	0	0	0	0	0	0	0	0	0	0	0	0	0	0	0	0	0	0	0	0	0	0	0	0	0	0	0	0	0	0	0	0	0	0	0	0	0	0	0	0	0	0	0	0	0	0	0	0	0	0	0	0	0	0	0	0	0	0	0	0	0	0	0	0	0	0	0	0	0	0	0	0	0	0	0	0	0	0	0	0	0	0	0	0	0	0	0	0	0	0	0	0	0	0	0	0	0	0	0	0	0	0	0	0	0	0	0	204	212	35	120	30	213	108	156	132
0	0	0	0	0	0	0	0	0	0	0	0	0	0	0	0	0	0	0	0	0	0	0	0	0	0	0	0	0	0	0	0	0	0	0	0	0	0	0	0	0	0	0	0	0	0	0	0	0	0	0	0	0	0	0	0	0	0	0	0	0	0	0	0	0	0	0	0	0	0	0	0	0	0	0	0	0	0	0	0	0	0	0	0	0	0	0	0	0	0	0	0	0	0	0	0	0	0	0	0	0	0	0	0	0	0	0	0	0	0	0	0	0	0	0	0	0	0	0	0	121	206	147	101	81	154	49	128
0	0	0	0	0	0	0	0	0	0	0	0	0	0	0	0	0	0	0	0	0	0	0	0	0	0	0	0	0	0	0	0	0	0	0	0	0	0	0	0	0	0	0	0	0	0	0	0	0	0	0	0	0	0	0	0	0	0	0	0	0	0	0	0	0	0	0	0	0	0	0	0	0	0	0	0	0	0	0	0	0	0	0	0	0	0	0	0	0	0	0	0	0	0	0	0	0	0	0	0	0	0	0	0	0	0	0	0	0	0	0	0	0	0	0	0	0	0	0	0	0	52	133	130	89	110	129	229
0	0	0	0	0	0	0	0	0	0	0	0	0	0	0	0	0	0	0	0	0	0	0	0	0	0	0	0	0	0	0	0	0	0	0	0	0	0	0	0	0	0	0	0	0	0	0	0	0	0	0	0	0	0	0	0	0	0	0	0	0	0	0	0	0	0	0	0	0	0	0	0	0	0	0	0	0	0	0	0	0	0	0	0	0	0	0	0	0	0	0	0	0	0	0	0	0	0	0	0	0	0	0	0	0	0	0	0	0	0	0	0	0	0	0	0	0	0	0	0	0	0	111	147	127	31	143	166
0	0	0	0	0	0	0	0	0	0	0	0	0	0	0	0	0	0	0	0	0	0	0	0	0	0	0	0	0	0	0	0	0	0	0	0	0	0	0	0	0	0	0	0	0	0	0	0	0	0	0	0	0	0	0	0	0	0	0	0	0	0	0	0	0	0	0	0	0	0	0	0	0	0	0	0	0	0	0	0	0	0	0	0	0	0	0	0	0	0	0	0	0	0	0	0	0	0	0	0	0	0	0	0	0	0	0	0	0	0	0	0	0	0	0	0	0	0	0	0	0	0	0	186	180	63	114	113
0	0	0	0	0	0	0	0	0	0	0	0	0	0	0	0	0	0	0	0	0	0	0	0	0	0	0	0	0	0	0	0	0	0	0	0	0	0	0	0	0	0	0	0	0	0	0	0	0	0	0	0	0	0	0	0	0	0	0	0	0	0	0	0	0	0	0	0	0	0	0	0	0	0	0	0	0	0	0	0	0	0	0	0	0	0	0	0	0	0	0	0	0	0	0	0	0	0	0	0	0	0	0	0	0	0	0	0	0	0	0	0	0	0	0	0	0	0	0	0	0	0	0	0	124	206	41	183
0	0	0	0	0	0	0	0	0	0	0	0	0	0	0	0	0	0	0	0	0	0	0	0	0	0	0	0	0	0	0	0	0	0	0	0	0	0	0	0	0	0	0	0	0	0	0	0	0	0	0	0	0	0	0	0	0	0	0	0	0	0	0	0	0	0	0	0	0	0	0	0	0	0	0	0	0	0	0	0	0	0	0	0	0	0	0	0	0	0	0	0	0	0	0	0	0	0	0	0	0	0	0	0	0	0	0	0	0	0	0	0	0	0	0	0	0	0	0	0	0	0	0	0	0	143	87	165
0	0	0	0	0	0	0	0	0	0	0	0	0	0	0	0	0	0	0	0	0	0	0	0	0	0	0	0	0	0	0	0	0	0	0	0	0	0	0	0	0	0	0	0	0	0	0	0	0	0	0	0	0	0	0	0	0	0	0	0	0	0	0	0	0	0	0	0	0	0	0	0	0	0	0	0	0	0	0	0	0	0	0	0	0	0	0	0	0	0	0	0	0	0	0	0	0	0	0	0	0	0	0	0	0	0	0	0	0	0	0	0	0	0	0	0	0	0	0	0	0	0	0	0	0	0	122	172
0	0	0	0	0	0	0	0	0	0	0	0	0	0	0	0	0	0	0	0	0	0	0	0	0	0	0	0	0	0	0	0	0	0	0	0	0	0	0	0	0	0	0	0	0	0	0	0	0	0	0	0	0	0	0	0	0	0	0	0	0	0	0	0	0	0	0	0	0	0	0	0	0	0	0	0	0	0	0	0	0	0	0	0	0	0	0	0	0	0	0	0	0	0	0	0	0	0	0	0	0	0	0	0	0	0	0	0	0	0	0	0	0	0	0	0	0	0	0	0	0	0	0	0	0	0	0	149
0	0	0	0	0	0	0	0	0	0	0	0	0	0	0	0	0	0	0	0	0	0	0	0	0	0	0	0	0	0	0	0	0	0	0	0	0	0	0	0	0	0	0	0	0	0	0	0	0	0	0	0	0	0	0	0	0	0	0	0	0	0	0	0	0	0	0	0	0	0	0	0	0	0	0	0	0	0	0	0	0	0	0	0	0	0	0	0	0	0	0	0	0	0	0	0	0	0	0	0	0	0	0	0	0	0	0	0	0	0	0	0	0	0	0	0	0	0	0	0	0	0	0	0	0	0	0	0