0	101	47	30	47	8	55	39	117	84	51	53	35	48	29	118	57	24	14	82	110	110	20	87	9	81	8	95	44	61	101	14	59	58	98	117	102	12	14	94	50	63	26	12	103	10	92	22	76	125	35	5	72	95	100	32	30	106	45	122	97	60	57	128	86	124	79	127	24	35	124	74	105	34	68	82	50	24	25	126	49	94	15	82	97	2	88	105	38	24	129	128	114	85	75	68	42	124	87	47	8	16	122	85	98	7	114	97	128	75	39	45	41	53	68	74	74	34	7	27	47	122	6	50	120	36	53	92
0	0	48	70	107	24	95	68	51	122	48	24	34	89	53	38	17	22	43	116	41	77	37	27	43	113	82	33	43	49	35	19	119	35	115	31	20	14	115	68	73	126	65	106	100	36	35	108	86	43	126	107	91	3	25	13	12	12	79	128	35	100	25	119	21	111	75	25	78	76	115	8	70	98	97	127	54	72	72	43	78	13	85	65	105	100	77	94	14	121	93	122	42	36	11	5	22	48	6	77	43	119	69	83	26	12	34	13	93	5	47	24	33	109	40	8	110	66	27	52	103	64	17	120	8	72	87	128
0	0	0	117	110	35	40	93	88	14	30	61	55	49	63	42	108	20	86	26	89	126	126	109	92	11	95	72	119	114	34	54	121	15	33	70	106	69	65	17	32	64	83	60	55	124	72	26	77	15	62	17	115	69	99	45	120	43	30	14	121	87	14	65	74	118	79	95	45	100	69	31	27	79	49	58	64	63	83	46	40	26	66	88	46	58	55	19	117	56	99	63	72	131	4	4	44	90	119	21	39	35	3	125	95	114	61	7	122	34	86	7	79	5	110	4	63	5	30	25	106	114	64	82	83	96	39	70
0	0	0	0	12	60	34	21	42	119	4	33	27	23	97	4	106	104	87	48	51	125	58	118	117	79	100	79	126	48	128	83	42	30	47	30	62	131	47	68	96	16	22	74	66	26	88	123	74	127	128	96	126	10	105	114	31	120	83	88	85	31	84	43	114	20	46	123	63	22	24	53	92	89	106	109	123	65	18	114	17	35	8	97	67	23	69	51	76	83	9	22	32	66	34	62	37	12	86	111	88	2	7	17	104	12	44	11	69	88	14	98	53	131	115	66	86	119	89	10	84	42	95	119	41	113	95	95
0	0	0	0	0	67	93	25	58	121	37	75	43	69	81	36	111	22	41	95	102	128	89	56	102	60	111	130	103	99	125	53	54	59	13	118	131	127	111	46	96	60	67	125	15	109	44	10	84	36	116	32	108	61	130	74	78	125	70	84	120	60	106	62	9	74	27	12	35	21	132	16	64	10	42	69	49	112	129	43	12	16	23	118	81	110	40	80	37	46	12	51	10	128	66	91	122	104	106	62	33	2	83	18	119	111	118	70	23	66	104	22	59	40	60	118	23	59	14	104	98	132	121	89	130	83	16	5
0	0	0	0	0	0	70	78	45	78	70	61	23	52	44	17	44	64	67	100	43	120	36	20	122	46	19	12	44	69	100	126	57	124	78	73	95	47	3	68	110	50	12	80	44	87	53	7	19	58	112	34	22	35	82	132	97	125	61	81	31	33	66	5	51	128	40	63	27	124	129	69	30	127	80	16	5	62	111	83	42	76	29	99	17	88	125	29	23	62	85	126	114	64	51	16	97	119	15	125	90	113	51	86	4	56	52	31	83	3	113	90	107	7	59	120	17	29	79	31	14	35	29	65	41	53	116	125
0	0	0	0	0	0	0	106	40	52	72	52	92	31	54	134	99	86	28	134	49	25	112	130	59	129	111	105	114	84	22	34	96	44	14	47	93	76	116	126	130	111	100	84	108	79	91	78	113	51	119	38	85	119	40	33	50	133	131	16	111	130	7	54	59	101	93	126	45	103	59	121	20	24	110	70	90	12	68	95	93	92	121	101	94	71	63	119	9	58	26	22	85	49	62	61	35	13	104	20	91	35	78	77	67	26	63	66	27	68	7	110	16	49	73	70	26	35	17	66	121	13	69	28	56	126	77	72
0	0	0	0	0	0	0	0	15	68	62	71	67	19	68	115	8	74	65	94	72	56	50	33	89	41	88	10	129	17	33	39	25	57	70	10	112	14	109	22	69	57	68	80	96	50	110	56	100	70	118	126	128	65	34	67	129	22	51	38	83	83	126	103	123	65	127	65	67	121	51	66	54	103	130	64	84	42	48	88	56	93	129	54	109	75	8	12	114	60	44	88	13	106	121	117	26	82	63	53	17	40	17	28	54	96	120	87	58	126	113	99	25	92	85	11	71	105	61	59	39	14	104	38	73	51	113	96
0	0	0	0	0	0	0	0	0	16	66	52	45	83	94	40	94	98	7	35	15	81	27	28	20	46	44	29	132	126	116	43	43	74	22	100	45	40	83	33	129	59	121	77	108	112	129	127	30	93	23	124	57	90	27	106	92	77	13	98	20	47	113	106	24	15	105	112	102	67	31	50	94	99	105	105	115	44	82	15	111	23	64	31	37	114	120	104	82	15	30	54	120	84	131	72	28	30	93	92	39	77	12	99	134	125	21	35	101	96	14	41	21	51	25	93	13	85	101	61	136	84	93	109	63	24	20	108
0	0	0	0	0	0	0	0	0	0	138	28	117	94	52	105	45	84	29	14	112	108	60	99	57	50	102	47	68	129	117	89	35	21	36	13	69	61	91	93	122	76	95	15	39	31	37	24	53	112	110	111	77	47	63	112	98	26	43	33	126	17	98	52	49	10	82	21	68	3	11	124	39	116	48	24	56	68	98	43	38	61	116	55	28	133	136	74	122	115	38	65	21	38	93	23	64	14	91	25	106	37	90	45	50	105	25	54	56	132	92	118	117	121	31	34	13	111	12	95	23	47	54	53	79	48	86	33
0	0	0	0	0	0	0	0	0	0	0	98	102	53	34	69	45	50	94	104	82	106	119	16	116	40	33	39	105	33	42	112	115	36	69	109	114	111	5	100	48	56	117	14	61	128	99	7	86	127	119	49	28	38	128	92	108	68	84	119	70	29	36	88	61	124	95	52	19	79	122	47	66	39	110	23	139	108	88	124	27	13	131	12	53	88	21	112	30	96	103	91	65	20	103	21	15	93	118	74	58	29	115	102	126	81	4	13	92	75	57	128	126	73	65	59	132	126	101	91	9	58	62	68	118	118	14	23
0	0	0	0	0	0	0	0	0	0	0	0	39	21	14	79	4	74	113	71	131	133	103	99	27	68	68	30	89	99	57	65	30	85	79	7	131	126	125	136	99	119	75	115	129	101	43	40	4	79	56	41	42	126	37	113	75	55	35	16	112	107	85	11	128	62	59	34	122	108	40	14	78	123	128	83	129	113	49	83	64	42	36	72	61	52	56	57	22	24	69	128	105	36	66	128	49	23	119	129	20	125	123	40	13	56	24	126	100	19	54	51	74	87	74	95	68	21	109	76	55	28	78	125	108	90	48	13
0	0	0	0	0	0	0	0	0	0	0	0	0	102	106	60	122	67	136	41	104	130	111	73	64	109	114	119	71	12	119	79	21	128	65	60	81	59	70	82	79	31	38	14	8	85	76	36	60	56	127	46	39	5	71	130	64	126	35	13	97	72	87	103	29	37	90	68	30	108	58	64	94	17	89	126	63	123	52	43	100	13	135	15	108	58	84	76	54	79	3	85	75	129	72	30	31	74	13	28	59	83	54	128	104	18	61	95	24	16	83	108	38	60	107	23	96	115	30	117	130	84	30	56	116	98	114	71
0	0	0	0	0	0	0	0	0	0	0	0	0	0	67	60	93	50	92	25	7	122	43	94	104	26	14	38	112	65	46	86	62	78	37	84	87	72	87	18	80	35	68	116	16	91	29	91	113	84	61	59	25	65	117	4	27	97	54	50	53	82	76	35	95	110	32	72	46	71	70	67	108	90	34	120	108	123	67	135	44	103	78	23	12	110	74	79	77	118	9	130	49	85	10	98	28	100	108	50	133	75	91	117	59	127	98	45	113	78	125	72	78	42	32	91	35	34	125	111	118	135	23	9	96	70	76	72
0	0	0	0	0	0	0	0	0	0	0	0	0	0	0	8	67	97	31	103	54	99	63	54	38	135	126	120	35	68	62	126	21	130	33	59	59	6	110	100	31	15	16	120	123	95	61	104	22	23	88	16	82	43	129	67	29	114	56	67	111	124	92	87	22	64	89	10	29	24	58	82	97	50	109	110	84	110	58	106	84	50	122	92	91	44	42	101	14	116	128	48	132	65	84	124	57	47	100	93	68	108	71	61	65	37	26	106	47	21	32	74	11	23	26	48	68	30	44	81	86	125	129	20	98	25	136	115
0	0	0	0	0	0	0	0	0	0	0	0	0	0	0	0	82	112	9	99	7	33	33	42	132	59	11	105	43	22	22	51	140	83	112	73	119	34	73	65	45	105	7	17	76	101	103	128	125	95	59	100	56	110	25	88	126	42	88	75	45	36	33	73	45	95	47	140	46	17	25	84	50	112	43	138	49	85	45	137	38	14	29	30	37	25	131	21	100	43	69	29	136	13	27	75	98	45	24	132	113	15	76	70	66	123	92	71	94	68	34	108	63	104	102	133	86	139	28	81	123	42	100	55	130	6	98	137
0	0	0	0	0	0	0	0	0	0	0	0	0	0	0	0	0	20	112	22	130	56	59	95	31	137	39	91	109	110	32	92	17	78	51	135	10	37	54	115	19	98	55	31	117	122	95	103	22	85	32	63	104	75	24	139	118	40	86	58	84	44	35	106	73	45	6	67	75	30	99	84	58	30	120	128	114	23	46	25	118	140	108	95	112	13	68	120	80	37	116	44	24	121	82	24	43	74	82	36	94	110	21	29	38	47	40	39	104	129	30	113	18	88	31	73	109	5	76	99	120	16	89	91	135	130	132	32
0	0	0	0	0	0	0	0	0	0	0	0	0	0	0	0	0	0	22	11	71	50	48	112	116	67	24	64	30	123	117	15	83	107	13	78	22	137	46	7	96	88	129	133	97	39	36	93	18	64	99	94	82	124	98	14	39	47	66	140	11	19	128	102	21	106	124	62	16	86	68	112	57	86	86	50	47	48	39	138	140	54	143	56	25	14	78	107	73	68	80	126	119	57	129	23	16	48	87	58	137	104	136	115	71	16	26	10	29	14	142	79	55	20	57	131	26	54	143	120	37	126	46	9	41	64	66	141
0	0	0	0	0	0	0	0	0	0	0	0	0	0	0	0	0	0	0	27	46	87	75	52	101	97	111	134	15	106	108	96	68	75	97	73	24	12	31	117	139	30	147	21	46	38	19	124	36	128	126	136	129	32	51	119	25	35	33	32	67	31	25	40	80	37	59	68	52	75	55	131	15	22	89	65	100	66	122	24	15	39	10	109	115	116	67	48	47	23	94	30	136	122	127	119	115	47	92	100	60	129	66	66	88	90	116	13	41	69	114	23	109	28	25	57	2	35	39	11	41	52	51	112	73	67	56	71
0	0	0	0	0	0	0	0	0	0	0	0	0	0	0	0	0	0	0	0	32	80	11	46	43	97	58	118	110	69	40	97	108	112	41	120	63	116	30	78	47	54	66	128	39	67	18	27	139	73	104	135	79	21	62	57	140	69	44	111	92	30	25	40	29	42	125	25	51	39	71	30	72	32	45	34	121	84	38	52	36	75	114	34	46	78	26	93	54	104	27	44	108	33	106	66	58	25	16	83	11	133	18	122	82	100	27	73	125	92	141	120	110	13	108	120	80	84	28	136	78	99	61	28	127	115	23	100
0	0	0	0	0	0	0	0	0	0	0	0	0	0	0	0	0	0	0	0	0	10	60	57	79	68	87	32	70	111	25	40	103	4	14	98	51	130	109	29	62	59	51	31	95	112	87	108	84	76	45	76	93	67	24	21	32	90	108	145	9	107	76	89	59	46	82	30	138	16	116	16	130	111	35	43	36	101	142	118	108	44	94	59	63	111	115	72	98	38	128	107	52	108	63	72	21	144	135	129	29	88	133	49	35	96	36	51	118	77	82	71	118	122	108	124	83	15	96	56	60	28	51	49	16	63	38	92
0	0	0	0	0	0	0	0	0	0	0	0	0	0	0	0	0	0	0	0	0	0	98	129	110	82	33	102	40	115	139	47	36	61	29	105	35	128	135	54	43	78	71	24	111	77	88	126	113	22	92	52	138	28	66	20	102	99	125	101	56	36	98	19	76	51	78	61	141	86	26	133	40	93	109	135	37	2	122	54	18	16	15	36	87	8	144	80	116	99	36	66	52	99	109	87	127	90	98	72	114	134	100	64	51	140	134	51	37	113	108	133	57	21	94	75	106	137	126	23	34	118	81	141	126	69	85	78
0	0	0	0	0	0	0	0	0	0	0	0	0	0	0	0	0	0	0	0	0	0	0	40	117	29	35	116	87	87	124	58	117	97	81	98	127	72	103	120	7	81	55	21	34	93	24	102	63	146	136	76	121	81	91	41	55	36	43	16	70	40	41	48	43	114	26	85	135	61	23	92	88	105	104	81	91	113	25	125	94	51	144	36	91	121	68	142	107	32	71	27	113	54	92	71	93	122	77	70	48	9	142	78	131	76	68	14	16	116	28	56	108	88	107	62	48	45	62	54	17	45	30	18	105	142	140	90
0	0	0	0	0	0	0	0	0	0	0	0	0	0	0	0	0	0	0	0	0	0	0	0	41	112	30	84	71	29	66	71	28	96	96	57	94	79	59	99	92	65	30	136	107	72	56	40	115	95	117	15	34	67	108	103	93	13	16	52	54	69	76	58	35	92	84	79	34	85	51	30	52	148	94	18	89	138	87	141	90	33	98	81	128	87	43	79	33	61	40	123	82	116	63	81	142	142	133	89	8	82	104	91	63	142	61	44	106	104	128	116	67	99	10	138	82	110	22	132	127	139	140	127	31	126	127	80
0	0	0	0	0	0	0	0	0	0	0	0	0	0	0	0	0	0	0	0	0	0	0	0	0	32	76	124	79	82	63	86	121	25	131	112	35	8	109	69	62	92	7	59	95	35	116	93	113	54	103	132	64	136	109	51	12	105	69	43	33	137	86	127	46	125	124	26	131	66	77	70	58	84	45	49	46	115	67	31	54	84	44	81	107	31	53	112	75	28	100	29	40	17	137	27	77	38	109	45	127	49	100	32	128	127	141	41	104	112	30	139	71	33	32	85	74	44	9	101	24	101	64	44	78	123	103	89
0	0	0	0	0	0	0	0	0	0	0	0	0	0	0	0	0	0	0	0	0	0	0	0	0	0	128	42	131	115	135	78	24	76	26	105	122	98	38	121	100	113	106	58	40	145	57	17	82	78	77	78	22	48	141	107	77	22	15	60	53	66	42	112	48	53	137	120	83	124	88	117	114	37	81	128	68	44	41	121	23	12	102	106	117	97	73	48	138	126	140	86	128	36	83	90	118	31	72	36	92	69	92	52	123	84	54	29	128	130	135	81	11	113	46	103	129	49	14	128	132	41	81	35	84	79	32	117
0	0	0	0	0	0	0	0	0	0	0	0	0	0	0	0	0	0	0	0	0	0	0	0	0	0	0	123	74	73	147	96	80	70	61	21	67	37	103	10	93	32	21	26	85	35	53	144	29	12	111	34	73	77	52	58	22	54	109	132	41	55	139	78	48	102	113	42	17	43	138	70	91	29	90	136	86	115	116	49	133	106	79	126	86	105	110	29	19	55	16	131	53	131	101	47	109	42	122	28	43	37	58	62	27	92	93	32	74	151	56	146	146	68	38	76	68	125	105	43	18	36	119	30	93	86	100	82
0	0	0	0	0	0	0	0	0	0	0	0	0	0	0	0	0	0	0	0	0	0	0	0	0	0	0	0	78	132	82	105	65	34	42	20	49	69	113	36	122	44	24	39	26	131	124	27	83	145	12	45	53	151	41	100	102	109	96	97	56	62	134	80	32	52	42	136	53	35	39	96	86	73	97	67	95	24	106	58	38	150	137	107	60	30	141	70	76	96	130	46	58	86	133	107	82	109	127	137	144	143	25	71	94	85	44	113	126	34	19	74	80	91	59	72	111	140	91	91	140	151	113	37	9	52	7	100
0	0	0	0	0	0	0	0	0	0	0	0	0	0	0	0	0	0	0	0	0	0	0	0	0	0	0	0	0	13	57	69	62	48	142	77	138	57	71	33	19	39	16	27	75	67	70	134	109	55	41	115	72	16	77	61	89	105	103	131	113	39	45	91	51	58	72	67	76	51	69	61	102	62	109	48	111	8	50	138	74	30	122	121	67	92	46	27	34	90	11	101	76	23	46	72	10	72	49	35	137	73	26	31	58	16	111	89	114	140	120	83	136	108	87	73	70	69	53	79	73	55	93	131	61	34	55	74
0	0	0	0	0	0	0	0	0	0	0	0	0	0	0	0	0	0	0	0	0	0	0	0	0	0	0	0	0	0	110	124	92	75	138	144	35	88	47	88	25	57	41	65	84	9	116	130	72	34	110	87	50	30	48	132	125	130	91	51	75	52	67	99	112	118	62	59	104	126	65	127	123	130	125	99	63	116	120	26	100	81	80	117	39	59	34	48	63	26	146	94	95	34	57	103	57	124	59	22	103	106	119	36	10	72	108	67	49	28	89	88	109	58	112	83	34	100	136	133	54	82	19	81	32	30	133	124
0	0	0	0	0	0	0	0	0	0	0	0	0	0	0	0	0	0	0	0	0	0	0	0	0	0	0	0	0	0	0	102	120	88	34	62	72	17	79	149	58	124	18	41	113	82	97	52	41	32	65	119	62	110	82	79	85	116	69	83	70	50	84	37	55	138	49	121	28	143	136	41	82	146	88	32	29	42	33	58	75	101	125	88	113	81	101	125	46	132	107	27	97	66	114	122	84	109	76	26	107	80	101	50	102	45	129	130	34	33	36	124	44	85	62	104	31	104	99	103	63	138	76	144	64	138	84	50
0	0	0	0	0	0	0	0	0	0	0	0	0	0	0	0	0	0	0	0	0	0	0	0	0	0	0	0	0	0	0	0	130	138	41	90	100	89	112	84	136	61	30	26	64	82	143	45	67	13	144	85	109	84	61	54	126	40	18	25	118	33	103	120	24	111	89	84	52	23	19	119	12	94	42	15	75	60	51	120	113	134	47	59	38	108	153	53	110	31	130	159	132	104	32	80	80	26	54	121	138	104	15	84	90	69	58	119	96	49	49	88	62	79	73	111	101	20	138	46	17	40	82	56	127	13	105	95
0	0	0	0	0	0	0	0	0	0	0	0	0	0	0	0	0	0	0	0	0	0	0	0	0	0	0	0	0	0	0	0	0	37	35	96	68	112	91	67	115	34	97	22	122	49	112	76	31	109	101	95	151	97	74	135	157	144	133	158	57	90	63	37	109	124	128	25	112	101	31	70	56	97	119	75	23	128	48	82	76	69	71	123	17	64	46	130	73	48	39	25	131	28	131	112	81	42	37	63	72	116	70	118	68	108	36	117	29	138	95	55	91	4	83	32	56	102	126	102	51	129	40	73	35	54	124	57
0	0	0	0	0	0	0	0	0	0	0	0	0	0	0	0	0	0	0	0	0	0	0	0	0	0	0	0	0	0	0	0	0	0	113	37	133	107	120	65	96	29	105	62	75	89	100	135	57	147	57	83	80	107	68	79	22	140	108	47	135	55	98	108	100	75	131	125	71	74	142	111	121	87	131	46	131	122	58	140	88	114	100	16	125	96	74	117	133	105	99	119	104	103	114	114	43	86	26	79	37	111	57	132	109	155	84	59	119	97	142	102	15	119	132	136	65	12	122	108	120	127	85	62	72	35	155	86
0	0	0	0	0	0	0	0	0	0	0	0	0	0	0	0	0	0	0	0	0	0	0	0	0	0	0	0	0	0	0	0	0	0	0	84	125	48	125	65	90	117	105	90	27	46	127	134	80	106	35	142	36	59	103	38	134	41	58	87	83	43	125	58	30	142	86	90	74	34	122	74	53	75	39	65	72	141	141	89	73	87	96	154	45	62	36	53	15	116	52	92	119	30	61	33	21	32	30	90	101	116	139	25	108	67	60	62	34	27	98	136	54	61	94	42	39	115	49	23	91	123	108	134	47	91	128	73
0	0	0	0	0	0	0	0	0	0	0	0	0	0	0	0	0	0	0	0	0	0	0	0	0	0	0	0	0	0	0	0	0	0	0	0	96	97	106	84	113	122	43	74	19	42	90	19	107	118	96	135	70	106	129	89	23	51	69	95	118	47	127	96	44	134	20	54	20	71	75	69	134	99	52	123	14	30	65	48	144	71	63	78	109	44	95	53	42	125	57	33	55	25	129	135	97	143	34	62	110	112	33	40	100	66	33	52	58	118	133	151	125	111	15	108	90	100	126	45	40	124	100	63	110	137	121	113
0	0	0	0	0	0	0	0	0	0	0	0	0	0	0	0	0	0	0	0	0	0	0	0	0	0	0	0	0	0	0	0	0	0	0	0	0	82	152	50	109	54	45	54	123	118	33	86	62	133	29	24	49	151	17	103	23	84	47	135	48	66	27	132	6	45	28	66	10	76	151	12	127	42	131	130	126	28	111	75	12	134	81	58	114	60	125	73	26	159	126	138	51	69	34	107	125	79	96	23	48	91	58	156	44	47	115	32	41	53	9	132	61	33	92	23	50	161	37	77	136	155	3	100	100	76	62	137
0	0	0	0	0	0	0	0	0	0	0	0	0	0	0	0	0	0	0	0	0	0	0	0	0	0	0	0	0	0	0	0	0	0	0	0	0	0	52	135	63	57	93	39	77	79	64	106	32	81	110	84	26	100	61	121	65	38	65	106	45	58	117	49	43	117	42	64	107	37	79	16	102	90	33	123	23	10	57	30	48	136	105	27	64	48	64	98	68	92	97	142	101	65	79	96	65	19	42	59	119	130	62	122	76	114	122	36	42	95	74	29	74	52	86	38	149	65	72	36	85	94	116	25	25	84	9	68
0	0	0	0	0	0	0	0	0	0	0	0	0	0	0	0	0	0	0	0	0	0	0	0	0	0	0	0	0	0	0	0	0	0	0	0	0	0	0	114	110	45	33	17	108	97	29	95	121	106	41	146	75	90	115	123	33	56	82	104	14	21	126	135	40	125	41	136	20	50	108	64	76	68	50	15	102	93	19	81	27	112	59	70	127	39	91	52	93	49	63	85	107	123	159	148	26	77	61	50	148	81	28	82	72	122	134	146	74	81	121	25	123	97	39	138	110	70	114	123	146	77	87	81	48	80	77	76
0	0	0	0	0	0	0	0	0	0	0	0	0	0	0	0	0	0	0	0	0	0	0	0	0	0	0	0	0	0	0	0	0	0	0	0	0	0	0	0	36	46	85	114	83	62	103	75	123	101	117	68	103	70	54	79	109	90	42	66	44	104	74	113	64	122	94	120	77	117	81	8	31	132	78	133	52	110	88	126	110	43	121	31	98	112	34	84	73	53	60	23	101	54	135	42	127	146	165	118	112	57	36	44	104	62	134	64	91	95	148	64	128	12	45	30	99	52	119	119	29	75	107	76	132	90	105	65
0	0	0	0	0	0	0	0	0	0	0	0	0	0	0	0	0	0	0	0	0	0	0	0	0	0	0	0	0	0	0	0	0	0	0	0	0	0	0	0	0	48	37	84	109	60	115	123	59	73	100	112	145	37	89	7	67	33	48	92	89	145	127	36	88	126	85	50	70	30	62	72	123	122	141	59	129	14	71	56	54	94	117	132	105	73	21	98	85	143	132	135	48	111	136	81	79	73	51	57	84	135	130	19	136	53	133	155	102	77	102	26	111	133	63	24	81	121	112	95	138	28	21	135	75	109	57	100
0	0	0	0	0	0	0	0	0	0	0	0	0	0	0	0	0	0	0	0	0	0	0	0	0	0	0	0	0	0	0	0	0	0	0	0	0	0	0	0	0	0	65	49	38	52	112	78	112	86	28	150	10	25	80	106	65	149	124	107	50	82	71	40	57	40	112	69	61	106	73	88	29	55	55	97	70	120	104	108	150	96	46	103	84	76	114	71	76	55	90	60	103	52	121	79	67	113	99	44	123	124	127	29	70	77	21	135	18	70	26	19	106	117	129	75	69	108	73	122	89	44	117	72	38	163	107	102
0	0	0	0	0	0	0	0	0	0	0	0	0	0	0	0	0	0	0	0	0	0	0	0	0	0	0	0	0	0	0	0	0	0	0	0	0	0	0	0	0	0	0	63	95	152	69	73	123	49	38	88	26	79	45	59	46	37	149	99	76	142	86	63	139	136	146	71	87	59	99	53	42	73	65	60	79	131	150	135	51	12	91	146	75	37	34	58	96	89	69	112	105	59	105	54	82	65	128	68	83	103	67	100	73	77	81	110	41	60	76	138	82	129	73	93	137	131	77	86	30	65	129	12	144	102	107	97
0	0	0	0	0	0	0	0	0	0	0	0	0	0	0	0	0	0	0	0	0	0	0	0	0	0	0	0	0	0	0	0	0	0	0	0	0	0	0	0	0	0	0	0	42	27	40	70	47	28	132	69	83	79	86	125	45	67	114	115	82	29	100	47	93	71	106	120	56	142	67	89	59	49	80	54	52	17	142	42	83	111	77	152	94	44	126	142	12	154	115	72	157	30	121	65	134	99	71	124	47	34	125	28	90	97	14	98	102	40	43	37	112	106	142	66	99	40	83	111	122	54	64	37	96	82	54	141
0	0	0	0	0	0	0	0	0	0	0	0	0	0	0	0	0	0	0	0	0	0	0	0	0	0	0	0	0	0	0	0	0	0	0	0	0	0	0	0	0	0	0	0	0	25	90	61	154	98	96	95	35	141	134	109	96	24	134	145	109	37	99	58	110	42	118	48	152	98	79	102	65	126	87	149	91	32	104	113	84	101	128	101	60	48	51	140	48	106	98	162	46	29	132	88	114	18	110	83	38	101	41	121	68	54	43	87	126	30	109	75	56	40	27	79	53	115	54	128	167	127	44	66	72	143	125	78
0	0	0	0	0	0	0	0	0	0	0	0	0	0	0	0	0	0	0	0	0	0	0	0	0	0	0	0	0	0	0	0	0	0	0	0	0	0	0	0	0	0	0	0	0	0	101	33	67	47	128	105	28	106	42	43	48	94	56	107	37	56	138	47	26	56	74	106	135	92	45	72	30	56	134	127	161	133	82	30	73	122	109	78	73	80	59	144	101	87	68	43	32	88	38	118	135	106	50	27	86	96	137	84	82	48	48	148	42	107	45	112	132	116	89	155	42	41	130	87	143	31	85	157	62	155	60	122
0	0	0	0	0	0	0	0	0	0	0	0	0	0	0	0	0	0	0	0	0	0	0	0	0	0	0	0	0	0	0	0	0	0	0	0	0	0	0	0	0	0	0	0	0	0	0	44	80	151	128	60	153	138	130	138	105	116	135	136	80	49	40	110	112	113	98	128	56	17	48	162	26	104	96	67	57	134	76	109	110	89	128	49	112	132	87	126	62	142	135	80	109	118	20	85	144	136	41	75	105	87	127	60	57	30	56	139	127	33	68	100	82	63	107	79	65	123	72	28	89	73	88	73	31	57	136	21
0	0	0	0	0	0	0	0	0	0	0	0	0	0	0	0	0	0	0	0	0	0	0	0	0	0	0	0	0	0	0	0	0	0	0	0	0	0	0	0	0	0	0	0	0	0	0	0	93	49	58	96	117	161	22	47	96	60	130	77	57	54	109	56	71	94	116	72	133	145	44	39	70	155	30	157	30	53	90	56	45	31	132	21	156	126	123	75	56	121	34	158	79	81	34	135	78	79	54	78	39	39	131	58	151	142	76	146	126	132	138	120	62	92	67	33	170	40	134	102	147	92	124	90	100	41	93	54
0	0	0	0	0	0	0	0	0	0	0	0	0	0	0	0	0	0	0	0	0	0	0	0	0	0	0	0	0	0	0	0	0	0	0	0	0	0	0	0	0	0	0	0	0	0	0	0	0	145	5	124	81	112	148	130	108	152	119	22	160	153	128	145	50	116	157	31	33	153	157	130	42	19	110	78	69	108	70	72	23	43	51	147	126	161	110	105	71	133	32	36	54	135	114	50	121	156	77	63	30	154	55	99	136	123	118	19	70	65	78	97	18	37	121	32	58	130	67	48	82	136	163	50	103	97	129	68
0	0	0	0	0	0	0	0	0	0	0	0	0	0	0	0	0	0	0	0	0	0	0	0	0	0	0	0	0	0	0	0	0	0	0	0	0	0	0	0	0	0	0	0	0	0	0	0	0	0	79	8	26	128	150	172	59	138	95	145	82	102	30	91	84	51	59	105	111	105	105	149	163	127	66	59	82	123	74	34	66	32	119	95	23	48	121	82	38	132	113	34	72	64	81	86	89	76	75	103	148	61	82	153	148	100	127	94	64	77	124	92	114	114	154	133	23	74	153	82	61	140	113	53	31	148	39	151
0	0	0	0	0	0	0	0	0	0	0	0	0	0	0	0	0	0	0	0	0	0	0	0	0	0	0	0	0	0	0	0	0	0	0	0	0	0	0	0	0	0	0	0	0	0	0	0	0	0	0	136	93	115	98	93	86	23	63	96	86	108	122	109	89	60	140	89	155	105	120	142	73	107	142	150	72	19	112	40	109	72	60	46	49	133	119	56	133	84	133	133	55	96	145	104	62	103	101	40	150	88	117	90	65	95	170	57	118	15	126	168	164	129	101	90	37	88	29	69	148	112	137	128	100	49	123	60
0	0	0	0	0	0	0	0	0	0	0	0	0	0	0	0	0	0	0	0	0	0	0	0	0	0	0	0	0	0	0	0	0	0	0	0	0	0	0	0	0	0	0	0	0	0	0	0	0	0	0	0	71	39	129	78	91	72	129	142	75	136	142	87	51	42	50	147	130	100	98	104	52	87	114	28	57	39	76	72	69	30	74	123	66	63	9	81	148	94	111	118	82	178	83	102	72	113	65	160	94	167	23	156	57	65	78	91	51	71	123	137	72	83	64	127	34	37	28	138	62	58	34	79	119	107	77	62
0	0	0	0	0	0	0	0	0	0	0	0	0	0	0	0	0	0	0	0	0	0	0	0	0	0	0	0	0	0	0	0	0	0	0	0	0	0	0	0	0	0	0	0	0	0	0	0	0	0	0	0	0	168	101	93	49	80	86	176	117	29	87	48	141	70	65	81	134	113	141	136	99	155	89	18	60	156	105	122	48	160	45	134	65	162	113	157	100	130	85	58	27	125	144	35	111	100	89	97	84	61	65	127	72	124	65	145	88	70	126	143	131	135	101	130	84	47	69	61	24	105	52	140	113	136	116	107
0	0	0	0	0	0	0	0	0	0	0	0	0	0	0	0	0	0	0	0	0	0	0	0	0	0	0	0	0	0	0	0	0	0	0	0	0	0	0	0	0	0	0	0	0	0	0	0	0	0	0	0	0	0	49	75	54	34	110	106	143	87	43	112	132	127	171	85	130	150	79	113	136	171	39	71	155	131	132	112	177	87	78	69	78	146	64	107	118	127	47	52	81	67	119	90	81	57	166	91	93	116	114	92	116	140	66	25	112	122	79	94	72	129	93	88	62	63	41	168	81	136	147	55	123	171	85	130
0	0	0	0	0	0	0	0	0	0	0	0	0	0	0	0	0	0	0	0	0	0	0	0	0	0	0	0	0	0	0	0	0	0	0	0	0	0	0	0	0	0	0	0	0	0	0	0	0	0	0	0	0	0	0	123	67	93	55	16	75	162	17	36	102	64	66	99	112	38	167	121	80	94	143	88	37	158	124	87	114	40	33	34	147	110	173	150	101	37	95	111	53	162	72	81	68	95	79	158	23	81	60	13	51	49	118	50	141	86	84	77	61	106	86	68	144	142	31	44	110	89	121	57	118	142	37	101
0	0	0	0	0	0	0	0	0	0	0	0	0	0	0	0	0	0	0	0	0	0	0	0	0	0	0	0	0	0	0	0	0	0	0	0	0	0	0	0	0	0	0	0	0	0	0	0	0	0	0	0	0	0	0	0	68	105	143	143	32	97	166	129	85	138	94	168	117	139	136	66	60	59	39	106	53	107	79	47	89	84	145	85	135	44	172	93	138	97	50	35	75	150	68	79	63	142	131	94	57	16	114	155	74	66	64	115	79	47	72	173	82	111	70	102	121	128	83	108	130	48	132	103	44	158	70	102
0	0	0	0	0	0	0	0	0	0	0	0	0	0	0	0	0	0	0	0	0	0	0	0	0	0	0	0	0	0	0	0	0	0	0	0	0	0	0	0	0	0	0	0	0	0	0	0	0	0	0	0	0	0	0	0	0	44	132	149	54	164	78	132	75	71	138	66	60	68	97	82	101	147	65	122	156	84	98	17	68	144	123	58	42	67	129	112	37	114	55	71	117	155	103	122	101	42	77	59	106	105	53	66	63	110	26	156	143	175	93	130	111	46	55	118	97	74	134	119	81	105	153	162	105	90	95	116
0	0	0	0	0	0	0	0	0	0	0	0	0	0	0	0	0	0	0	0	0	0	0	0	0	0	0	0	0	0	0	0	0	0	0	0	0	0	0	0	0	0	0	0	0	0	0	0	0	0	0	0	0	0	0	0	0	0	117	131	58	121	59	53	60	92	137	73	157	82	75	42	124	11	129	131	60	35	82	64	73	55	45	99	154	86	36	23	99	144	54	50	102	70	58	61	86	121	165	172	156	91	50	130	82	136	67	92	136	123	51	129	125	87	141	177	100	97	84	103	45	153	71	182	57	22	71	91
0	0	0	0	0	0	0	0	0	0	0	0	0	0	0	0	0	0	0	0	0	0	0	0	0	0	0	0	0	0	0	0	0	0	0	0	0	0	0	0	0	0	0	0	0	0	0	0	0	0	0	0	0	0	0	0	0	0	0	123	83	41	138	78	38	97	143	119	9	21	126	70	152	47	153	136	149	85	155	54	131	159	21	77	101	28	115	78	175	108	68	114	140	149	103	140	63	60	121	34	117	106	79	71	117	121	84	28	90	106	136	90	87	124	109	82	73	36	103	161	61	134	100	66	125	152	138	168
0	0	0	0	0	0	0	0	0	0	0	0	0	0	0	0	0	0	0	0	0	0	0	0	0	0	0	0	0	0	0	0	0	0	0	0	0	0	0	0	0	0	0	0	0	0	0	0	0	0	0	0	0	0	0	0	0	0	0	0	155	132	134	91	184	87	105	177	66	93	65	23	60	125	125	46	141	22	141	85	100	42	85	70	118	80	99	141	64	70	121	96	111	119	27	100	113	44	182	39	59	69	111	13	130	138	136	72	50	110	119	147	125	5	90	76	157	98	105	75	167	167	99	44	66	74	159	111
0	0	0	0	0	0	0	0	0	0	0	0	0	0	0	0	0	0	0	0	0	0	0	0	0	0	0	0	0	0	0	0	0	0	0	0	0	0	0	0	0	0	0	0	0	0	0	0	0	0	0	0	0	0	0	0	0	0	0	0	0	44	51	132	140	164	109	114	67	73	88	69	33	121	61	120	68	22	127	69	52	114	59	125	107	63	100	125	15	159	123	70	159	24	151	188	115	80	23	153	150	71	47	143	73	35	33	19	121	27	139	179	142	48	147	109	132	122	147	151	17	90	133	19	47	118	118	177
0	0	0	0	0	0	0	0	0	0	0	0	0	0	0	0	0	0	0	0	0	0	0	0	0	0	0	0	0	0	0	0	0	0	0	0	0	0	0	0	0	0	0	0	0	0	0	0	0	0	0	0	0	0	0	0	0	0	0	0	0	0	54	138	99	168	43	48	148	39	46	82	37	101	37	184	57	141	11	40	24	69	144	145	137	127	138	99	167	137	65	134	62	122	117	152	34	57	111	169	145	103	92	132	165	72	23	98	169	59	92	162	148	139	52	82	30	72	131	74	136	149	84	117	49	140	83	130
0	0	0	0	0	0	0	0	0	0	0	0	0	0	0	0	0	0	0	0	0	0	0	0	0	0	0	0	0	0	0	0	0	0	0	0	0	0	0	0	0	0	0	0	0	0	0	0	0	0	0	0	0	0	0	0	0	0	0	0	0	0	0	129	96	59	117	96	101	46	127	107	87	85	94	136	90	11	88	89	144	171	161	27	79	73	183	52	102	28	31	67	38	113	144	108	35	157	141	105	131	102	121	135	128	132	152	84	99	95	28	65	114	41	123	188	116	58	77	74	92	21	83	113	89	130	86	60
0	0	0	0	0	0	0	0	0	0	0	0	0	0	0	0	0	0	0	0	0	0	0	0	0	0	0	0	0	0	0	0	0	0	0	0	0	0	0	0	0	0	0	0	0	0	0	0	0	0	0	0	0	0	0	0	0	0	0	0	0	0	0	0	17	16	86	34	154	33	22	165	90	101	96	86	157	172	127	34	107	6	98	94	122	18	143	38	8	43	116	83	108	92	75	91	63	140	39	33	62	55	79	118	54	40	87	133	61	115	62	135	173	34	163	121	80	59	83	104	41	38	168	184	138	97	89	177
0	0	0	0	0	0	0	0	0	0	0	0	0	0	0	0	0	0	0	0	0	0	0	0	0	0	0	0	0	0	0	0	0	0	0	0	0	0	0	0	0	0	0	0	0	0	0	0	0	0	0	0	0	0	0	0	0	0	0	0	0	0	0	0	0	147	82	134	107	116	124	71	121	147	122	126	53	54	154	62	153	88	81	161	63	72	80	100	45	49	105	140	127	129	52	61	63	61	122	48	130	113	106	47	187	113	17	72	64	111	48	76	112	156	109	116	28	44	103	122	76	70	74	125	182	50	142	55
0	0	0	0	0	0	0	0	0	0	0	0	0	0	0	0	0	0	0	0	0	0	0	0	0	0	0	0	0	0	0	0	0	0	0	0	0	0	0	0	0	0	0	0	0	0	0	0	0	0	0	0	0	0	0	0	0	0	0	0	0	0	0	0	0	0	89	172	163	116	95	122	56	128	115	114	134	55	190	43	144	50	45	141	65	55	72	122	93	163	27	75	109	103	81	61	160	71	127	157	71	57	128	84	61	76	63	67	91	81	107	41	129	155	129	142	131	23	33	70	85	160	48	93	64	83	155	31
0	0	0	0	0	0	0	0	0	0	0	0	0	0	0	0	0	0	0	0	0	0	0	0	0	0	0	0	0	0	0	0	0	0	0	0	0	0	0	0	0	0	0	0	0	0	0	0	0	0	0	0	0	0	0	0	0	0	0	0	0	0	0	0	0	0	0	78	128	159	169	31	57	127	140	146	122	127	110	163	130	124	58	87	159	103	122	117	181	151	50	15	51	90	122	27	48	54	119	93	94	74	100	99	75	140	72	142	153	163	38	61	67	161	88	95	139	70	116	149	130	49	68	86	104	40	68	142
0	0	0	0	0	0	0	0	0	0	0	0	0	0	0	0	0	0	0	0	0	0	0	0	0	0	0	0	0	0	0	0	0	0	0	0	0	0	0	0	0	0	0	0	0	0	0	0	0	0	0	0	0	0	0	0	0	0	0	0	0	0	0	0	0	0	0	0	96	124	107	21	172	76	41	40	75	107	42	48	46	96	95	126	148	127	130	37	38	83	130	86	138	74	32	148	65	120	48	96	164	179	135	75	87	36	74	129	54	102	138	127	114	61	55	61	32	90	156	15	66	92	47	129	98	126	119	108
0	0	0	0	0	0	0	0	0	0	0	0	0	0	0	0	0	0	0	0	0	0	0	0	0	0	0	0	0	0	0	0	0	0	0	0	0	0	0	0	0	0	0	0	0	0	0	0	0	0	0	0	0	0	0	0	0	0	0	0	0	0	0	0	0	0	0	0	0	128	64	109	174	51	83	151	137	96	108	62	33	126	78	113	171	142	29	135	87	113	128	132	92	97	122	170	181	165	105	145	102	188	13	105	89	118	108	32	77	113	135	68	49	21	169	153	128	60	135	113	66	167	142	64	62	78	119	114
0	0	0	0	0	0	0	0	0	0	0	0	0	0	0	0	0	0	0	0	0	0	0	0	0	0	0	0	0	0	0	0	0	0	0	0	0	0	0	0	0	0	0	0	0	0	0	0	0	0	0	0	0	0	0	0	0	0	0	0	0	0	0	0	0	0	0	0	0	0	33	161	67	81	92	102	133	103	8	55	153	98	122	169	156	94	136	153	125	91	142	35	120	89	103	135	150	85	119	86	136	112	47	49	110	80	121	147	154	131	41	155	115	91	72	125	129	70	49	72	129	49	175	149	148	8	91	101
0	0	0	0	0	0	0	0	0	0	0	0	0	0	0	0	0	0	0	0	0	0	0	0	0	0	0	0	0	0	0	0	0	0	0	0	0	0	0	0	0	0	0	0	0	0	0	0	0	0	0	0	0	0	0	0	0	0	0	0	0	0	0	0	0	0	0	0	0	0	0	106	98	139	91	147	83	157	22	94	175	10	58	67	71	94	86	96	150	134	111	155	126	149	75	148	75	135	15	36	133	147	115	123	151	51	142	97	140	164	117	86	138	186	28	64	115	88	114	17	40	84	99	123	79	86	101	127
0	0	0	0	0	0	0	0	0	0	0	0	0	0	0	0	0	0	0	0	0	0	0	0	0	0	0	0	0	0	0	0	0	0	0	0	0	0	0	0	0	0	0	0	0	0	0	0	0	0	0	0	0	0	0	0	0	0	0	0	0	0	0	0	0	0	0	0	0	0	0	0	69	67	49	134	127	68	95	154	80	83	178	122	175	107	170	100	134	90	69	42	168	120	142	68	66	73	43	46	94	71	127	149	94	50	28	42	127	116	89	127	67	135	146	9	177	84	55	71	56	134	111	122	148	146	107	128
0	0	0	0	0	0	0	0	0	0	0	0	0	0	0	0	0	0	0	0	0	0	0	0	0	0	0	0	0	0	0	0	0	0	0	0	0	0	0	0	0	0	0	0	0	0	0	0	0	0	0	0	0	0	0	0	0	0	0	0	0	0	0	0	0	0	0	0	0	0	0	0	0	107	75	118	111	57	132	88	41	68	118	115	102	89	163	157	141	121	113	104	129	153	66	103	109	138	171	48	86	144	100	102	139	52	82	90	131	180	125	115	88	67	89	95	77	35	63	188	111	95	64	34	157	129	145	58
0	0	0	0	0	0	0	0	0	0	0	0	0	0	0	0	0	0	0	0	0	0	0	0	0	0	0	0	0	0	0	0	0	0	0	0	0	0	0	0	0	0	0	0	0	0	0	0	0	0	0	0	0	0	0	0	0	0	0	0	0	0	0	0	0	0	0	0	0	0	0	0	0	0	134	145	143	109	163	33	51	146	70	151	138	33	129	187	120	69	156	104	123	110	110	31	163	121	53	118	106	52	66	76	21	77	139	130	61	149	181	198	90	122	55	92	81	163	140	184	140	104	66	80	37	110	120	111
0	0	0	0	0	0	0	0	0	0	0	0	0	0	0	0	0	0	0	0	0	0	0	0	0	0	0	0	0	0	0	0	0	0	0	0	0	0	0	0	0	0	0	0	0	0	0	0	0	0	0	0	0	0	0	0	0	0	0	0	0	0	0	0	0	0	0	0	0	0	0	0	0	0	0	85	71	53	181	120	139	86	64	171	144	79	104	106	104	62	100	57	109	82	27	110	18	191	33	54	22	135	40	73	137	144	82	168	75	39	46	82	54	75	75	72	116	118	150	73	64	137	98	139	167	150	76	19
0	0	0	0	0	0	0	0	0	0	0	0	0	0	0	0	0	0	0	0	0	0	0	0	0	0	0	0	0	0	0	0	0	0	0	0	0	0	0	0	0	0	0	0	0	0	0	0	0	0	0	0	0	0	0	0	0	0	0	0	0	0	0	0	0	0	0	0	0	0	0	0	0	0	0	0	134	39	117	8	117	120	150	137	15	71	22	157	116	98	95	79	15	131	29	134	105	88	137	139	184	5	100	78	103	43	158	142	95	195	136	103	106	98	47	4	33	53	168	168	194	131	55	166	136	83	121	114
0	0	0	0	0	0	0	0	0	0	0	0	0	0	0	0	0	0	0	0	0	0	0	0	0	0	0	0	0	0	0	0	0	0	0	0	0	0	0	0	0	0	0	0	0	0	0	0	0	0	0	0	0	0	0	0	0	0	0	0	0	0	0	0	0	0	0	0	0	0	0	0	0	0	0	0	0	140	138	125	145	155	93	50	74	98	142	202	161	57	118	139	109	86	57	115	36	71	159	129	98	132	159	125	171	170	60	83	122	144	157	41	123	138	129	82	60	138	95	164	27	48	139	161	75	48	72	55
0	0	0	0	0	0	0	0	0	0	0	0	0	0	0	0	0	0	0	0	0	0	0	0	0	0	0	0	0	0	0	0	0	0	0	0	0	0	0	0	0	0	0	0	0	0	0	0	0	0	0	0	0	0	0	0	0	0	0	0	0	0	0	0	0	0	0	0	0	0	0	0	0	0	0	0	0	0	94	129	99	119	89	100	68	97	189	197	133	59	80	99	120	96	65	131	109	156	40	73	78	139	66	98	70	91	46	57	91	132	114	174	99	127	60	105	36	90	109	112	63	170	56	85	170	157	128	100
0	0	0	0	0	0	0	0	0	0	0	0	0	0	0	0	0	0	0	0	0	0	0	0	0	0	0	0	0	0	0	0	0	0	0	0	0	0	0	0	0	0	0	0	0	0	0	0	0	0	0	0	0	0	0	0	0	0	0	0	0	0	0	0	0	0	0	0	0	0	0	0	0	0	0	0	0	0	0	67	150	95	89	58	87	95	114	159	116	132	112	133	153	87	36	81	70	74	100	195	29	50	68	114	69	36	119	59	139	32	31	148	154	11	37	153	131	93	132	58	190	94	29	124	143	81	182	75
0	0	0	0	0	0	0	0	0	0	0	0	0	0	0	0	0	0	0	0	0	0	0	0	0	0	0	0	0	0	0	0	0	0	0	0	0	0	0	0	0	0	0	0	0	0	0	0	0	0	0	0	0	0	0	0	0	0	0	0	0	0	0	0	0	0	0	0	0	0	0	0	0	0	0	0	0	0	0	0	144	102	122	138	119	176	53	103	177	58	154	72	172	75	76	104	72	97	97	106	174	73	91	153	104	88	135	103	134	93	87	87	49	124	158	102	99	130	111	121	132	140	37	159	166	76	48	126
0	0	0	0	0	0	0	0	0	0	0	0	0	0	0	0	0	0	0	0	0	0	0	0	0	0	0	0	0	0	0	0	0	0	0	0	0	0	0	0	0	0	0	0	0	0	0	0	0	0	0	0	0	0	0	0	0	0	0	0	0	0	0	0	0	0	0	0	0	0	0	0	0	0	0	0	0	0	0	0	0	90	57	115	65	134	44	115	42	154	62	78	102	99	68	145	186	81	50	99	149	27	76	71	130	91	175	50	134	179	45	120	24	57	141	135	87	158	21	88	132	122	142	140	30	116	37	86
0	0	0	0	0	0	0	0	0	0	0	0	0	0	0	0	0	0	0	0	0	0	0	0	0	0	0	0	0	0	0	0	0	0	0	0	0	0	0	0	0	0	0	0	0	0	0	0	0	0	0	0	0	0	0	0	0	0	0	0	0	0	0	0	0	0	0	0	0	0	0	0	0	0	0	0	0	0	0	0	0	0	93	77	168	44	71	130	177	31	137	45	82	146	128	181	155	56	119	64	146	103	107	127	38	117	148	163	70	35	118	31	76	152	18	131	145	130	119	83	112	54	88	173	77	87	78	83
0	0	0	0	0	0	0	0	0	0	0	0	0	0	0	0	0	0	0	0	0	0	0	0	0	0	0	0	0	0	0	0	0	0	0	0	0	0	0	0	0	0	0	0	0	0	0	0	0	0	0	0	0	0	0	0	0	0	0	0	0	0	0	0	0	0	0	0	0	0	0	0	0	0	0	0	0	0	0	0	0	0	0	131	71	93	113	121	168	148	187	146	141	96	83	170	39	97	148	143	79	95	129	114	28	100	91	147	115	95	100	46	195	12	148	55	41	147	131	98	199	134	146	87	81	121	84	32
0	0	0	0	0	0	0	0	0	0	0	0	0	0	0	0	0	0	0	0	0	0	0	0	0	0	0	0	0	0	0	0	0	0	0	0	0	0	0	0	0	0	0	0	0	0	0	0	0	0	0	0	0	0	0	0	0	0	0	0	0	0	0	0	0	0	0	0	0	0	0	0	0	0	0	0	0	0	0	0	0	0	0	0	66	75	76	81	133	168	116	198	124	123	55	135	89	133	120	145	120	90	46	70	108	148	132	141	148	27	37	149	148	100	91	77	107	119	53	107	97	41	96	84	94	98	84	107
0	0	0	0	0	0	0	0	0	0	0	0	0	0	0	0	0	0	0	0	0	0	0	0	0	0	0	0	0	0	0	0	0	0	0	0	0	0	0	0	0	0	0	0	0	0	0	0	0	0	0	0	0	0	0	0	0	0	0	0	0	0	0	0	0	0	0	0	0	0	0	0	0	0	0	0	0	0	0	0	0	0	0	0	0	74	131	132	77	58	172	129	140	158	186	83	179	69	55	149	135	170	67	86	75	126	123	150	90	135	67	144	127	144	120	98	45	51	58	168	126	122	136	174	151	55	171	60
0	0	0	0	0	0	0	0	0	0	0	0	0	0	0	0	0	0	0	0	0	0	0	0	0	0	0	0	0	0	0	0	0	0	0	0	0	0	0	0	0	0	0	0	0	0	0	0	0	0	0	0	0	0	0	0	0	0	0	0	0	0	0	0	0	0	0	0	0	0	0	0	0	0	0	0	0	0	0	0	0	0	0	0	0	0	41	153	164	70	75	82	49	28	161	133	77	124	123	107	87	137	170	167	91	91	166	153	127	128	73	157	176	73	76	111	111	146	182	158	87	89	159	62	35	69	124	127
0	0	0	0	0	0	0	0	0	0	0	0	0	0	0	0	0	0	0	0	0	0	0	0	0	0	0	0	0	0	0	0	0	0	0	0	0	0	0	0	0	0	0	0	0	0	0	0	0	0	0	0	0	0	0	0	0	0	0	0	0	0	0	0	0	0	0	0	0	0	0	0	0	0	0	0	0	0	0	0	0	0	0	0	0	0	0	129	64	151	186	73	34	76	78	93	118	39	122	55	75	106	52	110	55	189	98	151	134	78	96	98	96	84	168	160	22	58	150	134	165	148	168	86	98	82	29	97
0	0	0	0	0	0	0	0	0	0	0	0	0	0	0	0	0	0	0	0	0	0	0	0	0	0	0	0	0	0	0	0	0	0	0	0	0	0	0	0	0	0	0	0	0	0	0	0	0	0	0	0	0	0	0	0	0	0	0	0	0	0	0	0	0	0	0	0	0	0	0	0	0	0	0	0	0	0	0	0	0	0	0	0	0	0	0	0	124	149	65	135	93	65	174	68	115	83	121	137	190	143	179	84	183	199	70	102	189	57	111	187	169	87	98	10	41	120	68	56	67	142	73	57	124	103	114	84
0	0	0	0	0	0	0	0	0	0	0	0	0	0	0	0	0	0	0	0	0	0	0	0	0	0	0	0	0	0	0	0	0	0	0	0	0	0	0	0	0	0	0	0	0	0	0	0	0	0	0	0	0	0	0	0	0	0	0	0	0	0	0	0	0	0	0	0	0	0	0	0	0	0	0	0	0	0	0	0	0	0	0	0	0	0	0	0	0	148	131	84	174	120	174	40	143	89	52	75	150	87	148	118	134	82	152	81	62	84	78	43	77	60	83	126	144	58	72	165	152	129	156	199	92	73	134	161
0	0	0	0	0	0	0	0	0	0	0	0	0	0	0	0	0	0	0	0	0	0	0	0	0	0	0	0	0	0	0	0	0	0	0	0	0	0	0	0	0	0	0	0	0	0	0	0	0	0	0	0	0	0	0	0	0	0	0	0	0	0	0	0	0	0	0	0	0	0	0	0	0	0	0	0	0	0	0	0	0	0	0	0	0	0	0	0	0	0	195	144	85	123	165	101	110	9	89	108	62	155	200	188	150	214	62	90	137	71	69	43	32	89	146	194	166	117	146	129	110	95	50	79	58	171	132	61
0	0	0	0	0	0	0	0	0	0	0	0	0	0	0	0	0	0	0	0	0	0	0	0	0	0	0	0	0	0	0	0	0	0	0	0	0	0	0	0	0	0	0	0	0	0	0	0	0	0	0	0	0	0	0	0	0	0	0	0	0	0	0	0	0	0	0	0	0	0	0	0	0	0	0	0	0	0	0	0	0	0	0	0	0	0	0	0	0	0	0	111	212	133	146	117	134	87	120	38	93	35	77	140	44	163	74	150	123	200	170	110	182	31	71	34	164	166	184	149	66	154	68	67	132	212	149	80
0	0	0	0	0	0	0	0	0	0	0	0	0	0	0	0	0	0	0	0	0	0	0	0	0	0	0	0	0	0	0	0	0	0	0	0	0	0	0	0	0	0	0	0	0	0	0	0	0	0	0	0	0	0	0	0	0	0	0	0	0	0	0	0	0	0	0	0	0	0	0	0	0	0	0	0	0	0	0	0	0	0	0	0	0	0	0	0	0	0	0	0	133	87	76	111	139	134	168	44	109	86	62	55	15	130	146	81	113	88	116	62	107	134	155	175	187	149	178	140	37	117	121	192	201	108	131	134
0	0	0	0	0	0	0	0	0	0	0	0	0	0	0	0	0	0	0	0	0	0	0	0	0	0	0	0	0	0	0	0	0	0	0	0	0	0	0	0	0	0	0	0	0	0	0	0	0	0	0	0	0	0	0	0	0	0	0	0	0	0	0	0	0	0	0	0	0	0	0	0	0	0	0	0	0	0	0	0	0	0	0	0	0	0	0	0	0	0	0	0	0	161	127	150	120	129	119	148	100	91	191	116	193	38	15	142	127	51	176	113	128	61	123	83	91	63	113	182	101	92	108	71	65	122	88	132
0	0	0	0	0	0	0	0	0	0	0	0	0	0	0	0	0	0	0	0	0	0	0	0	0	0	0	0	0	0	0	0	0	0	0	0	0	0	0	0	0	0	0	0	0	0	0	0	0	0	0	0	0	0	0	0	0	0	0	0	0	0	0	0	0	0	0	0	0	0	0	0	0	0	0	0	0	0	0	0	0	0	0	0	0	0	0	0	0	0	0	0	0	0	77	125	119	142	87	143	170	79	41	43	119	134	69	134	107	146	64	130	125	192	126	42	133	112	188	151	101	96	135	98	81	149	34	77
0	0	0	0	0	0	0	0	0	0	0	0	0	0	0	0	0	0	0	0	0	0	0	0	0	0	0	0	0	0	0	0	0	0	0	0	0	0	0	0	0	0	0	0	0	0	0	0	0	0	0	0	0	0	0	0	0	0	0	0	0	0	0	0	0	0	0	0	0	0	0	0	0	0	0	0	0	0	0	0	0	0	0	0	0	0	0	0	0	0	0	0	0	0	0	122	161	42	83	174	127	45	33	102	136	158	167	123	113	156	144	104	155	24	88	84	162	69	109	131	95	115	131	73	126	67	59	141
0	0	0	0	0	0	0	0	0	0	0	0	0	0	0	0	0	0	0	0	0	0	0	0	0	0	0	0	0	0	0	0	0	0	0	0	0	0	0	0	0	0	0	0	0	0	0	0	0	0	0	0	0	0	0	0	0	0	0	0	0	0	0	0	0	0	0	0	0	0	0	0	0	0	0	0	0	0	0	0	0	0	0	0	0	0	0	0	0	0	0	0	0	0	0	0	115	131	192	125	150	158	163	87	156	170	186	123	93	79	161	27	119	17	64	190	75	83	73	142	169	168	52	122	95	96	57	132
0	0	0	0	0	0	0	0	0	0	0	0	0	0	0	0	0	0	0	0	0	0	0	0	0	0	0	0	0	0	0	0	0	0	0	0	0	0	0	0	0	0	0	0	0	0	0	0	0	0	0	0	0	0	0	0	0	0	0	0	0	0	0	0	0	0	0	0	0	0	0	0	0	0	0	0	0	0	0	0	0	0	0	0	0	0	0	0	0	0	0	0	0	0	0	0	0	130	115	34	155	155	95	134	193	113	37	121	12	201	81	50	58	143	116	150	89	164	150	88	143	127	156	116	77	67	138	65
0	0	0	0	0	0	0	0	0	0	0	0	0	0	0	0	0	0	0	0	0	0	0	0	0	0	0	0	0	0	0	0	0	0	0	0	0	0	0	0	0	0	0	0	0	0	0	0	0	0	0	0	0	0	0	0	0	0	0	0	0	0	0	0	0	0	0	0	0	0	0	0	0	0	0	0	0	0	0	0	0	0	0	0	0	0	0	0	0	0	0	0	0	0	0	0	0	0	176	49	58	150	96	101	190	98	141	129	74	153	135	102	211	83	153	97	105	202	65	189	185	105	94	68	187	56	158	161
0	0	0	0	0	0	0	0	0	0	0	0	0	0	0	0	0	0	0	0	0	0	0	0	0	0	0	0	0	0	0	0	0	0	0	0	0	0	0	0	0	0	0	0	0	0	0	0	0	0	0	0	0	0	0	0	0	0	0	0	0	0	0	0	0	0	0	0	0	0	0	0	0	0	0	0	0	0	0	0	0	0	0	0	0	0	0	0	0	0	0	0	0	0	0	0	0	0	0	151	189	90	78	105	42	128	65	142	150	153	114	109	77	6	18	169	129	54	73	64	121	70	91	107	176	22	84	195
0	0	0	0	0	0	0	0	0	0	0	0	0	0	0	0	0	0	0	0	0	0	0	0	0	0	0	0	0	0	0	0	0	0	0	0	0	0	0	0	0	0	0	0	0	0	0	0	0	0	0	0	0	0	0	0	0	0	0	0	0	0	0	0	0	0	0	0	0	0	0	0	0	0	0	0	0	0	0	0	0	0	0	0	0	0	0	0	0	0	0	0	0	0	0	0	0	0	0	0	175	118	56	94	134	196	96	102	156	112	80	75	85	26	166	129	97	29	128	118	81	111	79	33	71	228	199	106
0	0	0	0	0	0	0	0	0	0	0	0	0	0	0	0	0	0	0	0	0	0	0	0	0	0	0	0	0	0	0	0	0	0	0	0	0	0	0	0	0	0	0	0	0	0	0	0	0	0	0	0	0	0	0	0	0	0	0	0	0	0	0	0	0	0	0	0	0	0	0	0	0	0	0	0	0	0	0	0	0	0	0	0	0	0	0	0	0	0	0	0	0	0	0	0	0	0	0	0	0	160	99	60	55	174	87	165	122	108	150	115	65	174	106	72	144	52	132	27	66	145	102	160	56	43	81	97
0	0	0	0	0	0	0	0	0	0	0	0	0	0	0	0	0	0	0	0	0	0	0	0	0	0	0	0	0	0	0	0	0	0	0	0	0	0	0	0	0	0	0	0	0	0	0	0	0	0	0	0	0	0	0	0	0	0	0	0	0	0	0	0	0	0	0	0	0	0	0	0	0	0	0	0	0	0	0	0	0	0	0	0	0	0	0	0	0	0	0	0	0	0	0	0	0	0	0	0	0	0	184	95	11	134	201	143	161	81	77	69	150	114	159	32	99	125	105	161	204	109	154	116	78	69	74	188
0	0	0	0	0	0	0	0	0	0	0	0	0	0	0	0	0	0	0	0	0	0	0	0	0	0	0	0	0	0	0	0	0	0	0	0	0	0	0	0	0	0	0	0	0	0	0	0	0	0	0	0	0	0	0	0	0	0	0	0	0	0	0	0	0	0	0	0	0	0	0	0	0	0	0	0	0	0	0	0	0	0	0	0	0	0	0	0	0	0	0	0	0	0	0	0	0	0	0	0	0	0	0	139	117	104	116	137	117	144	114	93	97	128	146	145	172	41	134	162	61	137	126	142	81	38	124	137
0	0	0	0	0	0	0	0	0	0	0	0	0	0	0	0	0	0	0	0	0	0	0	0	0	0	0	0	0	0	0	0	0	0	0	0	0	0	0	0	0	0	0	0	0	0	0	0	0	0	0	0	0	0	0	0	0	0	0	0	0	0	0	0	0	0	0	0	0	0	0	0	0	0	0	0	0	0	0	0	0	0	0	0	0	0	0	0	0	0	0	0	0	0	0	0	0	0	0	0	0	0	0	0	92	110	110	196	47	52	114	108	148	90	137	113	122	131	174	149	118	64	135	191	59	107	182	179
0	0	0	0	0	0	0	0	0	0	0	0	0	0	0	0	0	0	0	0	0	0	0	0	0	0	0	0	0	0	0	0	0	0	0	0	0	0	0	0	0	0	0	0	0	0	0	0	0	0	0	0	0	0	0	0	0	0	0	0	0	0	0	0	0	0	0	0	0	0	0	0	0	0	0	0	0	0	0	0	0	0	0	0	0	0	0	0	0	0	0	0	0	0	0	0	0	0	0	0	0	0	0	0	0	174	114	142	126	45	128	120	190	102	166	114	83	113	106	184	194	73	65	182	135	99	119	78
0	0	0	0	0	0	0	0	0	0	0	0	0	0	0	0	0	0	0	0	0	0	0	0	0	0	0	0	0	0	0	0	0	0	0	0	0	0	0	0	0	0	0	0	0	0	0	0	0	0	0	0	0	0	0	0	0	0	0	0	0	0	0	0	0	0	0	0	0	0	0	0	0	0	0	0	0	0	0	0	0	0	0	0	0	0	0	0	0	0	0	0	0	0	0	0	0	0	0	0	0	0	0	0	0	0	109	99	161	137	120	130	45	57	227	122	178	184	180	172	78	47	189	161	145	129	109	87
0	0	0	0	0	0	0	0	0	0	0	0	0	0	0	0	0	0	0	0	0	0	0	0	0	0	0	0	0	0	0	0	0	0	0	0	0	0	0	0	0	0	0	0	0	0	0	0	0	0	0	0	0	0	0	0	0	0	0	0	0	0	0	0	0	0	0	0	0	0	0	0	0	0	0	0	0	0	0	0	0	0	0	0	0	0	0	0	0	0	0	0	0	0	0	0	0	0	0	0	0	0	0	0	0	0	0	134	40	47	166	119	155	108	74	119	145	98	97	30	200	144	109	66	156	150	165	163
0	0	0	0	0	0	0	0	0	0	0	0	0	0	0	0	0	0	0	0	0	0	0	0	0	0	0	0	0	0	0	0	0	0	0	0	0	0	0	0	0	0	0	0	0	0	0	0	0	0	0	0	0	0	0	0	0	0	0	0	0	0	0	0	0	0	0	0	0	0	0	0	0	0	0	0	0	0	0	0	0	0	0	0	0	0	0	0	0	0	0	0	0	0	0	0	0	0	0	0	0	0	0	0	0	0	0	0	156	168	117	151	200	182	79	79	78	124	103	72	151	171	82	116	80	53	156	141
0	0	0	0	0	0	0	0	0	0	0	0	0	0	0	0	0	0	0	0	0	0	0	0	0	0	0	0	0	0	0	0	0	0	0	0	0	0	0	0	0	0	0	0	0	0	0	0	0	0	0	0	0	0	0	0	0	0	0	0	0	0	0	0	0	0	0	0	0	0	0	0	0	0	0	0	0	0	0	0	0	0	0	0	0	0	0	0	0	0	0	0	0	0	0	0	0	0	0	0	0	0	0	0	0	0	0	0	0	140	146	104	130	179	53	98	123	125	124	125	7	119	46	104	98	137	126	130
0	0	0	0	0	0	0	0	0	0	0	0	0	0	0	0	0	0	0	0	0	0	0	0	0	0	0	0	0	0	0	0	0	0	0	0	0	0	0	0	0	0	0	0	0	0	0	0	0	0	0	0	0	0	0	0	0	0	0	0	0	0	0	0	0	0	0	0	0	0	0	0	0	0	0	0	0	0	0	0	0	0	0	0	0	0	0	0	0	0	0	0	0	0	0	0	0	0	0	0	0	0	0	0	0	0	0	0	0	0	179	92	32	68	83	94	172	167	219	128	116	65	160	155	149	51	71	157
0	0	0	0	0	0	0	0	0	0	0	0	0	0	0	0	0	0	0	0	0	0	0	0	0	0	0	0	0	0	0	0	0	0	0	0	0	0	0	0	0	0	0	0	0	0	0	0	0	0	0	0	0	0	0	0	0	0	0	0	0	0	0	0	0	0	0	0	0	0	0	0	0	0	0	0	0	0	0	0	0	0	0	0	0	0	0	0	0	0	0	0	0	0	0	0	0	0	0	0	0	0	0	0	0	0	0	0	0	0	0	92	71	176	123	151	140	175	61	112	111	59	146	133	150	101	17	13
0	0	0	0	0	0	0	0	0	0	0	0	0	0	0	0	0	0	0	0	0	0	0	0	0	0	0	0	0	0	0	0	0	0	0	0	0	0	0	0	0	0	0	0	0	0	0	0	0	0	0	0	0	0	0	0	0	0	0	0	0	0	0	0	0	0	0	0	0	0	0	0	0	0	0	0	0	0	0	0	0	0	0	0	0	0	0	0	0	0	0	0	0	0	0	0	0	0	0	0	0	0	0	0	0	0	0	0	0	0	0	0	137	105	113	178	129	106	180	158	78	67	154	21	95	122	123	132
0	0	0	0	0	0	0	0	0	0	0	0	0	0	0	0	0	0	0	0	0	0	0	0	0	0	0	0	0	0	0	0	0	0	0	0	0	0	0	0	0	0	0	0	0	0	0	0	0	0	0	0	0	0	0	0	0	0	0	0	0	0	0	0	0	0	0	0	0	0	0	0	0	0	0	0	0	0	0	0	0	0	0	0	0	0	0	0	0	0	0	0	0	0	0	0	0	0	0	0	0	0	0	0	0	0	0	0	0	0	0	0	0	117	163	114	144	46	54	69	156	73	22	188	46	41	77	104
0	0	0	0	0	0	0	0	0	0	0	0	0	0	0	0	0	0	0	0	0	0	0	0	0	0	0	0	0	0	0	0	0	0	0	0	0	0	0	0	0	0	0	0	0	0	0	0	0	0	0	0	0	0	0	0	0	0	0	0	0	0	0	0	0	0	0	0	0	0	0	0	0	0	0	0	0	0	0	0	0	0	0	0	0	0	0	0	0	0	0	0	0	0	0	0	0	0	0	0	0	0	0	0	0	0	0	0	0	0	0	0	0	0	59	143	179	213	46	51	178	108	167	55	103	157	147	148
0	0	0	0	0	0	0	0	0	0	0	0	0	0	0	0	0	0	0	0	0	0	0	0	0	0	0	0	0	0	0	0	0	0	0	0	0	0	0	0	0	0	0	0	0	0	0	0	0	0	0	0	0	0	0	0	0	0	0	0	0	0	0	0	0	0	0	0	0	0	0	0	0	0	0	0	0	0	0	0	0	0	0	0	0	0	0	0	0	0	0	0	0	0	0	0	0	0	0	0	0	0	0	0	0	0	0	0	0	0	0	0	0	0	0	169	40	210	114	78	180	132	117	78	83	101	57	75
0	0	0	0	0	0	0	0	0	0	0	0	0	0	0	0	0	0	0	0	0	0	0	0	0	0	0	0	0	0	0	0	0	0	0	0	0	0	0	0	0	0	0	0	0	0	0	0	0	0	0	0	0	0	0	0	0	0	0	0	0	0	0	0	0	0	0	0	0	0	0	0	0	0	0	0	0	0	0	0	0	0	0	0	0	0	0	0	0	0	0	0	0	0	0	0	0	0	0	0	0	0	0	0	0	0	0	0	0	0	0	0	0	0	0	0	81	110	111	112	92	196	87	158	61	101	122	133
0	0	0	0	0	0	0	0	0	0	0	0	0	0	0	0	0	0	0	0	0	0	0	0	0	0	0	0	0	0	0	0	0	0	0	0	0	0	0	0	0	0	0	0	0	0	0	0	0	0	0	0	0	0	0	0	0	0	0	0	0	0	0	0	0	0	0	0	0	0	0	0	0	0	0	0	0	0	0	0	0	0	0	0	0	0	0	0	0	0	0	0	0	0	0	0	0	0	0	0	0	0	0	0	0	0	0	0	0	0	0	0	0	0	0	0	0	80	46	158	141	89	118	140	164	108	167	108
0	0	0	0	0	0	0	0	0	0	0	0	0	0	0	0	0	0	0	0	0	0	0	0	0	0	0	0	0	0	0	0	0	0	0	0	0	0	0	0	0	0	0	0	0	0	0	0	0	0	0	0	0	0	0	0	0	0	0	0	0	0	0	0	0	0	0	0	0	0	0	0	0	0	0	0	0	0	0	0	0	0	0	0	0	0	0	0	0	0	0	0	0	0	0	0	0	0	0	0	0	0	0	0	0	0	0	0	0	0	0	0	0	0	0	0	0	0	126	152	146	100	139	168	101	146	103	90
0	0	0	0	0	0	0	0	0	0	0	0	0	0	0	0	0	0	0	0	0	0	0	0	0	0	0	0	0	0	0	0	0	0	0	0	0	0	0	0	0	0	0	0	0	0	0	0	0	0	0	0	0	0	0	0	0	0	0	0	0	0	0	0	0	0	0	0	0	0	0	0	0	0	0	0	0	0	0	0	0	0	0	0	0	0	0	0	0	0	0	0	0	0	0	0	0	0	0	0	0	0	0	0	0	0	0	0	0	0	0	0	0	0	0	0	0	0	0	74	218	119	117	88	67	234	106	165
0	0	0	0	0	0	0	0	0	0	0	0	0	0	0	0	0	0	0	0	0	0	0	0	0	0	0	0	0	0	0	0	0	0	0	0	0	0	0	0	0	0	0	0	0	0	0	0	0	0	0	0	0	0	0	0	0	0	0	0	0	0	0	0	0	0	0	0	0	0	0	0	0	0	0	0	0	0	0	0	0	0	0	0	0	0	0	0	0	0	0	0	0	0	0	0	0	0	0	0	0	0	0	0	0	0	0	0	0	0	0	0	0	0	0	0	0	0	0	0	163	35	162	78	87	100	74	204
0	0	0	0	0	0	0	0	0	0	0	0	0	0	0	0	0	0	0	0	0	0	0	0	0	0	0	0	0	0	0	0	0	0	0	0	0	0	0	0	0	0	0	0	0	0	0	0	0	0	0	0	0	0	0	0	0	0	0	0	0	0	0	0	0	0	0	0	0	0	0	0	0	0	0	0	0	0	0	0	0	0	0	0	0	0	0	0	0	0	0	0	0	0	0	0	0	0	0	0	0	0	0	0	0	0	0	0	0	0	0	0	0	0	0	0	0	0	0	0	0	106	174	148	140	169	197	94
0	0	0	0	0	0	0	0	0	0	0	0	0	0	0	0	0	0	0	0	0	0	0	0	0	0	0	0	0	0	0	0	0	0	0	0	0	0	0	0	0	0	0	0	0	0	0	0	0	0	0	0	0	0	0	0	0	0	0	0	0	0	0	0	0	0	0	0	0	0	0	0	0	0	0	0	0	0	0	0	0	0	0	0	0	0	0	0	0	0	0	0	0	0	0	0	0	0	0	0	0	0	0	0	0	0	0	0	0	0	0	0	0	0	0	0	0	0	0	0	0	0	211	36	202	109	180	108
0	0	0	0	0	0	0	0	0	0	0	0	0	0	0	0	0	0	0	0	0	0	0	0	0	0	0	0	0	0	0	0	0	0	0	0	0	0	0	0	0	0	0	0	0	0	0	0	0	0	0	0	0	0	0	0	0	0	0	0	0	0	0	0	0	0	0	0	0	0	0	0	0	0	0	0	0	0	0	0	0	0	0	0	0	0	0	0	0	0	0	0	0	0	0	0	0	0	0	0	0	0	0	0	0	0	0	0	0	0	0	0	0	0	0	0	0	0	0	0	0	0	0	114	137	50	116	135
0	0	0	0	0	0	0	0	0	0	0	0	0	0	0	0	0	0	0	0	0	0	0	0	0	0	0	0	0	0	0	0	0	0	0	0	0	0	0	0	0	0	0	0	0	0	0	0	0	0	0	0	0	0	0	0	0	0	0	0	0	0	0	0	0	0	0	0	0	0	0	0	0	0	0	0	0	0	0	0	0	0	0	0	0	0	0	0	0	0	0	0	0	0	0	0	0	0	0	0	0	0	0	0	0	0	0	0	0	0	0	0	0	0	0	0	0	0	0	0	0	0	0	0	88	127	130	105
0	0	0	0	0	0	0	0	0	0	0	0	0	0	0	0	0	0	0	0	0	0	0	0	0	0	0	0	0	0	0	0	0	0	0	0	0	0	0	0	0	0	0	0	0	0	0	0	0	0	0	0	0	0	0	0	0	0	0	0	0	0	0	0	0	0	0	0	0	0	0	0	0	0	0	0	0	0	0	0	0	0	0	0	0	0	0	0	0	0	0	0	0	0	0	0	0	0	0	0	0	0	0	0	0	0	0	0	0	0	0	0	0	0	0	0	0	0	0	0	0	0	0	0	0	169	120	196
0	0	0	0	0	0	0	0	0	0	0	0	0	0	0	0	0	0	0	0	0	0	0	0	0	0	0	0	0	0	0	0	0	0	0	0	0	0	0	0	0	0	0	0	0	0	0	0	0	0	0	0	0	0	0	0	0	0	0	0	0	0	0	0	0	0	0	0	0	0	0	0	0	0	0	0	0	0	0	0	0	0	0	0	0	0	0	0	0	0	0	0	0	0	0	0	0	0	0	0	0	0	0	0	0	0	0	0	0	0	0	0	0	0	0	0	0	0	0	0	0	0	0	0	0	0	90	151
0	0	0	0	0	0	0	0	0	0	0	0	0	0	0	0	0	0	0	0	0	0	0	0	0	0	0	0	0	0	0	0	0	0	0	0	0	0	0	0	0	0	0	0	0	0	0	0	0	0	0	0	0	0	0	0	0	0	0	0	0	0	0	0	0	0	0	0	0	0	0	0	0	0	0	0	0	0	0	0	0	0	0	0	0	0	0	0	0	0	0	0	0	0	0	0	0	0	0	0	0	0	0	0	0	0	0	0	0	0	0	0	0	0	0	0	0	0	0	0	0	0	0	0	0	0	0	170
0	0	0	0	0	0	0	0	0	0	0	0	0	0	0	0	0	0	0	0	0	0	0	0	0	0	0	0	0	0	0	0	0	0	0	0	0	0	0	0	0	0	0	0	0	0	0	0	0	0	0	0	0	0	0	0	0	0	0	0	0	0	0	0	0	0	0	0	0	0	0	0	0	0	0	0	0	0	0	0	0	0	0	0	0	0	0	0	0	0	0	0	0	0	0	0	0	0	0	0	0	0	0	0	0	0	0	0	0	0	0	0	0	0	0	0	0	0	0	0	0	0	0	0	0	0	0	0