0	68	80	120	96	49	100	108	91	27	29	25	45	40	44	30	122	15	102	36	44	24	96	122	31	14	99	13	67	85	117	15	86	34	14	114	24	97	69	18	99	15	111	107	25	48	18	65	65	78	83	99	96	55	5	63	39	69	56	70	100	102	22	91	72	127	92	77	2	91	3	81	60	18	41	86	126	89	83	98	23	47	54	42	86	41	100	120	68	75	14	111	128	127	102	31	88	34	98	22	115	3	19	69	17	113	84	125	47	8	69	60	122	76	16	8	67	128	118	78	69	11	98	9	32	73	103	41
0	0	37	112	89	112	53	59	46	117	94	43	114	75	64	92	125	97	65	46	101	50	28	10	19	60	66	70	105	121	3	77	37	105	109	129	15	76	2	94	23	69	12	82	23	91	109	89	23	111	112	127	102	128	63	62	113	35	71	31	16	22	29	118	71	67	14	126	15	120	64	71	10	54	38	25	103	88	25	18	113	11	3	65	80	37	60	102	114	81	58	28	15	61	21	52	124	7	18	66	84	69	9	21	6	67	107	48	116	40	39	17	43	60	123	75	126	20	8	82	12	53	81	38	55	20	97	54
0	0	0	91	34	45	109	5	35	5	13	51	52	23	97	67	31	73	98	100	6	107	119	89	21	72	45	56	51	119	65	59	112	81	53	73	80	9	48	79	6	128	40	25	117	22	103	59	15	26	29	122	71	88	4	5	98	59	47	117	2	61	74	53	9	120	49	116	76	7	127	58	34	44	100	97	74	16	48	27	39	49	130	32	47	50	117	54	82	130	49	7	88	6	80	87	100	3	12	86	86	38	35	41	27	19	7	73	92	18	84	121	68	38	14	61	33	96	20	46	28	86	103	40	73	10	43	74
0	0	0	0	101	13	70	41	4	126	18	126	109	74	97	124	66	126	98	49	71	116	118	19	59	98	27	91	95	96	123	34	70	12	81	108	32	71	63	83	43	126	46	126	49	91	97	44	31	31	106	108	101	75	88	104	62	31	77	123	69	94	82	56	19	14	121	97	72	109	45	41	50	122	8	8	106	88	40	87	84	40	61	54	24	129	98	97	12	35	89	43	85	60	54	94	106	102	65	62	104	53	56	38	118	10	37	122	56	99	43	123	36	63	50	129	88	121	61	23	95	126	63	126	92	130	111	128
0	0	0	0	0	131	125	89	8	26	46	111	27	72	75	23	87	92	48	70	132	38	44	100	87	68	104	102	106	52	125	122	64	47	8	85	31	60	102	120	58	45	109	89	115	128	95	104	4	85	87	40	96	88	47	18	94	58	51	36	67	6	86	35	17	82	37	42	128	93	68	64	97	26	122	71	76	51	58	88	111	112	90	79	3	131	110	90	8	48	54	116	98	113	102	102	40	93	49	56	16	63	92	119	109	53	25	13	74	46	58	4	112	99	34	81	97	127	42	118	34	17	99	13	28	47	88	83
0	0	0	0	0	0	69	107	59	10	75	90	104	94	39	36	130	113	9	83	45	82	88	10	36	99	76	63	84	126	2	32	44	87	6	11	38	42	79	70	77	31	39	50	110	29	12	45	86	108	112	112	28	104	88	19	131	121	65	30	16	111	86	85	15	42	99	59	8	47	25	126	90	12	79	64	52	50	45	116	55	83	115	107	123	92	102	110	118	80	29	42	52	55	57	129	14	74	121	59	40	8	93	51	57	86	91	86	94	91	47	123	30	18	55	6	55	84	49	66	30	123	58	119	101	12	119	110
0	0	0	0	0	0	0	50	43	107	122	108	50	27	52	69	33	48	54	40	110	9	31	110	133	69	97	97	96	60	71	84	125	88	81	79	99	42	132	27	34	73	109	123	52	119	39	82	69	34	83	43	74	123	48	104	26	78	106	28	73	64	124	54	94	111	4	59	7	56	64	24	96	28	63	73	131	71	93	118	56	62	104	78	30	96	52	61	7	100	95	86	24	77	100	67	46	14	13	52	84	88	17	99	52	97	38	30	99	22	34	68	83	71	129	18	36	57	129	96	32	58	5	109	46	50	73	20
0	0	0	0	0	0	0	0	58	23	111	130	10	54	121	102	90	100	68	29	80	106	97	85	78	57	25	24	27	87	4	82	4	42	74	80	26	18	31	12	55	13	35	61	110	61	126	39	112	92	106	124	99	23	112	61	53	19	91	26	40	81	83	102	51	100	115	116	97	115	50	33	58	129	60	57	104	106	81	99	34	100	26	34	122	76	122	25	93	86	124	80	35	72	19	99	56	55	87	97	118	30	56	66	128	85	19	38	43	16	102	124	103	18	105	107	89	116	10	121	19	124	69	40	120	49	125	32
0	0	0	0	0	0	0	0	0	30	13	59	73	87	24	84	53	81	110	26	49	89	109	16	12	50	96	86	15	108	33	43	75	48	17	58	44	75	94	132	18	107	54	23	124	76	115	103	74	50	25	80	98	97	38	12	38	60	123	129	50	70	83	57	128	81	57	91	39	23	52	49	37	105	5	121	124	120	109	130	58	83	112	40	24	110	119	131	15	97	115	127	131	89	31	44	47	70	4	33	29	67	22	106	30	91	24	26	126	74	65	17	36	103	30	30	20	131	113	133	91	108	79	120	20	87	11	122
0	0	0	0	0	0	0	0	0	0	60	13	40	44	25	118	65	64	106	95	70	53	25	116	10	20	75	35	121	78	55	47	110	64	55	119	6	111	101	132	116	107	36	60	129	57	26	115	33	129	36	63	101	82	36	26	29	56	46	128	73	83	7	110	107	16	56	109	106	31	32	89	10	116	63	79	6	55	12	48	35	37	41	33	34	11	123	123	45	30	58	94	19	126	126	122	28	53	36	91	49	51	128	13	31	6	53	83	43	36	117	134	21	56	118	63	93	46	68	94	104	132	95	35	42	38	34	60
0	0	0	0	0	0	0	0	0	0	0	87	17	106	106	123	39	54	41	110	102	92	67	39	21	85	101	49	79	32	126	77	131	118	115	126	39	66	94	91	44	107	115	73	13	35	127	101	106	117	82	37	9	82	133	84	17	34	107	112	94	15	84	35	81	115	15	22	66	69	51	50	109	11	29	100	80	23	12	129	99	13	18	44	87	115	36	77	99	43	53	12	51	121	109	45	102	41	80	46	115	56	125	19	43	52	21	117	41	89	46	103	89	31	107	109	13	87	113	115	47	71	11	41	9	62	58	23
0	0	0	0	0	0	0	0	0	0	0	0	91	19	69	53	46	47	17	80	74	108	130	122	10	91	129	94	66	130	8	42	88	104	57	61	117	108	93	68	140	71	104	79	73	106	77	14	124	123	127	97	52	16	120	86	84	84	71	55	8	25	112	43	85	132	89	44	49	11	50	68	32	77	96	76	42	94	63	8	60	70	114	69	21	68	61	14	25	98	21	13	106	21	40	25	84	30	97	53	10	130	82	126	28	74	26	71	89	31	109	108	102	31	88	87	82	100	42	79	118	36	125	97	122	118	133	13
0	0	0	0	0	0	0	0	0	0	0	0	0	98	85	114	73	53	66	114	74	27	67	76	63	49	58	85	68	63	84	87	97	82	56	80	103	28	137	16	91	7	52	49	106	101	33	27	43	107	55	125	127	120	31	27	39	48	16	39	39	69	63	17	22	26	13	84	96	75	38	47	84	22	127	109	30	113	133	9	119	134	100	37	94	89	74	53	21	107	121	28	86	131	119	92	14	35	122	42	75	101	95	49	13	34	26	96	85	42	110	97	67	72	51	113	127	105	7	59	134	58	58	20	77	12	88	93
0	0	0	0	0	0	0	0	0	0	0	0	0	0	67	92	42	127	97	114	129	117	86	57	110	106	96	31	12	80	79	79	43	39	69	116	47	29	32	95	101	71	84	95	135	54	135	11	104	86	91	132	112	42	14	31	86	25	35	58	66	51	129	124	129	8	115	52	46	42	101	91	25	59	63	43	12	131	45	110	123	47	119	77	122	93	105	32	38	62	86	49	96	101	141	39	84	47	56	77	80	138	13	38	90	118	89	15	72	117	11	134	59	70	41	39	24	69	51	88	23	10	48	94	104	121	72	113
0	0	0	0	0	0	0	0	0	0	0	0	0	0	0	26	65	125	113	109	72	95	62	16	29	114	85	115	60	92	99	109	68	94	15	65	71	110	20	91	124	125	52	78	21	57	60	26	59	98	14	33	97	34	63	105	80	120	118	115	136	52	36	54	56	92	44	18	30	110	86	110	13	84	57	78	35	68	75	90	54	38	100	125	33	121	122	43	51	130	93	122	101	143	41	18	113	89	28	129	33	82	39	24	130	75	38	23	73	139	60	82	133	111	114	96	47	10	61	115	12	107	33	116	50	66	14	113
0	0	0	0	0	0	0	0	0	0	0	0	0	0	0	0	82	71	113	91	136	16	37	51	74	74	86	94	85	137	22	19	23	15	110	60	108	128	78	56	63	58	100	62	18	13	120	111	81	35	78	40	41	132	119	32	62	127	29	100	29	39	48	32	81	119	94	134	75	141	42	48	106	102	22	85	81	55	113	8	70	46	32	106	94	117	110	103	108	85	90	124	101	68	110	121	20	133	82	64	95	59	46	89	111	22	93	99	51	39	141	132	35	119	37	43	102	115	36	70	123	134	84	124	132	23	98	109
0	0	0	0	0	0	0	0	0	0	0	0	0	0	0	0	0	25	118	91	118	87	17	11	114	36	133	89	130	28	118	27	134	92	46	104	90	102	57	4	64	54	29	84	63	99	100	100	48	42	132	37	112	122	102	44	123	104	122	32	20	44	84	63	35	57	119	51	13	91	86	120	45	119	133	122	40	68	96	18	88	143	37	87	60	89	89	90	54	80	125	23	21	64	59	143	51	6	39	125	48	42	38	113	98	54	137	103	22	113	56	82	10	141	124	105	85	131	46	17	25	62	39	117	35	115	85	64
0	0	0	0	0	0	0	0	0	0	0	0	0	0	0	0	0	0	50	34	11	82	142	46	104	56	75	123	47	125	47	61	44	47	93	23	39	19	66	10	40	124	44	125	44	81	142	131	129	90	18	132	87	111	25	39	137	50	137	27	19	125	55	120	128	42	70	116	69	24	90	32	68	116	133	14	109	55	60	115	56	97	130	46	72	89	42	97	110	60	51	29	61	81	22	21	40	119	110	68	24	100	105	127	69	72	44	27	120	37	12	130	134	104	22	86	83	53	116	117	29	68	114	81	122	31	27	122
0	0	0	0	0	0	0	0	0	0	0	0	0	0	0	0	0	0	0	60	68	43	34	87	30	96	23	106	106	82	52	42	78	119	116	138	106	13	58	44	122	94	21	112	51	23	33	108	46	43	43	112	111	24	52	109	119	132	55	94	92	103	134	101	33	66	80	26	72	22	38	90	75	39	23	19	133	45	56	19	128	67	110	92	44	53	9	7	83	65	72	124	56	22	140	105	30	142	107	117	35	80	106	86	39	114	115	137	78	35	20	121	53	78	123	48	81	131	73	103	53	55	41	54	28	55	101	61
0	0	0	0	0	0	0	0	0	0	0	0	0	0	0	0	0	0	0	0	49	69	37	19	56	131	126	56	70	57	22	26	72	50	84	111	92	139	64	61	69	13	20	79	38	84	70	44	129	58	53	44	51	29	117	77	32	114	22	138	55	98	74	121	88	100	46	74	105	29	141	135	29	86	103	128	117	50	101	125	40	44	77	11	30	123	110	136	39	118	107	124	128	28	16	105	84	61	50	87	8	25	48	72	125	52	93	92	44	92	94	128	121	35	94	13	95	73	127	106	104	67	26	32	91	38	35	51
0	0	0	0	0	0	0	0	0	0	0	0	0	0	0	0	0	0	0	0	0	14	74	130	29	86	81	121	13	136	118	74	23	55	137	19	105	106	47	88	103	116	32	79	44	82	112	106	35	72	78	71	83	42	43	21	61	41	103	71	78	61	128	109	40	14	35	70	129	61	25	119	71	92	34	52	116	94	89	122	127	49	7	77	134	40	114	139	138	105	95	25	40	112	47	115	113	71	131	62	120	46	31	38	28	23	83	120	135	108	119	122	95	31	24	83	101	91	123	56	131	19	40	64	6	73	88	84
0	0	0	0	0	0	0	0	0	0	0	0	0	0	0	0	0	0	0	0	0	0	63	85	45	86	65	83	76	128	52	118	17	59	73	6	92	24	38	49	29	25	64	95	53	16	11	30	23	120	110	111	133	93	17	77	21	53	68	92	38	103	19	89	63	87	40	135	113	56	81	31	24	13	63	97	110	86	104	84	55	29	138	118	89	143	94	100	38	60	43	109	37	40	132	121	127	53	9	99	65	22	57	106	46	89	120	64	52	139	82	57	145	107	120	61	105	39	106	113	50	37	66	15	41	131	127	79
0	0	0	0	0	0	0	0	0	0	0	0	0	0	0	0	0	0	0	0	0	0	0	53	123	121	26	81	69	129	96	141	52	96	134	127	110	81	59	31	66	87	113	49	124	43	108	32	100	134	44	125	42	64	78	127	128	85	39	79	72	35	41	51	66	121	146	105	53	112	21	131	128	49	53	76	64	46	113	78	141	44	58	55	72	117	115	126	48	47	37	107	94	12	58	29	57	10	36	125	118	16	130	45	125	28	137	104	84	77	61	117	42	120	97	142	68	44	82	87	74	20	28	39	40	50	75	116
0	0	0	0	0	0	0	0	0	0	0	0	0	0	0	0	0	0	0	0	0	0	0	0	86	102	148	65	26	119	107	106	84	54	111	120	36	119	105	114	32	42	35	35	121	69	113	88	121	35	69	120	69	48	60	99	92	53	70	143	126	95	72	33	6	56	37	124	102	61	52	92	46	127	106	119	101	90	129	72	76	87	130	49	31	68	124	22	102	20	71	139	49	45	17	130	111	31	77	51	81	98	90	75	100	57	49	65	105	88	22	125	134	30	101	68	137	78	65	26	98	21	65	90	86	104	104	94
0	0	0	0	0	0	0	0	0	0	0	0	0	0	0	0	0	0	0	0	0	0	0	0	0	64	136	70	45	71	91	114	55	28	21	56	62	132	64	93	106	97	24	99	117	127	128	132	102	70	137	60	92	46	72	77	103	24	108	65	28	25	38	38	106	55	47	29	112	75	72	89	63	129	59	114	129	78	32	134	33	111	71	57	82	54	18	110	33	15	49	140	31	85	121	42	53	142	134	102	84	41	58	97	56	121	88	26	89	74	111	88	20	38	90	105	14	56	96	98	34	80	74	32	145	35	60	40
0	0	0	0	0	0	0	0	0	0	0	0	0	0	0	0	0	0	0	0	0	0	0	0	0	0	54	121	60	70	75	90	70	28	47	100	10	122	73	44	119	67	60	7	97	37	127	141	79	40	132	43	80	67	109	117	68	46	52	133	68	9	116	55	73	34	54	33	121	141	129	141	101	60	121	134	71	22	114	141	95	136	130	58	64	50	141	28	132	19	129	28	74	80	130	39	75	74	63	5	109	116	27	69	16	102	121	11	58	48	30	144	82	83	14	28	33	144	131	107	70	9	58	121	27	34	141	55
0	0	0	0	0	0	0	0	0	0	0	0	0	0	0	0	0	0	0	0	0	0	0	0	0	0	0	111	50	63	88	50	69	74	23	95	112	12	147	26	60	66	97	31	74	73	66	49	38	11	140	93	116	111	107	41	75	58	96	84	100	33	127	101	53	74	89	81	74	107	72	131	128	14	68	90	121	105	50	85	9	96	12	48	61	46	40	28	113	42	112	116	53	134	100	9	57	81	121	87	59	22	78	101	40	108	41	85	38	66	116	93	37	84	38	30	48	58	136	75	65	101	79	142	50	76	137	63
0	0	0	0	0	0	0	0	0	0	0	0	0	0	0	0	0	0	0	0	0	0	0	0	0	0	0	0	35	41	80	54	66	75	43	69	110	60	40	33	87	145	114	16	64	72	44	34	85	152	41	49	113	112	124	136	76	121	100	61	29	77	77	122	99	140	134	127	29	137	24	51	100	103	26	59	80	77	82	50	59	113	6	76	132	98	71	17	117	58	51	15	34	52	31	86	17	15	62	62	36	119	139	78	64	127	68	38	24	14	73	58	29	11	54	54	37	16	88	90	62	48	45	46	100	79	82	64
0	0	0	0	0	0	0	0	0	0	0	0	0	0	0	0	0	0	0	0	0	0	0	0	0	0	0	0	0	74	62	79	23	21	119	34	29	74	43	124	111	67	32	64	36	18	104	85	25	51	24	43	47	77	35	118	71	59	105	31	42	124	43	132	80	132	69	89	83	105	29	107	25	68	102	60	46	125	114	65	87	95	48	60	50	62	134	81	109	43	149	31	24	39	9	67	101	26	34	114	22	20	102	86	108	48	48	80	54	53	100	48	107	68	55	91	102	44	49	125	139	142	143	138	46	151	58	97
0	0	0	0	0	0	0	0	0	0	0	0	0	0	0	0	0	0	0	0	0	0	0	0	0	0	0	0	0	0	102	28	65	134	111	127	57	84	101	134	87	121	122	28	29	119	72	145	87	50	138	27	90	42	90	61	10	56	52	80	68	92	33	119	36	33	56	86	27	139	143	66	32	138	127	5	68	92	61	7	140	44	34	101	59	71	84	75	74	127	51	7	73	116	131	139	122	144	74	41	128	88	92	39	85	126	26	96	138	125	38	143	91	84	59	110	16	88	67	71	38	127	46	148	90	120	133	32
0	0	0	0	0	0	0	0	0	0	0	0	0	0	0	0	0	0	0	0	0	0	0	0	0	0	0	0	0	0	0	27	50	36	59	68	135	6	69	136	53	153	49	133	83	102	20	128	124	93	62	130	108	98	142	30	106	16	142	118	43	61	121	53	35	80	105	153	112	45	134	152	73	12	69	115	126	133	127	61	10	151	118	56	119	78	47	29	106	47	53	46	140	40	111	69	76	83	58	24	48	90	59	43	75	24	87	17	35	133	47	39	77	22	114	102	69	23	114	122	84	90	102	99	32	143	68	94
0	0	0	0	0	0	0	0	0	0	0	0	0	0	0	0	0	0	0	0	0	0	0	0	0	0	0	0	0	0	0	0	68	95	62	31	37	131	132	60	150	45	80	76	108	59	86	29	133	76	67	39	71	51	66	89	66	100	55	35	7	103	117	124	74	114	104	77	59	34	29	112	43	42	56	32	96	57	101	132	98	75	93	33	109	137	144	110	50	91	117	33	67	28	135	29	46	80	133	133	62	39	58	27	113	100	10	105	14	62	127	33	87	61	89	104	74	61	59	23	31	131	54	63	61	75	55	77
0	0	0	0	0	0	0	0	0	0	0	0	0	0	0	0	0	0	0	0	0	0	0	0	0	0	0	0	0	0	0	0	0	23	140	18	129	152	98	64	75	42	58	118	96	127	75	36	157	93	71	53	19	66	57	94	42	129	84	147	141	43	38	108	145	75	59	60	129	134	153	73	113	135	91	75	76	108	133	97	117	90	32	53	13	123	41	88	149	84	55	90	7	31	114	102	116	92	130	66	40	117	90	95	55	24	120	51	14	28	71	111	69	74	75	125	133	27	91	8	82	54	68	39	133	15	93	89
0	0	0	0	0	0	0	0	0	0	0	0	0	0	0	0	0	0	0	0	0	0	0	0	0	0	0	0	0	0	0	0	0	0	80	13	86	73	116	102	83	114	83	71	60	53	142	107	107	66	98	9	67	40	132	39	56	62	28	116	95	114	38	111	112	31	82	53	82	37	28	59	45	67	68	39	18	112	156	35	37	111	78	45	115	109	98	112	149	49	62	32	53	123	93	16	125	131	130	38	84	92	50	54	69	130	14	62	77	73	93	24	109	101	21	108	63	80	115	18	115	45	115	136	21	56	129	37
0	0	0	0	0	0	0	0	0	0	0	0	0	0	0	0	0	0	0	0	0	0	0	0	0	0	0	0	0	0	0	0	0	0	0	94	33	114	56	92	20	144	46	69	12	116	83	120	44	118	117	82	70	87	136	138	16	133	108	150	62	81	85	26	47	70	33	138	102	110	72	129	147	97	124	119	134	120	47	105	134	105	86	105	120	54	124	134	52	111	103	115	137	32	38	49	154	72	107	64	89	73	33	97	22	94	51	109	52	77	56	96	92	25	21	114	136	91	87	47	44	115	23	70	73	44	87	48
0	0	0	0	0	0	0	0	0	0	0	0	0	0	0	0	0	0	0	0	0	0	0	0	0	0	0	0	0	0	0	0	0	0	0	0	78	59	32	123	108	137	133	96	101	71	72	44	134	30	112	48	85	98	55	147	48	82	65	33	25	119	135	78	104	74	109	29	91	102	82	119	85	139	117	68	131	107	111	31	119	128	16	119	20	33	123	43	86	89	105	152	36	87	41	77	51	40	10	107	98	61	53	82	155	36	57	65	65	34	78	101	152	52	56	69	88	121	32	78	132	145	18	26	131	102	145	92
0	0	0	0	0	0	0	0	0	0	0	0	0	0	0	0	0	0	0	0	0	0	0	0	0	0	0	0	0	0	0	0	0	0	0	0	0	50	113	127	51	133	150	85	53	77	128	108	138	65	63	118	79	60	57	11	156	31	50	105	20	112	48	57	122	44	78	65	123	29	116	97	106	106	28	25	28	107	81	52	48	106	102	152	50	77	106	18	151	43	80	105	77	146	106	113	127	22	61	75	110	15	84	32	79	100	111	53	161	108	80	107	88	144	95	36	69	55	62	143	62	63	55	113	145	44	109	102
0	0	0	0	0	0	0	0	0	0	0	0	0	0	0	0	0	0	0	0	0	0	0	0	0	0	0	0	0	0	0	0	0	0	0	0	0	0	92	84	113	142	97	91	7	35	28	14	164	76	24	87	119	81	50	41	102	46	104	34	88	112	75	102	78	92	81	129	47	88	121	30	93	104	18	80	49	73	132	48	62	120	63	46	78	92	115	136	104	71	47	78	93	50	107	71	97	88	38	92	95	109	83	111	153	104	68	104	81	47	95	16	27	62	26	48	7	100	101	57	104	37	113	121	57	124	137	105
0	0	0	0	0	0	0	0	0	0	0	0	0	0	0	0	0	0	0	0	0	0	0	0	0	0	0	0	0	0	0	0	0	0	0	0	0	0	0	78	68	106	102	46	115	81	103	51	72	100	78	80	54	65	134	89	16	76	104	50	60	79	41	113	30	39	61	145	20	128	73	134	141	122	121	143	100	125	64	25	106	94	79	149	47	88	120	60	152	82	66	35	37	67	47	40	62	46	69	93	106	105	142	24	133	88	69	60	35	130	115	86	107	87	90	132	93	126	137	102	101	23	86	44	151	126	148	99
0	0	0	0	0	0	0	0	0	0	0	0	0	0	0	0	0	0	0	0	0	0	0	0	0	0	0	0	0	0	0	0	0	0	0	0	0	0	0	0	94	55	53	121	90	54	85	97	96	146	32	67	76	60	112	65	105	37	61	38	91	95	140	18	40	111	54	137	160	79	148	60	59	26	146	62	29	61	87	101	69	65	101	94	86	63	52	28	119	39	64	48	127	120	119	51	73	74	51	123	82	97	157	82	105	115	88	60	33	164	121	165	33	61	30	114	110	134	89	25	81	90	32	64	147	132	60	38
0	0	0	0	0	0	0	0	0	0	0	0	0	0	0	0	0	0	0	0	0	0	0	0	0	0	0	0	0	0	0	0	0	0	0	0	0	0	0	0	0	49	94	139	88	99	140	51	77	71	34	127	115	45	115	64	32	110	89	100	73	127	142	100	69	96	50	70	129	114	143	71	132	35	20	115	107	62	101	99	89	49	114	61	76	42	114	114	31	37	79	86	136	14	129	46	107	110	71	99	74	126	146	165	45	129	42	40	53	148	61	39	138	101	17	42	100	89	115	85	77	130	125	81	120	54	128	126
0	0	0	0	0	0	0	0	0	0	0	0	0	0	0	0	0	0	0	0	0	0	0	0	0	0	0	0	0	0	0	0	0	0	0	0	0	0	0	0	0	0	83	124	125	39	89	130	129	80	145	51	51	129	150	25	132	132	98	26	86	145	48	154	111	37	113	60	92	52	40	134	27	111	40	53	129	129	26	121	148	128	56	96	110	138	127	97	142	111	52	119	104	25	61	86	118	152	132	55	69	33	41	113	77	145	29	166	132	28	74	164	94	105	118	53	43	10	117	112	58	137	81	109	32	43	144	129
0	0	0	0	0	0	0	0	0	0	0	0	0	0	0	0	0	0	0	0	0	0	0	0	0	0	0	0	0	0	0	0	0	0	0	0	0	0	0	0	0	0	0	135	69	77	115	73	82	30	39	146	147	68	100	120	116	78	89	109	47	123	131	53	64	45	141	129	127	100	81	30	109	85	47	65	72	54	87	117	50	103	150	78	96	105	31	110	125	90	77	53	83	10	10	140	38	122	125	136	67	38	14	19	16	125	57	42	43	131	51	27	66	106	50	80	111	144	124	116	34	103	62	104	85	72	144	12
0	0	0	0	0	0	0	0	0	0	0	0	0	0	0	0	0	0	0	0	0	0	0	0	0	0	0	0	0	0	0	0	0	0	0	0	0	0	0	0	0	0	0	0	135	26	132	60	86	146	27	133	79	50	48	155	66	125	138	89	68	77	75	76	38	64	124	79	129	73	138	161	98	98	109	128	101	94	125	127	66	109	69	90	67	52	107	61	63	44	67	147	30	142	135	71	68	169	115	163	99	92	129	30	92	136	133	68	86	96	156	41	25	70	31	140	112	122	25	36	23	25	52	36	68	28	121	52
0	0	0	0	0	0	0	0	0	0	0	0	0	0	0	0	0	0	0	0	0	0	0	0	0	0	0	0	0	0	0	0	0	0	0	0	0	0	0	0	0	0	0	0	0	66	117	152	80	122	101	78	77	36	42	120	146	109	114	49	93	76	104	43	129	134	149	53	76	109	89	58	128	64	77	38	77	125	72	22	86	40	122	95	138	19	132	134	38	121	82	107	132	73	104	117	81	69	68	87	130	54	87	130	50	94	96	57	129	71	135	67	59	47	41	113	99	105	58	122	52	156	83	71	79	89	68	34
0	0	0	0	0	0	0	0	0	0	0	0	0	0	0	0	0	0	0	0	0	0	0	0	0	0	0	0	0	0	0	0	0	0	0	0	0	0	0	0	0	0	0	0	0	0	29	139	112	71	153	138	114	139	104	120	62	88	121	151	120	44	45	77	131	114	96	67	10	53	31	127	102	88	4	35	40	31	81	130	107	11	103	76	19	35	105	95	162	45	46	88	51	88	122	36	70	99	148	16	147	52	39	170	58	109	59	18	48	31	81	38	25	142	131	121	139	127	90	113	90	125	114	55	82	129	92	61
0	0	0	0	0	0	0	0	0	0	0	0	0	0	0	0	0	0	0	0	0	0	0	0	0	0	0	0	0	0	0	0	0	0	0	0	0	0	0	0	0	0	0	0	0	0	0	89	99	99	85	34	87	72	61	15	68	102	104	8	124	135	143	127	152	101	145	8	35	83	121	111	29	150	82	134	50	113	50	137	114	79	148	65	104	108	63	134	47	80	23	165	128	144	85	127	65	77	122	60	148	80	79	77	118	65	71	40	45	34	41	75	138	167	54	56	56	160	155	125	86	78	128	79	158	50	32	52
0	0	0	0	0	0	0	0	0	0	0	0	0	0	0	0	0	0	0	0	0	0	0	0	0	0	0	0	0	0	0	0	0	0	0	0	0	0	0	0	0	0	0	0	0	0	0	0	76	135	116	89	146	65	118	50	125	71	24	139	138	58	89	155	109	136	62	68	102	27	55	34	54	74	114	59	44	32	16	61	50	47	148	140	25	95	37	157	106	124	115	74	132	85	125	62	51	84	111	82	97	144	148	82	24	110	87	61	125	94	23	147	122	75	101	43	75	18	89	43	113	151	135	85	91	142	164	104
0	0	0	0	0	0	0	0	0	0	0	0	0	0	0	0	0	0	0	0	0	0	0	0	0	0	0	0	0	0	0	0	0	0	0	0	0	0	0	0	0	0	0	0	0	0	0	0	0	76	42	88	118	86	14	128	159	155	110	88	81	88	25	74	86	137	40	17	46	144	47	63	137	92	45	111	58	96	76	109	132	84	95	56	159	101	55	81	124	71	67	95	62	59	55	104	85	52	106	94	91	116	124	65	141	151	102	79	66	127	76	77	65	112	26	86	10	126	141	119	136	58	73	135	91	74	56	53
0	0	0	0	0	0	0	0	0	0	0	0	0	0	0	0	0	0	0	0	0	0	0	0	0	0	0	0	0	0	0	0	0	0	0	0	0	0	0	0	0	0	0	0	0	0	0	0	0	0	152	27	130	148	35	143	78	53	130	96	134	56	166	68	75	151	102	78	87	80	125	129	102	36	134	138	37	159	14	39	39	81	54	65	75	55	12	47	78	166	33	159	59	87	92	159	115	88	88	106	87	74	32	100	140	22	73	138	29	129	44	126	92	131	49	85	55	152	117	74	41	40	41	136	78	145	149	128
0	0	0	0	0	0	0	0	0	0	0	0	0	0	0	0	0	0	0	0	0	0	0	0	0	0	0	0	0	0	0	0	0	0	0	0	0	0	0	0	0	0	0	0	0	0	0	0	0	0	0	54	166	81	114	162	25	26	145	150	98	109	36	97	159	114	139	91	141	99	65	55	82	90	135	121	88	68	38	60	53	123	163	46	42	16	75	140	110	134	62	76	134	147	69	26	103	63	54	141	66	144	92	110	56	96	117	46	92	25	52	151	120	101	59	110	67	82	104	159	19	61	99	79	41	133	40	131
0	0	0	0	0	0	0	0	0	0	0	0	0	0	0	0	0	0	0	0	0	0	0	0	0	0	0	0	0	0	0	0	0	0	0	0	0	0	0	0	0	0	0	0	0	0	0	0	0	0	0	0	43	165	99	72	11	102	28	56	156	150	139	83	42	77	112	143	43	144	63	83	75	123	95	148	77	29	156	37	67	164	60	143	46	67	93	138	126	118	118	148	129	32	108	77	44	54	71	67	149	160	99	129	93	140	20	125	43	148	55	22	31	36	39	79	144	147	97	60	127	47	95	151	105	35	128	65
0	0	0	0	0	0	0	0	0	0	0	0	0	0	0	0	0	0	0	0	0	0	0	0	0	0	0	0	0	0	0	0	0	0	0	0	0	0	0	0	0	0	0	0	0	0	0	0	0	0	0	0	0	180	21	61	96	64	5	148	110	64	43	115	54	47	111	58	84	57	131	33	145	41	121	171	88	84	77	59	113	94	98	81	60	37	63	42	87	36	61	128	101	104	15	24	24	60	62	81	69	69	43	120	104	110	132	75	133	178	116	87	29	138	36	6	86	105	133	92	87	86	122	133	96	112	119	79
0	0	0	0	0	0	0	0	0	0	0	0	0	0	0	0	0	0	0	0	0	0	0	0	0	0	0	0	0	0	0	0	0	0	0	0	0	0	0	0	0	0	0	0	0	0	0	0	0	0	0	0	0	0	25	111	47	91	96	132	141	63	14	96	124	71	126	103	98	62	24	96	67	51	73	66	14	42	67	130	83	85	84	136	70	158	57	66	111	66	96	75	85	96	43	126	129	137	126	72	137	134	123	88	40	20	77	94	70	87	37	58	134	104	171	131	111	132	161	59	134	79	103	18	65	171	69	87
0	0	0	0	0	0	0	0	0	0	0	0	0	0	0	0	0	0	0	0	0	0	0	0	0	0	0	0	0	0	0	0	0	0	0	0	0	0	0	0	0	0	0	0	0	0	0	0	0	0	0	0	0	0	0	114	69	156	137	85	73	128	159	92	156	66	172	13	98	108	77	135	54	63	158	57	72	54	98	24	60	152	114	24	77	116	139	83	100	70	40	162	24	76	61	122	47	134	129	128	87	45	85	23	132	101	155	142	47	66	70	79	132	18	104	111	19	40	33	80	69	78	107	167	123	76	70	103
0	0	0	0	0	0	0	0	0	0	0	0	0	0	0	0	0	0	0	0	0	0	0	0	0	0	0	0	0	0	0	0	0	0	0	0	0	0	0	0	0	0	0	0	0	0	0	0	0	0	0	0	0	0	0	0	82	60	105	122	42	85	133	161	125	92	116	26	122	76	176	50	22	130	122	82	47	49	59	110	95	117	129	66	18	78	92	159	115	110	102	45	56	131	106	120	131	50	162	32	76	41	23	118	81	66	35	106	102	87	54	144	82	63	70	95	88	67	50	112	154	55	57	76	53	96	124	82
0	0	0	0	0	0	0	0	0	0	0	0	0	0	0	0	0	0	0	0	0	0	0	0	0	0	0	0	0	0	0	0	0	0	0	0	0	0	0	0	0	0	0	0	0	0	0	0	0	0	0	0	0	0	0	0	0	39	54	98	113	145	46	91	61	66	99	162	121	141	163	95	83	140	84	106	115	124	140	41	95	37	100	52	86	136	84	91	67	52	13	148	30	101	60	41	132	92	72	84	98	175	42	129	141	105	46	129	105	122	99	120	58	38	176	45	35	111	69	130	53	141	36	136	145	135	57	109
0	0	0	0	0	0	0	0	0	0	0	0	0	0	0	0	0	0	0	0	0	0	0	0	0	0	0	0	0	0	0	0	0	0	0	0	0	0	0	0	0	0	0	0	0	0	0	0	0	0	0	0	0	0	0	0	0	0	131	156	68	40	65	113	153	107	77	30	94	108	20	145	141	159	160	44	28	9	138	149	49	95	59	10	112	122	92	37	113	167	127	101	76	119	100	155	48	74	139	124	169	29	70	41	47	83	116	112	63	133	118	73	47	55	154	125	174	83	115	96	119	56	97	131	55	49	132	24
0	0	0	0	0	0	0	0	0	0	0	0	0	0	0	0	0	0	0	0	0	0	0	0	0	0	0	0	0	0	0	0	0	0	0	0	0	0	0	0	0	0	0	0	0	0	0	0	0	0	0	0	0	0	0	0	0	0	0	74	169	60	51	42	123	63	165	104	116	131	106	120	87	44	158	138	131	74	68	37	84	96	26	61	22	111	133	91	163	52	100	89	68	73	30	76	120	132	138	117	163	96	50	82	50	107	177	34	110	128	138	113	144	145	140	59	150	60	36	111	60	176	61	13	31	121	37	73
0	0	0	0	0	0	0	0	0	0	0	0	0	0	0	0	0	0	0	0	0	0	0	0	0	0	0	0	0	0	0	0	0	0	0	0	0	0	0	0	0	0	0	0	0	0	0	0	0	0	0	0	0	0	0	0	0	0	0	0	99	60	101	103	176	68	81	58	86	134	82	130	110	77	102	79	141	133	150	28	129	138	130	7	38	105	84	89	82	91	18	97	139	138	43	13	87	111	53	63	123	144	131	137	132	162	92	15	148	9	76	96	77	84	62	100	64	84	101	38	131	115	143	170	105	106	64	126
0	0	0	0	0	0	0	0	0	0	0	0	0	0	0	0	0	0	0	0	0	0	0	0	0	0	0	0	0	0	0	0	0	0	0	0	0	0	0	0	0	0	0	0	0	0	0	0	0	0	0	0	0	0	0	0	0	0	0	0	0	106	78	128	128	130	91	16	74	99	107	129	100	139	142	133	3	102	43	121	164	18	61	161	112	108	89	111	15	89	44	63	63	148	91	59	124	157	96	151	60	153	115	95	72	51	38	112	126	71	53	43	100	64	159	55	139	89	128	145	118	98	74	66	118	119	169	103
0	0	0	0	0	0	0	0	0	0	0	0	0	0	0	0	0	0	0	0	0	0	0	0	0	0	0	0	0	0	0	0	0	0	0	0	0	0	0	0	0	0	0	0	0	0	0	0	0	0	0	0	0	0	0	0	0	0	0	0	0	0	120	75	65	137	131	153	98	125	113	82	152	83	114	92	70	108	121	158	115	161	94	164	106	76	136	90	109	59	51	159	142	31	117	60	151	156	20	43	124	41	34	148	89	60	76	85	23	136	117	122	109	57	110	42	57	65	76	36	133	125	147	139	103	96	108	51
0	0	0	0	0	0	0	0	0	0	0	0	0	0	0	0	0	0	0	0	0	0	0	0	0	0	0	0	0	0	0	0	0	0	0	0	0	0	0	0	0	0	0	0	0	0	0	0	0	0	0	0	0	0	0	0	0	0	0	0	0	0	0	96	96	87	148	147	18	73	155	100	76	79	119	112	90	33	145	147	75	145	85	136	96	41	132	86	122	120	144	52	76	85	81	115	160	90	86	40	119	146	63	141	25	50	148	27	45	69	28	36	73	69	75	108	6	65	137	127	54	70	90	123	75	64	90	116
0	0	0	0	0	0	0	0	0	0	0	0	0	0	0	0	0	0	0	0	0	0	0	0	0	0	0	0	0	0	0	0	0	0	0	0	0	0	0	0	0	0	0	0	0	0	0	0	0	0	0	0	0	0	0	0	0	0	0	0	0	0	0	0	114	59	39	169	74	126	151	67	96	114	58	164	134	71	96	129	110	76	141	68	91	35	117	75	37	131	148	72	47	146	141	130	47	94	106	20	64	89	55	124	161	108	32	85	133	17	32	62	48	53	69	165	60	69	99	45	57	110	33	131	65	96	86	145
0	0	0	0	0	0	0	0	0	0	0	0	0	0	0	0	0	0	0	0	0	0	0	0	0	0	0	0	0	0	0	0	0	0	0	0	0	0	0	0	0	0	0	0	0	0	0	0	0	0	0	0	0	0	0	0	0	0	0	0	0	0	0	0	0	126	97	118	151	64	105	99	39	55	128	64	145	53	155	113	59	52	41	179	125	87	144	44	170	107	144	79	58	73	109	125	128	56	80	141	100	110	150	123	38	143	98	138	116	40	124	158	55	121	130	156	94	112	45	157	72	74	122	138	182	81	119	97
0	0	0	0	0	0	0	0	0	0	0	0	0	0	0	0	0	0	0	0	0	0	0	0	0	0	0	0	0	0	0	0	0	0	0	0	0	0	0	0	0	0	0	0	0	0	0	0	0	0	0	0	0	0	0	0	0	0	0	0	0	0	0	0	0	0	43	37	142	124	42	89	154	47	77	65	92	124	79	110	29	61	86	77	38	24	109	129	62	111	147	66	83	48	50	113	44	173	171	111	144	125	58	46	100	134	60	111	130	31	174	38	82	151	44	180	152	139	107	158	119	120	76	128	118	70	67	38
0	0	0	0	0	0	0	0	0	0	0	0	0	0	0	0	0	0	0	0	0	0	0	0	0	0	0	0	0	0	0	0	0	0	0	0	0	0	0	0	0	0	0	0	0	0	0	0	0	0	0	0	0	0	0	0	0	0	0	0	0	0	0	0	0	0	0	58	61	110	95	124	65	121	47	89	54	162	138	189	68	89	122	129	139	7	98	92	184	104	148	51	129	94	105	164	51	65	54	133	142	73	99	99	65	91	70	53	67	128	80	72	68	122	96	82	52	137	57	142	80	95	119	129	149	130	52	90
0	0	0	0	0	0	0	0	0	0	0	0	0	0	0	0	0	0	0	0	0	0	0	0	0	0	0	0	0	0	0	0	0	0	0	0	0	0	0	0	0	0	0	0	0	0	0	0	0	0	0	0	0	0	0	0	0	0	0	0	0	0	0	0	0	0	0	0	79	145	55	170	89	102	154	73	95	162	142	24	117	78	131	65	31	84	26	77	57	141	83	134	76	51	117	94	142	129	60	133	64	48	95	74	153	60	180	52	168	159	56	77	90	67	47	85	143	92	102	62	95	79	146	161	127	96	114	98
0	0	0	0	0	0	0	0	0	0	0	0	0	0	0	0	0	0	0	0	0	0	0	0	0	0	0	0	0	0	0	0	0	0	0	0	0	0	0	0	0	0	0	0	0	0	0	0	0	0	0	0	0	0	0	0	0	0	0	0	0	0	0	0	0	0	0	0	0	148	41	105	43	161	104	71	112	161	173	159	147	153	132	140	60	60	72	123	157	141	170	142	117	103	163	41	171	153	178	146	70	144	94	87	84	79	140	173	111	192	118	81	136	104	65	152	182	97	58	38	46	52	167	140	56	168	76	49
0	0	0	0	0	0	0	0	0	0	0	0	0	0	0	0	0	0	0	0	0	0	0	0	0	0	0	0	0	0	0	0	0	0	0	0	0	0	0	0	0	0	0	0	0	0	0	0	0	0	0	0	0	0	0	0	0	0	0	0	0	0	0	0	0	0	0	0	0	0	92	36	100	115	81	58	51	61	105	81	163	67	10	74	39	78	126	97	49	121	146	46	101	118	119	110	79	106	83	76	120	79	22	141	44	117	90	49	83	75	77	145	137	34	48	56	131	108	97	153	57	99	119	138	113	59	137	20
0	0	0	0	0	0	0	0	0	0	0	0	0	0	0	0	0	0	0	0	0	0	0	0	0	0	0	0	0	0	0	0	0	0	0	0	0	0	0	0	0	0	0	0	0	0	0	0	0	0	0	0	0	0	0	0	0	0	0	0	0	0	0	0	0	0	0	0	0	0	0	156	51	94	144	138	119	130	48	145	60	24	107	104	74	116	128	82	122	127	170	152	107	137	147	172	147	21	168	45	118	5	121	124	58	123	85	103	99	83	94	110	87	104	38	147	116	149	66	157	120	67	126	87	82	115	167	72
0	0	0	0	0	0	0	0	0	0	0	0	0	0	0	0	0	0	0	0	0	0	0	0	0	0	0	0	0	0	0	0	0	0	0	0	0	0	0	0	0	0	0	0	0	0	0	0	0	0	0	0	0	0	0	0	0	0	0	0	0	0	0	0	0	0	0	0	0	0	0	0	153	174	129	149	114	131	86	150	106	130	83	104	183	73	68	145	133	151	110	54	195	110	140	20	102	134	38	28	117	158	136	125	147	156	173	174	87	35	79	114	66	149	154	101	79	34	108	41	103	79	47	102	153	126	167	154
0	0	0	0	0	0	0	0	0	0	0	0	0	0	0	0	0	0	0	0	0	0	0	0	0	0	0	0	0	0	0	0	0	0	0	0	0	0	0	0	0	0	0	0	0	0	0	0	0	0	0	0	0	0	0	0	0	0	0	0	0	0	0	0	0	0	0	0	0	0	0	0	0	68	63	175	23	59	80	100	70	100	74	52	168	77	107	54	113	171	29	96	142	22	118	108	95	178	28	70	90	161	180	85	77	86	125	112	150	132	49	85	173	164	139	75	92	64	79	94	176	82	57	114	101	69	64	80
0	0	0	0	0	0	0	0	0	0	0	0	0	0	0	0	0	0	0	0	0	0	0	0	0	0	0	0	0	0	0	0	0	0	0	0	0	0	0	0	0	0	0	0	0	0	0	0	0	0	0	0	0	0	0	0	0	0	0	0	0	0	0	0	0	0	0	0	0	0	0	0	0	0	116	83	97	84	116	144	114	102	76	76	67	125	186	168	130	148	93	82	48	111	97	81	163	148	72	106	189	141	37	107	16	160	122	134	111	122	166	96	134	98	147	122	145	125	125	118	96	124	100	74	55	90	30	154
0	0	0	0	0	0	0	0	0	0	0	0	0	0	0	0	0	0	0	0	0	0	0	0	0	0	0	0	0	0	0	0	0	0	0	0	0	0	0	0	0	0	0	0	0	0	0	0	0	0	0	0	0	0	0	0	0	0	0	0	0	0	0	0	0	0	0	0	0	0	0	0	0	0	0	126	53	52	28	122	155	130	34	117	92	121	85	54	178	90	52	190	151	76	43	46	112	121	116	122	32	81	124	95	89	47	101	68	162	80	100	16	81	124	167	83	103	134	89	62	77	78	35	97	99	122	166	57
0	0	0	0	0	0	0	0	0	0	0	0	0	0	0	0	0	0	0	0	0	0	0	0	0	0	0	0	0	0	0	0	0	0	0	0	0	0	0	0	0	0	0	0	0	0	0	0	0	0	0	0	0	0	0	0	0	0	0	0	0	0	0	0	0	0	0	0	0	0	0	0	0	0	0	0	75	52	177	140	130	101	170	126	134	145	149	96	97	184	94	68	178	90	129	73	97	160	36	73	116	109	70	137	158	131	147	37	146	78	113	82	187	104	126	56	158	179	146	128	166	28	89	96	110	114	61	153
0	0	0	0	0	0	0	0	0	0	0	0	0	0	0	0	0	0	0	0	0	0	0	0	0	0	0	0	0	0	0	0	0	0	0	0	0	0	0	0	0	0	0	0	0	0	0	0	0	0	0	0	0	0	0	0	0	0	0	0	0	0	0	0	0	0	0	0	0	0	0	0	0	0	0	0	0	113	87	127	63	112	94	128	62	42	151	109	84	115	41	106	106	104	142	52	29	36	100	144	83	77	98	124	130	42	91	92	141	91	77	89	50	127	96	94	111	114	100	133	187	88	125	178	82	137	92	111
0	0	0	0	0	0	0	0	0	0	0	0	0	0	0	0	0	0	0	0	0	0	0	0	0	0	0	0	0	0	0	0	0	0	0	0	0	0	0	0	0	0	0	0	0	0	0	0	0	0	0	0	0	0	0	0	0	0	0	0	0	0	0	0	0	0	0	0	0	0	0	0	0	0	0	0	0	0	129	96	134	118	109	106	129	113	18	130	152	89	40	146	69	176	64	161	122	77	159	137	55	96	56	142	139	118	114	134	67	197	125	37	122	140	39	50	66	168	68	64	85	141	107	177	128	134	32	126
0	0	0	0	0	0	0	0	0	0	0	0	0	0	0	0	0	0	0	0	0	0	0	0	0	0	0	0	0	0	0	0	0	0	0	0	0	0	0	0	0	0	0	0	0	0	0	0	0	0	0	0	0	0	0	0	0	0	0	0	0	0	0	0	0	0	0	0	0	0	0	0	0	0	0	0	0	0	0	56	106	72	133	147	120	85	55	144	90	32	101	140	140	173	53	107	173	73	74	97	64	111	154	128	93	164	158	98	102	51	84	154	114	77	145	81	80	90	182	174	45	80	82	144	24	118	116	64
0	0	0	0	0	0	0	0	0	0	0	0	0	0	0	0	0	0	0	0	0	0	0	0	0	0	0	0	0	0	0	0	0	0	0	0	0	0	0	0	0	0	0	0	0	0	0	0	0	0	0	0	0	0	0	0	0	0	0	0	0	0	0	0	0	0	0	0	0	0	0	0	0	0	0	0	0	0	0	0	84	114	179	138	66	78	113	62	52	58	46	183	173	55	140	154	20	130	96	90	115	107	107	174	59	167	72	98	87	170	85	80	59	132	81	61	157	110	100	146	85	37	143	66	83	119	70	153
0	0	0	0	0	0	0	0	0	0	0	0	0	0	0	0	0	0	0	0	0	0	0	0	0	0	0	0	0	0	0	0	0	0	0	0	0	0	0	0	0	0	0	0	0	0	0	0	0	0	0	0	0	0	0	0	0	0	0	0	0	0	0	0	0	0	0	0	0	0	0	0	0	0	0	0	0	0	0	0	0	134	61	110	87	119	54	115	102	186	118	74	71	198	137	121	111	81	94	48	53	76	131	155	124	61	90	73	113	98	124	118	40	99	127	55	62	43	102	121	129	115	110	180	142	122	75	148
0	0	0	0	0	0	0	0	0	0	0	0	0	0	0	0	0	0	0	0	0	0	0	0	0	0	0	0	0	0	0	0	0	0	0	0	0	0	0	0	0	0	0	0	0	0	0	0	0	0	0	0	0	0	0	0	0	0	0	0	0	0	0	0	0	0	0	0	0	0	0	0	0	0	0	0	0	0	0	0	0	0	128	128	88	127	192	118	95	136	34	82	78	10	59	94	41	115	121	57	178	64	61	62	102	167	118	127	77	48	171	141	141	123	52	38	84	30	64	150	74	54	127	51	68	115	140	119
0	0	0	0	0	0	0	0	0	0	0	0	0	0	0	0	0	0	0	0	0	0	0	0	0	0	0	0	0	0	0	0	0	0	0	0	0	0	0	0	0	0	0	0	0	0	0	0	0	0	0	0	0	0	0	0	0	0	0	0	0	0	0	0	0	0	0	0	0	0	0	0	0	0	0	0	0	0	0	0	0	0	0	89	77	118	87	77	87	78	42	198	72	110	101	151	205	161	117	75	76	166	173	64	45	83	126	173	124	33	96	110	103	124	83	100	146	179	85	124	104	158	67	122	140	200	113	62
0	0	0	0	0	0	0	0	0	0	0	0	0	0	0	0	0	0	0	0	0	0	0	0	0	0	0	0	0	0	0	0	0	0	0	0	0	0	0	0	0	0	0	0	0	0	0	0	0	0	0	0	0	0	0	0	0	0	0	0	0	0	0	0	0	0	0	0	0	0	0	0	0	0	0	0	0	0	0	0	0	0	0	0	112	138	140	120	42	57	187	72	9	41	125	141	127	81	125	107	86	87	68	119	105	90	48	176	156	154	27	166	122	185	143	41	175	122	74	150	82	187	146	172	150	114	169	28
0	0	0	0	0	0	0	0	0	0	0	0	0	0	0	0	0	0	0	0	0	0	0	0	0	0	0	0	0	0	0	0	0	0	0	0	0	0	0	0	0	0	0	0	0	0	0	0	0	0	0	0	0	0	0	0	0	0	0	0	0	0	0	0	0	0	0	0	0	0	0	0	0	0	0	0	0	0	0	0	0	0	0	0	0	176	200	51	118	81	147	157	195	53	152	125	76	27	132	122	132	130	110	69	35	97	44	94	38	159	42	71	147	62	105	178	29	165	12	141	91	21	59	148	89	89	190	123
0	0	0	0	0	0	0	0	0	0	0	0	0	0	0	0	0	0	0	0	0	0	0	0	0	0	0	0	0	0	0	0	0	0	0	0	0	0	0	0	0	0	0	0	0	0	0	0	0	0	0	0	0	0	0	0	0	0	0	0	0	0	0	0	0	0	0	0	0	0	0	0	0	0	0	0	0	0	0	0	0	0	0	0	0	0	58	86	172	42	128	21	140	198	98	32	135	95	64	102	113	69	128	93	65	106	77	168	192	158	130	140	82	82	18	167	105	124	182	107	42	91	31	60	67	47	137	52
0	0	0	0	0	0	0	0	0	0	0	0	0	0	0	0	0	0	0	0	0	0	0	0	0	0	0	0	0	0	0	0	0	0	0	0	0	0	0	0	0	0	0	0	0	0	0	0	0	0	0	0	0	0	0	0	0	0	0	0	0	0	0	0	0	0	0	0	0	0	0	0	0	0	0	0	0	0	0	0	0	0	0	0	0	0	0	186	103	158	194	140	154	115	106	154	44	46	74	163	70	101	55	129	167	93	137	87	87	142	55	55	53	56	150	96	188	204	68	91	88	78	88	52	107	121	79	154
0	0	0	0	0	0	0	0	0	0	0	0	0	0	0	0	0	0	0	0	0	0	0	0	0	0	0	0	0	0	0	0	0	0	0	0	0	0	0	0	0	0	0	0	0	0	0	0	0	0	0	0	0	0	0	0	0	0	0	0	0	0	0	0	0	0	0	0	0	0	0	0	0	0	0	0	0	0	0	0	0	0	0	0	0	0	0	0	84	64	130	91	105	127	148	76	150	100	139	66	129	123	149	166	134	45	129	150	105	162	131	67	211	88	138	87	157	70	74	108	152	178	201	154	99	173	101	111
0	0	0	0	0	0	0	0	0	0	0	0	0	0	0	0	0	0	0	0	0	0	0	0	0	0	0	0	0	0	0	0	0	0	0	0	0	0	0	0	0	0	0	0	0	0	0	0	0	0	0	0	0	0	0	0	0	0	0	0	0	0	0	0	0	0	0	0	0	0	0	0	0	0	0	0	0	0	0	0	0	0	0	0	0	0	0	0	0	193	64	121	39	183	63	90	169	121	127	151	118	99	120	107	138	137	190	97	139	179	166	49	161	179	169	149	140	137	53	111	25	165	124	146	98	94	95	68
0	0	0	0	0	0	0	0	0	0	0	0	0	0	0	0	0	0	0	0	0	0	0	0	0	0	0	0	0	0	0	0	0	0	0	0	0	0	0	0	0	0	0	0	0	0	0	0	0	0	0	0	0	0	0	0	0	0	0	0	0	0	0	0	0	0	0	0	0	0	0	0	0	0	0	0	0	0	0	0	0	0	0	0	0	0	0	0	0	0	138	142	111	29	86	134	118	12	79	100	93	169	115	56	139	12	151	191	104	122	102	149	92	88	64	44	191	43	213	127	120	38	197	195	118	152	129	73
0	0	0	0	0	0	0	0	0	0	0	0	0	0	0	0	0	0	0	0	0	0	0	0	0	0	0	0	0	0	0	0	0	0	0	0	0	0	0	0	0	0	0	0	0	0	0	0	0	0	0	0	0	0	0	0	0	0	0	0	0	0	0	0	0	0	0	0	0	0	0	0	0	0	0	0	0	0	0	0	0	0	0	0	0	0	0	0	0	0	0	112	76	183	68	132	184	149	143	128	96	117	77	153	142	64	151	101	81	50	97	59	135	181	174	35	21	75	186	212	77	91	136	19	119	64	93	146
0	0	0	0	0	0	0	0	0	0	0	0	0	0	0	0	0	0	0	0	0	0	0	0	0	0	0	0	0	0	0	0	0	0	0	0	0	0	0	0	0	0	0	0	0	0	0	0	0	0	0	0	0	0	0	0	0	0	0	0	0	0	0	0	0	0	0	0	0	0	0	0	0	0	0	0	0	0	0	0	0	0	0	0	0	0	0	0	0	0	0	0	73	91	171	91	38	102	121	52	74	41	166	64	85	78	171	195	87	113	39	96	169	173	139	141	102	74	148	116	122	181	72	143	215	115	109	147
0	0	0	0	0	0	0	0	0	0	0	0	0	0	0	0	0	0	0	0	0	0	0	0	0	0	0	0	0	0	0	0	0	0	0	0	0	0	0	0	0	0	0	0	0	0	0	0	0	0	0	0	0	0	0	0	0	0	0	0	0	0	0	0	0	0	0	0	0	0	0	0	0	0	0	0	0	0	0	0	0	0	0	0	0	0	0	0	0	0	0	0	0	84	142	68	132	91	194	134	119	101	157	211	68	106	165	131	169	133	67	119	104	152	58	83	35	94	80	93	134	44	98	115	97	67	118	116
0	0	0	0	0	0	0	0	0	0	0	0	0	0	0	0	0	0	0	0	0	0	0	0	0	0	0	0	0	0	0	0	0	0	0	0	0	0	0	0	0	0	0	0	0	0	0	0	0	0	0	0	0	0	0	0	0	0	0	0	0	0	0	0	0	0	0	0	0	0	0	0	0	0	0	0	0	0	0	0	0	0	0	0	0	0	0	0	0	0	0	0	0	0	53	125	79	111	87	107	104	193	132	158	86	141	131	131	106	59	122	17	152	140	110	84	100	91	63	191	48	98	35	171	77	107	94	92
0	0	0	0	0	0	0	0	0	0	0	0	0	0	0	0	0	0	0	0	0	0	0	0	0	0	0	0	0	0	0	0	0	0	0	0	0	0	0	0	0	0	0	0	0	0	0	0	0	0	0	0	0	0	0	0	0	0	0	0	0	0	0	0	0	0	0	0	0	0	0	0	0	0	0	0	0	0	0	0	0	0	0	0	0	0	0	0	0	0	0	0	0	0	0	101	111	132	46	143	128	54	113	138	75	39	80	190	55	160	185	55	48	37	90	98	198	163	114	108	74	96	187	218	128	57	84	123
0	0	0	0	0	0	0	0	0	0	0	0	0	0	0	0	0	0	0	0	0	0	0	0	0	0	0	0	0	0	0	0	0	0	0	0	0	0	0	0	0	0	0	0	0	0	0	0	0	0	0	0	0	0	0	0	0	0	0	0	0	0	0	0	0	0	0	0	0	0	0	0	0	0	0	0	0	0	0	0	0	0	0	0	0	0	0	0	0	0	0	0	0	0	0	0	214	137	76	108	79	150	135	195	97	197	130	101	149	98	197	183	172	55	40	39	92	36	141	95	45	141	85	111	177	84	88	117
0	0	0	0	0	0	0	0	0	0	0	0	0	0	0	0	0	0	0	0	0	0	0	0	0	0	0	0	0	0	0	0	0	0	0	0	0	0	0	0	0	0	0	0	0	0	0	0	0	0	0	0	0	0	0	0	0	0	0	0	0	0	0	0	0	0	0	0	0	0	0	0	0	0	0	0	0	0	0	0	0	0	0	0	0	0	0	0	0	0	0	0	0	0	0	0	0	10	66	124	100	140	163	56	44	145	155	91	109	99	209	201	78	45	156	130	75	119	149	95	164	62	65	104	97	62	106	194
0	0	0	0	0	0	0	0	0	0	0	0	0	0	0	0	0	0	0	0	0	0	0	0	0	0	0	0	0	0	0	0	0	0	0	0	0	0	0	0	0	0	0	0	0	0	0	0	0	0	0	0	0	0	0	0	0	0	0	0	0	0	0	0	0	0	0	0	0	0	0	0	0	0	0	0	0	0	0	0	0	0	0	0	0	0	0	0	0	0	0	0	0	0	0	0	0	0	77	97	147	109	157	152	154	117	182	168	98	99	202	61	92	91	189	64	182	151	134	125	31	196	117	71	14	178	152	88
0	0	0	0	0	0	0	0	0	0	0	0	0	0	0	0	0	0	0	0	0	0	0	0	0	0	0	0	0	0	0	0	0	0	0	0	0	0	0	0	0	0	0	0	0	0	0	0	0	0	0	0	0	0	0	0	0	0	0	0	0	0	0	0	0	0	0	0	0	0	0	0	0	0	0	0	0	0	0	0	0	0	0	0	0	0	0	0	0	0	0	0	0	0	0	0	0	0	0	174	145	107	128	81	195	104	194	121	176	157	154	166	122	182	154	120	109	129	43	133	79	135	161	154	23	175	38	136
0	0	0	0	0	0	0	0	0	0	0	0	0	0	0	0	0	0	0	0	0	0	0	0	0	0	0	0	0	0	0	0	0	0	0	0	0	0	0	0	0	0	0	0	0	0	0	0	0	0	0	0	0	0	0	0	0	0	0	0	0	0	0	0	0	0	0	0	0	0	0	0	0	0	0	0	0	0	0	0	0	0	0	0	0	0	0	0	0	0	0	0	0	0	0	0	0	0	0	0	161	106	93	151	102	37	149	24	117	52	153	71	182	67	99	64	70	70	199	63	122	132	124	182	99	40	62	57
0	0	0	0	0	0	0	0	0	0	0	0	0	0	0	0	0	0	0	0	0	0	0	0	0	0	0	0	0	0	0	0	0	0	0	0	0	0	0	0	0	0	0	0	0	0	0	0	0	0	0	0	0	0	0	0	0	0	0	0	0	0	0	0	0	0	0	0	0	0	0	0	0	0	0	0	0	0	0	0	0	0	0	0	0	0	0	0	0	0	0	0	0	0	0	0	0	0	0	0	0	19	89	149	95	69	206	183	17	162	54	74	89	139	191	180	195	193	120	123	158	127	64	103	44	31	120	176
0	0	0	0	0	0	0	0	0	0	0	0	0	0	0	0	0	0	0	0	0	0	0	0	0	0	0	0	0	0	0	0	0	0	0	0	0	0	0	0	0	0	0	0	0	0	0	0	0	0	0	0	0	0	0	0	0	0	0	0	0	0	0	0	0	0	0	0	0	0	0	0	0	0	0	0	0	0	0	0	0	0	0	0	0	0	0	0	0	0	0	0	0	0	0	0	0	0	0	0	0	0	65	90	163	73	161	204	118	95	64	154	117	75	102	89	108	64	150	73	190	140	120	51	41	30	93	214
0	0	0	0	0	0	0	0	0	0	0	0	0	0	0	0	0	0	0	0	0	0	0	0	0	0	0	0	0	0	0	0	0	0	0	0	0	0	0	0	0	0	0	0	0	0	0	0	0	0	0	0	0	0	0	0	0	0	0	0	0	0	0	0	0	0	0	0	0	0	0	0	0	0	0	0	0	0	0	0	0	0	0	0	0	0	0	0	0	0	0	0	0	0	0	0	0	0	0	0	0	0	0	58	31	163	110	205	78	152	135	97	42	20	32	67	138	48	61	73	111	200	111	86	115	152	179	53
0	0	0	0	0	0	0	0	0	0	0	0	0	0	0	0	0	0	0	0	0	0	0	0	0	0	0	0	0	0	0	0	0	0	0	0	0	0	0	0	0	0	0	0	0	0	0	0	0	0	0	0	0	0	0	0	0	0	0	0	0	0	0	0	0	0	0	0	0	0	0	0	0	0	0	0	0	0	0	0	0	0	0	0	0	0	0	0	0	0	0	0	0	0	0	0	0	0	0	0	0	0	0	0	88	136	152	122	112	98	158	153	173	78	52	209	143	168	153	49	95	113	50	78	142	136	151	207
0	0	0	0	0	0	0	0	0	0	0	0	0	0	0	0	0	0	0	0	0	0	0	0	0	0	0	0	0	0	0	0	0	0	0	0	0	0	0	0	0	0	0	0	0	0	0	0	0	0	0	0	0	0	0	0	0	0	0	0	0	0	0	0	0	0	0	0	0	0	0	0	0	0	0	0	0	0	0	0	0	0	0	0	0	0	0	0	0	0	0	0	0	0	0	0	0	0	0	0	0	0	0	0	0	62	130	145	145	103	106	117	56	135	116	87	96	113	154	102	79	74	133	107	107	103	191	88
0	0	0	0	0	0	0	0	0	0	0	0	0	0	0	0	0	0	0	0	0	0	0	0	0	0	0	0	0	0	0	0	0	0	0	0	0	0	0	0	0	0	0	0	0	0	0	0	0	0	0	0	0	0	0	0	0	0	0	0	0	0	0	0	0	0	0	0	0	0	0	0	0	0	0	0	0	0	0	0	0	0	0	0	0	0	0	0	0	0	0	0	0	0	0	0	0	0	0	0	0	0	0	0	0	0	113	26	123	154	61	58	169	102	72	106	154	58	119	108	47	174	135	93	157	209	72	74
0	0	0	0	0	0	0	0	0	0	0	0	0	0	0	0	0	0	0	0	0	0	0	0	0	0	0	0	0	0	0	0	0	0	0	0	0	0	0	0	0	0	0	0	0	0	0	0	0	0	0	0	0	0	0	0	0	0	0	0	0	0	0	0	0	0	0	0	0	0	0	0	0	0	0	0	0	0	0	0	0	0	0	0	0	0	0	0	0	0	0	0	0	0	0	0	0	0	0	0	0	0	0	0	0	0	0	150	84	147	143	224	161	151	123	56	152	112	58	23	72	96	193	181	148	47	79	84
0	0	0	0	0	0	0	0	0	0	0	0	0	0	0	0	0	0	0	0	0	0	0	0	0	0	0	0	0	0	0	0	0	0	0	0	0	0	0	0	0	0	0	0	0	0	0	0	0	0	0	0	0	0	0	0	0	0	0	0	0	0	0	0	0	0	0	0	0	0	0	0	0	0	0	0	0	0	0	0	0	0	0	0	0	0	0	0	0	0	0	0	0	0	0	0	0	0	0	0	0	0	0	0	0	0	0	0	96	87	198	63	191	146	147	98	115	156	41	55	52	194	75	42	81	182	49	50
0	0	0	0	0	0	0	0	0	0	0	0	0	0	0	0	0	0	0	0	0	0	0	0	0	0	0	0	0	0	0	0	0	0	0	0	0	0	0	0	0	0	0	0	0	0	0	0	0	0	0	0	0	0	0	0	0	0	0	0	0	0	0	0	0	0	0	0	0	0	0	0	0	0	0	0	0	0	0	0	0	0	0	0	0	0	0	0	0	0	0	0	0	0	0	0	0	0	0	0	0	0	0	0	0	0	0	0	0	69	167	145	132	105	182	224	159	146	181	38	41	72	146	134	131	83	51	31
0	0	0	0	0	0	0	0	0	0	0	0	0	0	0	0	0	0	0	0	0	0	0	0	0	0	0	0	0	0	0	0	0	0	0	0	0	0	0	0	0	0	0	0	0	0	0	0	0	0	0	0	0	0	0	0	0	0	0	0	0	0	0	0	0	0	0	0	0	0	0	0	0	0	0	0	0	0	0	0	0	0	0	0	0	0	0	0	0	0	0	0	0	0	0	0	0	0	0	0	0	0	0	0	0	0	0	0	0	0	79	125	128	135	30	170	43	176	196	156	98	62	89	163	132	117	134	104
0	0	0	0	0	0	0	0	0	0	0	0	0	0	0	0	0	0	0	0	0	0	0	0	0	0	0	0	0	0	0	0	0	0	0	0	0	0	0	0	0	0	0	0	0	0	0	0	0	0	0	0	0	0	0	0	0	0	0	0	0	0	0	0	0	0	0	0	0	0	0	0	0	0	0	0	0	0	0	0	0	0	0	0	0	0	0	0	0	0	0	0	0	0	0	0	0	0	0	0	0	0	0	0	0	0	0	0	0	0	0	171	45	85	158	101	191	142	104	88	192	178	161	136	107	104	154	39
0	0	0	0	0	0	0	0	0	0	0	0	0	0	0	0	0	0	0	0	0	0	0	0	0	0	0	0	0	0	0	0	0	0	0	0	0	0	0	0	0	0	0	0	0	0	0	0	0	0	0	0	0	0	0	0	0	0	0	0	0	0	0	0	0	0	0	0	0	0	0	0	0	0	0	0	0	0	0	0	0	0	0	0	0	0	0	0	0	0	0	0	0	0	0	0	0	0	0	0	0	0	0	0	0	0	0	0	0	0	0	0	169	56	135	182	158	51	100	219	98	112	189	125	182	214	74	102
0	0	0	0	0	0	0	0	0	0	0	0	0	0	0	0	0	0	0	0	0	0	0	0	0	0	0	0	0	0	0	0	0	0	0	0	0	0	0	0	0	0	0	0	0	0	0	0	0	0	0	0	0	0	0	0	0	0	0	0	0	0	0	0	0	0	0	0	0	0	0	0	0	0	0	0	0	0	0	0	0	0	0	0	0	0	0	0	0	0	0	0	0	0	0	0	0	0	0	0	0	0	0	0	0	0	0	0	0	0	0	0	0	112	161	71	203	19	209	78	128	90	124	179	171	46	208	172
0	0	0	0	0	0	0	0	0	0	0	0	0	0	0	0	0	0	0	0	0	0	0	0	0	0	0	0	0	0	0	0	0	0	0	0	0	0	0	0	0	0	0	0	0	0	0	0	0	0	0	0	0	0	0	0	0	0	0	0	0	0	0	0	0	0	0	0	0	0	0	0	0	0	0	0	0	0	0	0	0	0	0	0	0	0	0	0	0	0	0	0	0	0	0	0	0	0	0	0	0	0	0	0	0	0	0	0	0	0	0	0	0	0	148	204	201	101	92	66	200	176	193	92	41	203	175	101
0	0	0	0	0	0	0	0	0	0	0	0	0	0	0	0	0	0	0	0	0	0	0	0	0	0	0	0	0	0	0	0	0	0	0	0	0	0	0	0	0	0	0	0	0	0	0	0	0	0	0	0	0	0	0	0	0	0	0	0	0	0	0	0	0	0	0	0	0	0	0	0	0	0	0	0	0	0	0	0	0	0	0	0	0	0	0	0	0	0	0	0	0	0	0	0	0	0	0	0	0	0	0	0	0	0	0	0	0	0	0	0	0	0	0	56	111	152	120	79	175	65	110	139	71	102	110	104
0	0	0	0	0	0	0	0	0	0	0	0	0	0	0	0	0	0	0	0	0	0	0	0	0	0	0	0	0	0	0	0	0	0	0	0	0	0	0	0	0	0	0	0	0	0	0	0	0	0	0	0	0	0	0	0	0	0	0	0	0	0	0	0	0	0	0	0	0	0	0	0	0	0	0	0	0	0	0	0	0	0	0	0	0	0	0	0	0	0	0	0	0	0	0	0	0	0	0	0	0	0	0	0	0	0	0	0	0	0	0	0	0	0	0	0	143	152	120	91	127	71	66	223	63	196	101	142
0	0	0	0	0	0	0	0	0	0	0	0	0	0	0	0	0	0	0	0	0	0	0	0	0	0	0	0	0	0	0	0	0	0	0	0	0	0	0	0	0	0	0	0	0	0	0	0	0	0	0	0	0	0	0	0	0	0	0	0	0	0	0	0	0	0	0	0	0	0	0	0	0	0	0	0	0	0	0	0	0	0	0	0	0	0	0	0	0	0	0	0	0	0	0	0	0	0	0	0	0	0	0	0	0	0	0	0	0	0	0	0	0	0	0	0	0	68	133	107	16	67	102	215	48	151	86	113
0	0	0	0	0	0	0	0	0	0	0	0	0	0	0	0	0	0	0	0	0	0	0	0	0	0	0	0	0	0	0	0	0	0	0	0	0	0	0	0	0	0	0	0	0	0	0	0	0	0	0	0	0	0	0	0	0	0	0	0	0	0	0	0	0	0	0	0	0	0	0	0	0	0	0	0	0	0	0	0	0	0	0	0	0	0	0	0	0	0	0	0	0	0	0	0	0	0	0	0	0	0	0	0	0	0	0	0	0	0	0	0	0	0	0	0	0	0	77	104	48	168	56	187	109	172	119	216
0	0	0	0	0	0	0	0	0	0	0	0	0	0	0	0	0	0	0	0	0	0	0	0	0	0	0	0	0	0	0	0	0	0	0	0	0	0	0	0	0	0	0	0	0	0	0	0	0	0	0	0	0	0	0	0	0	0	0	0	0	0	0	0	0	0	0	0	0	0	0	0	0	0	0	0	0	0	0	0	0	0	0	0	0	0	0	0	0	0	0	0	0	0	0	0	0	0	0	0	0	0	0	0	0	0	0	0	0	0	0	0	0	0	0	0	0	0	0	163	192	135	104	186	164	173	210	44
0	0	0	0	0	0	0	0	0	0	0	0	0	0	0	0	0	0	0	0	0	0	0	0	0	0	0	0	0	0	0	0	0	0	0	0	0	0	0	0	0	0	0	0	0	0	0	0	0	0	0	0	0	0	0	0	0	0	0	0	0	0	0	0	0	0	0	0	0	0	0	0	0	0	0	0	0	0	0	0	0	0	0	0	0	0	0	0	0	0	0	0	0	0	0	0	0	0	0	0	0	0	0	0	0	0	0	0	0	0	0	0	0	0	0	0	0	0	0	0	159	235	162	47	145	104	128	43
0	0	0	0	0	0	0	0	0	0	0	0	0	0	0	0	0	0	0	0	0	0	0	0	0	0	0	0	0	0	0	0	0	0	0	0	0	0	0	0	0	0	0	0	0	0	0	0	0	0	0	0	0	0	0	0	0	0	0	0	0	0	0	0	0	0	0	0	0	0	0	0	0	0	0	0	0	0	0	0	0	0	0	0	0	0	0	0	0	0	0	0	0	0	0	0	0	0	0	0	0	0	0	0	0	0	0	0	0	0	0	0	0	0	0	0	0	0	0	0	0	85	122	155	66	85	119	112
0	0	0	0	0	0	0	0	0	0	0	0	0	0	0	0	0	0	0	0	0	0	0	0	0	0	0	0	0	0	0	0	0	0	0	0	0	0	0	0	0	0	0	0	0	0	0	0	0	0	0	0	0	0	0	0	0	0	0	0	0	0	0	0	0	0	0	0	0	0	0	0	0	0	0	0	0	0	0	0	0	0	0	0	0	0	0	0	0	0	0	0	0	0	0	0	0	0	0	0	0	0	0	0	0	0	0	0	0	0	0	0	0	0	0	0	0	0	0	0	0	0	178	141	153	76	122	152
0	0	0	0	0	0	0	0	0	0	0	0	0	0	0	0	0	0	0	0	0	0	0	0	0	0	0	0	0	0	0	0	0	0	0	0	0	0	0	0	0	0	0	0	0	0	0	0	0	0	0	0	0	0	0	0	0	0	0	0	0	0	0	0	0	0	0	0	0	0	0	0	0	0	0	0	0	0	0	0	0	0	0	0	0	0	0	0	0	0	0	0	0	0	0	0	0	0	0	0	0	0	0	0	0	0	0	0	0	0	0	0	0	0	0	0	0	0	0	0	0	0	0	136	87	119	122	138
0	0	0	0	0	0	0	0	0	0	0	0	0	0	0	0	0	0	0	0	0	0	0	0	0	0	0	0	0	0	0	0	0	0	0	0	0	0	0	0	0	0	0	0	0	0	0	0	0	0	0	0	0	0	0	0	0	0	0	0	0	0	0	0	0	0	0	0	0	0	0	0	0	0	0	0	0	0	0	0	0	0	0	0	0	0	0	0	0	0	0	0	0	0	0	0	0	0	0	0	0	0	0	0	0	0	0	0	0	0	0	0	0	0	0	0	0	0	0	0	0	0	0	0	83	69	175	142
0	0	0	0	0	0	0	0	0	0	0	0	0	0	0	0	0	0	0	0	0	0	0	0	0	0	0	0	0	0	0	0	0	0	0	0	0	0	0	0	0	0	0	0	0	0	0	0	0	0	0	0	0	0	0	0	0	0	0	0	0	0	0	0	0	0	0	0	0	0	0	0	0	0	0	0	0	0	0	0	0	0	0	0	0	0	0	0	0	0	0	0	0	0	0	0	0	0	0	0	0	0	0	0	0	0	0	0	0	0	0	0	0	0	0	0	0	0	0	0	0	0	0	0	0	89	100	184
0	0	0	0	0	0	0	0	0	0	0	0	0	0	0	0	0	0	0	0	0	0	0	0	0	0	0	0	0	0	0	0	0	0	0	0	0	0	0	0	0	0	0	0	0	0	0	0	0	0	0	0	0	0	0	0	0	0	0	0	0	0	0	0	0	0	0	0	0	0	0	0	0	0	0	0	0	0	0	0	0	0	0	0	0	0	0	0	0	0	0	0	0	0	0	0	0	0	0	0	0	0	0	0	0	0	0	0	0	0	0	0	0	0	0	0	0	0	0	0	0	0	0	0	0	0	82	113
0	0	0	0	0	0	0	0	0	0	0	0	0	0	0	0	0	0	0	0	0	0	0	0	0	0	0	0	0	0	0	0	0	0	0	0	0	0	0	0	0	0	0	0	0	0	0	0	0	0	0	0	0	0	0	0	0	0	0	0	0	0	0	0	0	0	0	0	0	0	0	0	0	0	0	0	0	0	0	0	0	0	0	0	0	0	0	0	0	0	0	0	0	0	0	0	0	0	0	0	0	0	0	0	0	0	0	0	0	0	0	0	0	0	0	0	0	0	0	0	0	0	0	0	0	0	0	64
0	0	0	0	0	0	0	0	0	0	0	0	0	0	0	0	0	0	0	0	0	0	0	0	0	0	0	0	0	0	0	0	0	0	0	0	0	0	0	0	0	0	0	0	0	0	0	0	0	0	0	0	0	0	0	0	0	0	0	0	0	0	0	0	0	0	0	0	0	0	0	0	0	0	0	0	0	0	0	0	0	0	0	0	0	0	0	0	0	0	0	0	0	0	0	0	0	0	0	0	0	0	0	0	0	0	0	0	0	0	0	0	0	0	0	0	0	0	0	0	0	0	0	0	0	0	0	0