0	125	51	105	64	48	81	92	41	109	122	55	63	54	76	56	16	38	34	53	26	7	91	95	19	4	16	7	97	3	44	2	13	27	7	15	88	97	74	125	50	28	113	125	11	9	4	6	59	42	4	71	4	108	14	99	15	38	48	22	42	126	57	22	113	32	46	7	47	96	34	44	33	31	15	51	96	98	88	127	72	15	55	129	71	60	15	26	46	59	52	91	64	126	97	112	77	43	116	9	69	76	112	50	20	69	52	20	116	95	19	81	94	33	25	59	21	97	104	9	126	64	44	71	114	39	14	87
0	0	75	53	6	39	107	11	97	100	81	98	108	122	21	98	62	118	71	80	36	42	82	34	83	9	110	25	14	115	88	129	35	12	32	129	71	6	115	100	128	41	45	89	76	92	116	105	29	96	36	40	47	64	120	12	28	121	124	55	4	59	96	9	97	11	5	7	101	89	113	16	83	14	59	108	93	35	121	126	123	94	104	67	125	38	23	26	37	25	116	14	18	77	2	5	40	43	67	82	53	25	56	50	110	92	7	59	74	113	90	32	7	128	101	101	36	114	2	37	87	87	70	108	72	21	99	100
0	0	0	75	51	119	58	13	98	64	26	103	57	57	56	116	9	103	37	119	16	71	76	34	69	38	102	121	43	5	64	65	108	44	87	64	122	69	72	82	16	18	82	123	79	107	70	65	39	104	25	46	129	63	31	91	59	88	8	96	108	114	51	106	103	39	67	89	107	77	125	44	110	106	8	53	80	54	124	98	17	87	130	78	112	37	50	56	14	101	117	68	83	115	39	42	52	102	98	63	79	123	21	52	83	66	6	90	52	9	25	35	48	91	59	56	27	63	125	60	4	66	58	93	86	75	53	70
0	0	0	0	48	58	59	47	89	123	53	84	115	114	72	116	48	6	25	118	5	26	24	65	120	38	84	55	25	76	52	101	62	36	98	60	14	8	111	27	21	64	50	16	13	117	123	118	129	119	16	52	78	108	97	119	32	77	128	119	6	43	94	75	62	49	47	13	21	11	113	11	55	117	47	120	108	67	57	67	121	39	55	65	52	56	88	66	114	5	90	81	7	106	125	76	44	15	67	56	131	81	81	57	51	37	49	102	77	75	112	105	66	57	104	110	77	49	36	30	47	47	77	38	11	95	121	8
0	0	0	0	0	118	19	63	41	92	48	75	62	8	44	96	25	91	115	42	80	26	88	114	9	91	31	5	47	79	15	106	53	81	91	37	90	10	40	97	67	19	100	99	119	82	25	20	53	44	29	87	89	121	85	29	77	62	111	78	14	20	95	113	48	35	40	126	70	96	91	126	66	42	18	18	33	49	109	31	106	21	103	22	13	118	54	11	128	76	8	25	106	129	34	43	5	108	120	122	18	75	64	123	14	54	106	105	12	127	16	116	60	117	74	91	59	7	118	10	9	7	61	110	11	52	53	31
0	0	0	0	0	0	47	119	85	67	107	93	23	53	31	51	84	121	114	79	59	75	130	36	129	38	114	90	80	4	42	92	132	128	127	118	11	69	87	127	45	88	35	74	128	42	80	97	14	73	45	128	7	130	30	29	48	61	128	109	59	102	36	128	71	83	39	9	24	102	115	28	21	22	8	87	67	64	122	90	61	117	26	16	87	111	6	75	35	75	115	125	79	120	91	126	32	86	21	52	33	24	72	20	39	7	44	53	15	108	78	41	37	40	125	129	121	64	41	117	81	41	126	28	59	114	104	18
0	0	0	0	0	0	0	56	11	126	64	109	86	123	66	97	17	32	15	7	102	51	17	127	49	111	27	42	56	128	60	69	62	75	117	15	38	36	69	6	55	54	129	112	24	18	69	40	72	80	31	63	62	12	68	67	51	35	7	83	114	53	107	74	103	95	27	87	14	67	37	98	71	122	119	118	9	53	107	102	19	120	44	56	124	57	127	92	29	92	31	97	114	108	46	42	66	20	30	133	31	113	119	26	66	59	7	41	29	17	123	81	101	30	69	10	87	43	10	68	73	72	70	34	101	28	100	90
0	0	0	0	0	0	0	0	20	54	122	27	122	103	63	69	93	91	51	68	118	104	31	65	112	130	118	117	54	45	18	134	110	39	106	109	66	133	77	116	82	70	106	96	72	53	107	83	66	28	105	63	76	40	10	22	19	42	106	119	49	22	60	112	129	108	114	19	32	79	93	38	86	88	49	29	48	90	14	20	77	51	16	107	129	122	75	89	9	24	60	87	11	114	75	18	88	74	64	125	52	75	130	104	117	72	123	30	68	31	60	26	13	32	130	114	83	80	103	121	61	80	77	96	43	26	111	123
0	0	0	0	0	0	0	0	0	117	54	123	45	103	28	70	127	28	109	59	124	79	67	61	90	80	68	72	48	11	68	44	47	121	29	67	101	65	61	125	131	106	117	67	107	72	54	89	92	98	70	78	13	68	107	54	96	93	66	13	8	38	97	14	90	93	15	86	80	42	100	114	103	11	94	99	33	47	120	50	15	114	78	93	42	37	99	17	22	52	90	71	14	85	25	88	131	94	88	94	96	81	91	79	97	54	81	77	13	125	59	43	68	97	12	123	65	35	81	37	11	50	24	118	120	46	41	20
0	0	0	0	0	0	0	0	0	0	20	7	80	66	120	32	33	102	14	30	85	108	51	80	7	96	90	27	27	122	26	66	88	11	12	60	47	112	92	103	28	42	100	97	116	126	16	23	40	127	66	33	90	15	75	116	26	17	44	125	125	41	12	36	12	34	69	86	117	45	53	85	72	88	83	28	60	20	64	89	40	68	36	125	78	11	131	114	126	75	112	113	45	22	10	78	64	112	71	40	7	34	95	55	16	30	20	117	28	78	70	99	12	116	46	16	88	89	19	90	30	74	67	59	87	35	42	50
0	0	0	0	0	0	0	0	0	0	0	106	13	127	110	55	102	70	20	13	25	79	130	77	25	131	87	126	80	38	28	34	98	61	22	117	70	76	123	132	9	32	99	44	78	85	84	124	109	92	64	78	83	62	13	112	9	95	78	127	126	106	16	20	39	34	21	131	98	33	62	54	34	38	38	82	59	104	113	5	75	54	58	127	105	53	91	127	126	105	34	99	102	99	123	116	6	38	62	115	80	44	77	115	135	120	106	106	78	35	8	55	100	113	129	63	69	40	24	77	127	55	119	89	49	115	129	81
0	0	0	0	0	0	0	0	0	0	0	0	47	12	108	72	42	41	44	18	41	92	116	13	121	82	19	128	78	124	16	21	89	74	119	33	23	93	105	88	37	24	52	33	51	129	34	85	38	117	9	115	46	18	117	88	130	90	35	17	62	40	108	39	55	69	53	128	26	126	68	69	83	93	18	129	121	37	16	129	43	99	121	34	25	111	45	90	119	101	61	66	23	121	4	112	95	58	98	12	14	122	33	19	48	54	110	9	49	41	122	15	6	49	61	115	59	61	114	114	103	127	42	6	49	38	46	24
0	0	0	0	0	0	0	0	0	0	0	0	0	112	28	105	47	62	97	98	16	135	19	65	112	119	32	35	83	39	97	122	87	131	130	26	57	25	16	65	63	92	30	37	60	111	119	73	43	54	63	117	58	28	30	40	117	105	109	73	129	42	22	5	114	93	72	73	14	125	81	52	85	127	99	98	104	66	10	28	130	39	71	83	101	38	110	18	73	19	56	54	38	135	112	109	131	132	28	66	65	132	100	127	7	120	126	135	33	75	35	104	103	124	29	110	30	80	34	5	68	24	47	31	54	10	32	81
0	0	0	0	0	0	0	0	0	0	0	0	0	0	9	96	100	47	38	52	131	46	82	63	25	105	66	39	39	131	136	52	118	56	18	75	6	64	68	135	131	85	121	65	13	75	91	131	133	137	84	93	64	61	68	76	83	110	82	96	83	108	116	81	57	63	75	109	107	95	76	50	130	25	28	98	86	57	65	28	26	111	40	82	74	29	48	110	101	103	132	42	74	92	102	28	111	76	27	82	109	65	127	69	30	124	100	117	80	58	67	80	25	139	48	111	43	78	34	116	50	75	7	99	40	93	30	81
0	0	0	0	0	0	0	0	0	0	0	0	0	0	0	74	118	83	72	52	92	37	126	71	52	38	48	79	68	113	80	74	71	105	29	35	54	35	20	13	113	86	45	77	86	125	109	53	55	33	35	81	113	86	75	99	107	60	31	4	98	37	49	75	97	26	123	33	36	27	93	104	65	99	33	97	2	72	18	18	58	80	88	29	19	43	128	84	120	85	73	132	71	51	130	15	29	122	113	61	78	88	48	16	35	56	36	40	25	120	116	125	113	24	102	87	135	74	63	50	70	87	117	83	38	133	100	26
0	0	0	0	0	0	0	0	0	0	0	0	0	0	0	0	42	97	113	85	127	50	65	42	83	116	13	93	67	113	96	110	119	23	29	114	103	71	35	61	67	87	112	112	92	90	110	30	44	77	41	89	17	118	72	110	84	46	26	77	64	106	86	83	135	79	32	70	39	93	62	127	94	52	48	90	134	99	15	117	8	63	116	99	106	70	112	107	10	127	33	45	114	112	83	66	90	40	33	75	112	23	59	66	125	63	12	99	56	26	112	52	31	143	8	90	91	43	59	47	106	48	135	88	85	88	85	77
0	0	0	0	0	0	0	0	0	0	0	0	0	0	0	0	0	63	18	86	110	91	69	85	114	44	111	49	37	46	95	85	37	103	35	62	94	109	99	51	87	82	37	135	127	63	94	130	11	43	87	123	29	132	18	16	12	46	141	99	56	79	33	57	16	69	41	68	88	103	87	60	87	29	30	2	37	97	97	71	51	65	97	63	115	94	24	115	76	96	105	55	37	52	40	85	91	27	44	54	49	94	81	121	43	36	33	16	115	37	81	89	12	17	40	19	110	51	127	123	112	53	82	112	29	51	84	100
0	0	0	0	0	0	0	0	0	0	0	0	0	0	0	0	0	0	103	121	96	20	94	113	100	38	92	136	33	116	129	123	128	78	69	20	135	132	22	50	129	125	46	57	37	66	46	124	23	113	71	131	48	104	103	115	95	49	127	142	33	69	90	39	113	55	24	110	87	52	71	131	124	55	57	24	72	48	125	14	38	107	136	45	109	71	89	101	86	100	68	85	114	89	10	112	47	120	130	93	112	27	23	99	27	97	87	134	46	96	116	129	94	104	80	33	84	63	87	86	100	120	114	27	67	44	32	58
0	0	0	0	0	0	0	0	0	0	0	0	0	0	0	0	0	0	0	126	8	93	95	79	52	77	101	63	54	140	112	102	42	44	110	132	79	23	14	119	29	118	132	25	128	64	62	59	55	87	5	139	29	27	37	130	125	122	61	124	107	34	53	124	33	105	31	29	69	89	17	43	111	18	77	115	94	99	52	62	102	98	104	100	106	28	52	85	92	92	55	132	45	120	83	131	26	28	120	99	57	117	7	60	122	31	112	8	87	25	98	35	124	117	91	29	91	135	55	13	53	34	120	50	78	105	50	104
0	0	0	0	0	0	0	0	0	0	0	0	0	0	0	0	0	0	0	0	79	76	80	80	45	61	148	95	87	95	33	8	33	95	50	51	33	66	40	56	36	90	97	131	73	62	130	79	24	24	118	25	43	14	17	89	35	116	27	30	66	83	59	115	78	126	6	33	75	115	73	28	68	127	81	124	103	58	122	6	37	83	130	27	96	64	132	101	56	121	80	21	54	46	132	112	110	132	18	45	141	140	20	22	33	130	13	88	33	36	66	74	79	58	15	101	81	59	27	124	54	109	70	110	43	112	38	58
0	0	0	0	0	0	0	0	0	0	0	0	0	0	0	0	0	0	0	0	0	20	126	24	122	115	69	60	92	76	17	62	72	89	78	48	24	98	74	14	18	121	64	142	69	49	68	107	81	105	140	57	129	65	63	21	47	43	9	98	103	94	125	51	73	134	120	55	75	77	75	117	67	85	20	60	107	64	53	55	104	127	125	129	99	51	89	39	110	16	131	146	118	33	23	31	65	22	6	36	108	54	42	15	72	109	130	23	106	71	107	38	41	62	96	114	92	137	83	90	30	119	34	19	13	97	16	108
0	0	0	0	0	0	0	0	0	0	0	0	0	0	0	0	0	0	0	0	0	0	117	90	130	7	69	14	70	97	70	30	93	29	112	65	7	68	131	138	74	74	89	139	93	77	129	62	102	102	109	102	71	96	119	95	84	118	54	124	24	122	74	18	91	110	79	17	119	37	78	102	44	45	77	91	37	72	26	121	23	60	87	48	131	58	106	78	23	124	81	18	129	121	8	74	29	83	54	84	139	127	38	88	112	109	128	42	134	48	52	54	61	55	45	102	48	116	119	43	62	75	115	41	13	38	104	43
0	0	0	0	0	0	0	0	0	0	0	0	0	0	0	0	0	0	0	0	0	0	0	19	103	50	63	45	86	7	85	135	120	14	80	97	64	111	34	31	40	22	66	100	13	59	113	80	80	109	122	91	114	53	55	138	37	34	87	125	122	49	129	72	74	112	60	25	93	92	72	100	35	125	122	107	116	67	90	123	72	97	53	28	112	123	39	95	43	114	26	98	29	105	76	117	117	32	120	59	119	99	139	101	103	79	129	47	58	86	28	78	74	44	128	117	143	51	100	66	35	75	112	40	115	24	56	52
0	0	0	0	0	0	0	0	0	0	0	0	0	0	0	0	0	0	0	0	0	0	0	0	91	141	80	90	70	50	91	75	48	20	119	46	87	72	14	93	103	128	64	114	134	99	122	71	119	87	114	101	81	42	105	44	54	87	65	42	16	47	74	73	70	58	72	27	23	124	94	148	79	94	78	89	40	135	99	51	46	49	30	127	67	25	150	59	110	44	67	92	118	110	81	14	100	133	33	49	102	81	116	62	38	73	48	120	134	94	81	130	47	106	137	40	79	52	133	92	88	88	109	116	26	109	116	127
0	0	0	0	0	0	0	0	0	0	0	0	0	0	0	0	0	0	0	0	0	0	0	0	0	100	118	74	88	34	97	41	25	85	92	45	76	32	113	10	41	91	57	58	123	57	44	125	125	27	128	101	106	68	29	55	90	73	127	40	52	74	49	90	41	89	115	13	111	96	137	82	64	98	73	83	27	91	104	17	68	62	143	70	78	107	140	96	2	59	115	90	108	130	28	34	126	74	3	113	36	79	119	47	106	56	130	98	105	9	114	100	64	46	87	64	21	61	22	72	20	120	87	46	26	121	48	69
0	0	0	0	0	0	0	0	0	0	0	0	0	0	0	0	0	0	0	0	0	0	0	0	0	0	68	94	129	135	132	56	111	99	116	25	27	100	116	68	33	79	90	95	99	130	87	45	33	129	153	79	62	113	108	45	91	95	23	96	49	38	33	42	13	69	115	61	103	91	92	132	117	101	142	33	31	133	85	39	134	93	11	3	79	106	24	15	83	38	132	95	116	124	141	120	123	136	53	82	96	13	121	34	106	66	42	49	130	68	83	119	78	111	64	34	60	60	131	44	59	102	78	72	73	59	46	32
0	0	0	0	0	0	0	0	0	0	0	0	0	0	0	0	0	0	0	0	0	0	0	0	0	0	0	14	115	117	31	38	134	42	122	76	90	116	111	59	44	100	57	64	16	111	68	144	104	83	64	126	59	146	62	142	56	133	56	142	110	105	79	106	13	122	79	56	46	82	52	59	107	71	86	69	90	85	47	72	130	87	151	80	75	90	82	32	57	113	39	33	95	95	51	41	33	124	7	90	73	93	84	39	124	57	107	29	72	103	112	137	105	40	71	100	7	73	81	125	135	90	68	105	93	49	65	110
0	0	0	0	0	0	0	0	0	0	0	0	0	0	0	0	0	0	0	0	0	0	0	0	0	0	0	0	11	107	55	88	96	63	84	68	27	83	29	129	141	22	12	96	12	63	133	26	121	130	92	106	31	45	24	25	111	126	91	70	64	127	80	32	82	44	25	98	102	32	71	137	104	83	33	139	139	29	64	77	31	55	115	100	106	59	71	97	146	42	61	81	118	85	68	100	120	49	63	99	65	62	127	111	57	73	87	52	55	27	30	30	91	80	64	33	131	110	44	140	87	43	97	17	51	36	84	96
0	0	0	0	0	0	0	0	0	0	0	0	0	0	0	0	0	0	0	0	0	0	0	0	0	0	0	0	0	108	133	44	23	109	135	139	117	104	68	25	44	121	28	85	80	74	25	22	33	79	54	40	45	140	65	55	48	24	109	12	55	92	78	143	107	107	66	100	83	95	55	107	70	110	118	47	49	78	29	112	39	111	56	84	110	65	141	105	95	123	85	141	149	120	66	49	57	107	37	98	60	55	64	51	129	31	54	27	137	45	50	62	34	61	116	73	32	94	104	45	130	81	78	85	64	26	52	18
0	0	0	0	0	0	0	0	0	0	0	0	0	0	0	0	0	0	0	0	0	0	0	0	0	0	0	0	0	0	47	57	110	44	26	73	97	24	149	79	52	147	117	103	112	99	74	121	150	73	79	60	99	142	47	135	41	63	99	136	91	72	116	84	136	85	122	129	144	128	49	46	61	13	137	114	36	94	139	143	114	26	103	128	35	26	31	133	103	71	37	122	98	51	65	117	106	57	117	146	61	50	26	121	142	146	130	49	56	135	45	82	141	96	42	133	83	129	141	81	73	44	152	82	25	29	48	123
0	0	0	0	0	0	0	0	0	0	0	0	0	0	0	0	0	0	0	0	0	0	0	0	0	0	0	0	0	0	0	131	89	91	92	27	31	22	7	131	52	62	12	25	128	66	55	42	85	138	95	128	25	111	75	34	83	97	25	91	28	50	39	123	108	55	131	69	88	115	37	17	137	151	19	74	18	36	155	64	32	132	101	68	135	144	40	47	94	80	19	47	133	89	139	83	125	120	136	109	133	141	63	17	81	122	93	81	70	50	150	116	139	88	120	50	73	29	38	126	146	148	36	111	96	134	20	20
0	0	0	0	0	0	0	0	0	0	0	0	0	0	0	0	0	0	0	0	0	0	0	0	0	0	0	0	0	0	0	0	126	92	112	19	115	96	122	102	158	78	127	85	48	23	84	114	36	111	132	41	90	59	34	70	22	123	117	39	47	42	43	31	145	37	129	119	123	62	110	32	151	129	119	80	25	25	85	78	45	57	42	49	116	69	152	7	80	131	95	78	17	63	49	97	126	132	135	66	131	17	135	67	52	53	115	128	29	109	44	56	90	97	53	66	53	102	17	46	17	56	37	90	84	42	137	78
0	0	0	0	0	0	0	0	0	0	0	0	0	0	0	0	0	0	0	0	0	0	0	0	0	0	0	0	0	0	0	0	0	115	103	98	13	66	39	117	103	53	122	82	86	138	104	35	53	78	74	27	61	54	136	36	111	39	37	45	83	134	67	62	123	130	133	111	23	130	54	63	107	102	35	149	100	62	73	105	77	116	90	35	143	84	149	74	77	75	39	91	73	8	20	113	39	33	92	132	49	70	92	108	104	139	87	34	86	151	132	129	126	67	89	116	57	113	46	94	147	17	23	29	50	126	47	77
0	0	0	0	0	0	0	0	0	0	0	0	0	0	0	0	0	0	0	0	0	0	0	0	0	0	0	0	0	0	0	0	0	0	54	25	78	92	147	65	128	127	87	41	145	129	136	47	33	103	88	69	113	63	114	37	99	84	46	102	27	130	98	122	47	125	27	132	39	83	70	10	52	21	83	136	54	62	45	114	63	46	52	97	101	16	98	85	84	80	93	126	135	128	63	33	125	157	20	128	108	111	52	130	91	98	107	122	34	88	46	55	40	58	95	31	64	123	146	124	31	89	95	31	98	103	123	74
0	0	0	0	0	0	0	0	0	0	0	0	0	0	0	0	0	0	0	0	0	0	0	0	0	0	0	0	0	0	0	0	0	0	0	72	87	32	114	20	70	89	104	10	53	71	98	50	121	117	23	72	133	37	130	71	79	90	71	33	133	99	73	121	49	68	73	47	147	113	104	92	34	29	22	127	106	140	87	101	65	29	55	74	34	137	101	109	41	123	56	148	65	129	38	74	19	91	111	55	129	46	106	57	89	100	119	121	90	127	22	73	91	96	121	109	33	55	113	36	67	56	132	71	106	121	93	71
0	0	0	0	0	0	0	0	0	0	0	0	0	0	0	0	0	0	0	0	0	0	0	0	0	0	0	0	0	0	0	0	0	0	0	0	117	88	47	98	46	148	117	118	149	65	128	65	75	28	103	133	110	94	59	121	105	124	48	50	61	109	146	122	78	82	143	95	97	17	12	75	31	132	125	132	152	76	73	77	44	33	69	28	146	105	48	34	47	136	67	126	131	148	95	100	97	78	70	122	66	91	61	83	104	94	41	117	99	115	97	120	107	40	43	33	73	70	20	69	54	129	133	65	37	84	95	61
0	0	0	0	0	0	0	0	0	0	0	0	0	0	0	0	0	0	0	0	0	0	0	0	0	0	0	0	0	0	0	0	0	0	0	0	0	101	22	45	61	90	120	24	54	127	148	32	118	102	129	132	81	54	34	39	40	64	10	105	59	58	50	69	81	122	105	24	26	145	5	39	78	88	67	74	104	131	108	97	88	125	67	109	88	126	74	104	145	115	69	137	132	137	113	49	76	99	97	42	43	60	80	91	118	83	38	9	41	6	70	94	133	69	75	58	61	100	47	59	19	120	63	79	52	82	31	135
0	0	0	0	0	0	0	0	0	0	0	0	0	0	0	0	0	0	0	0	0	0	0	0	0	0	0	0	0	0	0	0	0	0	0	0	0	0	89	48	145	122	51	71	77	145	52	34	110	112	105	119	72	118	47	94	82	89	82	102	51	103	68	129	49	96	113	11	19	98	127	94	118	28	83	51	49	136	64	21	33	92	85	104	55	18	39	28	35	126	65	18	59	133	107	131	79	78	60	78	70	64	50	28	40	115	6	79	141	85	47	48	42	38	160	72	56	89	92	50	127	85	141	118	147	49	117	56
0	0	0	0	0	0	0	0	0	0	0	0	0	0	0	0	0	0	0	0	0	0	0	0	0	0	0	0	0	0	0	0	0	0	0	0	0	0	0	23	129	113	100	85	67	21	150	32	50	65	12	24	59	65	99	84	105	35	73	142	79	155	47	139	147	93	26	86	134	106	41	27	71	91	140	111	50	114	59	137	51	92	42	135	127	94	112	128	126	65	120	115	34	116	124	32	123	25	98	105	117	138	114	109	71	30	107	9	95	122	132	120	118	32	142	54	91	127	69	159	54	31	12	151	49	123	115	84
0	0	0	0	0	0	0	0	0	0	0	0	0	0	0	0	0	0	0	0	0	0	0	0	0	0	0	0	0	0	0	0	0	0	0	0	0	0	0	0	109	122	149	137	53	129	14	77	117	48	143	164	114	66	110	55	135	32	144	61	71	85	27	60	89	75	107	37	104	20	135	149	87	103	69	70	87	84	106	105	126	101	52	127	80	75	35	105	35	45	31	70	139	64	42	92	108	84	34	136	72	76	132	116	65	46	130	86	45	113	68	33	107	39	12	145	71	30	97	77	86	74	84	134	38	73	41	40
0	0	0	0	0	0	0	0	0	0	0	0	0	0	0	0	0	0	0	0	0	0	0	0	0	0	0	0	0	0	0	0	0	0	0	0	0	0	0	0	0	132	93	55	65	99	92	44	63	147	39	44	94	52	75	120	43	72	93	38	36	87	93	57	73	46	64	79	75	15	41	60	131	84	23	75	84	61	19	31	95	73	91	136	33	62	82	147	128	111	98	95	132	92	126	106	49	131	88	67	99	46	123	104	100	37	121	57	27	92	80	60	37	15	44	32	37	104	140	139	114	109	51	115	151	156	119	114
0	0	0	0	0	0	0	0	0	0	0	0	0	0	0	0	0	0	0	0	0	0	0	0	0	0	0	0	0	0	0	0	0	0	0	0	0	0	0	0	0	0	74	103	46	150	141	124	99	110	135	77	89	73	128	116	105	44	40	53	73	75	78	109	152	42	115	91	137	132	51	120	103	21	140	49	124	122	112	77	94	118	64	44	69	119	59	107	155	160	119	70	79	66	106	118	80	42	162	102	90	107	143	54	93	142	114	40	70	85	112	96	50	43	143	91	147	71	62	103	143	61	66	27	68	88	47	121
0	0	0	0	0	0	0	0	0	0	0	0	0	0	0	0	0	0	0	0	0	0	0	0	0	0	0	0	0	0	0	0	0	0	0	0	0	0	0	0	0	0	0	127	71	102	137	139	155	29	121	81	114	56	68	65	63	143	65	129	62	134	87	144	115	151	110	121	94	139	71	123	55	30	18	74	58	89	163	143	110	116	38	29	82	111	158	147	133	30	63	63	70	139	135	44	44	101	95	15	72	68	91	125	153	57	120	113	139	108	17	104	125	139	110	111	132	42	90	135	119	141	116	62	98	123	58	108
0	0	0	0	0	0	0	0	0	0	0	0	0	0	0	0	0	0	0	0	0	0	0	0	0	0	0	0	0	0	0	0	0	0	0	0	0	0	0	0	0	0	0	0	92	120	15	75	49	68	45	46	104	55	114	60	54	40	142	121	78	129	63	12	88	121	109	50	164	105	40	56	37	14	62	76	132	74	73	66	135	21	141	50	147	120	42	95	72	49	54	97	121	75	143	110	144	53	84	114	93	128	115	141	166	100	83	143	66	79	161	139	69	129	72	80	61	89	130	99	93	114	165	98	92	45	59	140
0	0	0	0	0	0	0	0	0	0	0	0	0	0	0	0	0	0	0	0	0	0	0	0	0	0	0	0	0	0	0	0	0	0	0	0	0	0	0	0	0	0	0	0	0	113	93	90	96	118	113	73	130	97	73	33	115	104	94	89	33	74	63	42	113	120	26	170	43	91	118	35	35	104	100	103	29	136	71	100	75	81	143	139	143	59	82	27	34	58	123	133	81	147	159	126	118	65	109	123	98	145	129	86	40	66	79	132	54	72	91	39	59	38	56	49	97	68	25	63	53	165	114	84	116	58	32	109
0	0	0	0	0	0	0	0	0	0	0	0	0	0	0	0	0	0	0	0	0	0	0	0	0	0	0	0	0	0	0	0	0	0	0	0	0	0	0	0	0	0	0	0	0	0	53	46	138	73	76	90	118	67	96	114	155	80	75	97	100	21	27	44	31	112	26	39	149	27	67	95	140	122	120	142	42	131	65	57	79	48	48	21	51	84	120	115	155	82	109	69	98	128	113	32	62	83	33	132	153	135	150	114	77	100	66	102	11	43	135	73	55	101	77	106	83	63	79	77	76	93	139	96	113	91	85	160
0	0	0	0	0	0	0	0	0	0	0	0	0	0	0	0	0	0	0	0	0	0	0	0	0	0	0	0	0	0	0	0	0	0	0	0	0	0	0	0	0	0	0	0	0	0	0	71	160	108	45	81	106	114	120	59	62	29	118	53	100	31	74	69	64	148	106	120	143	128	116	148	103	80	58	18	62	130	138	83	116	165	126	92	99	44	80	70	36	104	90	40	105	91	99	62	69	102	94	121	104	76	76	120	153	46	118	118	20	127	113	118	48	74	143	88	99	104	127	47	164	155	26	104	110	128	35	125
0	0	0	0	0	0	0	0	0	0	0	0	0	0	0	0	0	0	0	0	0	0	0	0	0	0	0	0	0	0	0	0	0	0	0	0	0	0	0	0	0	0	0	0	0	0	0	0	110	48	47	151	49	135	79	161	142	57	88	77	24	108	64	72	141	142	36	86	160	118	121	69	84	147	72	121	109	47	148	85	149	54	102	108	147	125	19	41	126	124	76	145	106	126	141	84	85	145	15	40	49	135	45	77	156	146	53	141	42	146	145	33	127	145	97	79	70	59	54	69	141	91	55	128	80	85	77	116
0	0	0	0	0	0	0	0	0	0	0	0	0	0	0	0	0	0	0	0	0	0	0	0	0	0	0	0	0	0	0	0	0	0	0	0	0	0	0	0	0	0	0	0	0	0	0	0	0	100	132	131	102	27	75	41	124	118	153	111	32	107	151	64	56	48	13	75	67	99	103	87	135	107	71	71	150	83	26	157	48	40	74	51	81	92	32	51	119	130	137	35	19	109	109	57	127	95	48	145	142	40	99	30	70	72	133	10	98	40	105	151	37	31	64	37	147	73	28	161	35	141	106	122	159	37	69	48
0	0	0	0	0	0	0	0	0	0	0	0	0	0	0	0	0	0	0	0	0	0	0	0	0	0	0	0	0	0	0	0	0	0	0	0	0	0	0	0	0	0	0	0	0	0	0	0	0	0	104	87	76	57	104	79	57	65	49	163	125	111	88	137	51	141	85	127	49	47	70	76	46	69	67	38	90	101	152	41	106	56	170	107	96	113	149	66	127	40	70	108	84	166	117	47	61	109	132	84	121	73	139	26	101	156	44	86	89	64	48	134	63	135	26	39	111	154	127	118	126	94	142	37	51	51	141	154
0	0	0	0	0	0	0	0	0	0	0	0	0	0	0	0	0	0	0	0	0	0	0	0	0	0	0	0	0	0	0	0	0	0	0	0	0	0	0	0	0	0	0	0	0	0	0	0	0	0	0	68	87	74	163	151	106	108	107	92	122	96	23	70	110	86	66	117	155	65	105	158	45	140	75	91	87	120	25	48	149	123	53	141	109	61	118	81	73	71	52	117	102	162	87	85	79	79	113	52	86	14	57	48	57	116	125	57	90	155	34	63	31	52	63	51	117	85	37	174	40	85	47	114	138	31	20	168
0	0	0	0	0	0	0	0	0	0	0	0	0	0	0	0	0	0	0	0	0	0	0	0	0	0	0	0	0	0	0	0	0	0	0	0	0	0	0	0	0	0	0	0	0	0	0	0	0	0	0	0	88	143	58	73	159	99	96	148	70	132	163	96	28	73	169	62	54	75	152	112	96	149	171	111	148	152	139	100	120	84	174	58	43	132	74	96	87	37	107	165	40	65	41	49	147	42	143	26	55	62	89	83	91	85	54	26	17	159	63	120	42	138	26	132	146	57	76	129	58	39	52	33	86	33	41	61
0	0	0	0	0	0	0	0	0	0	0	0	0	0	0	0	0	0	0	0	0	0	0	0	0	0	0	0	0	0	0	0	0	0	0	0	0	0	0	0	0	0	0	0	0	0	0	0	0	0	0	0	0	117	116	47	77	53	148	71	115	95	94	148	74	129	80	167	126	110	85	162	45	111	18	110	132	65	107	90	161	135	81	53	66	86	118	126	132	93	61	139	148	38	92	136	114	91	100	169	105	130	73	96	82	127	150	158	166	178	120	61	93	158	76	101	110	117	64	72	94	153	44	111	91	115	119	37
0	0	0	0	0	0	0	0	0	0	0	0	0	0	0	0	0	0	0	0	0	0	0	0	0	0	0	0	0	0	0	0	0	0	0	0	0	0	0	0	0	0	0	0	0	0	0	0	0	0	0	0	0	0	84	131	74	21	56	84	128	70	76	46	52	41	89	151	87	43	58	132	90	90	116	61	112	77	92	48	85	58	113	128	132	62	34	70	64	42	123	57	62	45	130	112	147	88	70	64	112	157	55	102	71	102	151	108	141	120	128	131	19	28	157	46	62	35	45	5	76	95	122	87	167	14	119	21
0	0	0	0	0	0	0	0	0	0	0	0	0	0	0	0	0	0	0	0	0	0	0	0	0	0	0	0	0	0	0	0	0	0	0	0	0	0	0	0	0	0	0	0	0	0	0	0	0	0	0	0	0	0	0	15	125	118	94	83	36	74	143	104	130	39	105	135	32	63	148	39	47	43	50	51	97	35	79	80	10	109	128	139	11	55	90	90	84	105	42	161	103	30	105	74	41	133	58	33	12	69	93	44	97	133	39	45	94	88	71	120	79	115	78	69	46	71	109	122	73	132	127	173	49	78	116	85
0	0	0	0	0	0	0	0	0	0	0	0	0	0	0	0	0	0	0	0	0	0	0	0	0	0	0	0	0	0	0	0	0	0	0	0	0	0	0	0	0	0	0	0	0	0	0	0	0	0	0	0	0	0	0	0	94	113	65	103	96	149	132	28	53	30	140	65	88	176	131	169	60	53	44	57	100	158	25	49	97	93	67	60	22	42	68	32	133	87	66	133	117	70	103	98	51	76	133	95	29	86	130	170	61	71	86	99	151	43	114	116	20	59	159	107	106	56	36	81	77	70	142	114	126	131	65	82
0	0	0	0	0	0	0	0	0	0	0	0	0	0	0	0	0	0	0	0	0	0	0	0	0	0	0	0	0	0	0	0	0	0	0	0	0	0	0	0	0	0	0	0	0	0	0	0	0	0	0	0	0	0	0	0	0	136	111	161	112	106	177	52	123	78	98	62	54	57	77	130	29	47	111	137	134	143	71	46	35	133	160	87	62	165	30	64	106	176	73	134	29	69	77	43	114	158	69	176	57	24	119	85	42	84	90	66	123	93	105	21	111	123	20	11	145	50	140	155	78	73	105	102	62	118	135	127
0	0	0	0	0	0	0	0	0	0	0	0	0	0	0	0	0	0	0	0	0	0	0	0	0	0	0	0	0	0	0	0	0	0	0	0	0	0	0	0	0	0	0	0	0	0	0	0	0	0	0	0	0	0	0	0	0	0	45	133	44	67	34	77	141	42	93	121	48	134	107	41	119	161	152	83	132	50	118	86	72	50	95	72	44	107	86	149	84	117	89	117	90	120	61	82	65	136	164	98	177	57	136	26	52	135	95	50	126	125	147	122	138	67	105	67	148	50	84	156	125	165	85	84	119	140	23	159
0	0	0	0	0	0	0	0	0	0	0	0	0	0	0	0	0	0	0	0	0	0	0	0	0	0	0	0	0	0	0	0	0	0	0	0	0	0	0	0	0	0	0	0	0	0	0	0	0	0	0	0	0	0	0	0	0	0	0	17	104	144	52	107	97	169	59	92	88	35	113	80	35	74	128	45	107	118	62	127	89	111	114	108	18	133	114	144	72	136	141	77	60	130	116	67	64	58	77	135	123	70	95	56	152	100	162	142	104	127	73	114	33	125	92	165	174	126	81	181	42	129	104	62	49	108	55	91
0	0	0	0	0	0	0	0	0	0	0	0	0	0	0	0	0	0	0	0	0	0	0	0	0	0	0	0	0	0	0	0	0	0	0	0	0	0	0	0	0	0	0	0	0	0	0	0	0	0	0	0	0	0	0	0	0	0	0	0	103	110	152	78	22	139	38	25	85	119	112	88	156	103	82	115	110	83	107	50	119	137	174	88	76	92	151	86	70	167	149	174	82	7	47	149	52	117	154	92	94	170	78	103	29	44	66	87	51	63	30	50	93	84	126	96	142	103	114	98	95	88	111	177	29	171	43	33
0	0	0	0	0	0	0	0	0	0	0	0	0	0	0	0	0	0	0	0	0	0	0	0	0	0	0	0	0	0	0	0	0	0	0	0	0	0	0	0	0	0	0	0	0	0	0	0	0	0	0	0	0	0	0	0	0	0	0	0	0	152	163	181	145	151	83	25	102	151	133	46	134	148	124	143	121	130	118	37	27	98	96	129	53	52	84	86	75	75	104	145	35	15	130	133	146	71	70	123	42	113	30	113	88	141	89	38	158	142	57	179	141	154	134	102	103	76	131	69	129	54	78	74	33	66	155	66
0	0	0	0	0	0	0	0	0	0	0	0	0	0	0	0	0	0	0	0	0	0	0	0	0	0	0	0	0	0	0	0	0	0	0	0	0	0	0	0	0	0	0	0	0	0	0	0	0	0	0	0	0	0	0	0	0	0	0	0	0	0	83	166	11	74	29	92	165	45	83	137	56	144	92	55	125	44	136	174	108	50	163	79	100	54	140	67	137	104	45	146	161	83	143	57	153	86	153	170	38	71	95	122	97	57	107	176	56	133	24	81	98	160	99	97	51	100	86	75	125	56	36	125	106	102	124	35
0	0	0	0	0	0	0	0	0	0	0	0	0	0	0	0	0	0	0	0	0	0	0	0	0	0	0	0	0	0	0	0	0	0	0	0	0	0	0	0	0	0	0	0	0	0	0	0	0	0	0	0	0	0	0	0	0	0	0	0	0	0	0	100	113	161	92	136	123	60	161	16	116	151	83	106	108	128	80	152	130	191	85	65	106	83	73	35	64	65	108	49	79	174	36	50	124	78	81	78	140	104	63	174	25	124	138	89	72	175	77	144	93	85	90	79	74	61	40	159	81	150	104	86	61	35	140	91
0	0	0	0	0	0	0	0	0	0	0	0	0	0	0	0	0	0	0	0	0	0	0	0	0	0	0	0	0	0	0	0	0	0	0	0	0	0	0	0	0	0	0	0	0	0	0	0	0	0	0	0	0	0	0	0	0	0	0	0	0	0	0	0	74	69	83	79	138	15	95	94	183	81	108	159	93	102	150	77	157	134	19	28	123	43	105	145	131	150	95	159	93	165	103	137	94	95	34	119	119	68	126	54	25	118	126	34	96	90	76	66	145	68	95	62	104	160	100	118	97	58	136	100	149	166	145	164
0	0	0	0	0	0	0	0	0	0	0	0	0	0	0	0	0	0	0	0	0	0	0	0	0	0	0	0	0	0	0	0	0	0	0	0	0	0	0	0	0	0	0	0	0	0	0	0	0	0	0	0	0	0	0	0	0	0	0	0	0	0	0	0	0	89	26	56	62	66	117	110	98	159	47	78	146	133	38	54	114	38	140	125	67	32	77	178	83	128	61	113	115	108	107	43	129	173	68	63	120	80	65	113	59	155	39	77	178	89	48	30	54	93	63	159	96	121	70	150	88	79	167	100	86	74	129	43
0	0	0	0	0	0	0	0	0	0	0	0	0	0	0	0	0	0	0	0	0	0	0	0	0	0	0	0	0	0	0	0	0	0	0	0	0	0	0	0	0	0	0	0	0	0	0	0	0	0	0	0	0	0	0	0	0	0	0	0	0	0	0	0	0	0	54	141	85	130	170	69	52	73	72	123	66	180	59	131	86	67	143	117	45	71	71	60	150	122	37	132	153	131	126	180	133	47	153	36	53	57	122	181	50	85	52	75	44	17	23	103	43	134	81	36	69	57	47	80	33	44	143	53	135	150	53	51
0	0	0	0	0	0	0	0	0	0	0	0	0	0	0	0	0	0	0	0	0	0	0	0	0	0	0	0	0	0	0	0	0	0	0	0	0	0	0	0	0	0	0	0	0	0	0	0	0	0	0	0	0	0	0	0	0	0	0	0	0	0	0	0	0	0	0	106	120	57	70	56	117	55	102	76	126	124	111	114	52	84	101	99	70	58	150	116	111	76	100	65	138	56	63	46	116	84	111	29	139	82	74	97	65	120	47	114	114	59	78	99	141	49	70	161	60	169	52	138	129	85	116	95	32	91	154	57
0	0	0	0	0	0	0	0	0	0	0	0	0	0	0	0	0	0	0	0	0	0	0	0	0	0	0	0	0	0	0	0	0	0	0	0	0	0	0	0	0	0	0	0	0	0	0	0	0	0	0	0	0	0	0	0	0	0	0	0	0	0	0	0	0	0	0	0	111	86	75	148	167	108	62	65	43	125	156	115	74	105	45	62	87	52	128	113	118	110	61	69	152	62	162	162	117	78	120	84	51	149	95	59	131	71	66	116	53	80	131	63	159	171	87	88	172	85	97	69	123	44	189	34	100	43	105	136
0	0	0	0	0	0	0	0	0	0	0	0	0	0	0	0	0	0	0	0	0	0	0	0	0	0	0	0	0	0	0	0	0	0	0	0	0	0	0	0	0	0	0	0	0	0	0	0	0	0	0	0	0	0	0	0	0	0	0	0	0	0	0	0	0	0	0	0	0	32	128	73	110	114	86	126	135	85	92	164	57	55	89	46	110	167	19	160	132	135	135	51	46	83	49	74	52	83	171	96	85	148	16	123	162	104	83	76	191	63	138	136	92	147	143	135	82	116	111	171	92	150	112	121	11	109	31	77
0	0	0	0	0	0	0	0	0	0	0	0	0	0	0	0	0	0	0	0	0	0	0	0	0	0	0	0	0	0	0	0	0	0	0	0	0	0	0	0	0	0	0	0	0	0	0	0	0	0	0	0	0	0	0	0	0	0	0	0	0	0	0	0	0	0	0	0	0	0	92	31	109	153	141	70	136	85	113	101	147	149	105	140	35	109	82	66	122	96	96	50	123	43	112	80	57	170	162	148	142	42	19	43	120	74	145	126	90	143	138	102	40	136	106	98	97	169	163	111	88	73	129	88	126	87	109	52
0	0	0	0	0	0	0	0	0	0	0	0	0	0	0	0	0	0	0	0	0	0	0	0	0	0	0	0	0	0	0	0	0	0	0	0	0	0	0	0	0	0	0	0	0	0	0	0	0	0	0	0	0	0	0	0	0	0	0	0	0	0	0	0	0	0	0	0	0	0	0	111	49	128	31	80	94	165	92	122	118	69	75	117	164	71	156	79	109	79	63	58	149	103	62	152	156	155	97	143	72	67	32	107	30	99	102	172	63	20	107	149	73	100	33	47	63	36	33	80	117	68	60	148	163	78	73	130
0	0	0	0	0	0	0	0	0	0	0	0	0	0	0	0	0	0	0	0	0	0	0	0	0	0	0	0	0	0	0	0	0	0	0	0	0	0	0	0	0	0	0	0	0	0	0	0	0	0	0	0	0	0	0	0	0	0	0	0	0	0	0	0	0	0	0	0	0	0	0	0	122	132	67	95	103	64	108	169	89	76	133	4	69	31	47	100	106	19	110	82	82	134	130	155	162	62	62	42	46	115	186	159	131	110	82	90	99	102	107	63	82	153	126	106	169	24	134	142	157	140	138	121	93	75	75	67
0	0	0	0	0	0	0	0	0	0	0	0	0	0	0	0	0	0	0	0	0	0	0	0	0	0	0	0	0	0	0	0	0	0	0	0	0	0	0	0	0	0	0	0	0	0	0	0	0	0	0	0	0	0	0	0	0	0	0	0	0	0	0	0	0	0	0	0	0	0	0	0	0	167	75	22	145	82	78	136	49	110	94	5	121	175	113	61	137	165	71	55	55	86	114	152	131	52	78	39	148	174	89	94	77	118	171	79	103	131	124	102	144	190	115	92	177	125	136	139	161	38	129	57	22	119	48	42
0	0	0	0	0	0	0	0	0	0	0	0	0	0	0	0	0	0	0	0	0	0	0	0	0	0	0	0	0	0	0	0	0	0	0	0	0	0	0	0	0	0	0	0	0	0	0	0	0	0	0	0	0	0	0	0	0	0	0	0	0	0	0	0	0	0	0	0	0	0	0	0	0	0	46	172	71	126	85	50	65	140	42	117	101	103	113	75	112	143	105	164	107	89	157	115	64	157	107	78	75	66	177	66	84	175	163	77	142	115	17	122	125	103	83	78	66	101	31	173	116	121	83	98	126	61	33	108
0	0	0	0	0	0	0	0	0	0	0	0	0	0	0	0	0	0	0	0	0	0	0	0	0	0	0	0	0	0	0	0	0	0	0	0	0	0	0	0	0	0	0	0	0	0	0	0	0	0	0	0	0	0	0	0	0	0	0	0	0	0	0	0	0	0	0	0	0	0	0	0	0	0	0	41	62	189	20	126	79	79	53	153	76	122	136	108	119	185	68	40	61	57	33	66	141	121	46	76	93	170	104	155	8	135	147	149	24	170	85	121	24	115	74	36	171	49	22	79	59	110	146	54	156	131	71	49
0	0	0	0	0	0	0	0	0	0	0	0	0	0	0	0	0	0	0	0	0	0	0	0	0	0	0	0	0	0	0	0	0	0	0	0	0	0	0	0	0	0	0	0	0	0	0	0	0	0	0	0	0	0	0	0	0	0	0	0	0	0	0	0	0	0	0	0	0	0	0	0	0	0	0	0	131	150	52	104	80	96	95	43	179	131	97	17	38	118	69	81	126	122	118	152	79	174	90	133	147	60	61	108	84	50	83	84	111	50	114	84	34	137	132	69	194	155	46	92	135	94	121	163	69	56	112	65
0	0	0	0	0	0	0	0	0	0	0	0	0	0	0	0	0	0	0	0	0	0	0	0	0	0	0	0	0	0	0	0	0	0	0	0	0	0	0	0	0	0	0	0	0	0	0	0	0	0	0	0	0	0	0	0	0	0	0	0	0	0	0	0	0	0	0	0	0	0	0	0	0	0	0	0	0	86	94	144	185	52	149	145	130	34	118	93	66	168	90	105	128	22	102	62	48	151	98	84	29	34	124	120	82	71	89	33	65	51	98	146	130	75	103	87	29	113	68	112	125	130	65	112	129	84	89	21
0	0	0	0	0	0	0	0	0	0	0	0	0	0	0	0	0	0	0	0	0	0	0	0	0	0	0	0	0	0	0	0	0	0	0	0	0	0	0	0	0	0	0	0	0	0	0	0	0	0	0	0	0	0	0	0	0	0	0	0	0	0	0	0	0	0	0	0	0	0	0	0	0	0	0	0	0	0	32	69	56	76	33	36	76	56	28	149	50	92	25	39	52	130	130	92	52	152	129	70	60	144	80	131	148	81	71	34	52	108	76	126	68	166	148	103	168	117	75	92	183	20	183	121	142	78	109	151
0	0	0	0	0	0	0	0	0	0	0	0	0	0	0	0	0	0	0	0	0	0	0	0	0	0	0	0	0	0	0	0	0	0	0	0	0	0	0	0	0	0	0	0	0	0	0	0	0	0	0	0	0	0	0	0	0	0	0	0	0	0	0	0	0	0	0	0	0	0	0	0	0	0	0	0	0	0	0	122	137	43	166	92	86	114	63	93	172	175	121	77	126	88	85	58	148	123	115	52	159	86	67	158	100	117	100	112	103	55	151	32	74	150	106	72	116	79	149	116	116	82	160	68	141	119	132	201
0	0	0	0	0	0	0	0	0	0	0	0	0	0	0	0	0	0	0	0	0	0	0	0	0	0	0	0	0	0	0	0	0	0	0	0	0	0	0	0	0	0	0	0	0	0	0	0	0	0	0	0	0	0	0	0	0	0	0	0	0	0	0	0	0	0	0	0	0	0	0	0	0	0	0	0	0	0	0	0	85	115	124	141	176	175	141	149	26	112	116	127	129	130	99	138	125	116	70	88	75	125	110	22	100	140	109	26	50	144	75	107	57	112	8	164	84	173	186	39	45	140	69	29	59	36	120	140
0	0	0	0	0	0	0	0	0	0	0	0	0	0	0	0	0	0	0	0	0	0	0	0	0	0	0	0	0	0	0	0	0	0	0	0	0	0	0	0	0	0	0	0	0	0	0	0	0	0	0	0	0	0	0	0	0	0	0	0	0	0	0	0	0	0	0	0	0	0	0	0	0	0	0	0	0	0	0	0	0	106	158	110	89	124	162	105	89	12	167	85	110	116	139	51	94	182	57	67	162	176	72	80	81	177	153	166	133	199	114	173	129	62	164	136	148	125	45	132	97	57	124	196	109	65	95	62
0	0	0	0	0	0	0	0	0	0	0	0	0	0	0	0	0	0	0	0	0	0	0	0	0	0	0	0	0	0	0	0	0	0	0	0	0	0	0	0	0	0	0	0	0	0	0	0	0	0	0	0	0	0	0	0	0	0	0	0	0	0	0	0	0	0	0	0	0	0	0	0	0	0	0	0	0	0	0	0	0	0	85	86	185	50	18	43	190	58	136	133	83	162	102	79	42	121	72	80	90	185	27	131	46	184	147	69	116	76	146	91	69	50	82	158	185	155	149	18	29	153	133	164	97	115	185	136
0	0	0	0	0	0	0	0	0	0	0	0	0	0	0	0	0	0	0	0	0	0	0	0	0	0	0	0	0	0	0	0	0	0	0	0	0	0	0	0	0	0	0	0	0	0	0	0	0	0	0	0	0	0	0	0	0	0	0	0	0	0	0	0	0	0	0	0	0	0	0	0	0	0	0	0	0	0	0	0	0	0	0	146	183	84	63	66	149	106	141	149	123	87	43	134	150	101	65	145	200	123	182	3	184	108	198	71	72	127	139	110	63	95	107	148	127	87	57	33	97	167	46	110	83	52	161	93
0	0	0	0	0	0	0	0	0	0	0	0	0	0	0	0	0	0	0	0	0	0	0	0	0	0	0	0	0	0	0	0	0	0	0	0	0	0	0	0	0	0	0	0	0	0	0	0	0	0	0	0	0	0	0	0	0	0	0	0	0	0	0	0	0	0	0	0	0	0	0	0	0	0	0	0	0	0	0	0	0	0	0	0	194	24	105	41	152	157	18	116	64	50	103	59	98	12	94	101	152	97	24	133	141	85	79	57	129	44	182	148	113	125	64	111	97	104	115	142	114	66	113	105	84	177	60	107
0	0	0	0	0	0	0	0	0	0	0	0	0	0	0	0	0	0	0	0	0	0	0	0	0	0	0	0	0	0	0	0	0	0	0	0	0	0	0	0	0	0	0	0	0	0	0	0	0	0	0	0	0	0	0	0	0	0	0	0	0	0	0	0	0	0	0	0	0	0	0	0	0	0	0	0	0	0	0	0	0	0	0	0	0	183	157	131	81	68	109	126	95	181	125	97	75	132	172	15	161	76	103	89	56	75	89	134	166	58	115	129	103	161	94	91	116	108	87	196	138	129	60	150	157	105	175	52
0	0	0	0	0	0	0	0	0	0	0	0	0	0	0	0	0	0	0	0	0	0	0	0	0	0	0	0	0	0	0	0	0	0	0	0	0	0	0	0	0	0	0	0	0	0	0	0	0	0	0	0	0	0	0	0	0	0	0	0	0	0	0	0	0	0	0	0	0	0	0	0	0	0	0	0	0	0	0	0	0	0	0	0	0	0	94	4	90	113	31	140	176	165	124	37	163	74	66	82	109	64	138	129	154	69	91	123	103	120	71	80	81	166	61	22	56	134	107	167	134	192	125	64	136	110	154	102
0	0	0	0	0	0	0	0	0	0	0	0	0	0	0	0	0	0	0	0	0	0	0	0	0	0	0	0	0	0	0	0	0	0	0	0	0	0	0	0	0	0	0	0	0	0	0	0	0	0	0	0	0	0	0	0	0	0	0	0	0	0	0	0	0	0	0	0	0	0	0	0	0	0	0	0	0	0	0	0	0	0	0	0	0	0	0	127	95	65	93	103	95	71	144	106	21	72	31	64	133	170	148	85	108	153	128	141	98	15	64	158	52	88	121	21	156	18	117	10	68	39	126	73	67	160	122	121
0	0	0	0	0	0	0	0	0	0	0	0	0	0	0	0	0	0	0	0	0	0	0	0	0	0	0	0	0	0	0	0	0	0	0	0	0	0	0	0	0	0	0	0	0	0	0	0	0	0	0	0	0	0	0	0	0	0	0	0	0	0	0	0	0	0	0	0	0	0	0	0	0	0	0	0	0	0	0	0	0	0	0	0	0	0	0	0	69	45	159	63	95	82	18	183	164	195	102	91	126	79	151	50	110	95	132	124	48	31	110	153	69	66	174	67	90	135	154	96	133	105	154	97	25	103	79	105
0	0	0	0	0	0	0	0	0	0	0	0	0	0	0	0	0	0	0	0	0	0	0	0	0	0	0	0	0	0	0	0	0	0	0	0	0	0	0	0	0	0	0	0	0	0	0	0	0	0	0	0	0	0	0	0	0	0	0	0	0	0	0	0	0	0	0	0	0	0	0	0	0	0	0	0	0	0	0	0	0	0	0	0	0	0	0	0	0	174	166	110	163	57	104	98	115	67	25	44	104	141	52	130	65	187	90	50	19	97	107	183	192	117	40	51	123	132	138	85	94	121	149	49	79	193	51	66
0	0	0	0	0	0	0	0	0	0	0	0	0	0	0	0	0	0	0	0	0	0	0	0	0	0	0	0	0	0	0	0	0	0	0	0	0	0	0	0	0	0	0	0	0	0	0	0	0	0	0	0	0	0	0	0	0	0	0	0	0	0	0	0	0	0	0	0	0	0	0	0	0	0	0	0	0	0	0	0	0	0	0	0	0	0	0	0	0	0	165	112	19	82	135	81	100	108	108	72	95	148	41	78	124	91	131	131	74	53	113	188	147	117	198	80	93	171	169	73	152	69	84	34	90	65	115	149
0	0	0	0	0	0	0	0	0	0	0	0	0	0	0	0	0	0	0	0	0	0	0	0	0	0	0	0	0	0	0	0	0	0	0	0	0	0	0	0	0	0	0	0	0	0	0	0	0	0	0	0	0	0	0	0	0	0	0	0	0	0	0	0	0	0	0	0	0	0	0	0	0	0	0	0	0	0	0	0	0	0	0	0	0	0	0	0	0	0	0	103	186	91	174	139	127	145	137	128	64	120	107	118	30	108	90	164	99	173	126	116	121	46	83	140	86	88	105	147	156	66	89	142	161	41	88	162
0	0	0	0	0	0	0	0	0	0	0	0	0	0	0	0	0	0	0	0	0	0	0	0	0	0	0	0	0	0	0	0	0	0	0	0	0	0	0	0	0	0	0	0	0	0	0	0	0	0	0	0	0	0	0	0	0	0	0	0	0	0	0	0	0	0	0	0	0	0	0	0	0	0	0	0	0	0	0	0	0	0	0	0	0	0	0	0	0	0	0	0	177	82	72	108	73	159	136	142	109	103	160	122	79	110	185	45	127	67	87	171	125	123	142	147	144	149	45	46	36	60	76	75	164	107	174	153
0	0	0	0	0	0	0	0	0	0	0	0	0	0	0	0	0	0	0	0	0	0	0	0	0	0	0	0	0	0	0	0	0	0	0	0	0	0	0	0	0	0	0	0	0	0	0	0	0	0	0	0	0	0	0	0	0	0	0	0	0	0	0	0	0	0	0	0	0	0	0	0	0	0	0	0	0	0	0	0	0	0	0	0	0	0	0	0	0	0	0	0	0	116	58	118	102	101	123	96	193	65	42	26	142	151	151	131	100	112	128	116	91	124	181	123	41	91	158	144	74	71	56	147	74	23	173	129
0	0	0	0	0	0	0	0	0	0	0	0	0	0	0	0	0	0	0	0	0	0	0	0	0	0	0	0	0	0	0	0	0	0	0	0	0	0	0	0	0	0	0	0	0	0	0	0	0	0	0	0	0	0	0	0	0	0	0	0	0	0	0	0	0	0	0	0	0	0	0	0	0	0	0	0	0	0	0	0	0	0	0	0	0	0	0	0	0	0	0	0	0	0	99	144	92	69	105	123	128	85	109	57	135	56	116	130	104	97	162	34	180	137	177	24	46	42	211	72	63	113	193	81	90	132	97	158
0	0	0	0	0	0	0	0	0	0	0	0	0	0	0	0	0	0	0	0	0	0	0	0	0	0	0	0	0	0	0	0	0	0	0	0	0	0	0	0	0	0	0	0	0	0	0	0	0	0	0	0	0	0	0	0	0	0	0	0	0	0	0	0	0	0	0	0	0	0	0	0	0	0	0	0	0	0	0	0	0	0	0	0	0	0	0	0	0	0	0	0	0	0	0	129	61	207	162	94	194	145	149	50	49	33	49	106	125	100	47	126	109	133	125	158	98	69	54	128	101	156	52	152	85	7	115	68
0	0	0	0	0	0	0	0	0	0	0	0	0	0	0	0	0	0	0	0	0	0	0	0	0	0	0	0	0	0	0	0	0	0	0	0	0	0	0	0	0	0	0	0	0	0	0	0	0	0	0	0	0	0	0	0	0	0	0	0	0	0	0	0	0	0	0	0	0	0	0	0	0	0	0	0	0	0	0	0	0	0	0	0	0	0	0	0	0	0	0	0	0	0	0	0	195	103	128	106	119	173	197	108	147	141	135	123	120	183	152	127	101	105	134	182	42	123	147	165	56	68	113	164	78	178	141	100
0	0	0	0	0	0	0	0	0	0	0	0	0	0	0	0	0	0	0	0	0	0	0	0	0	0	0	0	0	0	0	0	0	0	0	0	0	0	0	0	0	0	0	0	0	0	0	0	0	0	0	0	0	0	0	0	0	0	0	0	0	0	0	0	0	0	0	0	0	0	0	0	0	0	0	0	0	0	0	0	0	0	0	0	0	0	0	0	0	0	0	0	0	0	0	0	0	210	174	164	40	98	54	181	52	102	75	208	147	34	16	101	79	140	87	180	120	129	111	57	183	71	163	98	102	35	58	100
0	0	0	0	0	0	0	0	0	0	0	0	0	0	0	0	0	0	0	0	0	0	0	0	0	0	0	0	0	0	0	0	0	0	0	0	0	0	0	0	0	0	0	0	0	0	0	0	0	0	0	0	0	0	0	0	0	0	0	0	0	0	0	0	0	0	0	0	0	0	0	0	0	0	0	0	0	0	0	0	0	0	0	0	0	0	0	0	0	0	0	0	0	0	0	0	0	0	143	97	130	28	37	133	156	101	60	153	94	143	81	163	69	151	109	101	75	56	112	51	41	142	55	131	153	138	76	106
0	0	0	0	0	0	0	0	0	0	0	0	0	0	0	0	0	0	0	0	0	0	0	0	0	0	0	0	0	0	0	0	0	0	0	0	0	0	0	0	0	0	0	0	0	0	0	0	0	0	0	0	0	0	0	0	0	0	0	0	0	0	0	0	0	0	0	0	0	0	0	0	0	0	0	0	0	0	0	0	0	0	0	0	0	0	0	0	0	0	0	0	0	0	0	0	0	0	0	153	121	101	86	17	40	159	92	151	83	73	117	97	150	128	182	125	133	96	98	156	93	78	152	165	74	102	28	131
0	0	0	0	0	0	0	0	0	0	0	0	0	0	0	0	0	0	0	0	0	0	0	0	0	0	0	0	0	0	0	0	0	0	0	0	0	0	0	0	0	0	0	0	0	0	0	0	0	0	0	0	0	0	0	0	0	0	0	0	0	0	0	0	0	0	0	0	0	0	0	0	0	0	0	0	0	0	0	0	0	0	0	0	0	0	0	0	0	0	0	0	0	0	0	0	0	0	0	0	179	118	79	54	74	115	89	81	93	125	194	158	93	116	92	168	148	212	98	142	51	210	112	73	179	192	76	116
0	0	0	0	0	0	0	0	0	0	0	0	0	0	0	0	0	0	0	0	0	0	0	0	0	0	0	0	0	0	0	0	0	0	0	0	0	0	0	0	0	0	0	0	0	0	0	0	0	0	0	0	0	0	0	0	0	0	0	0	0	0	0	0	0	0	0	0	0	0	0	0	0	0	0	0	0	0	0	0	0	0	0	0	0	0	0	0	0	0	0	0	0	0	0	0	0	0	0	0	0	80	62	138	71	82	155	58	98	93	53	95	21	85	119	163	105	52	152	170	110	159	101	193	177	45	66	141
0	0	0	0	0	0	0	0	0	0	0	0	0	0	0	0	0	0	0	0	0	0	0	0	0	0	0	0	0	0	0	0	0	0	0	0	0	0	0	0	0	0	0	0	0	0	0	0	0	0	0	0	0	0	0	0	0	0	0	0	0	0	0	0	0	0	0	0	0	0	0	0	0	0	0	0	0	0	0	0	0	0	0	0	0	0	0	0	0	0	0	0	0	0	0	0	0	0	0	0	0	0	202	88	189	159	137	47	73	74	109	172	127	128	87	180	136	115	125	125	151	160	117	23	118	137	172	133
0	0	0	0	0	0	0	0	0	0	0	0	0	0	0	0	0	0	0	0	0	0	0	0	0	0	0	0	0	0	0	0	0	0	0	0	0	0	0	0	0	0	0	0	0	0	0	0	0	0	0	0	0	0	0	0	0	0	0	0	0	0	0	0	0	0	0	0	0	0	0	0	0	0	0	0	0	0	0	0	0	0	0	0	0	0	0	0	0	0	0	0	0	0	0	0	0	0	0	0	0	0	0	65	190	57	150	175	34	128	104	85	107	89	123	123	56	171	113	141	217	33	185	88	130	34	165	112
0	0	0	0	0	0	0	0	0	0	0	0	0	0	0	0	0	0	0	0	0	0	0	0	0	0	0	0	0	0	0	0	0	0	0	0	0	0	0	0	0	0	0	0	0	0	0	0	0	0	0	0	0	0	0	0	0	0	0	0	0	0	0	0	0	0	0	0	0	0	0	0	0	0	0	0	0	0	0	0	0	0	0	0	0	0	0	0	0	0	0	0	0	0	0	0	0	0	0	0	0	0	0	0	38	62	126	165	34	120	209	120	74	109	190	125	118	120	98	156	143	162	177	185	197	194	103	148
0	0	0	0	0	0	0	0	0	0	0	0	0	0	0	0	0	0	0	0	0	0	0	0	0	0	0	0	0	0	0	0	0	0	0	0	0	0	0	0	0	0	0	0	0	0	0	0	0	0	0	0	0	0	0	0	0	0	0	0	0	0	0	0	0	0	0	0	0	0	0	0	0	0	0	0	0	0	0	0	0	0	0	0	0	0	0	0	0	0	0	0	0	0	0	0	0	0	0	0	0	0	0	0	0	104	133	58	109	143	119	99	172	132	137	44	142	83	81	113	100	174	118	166	104	42	101	76
0	0	0	0	0	0	0	0	0	0	0	0	0	0	0	0	0	0	0	0	0	0	0	0	0	0	0	0	0	0	0	0	0	0	0	0	0	0	0	0	0	0	0	0	0	0	0	0	0	0	0	0	0	0	0	0	0	0	0	0	0	0	0	0	0	0	0	0	0	0	0	0	0	0	0	0	0	0	0	0	0	0	0	0	0	0	0	0	0	0	0	0	0	0	0	0	0	0	0	0	0	0	0	0	0	0	194	151	189	182	83	161	40	115	197	141	143	120	63	151	92	123	138	68	151	38	108	138
0	0	0	0	0	0	0	0	0	0	0	0	0	0	0	0	0	0	0	0	0	0	0	0	0	0	0	0	0	0	0	0	0	0	0	0	0	0	0	0	0	0	0	0	0	0	0	0	0	0	0	0	0	0	0	0	0	0	0	0	0	0	0	0	0	0	0	0	0	0	0	0	0	0	0	0	0	0	0	0	0	0	0	0	0	0	0	0	0	0	0	0	0	0	0	0	0	0	0	0	0	0	0	0	0	0	0	85	79	110	112	87	141	181	146	116	115	76	117	200	182	116	200	112	188	231	61	191
0	0	0	0	0	0	0	0	0	0	0	0	0	0	0	0	0	0	0	0	0	0	0	0	0	0	0	0	0	0	0	0	0	0	0	0	0	0	0	0	0	0	0	0	0	0	0	0	0	0	0	0	0	0	0	0	0	0	0	0	0	0	0	0	0	0	0	0	0	0	0	0	0	0	0	0	0	0	0	0	0	0	0	0	0	0	0	0	0	0	0	0	0	0	0	0	0	0	0	0	0	0	0	0	0	0	0	0	145	177	151	46	48	81	170	127	160	102	136	118	171	132	183	180	54	100	100	104
0	0	0	0	0	0	0	0	0	0	0	0	0	0	0	0	0	0	0	0	0	0	0	0	0	0	0	0	0	0	0	0	0	0	0	0	0	0	0	0	0	0	0	0	0	0	0	0	0	0	0	0	0	0	0	0	0	0	0	0	0	0	0	0	0	0	0	0	0	0	0	0	0	0	0	0	0	0	0	0	0	0	0	0	0	0	0	0	0	0	0	0	0	0	0	0	0	0	0	0	0	0	0	0	0	0	0	0	0	182	137	188	89	97	141	82	87	196	141	195	141	117	123	158	150	102	114	155
0	0	0	0	0	0	0	0	0	0	0	0	0	0	0	0	0	0	0	0	0	0	0	0	0	0	0	0	0	0	0	0	0	0	0	0	0	0	0	0	0	0	0	0	0	0	0	0	0	0	0	0	0	0	0	0	0	0	0	0	0	0	0	0	0	0	0	0	0	0	0	0	0	0	0	0	0	0	0	0	0	0	0	0	0	0	0	0	0	0	0	0	0	0	0	0	0	0	0	0	0	0	0	0	0	0	0	0	0	0	99	17	143	107	112	57	172	115	193	129	129	113	116	155	112	101	138	165
0	0	0	0	0	0	0	0	0	0	0	0	0	0	0	0	0	0	0	0	0	0	0	0	0	0	0	0	0	0	0	0	0	0	0	0	0	0	0	0	0	0	0	0	0	0	0	0	0	0	0	0	0	0	0	0	0	0	0	0	0	0	0	0	0	0	0	0	0	0	0	0	0	0	0	0	0	0	0	0	0	0	0	0	0	0	0	0	0	0	0	0	0	0	0	0	0	0	0	0	0	0	0	0	0	0	0	0	0	0	0	55	200	111	188	68	118	127	84	149	90	131	118	68	138	190	117	188
0	0	0	0	0	0	0	0	0	0	0	0	0	0	0	0	0	0	0	0	0	0	0	0	0	0	0	0	0	0	0	0	0	0	0	0	0	0	0	0	0	0	0	0	0	0	0	0	0	0	0	0	0	0	0	0	0	0	0	0	0	0	0	0	0	0	0	0	0	0	0	0	0	0	0	0	0	0	0	0	0	0	0	0	0	0	0	0	0	0	0	0	0	0	0	0	0	0	0	0	0	0	0	0	0	0	0	0	0	0	0	0	135	158	119	105	146	132	46	166	130	101	142	153	190	50	132	207
0	0	0	0	0	0	0	0	0	0	0	0	0	0	0	0	0	0	0	0	0	0	0	0	0	0	0	0	0	0	0	0	0	0	0	0	0	0	0	0	0	0	0	0	0	0	0	0	0	0	0	0	0	0	0	0	0	0	0	0	0	0	0	0	0	0	0	0	0	0	0	0	0	0	0	0	0	0	0	0	0	0	0	0	0	0	0	0	0	0	0	0	0	0	0	0	0	0	0	0	0	0	0	0	0	0	0	0	0	0	0	0	0	134	181	74	33	104	122	70	213	102	119	86	159	82	159	161
0	0	0	0	0	0	0	0	0	0	0	0	0	0	0	0	0	0	0	0	0	0	0	0	0	0	0	0	0	0	0	0	0	0	0	0	0	0	0	0	0	0	0	0	0	0	0	0	0	0	0	0	0	0	0	0	0	0	0	0	0	0	0	0	0	0	0	0	0	0	0	0	0	0	0	0	0	0	0	0	0	0	0	0	0	0	0	0	0	0	0	0	0	0	0	0	0	0	0	0	0	0	0	0	0	0	0	0	0	0	0	0	0	0	168	98	186	63	62	77	231	135	179	160	142	154	112	217
0	0	0	0	0	0	0	0	0	0	0	0	0	0	0	0	0	0	0	0	0	0	0	0	0	0	0	0	0	0	0	0	0	0	0	0	0	0	0	0	0	0	0	0	0	0	0	0	0	0	0	0	0	0	0	0	0	0	0	0	0	0	0	0	0	0	0	0	0	0	0	0	0	0	0	0	0	0	0	0	0	0	0	0	0	0	0	0	0	0	0	0	0	0	0	0	0	0	0	0	0	0	0	0	0	0	0	0	0	0	0	0	0	0	0	8	97	118	199	145	39	159	46	97	46	153	91	13
0	0	0	0	0	0	0	0	0	0	0	0	0	0	0	0	0	0	0	0	0	0	0	0	0	0	0	0	0	0	0	0	0	0	0	0	0	0	0	0	0	0	0	0	0	0	0	0	0	0	0	0	0	0	0	0	0	0	0	0	0	0	0	0	0	0	0	0	0	0	0	0	0	0	0	0	0	0	0	0	0	0	0	0	0	0	0	0	0	0	0	0	0	0	0	0	0	0	0	0	0	0	0	0	0	0	0	0	0	0	0	0	0	0	0	0	184	80	16	82	185	43	204	124	179	136	87	168
0	0	0	0	0	0	0	0	0	0	0	0	0	0	0	0	0	0	0	0	0	0	0	0	0	0	0	0	0	0	0	0	0	0	0	0	0	0	0	0	0	0	0	0	0	0	0	0	0	0	0	0	0	0	0	0	0	0	0	0	0	0	0	0	0	0	0	0	0	0	0	0	0	0	0	0	0	0	0	0	0	0	0	0	0	0	0	0	0	0	0	0	0	0	0	0	0	0	0	0	0	0	0	0	0	0	0	0	0	0	0	0	0	0	0	0	0	19	62	127	152	118	187	99	101	118	155	97
0	0	0	0	0	0	0	0	0	0	0	0	0	0	0	0	0	0	0	0	0	0	0	0	0	0	0	0	0	0	0	0	0	0	0	0	0	0	0	0	0	0	0	0	0	0	0	0	0	0	0	0	0	0	0	0	0	0	0	0	0	0	0	0	0	0	0	0	0	0	0	0	0	0	0	0	0	0	0	0	0	0	0	0	0	0	0	0	0	0	0	0	0	0	0	0	0	0	0	0	0	0	0	0	0	0	0	0	0	0	0	0	0	0	0	0	0	0	106	40	133	142	116	106	94	139	127	77
0	0	0	0	0	0	0	0	0	0	0	0	0	0	0	0	0	0	0	0	0	0	0	0	0	0	0	0	0	0	0	0	0	0	0	0	0	0	0	0	0	0	0	0	0	0	0	0	0	0	0	0	0	0	0	0	0	0	0	0	0	0	0	0	0	0	0	0	0	0	0	0	0	0	0	0	0	0	0	0	0	0	0	0	0	0	0	0	0	0	0	0	0	0	0	0	0	0	0	0	0	0	0	0	0	0	0	0	0	0	0	0	0	0	0	0	0	0	0	81	131	69	194	216	122	238	179	114
0	0	0	0	0	0	0	0	0	0	0	0	0	0	0	0	0	0	0	0	0	0	0	0	0	0	0	0	0	0	0	0	0	0	0	0	0	0	0	0	0	0	0	0	0	0	0	0	0	0	0	0	0	0	0	0	0	0	0	0	0	0	0	0	0	0	0	0	0	0	0	0	0	0	0	0	0	0	0	0	0	0	0	0	0	0	0	0	0	0	0	0	0	0	0	0	0	0	0	0	0	0	0	0	0	0	0	0	0	0	0	0	0	0	0	0	0	0	0	0	183	122	110	181	54	34	60	109
0	0	0	0	0	0	0	0	0	0	0	0	0	0	0	0	0	0	0	0	0	0	0	0	0	0	0	0	0	0	0	0	0	0	0	0	0	0	0	0	0	0	0	0	0	0	0	0	0	0	0	0	0	0	0	0	0	0	0	0	0	0	0	0	0	0	0	0	0	0	0	0	0	0	0	0	0	0	0	0	0	0	0	0	0	0	0	0	0	0	0	0	0	0	0	0	0	0	0	0	0	0	0	0	0	0	0	0	0	0	0	0	0	0	0	0	0	0	0	0	0	147	113	156	94	200	107	70
0	0	0	0	0	0	0	0	0	0	0	0	0	0	0	0	0	0	0	0	0	0	0	0	0	0	0	0	0	0	0	0	0	0	0	0	0	0	0	0	0	0	0	0	0	0	0	0	0	0	0	0	0	0	0	0	0	0	0	0	0	0	0	0	0	0	0	0	0	0	0	0	0	0	0	0	0	0	0	0	0	0	0	0	0	0	0	0	0	0	0	0	0	0	0	0	0	0	0	0	0	0	0	0	0	0	0	0	0	0	0	0	0	0	0	0	0	0	0	0	0	0	177	140	162	169	187	191
0	0	0	0	0	0	0	0	0	0	0	0	0	0	0	0	0	0	0	0	0	0	0	0	0	0	0	0	0	0	0	0	0	0	0	0	0	0	0	0	0	0	0	0	0	0	0	0	0	0	0	0	0	0	0	0	0	0	0	0	0	0	0	0	0	0	0	0	0	0	0	0	0	0	0	0	0	0	0	0	0	0	0	0	0	0	0	0	0	0	0	0	0	0	0	0	0	0	0	0	0	0	0	0	0	0	0	0	0	0	0	0	0	0	0	0	0	0	0	0	0	0	0	117	53	164	148	40
0	0	0	0	0	0	0	0	0	0	0	0	0	0	0	0	0	0	0	0	0	0	0	0	0	0	0	0	0	0	0	0	0	0	0	0	0	0	0	0	0	0	0	0	0	0	0	0	0	0	0	0	0	0	0	0	0	0	0	0	0	0	0	0	0	0	0	0	0	0	0	0	0	0	0	0	0	0	0	0	0	0	0	0	0	0	0	0	0	0	0	0	0	0	0	0	0	0	0	0	0	0	0	0	0	0	0	0	0	0	0	0	0	0	0	0	0	0	0	0	0	0	0	0	152	189	96	100
0	0	0	0	0	0	0	0	0	0	0	0	0	0	0	0	0	0	0	0	0	0	0	0	0	0	0	0	0	0	0	0	0	0	0	0	0	0	0	0	0	0	0	0	0	0	0	0	0	0	0	0	0	0	0	0	0	0	0	0	0	0	0	0	0	0	0	0	0	0	0	0	0	0	0	0	0	0	0	0	0	0	0	0	0	0	0	0	0	0	0	0	0	0	0	0	0	0	0	0	0	0	0	0	0	0	0	0	0	0	0	0	0	0	0	0	0	0	0	0	0	0	0	0	0	108	133	180
0	0	0	0	0	0	0	0	0	0	0	0	0	0	0	0	0	0	0	0	0	0	0	0	0	0	0	0	0	0	0	0	0	0	0	0	0	0	0	0	0	0	0	0	0	0	0	0	0	0	0	0	0	0	0	0	0	0	0	0	0	0	0	0	0	0	0	0	0	0	0	0	0	0	0	0	0	0	0	0	0	0	0	0	0	0	0	0	0	0	0	0	0	0	0	0	0	0	0	0	0	0	0	0	0	0	0	0	0	0	0	0	0	0	0	0	0	0	0	0	0	0	0	0	0	0	31	118
0	0	0	0	0	0	0	0	0	0	0	0	0	0	0	0	0	0	0	0	0	0	0	0	0	0	0	0	0	0	0	0	0	0	0	0	0	0	0	0	0	0	0	0	0	0	0	0	0	0	0	0	0	0	0	0	0	0	0	0	0	0	0	0	0	0	0	0	0	0	0	0	0	0	0	0	0	0	0	0	0	0	0	0	0	0	0	0	0	0	0	0	0	0	0	0	0	0	0	0	0	0	0	0	0	0	0	0	0	0	0	0	0	0	0	0	0	0	0	0	0	0	0	0	0	0	0	111
0	0	0	0	0	0	0	0	0	0	0	0	0	0	0	0	0	0	0	0	0	0	0	0	0	0	0	0	0	0	0	0	0	0	0	0	0	0	0	0	0	0	0	0	0	0	0	0	0	0	0	0	0	0	0	0	0	0	0	0	0	0	0	0	0	0	0	0	0	0	0	0	0	0	0	0	0	0	0	0	0	0	0	0	0	0	0	0	0	0	0	0	0	0	0	0	0	0	0	0	0	0	0	0	0	0	0	0	0	0	0	0	0	0	0	0	0	0	0	0	0	0	0	0	0	0	0	0