0	128	127	50	90	15	38	25	98	13	29	108	69	105	57	52	105	54	30	88	69	12	9	124	32	87	98	120	64	100	89	109	14	73	29	109	87	52	126	27	37	64	91	50	77	126	84	113	82	58	65	50	31	55	123	84	102	30	12	112	36	129	32	15	3	86	127	21	30	92	26	50	74	38	66	92	124	88	51	12	87	5	64	75	118	129	87	49	101	61	72	35	72	72	74	110	81	36	81	35	54	59	111	51	126	40	79	129	81	16	24	80	68	115	2	69	111	52	70	68	42	51	33	121	41	116	12	56
0	0	123	55	11	54	41	106	14	72	90	8	77	93	114	71	63	93	31	87	117	71	75	55	52	116	116	51	47	38	78	97	10	37	128	48	102	128	100	67	92	56	92	113	69	64	81	64	49	77	96	88	10	100	34	103	40	126	116	32	9	96	60	21	65	95	86	68	95	88	36	66	8	115	76	42	17	83	73	104	28	12	29	102	127	35	88	100	15	50	43	73	103	123	71	58	58	121	62	51	26	43	31	123	73	53	37	63	98	80	85	107	73	88	108	49	44	100	113	105	52	129	99	96	59	46	68	97
0	0	0	91	128	83	6	62	45	39	79	73	119	82	113	55	71	66	5	110	40	52	44	65	51	73	116	4	10	3	49	42	29	81	41	98	81	33	42	64	110	5	65	48	70	48	39	37	14	23	73	105	48	18	13	27	84	21	38	88	101	15	70	89	94	102	128	32	9	86	61	105	40	90	119	30	77	61	35	115	110	30	85	105	29	15	86	91	6	112	115	15	47	114	30	102	59	47	79	110	84	63	130	118	39	63	17	46	85	113	29	71	86	97	59	92	9	106	42	52	109	30	123	2	48	79	32	93
0	0	0	0	115	15	71	19	25	125	6	114	37	113	44	83	73	58	30	116	94	13	29	90	15	120	55	97	126	131	111	128	37	14	43	51	66	90	25	27	55	98	101	85	121	56	75	63	51	8	27	112	56	90	122	123	3	9	124	101	121	5	109	115	32	27	73	50	66	8	55	130	56	30	24	130	48	4	122	7	121	96	47	93	24	23	26	105	55	9	25	57	126	49	24	108	100	124	76	58	124	98	105	14	91	79	22	71	69	49	101	9	115	83	23	125	15	35	129	111	47	107	42	80	88	19	18	123
0	0	0	0	0	30	59	128	30	124	119	81	44	86	67	124	40	83	47	70	127	30	80	8	21	80	13	24	42	110	65	39	101	77	91	4	27	49	54	67	73	27	124	34	118	39	50	128	107	61	79	120	35	61	19	106	116	81	22	26	59	39	30	13	50	118	113	43	52	54	19	118	111	97	101	18	85	37	34	17	56	59	113	34	12	62	128	113	47	22	123	63	55	3	42	24	111	5	45	123	122	12	10	13	126	95	111	126	95	21	11	86	94	102	109	96	38	52	54	121	45	92	109	62	104	112	117	60
0	0	0	0	0	0	31	108	48	81	30	71	131	128	63	86	56	115	32	8	90	112	41	39	6	97	57	109	73	104	28	89	18	99	61	119	111	32	110	119	42	81	109	115	111	98	32	113	122	128	79	65	132	98	84	99	90	19	13	22	59	93	60	102	60	100	8	29	21	110	96	20	43	56	42	60	16	47	50	65	25	69	12	91	66	26	97	12	17	76	86	107	126	106	87	24	22	84	88	98	36	112	65	98	118	93	128	75	38	64	21	115	25	65	105	88	38	109	2	11	109	18	65	59	103	93	61	12
0	0	0	0	0	0	0	106	86	78	122	98	26	56	19	98	30	122	126	46	91	44	11	123	105	113	33	29	61	50	26	77	12	94	129	48	46	20	10	32	69	96	51	26	101	49	24	100	49	118	44	70	50	56	125	53	86	128	34	10	5	74	34	103	14	88	8	116	42	4	25	110	115	14	73	101	93	113	133	30	32	95	12	87	24	62	16	54	12	115	87	102	121	114	35	40	52	124	130	37	132	58	17	107	46	43	65	25	27	55	57	124	54	77	124	57	84	5	23	95	65	70	22	15	98	23	118	116
0	0	0	0	0	0	0	0	92	109	35	68	120	70	96	55	119	27	14	35	90	39	127	127	55	37	118	118	33	17	31	60	17	34	120	84	68	45	50	21	40	14	11	9	90	47	85	95	102	61	42	102	134	92	101	32	80	4	26	27	109	109	109	10	72	42	118	57	100	30	44	78	105	53	8	14	122	102	71	71	105	68	16	78	60	16	99	55	132	34	127	45	59	79	9	82	32	35	132	42	67	52	45	134	96	91	26	89	120	36	33	49	64	100	98	58	130	32	65	49	11	113	85	38	17	34	127	56
0	0	0	0	0	0	0	0	0	29	97	128	31	49	126	3	90	92	125	65	13	24	110	71	124	98	73	52	47	48	46	115	21	88	27	14	97	125	80	42	55	21	63	31	76	28	78	92	67	94	94	84	111	13	77	86	42	105	86	17	14	45	106	48	72	9	19	116	44	59	127	69	89	51	117	107	98	13	67	95	17	122	83	41	19	119	23	13	86	71	16	17	100	80	12	130	96	23	51	99	36	17	66	134	43	25	67	58	91	94	60	23	56	124	25	32	65	97	28	41	96	70	88	29	98	60	42	69
0	0	0	0	0	0	0	0	0	0	70	29	19	85	19	41	69	101	12	51	70	33	73	30	22	92	132	133	6	117	116	12	100	92	93	10	38	100	42	65	117	42	29	18	85	72	45	107	41	107	129	106	104	110	132	73	75	16	10	17	70	81	36	112	99	97	105	83	2	68	100	18	86	47	15	126	99	23	16	51	116	92	64	54	99	82	119	95	117	78	49	99	59	82	77	65	25	72	95	99	55	84	82	95	75	115	14	75	96	122	49	25	94	112	89	91	29	49	21	29	10	52	21	101	128	104	125	129
0	0	0	0	0	0	0	0	0	0	0	19	46	91	61	91	51	122	91	32	111	108	67	96	51	20	64	69	12	102	95	71	96	24	20	75	64	77	12	85	112	76	125	128	42	122	17	98	63	49	69	125	26	68	109	114	47	75	127	21	107	35	15	10	132	113	90	47	41	93	111	83	32	24	92	110	96	70	107	81	68	41	108	30	22	52	39	128	47	36	71	54	52	89	120	42	72	51	42	127	82	83	79	102	37	60	50	112	121	106	74	83	95	80	20	75	68	28	27	95	130	76	101	88	64	17	17	74
0	0	0	0	0	0	0	0	0	0	0	0	102	94	67	21	47	121	124	91	105	103	79	116	62	21	119	45	115	96	117	49	41	74	69	110	46	106	67	99	36	84	46	40	7	125	109	35	30	108	37	57	45	58	111	124	112	53	101	52	88	82	68	46	64	10	63	8	9	63	16	61	86	69	25	107	30	42	76	96	30	67	99	118	125	117	64	75	106	78	79	65	93	132	7	66	19	66	90	16	20	117	69	95	86	106	70	29	59	136	10	78	83	28	27	33	67	99	24	23	71	16	47	95	106	47	109	92
0	0	0	0	0	0	0	0	0	0	0	0	0	25	70	130	114	19	90	23	35	20	124	41	123	38	39	44	82	39	64	93	65	65	65	100	18	52	70	96	61	17	28	44	82	64	81	82	92	9	97	119	38	53	116	82	63	17	115	109	95	25	103	122	28	15	15	4	15	127	116	87	116	66	113	82	40	94	132	101	108	67	54	121	103	91	108	70	125	98	36	134	126	91	16	81	53	38	88	55	80	71	21	127	2	37	108	12	86	42	58	31	69	31	98	112	69	23	40	87	63	27	82	132	130	36	103	106
0	0	0	0	0	0	0	0	0	0	0	0	0	0	67	9	28	104	36	66	17	57	96	137	108	117	60	19	129	123	49	99	101	10	74	94	52	15	23	14	31	44	91	127	83	10	95	131	122	69	98	113	62	63	35	82	51	117	109	27	77	9	112	121	96	13	72	31	45	108	58	137	18	51	21	38	113	93	49	127	17	100	34	126	85	95	36	41	16	27	54	36	73	35	51	50	22	43	81	51	48	45	57	44	101	124	80	12	103	77	13	95	93	26	101	110	135	95	113	76	97	56	17	104	112	13	68	44
0	0	0	0	0	0	0	0	0	0	0	0	0	0	0	109	69	98	13	31	88	130	115	38	91	70	58	48	17	114	62	53	13	76	106	86	135	101	32	137	22	124	5	96	42	11	34	17	27	120	105	65	6	112	35	124	139	105	27	67	91	42	57	67	86	32	16	52	27	14	116	69	71	95	113	42	84	63	51	115	58	20	25	91	93	113	29	97	58	20	46	109	13	126	94	104	36	26	24	114	56	22	96	102	82	122	51	19	24	96	71	101	133	27	15	91	87	88	15	55	51	93	43	126	80	99	37	29
0	0	0	0	0	0	0	0	0	0	0	0	0	0	0	0	91	132	33	23	51	69	85	109	91	121	15	105	43	77	25	108	94	113	118	23	76	20	85	86	12	58	42	52	123	90	55	21	119	9	70	120	56	39	15	96	69	99	112	122	102	143	72	119	49	104	124	68	122	51	103	21	14	95	20	77	116	108	120	11	21	37	101	105	89	92	96	105	90	74	35	102	109	40	13	14	114	49	31	95	108	61	104	60	94	83	36	104	63	87	51	117	119	119	88	10	133	21	82	10	28	34	70	21	77	35	57	20
0	0	0	0	0	0	0	0	0	0	0	0	0	0	0	0	0	100	41	88	44	59	22	38	32	6	77	9	11	94	104	142	23	13	132	110	84	44	22	22	115	47	84	118	57	6	19	70	92	19	64	123	10	61	90	12	133	68	135	62	83	53	112	136	81	24	41	72	90	84	97	125	122	72	37	122	130	86	125	26	127	63	130	28	106	33	128	133	135	78	116	80	33	84	39	112	69	127	77	42	36	22	23	112	59	105	118	43	131	22	54	95	22	75	74	53	64	41	108	66	21	96	115	69	10	69	110	30
0	0	0	0	0	0	0	0	0	0	0	0	0	0	0	0	0	0	26	8	101	20	18	79	129	78	112	66	102	130	126	59	52	51	51	61	26	21	36	123	21	70	31	91	135	39	143	93	19	39	82	131	136	121	124	74	65	98	58	81	118	98	25	33	89	46	77	71	94	65	85	83	135	130	95	70	88	30	112	77	108	62	142	52	26	95	144	66	28	133	25	106	98	70	89	75	128	31	54	66	85	26	108	126	51	20	66	88	45	47	83	136	112	31	80	22	71	132	130	108	28	76	37	110	73	128	121	108
0	0	0	0	0	0	0	0	0	0	0	0	0	0	0	0	0	0	0	100	50	20	120	58	61	91	122	6	34	86	104	74	29	104	132	9	62	97	116	125	129	132	123	86	16	28	103	108	36	125	62	99	100	104	133	97	64	45	47	98	115	70	62	3	90	36	72	125	96	60	133	36	46	116	20	118	49	41	118	89	59	45	46	40	129	24	56	28	91	127	45	58	19	97	25	49	74	50	22	107	66	118	89	43	115	68	76	109	55	50	54	85	108	112	24	51	59	111	117	18	122	35	18	71	119	37	145	15
0	0	0	0	0	0	0	0	0	0	0	0	0	0	0	0	0	0	0	0	75	100	86	55	79	89	68	128	127	106	77	123	68	96	28	101	114	51	29	20	128	31	61	127	25	136	42	61	124	50	12	18	138	97	30	90	128	96	96	101	32	7	128	114	18	42	101	26	81	64	60	53	132	132	46	18	40	56	142	84	63	70	15	67	72	43	35	21	73	89	58	64	46	67	129	83	62	49	124	133	70	84	111	29	137	35	124	54	57	92	20	124	87	123	84	59	129	72	134	106	64	83	39	14	135	10	66	33
0	0	0	0	0	0	0	0	0	0	0	0	0	0	0	0	0	0	0	0	0	9	119	93	23	84	135	14	88	106	54	109	125	60	81	24	86	51	121	142	106	54	69	42	44	123	136	144	20	26	99	114	140	7	88	64	83	129	53	19	92	58	130	54	86	97	38	33	87	19	109	105	70	42	93	127	77	100	69	131	84	85	24	67	9	51	12	12	87	111	82	134	63	142	101	38	50	39	22	15	28	63	71	56	114	70	28	27	79	42	27	11	116	79	105	43	86	61	109	59	117	75	84	45	64	83	61	106
0	0	0	0	0	0	0	0	0	0	0	0	0	0	0	0	0	0	0	0	0	0	94	58	37	135	59	41	139	98	112	33	73	95	21	129	48	81	94	26	118	78	129	88	101	104	61	131	58	82	21	9	32	86	52	40	23	142	109	74	85	94	33	10	110	32	59	78	10	7	142	49	121	6	10	95	106	123	135	121	34	136	94	125	36	76	135	131	50	128	15	48	81	18	35	31	78	130	127	72	109	32	62	48	10	18	71	130	139	114	67	73	34	70	53	69	110	71	100	48	128	81	52	10	93	134	85	22
0	0	0	0	0	0	0	0	0	0	0	0	0	0	0	0	0	0	0	0	0	0	0	101	78	137	40	79	104	134	103	113	39	41	112	71	51	32	25	93	129	54	78	64	63	40	60	37	60	93	92	37	80	69	141	147	59	30	33	52	43	120	41	38	61	72	126	68	55	23	36	106	78	36	73	68	39	133	91	33	36	115	20	138	95	16	90	122	102	22	81	63	10	25	5	50	107	27	133	78	119	132	134	47	103	97	85	20	113	14	71	32	68	126	139	134	73	19	62	125	134	67	35	65	119	28	130	50
0	0	0	0	0	0	0	0	0	0	0	0	0	0	0	0	0	0	0	0	0	0	0	0	141	105	135	138	33	38	13	62	100	70	91	131	88	122	16	104	27	23	59	26	102	116	132	126	44	80	53	115	89	56	133	72	48	82	47	76	37	130	108	64	57	91	48	115	45	97	83	64	88	58	112	36	66	98	37	68	46	126	34	129	62	142	104	20	29	121	87	133	26	50	20	131	62	54	144	103	62	78	35	75	65	100	99	115	88	139	60	111	100	47	114	44	110	49	59	87	30	105	143	97	93	37	29	52
0	0	0	0	0	0	0	0	0	0	0	0	0	0	0	0	0	0	0	0	0	0	0	0	0	44	23	37	105	27	74	116	98	117	122	109	48	118	125	130	89	112	33	23	133	108	103	72	119	127	77	31	33	88	36	61	29	98	23	83	46	98	32	90	118	33	97	145	134	106	66	24	50	25	134	99	48	102	105	86	85	75	109	73	83	61	44	31	69	66	116	81	56	102	128	57	75	92	13	61	24	117	37	49	93	137	111	48	87	38	17	112	62	11	129	103	51	56	46	52	48	109	106	109	124	89	60	63
0	0	0	0	0	0	0	0	0	0	0	0	0	0	0	0	0	0	0	0	0	0	0	0	0	0	72	51	43	116	97	65	95	8	96	78	106	41	89	38	125	17	61	47	85	25	146	27	45	50	74	118	108	13	81	86	28	53	118	54	106	131	28	96	43	98	142	22	61	135	86	121	8	125	96	121	42	83	20	29	25	89	119	88	132	23	38	100	129	97	72	129	125	93	45	94	66	80	56	123	60	25	29	40	34	137	128	87	150	113	71	79	37	76	43	35	4	97	106	92	127	21	40	119	30	31	59	21
0	0	0	0	0	0	0	0	0	0	0	0	0	0	0	0	0	0	0	0	0	0	0	0	0	0	0	136	111	67	81	105	70	127	44	51	31	129	79	20	78	49	9	96	14	125	76	114	123	36	19	119	119	74	58	41	97	60	136	74	110	118	124	87	84	123	69	77	80	113	34	131	96	96	86	132	38	105	80	112	89	90	49	64	123	68	56	46	58	64	35	19	112	79	29	93	22	146	153	88	114	100	116	104	47	84	118	69	66	123	83	65	71	131	19	50	40	118	128	80	94	18	122	68	65	19	112	60
0	0	0	0	0	0	0	0	0	0	0	0	0	0	0	0	0	0	0	0	0	0	0	0	0	0	0	0	22	35	34	71	10	44	13	87	101	112	151	91	64	101	25	70	55	130	66	21	143	38	109	44	68	89	33	58	29	21	58	115	67	134	77	43	100	23	117	90	56	42	106	57	110	45	128	39	93	38	102	132	46	115	92	63	48	49	109	66	109	77	120	125	56	34	35	30	126	20	54	60	143	135	48	69	116	27	100	70	77	114	117	61	21	36	148	85	82	77	64	135	11	71	26	96	127	13	74	137
0	0	0	0	0	0	0	0	0	0	0	0	0	0	0	0	0	0	0	0	0	0	0	0	0	0	0	0	0	55	99	62	48	35	54	55	104	132	41	120	32	64	24	63	85	21	42	67	64	97	133	67	76	83	81	30	83	16	69	137	25	93	52	60	93	57	88	129	124	80	42	84	81	104	75	57	69	120	46	130	17	92	72	100	76	64	104	17	49	22	56	51	60	61	64	124	47	9	33	103	103	107	141	66	92	118	123	54	127	111	60	59	56	145	59	71	14	105	99	90	52	110	51	61	88	151	25	95
0	0	0	0	0	0	0	0	0	0	0	0	0	0	0	0	0	0	0	0	0	0	0	0	0	0	0	0	0	0	66	63	105	87	16	93	52	5	102	114	110	45	65	80	59	131	48	47	19	94	108	129	116	57	103	53	99	107	110	60	63	148	118	19	19	121	64	48	37	29	71	137	31	129	64	124	97	110	120	54	75	125	93	105	123	41	148	54	68	70	144	137	62	99	105	95	32	110	19	73	22	59	36	137	93	60	95	88	42	102	112	30	106	59	30	24	41	63	100	136	154	96	44	59	28	73	96	19
0	0	0	0	0	0	0	0	0	0	0	0	0	0	0	0	0	0	0	0	0	0	0	0	0	0	0	0	0	0	0	90	68	41	87	56	93	77	13	7	96	101	80	113	83	96	128	62	94	78	133	71	103	65	91	55	113	108	113	31	79	72	109	94	18	81	66	45	43	114	65	93	41	17	72	70	19	73	90	106	28	117	32	81	28	34	112	108	66	45	46	65	134	111	72	87	92	138	36	89	59	73	26	94	140	132	50	145	66	130	63	118	88	128	110	34	60	116	129	45	103	75	54	14	56	93	55	85
0	0	0	0	0	0	0	0	0	0	0	0	0	0	0	0	0	0	0	0	0	0	0	0	0	0	0	0	0	0	0	0	112	97	46	113	44	122	76	146	143	129	75	82	26	33	73	12	139	110	78	84	96	91	102	33	70	56	52	97	78	49	125	135	28	103	100	123	23	83	74	130	106	107	114	95	57	95	22	35	128	110	56	80	33	100	61	53	83	84	108	42	60	54	150	40	20	119	76	90	83	102	122	21	114	80	20	141	56	27	124	27	87	31	67	45	119	38	24	44	106	100	107	96	74	20	45	117
0	0	0	0	0	0	0	0	0	0	0	0	0	0	0	0	0	0	0	0	0	0	0	0	0	0	0	0	0	0	0	0	0	16	110	38	81	30	73	83	31	120	62	103	139	73	32	87	94	69	81	126	64	72	68	57	111	80	128	91	114	126	82	64	7	28	116	98	23	67	148	37	44	94	118	149	25	89	141	115	87	143	25	48	89	117	85	96	37	51	58	17	56	49	48	72	42	101	103	92	48	74	24	101	114	106	81	81	127	51	146	114	85	87	74	37	63	90	145	62	94	41	122	50	120	39	64	138
0	0	0	0	0	0	0	0	0	0	0	0	0	0	0	0	0	0	0	0	0	0	0	0	0	0	0	0	0	0	0	0	0	0	124	103	110	30	106	54	128	59	65	114	65	21	116	29	41	70	106	87	108	112	42	55	124	124	49	147	128	102	98	37	59	22	35	46	150	77	101	130	99	36	110	14	78	153	61	43	54	93	125	3	135	136	32	24	86	77	24	72	21	151	67	136	54	45	127	86	143	76	53	36	99	86	49	85	28	54	114	102	43	79	130	49	115	28	147	21	12	95	43	23	132	39	107	48
0	0	0	0	0	0	0	0	0	0	0	0	0	0	0	0	0	0	0	0	0	0	0	0	0	0	0	0	0	0	0	0	0	0	0	89	65	81	92	133	68	47	31	12	110	122	88	109	130	47	53	142	139	41	25	47	48	112	96	95	63	27	29	81	127	90	37	96	61	125	37	111	63	139	65	151	67	62	17	116	98	9	27	78	112	96	102	120	101	100	132	98	68	104	43	86	75	26	50	41	97	36	106	114	69	87	25	124	98	108	71	125	110	124	68	152	24	108	96	95	65	129	138	122	22	68	67	79
0	0	0	0	0	0	0	0	0	0	0	0	0	0	0	0	0	0	0	0	0	0	0	0	0	0	0	0	0	0	0	0	0	0	0	0	111	27	60	118	67	139	54	4	10	58	131	54	109	114	124	95	118	126	50	139	110	131	26	80	85	63	101	57	143	121	129	100	49	48	77	100	31	104	87	31	93	104	35	50	123	108	65	66	60	7	67	70	132	148	84	111	70	122	54	127	50	67	87	73	18	35	64	49	124	81	102	141	124	26	32	27	88	147	112	97	95	120	31	27	29	129	91	20	70	34	61	148
0	0	0	0	0	0	0	0	0	0	0	0	0	0	0	0	0	0	0	0	0	0	0	0	0	0	0	0	0	0	0	0	0	0	0	0	0	120	118	22	87	139	120	138	133	34	98	135	124	70	96	144	121	126	55	132	72	41	52	71	42	108	43	153	105	80	29	41	122	97	117	69	144	97	69	64	41	28	13	32	111	43	31	133	63	59	129	39	29	158	123	93	75	72	90	39	82	74	142	32	119	151	126	53	113	115	136	63	60	121	116	113	77	118	140	102	70	113	42	126	59	25	93	142	112	49	13	148
0	0	0	0	0	0	0	0	0	0	0	0	0	0	0	0	0	0	0	0	0	0	0	0	0	0	0	0	0	0	0	0	0	0	0	0	0	0	89	61	88	143	114	150	62	104	32	52	118	79	130	25	4	56	85	67	154	132	121	135	119	32	131	54	121	106	40	52	23	114	65	83	37	108	55	111	94	97	94	74	24	42	121	91	13	47	147	105	87	125	56	128	94	117	49	142	19	110	136	51	46	47	133	83	66	130	108	70	54	149	139	86	134	89	104	61	28	118	120	63	164	113	98	95	81	28	75	56
0	0	0	0	0	0	0	0	0	0	0	0	0	0	0	0	0	0	0	0	0	0	0	0	0	0	0	0	0	0	0	0	0	0	0	0	0	0	0	76	113	110	76	58	47	116	148	63	63	122	114	21	15	86	58	72	138	127	157	139	88	120	122	76	47	65	61	122	103	153	128	34	51	42	94	119	50	81	109	84	58	137	62	99	76	40	39	72	72	29	81	25	122	134	99	131	90	75	124	68	124	68	36	83	59	78	63	101	66	58	26	40	114	12	25	47	21	157	60	160	41	90	98	140	4	38	15	100
0	0	0	0	0	0	0	0	0	0	0	0	0	0	0	0	0	0	0	0	0	0	0	0	0	0	0	0	0	0	0	0	0	0	0	0	0	0	0	0	123	167	64	37	138	42	126	72	136	46	163	50	44	17	21	131	49	121	138	92	35	114	131	144	16	69	140	67	55	105	116	100	48	7	58	128	76	96	151	53	100	40	141	57	45	79	41	23	80	82	27	78	31	74	77	102	108	131	65	118	23	45	26	24	142	19	71	147	69	50	26	120	138	95	24	52	6	68	135	107	36	85	87	18	91	46	53	140
0	0	0	0	0	0	0	0	0	0	0	0	0	0	0	0	0	0	0	0	0	0	0	0	0	0	0	0	0	0	0	0	0	0	0	0	0	0	0	0	0	27	114	103	89	125	33	113	49	101	47	118	107	31	73	46	114	128	36	33	44	86	131	26	60	11	128	92	109	118	116	103	114	58	58	63	76	97	43	111	79	44	48	93	37	44	143	83	62	52	146	93	72	50	102	35	126	145	76	39	88	51	63	79	131	38	97	71	74	57	93	67	49	49	74	122	111	114	27	99	80	90	65	95	35	72	98	126
0	0	0	0	0	0	0	0	0	0	0	0	0	0	0	0	0	0	0	0	0	0	0	0	0	0	0	0	0	0	0	0	0	0	0	0	0	0	0	0	0	0	108	82	132	23	70	161	100	6	62	103	95	83	160	91	58	125	70	103	77	33	49	45	131	84	96	58	91	71	138	30	123	107	57	39	121	52	26	115	53	121	130	83	69	123	101	160	92	151	78	29	132	121	90	87	18	106	16	16	102	140	44	20	108	126	33	134	15	100	128	46	26	62	105	43	127	95	110	32	103	71	46	42	125	102	22	136
0	0	0	0	0	0	0	0	0	0	0	0	0	0	0	0	0	0	0	0	0	0	0	0	0	0	0	0	0	0	0	0	0	0	0	0	0	0	0	0	0	0	0	106	105	153	100	32	94	70	118	92	40	33	17	126	113	41	129	81	117	41	38	106	95	89	59	86	64	148	93	38	88	39	95	147	49	8	147	90	108	64	93	137	56	54	24	37	140	64	75	29	58	60	139	107	98	51	13	66	152	22	106	93	29	66	109	66	107	49	21	128	84	134	74	129	103	94	85	118	116	98	118	94	155	131	50	148
0	0	0	0	0	0	0	0	0	0	0	0	0	0	0	0	0	0	0	0	0	0	0	0	0	0	0	0	0	0	0	0	0	0	0	0	0	0	0	0	0	0	0	0	74	70	163	34	59	50	124	102	43	102	38	120	45	161	33	122	80	142	95	135	152	116	146	116	101	164	91	143	95	48	8	137	92	132	149	65	144	127	68	118	147	73	27	132	54	94	131	76	72	31	84	152	132	30	99	68	70	55	71	145	66	40	16	65	74	62	51	101	47	100	97	72	61	114	138	28	40	61	102	3	131	65	105	70
0	0	0	0	0	0	0	0	0	0	0	0	0	0	0	0	0	0	0	0	0	0	0	0	0	0	0	0	0	0	0	0	0	0	0	0	0	0	0	0	0	0	0	0	0	50	96	124	119	144	112	136	34	98	130	44	79	11	105	97	128	116	88	57	109	41	114	62	21	77	127	45	48	98	61	127	136	85	146	116	70	77	96	63	92	19	100	117	135	155	99	68	75	80	120	56	15	64	136	34	112	138	71	166	41	70	122	149	55	121	86	102	86	71	34	154	78	79	139	50	118	102	24	108	59	114	127	90
0	0	0	0	0	0	0	0	0	0	0	0	0	0	0	0	0	0	0	0	0	0	0	0	0	0	0	0	0	0	0	0	0	0	0	0	0	0	0	0	0	0	0	0	0	0	11	63	100	133	40	97	121	57	47	102	114	78	41	111	14	115	120	97	127	40	152	44	48	48	20	11	85	134	34	45	131	120	56	39	92	130	91	121	141	39	129	88	123	95	124	37	140	39	151	82	65	76	66	140	126	50	48	110	56	171	41	131	124	18	89	59	66	97	114	118	33	78	118	146	63	42	62	29	166	41	96	106
0	0	0	0	0	0	0	0	0	0	0	0	0	0	0	0	0	0	0	0	0	0	0	0	0	0	0	0	0	0	0	0	0	0	0	0	0	0	0	0	0	0	0	0	0	0	0	105	82	82	82	43	149	139	47	44	62	71	96	38	136	87	122	12	46	19	130	101	87	155	152	127	23	132	69	28	49	134	37	109	118	44	123	31	63	91	4	126	55	97	145	74	157	34	80	121	128	41	45	94	118	114	114	72	137	124	90	22	101	123	35	126	85	104	133	69	127	123	32	99	7	114	54	26	53	47	133	76
0	0	0	0	0	0	0	0	0	0	0	0	0	0	0	0	0	0	0	0	0	0	0	0	0	0	0	0	0	0	0	0	0	0	0	0	0	0	0	0	0	0	0	0	0	0	0	0	127	160	69	58	153	48	17	150	37	141	79	91	131	83	33	109	83	165	70	86	106	146	151	57	80	26	130	28	120	39	122	28	52	12	147	51	138	142	85	136	90	95	130	75	126	124	113	123	25	94	114	129	87	94	86	21	137	90	108	148	100	87	54	53	15	69	65	71	99	161	120	78	46	75	122	64	52	138	36	137
0	0	0	0	0	0	0	0	0	0	0	0	0	0	0	0	0	0	0	0	0	0	0	0	0	0	0	0	0	0	0	0	0	0	0	0	0	0	0	0	0	0	0	0	0	0	0	0	0	97	156	93	99	133	101	62	79	170	122	148	135	104	47	132	37	79	43	41	63	112	130	138	104	153	84	32	98	51	123	147	95	124	46	90	111	119	134	63	81	53	71	77	102	70	139	68	90	115	109	40	92	94	92	57	78	81	121	44	71	8	59	155	18	83	111	155	80	91	79	108	61	41	142	161	53	78	47	112
0	0	0	0	0	0	0	0	0	0	0	0	0	0	0	0	0	0	0	0	0	0	0	0	0	0	0	0	0	0	0	0	0	0	0	0	0	0	0	0	0	0	0	0	0	0	0	0	0	0	149	135	125	130	69	43	40	78	48	22	20	55	99	147	60	22	74	48	128	46	63	75	155	132	110	107	77	47	113	53	112	51	74	109	89	48	42	87	133	116	140	32	88	74	127	15	50	29	114	121	57	114	13	86	55	124	125	99	60	35	51	107	23	51	35	89	35	66	98	28	80	74	94	23	123	67	100	120
0	0	0	0	0	0	0	0	0	0	0	0	0	0	0	0	0	0	0	0	0	0	0	0	0	0	0	0	0	0	0	0	0	0	0	0	0	0	0	0	0	0	0	0	0	0	0	0	0	0	0	113	105	116	21	100	41	78	113	20	89	66	143	57	94	82	49	68	51	107	27	135	90	118	39	45	155	77	66	82	49	55	90	55	161	40	32	55	134	19	98	10	101	165	91	162	142	86	130	122	96	52	69	152	68	137	53	145	169	117	80	161	82	149	42	82	29	115	76	69	115	57	56	108	141	111	56	135
0	0	0	0	0	0	0	0	0	0	0	0	0	0	0	0	0	0	0	0	0	0	0	0	0	0	0	0	0	0	0	0	0	0	0	0	0	0	0	0	0	0	0	0	0	0	0	0	0	0	0	0	36	38	81	117	87	146	155	168	52	81	117	168	33	127	53	73	103	69	49	143	87	119	159	42	120	92	23	127	45	50	114	52	87	45	57	93	152	104	73	98	178	108	64	76	147	81	92	104	137	67	83	84	60	115	143	65	54	68	55	109	52	124	76	160	123	19	137	22	127	59	32	47	150	46	146	149
0	0	0	0	0	0	0	0	0	0	0	0	0	0	0	0	0	0	0	0	0	0	0	0	0	0	0	0	0	0	0	0	0	0	0	0	0	0	0	0	0	0	0	0	0	0	0	0	0	0	0	0	0	79	72	161	157	28	90	50	119	82	135	26	67	144	66	31	139	137	91	77	115	65	99	136	72	43	27	70	148	85	106	59	57	105	104	62	140	45	99	64	113	152	26	113	136	141	104	13	27	139	67	89	88	123	153	130	77	133	78	105	86	133	121	146	128	130	66	95	171	123	123	112	100	49	17	109
0	0	0	0	0	0	0	0	0	0	0	0	0	0	0	0	0	0	0	0	0	0	0	0	0	0	0	0	0	0	0	0	0	0	0	0	0	0	0	0	0	0	0	0	0	0	0	0	0	0	0	0	0	0	54	88	42	99	121	161	83	26	81	87	129	25	95	151	120	56	74	127	45	139	30	90	133	102	75	98	73	41	113	125	43	115	114	147	133	111	80	89	51	90	93	121	93	48	103	38	116	166	55	144	140	59	138	46	52	140	43	55	76	86	9	33	44	69	78	110	155	128	82	112	120	29	23	34
0	0	0	0	0	0	0	0	0	0	0	0	0	0	0	0	0	0	0	0	0	0	0	0	0	0	0	0	0	0	0	0	0	0	0	0	0	0	0	0	0	0	0	0	0	0	0	0	0	0	0	0	0	0	0	102	143	60	132	162	76	87	106	121	105	163	129	76	91	28	102	92	47	145	110	120	104	155	104	83	92	104	56	128	52	107	67	129	168	165	50	140	148	92	88	124	126	84	73	137	40	121	98	64	63	156	54	113	62	127	26	86	93	105	73	75	123	46	25	88	73	72	104	166	157	129	29	160
0	0	0	0	0	0	0	0	0	0	0	0	0	0	0	0	0	0	0	0	0	0	0	0	0	0	0	0	0	0	0	0	0	0	0	0	0	0	0	0	0	0	0	0	0	0	0	0	0	0	0	0	0	0	0	0	58	62	77	131	50	77	72	99	36	63	143	135	43	129	122	85	55	71	79	36	151	101	141	183	149	136	158	31	40	76	14	88	144	19	125	77	164	145	115	71	170	41	61	116	31	136	65	149	136	91	95	109	122	136	98	93	116	88	129	149	36	126	56	165	145	38	133	86	155	87	30	158
0	0	0	0	0	0	0	0	0	0	0	0	0	0	0	0	0	0	0	0	0	0	0	0	0	0	0	0	0	0	0	0	0	0	0	0	0	0	0	0	0	0	0	0	0	0	0	0	0	0	0	0	0	0	0	0	0	104	61	115	91	22	125	116	150	52	42	126	99	62	149	81	119	40	54	103	152	87	108	84	102	111	111	108	55	113	57	55	101	81	130	125	121	56	126	147	108	156	89	106	55	95	136	80	104	62	83	67	65	158	145	130	148	50	152	122	80	123	58	50	99	112	163	129	147	113	161	91
0	0	0	0	0	0	0	0	0	0	0	0	0	0	0	0	0	0	0	0	0	0	0	0	0	0	0	0	0	0	0	0	0	0	0	0	0	0	0	0	0	0	0	0	0	0	0	0	0	0	0	0	0	0	0	0	0	0	55	123	94	62	65	154	157	98	115	142	153	158	73	145	103	116	103	108	56	140	147	148	127	147	102	55	47	85	169	130	179	50	168	47	105	128	10	41	83	120	121	125	88	87	124	58	167	109	91	85	15	37	40	57	127	155	22	108	95	109	68	128	146	55	54	132	72	19	92	118
0	0	0	0	0	0	0	0	0	0	0	0	0	0	0	0	0	0	0	0	0	0	0	0	0	0	0	0	0	0	0	0	0	0	0	0	0	0	0	0	0	0	0	0	0	0	0	0	0	0	0	0	0	0	0	0	0	0	0	128	104	41	138	96	66	126	76	57	64	59	122	171	61	69	11	116	73	156	113	68	97	117	131	127	56	55	113	80	55	111	142	34	136	35	90	126	109	113	51	65	138	70	91	90	96	40	64	56	127	56	69	141	139	62	177	76	53	150	131	51	122	109	85	98	57	173	74	101
0	0	0	0	0	0	0	0	0	0	0	0	0	0	0	0	0	0	0	0	0	0	0	0	0	0	0	0	0	0	0	0	0	0	0	0	0	0	0	0	0	0	0	0	0	0	0	0	0	0	0	0	0	0	0	0	0	0	0	0	40	86	101	57	88	166	60	75	42	94	64	109	34	182	125	108	42	149	125	27	131	154	32	114	127	104	117	63	127	86	120	88	126	93	83	174	90	87	74	182	36	134	100	146	69	135	155	108	63	120	83	55	127	59	35	84	146	68	69	107	75	11	109	72	185	43	144	108
0	0	0	0	0	0	0	0	0	0	0	0	0	0	0	0	0	0	0	0	0	0	0	0	0	0	0	0	0	0	0	0	0	0	0	0	0	0	0	0	0	0	0	0	0	0	0	0	0	0	0	0	0	0	0	0	0	0	0	0	0	55	54	90	65	100	110	84	50	126	111	126	112	90	39	135	63	138	110	21	118	55	125	161	152	42	136	114	146	91	124	88	107	65	90	174	88	70	94	88	30	153	107	143	61	88	64	86	141	62	102	159	16	77	37	18	58	70	130	67	60	127	125	47	49	141	120	126
0	0	0	0	0	0	0	0	0	0	0	0	0	0	0	0	0	0	0	0	0	0	0	0	0	0	0	0	0	0	0	0	0	0	0	0	0	0	0	0	0	0	0	0	0	0	0	0	0	0	0	0	0	0	0	0	0	0	0	0	0	0	134	103	85	95	101	162	94	22	61	90	166	119	92	156	122	104	55	133	63	46	46	54	103	117	134	75	52	67	94	79	77	116	89	83	150	114	120	116	185	96	119	99	173	49	7	60	40	115	40	136	24	105	60	29	159	175	33	108	66	63	43	97	59	103	155	59
0	0	0	0	0	0	0	0	0	0	0	0	0	0	0	0	0	0	0	0	0	0	0	0	0	0	0	0	0	0	0	0	0	0	0	0	0	0	0	0	0	0	0	0	0	0	0	0	0	0	0	0	0	0	0	0	0	0	0	0	0	0	0	17	101	132	65	116	110	58	141	172	44	115	25	42	46	61	131	151	88	124	118	66	128	128	82	70	126	175	156	124	48	109	169	132	156	27	137	138	83	161	114	170	127	51	99	106	112	85	94	161	148	86	107	61	124	96	137	66	55	92	123	52	53	26	77	95
0	0	0	0	0	0	0	0	0	0	0	0	0	0	0	0	0	0	0	0	0	0	0	0	0	0	0	0	0	0	0	0	0	0	0	0	0	0	0	0	0	0	0	0	0	0	0	0	0	0	0	0	0	0	0	0	0	0	0	0	0	0	0	0	140	133	110	108	133	100	57	117	65	108	18	19	107	86	94	107	144	41	64	113	76	62	171	92	107	101	136	6	114	71	81	70	123	112	186	149	47	45	143	68	132	71	176	94	99	164	118	74	110	142	134	134	131	72	69	59	124	65	115	150	76	142	141	24
0	0	0	0	0	0	0	0	0	0	0	0	0	0	0	0	0	0	0	0	0	0	0	0	0	0	0	0	0	0	0	0	0	0	0	0	0	0	0	0	0	0	0	0	0	0	0	0	0	0	0	0	0	0	0	0	0	0	0	0	0	0	0	0	0	17	51	13	111	114	173	126	72	17	55	24	143	98	129	88	76	72	88	137	44	137	76	114	173	186	154	105	56	159	156	112	47	44	97	131	116	69	98	51	107	136	97	157	54	177	65	118	109	157	89	180	128	63	93	84	127	32	104	103	90	107	51	51
0	0	0	0	0	0	0	0	0	0	0	0	0	0	0	0	0	0	0	0	0	0	0	0	0	0	0	0	0	0	0	0	0	0	0	0	0	0	0	0	0	0	0	0	0	0	0	0	0	0	0	0	0	0	0	0	0	0	0	0	0	0	0	0	0	0	38	37	124	168	57	70	21	83	47	105	65	112	87	141	83	82	123	166	127	131	57	133	65	126	47	143	138	79	136	36	114	50	120	95	79	145	66	89	134	173	79	155	11	137	47	70	103	26	132	91	126	151	161	88	156	104	118	157	101	79	131	132
0	0	0	0	0	0	0	0	0	0	0	0	0	0	0	0	0	0	0	0	0	0	0	0	0	0	0	0	0	0	0	0	0	0	0	0	0	0	0	0	0	0	0	0	0	0	0	0	0	0	0	0	0	0	0	0	0	0	0	0	0	0	0	0	0	0	0	134	104	109	87	122	41	100	131	128	86	36	63	100	68	16	138	165	81	171	111	123	192	114	86	76	125	88	76	76	105	105	145	65	83	27	142	21	147	76	46	70	56	95	53	41	47	42	51	169	85	37	128	112	107	17	78	78	99	132	140	134
0	0	0	0	0	0	0	0	0	0	0	0	0	0	0	0	0	0	0	0	0	0	0	0	0	0	0	0	0	0	0	0	0	0	0	0	0	0	0	0	0	0	0	0	0	0	0	0	0	0	0	0	0	0	0	0	0	0	0	0	0	0	0	0	0	0	0	0	48	124	81	185	76	64	159	79	147	24	20	82	69	50	22	83	87	61	174	162	177	78	72	95	162	127	46	73	81	124	122	72	117	91	178	153	89	140	72	27	107	102	50	73	84	101	76	48	186	123	173	86	160	130	156	106	65	105	147	81
0	0	0	0	0	0	0	0	0	0	0	0	0	0	0	0	0	0	0	0	0	0	0	0	0	0	0	0	0	0	0	0	0	0	0	0	0	0	0	0	0	0	0	0	0	0	0	0	0	0	0	0	0	0	0	0	0	0	0	0	0	0	0	0	0	0	0	0	0	118	44	81	55	116	114	98	116	136	132	138	141	94	188	134	97	89	92	119	77	125	113	65	104	81	70	85	134	72	108	36	138	62	142	106	185	35	91	67	106	90	134	140	138	119	122	65	38	96	65	129	114	65	49	65	86	108	92	67
0	0	0	0	0	0	0	0	0	0	0	0	0	0	0	0	0	0	0	0	0	0	0	0	0	0	0	0	0	0	0	0	0	0	0	0	0	0	0	0	0	0	0	0	0	0	0	0	0	0	0	0	0	0	0	0	0	0	0	0	0	0	0	0	0	0	0	0	0	0	132	63	130	75	147	112	102	143	106	85	160	87	51	132	167	131	71	37	81	116	82	31	46	21	80	153	95	155	186	135	117	118	36	134	38	60	63	114	112	154	98	167	115	122	164	165	116	157	42	169	85	145	180	184	84	141	142	23
0	0	0	0	0	0	0	0	0	0	0	0	0	0	0	0	0	0	0	0	0	0	0	0	0	0	0	0	0	0	0	0	0	0	0	0	0	0	0	0	0	0	0	0	0	0	0	0	0	0	0	0	0	0	0	0	0	0	0	0	0	0	0	0	0	0	0	0	0	0	0	119	184	145	40	129	81	136	92	109	71	137	85	135	80	116	78	29	35	30	127	58	131	96	45	45	56	169	91	110	136	97	54	55	35	40	78	46	41	92	159	122	99	28	139	72	152	97	82	169	121	166	79	134	167	131	103	102
0	0	0	0	0	0	0	0	0	0	0	0	0	0	0	0	0	0	0	0	0	0	0	0	0	0	0	0	0	0	0	0	0	0	0	0	0	0	0	0	0	0	0	0	0	0	0	0	0	0	0	0	0	0	0	0	0	0	0	0	0	0	0	0	0	0	0	0	0	0	0	0	112	38	50	38	31	84	37	65	85	150	147	142	103	113	50	151	167	81	28	158	42	162	23	83	63	79	160	143	120	129	155	104	30	58	50	82	114	31	92	103	100	101	59	167	46	60	87	109	181	45	106	125	86	107	85	77
0	0	0	0	0	0	0	0	0	0	0	0	0	0	0	0	0	0	0	0	0	0	0	0	0	0	0	0	0	0	0	0	0	0	0	0	0	0	0	0	0	0	0	0	0	0	0	0	0	0	0	0	0	0	0	0	0	0	0	0	0	0	0	0	0	0	0	0	0	0	0	0	0	65	87	108	118	70	34	41	53	109	159	71	187	129	85	19	177	153	174	103	60	76	115	105	55	34	125	122	73	171	114	190	158	89	72	152	179	63	110	152	141	73	65	175	88	140	126	168	155	93	82	143	62	85	146	106
0	0	0	0	0	0	0	0	0	0	0	0	0	0	0	0	0	0	0	0	0	0	0	0	0	0	0	0	0	0	0	0	0	0	0	0	0	0	0	0	0	0	0	0	0	0	0	0	0	0	0	0	0	0	0	0	0	0	0	0	0	0	0	0	0	0	0	0	0	0	0	0	0	0	127	118	29	30	52	54	88	132	85	29	81	107	100	147	61	141	50	142	53	145	121	96	149	120	119	60	70	186	163	57	160	111	66	114	83	171	81	120	97	163	52	94	35	109	132	185	36	129	95	137	64	160	145	40
0	0	0	0	0	0	0	0	0	0	0	0	0	0	0	0	0	0	0	0	0	0	0	0	0	0	0	0	0	0	0	0	0	0	0	0	0	0	0	0	0	0	0	0	0	0	0	0	0	0	0	0	0	0	0	0	0	0	0	0	0	0	0	0	0	0	0	0	0	0	0	0	0	0	0	66	158	138	23	78	60	162	98	136	49	123	105	125	122	106	53	131	87	48	12	44	117	67	55	186	72	122	91	118	115	164	33	70	171	77	63	138	182	150	140	130	142	100	44	67	156	73	89	186	151	89	168	78
0	0	0	0	0	0	0	0	0	0	0	0	0	0	0	0	0	0	0	0	0	0	0	0	0	0	0	0	0	0	0	0	0	0	0	0	0	0	0	0	0	0	0	0	0	0	0	0	0	0	0	0	0	0	0	0	0	0	0	0	0	0	0	0	0	0	0	0	0	0	0	0	0	0	0	0	111	93	141	105	30	115	48	138	175	86	151	129	54	108	180	99	103	90	74	53	43	83	74	101	118	68	96	144	117	86	131	55	150	142	109	95	128	130	73	138	119	92	76	87	27	30	148	65	138	134	110	102
0	0	0	0	0	0	0	0	0	0	0	0	0	0	0	0	0	0	0	0	0	0	0	0	0	0	0	0	0	0	0	0	0	0	0	0	0	0	0	0	0	0	0	0	0	0	0	0	0	0	0	0	0	0	0	0	0	0	0	0	0	0	0	0	0	0	0	0	0	0	0	0	0	0	0	0	0	84	78	107	164	100	47	72	144	101	113	72	51	205	171	68	131	18	61	120	104	23	94	152	81	98	69	141	125	56	58	128	128	159	97	164	25	62	45	66	88	93	32	138	66	165	145	72	98	123	114	93
0	0	0	0	0	0	0	0	0	0	0	0	0	0	0	0	0	0	0	0	0	0	0	0	0	0	0	0	0	0	0	0	0	0	0	0	0	0	0	0	0	0	0	0	0	0	0	0	0	0	0	0	0	0	0	0	0	0	0	0	0	0	0	0	0	0	0	0	0	0	0	0	0	0	0	0	0	0	78	16	171	89	149	114	34	136	58	72	39	120	147	87	106	63	47	142	176	157	132	114	71	134	154	115	88	131	194	113	71	101	156	40	181	116	69	95	38	127	98	106	46	48	99	146	165	134	18	25
0	0	0	0	0	0	0	0	0	0	0	0	0	0	0	0	0	0	0	0	0	0	0	0	0	0	0	0	0	0	0	0	0	0	0	0	0	0	0	0	0	0	0	0	0	0	0	0	0	0	0	0	0	0	0	0	0	0	0	0	0	0	0	0	0	0	0	0	0	0	0	0	0	0	0	0	0	0	0	126	82	149	79	45	134	132	99	163	134	158	75	69	165	37	98	49	50	159	186	99	32	53	181	60	137	39	30	94	154	156	192	88	34	117	115	83	60	56	93	142	116	197	29	77	153	192	81	78
0	0	0	0	0	0	0	0	0	0	0	0	0	0	0	0	0	0	0	0	0	0	0	0	0	0	0	0	0	0	0	0	0	0	0	0	0	0	0	0	0	0	0	0	0	0	0	0	0	0	0	0	0	0	0	0	0	0	0	0	0	0	0	0	0	0	0	0	0	0	0	0	0	0	0	0	0	0	0	0	78	110	123	75	123	124	160	86	114	73	126	99	112	119	112	78	27	57	171	107	143	50	108	130	132	148	56	167	72	148	184	41	103	14	161	147	183	84	58	81	78	123	96	193	117	109	48	182
0	0	0	0	0	0	0	0	0	0	0	0	0	0	0	0	0	0	0	0	0	0	0	0	0	0	0	0	0	0	0	0	0	0	0	0	0	0	0	0	0	0	0	0	0	0	0	0	0	0	0	0	0	0	0	0	0	0	0	0	0	0	0	0	0	0	0	0	0	0	0	0	0	0	0	0	0	0	0	0	0	88	178	137	160	104	108	54	68	87	143	63	147	30	59	84	175	98	163	66	68	77	140	94	52	183	114	78	86	71	75	58	84	89	161	163	139	141	119	145	184	139	13	129	97	129	113	177
0	0	0	0	0	0	0	0	0	0	0	0	0	0	0	0	0	0	0	0	0	0	0	0	0	0	0	0	0	0	0	0	0	0	0	0	0	0	0	0	0	0	0	0	0	0	0	0	0	0	0	0	0	0	0	0	0	0	0	0	0	0	0	0	0	0	0	0	0	0	0	0	0	0	0	0	0	0	0	0	0	0	93	107	183	98	143	173	81	129	48	179	147	123	147	119	12	134	129	173	99	147	90	75	143	172	85	173	94	103	93	101	139	59	141	34	62	123	48	131	50	91	45	92	101	125	104	173
0	0	0	0	0	0	0	0	0	0	0	0	0	0	0	0	0	0	0	0	0	0	0	0	0	0	0	0	0	0	0	0	0	0	0	0	0	0	0	0	0	0	0	0	0	0	0	0	0	0	0	0	0	0	0	0	0	0	0	0	0	0	0	0	0	0	0	0	0	0	0	0	0	0	0	0	0	0	0	0	0	0	0	62	193	50	178	166	157	46	139	112	57	34	40	63	55	60	113	116	66	119	95	166	136	100	174	184	18	105	96	136	129	67	163	111	89	185	68	86	62	169	61	41	101	131	157	89
0	0	0	0	0	0	0	0	0	0	0	0	0	0	0	0	0	0	0	0	0	0	0	0	0	0	0	0	0	0	0	0	0	0	0	0	0	0	0	0	0	0	0	0	0	0	0	0	0	0	0	0	0	0	0	0	0	0	0	0	0	0	0	0	0	0	0	0	0	0	0	0	0	0	0	0	0	0	0	0	0	0	0	0	161	136	21	161	179	94	64	75	139	134	172	134	116	111	79	130	102	144	57	86	93	74	152	139	92	152	107	92	179	34	79	175	47	150	138	62	95	153	94	92	150	174	91	101
0	0	0	0	0	0	0	0	0	0	0	0	0	0	0	0	0	0	0	0	0	0	0	0	0	0	0	0	0	0	0	0	0	0	0	0	0	0	0	0	0	0	0	0	0	0	0	0	0	0	0	0	0	0	0	0	0	0	0	0	0	0	0	0	0	0	0	0	0	0	0	0	0	0	0	0	0	0	0	0	0	0	0	0	0	125	191	26	33	110	124	157	70	94	128	111	24	121	81	127	29	167	87	139	52	76	87	82	79	105	69	100	75	176	99	150	129	154	35	38	68	117	96	121	146	147	47	131
0	0	0	0	0	0	0	0	0	0	0	0	0	0	0	0	0	0	0	0	0	0	0	0	0	0	0	0	0	0	0	0	0	0	0	0	0	0	0	0	0	0	0	0	0	0	0	0	0	0	0	0	0	0	0	0	0	0	0	0	0	0	0	0	0	0	0	0	0	0	0	0	0	0	0	0	0	0	0	0	0	0	0	0	0	0	83	34	95	168	40	188	13	120	206	162	65	198	66	119	92	142	74	83	155	200	51	61	85	122	78	129	137	130	115	66	164	39	114	153	200	49	138	166	91	49	79	44
0	0	0	0	0	0	0	0	0	0	0	0	0	0	0	0	0	0	0	0	0	0	0	0	0	0	0	0	0	0	0	0	0	0	0	0	0	0	0	0	0	0	0	0	0	0	0	0	0	0	0	0	0	0	0	0	0	0	0	0	0	0	0	0	0	0	0	0	0	0	0	0	0	0	0	0	0	0	0	0	0	0	0	0	0	0	0	27	67	78	181	90	61	150	91	68	39	91	113	112	127	167	88	204	35	94	91	122	112	41	128	115	148	128	52	78	80	193	168	68	63	75	92	122	139	66	142	134
0	0	0	0	0	0	0	0	0	0	0	0	0	0	0	0	0	0	0	0	0	0	0	0	0	0	0	0	0	0	0	0	0	0	0	0	0	0	0	0	0	0	0	0	0	0	0	0	0	0	0	0	0	0	0	0	0	0	0	0	0	0	0	0	0	0	0	0	0	0	0	0	0	0	0	0	0	0	0	0	0	0	0	0	0	0	0	0	60	71	139	84	143	141	169	165	41	135	112	110	82	207	69	75	100	134	118	110	164	130	171	151	71	67	156	140	89	160	51	129	170	184	63	125	129	60	88	110
0	0	0	0	0	0	0	0	0	0	0	0	0	0	0	0	0	0	0	0	0	0	0	0	0	0	0	0	0	0	0	0	0	0	0	0	0	0	0	0	0	0	0	0	0	0	0	0	0	0	0	0	0	0	0	0	0	0	0	0	0	0	0	0	0	0	0	0	0	0	0	0	0	0	0	0	0	0	0	0	0	0	0	0	0	0	0	0	0	55	31	158	47	103	165	79	161	144	64	214	171	72	118	177	97	128	142	146	100	164	192	103	98	142	86	205	88	99	54	37	47	142	103	28	107	165	108	148
0	0	0	0	0	0	0	0	0	0	0	0	0	0	0	0	0	0	0	0	0	0	0	0	0	0	0	0	0	0	0	0	0	0	0	0	0	0	0	0	0	0	0	0	0	0	0	0	0	0	0	0	0	0	0	0	0	0	0	0	0	0	0	0	0	0	0	0	0	0	0	0	0	0	0	0	0	0	0	0	0	0	0	0	0	0	0	0	0	0	102	39	142	93	34	133	208	188	130	76	136	186	182	86	54	44	130	54	132	162	155	195	191	129	89	105	65	136	47	73	201	175	112	152	172	43	129	38
0	0	0	0	0	0	0	0	0	0	0	0	0	0	0	0	0	0	0	0	0	0	0	0	0	0	0	0	0	0	0	0	0	0	0	0	0	0	0	0	0	0	0	0	0	0	0	0	0	0	0	0	0	0	0	0	0	0	0	0	0	0	0	0	0	0	0	0	0	0	0	0	0	0	0	0	0	0	0	0	0	0	0	0	0	0	0	0	0	0	0	184	169	170	206	76	167	146	151	120	121	40	94	120	122	179	28	86	173	84	159	37	168	91	179	81	72	51	112	103	180	135	147	119	157	143	63	93
0	0	0	0	0	0	0	0	0	0	0	0	0	0	0	0	0	0	0	0	0	0	0	0	0	0	0	0	0	0	0	0	0	0	0	0	0	0	0	0	0	0	0	0	0	0	0	0	0	0	0	0	0	0	0	0	0	0	0	0	0	0	0	0	0	0	0	0	0	0	0	0	0	0	0	0	0	0	0	0	0	0	0	0	0	0	0	0	0	0	0	0	138	35	137	104	89	134	57	45	116	15	169	70	87	122	181	105	131	131	84	166	80	50	124	81	159	157	183	102	60	98	61	125	158	201	190	19
0	0	0	0	0	0	0	0	0	0	0	0	0	0	0	0	0	0	0	0	0	0	0	0	0	0	0	0	0	0	0	0	0	0	0	0	0	0	0	0	0	0	0	0	0	0	0	0	0	0	0	0	0	0	0	0	0	0	0	0	0	0	0	0	0	0	0	0	0	0	0	0	0	0	0	0	0	0	0	0	0	0	0	0	0	0	0	0	0	0	0	0	0	179	52	129	167	67	200	166	101	119	109	70	90	168	95	174	134	14	100	72	177	199	145	128	71	78	38	84	89	61	108	59	156	100	56	50
0	0	0	0	0	0	0	0	0	0	0	0	0	0	0	0	0	0	0	0	0	0	0	0	0	0	0	0	0	0	0	0	0	0	0	0	0	0	0	0	0	0	0	0	0	0	0	0	0	0	0	0	0	0	0	0	0	0	0	0	0	0	0	0	0	0	0	0	0	0	0	0	0	0	0	0	0	0	0	0	0	0	0	0	0	0	0	0	0	0	0	0	0	0	181	119	20	208	118	147	96	123	166	111	129	116	61	98	208	48	174	82	142	135	111	113	23	92	25	26	45	127	86	78	157	150	60	94
0	0	0	0	0	0	0	0	0	0	0	0	0	0	0	0	0	0	0	0	0	0	0	0	0	0	0	0	0	0	0	0	0	0	0	0	0	0	0	0	0	0	0	0	0	0	0	0	0	0	0	0	0	0	0	0	0	0	0	0	0	0	0	0	0	0	0	0	0	0	0	0	0	0	0	0	0	0	0	0	0	0	0	0	0	0	0	0	0	0	0	0	0	0	0	121	83	35	110	145	147	83	111	128	156	72	144	64	172	55	131	68	107	34	18	85	163	97	143	79	192	94	150	120	114	153	190	73
0	0	0	0	0	0	0	0	0	0	0	0	0	0	0	0	0	0	0	0	0	0	0	0	0	0	0	0	0	0	0	0	0	0	0	0	0	0	0	0	0	0	0	0	0	0	0	0	0	0	0	0	0	0	0	0	0	0	0	0	0	0	0	0	0	0	0	0	0	0	0	0	0	0	0	0	0	0	0	0	0	0	0	0	0	0	0	0	0	0	0	0	0	0	0	0	207	142	110	96	132	29	189	129	203	115	118	106	200	123	145	143	54	152	159	138	176	41	128	118	154	90	141	83	68	114	112	208
0	0	0	0	0	0	0	0	0	0	0	0	0	0	0	0	0	0	0	0	0	0	0	0	0	0	0	0	0	0	0	0	0	0	0	0	0	0	0	0	0	0	0	0	0	0	0	0	0	0	0	0	0	0	0	0	0	0	0	0	0	0	0	0	0	0	0	0	0	0	0	0	0	0	0	0	0	0	0	0	0	0	0	0	0	0	0	0	0	0	0	0	0	0	0	0	0	87	141	34	174	122	118	133	175	97	147	125	102	134	161	100	91	105	104	103	121	67	83	99	104	183	57	76	140	142	42	49
0	0	0	0	0	0	0	0	0	0	0	0	0	0	0	0	0	0	0	0	0	0	0	0	0	0	0	0	0	0	0	0	0	0	0	0	0	0	0	0	0	0	0	0	0	0	0	0	0	0	0	0	0	0	0	0	0	0	0	0	0	0	0	0	0	0	0	0	0	0	0	0	0	0	0	0	0	0	0	0	0	0	0	0	0	0	0	0	0	0	0	0	0	0	0	0	0	0	173	49	141	94	125	43	94	64	151	69	87	79	57	136	152	152	100	140	54	99	120	173	36	67	54	112	69	97	151	46
0	0	0	0	0	0	0	0	0	0	0	0	0	0	0	0	0	0	0	0	0	0	0	0	0	0	0	0	0	0	0	0	0	0	0	0	0	0	0	0	0	0	0	0	0	0	0	0	0	0	0	0	0	0	0	0	0	0	0	0	0	0	0	0	0	0	0	0	0	0	0	0	0	0	0	0	0	0	0	0	0	0	0	0	0	0	0	0	0	0	0	0	0	0	0	0	0	0	0	176	90	148	128	65	132	112	80	99	130	190	147	41	41	148	151	107	187	98	138	99	107	183	123	77	74	119	139	136
0	0	0	0	0	0	0	0	0	0	0	0	0	0	0	0	0	0	0	0	0	0	0	0	0	0	0	0	0	0	0	0	0	0	0	0	0	0	0	0	0	0	0	0	0	0	0	0	0	0	0	0	0	0	0	0	0	0	0	0	0	0	0	0	0	0	0	0	0	0	0	0	0	0	0	0	0	0	0	0	0	0	0	0	0	0	0	0	0	0	0	0	0	0	0	0	0	0	0	0	75	22	190	111	171	83	50	88	172	11	165	65	48	150	117	68	110	218	75	130	123	116	101	129	50	99	76	90
0	0	0	0	0	0	0	0	0	0	0	0	0	0	0	0	0	0	0	0	0	0	0	0	0	0	0	0	0	0	0	0	0	0	0	0	0	0	0	0	0	0	0	0	0	0	0	0	0	0	0	0	0	0	0	0	0	0	0	0	0	0	0	0	0	0	0	0	0	0	0	0	0	0	0	0	0	0	0	0	0	0	0	0	0	0	0	0	0	0	0	0	0	0	0	0	0	0	0	0	0	181	11	101	143	116	69	82	153	98	109	84	80	134	84	144	60	189	175	120	130	178	156	104	24	56	146	151
0	0	0	0	0	0	0	0	0	0	0	0	0	0	0	0	0	0	0	0	0	0	0	0	0	0	0	0	0	0	0	0	0	0	0	0	0	0	0	0	0	0	0	0	0	0	0	0	0	0	0	0	0	0	0	0	0	0	0	0	0	0	0	0	0	0	0	0	0	0	0	0	0	0	0	0	0	0	0	0	0	0	0	0	0	0	0	0	0	0	0	0	0	0	0	0	0	0	0	0	0	0	105	139	186	31	151	54	103	119	188	134	188	104	159	94	148	125	144	116	178	138	84	45	105	197	78	68
0	0	0	0	0	0	0	0	0	0	0	0	0	0	0	0	0	0	0	0	0	0	0	0	0	0	0	0	0	0	0	0	0	0	0	0	0	0	0	0	0	0	0	0	0	0	0	0	0	0	0	0	0	0	0	0	0	0	0	0	0	0	0	0	0	0	0	0	0	0	0	0	0	0	0	0	0	0	0	0	0	0	0	0	0	0	0	0	0	0	0	0	0	0	0	0	0	0	0	0	0	0	0	97	109	198	161	91	124	75	114	115	129	104	107	103	87	219	169	106	114	103	211	96	44	183	131	133
0	0	0	0	0	0	0	0	0	0	0	0	0	0	0	0	0	0	0	0	0	0	0	0	0	0	0	0	0	0	0	0	0	0	0	0	0	0	0	0	0	0	0	0	0	0	0	0	0	0	0	0	0	0	0	0	0	0	0	0	0	0	0	0	0	0	0	0	0	0	0	0	0	0	0	0	0	0	0	0	0	0	0	0	0	0	0	0	0	0	0	0	0	0	0	0	0	0	0	0	0	0	0	0	58	118	141	194	151	98	96	198	130	180	180	196	34	98	138	185	68	213	136	130	165	160	84	73
0	0	0	0	0	0	0	0	0	0	0	0	0	0	0	0	0	0	0	0	0	0	0	0	0	0	0	0	0	0	0	0	0	0	0	0	0	0	0	0	0	0	0	0	0	0	0	0	0	0	0	0	0	0	0	0	0	0	0	0	0	0	0	0	0	0	0	0	0	0	0	0	0	0	0	0	0	0	0	0	0	0	0	0	0	0	0	0	0	0	0	0	0	0	0	0	0	0	0	0	0	0	0	0	0	155	213	131	147	144	61	116	97	83	205	97	95	117	146	104	69	162	79	54	31	125	192	123
0	0	0	0	0	0	0	0	0	0	0	0	0	0	0	0	0	0	0	0	0	0	0	0	0	0	0	0	0	0	0	0	0	0	0	0	0	0	0	0	0	0	0	0	0	0	0	0	0	0	0	0	0	0	0	0	0	0	0	0	0	0	0	0	0	0	0	0	0	0	0	0	0	0	0	0	0	0	0	0	0	0	0	0	0	0	0	0	0	0	0	0	0	0	0	0	0	0	0	0	0	0	0	0	0	0	111	179	105	122	147	149	113	150	68	137	148	167	98	202	149	194	151	138	102	150	40	157
0	0	0	0	0	0	0	0	0	0	0	0	0	0	0	0	0	0	0	0	0	0	0	0	0	0	0	0	0	0	0	0	0	0	0	0	0	0	0	0	0	0	0	0	0	0	0	0	0	0	0	0	0	0	0	0	0	0	0	0	0	0	0	0	0	0	0	0	0	0	0	0	0	0	0	0	0	0	0	0	0	0	0	0	0	0	0	0	0	0	0	0	0	0	0	0	0	0	0	0	0	0	0	0	0	0	0	110	118	162	169	110	92	48	133	148	67	196	79	149	108	17	216	135	166	118	116	184
0	0	0	0	0	0	0	0	0	0	0	0	0	0	0	0	0	0	0	0	0	0	0	0	0	0	0	0	0	0	0	0	0	0	0	0	0	0	0	0	0	0	0	0	0	0	0	0	0	0	0	0	0	0	0	0	0	0	0	0	0	0	0	0	0	0	0	0	0	0	0	0	0	0	0	0	0	0	0	0	0	0	0	0	0	0	0	0	0	0	0	0	0	0	0	0	0	0	0	0	0	0	0	0	0	0	0	0	104	17	159	45	111	161	145	88	84	85	102	56	194	94	187	217	119	133	65	197
0	0	0	0	0	0	0	0	0	0	0	0	0	0	0	0	0	0	0	0	0	0	0	0	0	0	0	0	0	0	0	0	0	0	0	0	0	0	0	0	0	0	0	0	0	0	0	0	0	0	0	0	0	0	0	0	0	0	0	0	0	0	0	0	0	0	0	0	0	0	0	0	0	0	0	0	0	0	0	0	0	0	0	0	0	0	0	0	0	0	0	0	0	0	0	0	0	0	0	0	0	0	0	0	0	0	0	0	0	187	120	161	138	114	68	93	161	211	82	49	150	113	96	143	131	62	43	155
0	0	0	0	0	0	0	0	0	0	0	0	0	0	0	0	0	0	0	0	0	0	0	0	0	0	0	0	0	0	0	0	0	0	0	0	0	0	0	0	0	0	0	0	0	0	0	0	0	0	0	0	0	0	0	0	0	0	0	0	0	0	0	0	0	0	0	0	0	0	0	0	0	0	0	0	0	0	0	0	0	0	0	0	0	0	0	0	0	0	0	0	0	0	0	0	0	0	0	0	0	0	0	0	0	0	0	0	0	0	136	74	168	30	186	68	117	153	117	176	112	115	154	64	134	148	56	131
0	0	0	0	0	0	0	0	0	0	0	0	0	0	0	0	0	0	0	0	0	0	0	0	0	0	0	0	0	0	0	0	0	0	0	0	0	0	0	0	0	0	0	0	0	0	0	0	0	0	0	0	0	0	0	0	0	0	0	0	0	0	0	0	0	0	0	0	0	0	0	0	0	0	0	0	0	0	0	0	0	0	0	0	0	0	0	0	0	0	0	0	0	0	0	0	0	0	0	0	0	0	0	0	0	0	0	0	0	0	0	153	53	132	148	75	155	20	74	53	136	159	133	113	194	166	162	122
0	0	0	0	0	0	0	0	0	0	0	0	0	0	0	0	0	0	0	0	0	0	0	0	0	0	0	0	0	0	0	0	0	0	0	0	0	0	0	0	0	0	0	0	0	0	0	0	0	0	0	0	0	0	0	0	0	0	0	0	0	0	0	0	0	0	0	0	0	0	0	0	0	0	0	0	0	0	0	0	0	0	0	0	0	0	0	0	0	0	0	0	0	0	0	0	0	0	0	0	0	0	0	0	0	0	0	0	0	0	0	0	114	85	112	172	112	132	83	139	187	131	164	123	124	144	96	181
0	0	0	0	0	0	0	0	0	0	0	0	0	0	0	0	0	0	0	0	0	0	0	0	0	0	0	0	0	0	0	0	0	0	0	0	0	0	0	0	0	0	0	0	0	0	0	0	0	0	0	0	0	0	0	0	0	0	0	0	0	0	0	0	0	0	0	0	0	0	0	0	0	0	0	0	0	0	0	0	0	0	0	0	0	0	0	0	0	0	0	0	0	0	0	0	0	0	0	0	0	0	0	0	0	0	0	0	0	0	0	0	0	35	103	118	156	69	16	136	149	181	130	187	215	128	128	109
0	0	0	0	0	0	0	0	0	0	0	0	0	0	0	0	0	0	0	0	0	0	0	0	0	0	0	0	0	0	0	0	0	0	0	0	0	0	0	0	0	0	0	0	0	0	0	0	0	0	0	0	0	0	0	0	0	0	0	0	0	0	0	0	0	0	0	0	0	0	0	0	0	0	0	0	0	0	0	0	0	0	0	0	0	0	0	0	0	0	0	0	0	0	0	0	0	0	0	0	0	0	0	0	0	0	0	0	0	0	0	0	0	0	182	65	86	91	173	175	130	117	76	86	63	209	74	132
0	0	0	0	0	0	0	0	0	0	0	0	0	0	0	0	0	0	0	0	0	0	0	0	0	0	0	0	0	0	0	0	0	0	0	0	0	0	0	0	0	0	0	0	0	0	0	0	0	0	0	0	0	0	0	0	0	0	0	0	0	0	0	0	0	0	0	0	0	0	0	0	0	0	0	0	0	0	0	0	0	0	0	0	0	0	0	0	0	0	0	0	0	0	0	0	0	0	0	0	0	0	0	0	0	0	0	0	0	0	0	0	0	0	0	189	166	161	34	208	171	200	99	134	110	174	154	108
0	0	0	0	0	0	0	0	0	0	0	0	0	0	0	0	0	0	0	0	0	0	0	0	0	0	0	0	0	0	0	0	0	0	0	0	0	0	0	0	0	0	0	0	0	0	0	0	0	0	0	0	0	0	0	0	0	0	0	0	0	0	0	0	0	0	0	0	0	0	0	0	0	0	0	0	0	0	0	0	0	0	0	0	0	0	0	0	0	0	0	0	0	0	0	0	0	0	0	0	0	0	0	0	0	0	0	0	0	0	0	0	0	0	0	0	126	124	97	232	123	144	97	80	191	124	142	106
0	0	0	0	0	0	0	0	0	0	0	0	0	0	0	0	0	0	0	0	0	0	0	0	0	0	0	0	0	0	0	0	0	0	0	0	0	0	0	0	0	0	0	0	0	0	0	0	0	0	0	0	0	0	0	0	0	0	0	0	0	0	0	0	0	0	0	0	0	0	0	0	0	0	0	0	0	0	0	0	0	0	0	0	0	0	0	0	0	0	0	0	0	0	0	0	0	0	0	0	0	0	0	0	0	0	0	0	0	0	0	0	0	0	0	0	0	66	163	70	87	50	106	62	190	106	43	56
0	0	0	0	0	0	0	0	0	0	0	0	0	0	0	0	0	0	0	0	0	0	0	0	0	0	0	0	0	0	0	0	0	0	0	0	0	0	0	0	0	0	0	0	0	0	0	0	0	0	0	0	0	0	0	0	0	0	0	0	0	0	0	0	0	0	0	0	0	0	0	0	0	0	0	0	0	0	0	0	0	0	0	0	0	0	0	0	0	0	0	0	0	0	0	0	0	0	0	0	0	0	0	0	0	0	0	0	0	0	0	0	0	0	0	0	0	0	174	145	146	38	184	93	141	141	30	214
0	0	0	0	0	0	0	0	0	0	0	0	0	0	0	0	0	0	0	0	0	0	0	0	0	0	0	0	0	0	0	0	0	0	0	0	0	0	0	0	0	0	0	0	0	0	0	0	0	0	0	0	0	0	0	0	0	0	0	0	0	0	0	0	0	0	0	0	0	0	0	0	0	0	0	0	0	0	0	0	0	0	0	0	0	0	0	0	0	0	0	0	0	0	0	0	0	0	0	0	0	0	0	0	0	0	0	0	0	0	0	0	0	0	0	0	0	0	0	215	115	150	119	145	55	95	89	101
0	0	0	0	0	0	0	0	0	0	0	0	0	0	0	0	0	0	0	0	0	0	0	0	0	0	0	0	0	0	0	0	0	0	0	0	0	0	0	0	0	0	0	0	0	0	0	0	0	0	0	0	0	0	0	0	0	0	0	0	0	0	0	0	0	0	0	0	0	0	0	0	0	0	0	0	0	0	0	0	0	0	0	0	0	0	0	0	0	0	0	0	0	0	0	0	0	0	0	0	0	0	0	0	0	0	0	0	0	0	0	0	0	0	0	0	0	0	0	0	115	159	109	186	140	76	193	68
0	0	0	0	0	0	0	0	0	0	0	0	0	0	0	0	0	0	0	0	0	0	0	0	0	0	0	0	0	0	0	0	0	0	0	0	0	0	0	0	0	0	0	0	0	0	0	0	0	0	0	0	0	0	0	0	0	0	0	0	0	0	0	0	0	0	0	0	0	0	0	0	0	0	0	0	0	0	0	0	0	0	0	0	0	0	0	0	0	0	0	0	0	0	0	0	0	0	0	0	0	0	0	0	0	0	0	0	0	0	0	0	0	0	0	0	0	0	0	0	0	145	131	209	49	90	90	112
0	0	0	0	0	0	0	0	0	0	0	0	0	0	0	0	0	0	0	0	0	0	0	0	0	0	0	0	0	0	0	0	0	0	0	0	0	0	0	0	0	0	0	0	0	0	0	0	0	0	0	0	0	0	0	0	0	0	0	0	0	0	0	0	0	0	0	0	0	0	0	0	0	0	0	0	0	0	0	0	0	0	0	0	0	0	0	0	0	0	0	0	0	0	0	0	0	0	0	0	0	0	0	0	0	0	0	0	0	0	0	0	0	0	0	0	0	0	0	0	0	0	232	109	26	123	179	187
0	0	0	0	0	0	0	0	0	0	0	0	0	0	0	0	0	0	0	0	0	0	0	0	0	0	0	0	0	0	0	0	0	0	0	0	0	0	0	0	0	0	0	0	0	0	0	0	0	0	0	0	0	0	0	0	0	0	0	0	0	0	0	0	0	0	0	0	0	0	0	0	0	0	0	0	0	0	0	0	0	0	0	0	0	0	0	0	0	0	0	0	0	0	0	0	0	0	0	0	0	0	0	0	0	0	0	0	0	0	0	0	0	0	0	0	0	0	0	0	0	0	0	226	104	108	129	42
0	0	0	0	0	0	0	0	0	0	0	0	0	0	0	0	0	0	0	0	0	0	0	0	0	0	0	0	0	0	0	0	0	0	0	0	0	0	0	0	0	0	0	0	0	0	0	0	0	0	0	0	0	0	0	0	0	0	0	0	0	0	0	0	0	0	0	0	0	0	0	0	0	0	0	0	0	0	0	0	0	0	0	0	0	0	0	0	0	0	0	0	0	0	0	0	0	0	0	0	0	0	0	0	0	0	0	0	0	0	0	0	0	0	0	0	0	0	0	0	0	0	0	0	160	151	48	176
0	0	0	0	0	0	0	0	0	0	0	0	0	0	0	0	0	0	0	0	0	0	0	0	0	0	0	0	0	0	0	0	0	0	0	0	0	0	0	0	0	0	0	0	0	0	0	0	0	0	0	0	0	0	0	0	0	0	0	0	0	0	0	0	0	0	0	0	0	0	0	0	0	0	0	0	0	0	0	0	0	0	0	0	0	0	0	0	0	0	0	0	0	0	0	0	0	0	0	0	0	0	0	0	0	0	0	0	0	0	0	0	0	0	0	0	0	0	0	0	0	0	0	0	0	118	140	63
0	0	0	0	0	0	0	0	0	0	0	0	0	0	0	0	0	0	0	0	0	0	0	0	0	0	0	0	0	0	0	0	0	0	0	0	0	0	0	0	0	0	0	0	0	0	0	0	0	0	0	0	0	0	0	0	0	0	0	0	0	0	0	0	0	0	0	0	0	0	0	0	0	0	0	0	0	0	0	0	0	0	0	0	0	0	0	0	0	0	0	0	0	0	0	0	0	0	0	0	0	0	0	0	0	0	0	0	0	0	0	0	0	0	0	0	0	0	0	0	0	0	0	0	0	0	110	160
0	0	0	0	0	0	0	0	0	0	0	0	0	0	0	0	0	0	0	0	0	0	0	0	0	0	0	0	0	0	0	0	0	0	0	0	0	0	0	0	0	0	0	0	0	0	0	0	0	0	0	0	0	0	0	0	0	0	0	0	0	0	0	0	0	0	0	0	0	0	0	0	0	0	0	0	0	0	0	0	0	0	0	0	0	0	0	0	0	0	0	0	0	0	0	0	0	0	0	0	0	0	0	0	0	0	0	0	0	0	0	0	0	0	0	0	0	0	0	0	0	0	0	0	0	0	0	109
0	0	0	0	0	0	0	0	0	0	0	0	0	0	0	0	0	0	0	0	0	0	0	0	0	0	0	0	0	0	0	0	0	0	0	0	0	0	0	0	0	0	0	0	0	0	0	0	0	0	0	0	0	0	0	0	0	0	0	0	0	0	0	0	0	0	0	0	0	0	0	0	0	0	0	0	0	0	0	0	0	0	0	0	0	0	0	0	0	0	0	0	0	0	0	0	0	0	0	0	0	0	0	0	0	0	0	0	0	0	0	0	0	0	0	0	0	0	0	0	0	0	0	0	0	0	0	0