0	9	102	108	114	99	92	42	3	47	2	66	24	17	109	72	78	81	72	56	98	61	5	44	92	50	123	79	76	89	37	14	117	50	36	102	14	9	43	46	125	104	58	127	82	62	69	22	81	42	6	78	93	15	37	36	4	50	121	66	62	88	93	36	76	75	98	128	51	71	66	41	14	15	12	23	43	118	97	46	19	83	17	49	31	83	47	9	119	115	112	63	90	129	20	45	51	125	102	51	52	7	70	86	88	83	93	113	49	111	73	57	123	67	98	121	74	42	21	114	104	30	56	11	57	118	122	29
0	0	20	73	89	35	103	30	90	42	113	95	2	102	21	13	71	2	82	86	10	58	48	6	27	93	10	85	101	122	103	123	10	108	13	25	55	54	4	100	34	70	55	8	75	79	97	11	129	5	126	116	2	129	8	87	47	100	87	32	34	13	109	23	28	42	33	12	75	76	6	78	99	98	58	6	32	11	98	27	34	44	34	54	112	50	108	44	55	122	108	101	96	56	112	49	20	71	33	81	80	122	81	50	49	102	53	35	4	7	12	129	110	72	118	82	13	33	35	64	97	43	41	123	32	50	126	31
0	0	0	55	21	100	57	24	95	51	11	66	14	108	58	125	120	20	40	63	122	113	90	96	4	106	101	22	80	60	12	56	36	97	47	98	94	69	117	88	54	39	34	119	23	95	83	16	33	85	48	29	5	105	77	8	14	25	65	27	46	85	84	97	123	130	41	73	38	127	67	43	55	55	118	48	15	22	7	22	17	82	113	28	38	123	88	76	109	113	23	129	10	88	113	7	121	15	25	121	23	66	109	53	94	84	116	83	57	3	117	122	39	33	36	43	42	6	91	47	93	36	85	120	129	24	100	60
0	0	0	0	106	63	38	72	102	32	91	62	76	28	17	104	78	12	73	84	31	54	87	49	25	52	24	95	5	68	128	54	126	66	2	123	116	94	102	67	78	98	92	54	129	91	22	121	9	41	23	109	14	72	109	115	65	56	52	59	109	29	119	93	85	4	20	13	65	33	30	7	89	75	62	93	52	56	115	104	7	11	55	66	126	3	101	101	12	16	81	18	34	49	68	122	99	104	22	72	10	124	37	57	108	93	71	104	20	58	79	48	68	26	48	14	28	84	6	109	6	44	65	116	50	43	72	28
0	0	0	0	0	79	51	45	41	129	108	12	33	86	116	15	111	79	129	125	9	30	124	16	78	37	122	121	83	74	27	83	83	99	56	68	96	100	34	122	119	79	107	124	57	92	19	25	107	45	72	93	41	50	109	117	38	51	49	10	25	94	49	45	93	54	42	89	127	128	99	9	73	102	117	90	111	110	82	121	23	129	93	60	117	89	31	78	19	131	53	8	117	5	117	104	70	69	96	42	21	129	3	87	110	61	55	116	25	93	94	18	52	27	5	118	97	49	69	62	106	92	75	108	16	44	81	107
0	0	0	0	0	0	125	9	62	122	111	104	75	123	106	53	89	51	58	122	6	97	44	90	22	19	36	35	119	17	14	39	62	66	129	101	97	81	119	67	84	102	25	80	57	77	54	61	113	69	52	97	36	85	62	69	62	20	124	93	112	91	33	90	70	84	99	129	108	80	108	118	76	25	102	83	39	47	132	126	103	127	90	3	103	130	52	83	60	20	49	34	96	86	7	62	79	84	38	9	111	127	57	110	29	89	101	37	98	22	84	15	127	41	12	130	30	129	118	6	63	122	70	89	6	102	20	120
0	0	0	0	0	0	0	117	31	45	55	26	127	75	78	100	82	6	58	34	131	57	116	131	126	60	90	59	98	9	31	26	64	70	64	61	131	58	77	85	19	68	97	4	7	104	97	125	59	115	13	127	129	11	106	125	47	42	29	46	14	63	15	18	94	28	80	104	26	31	40	41	93	101	10	51	48	30	111	67	62	29	42	130	83	123	27	41	55	112	37	15	90	58	102	130	100	27	100	96	39	129	126	9	34	113	24	45	78	46	74	127	114	45	58	99	68	35	14	99	4	95	126	113	99	26	91	100
0	0	0	0	0	0	0	0	80	43	109	9	29	48	92	30	120	51	87	90	119	29	7	47	114	24	116	42	92	75	105	101	27	113	87	79	35	111	13	132	28	52	59	42	104	115	68	30	130	69	60	76	33	24	47	35	23	85	62	22	50	48	9	38	9	72	65	121	93	22	95	35	113	126	67	94	38	108	13	116	120	71	89	61	52	130	34	104	19	89	53	38	36	62	95	32	71	110	98	14	94	63	54	16	6	49	13	111	117	48	83	19	79	56	21	56	104	78	44	127	66	15	88	129	106	56	55	64
0	0	0	0	0	0	0	0	0	122	97	18	116	88	50	51	135	68	112	98	65	127	70	95	96	85	66	26	97	118	114	125	56	86	66	13	61	27	90	67	16	73	11	86	28	85	10	20	71	56	78	90	27	27	83	91	76	44	47	102	14	55	49	66	97	105	50	2	21	24	66	130	97	12	79	127	121	87	73	120	78	131	30	124	6	21	76	131	105	46	63	31	89	13	57	6	113	85	2	128	30	80	88	64	24	68	133	109	30	131	85	39	131	38	4	116	53	30	43	41	15	69	35	57	55	128	30	76
0	0	0	0	0	0	0	0	0	0	86	115	36	110	128	41	50	69	88	40	59	61	45	29	59	29	43	100	61	23	77	10	59	78	51	46	24	59	65	71	57	121	38	82	121	75	38	78	25	59	94	9	125	64	32	116	97	36	55	44	69	33	106	81	121	126	96	24	47	77	54	35	86	44	51	41	50	2	53	122	90	74	35	14	71	34	58	23	74	65	94	74	69	74	106	85	62	73	32	17	37	96	86	63	93	81	54	103	27	11	17	98	15	47	15	124	29	19	112	74	45	82	73	102	80	46	74	93
0	0	0	0	0	0	0	0	0	0	0	117	127	34	47	132	16	135	30	130	14	9	120	76	71	60	114	131	100	87	75	43	27	97	43	110	17	114	94	63	35	118	48	72	42	115	95	21	108	71	14	118	123	71	34	133	57	17	41	129	41	91	58	99	105	54	107	125	90	18	126	28	89	18	114	31	61	27	82	82	132	125	118	127	127	47	32	25	83	57	42	45	74	133	101	35	67	81	118	25	77	23	68	73	101	102	26	51	126	70	79	60	104	117	61	10	96	25	13	43	71	81	103	25	58	44	58	131
0	0	0	0	0	0	0	0	0	0	0	0	36	103	78	36	40	17	23	123	5	32	34	72	86	115	136	12	86	121	95	57	106	114	15	46	37	5	49	63	56	33	61	24	34	44	34	55	22	53	101	72	34	61	91	75	48	128	72	124	128	95	126	119	26	9	48	63	128	64	126	34	60	53	47	53	95	127	70	20	73	33	37	43	111	44	20	17	57	71	118	80	61	140	136	26	113	79	73	93	108	24	22	95	130	62	61	128	121	64	84	111	85	76	122	64	59	126	45	7	31	75	109	34	55	67	21	114
0	0	0	0	0	0	0	0	0	0	0	0	0	98	14	116	73	75	118	70	10	27	26	87	25	17	66	105	40	104	65	52	54	98	73	65	101	113	63	107	96	89	136	61	20	87	78	95	107	111	89	132	114	71	99	50	77	76	103	23	24	38	18	77	112	112	136	104	15	112	116	49	108	57	59	80	24	94	75	45	92	18	132	106	28	20	58	101	122	19	64	129	92	45	103	12	73	103	84	129	107	84	96	115	98	78	15	98	55	15	83	123	92	26	94	13	30	84	38	82	34	99	80	39	18	99	49	9
0	0	0	0	0	0	0	0	0	0	0	0	0	0	97	25	33	55	57	48	62	107	76	125	116	58	122	142	64	36	45	49	12	90	111	22	98	89	42	109	141	6	109	49	105	115	82	35	95	19	101	65	30	63	77	60	29	59	52	108	62	13	96	100	79	80	105	87	126	31	52	113	37	71	31	135	11	27	9	77	7	102	81	137	31	11	82	70	79	96	117	35	9	108	99	43	10	75	79	129	23	16	56	9	98	31	70	110	111	39	79	115	37	76	109	117	50	85	26	97	63	20	108	58	89	51	110	123
0	0	0	0	0	0	0	0	0	0	0	0	0	0	0	12	66	58	38	33	25	76	22	105	108	75	66	113	52	136	71	59	81	25	141	97	126	88	125	92	95	28	24	72	91	65	20	33	133	65	30	111	62	14	71	89	46	53	47	136	23	55	94	66	125	104	127	121	105	66	62	118	121	45	55	61	104	31	128	33	35	80	10	51	54	93	129	65	13	106	27	138	79	110	54	113	57	41	115	73	26	71	101	123	16	51	29	77	6	81	12	103	98	25	16	39	53	133	46	52	129	113	106	89	95	90	114	52
0	0	0	0	0	0	0	0	0	0	0	0	0	0	0	0	18	76	46	24	33	108	120	85	118	47	24	26	45	122	44	117	58	25	8	76	43	49	45	90	12	53	56	107	24	87	118	120	126	120	103	48	32	20	121	112	12	85	84	12	70	42	113	26	134	15	55	120	107	26	63	113	71	36	64	132	32	131	29	22	73	21	81	104	135	78	43	37	126	112	19	100	80	80	124	94	32	32	8	76	90	69	32	100	127	25	120	121	60	126	93	75	79	24	104	45	117	20	105	100	19	101	114	59	4	65	67	24
0	0	0	0	0	0	0	0	0	0	0	0	0	0	0	0	0	105	127	18	46	70	79	83	140	49	25	55	55	29	16	91	45	114	103	25	64	70	130	15	78	26	55	95	87	36	71	115	48	33	62	40	76	64	43	15	100	58	55	10	104	29	82	112	129	79	142	26	114	99	117	67	90	28	61	69	60	72	47	60	12	103	75	65	67	38	97	111	90	89	120	34	130	85	81	51	58	60	141	23	47	44	64	91	6	88	102	72	70	101	129	24	114	58	103	124	83	34	32	88	143	89	38	27	107	17	45	53
0	0	0	0	0	0	0	0	0	0	0	0	0	0	0	0	0	0	31	116	125	136	98	23	134	22	91	99	41	27	106	40	119	134	72	47	60	39	133	88	113	90	98	127	73	120	102	90	58	95	111	65	89	12	122	46	134	128	126	55	123	118	28	12	71	93	62	122	113	111	81	42	125	81	100	46	99	34	20	21	107	20	124	126	73	92	67	8	29	59	98	54	10	66	113	120	111	103	144	12	129	56	78	110	118	84	84	117	124	53	81	61	124	49	71	68	124	99	89	66	132	100	108	96	78	71	128	73
0	0	0	0	0	0	0	0	0	0	0	0	0	0	0	0	0	0	0	122	47	120	89	52	105	67	21	90	59	41	62	117	121	84	67	134	122	24	103	92	95	42	84	79	84	112	67	82	15	55	59	92	86	140	96	35	78	133	111	121	75	88	115	45	29	93	20	112	7	116	109	137	110	92	46	57	124	69	113	110	82	29	66	97	56	21	77	133	32	131	79	120	101	130	97	83	137	68	90	135	76	116	51	91	45	125	118	20	110	44	32	50	118	49	57	14	100	25	111	59	113	25	123	73	39	96	27	105
0	0	0	0	0	0	0	0	0	0	0	0	0	0	0	0	0	0	0	0	49	131	81	87	86	109	39	78	62	125	110	65	129	105	136	64	22	95	61	32	129	133	60	94	80	115	128	68	112	77	83	127	121	94	131	40	26	134	76	62	121	87	115	134	59	33	79	40	35	51	127	61	127	82	104	17	84	110	125	104	29	56	75	88	51	71	10	26	99	72	123	6	74	37	71	80	14	39	118	69	36	31	35	81	36	116	94	100	59	113	84	63	65	118	124	67	33	96	99	80	131	118	140	85	65	134	46	76
0	0	0	0	0	0	0	0	0	0	0	0	0	0	0	0	0	0	0	0	0	84	17	91	21	72	71	41	130	73	46	36	5	88	30	80	116	115	68	105	83	58	19	123	97	86	75	24	82	43	105	57	98	112	83	60	35	9	111	126	64	55	135	137	108	32	128	62	88	126	81	121	104	105	110	92	71	44	30	64	46	118	30	71	134	28	135	18	82	107	44	15	25	102	62	99	105	35	85	23	99	36	40	39	108	43	24	90	66	22	102	131	61	15	119	24	32	50	41	66	29	23	68	32	135	113	33	52
0	0	0	0	0	0	0	0	0	0	0	0	0	0	0	0	0	0	0	0	0	0	30	27	57	27	111	62	72	84	54	58	62	121	138	26	112	33	120	13	32	119	73	117	81	41	79	89	25	81	60	31	117	45	84	73	125	70	35	66	29	76	135	19	51	102	23	71	62	106	100	54	89	101	25	41	29	112	76	110	115	69	49	73	114	19	60	66	112	24	23	66	37	21	82	21	82	114	38	55	68	138	32	40	131	131	82	115	134	84	121	129	110	33	36	122	41	56	33	105	25	126	112	132	121	113	60	71
0	0	0	0	0	0	0	0	0	0	0	0	0	0	0	0	0	0	0	0	0	0	0	109	48	99	51	19	133	130	46	88	79	87	115	51	51	36	50	54	37	117	57	119	73	102	82	45	51	97	45	127	105	13	39	95	124	51	42	57	82	60	121	85	117	76	26	129	98	120	81	41	23	145	121	58	125	26	64	82	39	92	58	62	13	134	68	44	21	87	23	70	61	61	20	136	47	106	63	112	76	125	59	130	88	119	99	62	40	37	136	18	20	82	85	58	115	127	6	74	24	20	31	66	68	110	55	27
0	0	0	0	0	0	0	0	0	0	0	0	0	0	0	0	0	0	0	0	0	0	0	0	80	71	60	34	57	82	100	35	71	30	85	90	31	127	29	109	83	18	17	19	80	53	71	54	100	29	119	138	99	24	35	56	80	28	106	82	87	117	50	47	110	93	48	56	48	70	23	87	90	63	147	29	108	99	20	72	92	85	127	76	134	53	57	98	79	39	124	64	25	108	78	42	43	51	94	81	85	64	62	34	127	103	96	59	116	54	63	87	29	56	82	119	13	130	69	32	56	74	85	28	22	102	51	71
0	0	0	0	0	0	0	0	0	0	0	0	0	0	0	0	0	0	0	0	0	0	0	0	0	93	65	19	122	113	36	72	141	71	46	120	13	60	65	124	90	39	120	102	64	118	123	19	93	65	58	111	23	39	32	81	11	78	76	130	70	43	100	37	60	15	84	129	39	94	58	135	136	13	74	112	47	27	126	62	62	91	45	144	120	34	61	113	67	73	56	93	34	143	58	28	32	90	105	105	77	61	106	73	43	39	39	108	147	21	88	54	32	146	128	33	81	78	72	54	65	117	132	51	139	108	101	132
0	0	0	0	0	0	0	0	0	0	0	0	0	0	0	0	0	0	0	0	0	0	0	0	0	0	135	103	50	58	89	40	94	31	134	147	103	22	132	102	140	89	135	49	23	55	67	38	31	103	120	78	57	48	132	131	11	91	87	19	46	81	74	22	71	32	121	27	40	76	38	46	103	69	80	131	129	139	58	143	58	56	52	50	22	101	47	147	90	40	51	124	43	87	120	88	79	64	48	98	98	36	121	43	76	50	76	144	26	21	130	95	52	131	86	48	30	95	41	108	132	120	52	32	27	73	111	101
0	0	0	0	0	0	0	0	0	0	0	0	0	0	0	0	0	0	0	0	0	0	0	0	0	0	0	35	50	21	52	33	88	16	105	46	141	111	71	60	89	63	83	119	128	51	134	25	115	125	127	13	111	31	17	127	56	79	53	89	92	64	28	60	119	83	136	21	107	74	98	106	21	129	89	137	86	44	39	130	108	153	48	70	83	111	106	116	110	136	68	49	113	58	42	10	18	44	124	94	57	102	124	94	94	87	49	83	99	95	65	96	117	46	93	52	49	26	136	48	25	87	76	32	148	118	83	85
0	0	0	0	0	0	0	0	0	0	0	0	0	0	0	0	0	0	0	0	0	0	0	0	0	0	0	0	41	127	101	98	22	112	31	30	126	32	132	127	32	119	47	48	91	51	136	46	86	106	24	69	33	95	37	145	25	33	58	69	9	27	38	71	15	10	110	92	65	71	71	44	31	55	71	126	36	131	82	35	33	46	50	29	97	82	119	55	117	136	122	37	123	41	33	79	29	71	31	19	79	93	105	103	135	28	100	17	94	97	131	108	124	72	72	84	85	122	117	50	5	104	108	116	32	96	44	129
0	0	0	0	0	0	0	0	0	0	0	0	0	0	0	0	0	0	0	0	0	0	0	0	0	0	0	0	0	117	122	138	76	19	53	36	111	13	79	55	97	113	101	74	131	76	22	37	120	22	26	70	7	66	128	131	57	38	145	128	87	101	143	45	78	72	5	97	33	70	115	80	75	154	60	17	108	132	48	88	85	27	46	145	18	51	103	63	128	97	119	110	67	124	106	103	88	131	140	35	127	139	17	50	110	70	110	24	85	79	22	125	106	18	82	114	95	116	108	100	104	44	40	138	25	54	88	48
0	0	0	0	0	0	0	0	0	0	0	0	0	0	0	0	0	0	0	0	0	0	0	0	0	0	0	0	0	0	102	85	129	79	120	131	72	125	80	71	119	92	31	55	64	121	120	77	111	91	91	75	70	95	37	146	113	141	124	102	33	112	72	60	78	96	57	111	62	61	122	76	58	22	48	54	108	100	96	59	110	134	101	121	47	110	68	75	106	124	49	48	67	78	67	44	71	76	83	23	97	41	114	40	69	49	65	69	27	119	125	90	29	61	71	119	15	23	33	76	81	42	91	89	134	40	82	46
0	0	0	0	0	0	0	0	0	0	0	0	0	0	0	0	0	0	0	0	0	0	0	0	0	0	0	0	0	0	0	71	111	22	115	37	47	96	89	46	153	92	30	137	62	75	20	55	118	79	130	41	142	46	97	23	88	124	103	88	27	47	92	7	119	98	36	128	153	41	98	55	87	112	59	118	79	74	87	29	57	138	100	101	68	150	58	80	74	47	122	150	143	19	23	38	89	51	151	56	123	76	82	11	30	67	121	26	68	95	125	44	66	98	82	23	94	38	39	66	46	129	40	123	100	103	32	130
0	0	0	0	0	0	0	0	0	0	0	0	0	0	0	0	0	0	0	0	0	0	0	0	0	0	0	0	0	0	0	0	60	136	160	111	97	27	139	94	141	28	138	20	34	27	92	19	120	116	124	116	103	140	116	25	70	18	24	34	139	52	33	139	71	151	148	60	45	43	102	91	124	76	112	41	90	60	32	119	55	42	17	52	110	107	25	34	101	132	48	153	136	74	88	125	60	141	42	133	10	57	60	105	42	100	132	118	80	60	33	85	85	138	67	127	68	88	138	85	116	101	148	104	54	59	85	76
0	0	0	0	0	0	0	0	0	0	0	0	0	0	0	0	0	0	0	0	0	0	0	0	0	0	0	0	0	0	0	0	0	51	82	25	130	64	105	83	53	133	72	133	64	40	43	58	113	36	17	81	87	153	110	31	112	122	19	72	51	18	70	94	31	88	92	140	42	108	129	151	117	22	80	95	136	141	41	139	66	126	78	63	66	92	32	98	117	25	26	127	142	16	82	112	102	54	58	140	98	92	45	25	54	58	124	56	126	43	99	103	58	80	70	75	105	99	95	81	94	128	32	80	92	134	40	75
0	0	0	0	0	0	0	0	0	0	0	0	0	0	0	0	0	0	0	0	0	0	0	0	0	0	0	0	0	0	0	0	0	0	81	45	81	99	64	35	111	120	56	37	109	64	61	51	34	44	121	85	141	108	28	37	111	26	38	28	107	15	125	35	94	70	104	21	23	45	146	133	101	81	86	96	17	60	123	45	69	78	87	46	69	117	72	61	77	74	23	74	70	105	117	28	111	111	33	69	41	43	94	48	42	32	52	130	133	113	92	47	48	30	100	82	107	70	29	138	71	56	138	112	116	105	137	47
0	0	0	0	0	0	0	0	0	0	0	0	0	0	0	0	0	0	0	0	0	0	0	0	0	0	0	0	0	0	0	0	0	0	0	60	87	96	95	83	2	130	47	100	55	89	36	81	75	58	113	101	24	132	103	83	111	82	102	35	19	49	45	48	49	124	73	78	72	55	115	76	133	99	79	89	38	61	89	57	103	118	84	156	70	112	107	43	87	74	78	67	116	125	54	159	54	97	99	146	60	130	30	42	131	74	131	45	118	110	107	120	111	23	133	26	74	90	150	59	126	15	99	61	133	76	59	55
0	0	0	0	0	0	0	0	0	0	0	0	0	0	0	0	0	0	0	0	0	0	0	0	0	0	0	0	0	0	0	0	0	0	0	0	64	123	108	116	53	107	124	88	65	131	31	119	139	136	134	72	84	105	129	30	33	48	54	76	35	26	38	40	138	33	39	98	156	15	143	102	84	50	32	18	75	121	99	65	134	65	120	123	64	143	114	97	61	153	127	104	91	120	113	132	36	124	79	115	34	51	79	120	31	125	99	86	123	31	42	140	79	132	115	33	68	142	91	28	51	112	26	68	140	134	89	105
0	0	0	0	0	0	0	0	0	0	0	0	0	0	0	0	0	0	0	0	0	0	0	0	0	0	0	0	0	0	0	0	0	0	0	0	0	115	132	88	104	83	111	76	142	21	97	118	75	76	24	106	127	42	77	40	69	129	159	41	46	60	130	71	68	66	14	85	91	136	100	50	56	99	120	22	61	43	11	95	67	135	149	79	14	86	90	40	115	89	31	90	138	113	122	111	22	86	94	95	143	70	48	121	96	120	46	135	100	128	55	27	46	79	7	56	31	59	138	89	93	106	132	89	131	55	127	83
0	0	0	0	0	0	0	0	0	0	0	0	0	0	0	0	0	0	0	0	0	0	0	0	0	0	0	0	0	0	0	0	0	0	0	0	0	0	144	131	39	51	62	116	48	110	52	50	87	124	116	55	84	79	76	110	28	80	143	131	87	29	6	130	125	14	53	145	102	86	92	35	24	99	149	117	88	89	111	52	70	138	152	124	38	103	90	107	91	26	151	65	42	102	46	62	23	93	57	142	94	22	53	105	63	40	46	128	101	44	21	41	55	41	62	108	134	133	74	104	130	97	49	80	34	124	20	69
0	0	0	0	0	0	0	0	0	0	0	0	0	0	0	0	0	0	0	0	0	0	0	0	0	0	0	0	0	0	0	0	0	0	0	0	0	0	0	104	126	78	80	93	26	118	143	119	116	87	73	28	125	87	56	47	86	124	129	141	119	75	55	66	65	61	73	47	101	136	132	34	103	117	22	81	100	33	15	146	137	50	55	52	33	107	108	106	72	124	113	143	131	16	37	66	113	131	39	48	25	99	68	125	79	20	131	12	133	43	79	69	51	137	3	90	68	79	47	85	62	137	93	58	60	117	50	139
0	0	0	0	0	0	0	0	0	0	0	0	0	0	0	0	0	0	0	0	0	0	0	0	0	0	0	0	0	0	0	0	0	0	0	0	0	0	0	0	140	79	116	41	121	84	77	112	59	83	120	115	105	58	55	39	81	76	129	56	70	105	50	114	84	73	116	10	46	78	7	78	74	98	43	59	113	109	25	122	34	60	151	68	74	158	110	28	71	94	55	89	53	69	65	84	98	81	28	147	132	92	70	120	86	41	62	117	158	133	151	129	51	95	27	71	99	74	91	47	87	76	152	96	134	28	106	138
0	0	0	0	0	0	0	0	0	0	0	0	0	0	0	0	0	0	0	0	0	0	0	0	0	0	0	0	0	0	0	0	0	0	0	0	0	0	0	0	0	123	135	35	32	129	82	103	135	104	121	29	86	142	54	51	61	120	90	66	109	64	76	42	120	53	70	52	136	70	112	101	95	103	73	130	100	136	155	63	102	23	91	31	57	99	126	142	71	48	45	114	63	28	76	13	50	85	53	95	120	15	55	111	161	35	57	130	97	127	69	128	80	79	37	72	91	95	79	105	139	64	75	14	128	57	129	118
0	0	0	0	0	0	0	0	0	0	0	0	0	0	0	0	0	0	0	0	0	0	0	0	0	0	0	0	0	0	0	0	0	0	0	0	0	0	0	0	0	0	76	134	80	138	77	44	136	82	16	114	64	135	63	38	93	61	114	149	70	119	72	57	114	73	121	59	59	113	135	17	32	53	88	124	122	116	141	59	17	19	111	22	89	90	130	39	134	89	116	169	76	101	69	83	160	43	115	118	90	116	73	117	46	39	63	65	85	61	25	38	52	82	92	6	118	97	36	135	33	119	36	34	117	95	91	144
0	0	0	0	0	0	0	0	0	0	0	0	0	0	0	0	0	0	0	0	0	0	0	0	0	0	0	0	0	0	0	0	0	0	0	0	0	0	0	0	0	0	0	57	123	130	102	19	149	17	60	27	135	57	96	64	105	56	141	93	133	101	136	55	106	23	64	59	18	141	10	95	86	102	75	157	80	74	146	40	46	59	40	77	86	79	116	86	36	126	105	73	43	67	90	103	42	90	53	157	93	45	33	46	104	3	127	121	111	123	87	90	81	137	86	92	86	10	107	85	99	21	32	67	90	100	39	103
0	0	0	0	0	0	0	0	0	0	0	0	0	0	0	0	0	0	0	0	0	0	0	0	0	0	0	0	0	0	0	0	0	0	0	0	0	0	0	0	0	0	0	0	94	142	43	74	74	44	39	75	136	82	88	97	35	80	151	85	29	103	157	44	86	64	74	142	84	92	13	18	39	72	121	79	120	131	48	139	4	22	169	90	39	101	36	52	10	102	97	42	88	141	83	92	142	35	136	97	58	144	98	66	47	100	78	71	46	116	109	84	105	85	127	121	122	122	131	60	79	140	75	68	132	141	140	97
0	0	0	0	0	0	0	0	0	0	0	0	0	0	0	0	0	0	0	0	0	0	0	0	0	0	0	0	0	0	0	0	0	0	0	0	0	0	0	0	0	0	0	0	0	123	121	23	67	90	138	116	108	103	134	138	49	30	154	155	51	75	59	119	120	138	73	157	92	89	30	30	66	90	57	120	58	66	121	96	102	120	81	10	100	104	19	119	51	168	97	94	76	33	28	118	101	109	117	71	87	142	60	42	127	138	138	102	130	38	74	135	101	96	124	64	40	97	81	102	89	59	78	160	78	79	157	138
0	0	0	0	0	0	0	0	0	0	0	0	0	0	0	0	0	0	0	0	0	0	0	0	0	0	0	0	0	0	0	0	0	0	0	0	0	0	0	0	0	0	0	0	0	0	64	132	157	97	119	36	21	100	89	118	34	126	133	77	134	124	85	43	146	155	41	89	150	63	117	42	108	62	71	145	133	67	50	51	104	73	135	14	90	115	119	127	53	93	78	13	99	140	76	113	145	60	67	89	114	35	141	115	123	103	133	91	131	146	144	56	115	115	128	26	141	66	131	116	37	86	129	96	95	132	93	108
0	0	0	0	0	0	0	0	0	0	0	0	0	0	0	0	0	0	0	0	0	0	0	0	0	0	0	0	0	0	0	0	0	0	0	0	0	0	0	0	0	0	0	0	0	0	0	71	68	152	155	128	83	39	143	27	125	58	101	22	128	49	29	136	91	101	85	22	56	131	78	86	152	80	140	75	45	133	163	59	134	61	100	41	45	75	114	145	145	92	136	36	14	73	103	104	64	83	28	35	163	139	73	28	132	78	126	95	120	32	91	15	38	131	35	62	119	83	113	95	126	110	31	33	107	150	157	92
0	0	0	0	0	0	0	0	0	0	0	0	0	0	0	0	0	0	0	0	0	0	0	0	0	0	0	0	0	0	0	0	0	0	0	0	0	0	0	0	0	0	0	0	0	0	0	0	50	158	99	111	73	115	20	78	82	64	88	164	79	147	71	54	73	17	50	110	51	45	64	46	45	124	58	100	74	47	86	161	40	63	134	71	136	100	68	95	144	43	164	96	40	66	101	37	123	67	44	134	49	125	45	102	117	64	123	103	158	151	74	113	63	141	12	66	53	52	162	60	55	127	15	107	141	121	85	43
0	0	0	0	0	0	0	0	0	0	0	0	0	0	0	0	0	0	0	0	0	0	0	0	0	0	0	0	0	0	0	0	0	0	0	0	0	0	0	0	0	0	0	0	0	0	0	0	0	83	101	94	129	140	143	94	113	79	57	49	94	14	50	124	105	149	34	131	66	102	62	128	118	6	142	115	115	173	29	135	80	138	86	115	119	126	119	131	139	162	51	65	72	83	147	154	79	59	162	81	93	95	103	167	56	129	99	31	152	27	116	150	117	124	95	42	61	92	120	84	46	10	59	127	89	156	37	131
0	0	0	0	0	0	0	0	0	0	0	0	0	0	0	0	0	0	0	0	0	0	0	0	0	0	0	0	0	0	0	0	0	0	0	0	0	0	0	0	0	0	0	0	0	0	0	0	0	0	30	137	16	55	85	15	82	34	24	80	82	79	116	25	104	103	61	91	104	47	43	160	54	69	148	121	93	51	95	28	151	86	111	159	124	37	97	114	85	65	50	16	4	113	54	81	105	140	79	57	129	126	114	61	133	121	91	53	143	37	48	28	71	162	67	49	80	158	67	12	74	174	50	26	45	151	73	142
0	0	0	0	0	0	0	0	0	0	0	0	0	0	0	0	0	0	0	0	0	0	0	0	0	0	0	0	0	0	0	0	0	0	0	0	0	0	0	0	0	0	0	0	0	0	0	0	0	0	0	120	34	168	50	32	63	74	99	110	63	103	46	46	61	41	25	67	131	71	118	61	107	33	75	56	53	137	171	59	38	128	56	70	97	46	75	64	88	84	150	97	60	142	110	130	78	46	175	152	50	111	84	89	68	119	132	52	151	61	77	70	38	23	104	138	126	112	75	142	19	84	73	117	98	27	59	53
0	0	0	0	0	0	0	0	0	0	0	0	0	0	0	0	0	0	0	0	0	0	0	0	0	0	0	0	0	0	0	0	0	0	0	0	0	0	0	0	0	0	0	0	0	0	0	0	0	0	0	0	106	28	24	119	8	68	30	99	130	154	42	112	130	127	78	92	132	62	49	87	116	97	104	62	60	106	39	105	143	89	107	113	105	80	66	107	129	90	119	138	71	59	110	87	144	25	58	45	98	71	119	48	19	61	142	159	52	103	48	127	108	85	6	96	120	124	17	113	21	56	100	78	134	95	72	14
0	0	0	0	0	0	0	0	0	0	0	0	0	0	0	0	0	0	0	0	0	0	0	0	0	0	0	0	0	0	0	0	0	0	0	0	0	0	0	0	0	0	0	0	0	0	0	0	0	0	0	0	0	36	81	75	27	114	129	131	94	46	129	103	112	116	82	42	68	48	98	128	73	75	26	176	119	101	19	101	60	67	66	70	29	36	108	79	151	120	120	68	21	42	93	148	124	111	82	139	117	29	153	35	49	153	45	98	58	152	135	103	151	141	53	76	117	154	107	148	123	99	124	89	170	122	70	71
0	0	0	0	0	0	0	0	0	0	0	0	0	0	0	0	0	0	0	0	0	0	0	0	0	0	0	0	0	0	0	0	0	0	0	0	0	0	0	0	0	0	0	0	0	0	0	0	0	0	0	0	0	0	57	86	119	62	96	127	135	146	147	55	84	83	43	135	125	65	121	44	109	97	119	138	110	33	57	129	47	72	36	47	99	37	143	130	54	117	108	127	100	135	65	134	72	170	152	9	146	159	113	149	10	95	105	70	112	105	114	53	108	104	89	117	71	81	59	46	89	78	95	50	97	114	64	107
0	0	0	0	0	0	0	0	0	0	0	0	0	0	0	0	0	0	0	0	0	0	0	0	0	0	0	0	0	0	0	0	0	0	0	0	0	0	0	0	0	0	0	0	0	0	0	0	0	0	0	0	0	0	0	121	75	114	141	108	161	173	131	134	135	56	129	109	110	26	96	61	64	139	150	97	21	62	65	156	175	66	144	92	137	72	142	133	13	162	112	99	167	64	134	58	101	119	69	59	97	64	134	67	132	152	120	102	55	136	156	76	79	22	148	125	100	164	128	47	22	72	165	149	154	98	126	154
0	0	0	0	0	0	0	0	0	0	0	0	0	0	0	0	0	0	0	0	0	0	0	0	0	0	0	0	0	0	0	0	0	0	0	0	0	0	0	0	0	0	0	0	0	0	0	0	0	0	0	0	0	0	0	0	92	107	89	50	113	94	143	71	15	101	108	51	54	136	177	146	70	151	153	137	139	139	18	131	93	118	65	114	110	109	49	94	31	71	106	118	43	103	97	129	92	69	153	64	75	26	73	105	124	76	91	182	96	127	158	90	78	87	131	153	98	73	126	83	92	43	103	53	108	44	151	43
0	0	0	0	0	0	0	0	0	0	0	0	0	0	0	0	0	0	0	0	0	0	0	0	0	0	0	0	0	0	0	0	0	0	0	0	0	0	0	0	0	0	0	0	0	0	0	0	0	0	0	0	0	0	0	0	0	119	73	59	113	99	128	47	102	173	150	131	135	114	141	124	103	148	144	148	124	97	124	12	90	168	65	175	146	124	141	80	153	169	72	44	105	106	140	101	144	131	74	98	146	121	73	112	71	133	48	139	148	96	93	83	30	95	109	54	79	111	44	35	106	110	167	91	64	157	123	55
0	0	0	0	0	0	0	0	0	0	0	0	0	0	0	0	0	0	0	0	0	0	0	0	0	0	0	0	0	0	0	0	0	0	0	0	0	0	0	0	0	0	0	0	0	0	0	0	0	0	0	0	0	0	0	0	0	0	119	109	130	38	133	21	64	150	100	64	47	60	87	68	108	40	77	45	68	74	141	56	132	67	82	130	130	124	120	119	63	59	41	94	48	121	117	100	140	74	50	145	151	65	66	31	136	62	117	138	36	140	80	115	117	48	92	128	22	98	77	58	76	148	72	68	162	74	91	107
0	0	0	0	0	0	0	0	0	0	0	0	0	0	0	0	0	0	0	0	0	0	0	0	0	0	0	0	0	0	0	0	0	0	0	0	0	0	0	0	0	0	0	0	0	0	0	0	0	0	0	0	0	0	0	0	0	0	0	133	110	125	56	150	24	108	75	71	63	173	79	38	57	170	53	166	32	51	36	50	119	102	94	161	75	78	45	66	103	76	112	121	95	72	68	99	150	174	71	92	135	53	148	81	127	59	60	37	134	70	12	125	115	132	107	144	105	140	49	161	33	73	95	64	66	133	61	99
0	0	0	0	0	0	0	0	0	0	0	0	0	0	0	0	0	0	0	0	0	0	0	0	0	0	0	0	0	0	0	0	0	0	0	0	0	0	0	0	0	0	0	0	0	0	0	0	0	0	0	0	0	0	0	0	0	0	0	0	141	116	138	41	116	161	78	98	69	65	60	49	65	123	130	127	102	113	73	78	54	163	55	91	80	89	79	46	41	96	101	142	152	7	45	90	120	71	49	51	149	60	180	59	129	25	92	150	100	129	58	114	30	158	71	73	127	124	154	134	116	73	60	62	118	79	25	67
0	0	0	0	0	0	0	0	0	0	0	0	0	0	0	0	0	0	0	0	0	0	0	0	0	0	0	0	0	0	0	0	0	0	0	0	0	0	0	0	0	0	0	0	0	0	0	0	0	0	0	0	0	0	0	0	0	0	0	0	0	78	133	63	89	22	117	108	22	78	112	68	110	78	144	37	60	14	21	50	65	141	52	114	86	98	116	97	49	75	47	138	133	25	62	58	114	57	128	174	102	92	57	51	103	85	137	168	61	85	121	143	131	155	152	127	24	113	125	169	149	62	105	176	68	107	161	171
0	0	0	0	0	0	0	0	0	0	0	0	0	0	0	0	0	0	0	0	0	0	0	0	0	0	0	0	0	0	0	0	0	0	0	0	0	0	0	0	0	0	0	0	0	0	0	0	0	0	0	0	0	0	0	0	0	0	0	0	0	0	174	69	79	91	121	110	72	40	156	92	46	105	77	155	110	43	51	47	86	62	64	108	91	139	106	44	50	16	143	31	139	26	94	96	154	88	139	66	173	110	20	98	164	144	110	113	137	62	82	74	57	145	162	103	62	78	134	63	86	8	56	146	92	120	69	45
0	0	0	0	0	0	0	0	0	0	0	0	0	0	0	0	0	0	0	0	0	0	0	0	0	0	0	0	0	0	0	0	0	0	0	0	0	0	0	0	0	0	0	0	0	0	0	0	0	0	0	0	0	0	0	0	0	0	0	0	0	0	0	107	97	144	146	44	125	96	147	54	114	104	137	114	114	104	51	15	130	109	145	20	147	92	114	26	67	114	84	103	72	28	133	99	18	104	137	141	103	159	124	98	121	105	100	97	72	56	80	134	159	131	151	112	165	135	74	64	129	126	133	31	94	111	51	134
0	0	0	0	0	0	0	0	0	0	0	0	0	0	0	0	0	0	0	0	0	0	0	0	0	0	0	0	0	0	0	0	0	0	0	0	0	0	0	0	0	0	0	0	0	0	0	0	0	0	0	0	0	0	0	0	0	0	0	0	0	0	0	0	123	150	44	125	119	169	23	145	98	95	118	32	80	104	122	121	112	84	89	118	103	155	23	79	146	127	122	113	55	68	152	49	48	172	100	171	40	161	112	78	56	69	82	54	104	113	144	89	163	150	126	81	100	66	128	62	99	26	128	43	86	102	48	58
0	0	0	0	0	0	0	0	0	0	0	0	0	0	0	0	0	0	0	0	0	0	0	0	0	0	0	0	0	0	0	0	0	0	0	0	0	0	0	0	0	0	0	0	0	0	0	0	0	0	0	0	0	0	0	0	0	0	0	0	0	0	0	0	0	154	34	31	100	154	129	87	105	54	103	94	110	44	151	118	59	54	60	101	132	167	112	77	161	77	161	101	42	59	149	157	128	73	146	125	141	52	120	45	8	63	46	127	22	152	65	109	91	75	54	48	174	41	44	108	90	161	69	116	79	119	17	133
0	0	0	0	0	0	0	0	0	0	0	0	0	0	0	0	0	0	0	0	0	0	0	0	0	0	0	0	0	0	0	0	0	0	0	0	0	0	0	0	0	0	0	0	0	0	0	0	0	0	0	0	0	0	0	0	0	0	0	0	0	0	0	0	0	0	118	132	77	59	97	142	174	74	55	111	124	62	108	158	24	102	142	75	86	116	104	124	167	94	82	70	176	168	109	90	72	56	102	36	149	52	46	44	110	65	130	164	160	94	42	139	163	126	115	96	119	125	59	87	113	90	168	44	44	69	98	139
0	0	0	0	0	0	0	0	0	0	0	0	0	0	0	0	0	0	0	0	0	0	0	0	0	0	0	0	0	0	0	0	0	0	0	0	0	0	0	0	0	0	0	0	0	0	0	0	0	0	0	0	0	0	0	0	0	0	0	0	0	0	0	0	0	0	0	71	101	124	149	45	130	76	71	96	49	94	165	54	89	123	53	44	86	35	43	82	74	129	58	39	94	170	106	67	171	32	42	123	26	88	132	84	86	34	194	189	146	103	133	89	59	64	77	165	70	67	111	106	103	94	62	141	89	157	126	87
0	0	0	0	0	0	0	0	0	0	0	0	0	0	0	0	0	0	0	0	0	0	0	0	0	0	0	0	0	0	0	0	0	0	0	0	0	0	0	0	0	0	0	0	0	0	0	0	0	0	0	0	0	0	0	0	0	0	0	0	0	0	0	0	0	0	0	0	102	188	112	52	38	153	92	116	92	145	63	190	29	32	48	34	50	161	94	55	46	33	125	57	174	55	100	70	99	69	123	20	78	78	70	33	121	141	113	30	106	77	69	93	180	112	62	68	72	141	50	27	150	40	90	55	116	136	97	65
0	0	0	0	0	0	0	0	0	0	0	0	0	0	0	0	0	0	0	0	0	0	0	0	0	0	0	0	0	0	0	0	0	0	0	0	0	0	0	0	0	0	0	0	0	0	0	0	0	0	0	0	0	0	0	0	0	0	0	0	0	0	0	0	0	0	0	0	0	120	97	108	52	45	159	120	31	83	105	145	94	113	130	53	162	84	51	136	176	96	135	118	86	40	59	60	77	63	152	27	121	154	113	80	23	141	49	116	96	111	76	52	131	86	39	75	146	95	105	69	78	48	144	120	168	19	117	182
0	0	0	0	0	0	0	0	0	0	0	0	0	0	0	0	0	0	0	0	0	0	0	0	0	0	0	0	0	0	0	0	0	0	0	0	0	0	0	0	0	0	0	0	0	0	0	0	0	0	0	0	0	0	0	0	0	0	0	0	0	0	0	0	0	0	0	0	0	0	151	117	89	132	64	70	36	64	106	98	60	157	111	19	106	119	69	169	130	143	68	122	107	50	102	153	145	104	137	144	49	106	100	72	70	143	103	113	113	105	65	62	126	94	151	38	113	23	120	105	80	126	36	139	27	104	115	98
0	0	0	0	0	0	0	0	0	0	0	0	0	0	0	0	0	0	0	0	0	0	0	0	0	0	0	0	0	0	0	0	0	0	0	0	0	0	0	0	0	0	0	0	0	0	0	0	0	0	0	0	0	0	0	0	0	0	0	0	0	0	0	0	0	0	0	0	0	0	0	80	119	101	164	122	168	130	127	177	169	150	132	124	89	68	92	35	132	108	130	167	122	38	121	112	103	65	150	57	79	82	96	149	66	63	119	62	121	125	100	70	125	172	138	140	44	183	68	86	96	52	95	157	181	179	161	137
0	0	0	0	0	0	0	0	0	0	0	0	0	0	0	0	0	0	0	0	0	0	0	0	0	0	0	0	0	0	0	0	0	0	0	0	0	0	0	0	0	0	0	0	0	0	0	0	0	0	0	0	0	0	0	0	0	0	0	0	0	0	0	0	0	0	0	0	0	0	0	0	82	67	136	131	91	78	103	115	21	127	82	31	126	49	128	79	132	149	114	63	76	73	116	158	170	190	181	95	113	165	141	130	79	43	116	145	83	55	127	67	43	166	150	104	27	175	80	79	34	95	58	81	153	63	130	24
0	0	0	0	0	0	0	0	0	0	0	0	0	0	0	0	0	0	0	0	0	0	0	0	0	0	0	0	0	0	0	0	0	0	0	0	0	0	0	0	0	0	0	0	0	0	0	0	0	0	0	0	0	0	0	0	0	0	0	0	0	0	0	0	0	0	0	0	0	0	0	0	0	116	64	103	82	165	120	26	105	161	88	139	91	154	143	160	47	128	110	88	113	106	100	101	86	71	63	29	97	73	134	172	56	28	96	94	35	114	45	114	48	59	82	40	149	135	175	154	102	119	155	125	100	106	73	116
0	0	0	0	0	0	0	0	0	0	0	0	0	0	0	0	0	0	0	0	0	0	0	0	0	0	0	0	0	0	0	0	0	0	0	0	0	0	0	0	0	0	0	0	0	0	0	0	0	0	0	0	0	0	0	0	0	0	0	0	0	0	0	0	0	0	0	0	0	0	0	0	0	0	182	37	98	163	106	163	183	99	187	103	176	69	42	105	109	189	116	102	136	136	99	59	46	126	65	87	143	123	74	155	153	29	116	161	107	62	187	128	106	108	178	167	136	124	80	143	104	53	131	69	50	129	100	97
0	0	0	0	0	0	0	0	0	0	0	0	0	0	0	0	0	0	0	0	0	0	0	0	0	0	0	0	0	0	0	0	0	0	0	0	0	0	0	0	0	0	0	0	0	0	0	0	0	0	0	0	0	0	0	0	0	0	0	0	0	0	0	0	0	0	0	0	0	0	0	0	0	0	0	133	135	169	97	125	64	17	69	118	120	93	77	19	92	140	119	131	162	63	53	171	52	123	34	142	62	171	80	147	148	141	76	163	155	143	27	53	141	97	14	57	37	56	121	154	141	46	46	106	168	148	85	46
0	0	0	0	0	0	0	0	0	0	0	0	0	0	0	0	0	0	0	0	0	0	0	0	0	0	0	0	0	0	0	0	0	0	0	0	0	0	0	0	0	0	0	0	0	0	0	0	0	0	0	0	0	0	0	0	0	0	0	0	0	0	0	0	0	0	0	0	0	0	0	0	0	0	0	0	63	141	21	92	37	46	98	127	151	65	149	40	107	78	99	170	148	188	144	73	98	84	145	94	117	157	103	56	163	93	68	77	127	181	69	178	94	48	150	105	101	105	84	101	121	130	116	160	129	117	118	77
0	0	0	0	0	0	0	0	0	0	0	0	0	0	0	0	0	0	0	0	0	0	0	0	0	0	0	0	0	0	0	0	0	0	0	0	0	0	0	0	0	0	0	0	0	0	0	0	0	0	0	0	0	0	0	0	0	0	0	0	0	0	0	0	0	0	0	0	0	0	0	0	0	0	0	0	0	59	107	35	120	131	68	104	107	54	64	19	13	75	26	64	65	119	151	151	139	128	89	173	137	125	62	164	32	132	130	68	163	34	103	160	153	88	82	113	111	78	57	102	104	164	99	124	10	126	94	76
0	0	0	0	0	0	0	0	0	0	0	0	0	0	0	0	0	0	0	0	0	0	0	0	0	0	0	0	0	0	0	0	0	0	0	0	0	0	0	0	0	0	0	0	0	0	0	0	0	0	0	0	0	0	0	0	0	0	0	0	0	0	0	0	0	0	0	0	0	0	0	0	0	0	0	0	0	0	117	108	123	112	71	92	25	86	84	119	61	116	50	61	116	74	160	164	107	105	70	58	28	134	130	135	122	138	98	107	186	128	123	103	64	44	92	158	134	100	126	174	38	102	57	127	161	159	93	187
0	0	0	0	0	0	0	0	0	0	0	0	0	0	0	0	0	0	0	0	0	0	0	0	0	0	0	0	0	0	0	0	0	0	0	0	0	0	0	0	0	0	0	0	0	0	0	0	0	0	0	0	0	0	0	0	0	0	0	0	0	0	0	0	0	0	0	0	0	0	0	0	0	0	0	0	0	0	0	108	113	91	140	46	86	67	153	153	167	92	104	79	68	124	125	169	72	30	12	97	168	56	188	55	87	153	54	55	51	153	84	108	103	81	164	129	64	161	187	185	105	99	17	74	165	90	45	95
0	0	0	0	0	0	0	0	0	0	0	0	0	0	0	0	0	0	0	0	0	0	0	0	0	0	0	0	0	0	0	0	0	0	0	0	0	0	0	0	0	0	0	0	0	0	0	0	0	0	0	0	0	0	0	0	0	0	0	0	0	0	0	0	0	0	0	0	0	0	0	0	0	0	0	0	0	0	0	0	145	67	137	120	43	172	102	66	146	43	11	137	152	59	70	198	154	141	57	50	110	41	138	25	132	195	87	107	73	139	98	134	177	158	138	90	142	21	152	83	74	93	70	140	110	65	202	84
0	0	0	0	0	0	0	0	0	0	0	0	0	0	0	0	0	0	0	0	0	0	0	0	0	0	0	0	0	0	0	0	0	0	0	0	0	0	0	0	0	0	0	0	0	0	0	0	0	0	0	0	0	0	0	0	0	0	0	0	0	0	0	0	0	0	0	0	0	0	0	0	0	0	0	0	0	0	0	0	0	58	72	41	92	87	97	129	163	138	43	80	21	54	99	39	70	116	10	127	160	69	179	90	144	84	92	29	124	101	94	173	137	131	56	143	113	169	125	120	114	163	86	113	128	85	107	121
0	0	0	0	0	0	0	0	0	0	0	0	0	0	0	0	0	0	0	0	0	0	0	0	0	0	0	0	0	0	0	0	0	0	0	0	0	0	0	0	0	0	0	0	0	0	0	0	0	0	0	0	0	0	0	0	0	0	0	0	0	0	0	0	0	0	0	0	0	0	0	0	0	0	0	0	0	0	0	0	0	0	103	157	61	167	142	80	122	25	91	43	107	166	40	162	94	81	81	169	150	65	79	78	93	189	171	135	97	106	87	63	95	143	92	174	122	41	106	167	95	72	25	114	76	131	75	104
0	0	0	0	0	0	0	0	0	0	0	0	0	0	0	0	0	0	0	0	0	0	0	0	0	0	0	0	0	0	0	0	0	0	0	0	0	0	0	0	0	0	0	0	0	0	0	0	0	0	0	0	0	0	0	0	0	0	0	0	0	0	0	0	0	0	0	0	0	0	0	0	0	0	0	0	0	0	0	0	0	0	0	98	127	83	66	62	94	114	87	73	121	150	139	115	162	140	111	99	81	55	37	76	126	161	78	120	68	54	43	130	77	130	106	172	95	153	179	167	120	168	134	129	95	107	127	136
0	0	0	0	0	0	0	0	0	0	0	0	0	0	0	0	0	0	0	0	0	0	0	0	0	0	0	0	0	0	0	0	0	0	0	0	0	0	0	0	0	0	0	0	0	0	0	0	0	0	0	0	0	0	0	0	0	0	0	0	0	0	0	0	0	0	0	0	0	0	0	0	0	0	0	0	0	0	0	0	0	0	0	0	139	104	41	17	98	122	73	120	133	149	171	85	133	57	150	185	186	81	134	124	104	130	106	94	127	160	100	170	114	84	131	127	138	45	120	26	163	177	42	72	140	156	74	155
0	0	0	0	0	0	0	0	0	0	0	0	0	0	0	0	0	0	0	0	0	0	0	0	0	0	0	0	0	0	0	0	0	0	0	0	0	0	0	0	0	0	0	0	0	0	0	0	0	0	0	0	0	0	0	0	0	0	0	0	0	0	0	0	0	0	0	0	0	0	0	0	0	0	0	0	0	0	0	0	0	0	0	0	0	88	171	103	130	140	156	107	79	49	72	127	163	151	152	73	16	143	90	131	136	57	152	132	115	81	66	58	89	174	102	165	72	60	63	149	162	50	134	40	153	71	166	209
0	0	0	0	0	0	0	0	0	0	0	0	0	0	0	0	0	0	0	0	0	0	0	0	0	0	0	0	0	0	0	0	0	0	0	0	0	0	0	0	0	0	0	0	0	0	0	0	0	0	0	0	0	0	0	0	0	0	0	0	0	0	0	0	0	0	0	0	0	0	0	0	0	0	0	0	0	0	0	0	0	0	0	0	0	0	75	55	72	168	104	192	61	65	26	107	173	48	74	104	190	144	175	90	25	115	178	81	50	126	71	168	35	59	117	180	87	122	153	147	103	154	125	171	104	116	76	104
0	0	0	0	0	0	0	0	0	0	0	0	0	0	0	0	0	0	0	0	0	0	0	0	0	0	0	0	0	0	0	0	0	0	0	0	0	0	0	0	0	0	0	0	0	0	0	0	0	0	0	0	0	0	0	0	0	0	0	0	0	0	0	0	0	0	0	0	0	0	0	0	0	0	0	0	0	0	0	0	0	0	0	0	0	0	0	148	189	127	56	70	27	81	58	132	160	81	88	52	93	67	30	54	153	154	104	96	24	43	140	50	119	99	127	151	142	65	163	106	49	82	91	177	86	145	102	130
0	0	0	0	0	0	0	0	0	0	0	0	0	0	0	0	0	0	0	0	0	0	0	0	0	0	0	0	0	0	0	0	0	0	0	0	0	0	0	0	0	0	0	0	0	0	0	0	0	0	0	0	0	0	0	0	0	0	0	0	0	0	0	0	0	0	0	0	0	0	0	0	0	0	0	0	0	0	0	0	0	0	0	0	0	0	0	0	27	148	42	155	179	68	202	145	91	104	152	86	133	71	71	124	158	122	60	80	53	155	114	87	183	125	132	50	169	131	135	79	38	170	111	51	56	95	159	79
0	0	0	0	0	0	0	0	0	0	0	0	0	0	0	0	0	0	0	0	0	0	0	0	0	0	0	0	0	0	0	0	0	0	0	0	0	0	0	0	0	0	0	0	0	0	0	0	0	0	0	0	0	0	0	0	0	0	0	0	0	0	0	0	0	0	0	0	0	0	0	0	0	0	0	0	0	0	0	0	0	0	0	0	0	0	0	0	0	115	115	65	33	115	36	114	93	59	84	111	44	107	97	136	12	111	44	141	173	104	71	90	45	110	69	104	99	129	120	34	182	137	135	119	108	126	143	149
0	0	0	0	0	0	0	0	0	0	0	0	0	0	0	0	0	0	0	0	0	0	0	0	0	0	0	0	0	0	0	0	0	0	0	0	0	0	0	0	0	0	0	0	0	0	0	0	0	0	0	0	0	0	0	0	0	0	0	0	0	0	0	0	0	0	0	0	0	0	0	0	0	0	0	0	0	0	0	0	0	0	0	0	0	0	0	0	0	0	111	177	132	139	65	142	117	124	93	116	137	124	156	96	191	60	138	42	65	180	163	61	48	16	105	116	38	82	171	106	46	160	159	124	91	129	125	27
0	0	0	0	0	0	0	0	0	0	0	0	0	0	0	0	0	0	0	0	0	0	0	0	0	0	0	0	0	0	0	0	0	0	0	0	0	0	0	0	0	0	0	0	0	0	0	0	0	0	0	0	0	0	0	0	0	0	0	0	0	0	0	0	0	0	0	0	0	0	0	0	0	0	0	0	0	0	0	0	0	0	0	0	0	0	0	0	0	0	0	113	107	200	34	160	42	143	78	105	182	175	148	197	54	53	90	154	50	19	208	57	179	79	104	143	127	202	161	186	87	41	116	91	76	85	153	87
0	0	0	0	0	0	0	0	0	0	0	0	0	0	0	0	0	0	0	0	0	0	0	0	0	0	0	0	0	0	0	0	0	0	0	0	0	0	0	0	0	0	0	0	0	0	0	0	0	0	0	0	0	0	0	0	0	0	0	0	0	0	0	0	0	0	0	0	0	0	0	0	0	0	0	0	0	0	0	0	0	0	0	0	0	0	0	0	0	0	0	0	95	75	144	124	123	125	126	108	153	29	59	215	60	106	126	186	196	81	78	97	53	143	50	44	132	133	130	142	150	143	98	70	187	86	76	135
0	0	0	0	0	0	0	0	0	0	0	0	0	0	0	0	0	0	0	0	0	0	0	0	0	0	0	0	0	0	0	0	0	0	0	0	0	0	0	0	0	0	0	0	0	0	0	0	0	0	0	0	0	0	0	0	0	0	0	0	0	0	0	0	0	0	0	0	0	0	0	0	0	0	0	0	0	0	0	0	0	0	0	0	0	0	0	0	0	0	0	0	0	177	45	49	93	107	158	115	108	198	25	45	39	52	115	128	151	176	74	72	161	94	134	187	85	117	2	137	22	142	66	93	112	54	69	82
0	0	0	0	0	0	0	0	0	0	0	0	0	0	0	0	0	0	0	0	0	0	0	0	0	0	0	0	0	0	0	0	0	0	0	0	0	0	0	0	0	0	0	0	0	0	0	0	0	0	0	0	0	0	0	0	0	0	0	0	0	0	0	0	0	0	0	0	0	0	0	0	0	0	0	0	0	0	0	0	0	0	0	0	0	0	0	0	0	0	0	0	0	0	181	113	80	214	128	211	154	118	47	182	155	56	80	52	146	31	156	185	176	111	145	165	180	103	142	88	199	139	122	125	98	145	106	129
0	0	0	0	0	0	0	0	0	0	0	0	0	0	0	0	0	0	0	0	0	0	0	0	0	0	0	0	0	0	0	0	0	0	0	0	0	0	0	0	0	0	0	0	0	0	0	0	0	0	0	0	0	0	0	0	0	0	0	0	0	0	0	0	0	0	0	0	0	0	0	0	0	0	0	0	0	0	0	0	0	0	0	0	0	0	0	0	0	0	0	0	0	0	0	14	187	85	119	107	151	81	50	30	104	135	178	138	14	93	157	103	146	80	156	152	75	58	73	108	143	129	94	97	179	90	104	122
0	0	0	0	0	0	0	0	0	0	0	0	0	0	0	0	0	0	0	0	0	0	0	0	0	0	0	0	0	0	0	0	0	0	0	0	0	0	0	0	0	0	0	0	0	0	0	0	0	0	0	0	0	0	0	0	0	0	0	0	0	0	0	0	0	0	0	0	0	0	0	0	0	0	0	0	0	0	0	0	0	0	0	0	0	0	0	0	0	0	0	0	0	0	0	0	95	123	160	124	65	67	136	142	155	112	216	89	67	88	207	143	63	90	103	70	137	103	111	127	158	103	130	143	145	168	202	181
0	0	0	0	0	0	0	0	0	0	0	0	0	0	0	0	0	0	0	0	0	0	0	0	0	0	0	0	0	0	0	0	0	0	0	0	0	0	0	0	0	0	0	0	0	0	0	0	0	0	0	0	0	0	0	0	0	0	0	0	0	0	0	0	0	0	0	0	0	0	0	0	0	0	0	0	0	0	0	0	0	0	0	0	0	0	0	0	0	0	0	0	0	0	0	0	0	122	57	181	169	109	154	173	39	192	206	15	168	148	120	142	149	123	184	60	152	202	146	98	170	74	162	122	111	113	102	77
0	0	0	0	0	0	0	0	0	0	0	0	0	0	0	0	0	0	0	0	0	0	0	0	0	0	0	0	0	0	0	0	0	0	0	0	0	0	0	0	0	0	0	0	0	0	0	0	0	0	0	0	0	0	0	0	0	0	0	0	0	0	0	0	0	0	0	0	0	0	0	0	0	0	0	0	0	0	0	0	0	0	0	0	0	0	0	0	0	0	0	0	0	0	0	0	0	0	77	185	82	110	90	121	219	37	160	125	84	57	161	169	94	45	28	195	174	166	150	163	75	64	89	86	91	80	152	47
0	0	0	0	0	0	0	0	0	0	0	0	0	0	0	0	0	0	0	0	0	0	0	0	0	0	0	0	0	0	0	0	0	0	0	0	0	0	0	0	0	0	0	0	0	0	0	0	0	0	0	0	0	0	0	0	0	0	0	0	0	0	0	0	0	0	0	0	0	0	0	0	0	0	0	0	0	0	0	0	0	0	0	0	0	0	0	0	0	0	0	0	0	0	0	0	0	0	0	162	49	145	159	66	134	136	119	110	88	210	39	118	160	51	38	110	218	74	23	193	109	193	144	63	75	134	60	201
0	0	0	0	0	0	0	0	0	0	0	0	0	0	0	0	0	0	0	0	0	0	0	0	0	0	0	0	0	0	0	0	0	0	0	0	0	0	0	0	0	0	0	0	0	0	0	0	0	0	0	0	0	0	0	0	0	0	0	0	0	0	0	0	0	0	0	0	0	0	0	0	0	0	0	0	0	0	0	0	0	0	0	0	0	0	0	0	0	0	0	0	0	0	0	0	0	0	0	0	189	100	109	168	122	128	82	79	143	139	61	156	99	202	87	211	132	165	127	118	27	59	163	184	133	14	120	97
0	0	0	0	0	0	0	0	0	0	0	0	0	0	0	0	0	0	0	0	0	0	0	0	0	0	0	0	0	0	0	0	0	0	0	0	0	0	0	0	0	0	0	0	0	0	0	0	0	0	0	0	0	0	0	0	0	0	0	0	0	0	0	0	0	0	0	0	0	0	0	0	0	0	0	0	0	0	0	0	0	0	0	0	0	0	0	0	0	0	0	0	0	0	0	0	0	0	0	0	0	144	126	13	177	133	91	84	64	151	55	143	212	59	188	179	106	134	26	128	114	179	127	139	48	207	14	144
0	0	0	0	0	0	0	0	0	0	0	0	0	0	0	0	0	0	0	0	0	0	0	0	0	0	0	0	0	0	0	0	0	0	0	0	0	0	0	0	0	0	0	0	0	0	0	0	0	0	0	0	0	0	0	0	0	0	0	0	0	0	0	0	0	0	0	0	0	0	0	0	0	0	0	0	0	0	0	0	0	0	0	0	0	0	0	0	0	0	0	0	0	0	0	0	0	0	0	0	0	0	87	22	129	39	75	163	147	199	28	84	68	199	98	142	84	63	123	171	153	99	125	145	213	168	39	147
0	0	0	0	0	0	0	0	0	0	0	0	0	0	0	0	0	0	0	0	0	0	0	0	0	0	0	0	0	0	0	0	0	0	0	0	0	0	0	0	0	0	0	0	0	0	0	0	0	0	0	0	0	0	0	0	0	0	0	0	0	0	0	0	0	0	0	0	0	0	0	0	0	0	0	0	0	0	0	0	0	0	0	0	0	0	0	0	0	0	0	0	0	0	0	0	0	0	0	0	0	0	0	82	139	129	165	172	99	126	141	110	14	182	102	106	63	106	199	87	34	17	85	60	141	60	120	112
0	0	0	0	0	0	0	0	0	0	0	0	0	0	0	0	0	0	0	0	0	0	0	0	0	0	0	0	0	0	0	0	0	0	0	0	0	0	0	0	0	0	0	0	0	0	0	0	0	0	0	0	0	0	0	0	0	0	0	0	0	0	0	0	0	0	0	0	0	0	0	0	0	0	0	0	0	0	0	0	0	0	0	0	0	0	0	0	0	0	0	0	0	0	0	0	0	0	0	0	0	0	0	0	68	219	180	130	130	144	89	58	160	141	180	98	98	158	151	99	123	76	63	51	40	193	100	212
0	0	0	0	0	0	0	0	0	0	0	0	0	0	0	0	0	0	0	0	0	0	0	0	0	0	0	0	0	0	0	0	0	0	0	0	0	0	0	0	0	0	0	0	0	0	0	0	0	0	0	0	0	0	0	0	0	0	0	0	0	0	0	0	0	0	0	0	0	0	0	0	0	0	0	0	0	0	0	0	0	0	0	0	0	0	0	0	0	0	0	0	0	0	0	0	0	0	0	0	0	0	0	0	0	102	206	211	167	76	158	55	67	92	85	181	69	131	207	74	66	109	116	48	115	114	120	120
0	0	0	0	0	0	0	0	0	0	0	0	0	0	0	0	0	0	0	0	0	0	0	0	0	0	0	0	0	0	0	0	0	0	0	0	0	0	0	0	0	0	0	0	0	0	0	0	0	0	0	0	0	0	0	0	0	0	0	0	0	0	0	0	0	0	0	0	0	0	0	0	0	0	0	0	0	0	0	0	0	0	0	0	0	0	0	0	0	0	0	0	0	0	0	0	0	0	0	0	0	0	0	0	0	0	125	80	33	107	141	160	62	138	106	135	143	90	91	98	121	35	95	109	95	31	175	184
0	0	0	0	0	0	0	0	0	0	0	0	0	0	0	0	0	0	0	0	0	0	0	0	0	0	0	0	0	0	0	0	0	0	0	0	0	0	0	0	0	0	0	0	0	0	0	0	0	0	0	0	0	0	0	0	0	0	0	0	0	0	0	0	0	0	0	0	0	0	0	0	0	0	0	0	0	0	0	0	0	0	0	0	0	0	0	0	0	0	0	0	0	0	0	0	0	0	0	0	0	0	0	0	0	0	0	133	100	93	210	106	126	159	56	102	164	39	150	130	158	77	93	95	100	102	63	90
0	0	0	0	0	0	0	0	0	0	0	0	0	0	0	0	0	0	0	0	0	0	0	0	0	0	0	0	0	0	0	0	0	0	0	0	0	0	0	0	0	0	0	0	0	0	0	0	0	0	0	0	0	0	0	0	0	0	0	0	0	0	0	0	0	0	0	0	0	0	0	0	0	0	0	0	0	0	0	0	0	0	0	0	0	0	0	0	0	0	0	0	0	0	0	0	0	0	0	0	0	0	0	0	0	0	0	0	105	55	160	107	106	96	168	163	156	101	167	61	155	151	188	170	55	149	152	182
0	0	0	0	0	0	0	0	0	0	0	0	0	0	0	0	0	0	0	0	0	0	0	0	0	0	0	0	0	0	0	0	0	0	0	0	0	0	0	0	0	0	0	0	0	0	0	0	0	0	0	0	0	0	0	0	0	0	0	0	0	0	0	0	0	0	0	0	0	0	0	0	0	0	0	0	0	0	0	0	0	0	0	0	0	0	0	0	0	0	0	0	0	0	0	0	0	0	0	0	0	0	0	0	0	0	0	0	0	122	174	158	144	139	78	62	29	170	178	20	147	163	156	119	87	218	169	142
0	0	0	0	0	0	0	0	0	0	0	0	0	0	0	0	0	0	0	0	0	0	0	0	0	0	0	0	0	0	0	0	0	0	0	0	0	0	0	0	0	0	0	0	0	0	0	0	0	0	0	0	0	0	0	0	0	0	0	0	0	0	0	0	0	0	0	0	0	0	0	0	0	0	0	0	0	0	0	0	0	0	0	0	0	0	0	0	0	0	0	0	0	0	0	0	0	0	0	0	0	0	0	0	0	0	0	0	0	0	100	152	36	98	102	98	145	92	163	80	192	156	166	203	76	127	74	150
0	0	0	0	0	0	0	0	0	0	0	0	0	0	0	0	0	0	0	0	0	0	0	0	0	0	0	0	0	0	0	0	0	0	0	0	0	0	0	0	0	0	0	0	0	0	0	0	0	0	0	0	0	0	0	0	0	0	0	0	0	0	0	0	0	0	0	0	0	0	0	0	0	0	0	0	0	0	0	0	0	0	0	0	0	0	0	0	0	0	0	0	0	0	0	0	0	0	0	0	0	0	0	0	0	0	0	0	0	0	0	132	87	94	120	115	176	144	82	71	142	93	100	135	224	147	198	98
0	0	0	0	0	0	0	0	0	0	0	0	0	0	0	0	0	0	0	0	0	0	0	0	0	0	0	0	0	0	0	0	0	0	0	0	0	0	0	0	0	0	0	0	0	0	0	0	0	0	0	0	0	0	0	0	0	0	0	0	0	0	0	0	0	0	0	0	0	0	0	0	0	0	0	0	0	0	0	0	0	0	0	0	0	0	0	0	0	0	0	0	0	0	0	0	0	0	0	0	0	0	0	0	0	0	0	0	0	0	0	0	105	58	85	141	40	133	121	164	184	192	95	129	143	143	90	116
0	0	0	0	0	0	0	0	0	0	0	0	0	0	0	0	0	0	0	0	0	0	0	0	0	0	0	0	0	0	0	0	0	0	0	0	0	0	0	0	0	0	0	0	0	0	0	0	0	0	0	0	0	0	0	0	0	0	0	0	0	0	0	0	0	0	0	0	0	0	0	0	0	0	0	0	0	0	0	0	0	0	0	0	0	0	0	0	0	0	0	0	0	0	0	0	0	0	0	0	0	0	0	0	0	0	0	0	0	0	0	0	0	166	139	177	133	94	58	177	128	150	58	62	128	215	103	43
0	0	0	0	0	0	0	0	0	0	0	0	0	0	0	0	0	0	0	0	0	0	0	0	0	0	0	0	0	0	0	0	0	0	0	0	0	0	0	0	0	0	0	0	0	0	0	0	0	0	0	0	0	0	0	0	0	0	0	0	0	0	0	0	0	0	0	0	0	0	0	0	0	0	0	0	0	0	0	0	0	0	0	0	0	0	0	0	0	0	0	0	0	0	0	0	0	0	0	0	0	0	0	0	0	0	0	0	0	0	0	0	0	0	116	94	81	119	128	160	100	156	125	59	140	161	59	115
0	0	0	0	0	0	0	0	0	0	0	0	0	0	0	0	0	0	0	0	0	0	0	0	0	0	0	0	0	0	0	0	0	0	0	0	0	0	0	0	0	0	0	0	0	0	0	0	0	0	0	0	0	0	0	0	0	0	0	0	0	0	0	0	0	0	0	0	0	0	0	0	0	0	0	0	0	0	0	0	0	0	0	0	0	0	0	0	0	0	0	0	0	0	0	0	0	0	0	0	0	0	0	0	0	0	0	0	0	0	0	0	0	0	0	54	149	138	155	51	68	141	94	217	163	91	133	56
0	0	0	0	0	0	0	0	0	0	0	0	0	0	0	0	0	0	0	0	0	0	0	0	0	0	0	0	0	0	0	0	0	0	0	0	0	0	0	0	0	0	0	0	0	0	0	0	0	0	0	0	0	0	0	0	0	0	0	0	0	0	0	0	0	0	0	0	0	0	0	0	0	0	0	0	0	0	0	0	0	0	0	0	0	0	0	0	0	0	0	0	0	0	0	0	0	0	0	0	0	0	0	0	0	0	0	0	0	0	0	0	0	0	0	0	133	89	127	110	58	49	69	182	161	54	39	204
0	0	0	0	0	0	0	0	0	0	0	0	0	0	0	0	0	0	0	0	0	0	0	0	0	0	0	0	0	0	0	0	0	0	0	0	0	0	0	0	0	0	0	0	0	0	0	0	0	0	0	0	0	0	0	0	0	0	0	0	0	0	0	0	0	0	0	0	0	0	0	0	0	0	0	0	0	0	0	0	0	0	0	0	0	0	0	0	0	0	0	0	0	0	0	0	0	0	0	0	0	0	0	0	0	0	0	0	0	0	0	0	0	0	0	0	0	208	113	128	69	192	154	146	195	151	60	133
0	0	0	0	0	0	0	0	0	0	0	0	0	0	0	0	0	0	0	0	0	0	0	0	0	0	0	0	0	0	0	0	0	0	0	0	0	0	0	0	0	0	0	0	0	0	0	0	0	0	0	0	0	0	0	0	0	0	0	0	0	0	0	0	0	0	0	0	0	0	0	0	0	0	0	0	0	0	0	0	0	0	0	0	0	0	0	0	0	0	0	0	0	0	0	0	0	0	0	0	0	0	0	0	0	0	0	0	0	0	0	0	0	0	0	0	0	0	195	112	86	117	105	53	21	43	150	133
0	0	0	0	0	0	0	0	0	0	0	0	0	0	0	0	0	0	0	0	0	0	0	0	0	0	0	0	0	0	0	0	0	0	0	0	0	0	0	0	0	0	0	0	0	0	0	0	0	0	0	0	0	0	0	0	0	0	0	0	0	0	0	0	0	0	0	0	0	0	0	0	0	0	0	0	0	0	0	0	0	0	0	0	0	0	0	0	0	0	0	0	0	0	0	0	0	0	0	0	0	0	0	0	0	0	0	0	0	0	0	0	0	0	0	0	0	0	0	51	47	46	142	39	116	207	147	187
0	0	0	0	0	0	0	0	0	0	0	0	0	0	0	0	0	0	0	0	0	0	0	0	0	0	0	0	0	0	0	0	0	0	0	0	0	0	0	0	0	0	0	0	0	0	0	0	0	0	0	0	0	0	0	0	0	0	0	0	0	0	0	0	0	0	0	0	0	0	0	0	0	0	0	0	0	0	0	0	0	0	0	0	0	0	0	0	0	0	0	0	0	0	0	0	0	0	0	0	0	0	0	0	0	0	0	0	0	0	0	0	0	0	0	0	0	0	0	0	199	178	68	12	75	125	101	75
0	0	0	0	0	0	0	0	0	0	0	0	0	0	0	0	0	0	0	0	0	0	0	0	0	0	0	0	0	0	0	0	0	0	0	0	0	0	0	0	0	0	0	0	0	0	0	0	0	0	0	0	0	0	0	0	0	0	0	0	0	0	0	0	0	0	0	0	0	0	0	0	0	0	0	0	0	0	0	0	0	0	0	0	0	0	0	0	0	0	0	0	0	0	0	0	0	0	0	0	0	0	0	0	0	0	0	0	0	0	0	0	0	0	0	0	0	0	0	0	0	200	221	140	141	194	104	141
0	0	0	0	0	0	0	0	0	0	0	0	0	0	0	0	0	0	0	0	0	0	0	0	0	0	0	0	0	0	0	0	0	0	0	0	0	0	0	0	0	0	0	0	0	0	0	0	0	0	0	0	0	0	0	0	0	0	0	0	0	0	0	0	0	0	0	0	0	0	0	0	0	0	0	0	0	0	0	0	0	0	0	0	0	0	0	0	0	0	0	0	0	0	0	0	0	0	0	0	0	0	0	0	0	0	0	0	0	0	0	0	0	0	0	0	0	0	0	0	0	0	210	137	77	190	132	134
0	0	0	0	0	0	0	0	0	0	0	0	0	0	0	0	0	0	0	0	0	0	0	0	0	0	0	0	0	0	0	0	0	0	0	0	0	0	0	0	0	0	0	0	0	0	0	0	0	0	0	0	0	0	0	0	0	0	0	0	0	0	0	0	0	0	0	0	0	0	0	0	0	0	0	0	0	0	0	0	0	0	0	0	0	0	0	0	0	0	0	0	0	0	0	0	0	0	0	0	0	0	0	0	0	0	0	0	0	0	0	0	0	0	0	0	0	0	0	0	0	0	0	115	176	141	88	135
0	0	0	0	0	0	0	0	0	0	0	0	0	0	0	0	0	0	0	0	0	0	0	0	0	0	0	0	0	0	0	0	0	0	0	0	0	0	0	0	0	0	0	0	0	0	0	0	0	0	0	0	0	0	0	0	0	0	0	0	0	0	0	0	0	0	0	0	0	0	0	0	0	0	0	0	0	0	0	0	0	0	0	0	0	0	0	0	0	0	0	0	0	0	0	0	0	0	0	0	0	0	0	0	0	0	0	0	0	0	0	0	0	0	0	0	0	0	0	0	0	0	0	0	88	168	138	162
0	0	0	0	0	0	0	0	0	0	0	0	0	0	0	0	0	0	0	0	0	0	0	0	0	0	0	0	0	0	0	0	0	0	0	0	0	0	0	0	0	0	0	0	0	0	0	0	0	0	0	0	0	0	0	0	0	0	0	0	0	0	0	0	0	0	0	0	0	0	0	0	0	0	0	0	0	0	0	0	0	0	0	0	0	0	0	0	0	0	0	0	0	0	0	0	0	0	0	0	0	0	0	0	0	0	0	0	0	0	0	0	0	0	0	0	0	0	0	0	0	0	0	0	0	177	190	218
0	0	0	0	0	0	0	0	0	0	0	0	0	0	0	0	0	0	0	0	0	0	0	0	0	0	0	0	0	0	0	0	0	0	0	0	0	0	0	0	0	0	0	0	0	0	0	0	0	0	0	0	0	0	0	0	0	0	0	0	0	0	0	0	0	0	0	0	0	0	0	0	0	0	0	0	0	0	0	0	0	0	0	0	0	0	0	0	0	0	0	0	0	0	0	0	0	0	0	0	0	0	0	0	0	0	0	0	0	0	0	0	0	0	0	0	0	0	0	0	0	0	0	0	0	0	124	132
0	0	0	0	0	0	0	0	0	0	0	0	0	0	0	0	0	0	0	0	0	0	0	0	0	0	0	0	0	0	0	0	0	0	0	0	0	0	0	0	0	0	0	0	0	0	0	0	0	0	0	0	0	0	0	0	0	0	0	0	0	0	0	0	0	0	0	0	0	0	0	0	0	0	0	0	0	0	0	0	0	0	0	0	0	0	0	0	0	0	0	0	0	0	0	0	0	0	0	0	0	0	0	0	0	0	0	0	0	0	0	0	0	0	0	0	0	0	0	0	0	0	0	0	0	0	0	161
0	0	0	0	0	0	0	0	0	0	0	0	0	0	0	0	0	0	0	0	0	0	0	0	0	0	0	0	0	0	0	0	0	0	0	0	0	0	0	0	0	0	0	0	0	0	0	0	0	0	0	0	0	0	0	0	0	0	0	0	0	0	0	0	0	0	0	0	0	0	0	0	0	0	0	0	0	0	0	0	0	0	0	0	0	0	0	0	0	0	0	0	0	0	0	0	0	0	0	0	0	0	0	0	0	0	0	0	0	0	0	0	0	0	0	0	0	0	0	0	0	0	0	0	0	0	0	0