0	18	111	99	117	60	29	98	49	65	37	113	97	75	106	106	29	33	82	129	120	25	117	89	114	100	89	115	57	69	78	112	93	96	101	11	6	97	122	116	112	102	111	52	39	43	71	85	16	5	102	60	105	62	82	57	66	84	106	24	23	52	108	10	125	100	38	30	83	70	28	75	28	48	59	100	4	36	129	42	45	83	45	13	13	21	39	78	129	25	55	110	100	54	112	38	109	84	2	2	7	127	83	121	47	47	73	100	7	67	4	126	15	99	60	90	86	64	41	22	107	108	37	125	118	101	121	69
0	0	117	85	18	113	72	92	7	33	19	48	98	120	122	81	116	98	72	51	22	99	126	114	45	110	69	90	61	64	90	30	56	103	7	66	94	51	5	49	100	68	55	11	84	11	115	91	24	82	106	60	48	18	124	86	18	125	125	16	94	4	12	84	84	112	62	5	123	44	11	41	112	2	67	55	105	68	130	9	57	4	37	70	56	51	35	85	9	7	85	112	62	8	73	83	12	31	127	104	43	116	57	68	21	121	11	54	129	96	31	95	64	55	60	94	74	119	84	21	126	86	68	29	87	45	68	82
0	0	0	13	23	52	98	62	113	99	30	122	22	74	108	61	25	36	84	22	110	85	50	77	16	107	89	17	41	26	79	52	73	8	92	12	96	103	12	130	50	93	77	129	92	97	22	76	68	30	70	29	105	25	61	120	121	44	6	118	115	22	75	120	94	109	125	47	13	55	9	39	35	71	105	104	83	107	77	34	61	95	116	32	8	58	85	73	81	53	125	100	123	59	117	30	111	7	106	48	55	32	116	86	100	98	100	97	87	5	116	23	61	39	61	18	17	100	50	25	105	25	101	69	58	111	64	97
0	0	0	0	27	91	102	33	29	76	45	24	63	66	87	101	15	8	43	105	23	120	127	115	2	69	115	80	40	74	70	59	59	102	31	40	125	125	127	47	10	69	125	129	94	118	91	91	71	108	90	85	110	31	88	31	107	63	28	7	25	20	71	121	51	70	38	95	29	117	83	68	88	69	30	98	92	85	129	42	44	89	9	113	91	104	22	73	29	44	80	18	10	13	9	28	64	84	106	52	114	17	106	37	18	29	64	33	20	28	61	20	38	51	20	35	112	18	117	26	20	5	125	58	53	25	77	103
0	0	0	0	0	113	64	85	36	57	49	121	81	15	41	21	94	80	35	22	34	45	44	95	92	29	68	26	113	131	82	52	117	28	3	43	117	68	35	41	41	94	121	4	42	64	39	71	58	56	92	48	47	129	28	28	30	55	127	29	83	81	110	84	66	63	45	25	65	50	103	51	17	105	63	86	20	80	107	50	13	22	31	40	57	78	122	45	30	54	43	60	92	15	92	36	76	31	8	118	80	81	16	72	40	55	35	59	41	39	49	6	34	100	37	50	78	21	67	105	47	61	52	73	74	22	80	112
0	0	0	0	0	0	35	119	30	21	88	113	109	8	70	13	101	117	115	79	7	74	66	23	90	23	12	57	7	83	15	88	94	66	124	40	87	13	34	100	30	39	60	40	17	127	19	8	42	121	98	73	68	69	85	71	11	86	104	18	120	113	54	31	122	113	130	30	106	46	26	11	120	97	24	47	24	108	117	22	66	96	43	29	104	34	34	111	44	29	24	14	89	48	67	36	107	20	6	54	125	112	91	17	128	17	70	54	66	43	40	134	120	86	67	63	88	106	36	120	31	80	69	106	126	48	58	58
0	0	0	0	0	0	0	61	27	20	107	119	12	94	89	81	60	112	109	121	133	101	120	117	14	125	43	107	38	14	69	62	79	94	122	42	68	91	88	134	35	10	93	15	113	25	125	48	77	87	66	39	43	110	122	7	25	41	107	64	78	19	33	110	100	18	40	124	102	84	102	126	12	102	59	34	7	67	29	133	38	101	20	7	71	14	13	45	128	68	47	47	3	65	54	100	52	21	42	33	116	112	21	21	83	66	15	127	113	9	87	22	119	124	27	30	21	68	115	88	8	57	24	54	119	98	104	130
0	0	0	0	0	0	0	0	53	110	88	135	52	107	92	104	18	79	45	79	68	122	89	58	117	47	84	29	20	26	103	128	54	101	115	111	106	67	32	122	88	16	130	118	6	27	71	94	122	104	41	39	75	15	125	18	25	63	96	34	9	28	126	9	129	121	28	44	67	38	41	95	26	119	15	123	33	129	9	61	100	93	70	87	39	99	109	64	11	72	74	115	25	122	106	42	117	91	86	13	21	120	49	96	131	44	27	84	101	69	83	115	21	84	49	31	80	85	43	72	33	82	102	80	93	114	16	34
0	0	0	0	0	0	0	0	0	54	47	40	92	76	24	10	96	60	34	44	7	119	86	117	14	56	134	130	77	75	55	133	67	47	81	68	137	12	70	44	42	56	20	40	82	73	86	19	129	117	69	90	30	29	13	14	33	60	41	29	128	53	35	94	80	4	53	76	77	35	101	84	89	75	102	102	32	8	123	97	113	103	60	128	52	13	100	93	35	13	117	88	33	54	55	72	51	99	37	89	53	112	27	116	126	25	31	13	58	122	51	30	90	75	45	102	60	9	47	37	63	123	28	42	22	66	101	18
0	0	0	0	0	0	0	0	0	0	24	64	101	116	45	14	116	94	101	36	8	41	42	59	22	112	51	40	69	116	72	114	104	88	17	123	129	90	56	33	84	102	56	8	13	73	56	25	39	42	127	14	119	29	22	20	72	129	45	48	106	62	70	56	25	46	134	99	111	94	44	22	56	110	30	120	58	54	40	55	59	82	106	5	48	25	65	5	13	85	94	68	25	36	75	130	41	32	116	128	113	94	74	39	16	87	111	62	75	82	37	70	14	68	130	35	99	120	26	119	14	22	62	11	23	42	10	17
0	0	0	0	0	0	0	0	0	0	0	93	110	114	28	60	76	11	96	113	59	33	135	135	101	115	44	111	43	56	64	129	101	88	87	10	11	83	69	100	69	35	12	100	6	104	101	29	90	24	104	91	25	49	92	84	99	88	113	14	22	128	69	121	77	48	73	20	62	69	70	36	95	31	40	63	110	73	32	66	124	125	64	7	136	24	15	37	26	34	120	105	119	73	44	46	122	90	121	55	90	131	96	55	101	97	74	129	73	106	78	54	51	27	62	64	103	97	54	98	18	58	63	27	67	129	50	78
0	0	0	0	0	0	0	0	0	0	0	0	108	31	128	122	105	12	132	38	15	77	80	114	96	89	100	123	103	111	70	127	71	121	85	22	104	46	41	27	123	75	85	35	72	9	20	104	60	18	13	98	76	105	20	25	74	64	130	127	14	134	129	131	108	49	84	32	136	130	36	80	52	82	15	90	64	76	43	29	78	106	74	120	89	74	93	104	14	35	55	62	112	73	14	48	86	113	83	107	67	42	124	48	113	89	102	116	69	88	24	36	67	86	79	12	62	8	31	120	14	112	49	81	70	15	90	54
0	0	0	0	0	0	0	0	0	0	0	0	0	57	22	47	86	67	13	48	90	127	92	98	37	41	30	104	106	104	71	15	71	107	125	129	111	58	108	29	54	87	28	54	96	95	32	100	121	74	59	121	108	94	47	39	55	13	70	34	66	24	111	58	25	55	60	35	63	84	63	75	66	105	120	43	58	119	120	12	19	124	117	58	73	67	50	71	126	62	50	83	8	65	42	48	111	20	123	69	31	101	5	45	91	33	130	109	95	73	35	122	21	4	97	12	94	36	90	71	107	123	69	96	112	120	140	49
0	0	0	0	0	0	0	0	0	0	0	0	0	0	57	25	120	121	87	30	14	10	43	33	95	88	45	27	85	67	121	38	37	88	123	59	17	132	56	32	57	78	63	57	74	78	132	96	129	99	87	115	58	82	35	135	129	79	24	40	53	14	48	78	117	59	106	44	75	81	112	98	33	94	127	8	14	58	92	13	140	54	100	15	54	35	71	104	86	44	103	117	13	125	20	23	96	22	84	67	12	130	40	63	68	81	39	113	45	68	114	33	16	130	79	69	126	46	90	92	103	15	36	52	13	86	53	24
0	0	0	0	0	0	0	0	0	0	0	0	0	0	0	53	54	87	52	109	139	73	102	135	43	76	16	60	15	72	84	131	68	23	73	7	58	133	51	75	48	44	24	23	61	117	97	113	85	60	23	28	40	102	84	47	70	71	56	49	140	67	37	54	46	111	36	37	68	74	22	8	104	106	55	66	58	28	84	46	124	128	42	115	66	34	51	113	18	91	13	47	103	35	123	130	35	47	35	89	108	129	37	73	94	48	134	128	69	42	92	113	25	117	77	14	78	80	86	60	70	90	86	12	108	125	59	84
0	0	0	0	0	0	0	0	0	0	0	0	0	0	0	0	65	63	90	63	129	34	128	101	30	92	124	54	68	55	33	47	54	56	86	129	127	42	74	22	96	26	69	85	116	28	60	96	34	11	95	126	117	52	108	29	51	72	27	76	44	25	137	132	50	56	66	47	42	31	50	103	67	110	97	72	37	36	6	63	29	38	81	49	77	74	13	68	28	84	23	124	37	98	62	20	91	105	47	65	112	114	71	23	125	5	75	91	69	43	21	81	76	41	134	112	76	31	39	110	21	61	103	35	42	122	102	73
0	0	0	0	0	0	0	0	0	0	0	0	0	0	0	0	0	32	43	28	16	103	99	111	83	72	14	120	96	23	62	131	80	65	56	12	124	110	44	108	20	42	105	115	19	116	11	87	23	140	78	37	128	24	39	139	102	51	102	74	110	57	105	35	129	75	110	58	52	29	124	89	24	31	7	74	68	137	89	10	121	59	14	71	128	105	68	73	20	52	85	47	132	107	89	127	15	107	97	89	8	18	43	34	60	114	136	45	16	132	75	125	35	24	30	85	11	121	23	76	74	50	128	86	65	121	109	33
0	0	0	0	0	0	0	0	0	0	0	0	0	0	0	0	0	0	7	105	107	112	25	5	21	55	63	37	42	41	62	75	106	56	63	92	109	70	87	37	57	28	19	118	58	109	113	38	86	34	92	119	38	102	107	18	60	40	110	119	38	60	99	126	78	40	105	86	104	21	118	61	117	69	18	27	101	35	27	131	51	82	82	125	110	122	65	28	92	11	103	82	86	109	30	36	125	139	20	58	88	137	15	20	92	133	129	135	100	100	20	134	124	69	92	41	94	35	121	14	39	51	80	79	92	43	10	80
0	0	0	0	0	0	0	0	0	0	0	0	0	0	0	0	0	0	0	29	48	132	50	104	28	57	138	27	56	101	120	143	54	46	104	8	50	84	86	64	77	101	136	86	108	82	139	116	42	65	59	43	144	27	56	146	70	14	142	75	74	76	130	99	23	124	39	23	127	72	108	118	91	46	80	65	91	23	64	46	62	101	91	31	41	100	41	114	15	35	65	29	103	104	130	25	104	71	39	104	93	28	93	37	40	50	34	86	26	30	61	42	32	19	83	104	30	87	87	89	27	40	60	93	139	129	43	41
0	0	0	0	0	0	0	0	0	0	0	0	0	0	0	0	0	0	0	0	90	101	25	116	25	55	56	129	43	35	132	65	62	33	117	114	26	98	116	113	109	94	21	79	30	73	82	56	68	80	107	76	109	58	96	100	63	53	14	66	136	32	52	130	21	90	101	125	63	34	97	86	60	30	112	121	57	87	48	62	130	39	70	68	48	128	75	120	83	143	136	45	33	76	105	88	23	91	60	13	96	129	50	108	97	69	84	62	146	86	30	68	40	39	29	76	71	34	91	88	51	49	5	71	29	142	33	66
0	0	0	0	0	0	0	0	0	0	0	0	0	0	0	0	0	0	0	0	0	13	95	97	75	72	84	20	75	105	123	31	86	126	105	59	128	108	130	84	9	84	77	142	11	94	46	32	95	18	49	118	6	81	18	102	29	89	127	68	65	76	44	30	97	51	19	21	126	111	124	118	47	71	37	42	79	14	45	66	127	122	45	10	100	71	116	111	56	102	88	52	133	33	124	76	57	33	47	73	28	13	17	28	20	49	108	62	25	22	61	92	39	62	87	118	110	84	98	92	18	51	122	129	35	30	82	97
0	0	0	0	0	0	0	0	0	0	0	0	0	0	0	0	0	0	0	0	0	0	42	111	117	69	40	69	53	40	112	61	22	114	112	64	63	109	84	73	129	115	104	80	63	127	125	56	16	110	128	39	46	134	70	32	111	86	88	33	11	116	64	109	63	114	120	27	37	107	131	34	123	79	85	33	100	29	97	23	90	70	72	109	26	85	21	114	87	141	126	91	78	34	114	74	80	52	52	128	42	69	27	97	37	29	69	95	61	8	56	130	83	19	68	53	54	104	47	62	102	101	28	108	55	70	68	65
0	0	0	0	0	0	0	0	0	0	0	0	0	0	0	0	0	0	0	0	0	0	0	59	35	108	10	117	80	14	72	23	113	109	76	123	33	91	28	69	95	40	76	110	11	56	105	16	50	30	69	34	34	102	51	14	37	128	113	8	134	73	7	124	82	80	122	63	82	76	103	124	63	31	122	44	104	148	130	145	19	135	61	132	115	123	110	60	54	40	100	34	12	104	77	26	79	85	46	86	47	75	29	119	115	79	85	104	68	46	146	85	22	106	99	113	127	122	87	100	88	92	143	122	105	109	11	58
0	0	0	0	0	0	0	0	0	0	0	0	0	0	0	0	0	0	0	0	0	0	0	0	62	96	19	64	79	91	80	55	130	144	66	7	57	56	39	83	49	15	59	63	76	61	136	22	29	86	141	136	100	84	152	63	103	85	85	18	74	51	23	63	123	71	83	83	51	117	44	31	89	127	38	104	52	75	14	24	130	41	59	48	40	132	37	113	124	73	122	24	63	39	133	130	141	62	112	43	93	80	51	32	39	128	83	21	20	66	88	133	22	126	68	127	40	12	45	12	59	118	92	90	44	133	147	42
0	0	0	0	0	0	0	0	0	0	0	0	0	0	0	0	0	0	0	0	0	0	0	0	0	60	74	120	63	91	35	26	35	75	22	47	42	26	83	65	39	27	125	11	29	134	65	40	53	70	57	82	125	42	44	106	12	62	57	15	139	25	40	106	92	128	63	107	112	124	35	43	117	113	29	95	109	53	112	142	75	37	25	78	14	70	122	120	10	40	100	83	126	45	52	85	13	91	84	78	100	48	121	35	91	110	151	16	98	71	98	104	50	82	21	99	138	123	45	46	47	29	35	73	83	142	117	141
0	0	0	0	0	0	0	0	0	0	0	0	0	0	0	0	0	0	0	0	0	0	0	0	0	0	46	112	51	55	72	32	132	56	68	94	79	43	66	150	108	89	61	38	85	129	36	76	59	65	137	107	73	105	63	53	49	114	93	50	27	129	125	114	122	51	24	117	53	31	35	49	50	93	126	119	57	30	74	79	41	69	40	58	127	103	114	120	77	113	129	113	44	25	117	111	126	51	79	96	30	100	83	17	34	42	8	27	50	40	34	134	100	100	108	103	64	145	117	39	24	40	112	33	78	127	57	110
0	0	0	0	0	0	0	0	0	0	0	0	0	0	0	0	0	0	0	0	0	0	0	0	0	0	0	28	61	58	68	71	111	117	15	111	44	38	135	30	29	30	92	89	147	56	78	48	92	86	71	27	76	31	98	49	64	101	64	102	50	118	53	48	20	119	51	41	112	17	50	144	115	93	39	22	102	107	71	96	53	107	122	12	76	42	83	75	76	34	118	129	50	70	75	99	60	75	56	78	23	31	124	151	116	60	51	99	49	131	111	76	104	79	8	72	45	34	88	44	56	87	73	100	124	38	70	131
0	0	0	0	0	0	0	0	0	0	0	0	0	0	0	0	0	0	0	0	0	0	0	0	0	0	0	0	69	111	49	55	82	50	70	95	63	89	78	68	42	98	103	19	40	51	92	143	51	15	74	66	100	95	30	85	52	130	33	40	44	122	30	86	132	29	112	36	80	37	105	127	71	127	27	105	55	132	85	88	21	131	148	34	20	144	17	133	42	119	123	94	131	114	129	127	138	92	109	51	96	51	119	141	37	22	34	127	75	61	29	81	118	91	140	150	137	117	139	41	51	47	40	77	138	90	60	38
0	0	0	0	0	0	0	0	0	0	0	0	0	0	0	0	0	0	0	0	0	0	0	0	0	0	0	0	0	73	120	44	35	101	75	140	106	56	72	26	94	50	106	85	83	148	79	77	126	122	112	46	100	93	24	31	79	88	116	96	76	132	35	51	28	14	141	32	91	105	82	126	22	119	37	125	103	52	16	48	149	123	122	96	22	88	136	44	73	91	104	113	136	36	105	136	80	74	73	90	56	25	41	67	130	127	125	93	29	38	13	97	101	65	135	46	29	120	52	76	43	50	75	94	46	19	48	57
0	0	0	0	0	0	0	0	0	0	0	0	0	0	0	0	0	0	0	0	0	0	0	0	0	0	0	0	0	0	136	91	102	87	13	26	130	47	68	47	122	132	55	123	51	120	116	75	35	101	34	87	121	146	127	82	78	57	148	94	87	83	142	124	151	72	84	34	67	89	51	93	123	104	91	96	94	122	110	133	86	155	71	133	34	59	45	94	131	115	144	122	42	12	58	14	98	91	119	6	98	24	61	123	142	136	137	46	112	46	105	35	28	39	46	96	123	69	62	123	72	21	28	77	112	95	35	72
0	0	0	0	0	0	0	0	0	0	0	0	0	0	0	0	0	0	0	0	0	0	0	0	0	0	0	0	0	0	0	128	72	82	127	154	130	119	36	146	116	37	41	117	53	90	55	65	32	51	82	47	78	117	72	59	56	75	77	48	96	114	73	53	124	36	82	65	88	44	151	67	97	35	95	47	80	149	72	86	106	148	38	70	111	97	97	81	83	15	56	73	91	142	131	48	61	60	121	46	23	133	34	114	86	71	21	18	65	41	109	30	28	55	67	33	117	72	15	42	113	136	109	119	98	120	149	134
0	0	0	0	0	0	0	0	0	0	0	0	0	0	0	0	0	0	0	0	0	0	0	0	0	0	0	0	0	0	0	0	105	52	58	133	92	27	70	127	67	112	129	107	28	19	63	32	50	111	60	75	6	133	40	85	44	127	60	74	113	106	139	118	25	132	117	99	111	119	35	33	132	36	70	19	150	74	149	77	48	89	85	85	85	48	144	40	119	73	14	67	99	52	49	64	78	77	102	120	27	132	99	70	84	97	16	42	44	135	62	76	74	87	110	145	48	110	44	71	76	30	58	62	40	5	89	62
0	0	0	0	0	0	0	0	0	0	0	0	0	0	0	0	0	0	0	0	0	0	0	0	0	0	0	0	0	0	0	0	0	134	63	129	83	70	9	145	59	14	82	139	127	83	53	101	23	110	161	107	58	59	106	81	39	75	53	12	98	125	129	32	26	29	62	139	45	84	122	110	6	101	126	116	107	47	60	63	64	85	82	64	108	53	75	129	63	78	112	25	52	53	42	48	152	132	17	16	119	72	114	68	79	82	30	119	111	147	71	141	32	12	80	104	128	68	71	39	52	111	84	33	113	30	110	10
0	0	0	0	0	0	0	0	0	0	0	0	0	0	0	0	0	0	0	0	0	0	0	0	0	0	0	0	0	0	0	0	0	0	49	30	41	107	94	102	75	105	36	71	90	78	131	42	129	151	76	138	62	73	14	133	133	110	54	123	22	81	69	110	74	82	40	91	50	45	20	37	128	143	143	67	113	63	45	114	69	61	8	51	134	41	54	141	124	103	120	65	67	23	23	120	84	40	7	120	52	22	147	91	48	55	80	97	110	40	96	80	98	102	84	101	48	43	37	154	29	38	89	97	94	66	127	120
0	0	0	0	0	0	0	0	0	0	0	0	0	0	0	0	0	0	0	0	0	0	0	0	0	0	0	0	0	0	0	0	0	0	0	62	124	57	94	111	123	135	37	50	138	114	39	108	94	19	67	132	145	54	75	119	90	147	78	138	141	99	127	133	24	54	117	75	98	17	111	120	124	114	24	57	41	23	110	15	54	24	108	123	55	66	97	63	35	132	93	87	68	121	62	5	135	48	113	60	38	91	111	112	50	46	133	116	115	44	34	20	129	57	142	21	115	138	48	56	61	139	133	58	88	105	39	77
0	0	0	0	0	0	0	0	0	0	0	0	0	0	0	0	0	0	0	0	0	0	0	0	0	0	0	0	0	0	0	0	0	0	0	0	35	106	66	139	13	143	36	123	79	67	96	20	139	139	104	98	65	33	51	135	49	44	36	110	133	72	77	104	130	117	108	51	72	96	111	99	104	33	122	134	71	133	65	134	40	79	84	108	107	56	106	64	109	109	48	41	137	14	25	36	91	46	33	42	70	84	48	56	54	122	6	137	78	114	41	58	85	32	92	35	43	91	22	105	156	133	119	40	54	76	78	59
0	0	0	0	0	0	0	0	0	0	0	0	0	0	0	0	0	0	0	0	0	0	0	0	0	0	0	0	0	0	0	0	0	0	0	0	0	15	70	42	96	113	47	18	102	120	75	122	93	51	116	100	43	72	71	92	34	139	99	158	16	121	86	105	149	118	73	117	95	148	86	118	120	112	74	55	101	45	48	89	108	42	47	108	111	38	18	137	94	46	83	130	131	51	117	42	107	115	90	123	123	33	97	136	25	122	28	88	48	92	139	94	131	66	53	140	94	85	128	86	96	136	58	107	47	68	15	91
0	0	0	0	0	0	0	0	0	0	0	0	0	0	0	0	0	0	0	0	0	0	0	0	0	0	0	0	0	0	0	0	0	0	0	0	0	0	55	106	123	123	62	63	38	24	14	120	83	114	36	84	94	94	104	111	139	137	139	86	109	20	40	40	52	125	53	101	87	34	54	106	103	145	80	74	34	92	22	90	56	42	151	72	102	154	53	67	125	107	107	135	59	98	125	57	71	88	41	107	117	66	80	40	100	81	25	121	82	28	126	92	69	72	83	70	80	89	37	120	29	56	84	160	70	135	52	41
0	0	0	0	0	0	0	0	0	0	0	0	0	0	0	0	0	0	0	0	0	0	0	0	0	0	0	0	0	0	0	0	0	0	0	0	0	0	0	114	86	43	52	144	107	127	55	97	11	81	52	45	44	56	126	77	27	87	70	137	132	28	132	89	68	20	50	61	129	100	60	98	98	132	84	96	14	102	102	94	101	59	132	126	130	55	16	147	6	85	80	124	109	143	32	39	84	62	53	99	107	123	129	90	53	34	80	78	43	76	77	30	93	52	45	81	97	43	58	87	137	144	94	125	92	87	85	43
0	0	0	0	0	0	0	0	0	0	0	0	0	0	0	0	0	0	0	0	0	0	0	0	0	0	0	0	0	0	0	0	0	0	0	0	0	0	0	0	53	99	85	36	83	64	147	79	55	154	109	54	53	75	53	103	58	149	143	41	130	97	131	94	134	30	151	102	117	91	108	94	67	41	84	50	118	120	76	116	98	136	115	66	64	101	67	119	58	68	144	75	82	155	31	72	126	104	22	68	131	63	76	91	76	163	100	111	63	51	127	116	134	33	76	101	142	20	123	142	125	143	168	93	150	48	30	56
0	0	0	0	0	0	0	0	0	0	0	0	0	0	0	0	0	0	0	0	0	0	0	0	0	0	0	0	0	0	0	0	0	0	0	0	0	0	0	0	0	58	140	65	44	33	140	41	21	145	124	108	70	53	137	108	58	10	96	112	45	86	90	148	45	122	128	37	52	65	102	88	95	33	100	47	76	44	85	135	138	38	53	28	79	132	75	162	136	149	34	37	100	157	109	62	71	65	42	91	37	66	116	120	76	129	134	137	65	82	93	59	146	120	147	104	31	66	132	63	76	83	62	38	88	82	105	155
0	0	0	0	0	0	0	0	0	0	0	0	0	0	0	0	0	0	0	0	0	0	0	0	0	0	0	0	0	0	0	0	0	0	0	0	0	0	0	0	0	0	126	56	146	75	108	66	15	79	51	73	87	19	123	93	64	33	68	42	63	36	75	97	52	124	58	68	88	141	113	58	61	148	89	15	117	89	55	85	127	74	117	93	145	138	121	17	92	44	108	133	158	120	46	129	116	117	132	87	96	143	136	117	106	111	69	106	154	97	109	47	29	165	29	50	103	28	127	111	130	115	80	76	115	141	110	108
0	0	0	0	0	0	0	0	0	0	0	0	0	0	0	0	0	0	0	0	0	0	0	0	0	0	0	0	0	0	0	0	0	0	0	0	0	0	0	0	0	0	0	93	86	23	97	50	157	55	117	33	149	141	93	155	157	54	129	53	26	24	126	36	64	144	150	48	56	54	135	126	110	89	38	111	62	146	84	47	56	144	67	131	112	122	104	126	153	50	49	147	97	71	67	148	59	45	109	69	64	103	95	57	67	76	60	101	137	132	50	60	148	23	84	49	93	127	110	152	98	65	110	125	136	58	127	31
0	0	0	0	0	0	0	0	0	0	0	0	0	0	0	0	0	0	0	0	0	0	0	0	0	0	0	0	0	0	0	0	0	0	0	0	0	0	0	0	0	0	0	0	20	98	55	142	83	132	136	138	40	36	6	73	39	62	81	110	44	83	160	108	127	89	100	64	112	138	95	120	132	118	73	62	98	77	57	108	23	124	104	152	42	69	93	21	19	100	64	87	135	33	107	160	74	67	109	145	113	71	55	122	70	48	21	103	84	112	97	24	109	143	52	48	101	78	145	147	92	89	121	21	119	23	75	66
0	0	0	0	0	0	0	0	0	0	0	0	0	0	0	0	0	0	0	0	0	0	0	0	0	0	0	0	0	0	0	0	0	0	0	0	0	0	0	0	0	0	0	0	0	109	33	83	128	114	116	70	108	85	55	60	158	70	89	130	68	34	83	100	140	148	37	67	39	159	30	57	68	45	125	52	128	87	104	60	117	155	117	71	141	80	133	157	121	41	52	59	53	104	29	149	116	58	122	154	112	16	102	41	119	84	153	80	133	54	110	63	89	7	139	38	59	88	162	139	80	97	62	10	46	164	35	34
0	0	0	0	0	0	0	0	0	0	0	0	0	0	0	0	0	0	0	0	0	0	0	0	0	0	0	0	0	0	0	0	0	0	0	0	0	0	0	0	0	0	0	0	0	0	34	52	52	79	68	89	29	24	100	64	85	35	92	144	121	19	58	28	140	116	77	145	62	80	34	104	92	85	155	45	103	40	51	32	71	60	153	40	39	74	96	97	66	23	131	137	133	130	74	55	81	98	118	113	59	51	131	49	53	95	146	81	105	57	34	68	35	32	91	104	120	162	32	60	134	54	62	56	157	69	164	91
0	0	0	0	0	0	0	0	0	0	0	0	0	0	0	0	0	0	0	0	0	0	0	0	0	0	0	0	0	0	0	0	0	0	0	0	0	0	0	0	0	0	0	0	0	0	0	147	172	106	57	100	115	76	112	30	59	34	135	59	81	89	92	35	70	59	92	115	149	69	36	79	61	123	82	143	82	49	30	95	61	43	128	55	116	168	58	75	159	142	114	34	19	46	35	98	17	82	89	95	119	75	108	75	86	63	80	37	53	71	19	56	132	51	92	83	28	54	96	36	162	48	90	56	24	99	121	106
0	0	0	0	0	0	0	0	0	0	0	0	0	0	0	0	0	0	0	0	0	0	0	0	0	0	0	0	0	0	0	0	0	0	0	0	0	0	0	0	0	0	0	0	0	0	0	0	92	130	58	69	45	105	96	68	51	35	93	11	87	104	161	132	19	123	166	43	65	56	70	31	84	125	92	84	76	39	70	117	78	29	128	57	57	41	129	136	111	73	106	39	92	48	145	41	55	65	53	128	28	105	61	90	111	149	150	125	87	151	64	61	70	162	133	110	137	97	74	74	93	140	100	110	95	78	97	42
0	0	0	0	0	0	0	0	0	0	0	0	0	0	0	0	0	0	0	0	0	0	0	0	0	0	0	0	0	0	0	0	0	0	0	0	0	0	0	0	0	0	0	0	0	0	0	0	0	79	95	57	50	138	110	115	114	121	117	69	104	38	103	56	107	108	113	128	125	104	79	65	60	105	70	125	103	86	83	138	121	72	54	123	164	114	95	43	120	71	64	144	41	143	131	148	22	70	80	38	100	109	40	72	127	50	26	155	121	123	75	45	151	94	137	58	51	30	58	53	42	56	123	93	87	57	43	39
0	0	0	0	0	0	0	0	0	0	0	0	0	0	0	0	0	0	0	0	0	0	0	0	0	0	0	0	0	0	0	0	0	0	0	0	0	0	0	0	0	0	0	0	0	0	0	0	0	0	51	82	37	97	140	77	116	145	68	75	38	99	61	112	134	44	87	139	14	106	146	80	58	110	67	83	110	99	92	125	107	67	110	74	152	29	94	26	148	104	50	37	87	25	84	47	128	102	111	92	91	123	37	116	93	147	118	133	57	108	120	54	50	29	124	100	65	61	87	128	57	131	35	144	39	42	33	52
0	0	0	0	0	0	0	0	0	0	0	0	0	0	0	0	0	0	0	0	0	0	0	0	0	0	0	0	0	0	0	0	0	0	0	0	0	0	0	0	0	0	0	0	0	0	0	0	0	0	0	86	121	43	112	101	158	49	120	127	75	54	117	57	82	34	99	76	153	163	90	176	95	132	60	134	138	142	139	140	104	146	94	94	140	48	95	135	50	111	142	59	107	112	17	142	108	107	143	64	135	132	83	35	67	141	42	130	129	33	44	176	154	163	28	46	56	97	157	83	53	111	33	78	40	90	64	80
0	0	0	0	0	0	0	0	0	0	0	0	0	0	0	0	0	0	0	0	0	0	0	0	0	0	0	0	0	0	0	0	0	0	0	0	0	0	0	0	0	0	0	0	0	0	0	0	0	0	0	0	49	82	148	167	111	73	75	132	27	112	23	6	112	73	67	157	58	62	123	100	85	106	35	67	79	142	82	72	142	62	24	139	164	63	100	149	137	59	74	68	108	35	152	108	103	117	47	152	51	132	147	45	138	76	57	137	81	131	119	92	121	122	121	128	144	55	154	60	79	54	57	108	100	81	3	72
0	0	0	0	0	0	0	0	0	0	0	0	0	0	0	0	0	0	0	0	0	0	0	0	0	0	0	0	0	0	0	0	0	0	0	0	0	0	0	0	0	0	0	0	0	0	0	0	0	0	0	0	0	126	59	94	131	143	122	137	125	134	97	45	91	20	92	104	35	105	141	48	91	91	29	171	87	40	60	92	137	54	121	120	153	124	13	122	130	25	50	130	143	95	49	159	146	111	110	150	159	145	92	56	141	133	80	101	132	55	53	107	125	55	107	127	11	24	116	87	25	127	104	45	68	96	91	88
0	0	0	0	0	0	0	0	0	0	0	0	0	0	0	0	0	0	0	0	0	0	0	0	0	0	0	0	0	0	0	0	0	0	0	0	0	0	0	0	0	0	0	0	0	0	0	0	0	0	0	0	0	0	143	104	61	115	83	72	40	96	80	84	69	119	64	125	137	139	47	83	91	182	58	104	148	79	69	133	32	71	167	26	29	110	37	43	97	114	92	57	161	79	90	87	31	76	101	88	58	160	82	36	129	32	123	121	50	46	83	125	17	105	117	100	56	159	31	130	167	130	56	55	132	131	74	50
0	0	0	0	0	0	0	0	0	0	0	0	0	0	0	0	0	0	0	0	0	0	0	0	0	0	0	0	0	0	0	0	0	0	0	0	0	0	0	0	0	0	0	0	0	0	0	0	0	0	0	0	0	0	0	22	113	27	14	130	102	43	54	109	62	54	77	56	50	51	118	32	36	57	156	139	63	117	88	29	120	80	37	103	62	54	127	43	156	54	34	79	123	114	69	54	33	111	78	55	111	67	63	97	18	49	97	130	134	48	82	16	51	164	29	40	124	149	140	114	83	75	119	111	83	55	122	160
0	0	0	0	0	0	0	0	0	0	0	0	0	0	0	0	0	0	0	0	0	0	0	0	0	0	0	0	0	0	0	0	0	0	0	0	0	0	0	0	0	0	0	0	0	0	0	0	0	0	0	0	0	0	0	0	54	118	113	140	101	95	94	59	115	125	142	66	80	56	88	161	95	49	110	74	25	151	78	35	103	73	55	87	156	118	51	102	54	122	56	41	170	112	133	58	105	86	100	50	98	132	123	151	80	93	138	53	57	46	83	103	120	47	61	41	144	133	81	30	26	117	100	87	54	56	67	124
0	0	0	0	0	0	0	0	0	0	0	0	0	0	0	0	0	0	0	0	0	0	0	0	0	0	0	0	0	0	0	0	0	0	0	0	0	0	0	0	0	0	0	0	0	0	0	0	0	0	0	0	0	0	0	0	0	36	132	46	137	68	98	81	89	35	66	99	154	142	115	95	60	139	133	137	101	57	147	104	41	154	62	91	124	39	156	93	86	60	179	38	78	134	88	48	49	64	57	148	160	128	153	75	42	87	61	145	135	128	73	158	41	62	97	130	40	95	102	91	76	105	84	73	147	94	82	158
0	0	0	0	0	0	0	0	0	0	0	0	0	0	0	0	0	0	0	0	0	0	0	0	0	0	0	0	0	0	0	0	0	0	0	0	0	0	0	0	0	0	0	0	0	0	0	0	0	0	0	0	0	0	0	0	0	0	57	157	23	153	147	50	70	102	64	75	149	73	78	78	98	135	85	72	144	149	125	91	145	152	84	72	129	21	139	70	163	144	74	21	133	88	36	58	19	122	97	94	136	57	107	53	66	27	123	94	55	40	57	69	97	10	83	111	141	62	96	145	78	95	100	112	108	42	47	19
0	0	0	0	0	0	0	0	0	0	0	0	0	0	0	0	0	0	0	0	0	0	0	0	0	0	0	0	0	0	0	0	0	0	0	0	0	0	0	0	0	0	0	0	0	0	0	0	0	0	0	0	0	0	0	0	0	0	0	117	60	114	140	114	124	45	38	96	94	65	132	54	46	23	135	73	167	26	98	49	24	129	66	118	73	147	74	121	120	121	87	99	92	23	127	133	132	87	123	113	60	93	74	36	34	100	83	148	79	40	44	135	157	70	95	114	126	40	104	52	42	20	50	106	89	143	50	97
0	0	0	0	0	0	0	0	0	0	0	0	0	0	0	0	0	0	0	0	0	0	0	0	0	0	0	0	0	0	0	0	0	0	0	0	0	0	0	0	0	0	0	0	0	0	0	0	0	0	0	0	0	0	0	0	0	0	0	0	73	93	51	34	69	138	174	85	80	76	143	150	129	78	151	14	136	63	126	130	112	73	74	68	95	55	67	116	82	93	16	170	56	79	119	91	127	144	38	144	76	25	121	145	128	39	160	76	114	150	164	13	84	43	154	120	40	127	89	75	70	94	119	78	39	75	169	88
0	0	0	0	0	0	0	0	0	0	0	0	0	0	0	0	0	0	0	0	0	0	0	0	0	0	0	0	0	0	0	0	0	0	0	0	0	0	0	0	0	0	0	0	0	0	0	0	0	0	0	0	0	0	0	0	0	0	0	0	0	104	179	106	85	88	119	43	124	56	131	135	87	183	76	145	75	22	31	70	138	111	135	86	175	124	81	77	162	99	130	180	130	73	119	116	67	169	131	85	7	76	98	136	59	95	74	123	137	100	89	69	79	73	97	105	56	101	142	185	85	73	69	56	65	100	97	64
0	0	0	0	0	0	0	0	0	0	0	0	0	0	0	0	0	0	0	0	0	0	0	0	0	0	0	0	0	0	0	0	0	0	0	0	0	0	0	0	0	0	0	0	0	0	0	0	0	0	0	0	0	0	0	0	0	0	0	0	0	0	136	120	64	82	47	72	106	133	110	130	91	128	86	116	104	90	125	126	144	122	125	51	80	48	80	124	65	33	143	135	140	58	64	85	84	135	17	50	149	115	155	146	123	53	26	156	36	135	163	95	47	144	114	134	81	59	155	78	116	76	74	92	132	64	154	152
0	0	0	0	0	0	0	0	0	0	0	0	0	0	0	0	0	0	0	0	0	0	0	0	0	0	0	0	0	0	0	0	0	0	0	0	0	0	0	0	0	0	0	0	0	0	0	0	0	0	0	0	0	0	0	0	0	0	0	0	0	0	0	134	161	72	90	155	112	102	62	87	47	132	18	105	117	72	133	110	131	182	31	160	98	155	35	60	17	32	14	88	143	139	74	112	127	60	135	81	124	136	164	98	78	15	36	140	145	138	99	129	54	144	63	113	165	53	102	106	34	83	123	48	151	108	49	81
0	0	0	0	0	0	0	0	0	0	0	0	0	0	0	0	0	0	0	0	0	0	0	0	0	0	0	0	0	0	0	0	0	0	0	0	0	0	0	0	0	0	0	0	0	0	0	0	0	0	0	0	0	0	0	0	0	0	0	0	0	0	0	0	102	156	117	46	31	96	78	85	136	138	186	153	135	113	153	110	124	154	11	144	136	71	46	69	39	68	162	123	75	127	131	44	163	153	13	152	94	90	86	51	94	117	36	80	40	66	57	82	156	33	37	31	141	127	134	123	132	96	178	77	107	109	143	48
0	0	0	0	0	0	0	0	0	0	0	0	0	0	0	0	0	0	0	0	0	0	0	0	0	0	0	0	0	0	0	0	0	0	0	0	0	0	0	0	0	0	0	0	0	0	0	0	0	0	0	0	0	0	0	0	0	0	0	0	0	0	0	0	0	91	36	120	170	123	91	118	140	63	38	124	71	111	42	70	85	117	111	116	39	127	86	104	132	98	118	133	105	132	123	69	151	133	102	54	78	117	62	95	134	90	173	98	60	62	80	42	111	15	78	108	143	172	109	69	107	116	118	107	137	168	64	86
0	0	0	0	0	0	0	0	0	0	0	0	0	0	0	0	0	0	0	0	0	0	0	0	0	0	0	0	0	0	0	0	0	0	0	0	0	0	0	0	0	0	0	0	0	0	0	0	0	0	0	0	0	0	0	0	0	0	0	0	0	0	0	0	0	0	72	91	67	134	145	68	77	51	103	115	149	113	102	75	160	51	27	97	74	134	159	105	54	73	143	40	116	134	23	116	23	98	39	105	119	73	128	160	184	49	71	110	131	37	67	93	72	146	163	105	147	23	73	72	42	63	69	128	133	111	140	59
0	0	0	0	0	0	0	0	0	0	0	0	0	0	0	0	0	0	0	0	0	0	0	0	0	0	0	0	0	0	0	0	0	0	0	0	0	0	0	0	0	0	0	0	0	0	0	0	0	0	0	0	0	0	0	0	0	0	0	0	0	0	0	0	0	0	0	160	134	74	53	123	115	142	169	82	47	83	84	87	191	27	98	141	137	97	129	16	159	143	162	62	146	100	174	147	80	24	152	96	62	168	118	57	37	125	52	130	74	37	151	158	121	89	88	132	104	78	134	109	53	121	25	90	186	130	64	51
0	0	0	0	0	0	0	0	0	0	0	0	0	0	0	0	0	0	0	0	0	0	0	0	0	0	0	0	0	0	0	0	0	0	0	0	0	0	0	0	0	0	0	0	0	0	0	0	0	0	0	0	0	0	0	0	0	0	0	0	0	0	0	0	0	0	0	0	154	61	76	154	135	144	35	173	31	36	105	171	131	87	164	55	86	160	138	117	137	59	28	60	18	101	106	182	134	54	60	92	73	53	110	76	59	94	113	151	93	51	110	178	63	114	63	130	136	66	122	119	127	182	125	136	137	45	128	143
0	0	0	0	0	0	0	0	0	0	0	0	0	0	0	0	0	0	0	0	0	0	0	0	0	0	0	0	0	0	0	0	0	0	0	0	0	0	0	0	0	0	0	0	0	0	0	0	0	0	0	0	0	0	0	0	0	0	0	0	0	0	0	0	0	0	0	0	0	98	88	130	52	20	146	127	155	130	15	97	171	77	77	103	20	47	92	95	95	59	110	94	79	37	25	145	17	126	114	128	110	189	62	132	72	62	109	94	64	92	70	83	109	151	22	100	138	147	131	116	72	102	31	37	180	46	153	46
0	0	0	0	0	0	0	0	0	0	0	0	0	0	0	0	0	0	0	0	0	0	0	0	0	0	0	0	0	0	0	0	0	0	0	0	0	0	0	0	0	0	0	0	0	0	0	0	0	0	0	0	0	0	0	0	0	0	0	0	0	0	0	0	0	0	0	0	0	0	122	182	71	81	96	50	36	146	55	146	32	119	62	78	42	34	70	50	84	92	84	114	121	116	140	38	117	90	136	133	76	80	77	168	157	61	162	40	129	85	108	118	83	45	175	122	82	92	82	75	41	106	64	106	109	157	47	102
0	0	0	0	0	0	0	0	0	0	0	0	0	0	0	0	0	0	0	0	0	0	0	0	0	0	0	0	0	0	0	0	0	0	0	0	0	0	0	0	0	0	0	0	0	0	0	0	0	0	0	0	0	0	0	0	0	0	0	0	0	0	0	0	0	0	0	0	0	0	0	150	87	89	27	79	113	59	127	62	110	89	144	135	143	80	5	125	70	75	91	120	118	115	107	81	99	171	83	82	98	65	171	65	154	54	133	97	112	85	126	140	118	169	144	133	176	112	106	37	74	28	67	29	59	90	110	132
0	0	0	0	0	0	0	0	0	0	0	0	0	0	0	0	0	0	0	0	0	0	0	0	0	0	0	0	0	0	0	0	0	0	0	0	0	0	0	0	0	0	0	0	0	0	0	0	0	0	0	0	0	0	0	0	0	0	0	0	0	0	0	0	0	0	0	0	0	0	0	0	137	122	113	137	118	153	154	119	52	148	180	110	101	125	129	169	92	101	143	164	86	13	98	68	74	124	92	117	129	165	85	188	39	95	32	83	136	84	127	59	75	64	187	75	129	96	160	60	61	44	130	137	45	182	46	157
0	0	0	0	0	0	0	0	0	0	0	0	0	0	0	0	0	0	0	0	0	0	0	0	0	0	0	0	0	0	0	0	0	0	0	0	0	0	0	0	0	0	0	0	0	0	0	0	0	0	0	0	0	0	0	0	0	0	0	0	0	0	0	0	0	0	0	0	0	0	0	0	0	98	173	189	45	66	140	150	124	141	181	179	147	103	37	128	61	106	91	63	89	121	88	15	57	66	80	103	178	126	50	76	95	89	85	101	67	189	165	45	39	103	54	51	151	99	71	158	68	92	61	118	142	131	67	173
0	0	0	0	0	0	0	0	0	0	0	0	0	0	0	0	0	0	0	0	0	0	0	0	0	0	0	0	0	0	0	0	0	0	0	0	0	0	0	0	0	0	0	0	0	0	0	0	0	0	0	0	0	0	0	0	0	0	0	0	0	0	0	0	0	0	0	0	0	0	0	0	0	0	36	55	174	195	57	163	131	69	148	120	17	163	88	91	136	159	73	137	83	96	132	102	116	112	108	180	72	125	98	65	53	167	132	156	147	65	132	122	164	171	96	58	54	114	141	108	136	164	4	160	98	45	143	146
0	0	0	0	0	0	0	0	0	0	0	0	0	0	0	0	0	0	0	0	0	0	0	0	0	0	0	0	0	0	0	0	0	0	0	0	0	0	0	0	0	0	0	0	0	0	0	0	0	0	0	0	0	0	0	0	0	0	0	0	0	0	0	0	0	0	0	0	0	0	0	0	0	0	0	113	100	166	119	45	91	81	102	111	65	91	87	100	108	67	93	76	73	85	192	102	119	170	81	161	152	113	88	92	96	35	147	67	83	179	122	176	44	108	80	50	97	85	82	77	104	47	109	131	76	157	83	95
0	0	0	0	0	0	0	0	0	0	0	0	0	0	0	0	0	0	0	0	0	0	0	0	0	0	0	0	0	0	0	0	0	0	0	0	0	0	0	0	0	0	0	0	0	0	0	0	0	0	0	0	0	0	0	0	0	0	0	0	0	0	0	0	0	0	0	0	0	0	0	0	0	0	0	0	74	130	44	39	93	146	68	132	120	105	110	114	145	149	66	140	193	50	75	73	102	119	101	96	156	125	53	21	82	90	63	81	67	120	120	143	146	124	157	96	124	88	128	89	96	99	146	57	148	193	103	95
0	0	0	0	0	0	0	0	0	0	0	0	0	0	0	0	0	0	0	0	0	0	0	0	0	0	0	0	0	0	0	0	0	0	0	0	0	0	0	0	0	0	0	0	0	0	0	0	0	0	0	0	0	0	0	0	0	0	0	0	0	0	0	0	0	0	0	0	0	0	0	0	0	0	0	0	0	180	148	129	80	68	75	79	64	114	156	79	134	191	159	73	183	81	152	21	63	45	72	117	38	42	15	94	61	53	46	127	41	86	104	60	130	143	112	18	84	83	118	60	85	140	117	141	170	118	114	168
0	0	0	0	0	0	0	0	0	0	0	0	0	0	0	0	0	0	0	0	0	0	0	0	0	0	0	0	0	0	0	0	0	0	0	0	0	0	0	0	0	0	0	0	0	0	0	0	0	0	0	0	0	0	0	0	0	0	0	0	0	0	0	0	0	0	0	0	0	0	0	0	0	0	0	0	0	0	51	69	54	113	98	35	91	99	88	108	47	31	103	175	32	85	106	24	53	189	82	146	93	67	49	54	121	78	32	110	62	61	165	140	47	112	83	81	113	77	134	128	155	79	114	86	83	117	72	128
0	0	0	0	0	0	0	0	0	0	0	0	0	0	0	0	0	0	0	0	0	0	0	0	0	0	0	0	0	0	0	0	0	0	0	0	0	0	0	0	0	0	0	0	0	0	0	0	0	0	0	0	0	0	0	0	0	0	0	0	0	0	0	0	0	0	0	0	0	0	0	0	0	0	0	0	0	0	0	69	193	117	146	41	9	65	67	125	50	106	94	81	71	112	185	43	63	155	74	126	90	67	123	150	65	41	99	87	94	151	147	145	125	66	72	105	40	48	67	170	150	123	182	13	118	52	119	122
0	0	0	0	0	0	0	0	0	0	0	0	0	0	0	0	0	0	0	0	0	0	0	0	0	0	0	0	0	0	0	0	0	0	0	0	0	0	0	0	0	0	0	0	0	0	0	0	0	0	0	0	0	0	0	0	0	0	0	0	0	0	0	0	0	0	0	0	0	0	0	0	0	0	0	0	0	0	0	0	110	84	128	31	130	117	104	152	84	29	102	125	37	53	124	125	116	69	161	181	128	38	97	120	27	131	139	75	97	134	123	27	105	117	58	59	132	139	93	83	52	123	86	105	78	190	74	161
0	0	0	0	0	0	0	0	0	0	0	0	0	0	0	0	0	0	0	0	0	0	0	0	0	0	0	0	0	0	0	0	0	0	0	0	0	0	0	0	0	0	0	0	0	0	0	0	0	0	0	0	0	0	0	0	0	0	0	0	0	0	0	0	0	0	0	0	0	0	0	0	0	0	0	0	0	0	0	0	0	96	118	45	112	70	159	157	50	39	143	82	70	160	164	129	162	83	123	56	81	156	158	190	73	70	166	143	105	37	164	54	139	98	118	84	107	87	74	112	112	86	124	147	73	30	88	95
0	0	0	0	0	0	0	0	0	0	0	0	0	0	0	0	0	0	0	0	0	0	0	0	0	0	0	0	0	0	0	0	0	0	0	0	0	0	0	0	0	0	0	0	0	0	0	0	0	0	0	0	0	0	0	0	0	0	0	0	0	0	0	0	0	0	0	0	0	0	0	0	0	0	0	0	0	0	0	0	0	0	169	126	105	115	127	125	100	90	28	66	162	114	23	151	163	83	100	25	133	177	135	98	131	79	112	141	57	139	45	109	89	105	77	133	187	24	100	122	114	161	56	68	111	68	169	116
0	0	0	0	0	0	0	0	0	0	0	0	0	0	0	0	0	0	0	0	0	0	0	0	0	0	0	0	0	0	0	0	0	0	0	0	0	0	0	0	0	0	0	0	0	0	0	0	0	0	0	0	0	0	0	0	0	0	0	0	0	0	0	0	0	0	0	0	0	0	0	0	0	0	0	0	0	0	0	0	0	0	0	104	65	166	70	178	75	27	160	129	85	171	138	135	34	51	100	91	171	29	97	67	159	92	179	66	155	106	68	135	103	64	12	129	189	35	106	110	113	179	26	62	148	139	66	158
0	0	0	0	0	0	0	0	0	0	0	0	0	0	0	0	0	0	0	0	0	0	0	0	0	0	0	0	0	0	0	0	0	0	0	0	0	0	0	0	0	0	0	0	0	0	0	0	0	0	0	0	0	0	0	0	0	0	0	0	0	0	0	0	0	0	0	0	0	0	0	0	0	0	0	0	0	0	0	0	0	0	0	0	145	120	193	80	102	84	139	82	25	127	96	135	21	175	70	149	127	145	115	119	140	44	41	43	173	11	66	116	118	98	110	168	43	83	113	81	93	69	70	23	84	117	79	116
0	0	0	0	0	0	0	0	0	0	0	0	0	0	0	0	0	0	0	0	0	0	0	0	0	0	0	0	0	0	0	0	0	0	0	0	0	0	0	0	0	0	0	0	0	0	0	0	0	0	0	0	0	0	0	0	0	0	0	0	0	0	0	0	0	0	0	0	0	0	0	0	0	0	0	0	0	0	0	0	0	0	0	0	0	114	88	59	66	135	30	129	171	63	24	103	66	103	149	39	34	134	45	92	107	32	85	153	111	137	82	41	171	187	117	140	115	96	127	43	90	104	166	147	133	143	52	59
0	0	0	0	0	0	0	0	0	0	0	0	0	0	0	0	0	0	0	0	0	0	0	0	0	0	0	0	0	0	0	0	0	0	0	0	0	0	0	0	0	0	0	0	0	0	0	0	0	0	0	0	0	0	0	0	0	0	0	0	0	0	0	0	0	0	0	0	0	0	0	0	0	0	0	0	0	0	0	0	0	0	0	0	0	0	169	64	170	18	111	86	123	78	119	177	107	133	100	166	89	98	135	175	146	86	94	110	142	39	118	160	104	147	78	152	161	196	130	110	103	186	65	36	112	73	140	80
0	0	0	0	0	0	0	0	0	0	0	0	0	0	0	0	0	0	0	0	0	0	0	0	0	0	0	0	0	0	0	0	0	0	0	0	0	0	0	0	0	0	0	0	0	0	0	0	0	0	0	0	0	0	0	0	0	0	0	0	0	0	0	0	0	0	0	0	0	0	0	0	0	0	0	0	0	0	0	0	0	0	0	0	0	0	0	72	157	99	110	112	125	47	130	57	76	124	119	191	105	154	196	102	140	142	159	109	163	85	104	71	150	29	156	139	110	75	150	178	118	93	36	83	73	63	75	116
0	0	0	0	0	0	0	0	0	0	0	0	0	0	0	0	0	0	0	0	0	0	0	0	0	0	0	0	0	0	0	0	0	0	0	0	0	0	0	0	0	0	0	0	0	0	0	0	0	0	0	0	0	0	0	0	0	0	0	0	0	0	0	0	0	0	0	0	0	0	0	0	0	0	0	0	0	0	0	0	0	0	0	0	0	0	0	0	71	74	25	125	101	132	44	149	191	172	191	163	153	152	92	123	78	45	153	152	174	151	75	113	182	135	63	154	110	115	76	87	100	177	93	27	138	146	116	49
0	0	0	0	0	0	0	0	0	0	0	0	0	0	0	0	0	0	0	0	0	0	0	0	0	0	0	0	0	0	0	0	0	0	0	0	0	0	0	0	0	0	0	0	0	0	0	0	0	0	0	0	0	0	0	0	0	0	0	0	0	0	0	0	0	0	0	0	0	0	0	0	0	0	0	0	0	0	0	0	0	0	0	0	0	0	0	0	0	92	92	159	94	144	93	127	87	173	144	127	115	61	8	170	108	154	147	131	85	161	42	90	93	85	155	96	60	132	75	144	47	92	122	134	83	148	135	104
0	0	0	0	0	0	0	0	0	0	0	0	0	0	0	0	0	0	0	0	0	0	0	0	0	0	0	0	0	0	0	0	0	0	0	0	0	0	0	0	0	0	0	0	0	0	0	0	0	0	0	0	0	0	0	0	0	0	0	0	0	0	0	0	0	0	0	0	0	0	0	0	0	0	0	0	0	0	0	0	0	0	0	0	0	0	0	0	0	0	103	80	108	49	200	153	101	50	119	97	82	95	46	203	67	129	138	127	170	148	124	102	156	132	131	114	159	102	51	147	126	76	80	94	75	137	69	87
0	0	0	0	0	0	0	0	0	0	0	0	0	0	0	0	0	0	0	0	0	0	0	0	0	0	0	0	0	0	0	0	0	0	0	0	0	0	0	0	0	0	0	0	0	0	0	0	0	0	0	0	0	0	0	0	0	0	0	0	0	0	0	0	0	0	0	0	0	0	0	0	0	0	0	0	0	0	0	0	0	0	0	0	0	0	0	0	0	0	0	49	91	87	30	53	114	114	166	71	168	128	37	64	67	155	134	145	208	79	107	70	156	58	138	133	73	68	141	170	108	98	181	114	119	38	47	158
0	0	0	0	0	0	0	0	0	0	0	0	0	0	0	0	0	0	0	0	0	0	0	0	0	0	0	0	0	0	0	0	0	0	0	0	0	0	0	0	0	0	0	0	0	0	0	0	0	0	0	0	0	0	0	0	0	0	0	0	0	0	0	0	0	0	0	0	0	0	0	0	0	0	0	0	0	0	0	0	0	0	0	0	0	0	0	0	0	0	0	0	46	38	93	75	152	105	13	88	133	77	103	114	163	62	108	58	96	104	29	94	25	106	82	76	119	120	58	75	77	106	193	88	134	39	157	46
0	0	0	0	0	0	0	0	0	0	0	0	0	0	0	0	0	0	0	0	0	0	0	0	0	0	0	0	0	0	0	0	0	0	0	0	0	0	0	0	0	0	0	0	0	0	0	0	0	0	0	0	0	0	0	0	0	0	0	0	0	0	0	0	0	0	0	0	0	0	0	0	0	0	0	0	0	0	0	0	0	0	0	0	0	0	0	0	0	0	0	0	0	77	191	174	170	84	89	120	15	184	145	123	160	157	121	170	206	96	189	122	126	161	74	75	204	63	2	198	102	109	123	136	102	128	63	210
0	0	0	0	0	0	0	0	0	0	0	0	0	0	0	0	0	0	0	0	0	0	0	0	0	0	0	0	0	0	0	0	0	0	0	0	0	0	0	0	0	0	0	0	0	0	0	0	0	0	0	0	0	0	0	0	0	0	0	0	0	0	0	0	0	0	0	0	0	0	0	0	0	0	0	0	0	0	0	0	0	0	0	0	0	0	0	0	0	0	0	0	0	0	106	67	187	107	111	126	143	135	108	176	56	155	191	62	148	48	105	134	58	186	93	156	160	193	35	182	119	165	88	100	146	86	161	181
0	0	0	0	0	0	0	0	0	0	0	0	0	0	0	0	0	0	0	0	0	0	0	0	0	0	0	0	0	0	0	0	0	0	0	0	0	0	0	0	0	0	0	0	0	0	0	0	0	0	0	0	0	0	0	0	0	0	0	0	0	0	0	0	0	0	0	0	0	0	0	0	0	0	0	0	0	0	0	0	0	0	0	0	0	0	0	0	0	0	0	0	0	0	0	98	135	14	119	30	121	87	80	133	153	118	124	11	62	110	109	63	135	82	138	153	157	63	36	47	112	142	75	126	69	53	97	99
0	0	0	0	0	0	0	0	0	0	0	0	0	0	0	0	0	0	0	0	0	0	0	0	0	0	0	0	0	0	0	0	0	0	0	0	0	0	0	0	0	0	0	0	0	0	0	0	0	0	0	0	0	0	0	0	0	0	0	0	0	0	0	0	0	0	0	0	0	0	0	0	0	0	0	0	0	0	0	0	0	0	0	0	0	0	0	0	0	0	0	0	0	0	0	0	128	179	122	113	91	162	65	113	87	76	53	98	136	158	167	55	56	118	86	75	109	199	179	165	15	166	94	71	75	195	102	64
0	0	0	0	0	0	0	0	0	0	0	0	0	0	0	0	0	0	0	0	0	0	0	0	0	0	0	0	0	0	0	0	0	0	0	0	0	0	0	0	0	0	0	0	0	0	0	0	0	0	0	0	0	0	0	0	0	0	0	0	0	0	0	0	0	0	0	0	0	0	0	0	0	0	0	0	0	0	0	0	0	0	0	0	0	0	0	0	0	0	0	0	0	0	0	0	0	205	108	201	115	174	150	116	134	108	131	159	126	38	84	131	84	154	89	178	86	187	45	153	105	99	95	112	143	145	50	137
0	0	0	0	0	0	0	0	0	0	0	0	0	0	0	0	0	0	0	0	0	0	0	0	0	0	0	0	0	0	0	0	0	0	0	0	0	0	0	0	0	0	0	0	0	0	0	0	0	0	0	0	0	0	0	0	0	0	0	0	0	0	0	0	0	0	0	0	0	0	0	0	0	0	0	0	0	0	0	0	0	0	0	0	0	0	0	0	0	0	0	0	0	0	0	0	0	0	141	132	87	132	68	196	212	153	207	117	129	132	131	56	109	99	93	197	150	76	81	102	106	51	188	171	81	58	115	178
0	0	0	0	0	0	0	0	0	0	0	0	0	0	0	0	0	0	0	0	0	0	0	0	0	0	0	0	0	0	0	0	0	0	0	0	0	0	0	0	0	0	0	0	0	0	0	0	0	0	0	0	0	0	0	0	0	0	0	0	0	0	0	0	0	0	0	0	0	0	0	0	0	0	0	0	0	0	0	0	0	0	0	0	0	0	0	0	0	0	0	0	0	0	0	0	0	0	0	113	103	151	140	143	111	113	124	172	110	56	196	200	64	167	164	130	125	50	117	134	171	87	71	69	86	50	128	98
0	0	0	0	0	0	0	0	0	0	0	0	0	0	0	0	0	0	0	0	0	0	0	0	0	0	0	0	0	0	0	0	0	0	0	0	0	0	0	0	0	0	0	0	0	0	0	0	0	0	0	0	0	0	0	0	0	0	0	0	0	0	0	0	0	0	0	0	0	0	0	0	0	0	0	0	0	0	0	0	0	0	0	0	0	0	0	0	0	0	0	0	0	0	0	0	0	0	0	0	123	102	88	116	85	188	42	22	121	134	89	166	115	93	39	167	171	116	166	80	131	100	122	206	216	191	127	154
0	0	0	0	0	0	0	0	0	0	0	0	0	0	0	0	0	0	0	0	0	0	0	0	0	0	0	0	0	0	0	0	0	0	0	0	0	0	0	0	0	0	0	0	0	0	0	0	0	0	0	0	0	0	0	0	0	0	0	0	0	0	0	0	0	0	0	0	0	0	0	0	0	0	0	0	0	0	0	0	0	0	0	0	0	0	0	0	0	0	0	0	0	0	0	0	0	0	0	0	0	76	158	131	150	26	193	118	156	131	215	111	131	59	127	203	134	107	117	85	130	107	64	120	17	49	85	45
0	0	0	0	0	0	0	0	0	0	0	0	0	0	0	0	0	0	0	0	0	0	0	0	0	0	0	0	0	0	0	0	0	0	0	0	0	0	0	0	0	0	0	0	0	0	0	0	0	0	0	0	0	0	0	0	0	0	0	0	0	0	0	0	0	0	0	0	0	0	0	0	0	0	0	0	0	0	0	0	0	0	0	0	0	0	0	0	0	0	0	0	0	0	0	0	0	0	0	0	0	0	204	177	172	118	139	50	159	133	98	118	38	166	165	113	154	213	105	118	159	22	79	79	185	32	108	155
0	0	0	0	0	0	0	0	0	0	0	0	0	0	0	0	0	0	0	0	0	0	0	0	0	0	0	0	0	0	0	0	0	0	0	0	0	0	0	0	0	0	0	0	0	0	0	0	0	0	0	0	0	0	0	0	0	0	0	0	0	0	0	0	0	0	0	0	0	0	0	0	0	0	0	0	0	0	0	0	0	0	0	0	0	0	0	0	0	0	0	0	0	0	0	0	0	0	0	0	0	0	0	176	127	124	130	160	111	176	101	115	159	143	168	80	54	92	103	129	105	137	67	208	63	71	110	51
0	0	0	0	0	0	0	0	0	0	0	0	0	0	0	0	0	0	0	0	0	0	0	0	0	0	0	0	0	0	0	0	0	0	0	0	0	0	0	0	0	0	0	0	0	0	0	0	0	0	0	0	0	0	0	0	0	0	0	0	0	0	0	0	0	0	0	0	0	0	0	0	0	0	0	0	0	0	0	0	0	0	0	0	0	0	0	0	0	0	0	0	0	0	0	0	0	0	0	0	0	0	0	0	13	51	93	83	106	98	117	201	156	75	109	145	112	47	155	109	98	51	101	173	63	125	44	145
0	0	0	0	0	0	0	0	0	0	0	0	0	0	0	0	0	0	0	0	0	0	0	0	0	0	0	0	0	0	0	0	0	0	0	0	0	0	0	0	0	0	0	0	0	0	0	0	0	0	0	0	0	0	0	0	0	0	0	0	0	0	0	0	0	0	0	0	0	0	0	0	0	0	0	0	0	0	0	0	0	0	0	0	0	0	0	0	0	0	0	0	0	0	0	0	0	0	0	0	0	0	0	0	0	162	167	52	133	56	93	107	178	118	178	157	104	28	107	97	81	6	108	181	76	94	141	185
0	0	0	0	0	0	0	0	0	0	0	0	0	0	0	0	0	0	0	0	0	0	0	0	0	0	0	0	0	0	0	0	0	0	0	0	0	0	0	0	0	0	0	0	0	0	0	0	0	0	0	0	0	0	0	0	0	0	0	0	0	0	0	0	0	0	0	0	0	0	0	0	0	0	0	0	0	0	0	0	0	0	0	0	0	0	0	0	0	0	0	0	0	0	0	0	0	0	0	0	0	0	0	0	0	0	118	146	100	83	141	189	128	67	165	56	125	115	169	162	113	159	101	108	153	126	135	171
0	0	0	0	0	0	0	0	0	0	0	0	0	0	0	0	0	0	0	0	0	0	0	0	0	0	0	0	0	0	0	0	0	0	0	0	0	0	0	0	0	0	0	0	0	0	0	0	0	0	0	0	0	0	0	0	0	0	0	0	0	0	0	0	0	0	0	0	0	0	0	0	0	0	0	0	0	0	0	0	0	0	0	0	0	0	0	0	0	0	0	0	0	0	0	0	0	0	0	0	0	0	0	0	0	0	0	85	112	63	121	112	112	155	74	109	111	150	35	132	31	158	143	71	110	150	228	163
0	0	0	0	0	0	0	0	0	0	0	0	0	0	0	0	0	0	0	0	0	0	0	0	0	0	0	0	0	0	0	0	0	0	0	0	0	0	0	0	0	0	0	0	0	0	0	0	0	0	0	0	0	0	0	0	0	0	0	0	0	0	0	0	0	0	0	0	0	0	0	0	0	0	0	0	0	0	0	0	0	0	0	0	0	0	0	0	0	0	0	0	0	0	0	0	0	0	0	0	0	0	0	0	0	0	0	0	79	88	79	158	74	112	24	129	22	176	196	91	112	162	150	77	63	82	64	111
0	0	0	0	0	0	0	0	0	0	0	0	0	0	0	0	0	0	0	0	0	0	0	0	0	0	0	0	0	0	0	0	0	0	0	0	0	0	0	0	0	0	0	0	0	0	0	0	0	0	0	0	0	0	0	0	0	0	0	0	0	0	0	0	0	0	0	0	0	0	0	0	0	0	0	0	0	0	0	0	0	0	0	0	0	0	0	0	0	0	0	0	0	0	0	0	0	0	0	0	0	0	0	0	0	0	0	0	0	197	128	64	228	117	15	57	140	45	163	108	128	56	39	129	55	55	154	184
0	0	0	0	0	0	0	0	0	0	0	0	0	0	0	0	0	0	0	0	0	0	0	0	0	0	0	0	0	0	0	0	0	0	0	0	0	0	0	0	0	0	0	0	0	0	0	0	0	0	0	0	0	0	0	0	0	0	0	0	0	0	0	0	0	0	0	0	0	0	0	0	0	0	0	0	0	0	0	0	0	0	0	0	0	0	0	0	0	0	0	0	0	0	0	0	0	0	0	0	0	0	0	0	0	0	0	0	0	0	108	89	88	181	152	142	53	161	146	110	169	119	36	127	118	171	135	124
0	0	0	0	0	0	0	0	0	0	0	0	0	0	0	0	0	0	0	0	0	0	0	0	0	0	0	0	0	0	0	0	0	0	0	0	0	0	0	0	0	0	0	0	0	0	0	0	0	0	0	0	0	0	0	0	0	0	0	0	0	0	0	0	0	0	0	0	0	0	0	0	0	0	0	0	0	0	0	0	0	0	0	0	0	0	0	0	0	0	0	0	0	0	0	0	0	0	0	0	0	0	0	0	0	0	0	0	0	0	0	145	124	133	161	184	24	146	132	105	198	146	20	224	172	214	130	149
0	0	0	0	0	0	0	0	0	0	0	0	0	0	0	0	0	0	0	0	0	0	0	0	0	0	0	0	0	0	0	0	0	0	0	0	0	0	0	0	0	0	0	0	0	0	0	0	0	0	0	0	0	0	0	0	0	0	0	0	0	0	0	0	0	0	0	0	0	0	0	0	0	0	0	0	0	0	0	0	0	0	0	0	0	0	0	0	0	0	0	0	0	0	0	0	0	0	0	0	0	0	0	0	0	0	0	0	0	0	0	0	150	103	99	147	68	125	211	108	155	133	84	169	102	99	128	90
0	0	0	0	0	0	0	0	0	0	0	0	0	0	0	0	0	0	0	0	0	0	0	0	0	0	0	0	0	0	0	0	0	0	0	0	0	0	0	0	0	0	0	0	0	0	0	0	0	0	0	0	0	0	0	0	0	0	0	0	0	0	0	0	0	0	0	0	0	0	0	0	0	0	0	0	0	0	0	0	0	0	0	0	0	0	0	0	0	0	0	0	0	0	0	0	0	0	0	0	0	0	0	0	0	0	0	0	0	0	0	0	0	125	94	110	168	82	169	121	168	55	124	202	74	139	96	195
0	0	0	0	0	0	0	0	0	0	0	0	0	0	0	0	0	0	0	0	0	0	0	0	0	0	0	0	0	0	0	0	0	0	0	0	0	0	0	0	0	0	0	0	0	0	0	0	0	0	0	0	0	0	0	0	0	0	0	0	0	0	0	0	0	0	0	0	0	0	0	0	0	0	0	0	0	0	0	0	0	0	0	0	0	0	0	0	0	0	0	0	0	0	0	0	0	0	0	0	0	0	0	0	0	0	0	0	0	0	0	0	0	0	45	72	206	110	111	160	121	161	145	107	25	21	69	32
0	0	0	0	0	0	0	0	0	0	0	0	0	0	0	0	0	0	0	0	0	0	0	0	0	0	0	0	0	0	0	0	0	0	0	0	0	0	0	0	0	0	0	0	0	0	0	0	0	0	0	0	0	0	0	0	0	0	0	0	0	0	0	0	0	0	0	0	0	0	0	0	0	0	0	0	0	0	0	0	0	0	0	0	0	0	0	0	0	0	0	0	0	0	0	0	0	0	0	0	0	0	0	0	0	0	0	0	0	0	0	0	0	0	0	72	86	175	39	115	61	173	47	176	154	31	157	48
0	0	0	0	0	0	0	0	0	0	0	0	0	0	0	0	0	0	0	0	0	0	0	0	0	0	0	0	0	0	0	0	0	0	0	0	0	0	0	0	0	0	0	0	0	0	0	0	0	0	0	0	0	0	0	0	0	0	0	0	0	0	0	0	0	0	0	0	0	0	0	0	0	0	0	0	0	0	0	0	0	0	0	0	0	0	0	0	0	0	0	0	0	0	0	0	0	0	0	0	0	0	0	0	0	0	0	0	0	0	0	0	0	0	0	0	111	89	156	137	98	119	135	170	117	132	66	108
0	0	0	0	0	0	0	0	0	0	0	0	0	0	0	0	0	0	0	0	0	0	0	0	0	0	0	0	0	0	0	0	0	0	0	0	0	0	0	0	0	0	0	0	0	0	0	0	0	0	0	0	0	0	0	0	0	0	0	0	0	0	0	0	0	0	0	0	0	0	0	0	0	0	0	0	0	0	0	0	0	0	0	0	0	0	0	0	0	0	0	0	0	0	0	0	0	0	0	0	0	0	0	0	0	0	0	0	0	0	0	0	0	0	0	0	0	167	92	171	181	59	115	124	216	118	158	154
0	0	0	0	0	0	0	0	0	0	0	0	0	0	0	0	0	0	0	0	0	0	0	0	0	0	0	0	0	0	0	0	0	0	0	0	0	0	0	0	0	0	0	0	0	0	0	0	0	0	0	0	0	0	0	0	0	0	0	0	0	0	0	0	0	0	0	0	0	0	0	0	0	0	0	0	0	0	0	0	0	0	0	0	0	0	0	0	0	0	0	0	0	0	0	0	0	0	0	0	0	0	0	0	0	0	0	0	0	0	0	0	0	0	0	0	0	0	54	196	136	180	64	123	67	147	111	131
0	0	0	0	0	0	0	0	0	0	0	0	0	0	0	0	0	0	0	0	0	0	0	0	0	0	0	0	0	0	0	0	0	0	0	0	0	0	0	0	0	0	0	0	0	0	0	0	0	0	0	0	0	0	0	0	0	0	0	0	0	0	0	0	0	0	0	0	0	0	0	0	0	0	0	0	0	0	0	0	0	0	0	0	0	0	0	0	0	0	0	0	0	0	0	0	0	0	0	0	0	0	0	0	0	0	0	0	0	0	0	0	0	0	0	0	0	0	0	185	123	179	180	159	167	114	44	152
0	0	0	0	0	0	0	0	0	0	0	0	0	0	0	0	0	0	0	0	0	0	0	0	0	0	0	0	0	0	0	0	0	0	0	0	0	0	0	0	0	0	0	0	0	0	0	0	0	0	0	0	0	0	0	0	0	0	0	0	0	0	0	0	0	0	0	0	0	0	0	0	0	0	0	0	0	0	0	0	0	0	0	0	0	0	0	0	0	0	0	0	0	0	0	0	0	0	0	0	0	0	0	0	0	0	0	0	0	0	0	0	0	0	0	0	0	0	0	0	205	107	98	99	70	149	151	55
0	0	0	0	0	0	0	0	0	0	0	0	0	0	0	0	0	0	0	0	0	0	0	0	0	0	0	0	0	0	0	0	0	0	0	0	0	0	0	0	0	0	0	0	0	0	0	0	0	0	0	0	0	0	0	0	0	0	0	0	0	0	0	0	0	0	0	0	0	0	0	0	0	0	0	0	0	0	0	0	0	0	0	0	0	0	0	0	0	0	0	0	0	0	0	0	0	0	0	0	0	0	0	0	0	0	0	0	0	0	0	0	0	0	0	0	0	0	0	0	0	120	69	32	195	128	184	174
0	0	0	0	0	0	0	0	0	0	0	0	0	0	0	0	0	0	0	0	0	0	0	0	0	0	0	0	0	0	0	0	0	0	0	0	0	0	0	0	0	0	0	0	0	0	0	0	0	0	0	0	0	0	0	0	0	0	0	0	0	0	0	0	0	0	0	0	0	0	0	0	0	0	0	0	0	0	0	0	0	0	0	0	0	0	0	0	0	0	0	0	0	0	0	0	0	0	0	0	0	0	0	0	0	0	0	0	0	0	0	0	0	0	0	0	0	0	0	0	0	0	93	80	112	152	66	151
0	0	0	0	0	0	0	0	0	0	0	0	0	0	0	0	0	0	0	0	0	0	0	0	0	0	0	0	0	0	0	0	0	0	0	0	0	0	0	0	0	0	0	0	0	0	0	0	0	0	0	0	0	0	0	0	0	0	0	0	0	0	0	0	0	0	0	0	0	0	0	0	0	0	0	0	0	0	0	0	0	0	0	0	0	0	0	0	0	0	0	0	0	0	0	0	0	0	0	0	0	0	0	0	0	0	0	0	0	0	0	0	0	0	0	0	0	0	0	0	0	0	0	48	231	142	34	88
0	0	0	0	0	0	0	0	0	0	0	0	0	0	0	0	0	0	0	0	0	0	0	0	0	0	0	0	0	0	0	0	0	0	0	0	0	0	0	0	0	0	0	0	0	0	0	0	0	0	0	0	0	0	0	0	0	0	0	0	0	0	0	0	0	0	0	0	0	0	0	0	0	0	0	0	0	0	0	0	0	0	0	0	0	0	0	0	0	0	0	0	0	0	0	0	0	0	0	0	0	0	0	0	0	0	0	0	0	0	0	0	0	0	0	0	0	0	0	0	0	0	0	0	20	65	164	83
0	0	0	0	0	0	0	0	0	0	0	0	0	0	0	0	0	0	0	0	0	0	0	0	0	0	0	0	0	0	0	0	0	0	0	0	0	0	0	0	0	0	0	0	0	0	0	0	0	0	0	0	0	0	0	0	0	0	0	0	0	0	0	0	0	0	0	0	0	0	0	0	0	0	0	0	0	0	0	0	0	0	0	0	0	0	0	0	0	0	0	0	0	0	0	0	0	0	0	0	0	0	0	0	0	0	0	0	0	0	0	0	0	0	0	0	0	0	0	0	0	0	0	0	0	137	127	120
0	0	0	0	0	0	0	0	0	0	0	0	0	0	0	0	0	0	0	0	0	0	0	0	0	0	0	0	0	0	0	0	0	0	0	0	0	0	0	0	0	0	0	0	0	0	0	0	0	0	0	0	0	0	0	0	0	0	0	0	0	0	0	0	0	0	0	0	0	0	0	0	0	0	0	0	0	0	0	0	0	0	0	0	0	0	0	0	0	0	0	0	0	0	0	0	0	0	0	0	0	0	0	0	0	0	0	0	0	0	0	0	0	0	0	0	0	0	0	0	0	0	0	0	0	0	62	157
0	0	0	0	0	0	0	0	0	0	0	0	0	0	0	0	0	0	0	0	0	0	0	0	0	0	0	0	0	0	0	0	0	0	0	0	0	0	0	0	0	0	0	0	0	0	0	0	0	0	0	0	0	0	0	0	0	0	0	0	0	0	0	0	0	0	0	0	0	0	0	0	0	0	0	0	0	0	0	0	0	0	0	0	0	0	0	0	0	0	0	0	0	0	0	0	0	0	0	0	0	0	0	0	0	0	0	0	0	0	0	0	0	0	0	0	0	0	0	0	0	0	0	0	0	0	0	39
0	0	0	0	0	0	0	0	0	0	0	0	0	0	0	0	0	0	0	0	0	0	0	0	0	0	0	0	0	0	0	0	0	0	0	0	0	0	0	0	0	0	0	0	0	0	0	0	0	0	0	0	0	0	0	0	0	0	0	0	0	0	0	0	0	0	0	0	0	0	0	0	0	0	0	0	0	0	0	0	0	0	0	0	0	0	0	0	0	0	0	0	0	0	0	0	0	0	0	0	0	0	0	0	0	0	0	0	0	0	0	0	0	0	0	0	0	0	0	0	0	0	0	0	0	0	0	0