0	12	15	49	59	54	20	47	115	27	21	104	119	11	66	103	109	84	83	46	89	55	51	97	28	98	20	122	55	115	73	35	119	8	54	55	53	13	117	12	113	33	92	18	66	70	112	31	41	52	3	119	89	11	90	20	6	118	70	68	79	51	95	33	8	73	126	19	32	95	42	66	91	83	30	106	116	26	66	95	128	47	86	64	120	64	17	76	94	66	35	30	72	102	52	95	66	105	4	25	118	11	105	104	104	5	80	69	51	79	121	59	126	129	88	80	63	73	70	111	125	118	3	97	88	65	44	109
0	0	7	87	100	9	61	130	53	73	43	125	76	4	32	54	101	127	89	61	2	117	57	47	16	33	25	4	16	77	119	32	80	54	6	39	98	66	54	37	86	128	32	3	5	69	7	97	96	5	127	100	78	118	116	78	120	59	51	101	129	80	86	116	127	45	122	107	47	105	125	98	35	127	64	101	129	127	88	123	53	56	102	104	32	78	34	14	18	66	56	33	84	110	17	122	10	104	40	120	100	61	77	54	5	103	102	128	78	60	31	42	123	4	121	94	55	78	66	110	108	6	116	79	110	84	38	17
0	0	0	78	35	10	25	11	68	79	75	29	38	18	79	90	96	98	58	92	28	108	102	84	9	59	96	86	33	20	89	76	48	117	75	78	114	52	48	42	115	66	17	27	79	66	41	124	14	129	87	38	17	118	112	81	121	111	35	102	121	52	117	77	35	39	90	116	126	67	84	87	5	114	129	98	89	118	78	117	20	112	19	15	55	84	111	91	84	71	88	97	61	100	71	102	8	80	55	28	32	109	101	6	114	105	101	26	37	114	25	80	85	109	43	114	109	101	99	23	42	16	68	126	100	95	73	26
0	0	0	0	59	111	128	71	49	125	94	67	129	82	70	56	129	84	38	48	6	70	63	38	61	62	124	23	74	123	112	27	67	92	130	51	131	53	90	45	60	109	119	45	54	105	51	29	39	58	27	54	60	77	83	127	88	10	51	20	53	15	82	34	43	20	21	49	57	69	26	28	64	10	24	114	48	69	8	48	64	46	89	17	82	116	53	89	68	102	48	99	104	75	57	34	33	89	67	8	62	39	92	54	51	57	28	92	125	64	89	64	129	97	3	114	32	67	102	53	16	93	52	30	45	62	47	106
0	0	0	0	0	109	83	8	86	105	130	3	21	29	117	126	21	107	85	22	9	128	66	107	128	6	84	82	62	29	85	3	50	75	38	79	32	82	10	86	66	58	46	102	9	22	86	51	99	41	77	10	58	92	67	25	28	102	65	22	23	76	27	126	76	27	22	84	64	35	127	81	99	100	18	132	88	20	18	18	8	100	9	116	29	25	120	113	96	121	119	60	19	21	57	61	40	35	117	91	114	52	54	39	26	88	35	64	101	55	37	83	53	75	123	47	117	130	65	30	96	128	59	98	20	30	63	107
0	0	0	0	0	0	91	128	87	66	112	68	50	64	29	20	47	26	48	63	113	50	70	39	32	74	54	7	47	85	74	45	44	51	93	38	126	112	31	60	72	84	104	97	110	74	2	106	96	103	53	127	101	108	79	79	58	4	68	29	58	11	103	82	130	62	33	108	79	14	27	32	14	40	109	96	106	88	106	98	75	60	91	21	86	76	103	37	100	116	83	113	67	49	76	116	61	37	61	59	39	88	26	104	102	70	10	79	127	108	89	128	120	118	38	93	54	25	22	46	109	27	86	85	61	109	52	120
0	0	0	0	0	0	0	96	69	94	117	43	80	38	90	17	111	27	22	74	82	58	97	104	35	127	78	9	31	43	95	102	10	95	26	18	129	26	96	123	95	13	128	59	70	24	87	68	116	23	31	61	52	44	11	91	55	78	78	16	77	65	33	53	36	90	50	77	105	41	100	131	108	44	12	30	34	107	60	125	76	78	14	99	87	108	94	105	109	29	28	32	111	39	46	56	65	47	55	120	49	51	58	101	89	76	12	128	28	78	92	104	121	9	69	41	131	7	65	91	69	72	95	22	65	16	83	115
0	0	0	0	0	0	0	0	128	129	41	108	71	15	71	51	56	85	48	100	126	62	70	104	49	29	101	60	70	71	54	14	41	30	15	40	22	95	20	74	63	39	63	36	22	15	75	98	34	43	130	70	124	126	74	9	59	40	15	26	65	42	110	74	8	111	82	99	29	21	40	124	43	124	120	106	128	23	67	32	23	35	75	45	71	120	41	22	56	112	24	100	91	11	116	36	79	21	32	56	37	108	42	105	103	101	75	33	108	120	42	53	71	6	26	37	97	73	53	105	113	52	68	33	73	47	89	65
0	0	0	0	0	0	0	0	0	34	84	53	14	97	70	65	66	90	128	95	73	90	9	95	126	13	63	71	118	108	96	107	105	69	109	17	91	8	84	92	80	31	120	85	98	12	118	33	125	103	105	99	121	84	90	111	112	12	72	44	126	32	109	91	49	80	59	109	124	112	117	21	103	18	84	40	53	35	59	127	55	126	33	129	60	123	124	19	59	11	78	128	36	93	118	80	19	51	78	82	83	50	81	92	111	59	58	27	99	81	29	105	51	87	95	17	135	132	16	125	51	94	66	81	46	29	36	128
0	0	0	0	0	0	0	0	0	0	67	57	67	80	134	115	15	91	96	88	49	60	95	84	104	58	42	95	107	107	8	46	58	135	125	117	9	14	38	11	84	66	94	129	109	41	59	29	105	59	52	120	12	60	12	17	94	71	110	90	12	117	78	129	80	108	129	52	114	120	17	75	114	97	21	76	83	34	42	83	8	68	93	87	53	28	66	131	77	100	55	85	87	13	120	135	103	87	14	39	27	102	30	23	102	113	90	55	67	91	104	136	44	39	28	38	12	41	58	39	92	79	44	5	20	52	49	112
0	0	0	0	0	0	0	0	0	0	0	91	120	134	37	20	84	37	96	124	73	33	88	27	32	59	28	45	13	70	125	83	101	131	110	30	54	26	124	19	98	50	57	71	75	110	51	124	27	125	67	116	53	66	14	118	34	51	6	65	99	117	119	34	120	115	132	35	116	19	52	15	41	125	28	99	138	112	105	74	23	47	129	52	97	72	100	56	79	53	23	30	79	45	73	110	62	85	70	90	27	28	116	111	126	132	91	34	72	126	47	31	14	122	61	39	54	80	93	124	36	46	77	44	70	24	127	100
0	0	0	0	0	0	0	0	0	0	0	0	96	42	21	56	71	100	20	138	131	97	55	104	89	61	107	112	97	116	33	3	117	95	105	27	32	66	83	36	119	11	40	48	54	94	16	107	92	56	52	131	51	112	37	73	122	123	126	110	111	4	86	55	96	100	70	23	135	63	58	107	42	102	82	44	2	16	75	14	4	14	132	91	100	135	118	78	110	32	60	32	77	6	43	127	20	46	23	8	128	107	45	10	54	5	35	72	21	106	31	101	44	113	64	13	72	40	71	12	88	14	86	79	110	119	122	13
0	0	0	0	0	0	0	0	0	0	0	0	0	25	121	70	127	116	32	132	119	64	24	130	15	57	80	57	87	15	41	95	86	46	31	51	8	115	118	30	58	32	5	87	119	105	110	89	81	48	51	99	129	28	28	102	100	93	33	92	108	27	125	45	100	43	12	20	119	62	64	102	86	3	121	41	68	65	136	20	86	19	104	31	37	136	44	52	8	107	93	24	129	12	96	35	46	69	116	7	47	87	46	119	105	103	125	31	71	31	115	111	80	90	23	37	83	77	79	49	117	24	55	74	13	77	98	20
0	0	0	0	0	0	0	0	0	0	0	0	0	0	92	89	86	17	51	119	73	30	111	111	74	31	134	68	9	113	7	96	97	116	47	70	137	25	35	100	74	101	91	28	55	58	16	42	95	41	41	27	17	95	29	78	51	33	132	91	24	35	114	31	88	60	57	90	23	96	90	13	127	88	81	110	131	34	120	100	123	105	139	17	85	34	92	12	90	141	107	68	122	109	53	51	93	60	80	84	66	94	77	82	40	129	53	33	98	107	75	125	33	74	121	67	16	87	31	130	119	106	13	56	19	78	43	34
0	0	0	0	0	0	0	0	0	0	0	0	0	0	0	105	25	39	36	34	38	125	61	59	86	84	59	63	22	26	17	64	82	82	109	7	43	49	8	58	127	48	130	78	137	40	88	135	33	128	74	49	36	127	11	102	73	11	17	61	33	26	116	123	52	35	86	70	136	103	79	51	66	8	30	25	82	69	77	86	54	35	37	92	42	122	120	95	132	54	78	44	46	20	83	94	41	49	106	4	67	87	21	110	21	103	127	50	22	17	25	133	83	26	23	123	109	74	130	34	104	110	7	39	23	24	36	40
0	0	0	0	0	0	0	0	0	0	0	0	0	0	0	0	27	123	124	35	81	102	14	30	56	99	11	83	65	126	60	76	119	124	56	35	65	70	66	85	140	41	13	98	136	76	59	120	71	48	22	20	39	53	68	100	113	28	54	41	70	65	115	116	87	48	110	85	33	91	101	50	127	62	107	134	27	87	35	28	96	127	96	57	66	73	53	47	72	94	137	11	118	43	122	92	56	99	9	85	126	108	64	136	73	127	82	15	41	50	128	138	54	34	134	118	46	97	76	127	92	77	93	61	100	75	39	6
0	0	0	0	0	0	0	0	0	0	0	0	0	0	0	0	0	72	22	95	53	114	99	61	44	37	71	22	68	25	47	62	82	22	61	20	72	85	97	62	32	86	94	53	102	125	26	17	74	56	90	60	103	29	137	18	70	9	54	81	134	27	116	126	9	104	66	79	31	59	17	58	63	74	110	117	123	53	56	20	54	59	41	85	90	64	45	40	24	31	83	117	34	34	116	93	77	92	100	109	23	24	57	19	53	22	50	31	46	55	63	137	45	66	133	107	38	99	97	115	49	63	77	128	63	131	51	122
0	0	0	0	0	0	0	0	0	0	0	0	0	0	0	0	0	0	45	5	129	63	34	99	56	121	129	114	19	37	27	125	134	135	43	25	111	127	43	77	96	101	69	34	62	71	103	127	74	11	105	117	32	76	70	100	92	95	31	17	125	77	34	71	73	119	32	107	44	13	17	35	93	67	23	85	23	137	78	63	137	82	92	37	54	27	112	98	129	18	96	80	49	65	61	67	71	120	105	116	105	46	25	87	118	64	79	94	69	111	130	46	47	55	119	30	73	115	89	29	142	80	34	128	23	53	114	92
0	0	0	0	0	0	0	0	0	0	0	0	0	0	0	0	0	0	0	62	136	115	83	68	78	14	33	96	35	53	75	131	111	119	51	29	63	29	34	68	80	113	43	47	84	77	105	114	98	86	58	124	77	61	29	102	85	58	48	26	135	30	91	27	121	28	119	106	100	142	57	46	110	75	48	128	58	111	8	90	36	65	115	129	138	43	29	17	117	71	98	17	17	56	39	88	99	25	8	87	106	19	66	65	86	15	82	100	109	44	25	84	85	96	72	52	42	122	6	97	112	115	93	101	101	22	35	113
0	0	0	0	0	0	0	0	0	0	0	0	0	0	0	0	0	0	0	0	54	92	83	77	11	29	46	15	133	91	120	48	36	135	100	31	80	115	93	67	14	121	41	45	28	70	86	136	14	49	142	121	87	109	18	131	73	97	22	104	38	72	60	14	76	103	77	122	99	96	66	85	64	133	87	23	104	61	109	35	85	106	53	129	125	45	39	44	124	115	58	51	33	116	25	121	53	43	125	60	57	121	116	86	112	102	52	61	82	79	126	42	10	45	42	95	50	16	121	60	115	33	116	52	132	103	51	116
0	0	0	0	0	0	0	0	0	0	0	0	0	0	0	0	0	0	0	0	0	82	56	108	51	88	41	125	11	79	33	88	13	56	104	116	115	50	20	130	59	137	15	54	114	113	40	99	17	110	117	38	143	131	135	30	8	104	129	112	65	11	88	71	63	102	118	137	90	30	78	31	94	39	25	69	130	81	110	50	103	74	90	98	94	58	58	120	51	77	82	55	52	131	30	12	57	12	61	33	96	108	104	82	123	44	40	123	79	93	100	34	54	64	100	60	41	78	91	28	38	66	90	70	45	110	122	128
0	0	0	0	0	0	0	0	0	0	0	0	0	0	0	0	0	0	0	0	0	0	119	31	113	77	73	134	58	4	121	108	35	78	119	133	128	90	98	49	29	68	12	142	119	53	61	140	99	125	117	59	31	44	104	121	38	126	36	72	80	61	78	56	137	41	105	43	84	25	53	66	127	112	118	132	47	61	146	96	145	49	25	63	66	118	80	47	99	48	65	91	63	45	73	42	82	37	103	23	35	139	35	117	76	42	43	104	27	31	28	70	124	94	75	20	86	93	47	72	131	75	8	54	82	119	101	126
0	0	0	0	0	0	0	0	0	0	0	0	0	0	0	0	0	0	0	0	0	0	0	118	34	46	57	78	119	39	70	33	102	69	52	114	52	65	95	88	29	59	137	34	55	21	66	78	122	113	25	72	127	23	106	69	112	141	32	21	102	104	131	128	108	61	121	78	103	124	57	29	103	66	137	93	57	69	33	107	134	75	91	117	120	120	101	108	77	121	74	28	48	58	100	67	121	65	64	104	111	115	123	73	100	138	89	141	71	125	38	44	53	50	113	13	128	25	64	83	103	69	143	104	95	35	47	126
0	0	0	0	0	0	0	0	0	0	0	0	0	0	0	0	0	0	0	0	0	0	0	0	48	35	81	127	140	105	91	109	138	7	79	57	107	30	24	54	39	74	38	60	55	40	57	140	43	113	80	139	29	67	136	61	32	22	94	61	37	5	18	105	96	24	142	74	33	103	61	106	88	87	46	53	57	127	73	42	26	33	66	117	40	51	48	49	115	18	62	37	41	115	30	90	108	148	42	26	106	106	24	85	136	82	45	80	84	14	120	68	34	39	120	140	38	41	139	51	133	13	42	95	122	88	138	87
0	0	0	0	0	0	0	0	0	0	0	0	0	0	0	0	0	0	0	0	0	0	0	0	0	36	67	65	130	108	52	46	70	107	35	80	61	114	138	41	62	121	137	31	62	65	99	32	97	36	44	28	48	142	88	115	107	17	44	64	38	26	24	43	134	35	102	31	101	125	86	82	66	115	98	83	52	83	85	116	69	63	81	45	29	95	102	123	99	148	68	45	66	25	34	49	123	71	41	91	59	123	123	109	72	93	23	132	47	83	115	123	122	141	39	128	91	40	109	42	38	52	96	89	80	71	31	71
0	0	0	0	0	0	0	0	0	0	0	0	0	0	0	0	0	0	0	0	0	0	0	0	0	0	21	21	12	99	105	68	8	26	15	116	24	45	63	117	101	105	48	102	42	25	56	116	140	67	16	39	146	71	133	38	125	60	110	141	123	36	94	116	70	54	63	109	110	49	136	30	125	113	46	125	128	11	69	84	20	118	105	38	116	105	115	29	82	31	82	134	101	36	47	115	22	125	64	125	62	7	13	67	84	140	81	30	149	62	71	68	35	108	118	59	21	46	29	117	85	27	109	16	119	16	146	43
0	0	0	0	0	0	0	0	0	0	0	0	0	0	0	0	0	0	0	0	0	0	0	0	0	0	0	117	40	135	110	129	28	57	69	136	65	52	52	124	94	30	90	70	101	93	51	20	80	82	19	110	66	82	98	117	35	21	36	29	14	54	128	43	143	43	137	36	75	62	114	38	46	45	44	46	80	110	101	101	90	119	58	91	66	128	80	121	6	83	66	118	95	31	81	56	28	82	72	72	42	41	48	57	59	85	36	56	113	61	113	143	57	127	93	50	98	41	94	52	27	81	150	87	85	114	131	53
0	0	0	0	0	0	0	0	0	0	0	0	0	0	0	0	0	0	0	0	0	0	0	0	0	0	0	0	89	130	75	11	47	121	109	138	70	64	79	43	59	66	46	65	19	107	140	127	122	105	133	44	23	37	84	104	24	148	105	134	118	117	143	33	132	139	41	122	74	125	102	43	135	94	45	35	75	50	126	51	91	95	104	88	43	9	99	12	95	139	30	76	39	80	82	115	37	56	11	111	79	147	108	55	43	118	35	99	17	26	107	46	60	34	111	117	49	103	69	62	91	70	121	119	119	20	37	96
0	0	0	0	0	0	0	0	0	0	0	0	0	0	0	0	0	0	0	0	0	0	0	0	0	0	0	0	0	133	75	112	115	106	83	138	14	143	91	76	148	17	31	126	47	134	23	44	43	20	114	96	94	71	115	34	125	82	120	58	152	146	145	115	106	19	128	87	147	63	23	46	105	56	105	82	79	127	87	26	111	59	43	37	28	60	114	99	109	38	88	41	67	47	24	82	49	77	99	46	84	139	37	70	116	37	35	125	38	49	45	98	137	60	20	75	96	34	19	101	59	112	72	141	66	123	125	48
0	0	0	0	0	0	0	0	0	0	0	0	0	0	0	0	0	0	0	0	0	0	0	0	0	0	0	0	0	0	118	15	45	58	87	83	75	92	29	30	117	72	33	14	80	155	99	64	13	121	40	74	131	85	137	45	69	154	55	120	33	69	38	35	46	83	98	36	5	75	139	136	54	82	124	50	8	43	120	116	23	64	46	132	151	39	37	118	115	121	89	55	89	63	49	74	127	104	137	26	57	89	25	93	7	21	56	109	110	78	107	59	114	34	75	67	146	137	42	127	139	79	104	75	94	98	40	53
0	0	0	0	0	0	0	0	0	0	0	0	0	0	0	0	0	0	0	0	0	0	0	0	0	0	0	0	0	0	0	44	142	63	76	50	100	74	90	129	140	91	116	90	75	112	80	106	55	77	41	82	129	55	134	101	70	119	126	114	68	35	63	103	75	119	36	54	107	34	143	112	98	9	128	74	151	93	119	65	62	72	129	44	102	49	133	100	55	66	80	85	134	128	129	72	127	21	69	28	128	82	126	85	120	91	106	117	107	51	132	65	147	65	54	50	59	15	119	117	12	34	106	76	124	39	7	42
0	0	0	0	0	0	0	0	0	0	0	0	0	0	0	0	0	0	0	0	0	0	0	0	0	0	0	0	0	0	0	0	60	132	71	115	94	36	87	145	56	119	134	141	92	79	27	129	58	117	71	45	93	99	21	34	33	78	138	139	111	70	83	56	99	18	63	128	125	131	29	75	90	78	34	119	122	78	54	39	148	120	109	20	74	35	67	99	148	33	11	117	68	54	91	31	116	64	21	93	116	42	115	21	122	130	38	94	53	44	118	102	45	32	136	97	63	52	108	37	60	103	50	94	61	33	76	112
0	0	0	0	0	0	0	0	0	0	0	0	0	0	0	0	0	0	0	0	0	0	0	0	0	0	0	0	0	0	0	0	0	80	91	112	61	132	155	109	46	65	10	101	70	85	41	70	46	121	132	31	71	77	84	21	40	15	66	92	110	120	149	36	79	49	13	98	57	145	135	126	145	80	29	32	139	30	95	111	85	110	68	123	95	79	92	28	118	141	18	80	23	85	99	121	31	72	55	95	66	82	99	151	35	131	78	93	79	105	141	142	143	67	38	93	47	121	120	92	35	128	58	42	56	145	65	80
0	0	0	0	0	0	0	0	0	0	0	0	0	0	0	0	0	0	0	0	0	0	0	0	0	0	0	0	0	0	0	0	0	0	129	50	110	31	105	38	58	110	47	64	37	60	63	96	148	25	32	50	21	78	76	30	112	108	130	57	26	99	113	128	51	120	104	78	84	124	77	136	19	98	80	63	144	31	22	76	132	148	84	45	139	152	109	79	95	79	51	77	127	83	43	82	38	95	139	108	40	57	75	90	105	121	122	47	98	14	28	71	64	34	9	112	76	102	92	111	72	51	123	119	17	77	104	127
0	0	0	0	0	0	0	0	0	0	0	0	0	0	0	0	0	0	0	0	0	0	0	0	0	0	0	0	0	0	0	0	0	0	0	36	105	37	81	56	76	61	160	23	124	86	22	127	140	44	50	96	126	33	80	111	120	144	151	163	57	47	91	44	25	95	18	40	99	58	157	24	81	92	34	99	148	91	74	80	54	31	59	125	41	88	58	20	78	14	37	142	112	100	43	100	58	33	159	110	34	91	71	91	124	54	45	30	89	112	119	97	86	113	29	96	53	50	37	5	71	68	29	98	71	32	78	102
0	0	0	0	0	0	0	0	0	0	0	0	0	0	0	0	0	0	0	0	0	0	0	0	0	0	0	0	0	0	0	0	0	0	0	0	68	136	112	109	85	104	84	70	22	109	146	23	17	109	134	99	62	114	67	142	84	126	126	101	43	16	128	95	73	40	130	116	124	60	131	95	117	34	143	98	110	28	123	25	39	111	29	117	108	92	136	138	54	101	78	107	104	148	119	78	121	63	96	43	28	125	124	136	115	147	66	49	13	48	47	49	13	42	29	44	122	97	26	28	116	93	25	109	61	117	99	41
0	0	0	0	0	0	0	0	0	0	0	0	0	0	0	0	0	0	0	0	0	0	0	0	0	0	0	0	0	0	0	0	0	0	0	0	0	44	81	73	142	127	10	69	32	131	109	136	42	47	49	127	113	40	110	63	117	88	113	129	57	34	78	99	31	83	99	23	33	80	119	103	62	138	63	65	116	70	95	105	42	86	114	43	142	79	145	52	110	39	66	80	46	138	38	80	37	67	31	135	79	12	122	97	94	86	87	50	55	9	111	106	84	41	35	135	37	62	117	148	122	130	110	112	91	116	54	25
0	0	0	0	0	0	0	0	0	0	0	0	0	0	0	0	0	0	0	0	0	0	0	0	0	0	0	0	0	0	0	0	0	0	0	0	0	0	129	47	126	64	104	100	52	158	151	82	155	97	57	140	57	76	63	79	61	88	47	124	127	106	72	23	28	106	38	109	101	27	36	86	43	112	69	131	149	89	62	40	79	52	103	99	97	4	42	103	124	45	140	97	114	95	133	83	101	116	51	63	120	65	48	62	76	135	122	99	163	122	124	42	102	54	150	87	52	85	21	83	57	40	53	138	160	44	35	34
0	0	0	0	0	0	0	0	0	0	0	0	0	0	0	0	0	0	0	0	0	0	0	0	0	0	0	0	0	0	0	0	0	0	0	0	0	0	0	106	45	138	65	127	48	18	67	70	144	24	64	30	77	120	151	86	155	66	53	75	75	16	129	84	120	95	104	156	16	150	31	115	106	23	110	136	58	86	25	89	84	147	65	144	50	33	78	71	30	100	38	92	45	93	27	29	117	15	127	128	89	27	73	71	130	35	92	124	67	80	71	46	152	25	80	88	140	97	134	131	122	110	89	59	99	113	20	38
0	0	0	0	0	0	0	0	0	0	0	0	0	0	0	0	0	0	0	0	0	0	0	0	0	0	0	0	0	0	0	0	0	0	0	0	0	0	0	0	87	159	77	129	140	40	78	16	72	98	114	140	56	146	106	55	21	127	78	83	88	112	77	21	115	129	62	149	131	145	101	91	131	121	38	55	37	137	82	110	87	28	91	126	60	133	142	42	71	73	43	87	35	60	37	65	145	133	50	74	129	23	113	35	140	112	145	130	99	114	58	70	57	94	92	107	110	59	148	58	122	65	117	56	110	52	33	103
0	0	0	0	0	0	0	0	0	0	0	0	0	0	0	0	0	0	0	0	0	0	0	0	0	0	0	0	0	0	0	0	0	0	0	0	0	0	0	0	0	83	98	48	118	158	74	62	83	21	77	71	129	87	68	45	140	128	30	75	117	145	34	64	141	36	52	124	129	109	103	73	100	154	103	158	84	75	120	85	113	40	67	60	165	128	42	50	73	73	127	137	102	154	134	95	149	66	134	22	37	45	96	101	73	85	60	136	134	120	116	146	50	144	60	39	106	142	31	30	130	27	166	36	107	13	107	55
0	0	0	0	0	0	0	0	0	0	0	0	0	0	0	0	0	0	0	0	0	0	0	0	0	0	0	0	0	0	0	0	0	0	0	0	0	0	0	0	0	0	83	68	132	64	147	49	97	16	72	77	105	79	99	71	109	68	50	50	134	12	70	122	87	42	79	88	100	97	118	17	28	53	94	121	67	133	72	107	12	85	13	125	111	39	76	85	41	102	121	131	51	76	146	100	76	61	50	60	46	85	109	146	107	106	104	49	69	158	27	53	90	36	38	92	135	92	74	50	93	51	90	20	70	154	142	22
0	0	0	0	0	0	0	0	0	0	0	0	0	0	0	0	0	0	0	0	0	0	0	0	0	0	0	0	0	0	0	0	0	0	0	0	0	0	0	0	0	0	0	131	35	47	107	82	82	150	42	120	100	32	51	67	125	99	140	116	139	28	90	26	131	130	92	104	67	39	121	131	117	63	133	87	49	72	105	62	100	43	31	70	145	136	107	43	22	43	45	39	71	129	35	37	36	52	98	121	123	41	58	96	117	27	116	42	53	84	122	63	119	71	132	97	100	137	68	89	125	134	92	60	110	70	98	82
0	0	0	0	0	0	0	0	0	0	0	0	0	0	0	0	0	0	0	0	0	0	0	0	0	0	0	0	0	0	0	0	0	0	0	0	0	0	0	0	0	0	0	0	129	26	131	29	66	123	129	45	158	131	100	13	78	55	82	102	92	35	68	154	156	108	71	109	76	78	113	27	39	118	126	125	41	145	28	59	33	128	45	130	133	110	150	76	107	43	77	90	149	58	46	72	74	106	89	28	75	44	48	31	135	56	131	93	26	61	92	136	46	136	118	49	39	99	58	114	53	75	22	112	90	102	102	99
0	0	0	0	0	0	0	0	0	0	0	0	0	0	0	0	0	0	0	0	0	0	0	0	0	0	0	0	0	0	0	0	0	0	0	0	0	0	0	0	0	0	0	0	0	102	84	133	17	86	76	12	18	72	105	73	97	62	108	73	55	122	124	79	71	140	98	165	77	104	153	131	105	115	59	16	147	88	103	132	72	30	90	125	109	141	129	139	66	151	69	113	109	62	128	149	157	107	96	129	15	154	44	37	34	29	44	63	134	84	24	106	93	74	109	76	55	70	86	64	78	119	34	69	97	73	61	138
0	0	0	0	0	0	0	0	0	0	0	0	0	0	0	0	0	0	0	0	0	0	0	0	0	0	0	0	0	0	0	0	0	0	0	0	0	0	0	0	0	0	0	0	0	0	122	121	84	49	126	63	104	113	20	69	41	154	85	112	38	112	77	63	71	70	118	98	89	107	98	38	99	40	56	53	74	90	59	75	121	140	37	106	52	63	77	150	61	155	81	22	37	157	87	58	32	48	121	159	79	116	38	79	88	103	67	41	91	78	36	71	140	85	30	143	108	32	35	116	99	65	60	127	128	132	54	142
0	0	0	0	0	0	0	0	0	0	0	0	0	0	0	0	0	0	0	0	0	0	0	0	0	0	0	0	0	0	0	0	0	0	0	0	0	0	0	0	0	0	0	0	0	0	0	98	82	154	47	91	59	78	126	93	57	12	68	148	127	55	127	27	83	25	173	94	150	134	72	66	41	107	108	78	122	88	76	156	48	128	62	121	165	63	116	62	11	65	134	107	52	36	22	123	35	36	118	111	90	135	62	117	153	48	172	79	7	114	120	79	124	105	54	71	61	16	127	124	12	146	113	68	85	20	80	109
0	0	0	0	0	0	0	0	0	0	0	0	0	0	0	0	0	0	0	0	0	0	0	0	0	0	0	0	0	0	0	0	0	0	0	0	0	0	0	0	0	0	0	0	0	0	0	0	40	75	106	11	144	18	125	130	46	27	114	150	54	27	72	46	54	30	141	162	70	33	58	56	87	111	95	152	130	68	122	87	68	72	37	89	52	95	102	112	107	110	125	34	156	58	39	96	139	98	98	151	93	59	118	90	112	114	71	79	77	54	128	69	115	77	107	90	39	119	15	33	122	50	119	82	67	36	71	76
0	0	0	0	0	0	0	0	0	0	0	0	0	0	0	0	0	0	0	0	0	0	0	0	0	0	0	0	0	0	0	0	0	0	0	0	0	0	0	0	0	0	0	0	0	0	0	0	0	72	91	109	56	58	64	127	71	163	91	53	47	71	99	90	47	62	133	85	41	154	164	104	40	27	116	66	51	157	123	40	47	142	88	138	134	47	109	96	100	53	127	140	15	51	151	53	154	126	170	108	35	134	53	36	76	90	12	17	106	107	138	107	73	133	109	60	86	87	141	91	90	142	109	34	80	103	62	136
0	0	0	0	0	0	0	0	0	0	0	0	0	0	0	0	0	0	0	0	0	0	0	0	0	0	0	0	0	0	0	0	0	0	0	0	0	0	0	0	0	0	0	0	0	0	0	0	0	0	82	90	103	163	51	144	113	176	53	26	115	111	69	8	131	48	24	79	109	85	97	149	149	88	127	72	38	37	104	84	85	107	31	57	55	139	107	125	25	46	125	16	75	142	55	46	124	146	126	146	140	38	76	127	106	109	117	148	121	129	67	153	43	113	115	88	39	127	156	139	146	93	64	67	64	58	144	150
0	0	0	0	0	0	0	0	0	0	0	0	0	0	0	0	0	0	0	0	0	0	0	0	0	0	0	0	0	0	0	0	0	0	0	0	0	0	0	0	0	0	0	0	0	0	0	0	0	0	0	101	120	61	125	58	95	54	128	131	67	41	50	110	100	73	82	65	158	117	109	102	27	65	150	107	81	114	73	145	51	119	147	98	43	98	65	68	113	90	62	102	102	85	111	34	35	102	107	24	7	145	102	144	85	14	117	49	42	52	88	94	144	125	139	54	130	158	40	149	89	62	124	115	127	97	88	62
0	0	0	0	0	0	0	0	0	0	0	0	0	0	0	0	0	0	0	0	0	0	0	0	0	0	0	0	0	0	0	0	0	0	0	0	0	0	0	0	0	0	0	0	0	0	0	0	0	0	0	0	136	159	119	127	38	124	27	117	8	23	150	101	67	114	143	97	19	42	62	26	178	163	105	61	122	91	44	83	119	106	75	86	131	107	122	154	119	135	123	88	40	53	133	137	42	118	128	145	75	69	136	13	34	56	146	103	67	113	140	102	73	137	63	120	160	112	67	105	24	139	77	104	102	69	125	78
0	0	0	0	0	0	0	0	0	0	0	0	0	0	0	0	0	0	0	0	0	0	0	0	0	0	0	0	0	0	0	0	0	0	0	0	0	0	0	0	0	0	0	0	0	0	0	0	0	0	0	0	0	76	96	113	140	56	68	142	24	52	66	151	124	54	45	29	91	87	50	107	88	80	98	57	133	78	52	160	86	130	121	56	62	83	41	79	138	49	129	84	85	169	18	63	61	19	69	88	60	79	132	31	77	28	62	30	59	32	60	39	83	100	101	34	56	81	99	78	89	49	130	151	109	51	3	123
0	0	0	0	0	0	0	0	0	0	0	0	0	0	0	0	0	0	0	0	0	0	0	0	0	0	0	0	0	0	0	0	0	0	0	0	0	0	0	0	0	0	0	0	0	0	0	0	0	0	0	0	0	0	33	77	76	126	160	137	118	130	56	49	57	35	97	74	100	107	110	138	139	119	42	126	76	158	165	61	61	93	154	105	88	58	55	95	47	147	33	25	67	81	41	56	112	65	104	125	107	51	33	125	90	134	40	65	130	115	89	149	93	138	94	40	169	45	128	79	133	122	118	31	88	107	173	52
0	0	0	0	0	0	0	0	0	0	0	0	0	0	0	0	0	0	0	0	0	0	0	0	0	0	0	0	0	0	0	0	0	0	0	0	0	0	0	0	0	0	0	0	0	0	0	0	0	0	0	0	0	0	0	109	66	119	135	128	84	103	136	56	179	64	66	74	77	145	63	137	52	81	39	58	83	160	62	80	148	73	100	105	59	120	116	52	49	158	126	136	104	125	71	89	69	105	129	91	19	150	108	20	144	97	57	154	128	123	96	66	39	146	113	51	82	127	126	95	42	116	93	33	68	125	19	140
0	0	0	0	0	0	0	0	0	0	0	0	0	0	0	0	0	0	0	0	0	0	0	0	0	0	0	0	0	0	0	0	0	0	0	0	0	0	0	0	0	0	0	0	0	0	0	0	0	0	0	0	0	0	0	0	25	39	24	122	26	47	118	30	64	101	143	33	43	57	130	87	60	101	22	45	48	139	89	90	98	66	119	40	69	131	46	65	108	38	112	35	142	115	92	27	44	118	82	84	87	113	42	65	107	63	102	60	115	138	174	131	29	57	69	122	143	164	110	138	130	68	143	15	47	109	162	98
0	0	0	0	0	0	0	0	0	0	0	0	0	0	0	0	0	0	0	0	0	0	0	0	0	0	0	0	0	0	0	0	0	0	0	0	0	0	0	0	0	0	0	0	0	0	0	0	0	0	0	0	0	0	0	0	0	91	94	127	125	83	139	144	38	65	36	58	71	85	109	75	54	105	51	107	119	120	13	62	136	107	58	35	165	75	98	167	140	17	38	19	88	166	45	69	97	152	69	67	68	152	115	51	31	73	42	32	162	97	56	141	53	52	78	162	101	75	103	46	50	160	65	116	21	100	96	121
0	0	0	0	0	0	0	0	0	0	0	0	0	0	0	0	0	0	0	0	0	0	0	0	0	0	0	0	0	0	0	0	0	0	0	0	0	0	0	0	0	0	0	0	0	0	0	0	0	0	0	0	0	0	0	0	0	0	62	93	166	72	129	132	57	159	127	76	87	85	96	40	103	185	22	135	150	113	80	29	53	112	72	120	105	177	107	135	30	139	55	78	101	178	93	133	126	65	85	140	133	47	122	142	166	30	146	145	89	161	156	86	139	95	164	69	68	57	18	84	82	55	46	71	71	27	149	97
0	0	0	0	0	0	0	0	0	0	0	0	0	0	0	0	0	0	0	0	0	0	0	0	0	0	0	0	0	0	0	0	0	0	0	0	0	0	0	0	0	0	0	0	0	0	0	0	0	0	0	0	0	0	0	0	0	0	0	129	40	126	115	120	126	128	37	98	45	67	120	66	168	112	145	122	117	94	78	114	131	74	123	42	165	132	114	83	160	170	5	52	129	98	57	43	142	141	124	127	77	61	64	129	17	115	114	123	113	135	61	63	64	29	132	76	117	61	85	133	78	9	129	121	154	12	81	69
0	0	0	0	0	0	0	0	0	0	0	0	0	0	0	0	0	0	0	0	0	0	0	0	0	0	0	0	0	0	0	0	0	0	0	0	0	0	0	0	0	0	0	0	0	0	0	0	0	0	0	0	0	0	0	0	0	0	0	0	71	13	155	56	42	119	59	22	110	102	87	155	104	16	112	65	154	83	67	57	119	62	79	18	130	120	128	129	112	16	73	93	48	143	161	137	68	129	75	51	46	164	151	106	106	91	90	72	102	59	126	39	146	76	139	116	126	113	70	137	73	115	69	138	23	77	84	35
0	0	0	0	0	0	0	0	0	0	0	0	0	0	0	0	0	0	0	0	0	0	0	0	0	0	0	0	0	0	0	0	0	0	0	0	0	0	0	0	0	0	0	0	0	0	0	0	0	0	0	0	0	0	0	0	0	0	0	0	0	146	187	107	143	129	13	47	82	38	28	146	166	119	61	117	111	37	136	94	104	123	82	50	102	80	82	76	36	63	128	160	136	67	106	145	129	53	87	73	132	137	88	90	9	53	78	99	135	170	104	107	69	146	62	59	38	128	131	52	79	137	100	47	49	38	52	76
0	0	0	0	0	0	0	0	0	0	0	0	0	0	0	0	0	0	0	0	0	0	0	0	0	0	0	0	0	0	0	0	0	0	0	0	0	0	0	0	0	0	0	0	0	0	0	0	0	0	0	0	0	0	0	0	0	0	0	0	0	0	121	99	51	65	71	55	73	136	12	19	27	11	59	139	163	15	82	75	144	128	21	71	128	111	151	58	27	112	128	135	81	122	103	73	52	89	100	129	131	158	66	75	123	73	130	152	66	57	83	107	128	134	40	86	156	93	130	142	130	90	94	72	94	72	61	112
0	0	0	0	0	0	0	0	0	0	0	0	0	0	0	0	0	0	0	0	0	0	0	0	0	0	0	0	0	0	0	0	0	0	0	0	0	0	0	0	0	0	0	0	0	0	0	0	0	0	0	0	0	0	0	0	0	0	0	0	0	0	0	131	132	84	83	62	69	87	149	100	152	164	65	184	54	64	124	122	85	20	28	39	52	90	130	42	109	188	111	94	130	127	29	131	51	114	89	157	73	100	161	112	108	84	125	80	131	93	182	138	41	37	61	85	48	51	24	107	94	103	100	117	24	69	21	25
0	0	0	0	0	0	0	0	0	0	0	0	0	0	0	0	0	0	0	0	0	0	0	0	0	0	0	0	0	0	0	0	0	0	0	0	0	0	0	0	0	0	0	0	0	0	0	0	0	0	0	0	0	0	0	0	0	0	0	0	0	0	0	0	78	92	94	54	127	63	100	131	176	169	126	74	104	65	134	74	74	100	141	145	85	107	112	110	109	122	131	157	74	161	83	57	110	173	113	157	183	108	70	73	149	110	151	126	158	152	102	62	91	175	132	122	62	90	118	79	112	98	69	78	116	89	61	59
0	0	0	0	0	0	0	0	0	0	0	0	0	0	0	0	0	0	0	0	0	0	0	0	0	0	0	0	0	0	0	0	0	0	0	0	0	0	0	0	0	0	0	0	0	0	0	0	0	0	0	0	0	0	0	0	0	0	0	0	0	0	0	0	0	145	30	80	138	52	109	86	47	150	40	64	133	83	78	54	70	110	21	158	84	119	80	163	136	139	152	54	124	96	117	108	171	93	85	88	141	137	132	138	115	130	62	127	51	66	134	139	118	147	152	91	93	80	103	101	74	28	62	113	52	40	139	46
0	0	0	0	0	0	0	0	0	0	0	0	0	0	0	0	0	0	0	0	0	0	0	0	0	0	0	0	0	0	0	0	0	0	0	0	0	0	0	0	0	0	0	0	0	0	0	0	0	0	0	0	0	0	0	0	0	0	0	0	0	0	0	0	0	0	79	161	144	83	107	67	137	98	67	44	62	76	138	83	20	172	178	38	161	109	175	142	168	190	34	150	81	97	99	32	186	60	87	87	150	104	125	146	92	107	183	97	88	86	44	171	31	126	99	162	82	91	114	126	130	138	182	137	189	70	142	120
0	0	0	0	0	0	0	0	0	0	0	0	0	0	0	0	0	0	0	0	0	0	0	0	0	0	0	0	0	0	0	0	0	0	0	0	0	0	0	0	0	0	0	0	0	0	0	0	0	0	0	0	0	0	0	0	0	0	0	0	0	0	0	0	0	0	0	23	26	105	128	112	55	31	147	186	147	23	67	72	141	104	93	66	109	85	110	46	124	51	73	150	144	80	62	120	16	55	143	158	103	60	107	73	106	127	142	104	97	99	154	125	138	16	39	140	67	109	54	84	138	130	107	115	111	103	69	74
0	0	0	0	0	0	0	0	0	0	0	0	0	0	0	0	0	0	0	0	0	0	0	0	0	0	0	0	0	0	0	0	0	0	0	0	0	0	0	0	0	0	0	0	0	0	0	0	0	0	0	0	0	0	0	0	0	0	0	0	0	0	0	0	0	0	0	0	46	129	141	32	177	72	54	90	77	184	90	117	28	129	178	60	54	114	89	177	59	35	81	157	129	60	106	100	64	61	134	73	157	143	108	88	112	144	102	103	121	156	129	133	140	118	95	125	64	46	63	96	115	29	96	89	161	50	162	61
0	0	0	0	0	0	0	0	0	0	0	0	0	0	0	0	0	0	0	0	0	0	0	0	0	0	0	0	0	0	0	0	0	0	0	0	0	0	0	0	0	0	0	0	0	0	0	0	0	0	0	0	0	0	0	0	0	0	0	0	0	0	0	0	0	0	0	0	0	85	147	89	92	84	72	102	82	143	61	141	114	150	5	42	25	95	137	118	151	71	132	105	44	128	93	158	79	132	33	25	119	121	69	70	73	176	177	129	83	153	145	79	81	100	109	86	151	91	98	28	165	90	115	4	49	142	124	94
0	0	0	0	0	0	0	0	0	0	0	0	0	0	0	0	0	0	0	0	0	0	0	0	0	0	0	0	0	0	0	0	0	0	0	0	0	0	0	0	0	0	0	0	0	0	0	0	0	0	0	0	0	0	0	0	0	0	0	0	0	0	0	0	0	0	0	0	0	0	186	169	147	113	102	73	115	100	47	172	92	43	147	119	110	65	20	70	65	124	14	29	95	40	33	28	126	76	135	129	102	161	121	81	100	52	144	62	161	114	91	77	51	78	113	70	23	115	122	82	124	153	169	97	89	52	64	55
0	0	0	0	0	0	0	0	0	0	0	0	0	0	0	0	0	0	0	0	0	0	0	0	0	0	0	0	0	0	0	0	0	0	0	0	0	0	0	0	0	0	0	0	0	0	0	0	0	0	0	0	0	0	0	0	0	0	0	0	0	0	0	0	0	0	0	0	0	0	0	100	105	133	118	84	117	135	85	26	143	145	90	153	92	91	55	121	131	50	101	64	171	137	98	42	105	74	141	113	29	139	87	186	39	83	175	114	59	111	112	38	119	177	64	100	148	109	105	135	102	65	82	140	153	142	95	153
0	0	0	0	0	0	0	0	0	0	0	0	0	0	0	0	0	0	0	0	0	0	0	0	0	0	0	0	0	0	0	0	0	0	0	0	0	0	0	0	0	0	0	0	0	0	0	0	0	0	0	0	0	0	0	0	0	0	0	0	0	0	0	0	0	0	0	0	0	0	0	0	74	159	63	165	57	93	120	165	36	139	106	73	59	66	129	94	56	79	89	106	160	54	82	77	100	113	53	117	52	103	158	118	72	93	164	48	115	120	112	147	107	144	30	105	99	146	53	118	117	90	78	37	18	93	88	124
0	0	0	0	0	0	0	0	0	0	0	0	0	0	0	0	0	0	0	0	0	0	0	0	0	0	0	0	0	0	0	0	0	0	0	0	0	0	0	0	0	0	0	0	0	0	0	0	0	0	0	0	0	0	0	0	0	0	0	0	0	0	0	0	0	0	0	0	0	0	0	0	0	62	123	120	109	31	58	92	88	115	91	61	122	76	74	154	179	85	115	50	67	86	85	141	114	10	63	116	81	94	88	51	83	112	77	137	161	117	118	100	142	89	69	65	134	98	59	123	182	112	86	57	100	102	124	87
0	0	0	0	0	0	0	0	0	0	0	0	0	0	0	0	0	0	0	0	0	0	0	0	0	0	0	0	0	0	0	0	0	0	0	0	0	0	0	0	0	0	0	0	0	0	0	0	0	0	0	0	0	0	0	0	0	0	0	0	0	0	0	0	0	0	0	0	0	0	0	0	0	0	73	102	167	87	57	80	162	144	134	111	157	73	118	119	152	87	81	132	43	136	103	41	118	104	176	155	176	138	105	68	137	118	161	137	64	125	133	97	62	36	136	94	16	104	34	116	161	78	84	46	67	141	130	78
0	0	0	0	0	0	0	0	0	0	0	0	0	0	0	0	0	0	0	0	0	0	0	0	0	0	0	0	0	0	0	0	0	0	0	0	0	0	0	0	0	0	0	0	0	0	0	0	0	0	0	0	0	0	0	0	0	0	0	0	0	0	0	0	0	0	0	0	0	0	0	0	0	0	0	137	133	65	149	143	38	16	114	105	77	62	78	47	123	80	158	151	87	133	163	95	118	54	146	12	142	176	88	99	109	63	112	46	193	120	181	59	141	77	146	130	147	126	161	24	80	47	11	98	51	49	147	168
0	0	0	0	0	0	0	0	0	0	0	0	0	0	0	0	0	0	0	0	0	0	0	0	0	0	0	0	0	0	0	0	0	0	0	0	0	0	0	0	0	0	0	0	0	0	0	0	0	0	0	0	0	0	0	0	0	0	0	0	0	0	0	0	0	0	0	0	0	0	0	0	0	0	0	0	68	92	187	89	97	192	141	180	29	95	118	83	87	84	160	159	135	130	140	180	149	92	88	115	81	131	88	130	58	108	178	135	102	121	135	47	122	119	158	97	121	124	40	63	99	81	75	96	75	65	97	76
0	0	0	0	0	0	0	0	0	0	0	0	0	0	0	0	0	0	0	0	0	0	0	0	0	0	0	0	0	0	0	0	0	0	0	0	0	0	0	0	0	0	0	0	0	0	0	0	0	0	0	0	0	0	0	0	0	0	0	0	0	0	0	0	0	0	0	0	0	0	0	0	0	0	0	0	0	99	102	25	135	14	104	97	109	52	51	41	120	67	70	126	166	120	85	96	116	174	105	49	88	117	29	184	138	10	133	100	197	129	141	136	86	33	75	106	44	84	83	52	115	29	31	140	99	149	162	115
0	0	0	0	0	0	0	0	0	0	0	0	0	0	0	0	0	0	0	0	0	0	0	0	0	0	0	0	0	0	0	0	0	0	0	0	0	0	0	0	0	0	0	0	0	0	0	0	0	0	0	0	0	0	0	0	0	0	0	0	0	0	0	0	0	0	0	0	0	0	0	0	0	0	0	0	0	0	127	92	117	165	108	78	132	18	57	148	151	157	77	166	48	66	77	88	197	118	106	60	118	152	86	119	97	113	156	112	125	161	108	85	89	195	61	59	57	101	143	119	148	99	66	92	109	127	52	138
0	0	0	0	0	0	0	0	0	0	0	0	0	0	0	0	0	0	0	0	0	0	0	0	0	0	0	0	0	0	0	0	0	0	0	0	0	0	0	0	0	0	0	0	0	0	0	0	0	0	0	0	0	0	0	0	0	0	0	0	0	0	0	0	0	0	0	0	0	0	0	0	0	0	0	0	0	0	0	54	192	120	74	49	113	91	43	91	176	76	76	152	126	43	93	57	115	181	107	136	186	33	112	24	65	142	57	42	176	73	79	102	31	122	179	12	76	150	163	134	138	167	106	170	123	146	27	77
0	0	0	0	0	0	0	0	0	0	0	0	0	0	0	0	0	0	0	0	0	0	0	0	0	0	0	0	0	0	0	0	0	0	0	0	0	0	0	0	0	0	0	0	0	0	0	0	0	0	0	0	0	0	0	0	0	0	0	0	0	0	0	0	0	0	0	0	0	0	0	0	0	0	0	0	0	0	0	0	116	155	54	58	107	104	71	101	147	135	75	96	116	121	82	50	62	69	85	60	33	146	88	29	70	167	17	19	94	30	50	179	131	143	118	128	174	147	154	149	132	38	54	159	140	130	170	124
0	0	0	0	0	0	0	0	0	0	0	0	0	0	0	0	0	0	0	0	0	0	0	0	0	0	0	0	0	0	0	0	0	0	0	0	0	0	0	0	0	0	0	0	0	0	0	0	0	0	0	0	0	0	0	0	0	0	0	0	0	0	0	0	0	0	0	0	0	0	0	0	0	0	0	0	0	0	0	0	0	165	68	40	50	112	143	161	87	152	156	151	113	113	88	167	81	92	55	47	69	120	159	93	121	183	123	142	50	181	121	140	136	129	125	35	41	156	67	140	166	52	80	88	84	131	86	76
0	0	0	0	0	0	0	0	0	0	0	0	0	0	0	0	0	0	0	0	0	0	0	0	0	0	0	0	0	0	0	0	0	0	0	0	0	0	0	0	0	0	0	0	0	0	0	0	0	0	0	0	0	0	0	0	0	0	0	0	0	0	0	0	0	0	0	0	0	0	0	0	0	0	0	0	0	0	0	0	0	0	145	165	146	10	96	88	123	125	56	172	168	90	78	200	140	155	53	143	155	98	95	140	23	65	137	127	166	114	188	76	116	152	93	174	54	59	104	148	87	39	178	117	174	47	79	79
0	0	0	0	0	0	0	0	0	0	0	0	0	0	0	0	0	0	0	0	0	0	0	0	0	0	0	0	0	0	0	0	0	0	0	0	0	0	0	0	0	0	0	0	0	0	0	0	0	0	0	0	0	0	0	0	0	0	0	0	0	0	0	0	0	0	0	0	0	0	0	0	0	0	0	0	0	0	0	0	0	0	0	80	123	130	137	75	138	39	76	136	195	90	196	116	81	69	162	12	12	158	109	142	64	125	148	34	128	141	102	133	184	180	111	78	42	88	178	77	153	105	132	111	47	90	134	32
0	0	0	0	0	0	0	0	0	0	0	0	0	0	0	0	0	0	0	0	0	0	0	0	0	0	0	0	0	0	0	0	0	0	0	0	0	0	0	0	0	0	0	0	0	0	0	0	0	0	0	0	0	0	0	0	0	0	0	0	0	0	0	0	0	0	0	0	0	0	0	0	0	0	0	0	0	0	0	0	0	0	0	0	97	152	133	80	93	119	65	144	106	53	11	62	138	101	73	60	40	56	114	36	96	143	169	58	84	131	121	116	157	53	42	52	127	97	129	123	120	44	64	89	50	102	144	170
0	0	0	0	0	0	0	0	0	0	0	0	0	0	0	0	0	0	0	0	0	0	0	0	0	0	0	0	0	0	0	0	0	0	0	0	0	0	0	0	0	0	0	0	0	0	0	0	0	0	0	0	0	0	0	0	0	0	0	0	0	0	0	0	0	0	0	0	0	0	0	0	0	0	0	0	0	0	0	0	0	0	0	0	0	173	163	56	198	94	127	104	117	76	182	83	113	119	185	130	126	117	14	164	168	56	46	84	100	160	159	135	188	192	169	98	33	70	36	194	128	78	121	83	83	109	57	138
0	0	0	0	0	0	0	0	0	0	0	0	0	0	0	0	0	0	0	0	0	0	0	0	0	0	0	0	0	0	0	0	0	0	0	0	0	0	0	0	0	0	0	0	0	0	0	0	0	0	0	0	0	0	0	0	0	0	0	0	0	0	0	0	0	0	0	0	0	0	0	0	0	0	0	0	0	0	0	0	0	0	0	0	0	0	116	53	112	123	102	138	116	56	101	146	47	92	152	136	91	190	79	42	141	38	32	131	137	118	45	148	99	175	85	169	35	133	82	54	95	155	83	116	206	175	53	89
0	0	0	0	0	0	0	0	0	0	0	0	0	0	0	0	0	0	0	0	0	0	0	0	0	0	0	0	0	0	0	0	0	0	0	0	0	0	0	0	0	0	0	0	0	0	0	0	0	0	0	0	0	0	0	0	0	0	0	0	0	0	0	0	0	0	0	0	0	0	0	0	0	0	0	0	0	0	0	0	0	0	0	0	0	0	0	98	62	178	74	126	83	119	105	146	144	171	60	184	106	104	82	163	150	136	107	132	53	85	56	147	196	192	128	135	175	121	113	110	124	137	95	136	148	169	146	136
0	0	0	0	0	0	0	0	0	0	0	0	0	0	0	0	0	0	0	0	0	0	0	0	0	0	0	0	0	0	0	0	0	0	0	0	0	0	0	0	0	0	0	0	0	0	0	0	0	0	0	0	0	0	0	0	0	0	0	0	0	0	0	0	0	0	0	0	0	0	0	0	0	0	0	0	0	0	0	0	0	0	0	0	0	0	0	0	100	153	56	102	100	67	100	108	215	88	172	152	173	77	106	53	118	138	36	120	194	121	103	77	83	70	151	132	54	142	64	108	44	180	200	128	106	157	35	39
0	0	0	0	0	0	0	0	0	0	0	0	0	0	0	0	0	0	0	0	0	0	0	0	0	0	0	0	0	0	0	0	0	0	0	0	0	0	0	0	0	0	0	0	0	0	0	0	0	0	0	0	0	0	0	0	0	0	0	0	0	0	0	0	0	0	0	0	0	0	0	0	0	0	0	0	0	0	0	0	0	0	0	0	0	0	0	0	0	165	134	103	116	90	170	62	179	66	95	135	107	132	88	157	75	104	51	60	87	101	53	73	80	202	48	82	128	143	74	112	144	140	131	161	45	91	51	79
0	0	0	0	0	0	0	0	0	0	0	0	0	0	0	0	0	0	0	0	0	0	0	0	0	0	0	0	0	0	0	0	0	0	0	0	0	0	0	0	0	0	0	0	0	0	0	0	0	0	0	0	0	0	0	0	0	0	0	0	0	0	0	0	0	0	0	0	0	0	0	0	0	0	0	0	0	0	0	0	0	0	0	0	0	0	0	0	0	0	92	95	120	140	46	45	120	123	157	30	161	93	145	47	33	20	92	84	141	103	124	74	63	59	88	158	96	121	160	49	125	72	174	71	74	122	113	65
0	0	0	0	0	0	0	0	0	0	0	0	0	0	0	0	0	0	0	0	0	0	0	0	0	0	0	0	0	0	0	0	0	0	0	0	0	0	0	0	0	0	0	0	0	0	0	0	0	0	0	0	0	0	0	0	0	0	0	0	0	0	0	0	0	0	0	0	0	0	0	0	0	0	0	0	0	0	0	0	0	0	0	0	0	0	0	0	0	0	0	103	13	146	131	107	82	147	58	129	36	158	59	117	128	110	82	79	141	74	74	58	112	182	70	119	167	115	155	85	86	134	177	132	61	135	60	148
0	0	0	0	0	0	0	0	0	0	0	0	0	0	0	0	0	0	0	0	0	0	0	0	0	0	0	0	0	0	0	0	0	0	0	0	0	0	0	0	0	0	0	0	0	0	0	0	0	0	0	0	0	0	0	0	0	0	0	0	0	0	0	0	0	0	0	0	0	0	0	0	0	0	0	0	0	0	0	0	0	0	0	0	0	0	0	0	0	0	0	0	83	100	85	153	126	26	99	175	93	78	106	99	158	89	64	110	69	123	166	25	144	100	150	73	101	116	171	183	116	130	91	84	145	96	80	53
0	0	0	0	0	0	0	0	0	0	0	0	0	0	0	0	0	0	0	0	0	0	0	0	0	0	0	0	0	0	0	0	0	0	0	0	0	0	0	0	0	0	0	0	0	0	0	0	0	0	0	0	0	0	0	0	0	0	0	0	0	0	0	0	0	0	0	0	0	0	0	0	0	0	0	0	0	0	0	0	0	0	0	0	0	0	0	0	0	0	0	0	0	142	163	156	209	167	91	97	201	93	52	68	119	58	62	160	121	165	42	50	25	187	173	138	99	6	36	152	164	108	129	176	164	77	130	120
0	0	0	0	0	0	0	0	0	0	0	0	0	0	0	0	0	0	0	0	0	0	0	0	0	0	0	0	0	0	0	0	0	0	0	0	0	0	0	0	0	0	0	0	0	0	0	0	0	0	0	0	0	0	0	0	0	0	0	0	0	0	0	0	0	0	0	0	0	0	0	0	0	0	0	0	0	0	0	0	0	0	0	0	0	0	0	0	0	0	0	0	0	0	151	43	134	134	186	35	123	158	121	163	101	112	35	52	8	120	143	70	36	128	92	157	131	125	169	84	152	127	110	129	119	95	38	67
0	0	0	0	0	0	0	0	0	0	0	0	0	0	0	0	0	0	0	0	0	0	0	0	0	0	0	0	0	0	0	0	0	0	0	0	0	0	0	0	0	0	0	0	0	0	0	0	0	0	0	0	0	0	0	0	0	0	0	0	0	0	0	0	0	0	0	0	0	0	0	0	0	0	0	0	0	0	0	0	0	0	0	0	0	0	0	0	0	0	0	0	0	0	0	84	77	117	89	142	141	107	158	213	28	79	184	167	194	125	182	213	135	139	135	136	51	214	160	83	167	41	113	125	84	133	187	123
0	0	0	0	0	0	0	0	0	0	0	0	0	0	0	0	0	0	0	0	0	0	0	0	0	0	0	0	0	0	0	0	0	0	0	0	0	0	0	0	0	0	0	0	0	0	0	0	0	0	0	0	0	0	0	0	0	0	0	0	0	0	0	0	0	0	0	0	0	0	0	0	0	0	0	0	0	0	0	0	0	0	0	0	0	0	0	0	0	0	0	0	0	0	0	0	103	113	105	18	183	51	170	47	118	48	173	68	202	72	87	112	100	80	180	43	168	93	64	53	116	128	80	86	121	23	128	164
0	0	0	0	0	0	0	0	0	0	0	0	0	0	0	0	0	0	0	0	0	0	0	0	0	0	0	0	0	0	0	0	0	0	0	0	0	0	0	0	0	0	0	0	0	0	0	0	0	0	0	0	0	0	0	0	0	0	0	0	0	0	0	0	0	0	0	0	0	0	0	0	0	0	0	0	0	0	0	0	0	0	0	0	0	0	0	0	0	0	0	0	0	0	0	0	0	164	130	200	129	46	95	181	166	122	38	125	94	204	105	131	58	64	60	124	136	88	106	73	128	187	129	169	70	131	141	132
0	0	0	0	0	0	0	0	0	0	0	0	0	0	0	0	0	0	0	0	0	0	0	0	0	0	0	0	0	0	0	0	0	0	0	0	0	0	0	0	0	0	0	0	0	0	0	0	0	0	0	0	0	0	0	0	0	0	0	0	0	0	0	0	0	0	0	0	0	0	0	0	0	0	0	0	0	0	0	0	0	0	0	0	0	0	0	0	0	0	0	0	0	0	0	0	0	0	44	127	173	90	120	173	137	131	45	180	163	185	59	196	99	58	148	108	66	169	133	109	129	69	56	63	223	223	83	85
0	0	0	0	0	0	0	0	0	0	0	0	0	0	0	0	0	0	0	0	0	0	0	0	0	0	0	0	0	0	0	0	0	0	0	0	0	0	0	0	0	0	0	0	0	0	0	0	0	0	0	0	0	0	0	0	0	0	0	0	0	0	0	0	0	0	0	0	0	0	0	0	0	0	0	0	0	0	0	0	0	0	0	0	0	0	0	0	0	0	0	0	0	0	0	0	0	0	0	129	108	83	150	110	159	88	201	71	103	81	169	25	94	91	134	175	125	170	149	205	23	14	22	47	137	148	90	65
0	0	0	0	0	0	0	0	0	0	0	0	0	0	0	0	0	0	0	0	0	0	0	0	0	0	0	0	0	0	0	0	0	0	0	0	0	0	0	0	0	0	0	0	0	0	0	0	0	0	0	0	0	0	0	0	0	0	0	0	0	0	0	0	0	0	0	0	0	0	0	0	0	0	0	0	0	0	0	0	0	0	0	0	0	0	0	0	0	0	0	0	0	0	0	0	0	0	0	0	181	130	22	76	99	139	158	50	213	159	134	175	88	85	68	48	119	92	211	53	103	94	113	67	115	32	91	141
0	0	0	0	0	0	0	0	0	0	0	0	0	0	0	0	0	0	0	0	0	0	0	0	0	0	0	0	0	0	0	0	0	0	0	0	0	0	0	0	0	0	0	0	0	0	0	0	0	0	0	0	0	0	0	0	0	0	0	0	0	0	0	0	0	0	0	0	0	0	0	0	0	0	0	0	0	0	0	0	0	0	0	0	0	0	0	0	0	0	0	0	0	0	0	0	0	0	0	0	0	91	130	26	112	85	47	104	104	160	80	142	156	60	75	103	194	122	53	53	64	103	97	199	121	59	66	73
0	0	0	0	0	0	0	0	0	0	0	0	0	0	0	0	0	0	0	0	0	0	0	0	0	0	0	0	0	0	0	0	0	0	0	0	0	0	0	0	0	0	0	0	0	0	0	0	0	0	0	0	0	0	0	0	0	0	0	0	0	0	0	0	0	0	0	0	0	0	0	0	0	0	0	0	0	0	0	0	0	0	0	0	0	0	0	0	0	0	0	0	0	0	0	0	0	0	0	0	0	0	53	77	93	121	55	61	106	186	34	198	166	85	83	173	192	34	156	138	67	136	80	104	118	105	114	136
0	0	0	0	0	0	0	0	0	0	0	0	0	0	0	0	0	0	0	0	0	0	0	0	0	0	0	0	0	0	0	0	0	0	0	0	0	0	0	0	0	0	0	0	0	0	0	0	0	0	0	0	0	0	0	0	0	0	0	0	0	0	0	0	0	0	0	0	0	0	0	0	0	0	0	0	0	0	0	0	0	0	0	0	0	0	0	0	0	0	0	0	0	0	0	0	0	0	0	0	0	0	0	51	212	144	195	128	137	117	142	160	25	156	152	71	159	113	194	167	151	189	79	111	145	36	51	71
0	0	0	0	0	0	0	0	0	0	0	0	0	0	0	0	0	0	0	0	0	0	0	0	0	0	0	0	0	0	0	0	0	0	0	0	0	0	0	0	0	0	0	0	0	0	0	0	0	0	0	0	0	0	0	0	0	0	0	0	0	0	0	0	0	0	0	0	0	0	0	0	0	0	0	0	0	0	0	0	0	0	0	0	0	0	0	0	0	0	0	0	0	0	0	0	0	0	0	0	0	0	0	0	108	106	64	71	209	157	100	50	113	138	25	103	63	135	158	175	58	152	98	77	113	143	201	201
0	0	0	0	0	0	0	0	0	0	0	0	0	0	0	0	0	0	0	0	0	0	0	0	0	0	0	0	0	0	0	0	0	0	0	0	0	0	0	0	0	0	0	0	0	0	0	0	0	0	0	0	0	0	0	0	0	0	0	0	0	0	0	0	0	0	0	0	0	0	0	0	0	0	0	0	0	0	0	0	0	0	0	0	0	0	0	0	0	0	0	0	0	0	0	0	0	0	0	0	0	0	0	0	0	149	138	86	130	114	140	211	111	131	142	40	105	170	125	157	60	135	117	103	181	135	113	64
0	0	0	0	0	0	0	0	0	0	0	0	0	0	0	0	0	0	0	0	0	0	0	0	0	0	0	0	0	0	0	0	0	0	0	0	0	0	0	0	0	0	0	0	0	0	0	0	0	0	0	0	0	0	0	0	0	0	0	0	0	0	0	0	0	0	0	0	0	0	0	0	0	0	0	0	0	0	0	0	0	0	0	0	0	0	0	0	0	0	0	0	0	0	0	0	0	0	0	0	0	0	0	0	0	0	45	179	161	59	107	67	169	198	144	109	100	127	143	45	208	86	28	81	98	185	55	128
0	0	0	0	0	0	0	0	0	0	0	0	0	0	0	0	0	0	0	0	0	0	0	0	0	0	0	0	0	0	0	0	0	0	0	0	0	0	0	0	0	0	0	0	0	0	0	0	0	0	0	0	0	0	0	0	0	0	0	0	0	0	0	0	0	0	0	0	0	0	0	0	0	0	0	0	0	0	0	0	0	0	0	0	0	0	0	0	0	0	0	0	0	0	0	0	0	0	0	0	0	0	0	0	0	0	0	107	168	141	135	81	48	207	65	185	57	44	175	30	55	116	76	126	178	145	107	87
0	0	0	0	0	0	0	0	0	0	0	0	0	0	0	0	0	0	0	0	0	0	0	0	0	0	0	0	0	0	0	0	0	0	0	0	0	0	0	0	0	0	0	0	0	0	0	0	0	0	0	0	0	0	0	0	0	0	0	0	0	0	0	0	0	0	0	0	0	0	0	0	0	0	0	0	0	0	0	0	0	0	0	0	0	0	0	0	0	0	0	0	0	0	0	0	0	0	0	0	0	0	0	0	0	0	0	0	184	97	82	86	84	23	87	178	170	139	99	176	122	132	92	78	106	164	80	115
0	0	0	0	0	0	0	0	0	0	0	0	0	0	0	0	0	0	0	0	0	0	0	0	0	0	0	0	0	0	0	0	0	0	0	0	0	0	0	0	0	0	0	0	0	0	0	0	0	0	0	0	0	0	0	0	0	0	0	0	0	0	0	0	0	0	0	0	0	0	0	0	0	0	0	0	0	0	0	0	0	0	0	0	0	0	0	0	0	0	0	0	0	0	0	0	0	0	0	0	0	0	0	0	0	0	0	0	0	99	121	180	188	129	54	186	137	158	111	102	90	206	171	123	147	152	98	79
0	0	0	0	0	0	0	0	0	0	0	0	0	0	0	0	0	0	0	0	0	0	0	0	0	0	0	0	0	0	0	0	0	0	0	0	0	0	0	0	0	0	0	0	0	0	0	0	0	0	0	0	0	0	0	0	0	0	0	0	0	0	0	0	0	0	0	0	0	0	0	0	0	0	0	0	0	0	0	0	0	0	0	0	0	0	0	0	0	0	0	0	0	0	0	0	0	0	0	0	0	0	0	0	0	0	0	0	0	0	35	87	22	154	80	52	143	26	157	106	150	174	178	66	147	153	53	80
0	0	0	0	0	0	0	0	0	0	0	0	0	0	0	0	0	0	0	0	0	0	0	0	0	0	0	0	0	0	0	0	0	0	0	0	0	0	0	0	0	0	0	0	0	0	0	0	0	0	0	0	0	0	0	0	0	0	0	0	0	0	0	0	0	0	0	0	0	0	0	0	0	0	0	0	0	0	0	0	0	0	0	0	0	0	0	0	0	0	0	0	0	0	0	0	0	0	0	0	0	0	0	0	0	0	0	0	0	0	0	75	158	132	210	123	141	194	185	85	191	144	91	59	126	154	148	140
0	0	0	0	0	0	0	0	0	0	0	0	0	0	0	0	0	0	0	0	0	0	0	0	0	0	0	0	0	0	0	0	0	0	0	0	0	0	0	0	0	0	0	0	0	0	0	0	0	0	0	0	0	0	0	0	0	0	0	0	0	0	0	0	0	0	0	0	0	0	0	0	0	0	0	0	0	0	0	0	0	0	0	0	0	0	0	0	0	0	0	0	0	0	0	0	0	0	0	0	0	0	0	0	0	0	0	0	0	0	0	0	80	56	122	182	114	123	141	133	156	137	174	50	168	97	101	155
0	0	0	0	0	0	0	0	0	0	0	0	0	0	0	0	0	0	0	0	0	0	0	0	0	0	0	0	0	0	0	0	0	0	0	0	0	0	0	0	0	0	0	0	0	0	0	0	0	0	0	0	0	0	0	0	0	0	0	0	0	0	0	0	0	0	0	0	0	0	0	0	0	0	0	0	0	0	0	0	0	0	0	0	0	0	0	0	0	0	0	0	0	0	0	0	0	0	0	0	0	0	0	0	0	0	0	0	0	0	0	0	0	88	100	117	171	72	53	153	79	149	156	122	130	140	72	98
0	0	0	0	0	0	0	0	0	0	0	0	0	0	0	0	0	0	0	0	0	0	0	0	0	0	0	0	0	0	0	0	0	0	0	0	0	0	0	0	0	0	0	0	0	0	0	0	0	0	0	0	0	0	0	0	0	0	0	0	0	0	0	0	0	0	0	0	0	0	0	0	0	0	0	0	0	0	0	0	0	0	0	0	0	0	0	0	0	0	0	0	0	0	0	0	0	0	0	0	0	0	0	0	0	0	0	0	0	0	0	0	0	0	97	87	113	105	60	116	83	181	99	176	111	144	135	181
0	0	0	0	0	0	0	0	0	0	0	0	0	0	0	0	0	0	0	0	0	0	0	0	0	0	0	0	0	0	0	0	0	0	0	0	0	0	0	0	0	0	0	0	0	0	0	0	0	0	0	0	0	0	0	0	0	0	0	0	0	0	0	0	0	0	0	0	0	0	0	0	0	0	0	0	0	0	0	0	0	0	0	0	0	0	0	0	0	0	0	0	0	0	0	0	0	0	0	0	0	0	0	0	0	0	0	0	0	0	0	0	0	0	0	70	233	160	112	50	129	97	121	93	30	70	196	162
0	0	0	0	0	0	0	0	0	0	0	0	0	0	0	0	0	0	0	0	0	0	0	0	0	0	0	0	0	0	0	0	0	0	0	0	0	0	0	0	0	0	0	0	0	0	0	0	0	0	0	0	0	0	0	0	0	0	0	0	0	0	0	0	0	0	0	0	0	0	0	0	0	0	0	0	0	0	0	0	0	0	0	0	0	0	0	0	0	0	0	0	0	0	0	0	0	0	0	0	0	0	0	0	0	0	0	0	0	0	0	0	0	0	0	0	161	77	63	87	32	59	123	92	146	44	32	189
0	0	0	0	0	0	0	0	0	0	0	0	0	0	0	0	0	0	0	0	0	0	0	0	0	0	0	0	0	0	0	0	0	0	0	0	0	0	0	0	0	0	0	0	0	0	0	0	0	0	0	0	0	0	0	0	0	0	0	0	0	0	0	0	0	0	0	0	0	0	0	0	0	0	0	0	0	0	0	0	0	0	0	0	0	0	0	0	0	0	0	0	0	0	0	0	0	0	0	0	0	0	0	0	0	0	0	0	0	0	0	0	0	0	0	0	0	118	64	164	128	142	151	108	207	84	228	167
0	0	0	0	0	0	0	0	0	0	0	0	0	0	0	0	0	0	0	0	0	0	0	0	0	0	0	0	0	0	0	0	0	0	0	0	0	0	0	0	0	0	0	0	0	0	0	0	0	0	0	0	0	0	0	0	0	0	0	0	0	0	0	0	0	0	0	0	0	0	0	0	0	0	0	0	0	0	0	0	0	0	0	0	0	0	0	0	0	0	0	0	0	0	0	0	0	0	0	0	0	0	0	0	0	0	0	0	0	0	0	0	0	0	0	0	0	0	48	207	79	172	129	89	86	132	219	119
0	0	0	0	0	0	0	0	0	0	0	0	0	0	0	0	0	0	0	0	0	0	0	0	0	0	0	0	0	0	0	0	0	0	0	0	0	0	0	0	0	0	0	0	0	0	0	0	0	0	0	0	0	0	0	0	0	0	0	0	0	0	0	0	0	0	0	0	0	0	0	0	0	0	0	0	0	0	0	0	0	0	0	0	0	0	0	0	0	0	0	0	0	0	0	0	0	0	0	0	0	0	0	0	0	0	0	0	0	0	0	0	0	0	0	0	0	0	0	139	89	135	208	113	131	109	116	197
0	0	0	0	0	0	0	0	0	0	0	0	0	0	0	0	0	0	0	0	0	0	0	0	0	0	0	0	0	0	0	0	0	0	0	0	0	0	0	0	0	0	0	0	0	0	0	0	0	0	0	0	0	0	0	0	0	0	0	0	0	0	0	0	0	0	0	0	0	0	0	0	0	0	0	0	0	0	0	0	0	0	0	0	0	0	0	0	0	0	0	0	0	0	0	0	0	0	0	0	0	0	0	0	0	0	0	0	0	0	0	0	0	0	0	0	0	0	0	0	126	43	33	95	174	146	88	143
0	0	0	0	0	0	0	0	0	0	0	0	0	0	0	0	0	0	0	0	0	0	0	0	0	0	0	0	0	0	0	0	0	0	0	0	0	0	0	0	0	0	0	0	0	0	0	0	0	0	0	0	0	0	0	0	0	0	0	0	0	0	0	0	0	0	0	0	0	0	0	0	0	0	0	0	0	0	0	0	0	0	0	0	0	0	0	0	0	0	0	0	0	0	0	0	0	0	0	0	0	0	0	0	0	0	0	0	0	0	0	0	0	0	0	0	0	0	0	0	0	64	104	169	49	146	149	227
0	0	0	0	0	0	0	0	0	0	0	0	0	0	0	0	0	0	0	0	0	0	0	0	0	0	0	0	0	0	0	0	0	0	0	0	0	0	0	0	0	0	0	0	0	0	0	0	0	0	0	0	0	0	0	0	0	0	0	0	0	0	0	0	0	0	0	0	0	0	0	0	0	0	0	0	0	0	0	0	0	0	0	0	0	0	0	0	0	0	0	0	0	0	0	0	0	0	0	0	0	0	0	0	0	0	0	0	0	0	0	0	0	0	0	0	0	0	0	0	0	0	147	24	48	148	162	117
0	0	0	0	0	0	0	0	0	0	0	0	0	0	0	0	0	0	0	0	0	0	0	0	0	0	0	0	0	0	0	0	0	0	0	0	0	0	0	0	0	0	0	0	0	0	0	0	0	0	0	0	0	0	0	0	0	0	0	0	0	0	0	0	0	0	0	0	0	0	0	0	0	0	0	0	0	0	0	0	0	0	0	0	0	0	0	0	0	0	0	0	0	0	0	0	0	0	0	0	0	0	0	0	0	0	0	0	0	0	0	0	0	0	0	0	0	0	0	0	0	0	0	138	121	84	133	118
0	0	0	0	0	0	0	0	0	0	0	0	0	0	0	0	0	0	0	0	0	0	0	0	0	0	0	0	0	0	0	0	0	0	0	0	0	0	0	0	0	0	0	0	0	0	0	0	0	0	0	0	0	0	0	0	0	0	0	0	0	0	0	0	0	0	0	0	0	0	0	0	0	0	0	0	0	0	0	0	0	0	0	0	0	0	0	0	0	0	0	0	0	0	0	0	0	0	0	0	0	0	0	0	0	0	0	0	0	0	0	0	0	0	0	0	0	0	0	0	0	0	0	0	74	118	223	138
0	0	0	0	0	0	0	0	0	0	0	0	0	0	0	0	0	0	0	0	0	0	0	0	0	0	0	0	0	0	0	0	0	0	0	0	0	0	0	0	0	0	0	0	0	0	0	0	0	0	0	0	0	0	0	0	0	0	0	0	0	0	0	0	0	0	0	0	0	0	0	0	0	0	0	0	0	0	0	0	0	0	0	0	0	0	0	0	0	0	0	0	0	0	0	0	0	0	0	0	0	0	0	0	0	0	0	0	0	0	0	0	0	0	0	0	0	0	0	0	0	0	0	0	0	125	110	213
0	0	0	0	0	0	0	0	0	0	0	0	0	0	0	0	0	0	0	0	0	0	0	0	0	0	0	0	0	0	0	0	0	0	0	0	0	0	0	0	0	0	0	0	0	0	0	0	0	0	0	0	0	0	0	0	0	0	0	0	0	0	0	0	0	0	0	0	0	0	0	0	0	0	0	0	0	0	0	0	0	0	0	0	0	0	0	0	0	0	0	0	0	0	0	0	0	0	0	0	0	0	0	0	0	0	0	0	0	0	0	0	0	0	0	0	0	0	0	0	0	0	0	0	0	0	111	184
0	0	0	0	0	0	0	0	0	0	0	0	0	0	0	0	0	0	0	0	0	0	0	0	0	0	0	0	0	0	0	0	0	0	0	0	0	0	0	0	0	0	0	0	0	0	0	0	0	0	0	0	0	0	0	0	0	0	0	0	0	0	0	0	0	0	0	0	0	0	0	0	0	0	0	0	0	0	0	0	0	0	0	0	0	0	0	0	0	0	0	0	0	0	0	0	0	0	0	0	0	0	0	0	0	0	0	0	0	0	0	0	0	0	0	0	0	0	0	0	0	0	0	0	0	0	0	110
0	0	0	0	0	0	0	0	0	0	0	0	0	0	0	0	0	0	0	0	0	0	0	0	0	0	0	0	0	0	0	0	0	0	0	0	0	0	0	0	0	0	0	0	0	0	0	0	0	0	0	0	0	0	0	0	0	0	0	0	0	0	0	0	0	0	0	0	0	0	0	0	0	0	0	0	0	0	0	0	0	0	0	0	0	0	0	0	0	0	0	0	0	0	0	0	0	0	0	0	0	0	0	0	0	0	0	0	0	0	0	0	0	0	0	0	0	0	0	0	0	0	0	0	0	0	0	0