0	50	94	36	112	89	35	57	81	24	98	29	28	38	56	26	120	101	29	126	109	25	2	68	114	92	71	7	43	74	78	69	89	58	80	90	39	80	76	19	101	39	75	24	26	87	23	108	52	57	56	59	41	65	60	79	106	32	109	107	102	110	98	97	83	38	30	29	19	63	26	61	46	77	86	79	10	20	80	111	60	10	19	113	61	66	99	33	56	49	72	101	36	25	42	62	123	95	123	67	38	31	29	126	87	27	108	119	8	39	48	40	55	67	99	107	116	40	16	74	28	88	79	84	71	60	45	59
0	0	34	18	100	112	34	115	87	107	112	69	50	18	129	22	93	69	100	40	66	38	60	9	8	13	10	93	65	74	106	40	106	61	127	98	130	54	41	102	90	113	126	19	18	32	123	90	68	65	30	50	31	15	28	20	57	75	40	17	62	63	128	72	97	104	80	119	10	73	16	80	7	72	51	12	8	8	49	26	48	7	6	46	100	11	28	42	43	44	8	57	10	116	129	17	101	110	32	71	107	46	20	6	69	118	97	76	11	62	110	113	55	105	76	49	34	27	62	73	40	72	83	20	7	38	46	106
0	0	0	107	23	9	12	74	89	21	33	57	105	63	80	75	126	115	66	19	15	44	5	35	27	75	117	40	49	103	120	47	79	57	48	23	31	111	90	55	78	10	75	34	94	93	69	121	54	17	18	15	110	116	60	103	4	10	105	31	14	30	50	115	99	23	20	105	114	99	50	91	118	100	88	16	52	131	126	125	92	15	127	21	69	79	34	35	107	58	98	29	69	72	42	46	101	79	35	103	38	72	79	24	80	63	30	106	129	6	124	120	113	123	28	101	32	37	97	57	121	46	78	63	33	3	62	21
0	0	0	0	91	81	75	49	98	74	108	24	71	5	11	8	12	73	29	77	37	60	95	21	66	13	35	41	118	21	33	10	60	92	33	53	97	119	48	92	66	46	5	105	75	20	87	18	27	58	105	119	36	58	58	131	76	81	56	74	120	72	113	103	58	6	29	7	66	120	118	120	88	37	124	88	121	62	73	51	96	61	108	58	102	16	16	28	102	38	21	88	13	118	36	50	118	118	20	73	98	38	72	98	82	76	44	55	104	101	83	35	125	117	30	49	45	55	61	67	85	87	44	80	126	102	65	11
0	0	0	0	0	67	104	37	23	82	66	83	68	8	115	84	19	110	93	100	57	59	106	69	114	12	31	15	113	12	45	115	120	58	110	78	20	31	112	81	100	121	27	128	93	68	63	77	114	58	42	27	107	125	17	72	33	52	74	127	90	106	54	80	4	59	16	79	105	71	85	49	91	37	31	7	9	40	131	124	79	81	98	84	50	108	124	39	23	73	95	102	53	34	105	88	49	48	49	75	11	14	13	130	129	48	82	91	61	53	123	16	109	57	67	108	9	92	89	124	128	124	53	39	79	23	74	58
0	0	0	0	0	0	19	85	125	131	36	121	96	111	130	112	118	125	5	116	8	15	83	17	14	11	60	60	34	44	75	129	49	96	7	26	21	84	104	118	67	22	34	111	61	65	34	70	55	126	6	66	90	90	84	68	97	121	28	113	105	68	58	112	15	103	10	14	12	49	123	52	75	41	93	131	61	103	120	102	73	37	85	18	116	36	70	13	108	121	106	57	118	45	71	63	18	83	55	3	57	58	36	77	26	114	93	47	103	13	76	91	68	53	104	77	52	126	48	63	63	20	20	118	74	118	111	13
0	0	0	0	0	0	0	104	93	32	94	97	56	79	111	18	22	80	78	94	64	102	46	44	5	48	14	128	56	38	107	55	107	118	87	110	74	59	29	105	40	113	121	90	94	9	69	115	77	28	28	10	51	87	37	76	129	116	79	122	89	10	9	93	97	48	131	35	68	68	12	95	31	66	63	9	98	81	113	19	28	25	99	122	59	36	32	77	127	94	62	28	110	73	45	107	88	110	48	10	8	116	86	72	67	123	114	87	20	82	83	48	93	40	65	29	21	78	103	107	34	44	114	19	129	80	42	15
0	0	0	0	0	0	0	0	113	118	61	60	117	91	112	61	128	95	12	51	115	112	127	83	128	57	39	16	42	34	27	47	60	96	55	81	61	52	114	14	61	72	63	103	71	77	76	25	121	22	51	18	104	44	32	32	36	17	15	130	40	20	78	11	70	124	87	67	62	125	56	39	90	107	30	27	48	119	46	47	81	58	15	108	25	116	75	20	8	70	75	101	11	100	106	124	58	68	29	21	91	31	89	125	46	122	114	83	26	58	28	53	69	33	50	57	26	102	128	80	26	28	132	11	121	61	48	84
0	0	0	0	0	0	0	0	0	112	77	74	86	108	88	123	95	133	10	42	68	104	103	119	3	92	110	16	5	56	5	56	31	93	13	23	55	114	60	111	56	99	17	16	118	6	31	54	124	16	89	123	29	96	12	29	126	29	121	25	42	68	106	127	112	51	98	95	37	22	134	36	112	127	31	127	6	131	9	42	27	26	101	41	82	55	81	52	134	63	81	74	34	41	123	13	118	120	32	123	98	91	109	117	31	61	130	30	49	132	117	25	57	114	92	47	23	108	59	53	124	33	73	16	64	45	96	76
0	0	0	0	0	0	0	0	0	0	21	48	98	90	110	122	75	19	92	25	111	28	30	107	43	85	129	41	28	128	20	90	115	84	52	104	106	110	5	15	121	38	109	53	74	115	87	6	35	99	9	100	95	108	74	21	59	33	97	109	103	110	44	103	81	20	25	97	15	90	134	80	42	81	34	100	67	127	12	38	114	14	27	42	76	125	48	12	68	25	90	27	80	89	97	18	92	98	66	107	75	22	68	130	76	39	108	80	25	19	8	121	122	94	119	20	60	128	97	97	46	127	68	50	99	92	114	31
0	0	0	0	0	0	0	0	0	0	0	112	45	31	65	55	129	35	20	127	49	50	91	103	95	112	77	54	72	124	89	121	73	39	50	71	76	28	55	106	40	109	7	11	25	120	46	82	9	42	52	129	104	137	124	97	21	134	84	114	48	38	129	89	94	10	96	91	108	56	90	38	69	76	131	94	17	100	4	52	57	111	79	119	88	57	45	9	110	114	55	2	35	67	4	79	133	119	73	84	32	57	67	116	123	102	54	12	80	49	20	21	78	74	96	33	122	51	133	131	90	125	19	25	20	72	66	121
0	0	0	0	0	0	0	0	0	0	0	0	115	106	101	53	25	30	31	139	27	129	132	27	44	70	78	77	64	68	125	92	81	15	31	105	51	80	59	63	63	40	109	116	126	95	73	55	76	79	122	31	24	54	83	13	92	108	96	101	88	30	46	65	122	36	128	94	65	24	59	67	47	9	105	35	85	105	67	99	51	111	97	61	60	77	77	58	72	92	59	56	92	12	127	53	127	84	48	39	106	96	60	72	105	8	28	118	64	80	96	67	23	27	7	26	8	107	16	77	117	14	14	89	80	39	89	46
0	0	0	0	0	0	0	0	0	0	0	0	0	35	17	92	111	40	132	121	104	127	59	44	38	93	85	98	25	56	96	11	100	25	88	10	40	31	32	7	69	98	34	45	123	109	59	129	101	6	135	87	94	137	90	86	22	28	93	51	22	32	92	24	100	45	11	57	110	76	19	41	82	52	52	72	105	17	35	20	51	68	67	72	51	44	129	31	51	86	18	124	112	65	25	79	125	28	45	95	87	110	76	44	116	114	52	54	25	43	71	61	28	17	117	37	28	43	43	99	90	69	79	111	113	106	56	111
0	0	0	0	0	0	0	0	0	0	0	0	0	0	65	97	53	72	12	117	25	97	136	115	94	129	39	9	123	83	16	3	129	28	116	118	82	83	16	62	40	130	22	18	102	120	22	89	58	115	134	32	123	18	63	35	55	62	122	54	14	130	129	33	101	74	24	89	74	19	102	93	91	33	125	101	26	104	43	121	79	44	48	82	43	82	116	104	22	96	102	123	119	118	115	46	104	42	95	64	98	4	80	54	29	60	94	94	42	75	24	20	39	93	49	115	126	93	77	93	38	89	12	19	21	56	82	119
0	0	0	0	0	0	0	0	0	0	0	0	0	0	0	71	57	124	31	17	107	58	67	128	82	132	110	130	47	42	25	139	105	127	114	33	24	69	52	121	48	96	81	91	128	48	71	13	19	35	86	138	79	107	14	71	107	43	50	120	46	47	122	41	106	109	129	98	107	127	26	132	69	22	19	119	58	141	35	49	64	18	123	122	136	112	74	70	99	20	104	120	51	48	84	71	133	124	42	111	44	5	30	106	109	79	105	65	67	113	84	92	128	72	132	34	98	13	44	61	88	21	26	6	22	90	82	128
0	0	0	0	0	0	0	0	0	0	0	0	0	0	0	0	106	27	96	58	61	131	57	75	28	70	25	51	75	104	63	51	82	97	49	69	55	76	114	61	48	24	16	122	95	39	33	124	55	47	143	63	105	74	123	14	89	64	121	111	39	4	100	5	51	86	125	121	131	13	66	39	35	43	79	83	12	106	38	27	51	76	21	34	78	68	72	43	82	116	80	20	83	19	44	71	76	26	14	60	129	82	30	126	53	58	75	43	67	20	25	55	120	36	73	74	13	18	19	131	76	99	20	66	100	35	20	101
0	0	0	0	0	0	0	0	0	0	0	0	0	0	0	0	0	53	123	32	111	123	125	130	82	134	54	68	65	57	101	143	97	98	103	130	104	107	40	98	118	59	24	17	15	10	130	44	104	70	10	140	39	32	60	124	16	109	8	35	43	16	92	46	25	86	87	121	103	92	109	113	65	36	31	97	52	135	91	100	60	142	64	104	62	121	108	55	86	25	91	12	70	76	130	34	40	30	57	92	36	74	59	65	99	62	63	71	114	33	56	99	66	28	68	97	63	93	56	26	107	85	28	83	143	130	23	14
0	0	0	0	0	0	0	0	0	0	0	0	0	0	0	0	0	0	97	58	66	91	91	53	129	119	79	127	96	27	11	130	18	97	106	66	91	51	27	98	15	106	100	83	50	59	30	92	105	37	81	62	93	24	13	130	107	108	48	67	14	100	118	133	53	117	13	64	20	141	82	35	14	98	32	121	56	31	77	127	44	90	74	63	70	36	60	103	69	66	70	105	60	76	93	84	127	105	46	62	8	35	67	58	71	33	63	124	43	105	76	65	46	105	70	94	97	48	10	129	106	79	145	19	36	100	79	113
0	0	0	0	0	0	0	0	0	0	0	0	0	0	0	0	0	0	0	95	93	122	100	61	102	28	143	19	10	37	78	122	124	135	55	42	11	37	102	51	133	33	55	80	72	90	17	73	117	98	75	59	99	38	80	88	122	112	107	105	137	37	97	22	90	37	113	90	71	55	121	30	53	31	34	27	79	113	122	52	35	16	53	121	59	41	129	43	120	11	79	113	59	64	121	111	4	133	84	30	38	123	29	81	109	134	52	123	50	115	76	64	143	125	110	20	119	25	146	32	33	20	64	45	58	75	17	59
0	0	0	0	0	0	0	0	0	0	0	0	0	0	0	0	0	0	0	0	28	15	134	56	27	32	8	94	124	60	123	14	79	57	130	117	70	67	141	100	128	26	15	55	108	40	128	4	63	28	41	131	57	107	66	60	91	74	140	120	102	58	32	86	108	15	17	106	48	71	67	135	33	99	7	135	76	127	55	127	116	124	139	41	55	32	115	81	100	145	57	12	73	68	140	43	110	107	60	129	47	115	28	69	115	74	68	6	85	98	20	68	87	38	31	134	120	18	34	93	128	62	63	52	90	25	26	67
0	0	0	0	0	0	0	0	0	0	0	0	0	0	0	0	0	0	0	0	0	66	69	105	73	67	80	76	94	28	41	140	59	111	19	128	108	19	42	115	48	46	134	59	68	68	38	142	126	116	45	102	120	43	130	111	46	66	116	126	129	59	54	112	55	75	122	22	83	17	54	94	108	73	103	85	92	29	123	110	4	121	98	33	32	65	77	76	52	76	92	40	58	136	123	9	134	88	11	109	113	127	12	75	93	11	27	131	119	114	41	111	68	22	93	89	96	51	15	77	109	116	105	49	110	124	103	133
0	0	0	0	0	0	0	0	0	0	0	0	0	0	0	0	0	0	0	0	0	0	131	98	94	63	132	107	110	33	36	10	53	55	52	43	100	97	112	91	22	98	128	21	94	18	65	31	135	131	132	94	93	35	73	126	103	83	97	109	90	113	54	22	91	131	76	128	106	74	120	125	118	37	145	44	118	30	12	87	86	126	95	9	107	90	6	113	104	86	54	80	70	68	57	111	20	130	137	27	99	146	87	40	119	83	70	85	53	53	15	70	12	101	72	130	64	126	49	101	103	51	133	128	133	96	47	37
0	0	0	0	0	0	0	0	0	0	0	0	0	0	0	0	0	0	0	0	0	0	0	103	35	94	45	69	86	49	119	86	56	50	16	92	109	75	118	22	139	115	66	72	116	127	58	52	54	101	73	74	35	73	43	119	45	99	65	108	79	55	56	16	82	56	109	30	33	22	36	88	135	74	47	108	76	57	45	27	115	111	20	107	34	34	114	102	50	136	17	133	42	36	87	39	104	59	65	3	77	130	43	87	76	100	28	40	58	51	7	96	133	59	25	102	86	41	121	106	98	47	87	93	74	19	75	23
0	0	0	0	0	0	0	0	0	0	0	0	0	0	0	0	0	0	0	0	0	0	0	0	28	84	31	64	127	53	107	3	59	56	94	17	110	105	97	128	71	104	3	71	24	70	81	9	105	81	64	137	117	84	69	106	92	112	45	124	60	100	107	128	62	120	18	103	81	45	40	8	46	54	139	106	18	129	71	47	52	115	70	44	52	36	78	101	78	146	76	34	53	95	57	104	120	102	98	45	62	72	110	129	113	135	22	117	72	67	70	88	132	24	53	123	100	129	66	57	100	114	29	63	71	31	118	27
0	0	0	0	0	0	0	0	0	0	0	0	0	0	0	0	0	0	0	0	0	0	0	0	0	63	54	103	90	119	98	48	40	45	79	88	26	38	15	90	88	122	57	78	43	29	150	61	29	36	140	120	85	45	122	62	102	69	133	47	127	115	101	109	73	73	67	117	30	68	71	29	11	60	67	71	68	51	25	102	94	34	67	58	37	101	30	30	19	57	45	53	135	130	116	61	56	134	86	74	81	37	115	93	122	101	133	110	89	58	52	14	119	113	113	143	80	53	47	134	27	85	44	106	102	110	110	139
0	0	0	0	0	0	0	0	0	0	0	0	0	0	0	0	0	0	0	0	0	0	0	0	0	0	142	56	95	59	26	127	85	101	38	56	114	96	92	42	47	57	147	57	89	65	115	92	97	74	106	46	128	134	32	133	100	126	61	74	106	142	78	51	25	78	106	105	31	115	40	95	120	49	134	75	49	29	91	87	116	22	145	29	66	84	48	49	106	144	38	102	89	145	97	98	72	84	38	26	115	35	111	76	23	74	57	128	31	31	115	38	120	93	80	128	131	28	46	115	48	24	97	44	130	47	104	84
0	0	0	0	0	0	0	0	0	0	0	0	0	0	0	0	0	0	0	0	0	0	0	0	0	0	0	88	132	77	111	70	120	48	142	100	130	116	107	70	147	32	119	104	113	36	36	33	76	135	56	68	67	74	117	51	69	127	80	124	104	90	100	61	134	118	127	25	85	53	62	44	54	64	143	24	133	87	33	131	87	57	71	97	132	89	87	37	32	71	71	71	115	60	29	28	67	107	62	91	31	139	128	47	68	69	53	118	87	20	13	74	67	98	119	141	120	75	33	120	5	68	7	15	48	24	14	103
0	0	0	0	0	0	0	0	0	0	0	0	0	0	0	0	0	0	0	0	0	0	0	0	0	0	0	0	109	132	105	117	108	42	99	30	91	55	41	17	18	69	131	124	57	4	120	35	84	98	9	65	100	107	129	66	44	97	120	115	24	129	51	114	53	63	63	85	17	53	89	133	64	149	61	84	33	115	96	75	136	62	66	61	72	56	20	7	4	148	36	138	84	119	49	87	114	82	90	41	92	135	69	43	9	152	37	101	142	36	61	83	121	143	134	120	145	94	118	59	98	81	113	112	99	38	44	78
0	0	0	0	0	0	0	0	0	0	0	0	0	0	0	0	0	0	0	0	0	0	0	0	0	0	0	0	0	64	46	73	64	29	43	139	72	123	83	67	18	106	72	58	142	90	123	109	15	30	59	24	110	62	52	62	92	96	84	30	38	89	25	97	15	110	17	108	83	129	94	65	96	94	103	47	66	40	144	41	17	64	84	86	32	39	127	64	118	33	132	72	41	82	111	6	80	42	9	29	68	21	92	90	78	96	89	69	96	68	77	71	37	87	95	27	135	13	120	137	116	42	122	114	117	97	85	24
0	0	0	0	0	0	0	0	0	0	0	0	0	0	0	0	0	0	0	0	0	0	0	0	0	0	0	0	0	0	76	123	72	40	99	123	37	47	119	81	132	55	107	26	50	47	142	51	96	86	105	67	26	134	107	102	71	62	81	52	127	97	47	21	152	94	45	54	45	47	42	39	97	85	57	127	27	95	33	126	84	154	31	132	101	20	45	122	24	23	62	123	93	37	34	23	72	49	77	58	92	84	119	99	98	50	97	87	46	65	83	62	110	82	94	73	66	22	129	53	53	81	94	78	104	122	123	118
0	0	0	0	0	0	0	0	0	0	0	0	0	0	0	0	0	0	0	0	0	0	0	0	0	0	0	0	0	0	0	127	81	69	34	107	125	80	59	102	11	125	131	121	93	33	80	29	122	110	145	78	90	33	130	67	20	90	131	110	57	17	139	40	114	33	7	76	142	89	68	111	55	115	36	17	150	133	133	74	80	110	151	17	48	68	125	47	38	117	90	23	86	137	116	51	149	69	127	38	40	32	66	110	64	42	144	115	75	125	53	88	99	115	24	93	87	124	53	47	124	39	23	119	133	61	85	112
0	0	0	0	0	0	0	0	0	0	0	0	0	0	0	0	0	0	0	0	0	0	0	0	0	0	0	0	0	0	0	0	65	99	125	96	40	145	8	41	42	90	80	16	131	60	96	44	54	145	51	75	84	100	52	29	19	60	120	110	47	68	16	60	51	103	77	9	29	36	23	44	50	28	36	76	41	76	68	92	46	116	116	117	40	81	118	108	19	105	120	16	43	108	125	46	66	81	18	49	68	118	120	86	83	145	12	107	73	77	97	40	105	48	138	150	86	87	64	123	54	35	91	39	33	68	144	89
0	0	0	0	0	0	0	0	0	0	0	0	0	0	0	0	0	0	0	0	0	0	0	0	0	0	0	0	0	0	0	0	0	64	61	84	16	121	52	59	37	85	31	106	64	88	99	102	51	56	130	145	134	72	114	103	91	119	145	50	104	142	120	87	38	54	90	38	130	46	47	66	76	54	78	32	86	114	76	112	65	152	61	156	56	156	25	39	31	41	67	107	115	94	93	92	123	19	112	85	86	115	143	79	141	66	97	62	77	74	49	107	93	82	105	48	7	124	54	17	60	32	97	110	53	61	49	90
0	0	0	0	0	0	0	0	0	0	0	0	0	0	0	0	0	0	0	0	0	0	0	0	0	0	0	0	0	0	0	0	0	0	109	91	94	71	92	69	111	76	123	85	35	20	99	121	64	41	90	93	72	83	14	102	32	51	132	26	108	78	106	97	30	110	66	121	62	106	122	33	65	82	52	150	79	77	72	124	58	27	75	29	32	43	93	35	126	72	70	56	73	99	61	123	68	99	24	28	129	105	122	79	105	111	90	39	21	51	58	126	120	125	59	9	56	111	90	116	38	9	65	124	102	22	91	61
0	0	0	0	0	0	0	0	0	0	0	0	0	0	0	0	0	0	0	0	0	0	0	0	0	0	0	0	0	0	0	0	0	0	0	127	118	124	139	131	6	83	135	106	149	94	112	85	125	106	70	37	150	130	18	137	86	85	68	101	39	101	142	45	26	151	77	43	47	58	85	48	9	105	79	83	36	54	70	107	123	121	73	73	37	28	18	9	52	101	142	60	53	132	14	50	119	90	45	63	35	97	123	9	99	90	89	48	110	74	95	13	125	51	126	87	105	35	24	48	93	55	67	81	85	104	103	126
0	0	0	0	0	0	0	0	0	0	0	0	0	0	0	0	0	0	0	0	0	0	0	0	0	0	0	0	0	0	0	0	0	0	0	0	52	83	45	55	47	54	87	29	61	108	129	101	53	92	60	51	41	33	29	53	116	64	86	103	113	124	103	62	33	128	129	115	27	119	27	119	56	118	126	118	114	23	57	86	88	41	67	111	112	32	125	23	58	73	111	93	30	31	7	116	104	120	133	65	57	103	45	138	69	26	15	145	28	49	21	108	54	72	29	72	111	122	127	66	23	145	46	80	66	72	112	51
0	0	0	0	0	0	0	0	0	0	0	0	0	0	0	0	0	0	0	0	0	0	0	0	0	0	0	0	0	0	0	0	0	0	0	0	0	112	68	96	108	68	136	103	125	56	48	127	54	21	78	144	38	67	27	95	39	75	117	41	160	42	105	110	58	85	93	80	116	30	38	36	47	135	122	74	17	93	43	131	37	61	49	158	52	19	90	90	57	41	72	133	34	48	158	140	115	105	141	151	75	37	93	151	43	41	92	32	116	59	73	92	64	30	129	79	76	33	147	9	163	114	85	9	150	103	71	18
0	0	0	0	0	0	0	0	0	0	0	0	0	0	0	0	0	0	0	0	0	0	0	0	0	0	0	0	0	0	0	0	0	0	0	0	0	0	37	36	155	114	60	162	109	152	106	111	101	94	126	91	99	77	136	112	50	28	38	157	22	116	156	53	70	72	116	53	74	40	71	29	126	102	33	61	25	110	91	151	103	46	127	44	45	32	51	84	136	19	122	54	160	74	51	99	101	36	100	75	58	74	111	82	99	94	48	116	59	50	76	134	11	44	52	53	123	35	139	109	54	67	111	73	66	128	72	102
0	0	0	0	0	0	0	0	0	0	0	0	0	0	0	0	0	0	0	0	0	0	0	0	0	0	0	0	0	0	0	0	0	0	0	0	0	0	0	104	46	135	135	87	135	31	71	112	77	129	97	106	132	114	110	26	46	81	32	40	110	21	62	86	84	92	132	46	84	67	98	129	158	108	44	68	29	52	130	95	58	53	79	72	76	165	79	67	122	91	48	28	108	56	73	134	50	120	73	114	21	55	53	38	69	83	127	76	43	118	117	128	56	106	134	156	49	82	52	152	144	123	65	26	43	72	90	38
0	0	0	0	0	0	0	0	0	0	0	0	0	0	0	0	0	0	0	0	0	0	0	0	0	0	0	0	0	0	0	0	0	0	0	0	0	0	0	0	53	135	39	139	78	132	124	108	59	117	22	127	17	25	157	120	129	127	76	38	108	68	103	110	24	26	116	94	150	102	121	14	90	129	68	41	130	85	108	51	85	121	56	117	120	131	81	102	85	134	139	108	20	32	89	121	103	105	51	49	134	66	132	84	134	128	28	74	8	39	141	70	133	67	43	150	90	139	81	48	164	86	136	27	151	138	88	105
0	0	0	0	0	0	0	0	0	0	0	0	0	0	0	0	0	0	0	0	0	0	0	0	0	0	0	0	0	0	0	0	0	0	0	0	0	0	0	0	0	28	87	127	51	11	52	122	152	95	132	91	85	111	106	133	140	117	67	19	140	77	73	105	72	69	57	85	139	139	78	52	135	49	92	81	50	16	85	132	161	48	97	85	66	135	55	81	60	106	80	122	92	24	92	156	46	73	25	102	87	111	27	58	54	126	10	19	143	152	43	92	88	59	114	134	6	52	62	118	36	29	25	67	52	96	70	103
0	0	0	0	0	0	0	0	0	0	0	0	0	0	0	0	0	0	0	0	0	0	0	0	0	0	0	0	0	0	0	0	0	0	0	0	0	0	0	0	0	0	76	133	107	47	47	69	58	33	83	114	75	72	141	40	72	131	137	8	120	100	38	109	122	46	75	16	80	56	65	45	67	51	55	145	138	153	48	135	58	55	95	41	121	42	59	11	124	24	53	101	36	133	56	51	94	39	163	47	12	150	51	57	135	100	102	43	49	143	106	85	149	93	55	45	107	49	111	76	71	46	112	67	58	98	17	155
0	0	0	0	0	0	0	0	0	0	0	0	0	0	0	0	0	0	0	0	0	0	0	0	0	0	0	0	0	0	0	0	0	0	0	0	0	0	0	0	0	0	0	52	133	53	121	16	136	86	37	58	40	97	34	88	105	119	135	108	93	76	150	58	81	105	81	131	31	67	101	109	79	86	86	115	27	81	61	131	102	50	62	80	118	116	45	51	90	68	59	99	99	35	102	75	100	151	131	100	75	139	125	43	75	150	159	42	137	25	67	75	137	44	143	102	90	56	90	111	63	32	90	125	96	44	109	98
0	0	0	0	0	0	0	0	0	0	0	0	0	0	0	0	0	0	0	0	0	0	0	0	0	0	0	0	0	0	0	0	0	0	0	0	0	0	0	0	0	0	0	0	63	124	125	113	109	114	109	150	88	108	107	158	111	70	29	118	143	13	131	49	130	10	53	148	46	69	136	52	112	142	64	93	109	98	42	108	84	137	77	106	65	68	107	101	111	76	161	128	49	80	113	159	108	63	107	106	52	34	48	66	85	25	117	57	158	145	33	147	140	150	94	76	146	127	34	29	29	25	18	36	155	137	73	11
0	0	0	0	0	0	0	0	0	0	0	0	0	0	0	0	0	0	0	0	0	0	0	0	0	0	0	0	0	0	0	0	0	0	0	0	0	0	0	0	0	0	0	0	0	70	143	80	63	65	50	73	106	92	118	133	62	24	132	112	84	53	39	127	95	116	60	43	57	106	68	61	43	40	14	89	144	89	57	53	63	35	48	42	130	135	94	76	44	45	47	35	57	85	26	134	94	129	117	40	67	69	91	65	124	81	44	122	141	103	57	90	154	133	73	145	34	53	78	54	93	155	116	115	105	66	128	69
0	0	0	0	0	0	0	0	0	0	0	0	0	0	0	0	0	0	0	0	0	0	0	0	0	0	0	0	0	0	0	0	0	0	0	0	0	0	0	0	0	0	0	0	0	0	167	147	63	106	102	156	152	19	108	111	49	93	36	78	93	64	143	95	36	60	124	4	154	84	53	87	42	163	97	123	71	54	114	153	79	103	122	8	72	55	145	148	118	71	110	73	129	94	104	64	88	49	108	131	135	111	130	159	168	160	115	33	102	53	133	79	56	144	118	87	93	70	138	53	134	136	127	116	57	104	67	105
0	0	0	0	0	0	0	0	0	0	0	0	0	0	0	0	0	0	0	0	0	0	0	0	0	0	0	0	0	0	0	0	0	0	0	0	0	0	0	0	0	0	0	0	0	0	0	78	25	148	111	40	77	61	46	38	126	34	62	98	156	133	85	80	47	50	144	94	35	136	127	132	107	70	141	53	155	152	48	102	53	97	67	87	47	53	131	152	143	143	57	46	74	55	96	101	66	113	69	62	46	88	49	124	102	77	139	91	97	154	26	140	80	66	29	127	74	58	67	120	54	37	69	104	93	63	141	42
0	0	0	0	0	0	0	0	0	0	0	0	0	0	0	0	0	0	0	0	0	0	0	0	0	0	0	0	0	0	0	0	0	0	0	0	0	0	0	0	0	0	0	0	0	0	0	0	73	71	108	47	110	29	70	76	32	95	132	57	149	24	91	45	64	117	16	87	135	134	92	96	143	97	51	123	122	139	83	136	91	135	121	58	60	98	16	159	83	142	20	137	49	28	110	88	11	168	139	107	14	52	40	59	100	160	161	100	50	37	110	125	23	123	156	122	151	70	12	132	76	110	44	76	101	133	35	122
0	0	0	0	0	0	0	0	0	0	0	0	0	0	0	0	0	0	0	0	0	0	0	0	0	0	0	0	0	0	0	0	0	0	0	0	0	0	0	0	0	0	0	0	0	0	0	0	0	125	137	26	131	19	86	140	46	84	66	135	103	90	38	72	152	130	42	65	108	101	132	162	31	89	73	98	32	60	17	87	115	56	100	69	105	162	87	122	96	56	34	50	125	74	109	86	148	85	127	123	41	34	61	116	117	116	116	44	77	64	28	104	55	122	58	42	41	70	160	64	133	135	53	72	105	114	66	115
0	0	0	0	0	0	0	0	0	0	0	0	0	0	0	0	0	0	0	0	0	0	0	0	0	0	0	0	0	0	0	0	0	0	0	0	0	0	0	0	0	0	0	0	0	0	0	0	0	0	35	110	138	38	13	15	116	155	54	23	154	49	78	100	82	48	42	114	135	134	86	62	165	34	63	45	7	47	118	81	109	153	138	70	89	39	84	44	50	12	59	142	104	154	33	28	106	116	86	90	33	121	127	177	47	64	82	133	134	25	130	93	157	17	108	161	159	39	25	36	92	88	103	50	76	71	85	49
0	0	0	0	0	0	0	0	0	0	0	0	0	0	0	0	0	0	0	0	0	0	0	0	0	0	0	0	0	0	0	0	0	0	0	0	0	0	0	0	0	0	0	0	0	0	0	0	0	0	0	47	38	24	126	80	108	98	51	126	19	68	124	135	49	126	77	77	169	94	139	65	142	132	87	67	76	103	113	101	52	65	129	92	39	147	96	88	41	66	16	62	47	80	117	94	66	66	23	135	127	101	56	123	112	68	155	157	100	76	156	57	84	14	108	149	100	56	85	121	101	126	20	77	66	69	133	117
0	0	0	0	0	0	0	0	0	0	0	0	0	0	0	0	0	0	0	0	0	0	0	0	0	0	0	0	0	0	0	0	0	0	0	0	0	0	0	0	0	0	0	0	0	0	0	0	0	0	0	0	117	66	121	111	31	113	90	40	37	161	41	51	106	37	67	139	41	49	19	123	55	128	134	115	139	85	18	105	24	80	86	62	91	133	36	132	130	75	41	159	122	72	121	21	14	97	99	63	85	76	121	148	110	71	95	140	45	55	32	142	88	144	67	37	173	54	22	116	82	62	103	63	133	126	132	134
0	0	0	0	0	0	0	0	0	0	0	0	0	0	0	0	0	0	0	0	0	0	0	0	0	0	0	0	0	0	0	0	0	0	0	0	0	0	0	0	0	0	0	0	0	0	0	0	0	0	0	0	0	147	99	82	71	97	130	45	76	89	111	114	39	148	109	64	131	160	76	115	139	79	16	105	32	153	73	112	41	134	41	130	130	60	149	75	59	67	125	101	154	108	52	67	120	134	44	78	45	170	171	56	119	87	160	21	120	46	136	103	128	70	168	126	87	156	52	100	58	133	165	72	101	122	112	113
0	0	0	0	0	0	0	0	0	0	0	0	0	0	0	0	0	0	0	0	0	0	0	0	0	0	0	0	0	0	0	0	0	0	0	0	0	0	0	0	0	0	0	0	0	0	0	0	0	0	0	0	0	0	84	40	121	128	84	43	71	34	99	112	105	104	46	35	161	105	66	68	140	178	166	119	99	47	69	35	92	122	112	110	11	44	159	175	126	72	93	95	123	100	160	165	34	25	123	55	19	49	114	81	107	170	113	146	142	51	18	76	39	51	72	109	174	68	120	19	164	80	49	90	68	51	54	60
0	0	0	0	0	0	0	0	0	0	0	0	0	0	0	0	0	0	0	0	0	0	0	0	0	0	0	0	0	0	0	0	0	0	0	0	0	0	0	0	0	0	0	0	0	0	0	0	0	0	0	0	0	0	0	66	122	120	119	119	41	85	144	113	86	41	65	135	102	86	109	104	83	78	122	83	97	71	48	57	99	104	133	76	78	112	141	122	22	159	62	80	120	62	103	128	106	127	105	37	105	62	166	49	61	121	114	78	145	144	44	172	171	92	120	106	39	93	91	18	117	57	42	49	145	72	139	67
0	0	0	0	0	0	0	0	0	0	0	0	0	0	0	0	0	0	0	0	0	0	0	0	0	0	0	0	0	0	0	0	0	0	0	0	0	0	0	0	0	0	0	0	0	0	0	0	0	0	0	0	0	0	0	0	50	20	87	72	19	125	6	126	92	81	140	118	96	83	40	73	25	73	138	170	68	108	84	68	105	58	167	125	116	87	82	119	157	134	53	139	27	98	179	102	76	56	101	100	118	135	70	19	125	53	73	50	158	170	42	109	40	68	22	82	57	20	111	70	152	98	91	105	104	55	106	77
0	0	0	0	0	0	0	0	0	0	0	0	0	0	0	0	0	0	0	0	0	0	0	0	0	0	0	0	0	0	0	0	0	0	0	0	0	0	0	0	0	0	0	0	0	0	0	0	0	0	0	0	0	0	0	0	0	35	124	156	101	114	112	165	143	100	63	119	78	130	115	150	154	6	59	32	107	171	76	51	129	165	69	56	119	108	84	97	103	74	94	120	111	91	59	106	65	149	98	5	90	48	49	74	159	167	57	154	77	128	80	68	37	117	104	61	163	35	42	129	139	108	106	65	56	51	156	116
0	0	0	0	0	0	0	0	0	0	0	0	0	0	0	0	0	0	0	0	0	0	0	0	0	0	0	0	0	0	0	0	0	0	0	0	0	0	0	0	0	0	0	0	0	0	0	0	0	0	0	0	0	0	0	0	0	0	53	128	107	81	52	166	56	99	83	77	51	57	70	118	99	48	151	102	51	57	57	26	102	31	89	113	40	95	94	48	102	53	32	144	139	57	123	111	8	91	140	122	162	134	80	138	22	66	32	115	95	69	128	142	48	75	70	170	69	89	72	118	136	103	148	93	97	71	110	84
0	0	0	0	0	0	0	0	0	0	0	0	0	0	0	0	0	0	0	0	0	0	0	0	0	0	0	0	0	0	0	0	0	0	0	0	0	0	0	0	0	0	0	0	0	0	0	0	0	0	0	0	0	0	0	0	0	0	0	34	128	84	44	103	76	181	175	112	119	112	96	100	41	115	89	118	91	105	109	34	49	65	62	28	138	139	121	27	128	101	45	43	62	34	142	48	149	60	143	83	52	120	78	40	150	53	75	105	99	72	53	103	71	57	67	107	142	141	96	54	73	86	108	85	45	112	131	55
0	0	0	0	0	0	0	0	0	0	0	0	0	0	0	0	0	0	0	0	0	0	0	0	0	0	0	0	0	0	0	0	0	0	0	0	0	0	0	0	0	0	0	0	0	0	0	0	0	0	0	0	0	0	0	0	0	0	0	0	22	72	119	54	138	129	69	93	95	145	101	159	19	38	67	56	159	125	83	76	74	143	132	106	138	169	111	42	41	114	119	47	40	85	106	84	100	66	139	89	77	82	124	36	149	107	118	106	123	67	98	156	79	171	130	86	88	145	11	135	87	60	101	84	33	155	162	144
0	0	0	0	0	0	0	0	0	0	0	0	0	0	0	0	0	0	0	0	0	0	0	0	0	0	0	0	0	0	0	0	0	0	0	0	0	0	0	0	0	0	0	0	0	0	0	0	0	0	0	0	0	0	0	0	0	0	0	0	0	126	132	121	111	141	132	163	55	49	146	130	151	139	164	124	89	120	69	61	103	96	124	34	135	85	117	76	61	139	118	119	77	107	102	122	100	148	96	80	60	67	143	62	55	119	76	72	81	67	77	19	101	144	111	110	42	118	93	53	102	75	34	103	52	69	102	78
0	0	0	0	0	0	0	0	0	0	0	0	0	0	0	0	0	0	0	0	0	0	0	0	0	0	0	0	0	0	0	0	0	0	0	0	0	0	0	0	0	0	0	0	0	0	0	0	0	0	0	0	0	0	0	0	0	0	0	0	0	0	148	149	143	112	86	117	110	61	99	142	65	30	99	145	69	125	33	119	94	173	100	108	56	157	37	174	57	42	76	166	27	126	109	114	24	85	8	123	121	113	39	51	139	87	91	48	48	11	121	133	157	143	118	64	69	155	152	122	124	39	47	108	114	23	112	159
0	0	0	0	0	0	0	0	0	0	0	0	0	0	0	0	0	0	0	0	0	0	0	0	0	0	0	0	0	0	0	0	0	0	0	0	0	0	0	0	0	0	0	0	0	0	0	0	0	0	0	0	0	0	0	0	0	0	0	0	0	0	0	80	69	112	146	109	72	63	118	119	143	156	140	66	81	92	71	137	48	61	10	16	141	124	146	139	128	142	133	116	17	188	76	150	77	120	98	107	72	27	146	70	137	167	121	89	111	149	150	140	158	86	62	71	163	115	100	120	59	152	47	132	145	167	19	90
0	0	0	0	0	0	0	0	0	0	0	0	0	0	0	0	0	0	0	0	0	0	0	0	0	0	0	0	0	0	0	0	0	0	0	0	0	0	0	0	0	0	0	0	0	0	0	0	0	0	0	0	0	0	0	0	0	0	0	0	0	0	0	0	146	35	133	85	71	46	33	119	42	21	39	118	55	85	143	107	33	79	101	99	86	60	67	46	73	19	88	172	97	144	97	23	152	119	76	68	115	97	141	105	66	143	92	73	28	128	155	149	64	43	111	107	117	96	112	107	84	111	96	58	14	120	75	134
0	0	0	0	0	0	0	0	0	0	0	0	0	0	0	0	0	0	0	0	0	0	0	0	0	0	0	0	0	0	0	0	0	0	0	0	0	0	0	0	0	0	0	0	0	0	0	0	0	0	0	0	0	0	0	0	0	0	0	0	0	0	0	0	0	61	69	147	83	78	79	92	134	59	162	162	87	108	27	99	25	155	156	52	123	43	151	75	128	128	32	122	115	137	160	27	116	38	66	55	43	109	156	119	23	77	113	83	152	29	84	82	114	46	30	75	67	68	77	59	102	36	155	104	97	153	32	37
0	0	0	0	0	0	0	0	0	0	0	0	0	0	0	0	0	0	0	0	0	0	0	0	0	0	0	0	0	0	0	0	0	0	0	0	0	0	0	0	0	0	0	0	0	0	0	0	0	0	0	0	0	0	0	0	0	0	0	0	0	0	0	0	0	0	58	71	144	56	65	98	109	175	59	128	23	122	148	35	142	117	117	40	24	33	150	57	180	45	107	172	49	77	62	123	97	68	109	92	134	157	72	69	148	72	135	157	74	100	75	119	74	49	149	152	135	172	133	173	168	88	33	101	155	59	69	126
0	0	0	0	0	0	0	0	0	0	0	0	0	0	0	0	0	0	0	0	0	0	0	0	0	0	0	0	0	0	0	0	0	0	0	0	0	0	0	0	0	0	0	0	0	0	0	0	0	0	0	0	0	0	0	0	0	0	0	0	0	0	0	0	0	0	0	117	8	82	70	90	99	97	129	157	190	97	120	144	17	146	45	47	76	111	54	134	92	118	85	90	158	170	88	58	156	147	68	28	149	146	122	174	131	66	37	73	107	103	47	26	163	145	124	98	56	57	44	82	76	56	64	142	169	16	52	148
0	0	0	0	0	0	0	0	0	0	0	0	0	0	0	0	0	0	0	0	0	0	0	0	0	0	0	0	0	0	0	0	0	0	0	0	0	0	0	0	0	0	0	0	0	0	0	0	0	0	0	0	0	0	0	0	0	0	0	0	0	0	0	0	0	0	0	0	153	84	84	108	139	65	99	90	123	181	158	66	146	125	114	83	47	79	47	52	85	86	99	80	147	124	31	150	127	90	131	176	40	133	23	24	137	68	58	130	129	98	157	112	79	169	165	124	128	130	154	101	91	97	82	52	36	120	82	117
0	0	0	0	0	0	0	0	0	0	0	0	0	0	0	0	0	0	0	0	0	0	0	0	0	0	0	0	0	0	0	0	0	0	0	0	0	0	0	0	0	0	0	0	0	0	0	0	0	0	0	0	0	0	0	0	0	0	0	0	0	0	0	0	0	0	0	0	0	76	57	168	112	166	106	22	164	135	160	184	172	134	112	92	127	103	111	45	144	133	100	116	87	158	107	167	126	167	95	59	141	133	89	101	123	94	110	75	148	168	81	176	112	88	40	111	41	48	124	81	82	172	73	114	77	34	83	126
0	0	0	0	0	0	0	0	0	0	0	0	0	0	0	0	0	0	0	0	0	0	0	0	0	0	0	0	0	0	0	0	0	0	0	0	0	0	0	0	0	0	0	0	0	0	0	0	0	0	0	0	0	0	0	0	0	0	0	0	0	0	0	0	0	0	0	0	0	0	77	104	129	153	42	109	157	45	77	138	119	57	64	137	83	70	114	9	40	107	139	69	17	50	83	139	121	121	54	51	145	156	83	38	71	105	83	33	119	120	69	131	126	80	174	166	111	139	118	131	69	38	131	127	154	86	59	106
0	0	0	0	0	0	0	0	0	0	0	0	0	0	0	0	0	0	0	0	0	0	0	0	0	0	0	0	0	0	0	0	0	0	0	0	0	0	0	0	0	0	0	0	0	0	0	0	0	0	0	0	0	0	0	0	0	0	0	0	0	0	0	0	0	0	0	0	0	0	0	70	127	67	87	113	63	36	52	166	153	61	105	112	133	154	65	173	88	151	18	50	69	64	109	99	117	76	141	104	129	118	35	115	160	146	86	90	69	91	187	15	105	115	155	120	184	17	77	175	46	81	94	92	76	40	124	97
0	0	0	0	0	0	0	0	0	0	0	0	0	0	0	0	0	0	0	0	0	0	0	0	0	0	0	0	0	0	0	0	0	0	0	0	0	0	0	0	0	0	0	0	0	0	0	0	0	0	0	0	0	0	0	0	0	0	0	0	0	0	0	0	0	0	0	0	0	0	0	0	77	55	64	46	183	78	7	37	70	65	72	100	154	132	173	90	177	61	104	104	106	156	115	76	175	110	78	24	114	124	119	114	70	52	37	110	80	171	46	119	102	78	51	101	124	62	40	47	111	96	175	122	54	102	83	139
0	0	0	0	0	0	0	0	0	0	0	0	0	0	0	0	0	0	0	0	0	0	0	0	0	0	0	0	0	0	0	0	0	0	0	0	0	0	0	0	0	0	0	0	0	0	0	0	0	0	0	0	0	0	0	0	0	0	0	0	0	0	0	0	0	0	0	0	0	0	0	0	0	18	33	131	72	126	30	88	173	141	85	79	50	56	129	75	24	71	67	137	92	76	67	158	136	72	61	145	164	125	117	57	100	76	108	42	172	60	124	157	93	46	10	62	141	139	55	130	91	109	114	98	104	40	23	31
0	0	0	0	0	0	0	0	0	0	0	0	0	0	0	0	0	0	0	0	0	0	0	0	0	0	0	0	0	0	0	0	0	0	0	0	0	0	0	0	0	0	0	0	0	0	0	0	0	0	0	0	0	0	0	0	0	0	0	0	0	0	0	0	0	0	0	0	0	0	0	0	0	0	169	187	86	78	114	84	124	143	135	126	131	55	84	82	161	17	83	153	95	56	158	166	108	114	71	92	110	104	40	79	133	165	137	98	36	33	42	72	66	55	124	79	142	124	99	9	68	131	147	28	105	130	56	78
0	0	0	0	0	0	0	0	0	0	0	0	0	0	0	0	0	0	0	0	0	0	0	0	0	0	0	0	0	0	0	0	0	0	0	0	0	0	0	0	0	0	0	0	0	0	0	0	0	0	0	0	0	0	0	0	0	0	0	0	0	0	0	0	0	0	0	0	0	0	0	0	0	0	0	59	72	49	24	131	85	129	99	125	73	190	83	70	137	120	125	86	130	66	156	87	60	177	53	79	127	105	156	118	77	115	110	98	170	105	71	129	121	84	56	170	77	175	56	136	74	54	136	151	44	148	94	106
0	0	0	0	0	0	0	0	0	0	0	0	0	0	0	0	0	0	0	0	0	0	0	0	0	0	0	0	0	0	0	0	0	0	0	0	0	0	0	0	0	0	0	0	0	0	0	0	0	0	0	0	0	0	0	0	0	0	0	0	0	0	0	0	0	0	0	0	0	0	0	0	0	0	0	0	157	130	117	144	76	59	115	105	130	56	87	181	83	127	138	121	59	62	135	32	152	78	51	125	79	84	82	41	75	119	101	115	83	84	134	66	103	82	177	60	143	132	130	25	73	20	44	159	86	103	136	59
0	0	0	0	0	0	0	0	0	0	0	0	0	0	0	0	0	0	0	0	0	0	0	0	0	0	0	0	0	0	0	0	0	0	0	0	0	0	0	0	0	0	0	0	0	0	0	0	0	0	0	0	0	0	0	0	0	0	0	0	0	0	0	0	0	0	0	0	0	0	0	0	0	0	0	0	0	148	115	69	179	132	66	111	100	121	183	182	165	94	62	116	114	171	42	92	122	144	95	116	174	124	77	125	152	156	48	136	129	18	90	159	117	135	64	175	131	155	131	148	69	111	87	25	30	57	80	151
0	0	0	0	0	0	0	0	0	0	0	0	0	0	0	0	0	0	0	0	0	0	0	0	0	0	0	0	0	0	0	0	0	0	0	0	0	0	0	0	0	0	0	0	0	0	0	0	0	0	0	0	0	0	0	0	0	0	0	0	0	0	0	0	0	0	0	0	0	0	0	0	0	0	0	0	0	0	65	124	54	53	54	117	85	198	158	184	143	111	77	167	117	124	136	170	67	163	60	136	114	52	150	98	117	144	26	145	70	84	148	145	194	42	173	155	110	112	117	52	102	16	95	173	76	25	99	76
0	0	0	0	0	0	0	0	0	0	0	0	0	0	0	0	0	0	0	0	0	0	0	0	0	0	0	0	0	0	0	0	0	0	0	0	0	0	0	0	0	0	0	0	0	0	0	0	0	0	0	0	0	0	0	0	0	0	0	0	0	0	0	0	0	0	0	0	0	0	0	0	0	0	0	0	0	0	0	155	62	89	80	68	97	53	176	186	97	81	59	168	61	104	165	170	135	138	107	56	99	81	80	124	176	112	84	73	104	37	86	164	102	36	171	85	79	58	66	42	61	125	135	123	81	164	71	46
0	0	0	0	0	0	0	0	0	0	0	0	0	0	0	0	0	0	0	0	0	0	0	0	0	0	0	0	0	0	0	0	0	0	0	0	0	0	0	0	0	0	0	0	0	0	0	0	0	0	0	0	0	0	0	0	0	0	0	0	0	0	0	0	0	0	0	0	0	0	0	0	0	0	0	0	0	0	0	0	81	26	87	127	119	126	8	109	88	53	42	58	182	88	138	103	137	127	80	147	105	24	140	77	33	136	53	81	86	28	63	53	125	55	38	108	100	62	199	100	51	12	126	104	76	108	129	97
0	0	0	0	0	0	0	0	0	0	0	0	0	0	0	0	0	0	0	0	0	0	0	0	0	0	0	0	0	0	0	0	0	0	0	0	0	0	0	0	0	0	0	0	0	0	0	0	0	0	0	0	0	0	0	0	0	0	0	0	0	0	0	0	0	0	0	0	0	0	0	0	0	0	0	0	0	0	0	0	0	194	50	103	99	76	36	101	139	160	43	42	99	85	140	91	40	148	89	99	134	84	64	102	130	116	78	56	55	56	101	139	38	54	92	145	150	157	91	130	154	165	134	52	156	87	115	83
0	0	0	0	0	0	0	0	0	0	0	0	0	0	0	0	0	0	0	0	0	0	0	0	0	0	0	0	0	0	0	0	0	0	0	0	0	0	0	0	0	0	0	0	0	0	0	0	0	0	0	0	0	0	0	0	0	0	0	0	0	0	0	0	0	0	0	0	0	0	0	0	0	0	0	0	0	0	0	0	0	0	121	64	64	126	63	108	42	121	114	160	119	75	132	162	146	124	147	130	126	159	133	163	23	116	134	91	153	167	155	113	94	155	198	38	155	99	57	150	71	164	121	67	111	126	152	152
0	0	0	0	0	0	0	0	0	0	0	0	0	0	0	0	0	0	0	0	0	0	0	0	0	0	0	0	0	0	0	0	0	0	0	0	0	0	0	0	0	0	0	0	0	0	0	0	0	0	0	0	0	0	0	0	0	0	0	0	0	0	0	0	0	0	0	0	0	0	0	0	0	0	0	0	0	0	0	0	0	0	0	110	71	96	133	125	69	106	101	101	68	70	104	129	137	186	77	132	144	107	74	85	128	59	165	107	6	107	151	105	87	79	163	168	139	109	146	175	181	47	62	137	123	131	87	28
0	0	0	0	0	0	0	0	0	0	0	0	0	0	0	0	0	0	0	0	0	0	0	0	0	0	0	0	0	0	0	0	0	0	0	0	0	0	0	0	0	0	0	0	0	0	0	0	0	0	0	0	0	0	0	0	0	0	0	0	0	0	0	0	0	0	0	0	0	0	0	0	0	0	0	0	0	0	0	0	0	0	0	0	144	61	15	96	66	160	165	164	170	168	121	145	164	63	160	100	88	113	91	189	142	60	102	160	66	97	130	160	83	97	84	188	121	172	63	94	62	50	197	104	47	145	77	53
0	0	0	0	0	0	0	0	0	0	0	0	0	0	0	0	0	0	0	0	0	0	0	0	0	0	0	0	0	0	0	0	0	0	0	0	0	0	0	0	0	0	0	0	0	0	0	0	0	0	0	0	0	0	0	0	0	0	0	0	0	0	0	0	0	0	0	0	0	0	0	0	0	0	0	0	0	0	0	0	0	0	0	0	0	80	46	119	110	53	124	164	59	79	161	172	148	32	192	150	73	92	131	25	188	121	120	60	127	102	60	88	40	108	41	67	82	111	83	117	111	193	169	140	159	140	196	135
0	0	0	0	0	0	0	0	0	0	0	0	0	0	0	0	0	0	0	0	0	0	0	0	0	0	0	0	0	0	0	0	0	0	0	0	0	0	0	0	0	0	0	0	0	0	0	0	0	0	0	0	0	0	0	0	0	0	0	0	0	0	0	0	0	0	0	0	0	0	0	0	0	0	0	0	0	0	0	0	0	0	0	0	0	0	144	119	37	111	162	70	191	86	139	168	113	155	73	190	183	46	154	183	147	175	101	90	97	86	60	118	68	105	128	42	150	185	94	124	46	158	95	43	95	78	89	141
0	0	0	0	0	0	0	0	0	0	0	0	0	0	0	0	0	0	0	0	0	0	0	0	0	0	0	0	0	0	0	0	0	0	0	0	0	0	0	0	0	0	0	0	0	0	0	0	0	0	0	0	0	0	0	0	0	0	0	0	0	0	0	0	0	0	0	0	0	0	0	0	0	0	0	0	0	0	0	0	0	0	0	0	0	0	0	155	72	141	173	159	190	94	90	143	37	169	154	111	104	141	188	140	128	84	178	146	108	81	114	100	171	136	178	121	77	188	159	126	74	81	92	81	132	132	107	172
0	0	0	0	0	0	0	0	0	0	0	0	0	0	0	0	0	0	0	0	0	0	0	0	0	0	0	0	0	0	0	0	0	0	0	0	0	0	0	0	0	0	0	0	0	0	0	0	0	0	0	0	0	0	0	0	0	0	0	0	0	0	0	0	0	0	0	0	0	0	0	0	0	0	0	0	0	0	0	0	0	0	0	0	0	0	0	0	159	120	91	145	134	136	44	54	143	46	42	110	196	98	192	171	84	124	103	100	89	102	140	164	181	121	132	128	172	174	161	113	145	51	60	164	122	39	14	45
0	0	0	0	0	0	0	0	0	0	0	0	0	0	0	0	0	0	0	0	0	0	0	0	0	0	0	0	0	0	0	0	0	0	0	0	0	0	0	0	0	0	0	0	0	0	0	0	0	0	0	0	0	0	0	0	0	0	0	0	0	0	0	0	0	0	0	0	0	0	0	0	0	0	0	0	0	0	0	0	0	0	0	0	0	0	0	0	0	78	99	29	148	169	137	187	141	66	46	127	63	165	66	131	185	108	163	158	133	23	148	146	112	113	75	97	210	111	78	142	105	133	181	165	175	40	149	30
0	0	0	0	0	0	0	0	0	0	0	0	0	0	0	0	0	0	0	0	0	0	0	0	0	0	0	0	0	0	0	0	0	0	0	0	0	0	0	0	0	0	0	0	0	0	0	0	0	0	0	0	0	0	0	0	0	0	0	0	0	0	0	0	0	0	0	0	0	0	0	0	0	0	0	0	0	0	0	0	0	0	0	0	0	0	0	0	0	0	6	65	90	181	131	141	37	99	51	26	40	65	98	159	68	195	118	96	79	114	158	166	114	161	104	42	79	96	120	110	128	144	75	135	61	97	94	188
0	0	0	0	0	0	0	0	0	0	0	0	0	0	0	0	0	0	0	0	0	0	0	0	0	0	0	0	0	0	0	0	0	0	0	0	0	0	0	0	0	0	0	0	0	0	0	0	0	0	0	0	0	0	0	0	0	0	0	0	0	0	0	0	0	0	0	0	0	0	0	0	0	0	0	0	0	0	0	0	0	0	0	0	0	0	0	0	0	0	0	141	202	124	144	175	91	78	52	86	61	154	189	134	35	144	84	34	13	175	53	194	106	35	50	43	69	46	92	77	91	139	122	96	133	85	135	105
0	0	0	0	0	0	0	0	0	0	0	0	0	0	0	0	0	0	0	0	0	0	0	0	0	0	0	0	0	0	0	0	0	0	0	0	0	0	0	0	0	0	0	0	0	0	0	0	0	0	0	0	0	0	0	0	0	0	0	0	0	0	0	0	0	0	0	0	0	0	0	0	0	0	0	0	0	0	0	0	0	0	0	0	0	0	0	0	0	0	0	0	129	40	189	57	197	36	14	91	139	87	128	48	163	100	129	153	118	92	160	150	120	18	128	63	129	83	84	92	33	154	86	142	87	170	142	68
0	0	0	0	0	0	0	0	0	0	0	0	0	0	0	0	0	0	0	0	0	0	0	0	0	0	0	0	0	0	0	0	0	0	0	0	0	0	0	0	0	0	0	0	0	0	0	0	0	0	0	0	0	0	0	0	0	0	0	0	0	0	0	0	0	0	0	0	0	0	0	0	0	0	0	0	0	0	0	0	0	0	0	0	0	0	0	0	0	0	0	0	0	121	122	155	75	118	150	60	99	121	94	76	90	62	93	116	76	181	172	162	165	58	36	46	133	75	144	43	97	182	122	151	58	144	197	53
0	0	0	0	0	0	0	0	0	0	0	0	0	0	0	0	0	0	0	0	0	0	0	0	0	0	0	0	0	0	0	0	0	0	0	0	0	0	0	0	0	0	0	0	0	0	0	0	0	0	0	0	0	0	0	0	0	0	0	0	0	0	0	0	0	0	0	0	0	0	0	0	0	0	0	0	0	0	0	0	0	0	0	0	0	0	0	0	0	0	0	0	0	0	76	123	109	144	50	98	149	134	142	143	109	175	102	76	118	186	9	151	151	76	78	154	56	60	74	194	149	70	107	96	31	62	38	105
0	0	0	0	0	0	0	0	0	0	0	0	0	0	0	0	0	0	0	0	0	0	0	0	0	0	0	0	0	0	0	0	0	0	0	0	0	0	0	0	0	0	0	0	0	0	0	0	0	0	0	0	0	0	0	0	0	0	0	0	0	0	0	0	0	0	0	0	0	0	0	0	0	0	0	0	0	0	0	0	0	0	0	0	0	0	0	0	0	0	0	0	0	0	0	82	132	71	124	123	139	16	147	85	57	132	121	161	75	176	104	95	71	54	136	75	155	129	162	186	158	142	80	40	85	162	114	114
0	0	0	0	0	0	0	0	0	0	0	0	0	0	0	0	0	0	0	0	0	0	0	0	0	0	0	0	0	0	0	0	0	0	0	0	0	0	0	0	0	0	0	0	0	0	0	0	0	0	0	0	0	0	0	0	0	0	0	0	0	0	0	0	0	0	0	0	0	0	0	0	0	0	0	0	0	0	0	0	0	0	0	0	0	0	0	0	0	0	0	0	0	0	0	0	78	14	95	94	87	148	110	58	51	104	121	162	80	77	64	132	138	60	45	109	87	159	37	154	112	82	78	99	133	161	179	191
0	0	0	0	0	0	0	0	0	0	0	0	0	0	0	0	0	0	0	0	0	0	0	0	0	0	0	0	0	0	0	0	0	0	0	0	0	0	0	0	0	0	0	0	0	0	0	0	0	0	0	0	0	0	0	0	0	0	0	0	0	0	0	0	0	0	0	0	0	0	0	0	0	0	0	0	0	0	0	0	0	0	0	0	0	0	0	0	0	0	0	0	0	0	0	0	0	40	75	169	177	74	165	142	137	124	126	35	63	147	118	181	104	70	208	92	164	115	103	115	131	139	213	86	53	160	165	169
0	0	0	0	0	0	0	0	0	0	0	0	0	0	0	0	0	0	0	0	0	0	0	0	0	0	0	0	0	0	0	0	0	0	0	0	0	0	0	0	0	0	0	0	0	0	0	0	0	0	0	0	0	0	0	0	0	0	0	0	0	0	0	0	0	0	0	0	0	0	0	0	0	0	0	0	0	0	0	0	0	0	0	0	0	0	0	0	0	0	0	0	0	0	0	0	0	0	35	162	96	28	128	165	200	53	135	110	145	74	175	35	122	146	158	160	180	143	74	127	42	192	89	37	62	26	136	207
0	0	0	0	0	0	0	0	0	0	0	0	0	0	0	0	0	0	0	0	0	0	0	0	0	0	0	0	0	0	0	0	0	0	0	0	0	0	0	0	0	0	0	0	0	0	0	0	0	0	0	0	0	0	0	0	0	0	0	0	0	0	0	0	0	0	0	0	0	0	0	0	0	0	0	0	0	0	0	0	0	0	0	0	0	0	0	0	0	0	0	0	0	0	0	0	0	0	0	58	171	91	80	145	16	202	117	120	155	123	85	94	39	210	166	36	65	87	92	103	112	86	134	174	179	115	94	120
0	0	0	0	0	0	0	0	0	0	0	0	0	0	0	0	0	0	0	0	0	0	0	0	0	0	0	0	0	0	0	0	0	0	0	0	0	0	0	0	0	0	0	0	0	0	0	0	0	0	0	0	0	0	0	0	0	0	0	0	0	0	0	0	0	0	0	0	0	0	0	0	0	0	0	0	0	0	0	0	0	0	0	0	0	0	0	0	0	0	0	0	0	0	0	0	0	0	0	0	117	160	98	149	173	28	61	151	175	36	66	117	103	83	34	149	113	110	115	129	111	74	93	189	145	126	89	116
0	0	0	0	0	0	0	0	0	0	0	0	0	0	0	0	0	0	0	0	0	0	0	0	0	0	0	0	0	0	0	0	0	0	0	0	0	0	0	0	0	0	0	0	0	0	0	0	0	0	0	0	0	0	0	0	0	0	0	0	0	0	0	0	0	0	0	0	0	0	0	0	0	0	0	0	0	0	0	0	0	0	0	0	0	0	0	0	0	0	0	0	0	0	0	0	0	0	0	0	0	147	137	77	112	109	112	197	119	64	162	148	113	158	55	130	154	182	145	164	191	159	47	110	89	157	174	55
0	0	0	0	0	0	0	0	0	0	0	0	0	0	0	0	0	0	0	0	0	0	0	0	0	0	0	0	0	0	0	0	0	0	0	0	0	0	0	0	0	0	0	0	0	0	0	0	0	0	0	0	0	0	0	0	0	0	0	0	0	0	0	0	0	0	0	0	0	0	0	0	0	0	0	0	0	0	0	0	0	0	0	0	0	0	0	0	0	0	0	0	0	0	0	0	0	0	0	0	0	0	142	135	118	91	60	43	131	80	115	69	100	97	60	91	52	145	164	126	151	90	102	150	156	69	151	67
0	0	0	0	0	0	0	0	0	0	0	0	0	0	0	0	0	0	0	0	0	0	0	0	0	0	0	0	0	0	0	0	0	0	0	0	0	0	0	0	0	0	0	0	0	0	0	0	0	0	0	0	0	0	0	0	0	0	0	0	0	0	0	0	0	0	0	0	0	0	0	0	0	0	0	0	0	0	0	0	0	0	0	0	0	0	0	0	0	0	0	0	0	0	0	0	0	0	0	0	0	0	0	144	88	41	125	182	60	93	73	148	94	106	189	108	66	96	166	174	167	194	162	108	99	218	63	149
0	0	0	0	0	0	0	0	0	0	0	0	0	0	0	0	0	0	0	0	0	0	0	0	0	0	0	0	0	0	0	0	0	0	0	0	0	0	0	0	0	0	0	0	0	0	0	0	0	0	0	0	0	0	0	0	0	0	0	0	0	0	0	0	0	0	0	0	0	0	0	0	0	0	0	0	0	0	0	0	0	0	0	0	0	0	0	0	0	0	0	0	0	0	0	0	0	0	0	0	0	0	0	0	109	38	110	210	98	81	105	104	168	210	125	124	86	80	125	72	117	122	55	203	152	83	59	116
0	0	0	0	0	0	0	0	0	0	0	0	0	0	0	0	0	0	0	0	0	0	0	0	0	0	0	0	0	0	0	0	0	0	0	0	0	0	0	0	0	0	0	0	0	0	0	0	0	0	0	0	0	0	0	0	0	0	0	0	0	0	0	0	0	0	0	0	0	0	0	0	0	0	0	0	0	0	0	0	0	0	0	0	0	0	0	0	0	0	0	0	0	0	0	0	0	0	0	0	0	0	0	0	0	68	106	163	210	94	81	56	67	70	137	108	202	161	51	165	87	143	136	172	112	138	149	73
0	0	0	0	0	0	0	0	0	0	0	0	0	0	0	0	0	0	0	0	0	0	0	0	0	0	0	0	0	0	0	0	0	0	0	0	0	0	0	0	0	0	0	0	0	0	0	0	0	0	0	0	0	0	0	0	0	0	0	0	0	0	0	0	0	0	0	0	0	0	0	0	0	0	0	0	0	0	0	0	0	0	0	0	0	0	0	0	0	0	0	0	0	0	0	0	0	0	0	0	0	0	0	0	0	0	128	176	82	72	80	96	103	232	135	177	55	72	81	40	80	149	31	226	173	16	158	103
0	0	0	0	0	0	0	0	0	0	0	0	0	0	0	0	0	0	0	0	0	0	0	0	0	0	0	0	0	0	0	0	0	0	0	0	0	0	0	0	0	0	0	0	0	0	0	0	0	0	0	0	0	0	0	0	0	0	0	0	0	0	0	0	0	0	0	0	0	0	0	0	0	0	0	0	0	0	0	0	0	0	0	0	0	0	0	0	0	0	0	0	0	0	0	0	0	0	0	0	0	0	0	0	0	0	0	75	140	191	88	65	154	48	62	132	45	192	178	161	50	146	42	121	199	123	126	223
0	0	0	0	0	0	0	0	0	0	0	0	0	0	0	0	0	0	0	0	0	0	0	0	0	0	0	0	0	0	0	0	0	0	0	0	0	0	0	0	0	0	0	0	0	0	0	0	0	0	0	0	0	0	0	0	0	0	0	0	0	0	0	0	0	0	0	0	0	0	0	0	0	0	0	0	0	0	0	0	0	0	0	0	0	0	0	0	0	0	0	0	0	0	0	0	0	0	0	0	0	0	0	0	0	0	0	0	181	151	179	190	105	113	71	44	183	180	148	40	36	169	70	152	65	196	161	27
0	0	0	0	0	0	0	0	0	0	0	0	0	0	0	0	0	0	0	0	0	0	0	0	0	0	0	0	0	0	0	0	0	0	0	0	0	0	0	0	0	0	0	0	0	0	0	0	0	0	0	0	0	0	0	0	0	0	0	0	0	0	0	0	0	0	0	0	0	0	0	0	0	0	0	0	0	0	0	0	0	0	0	0	0	0	0	0	0	0	0	0	0	0	0	0	0	0	0	0	0	0	0	0	0	0	0	0	0	182	203	209	166	174	81	50	169	45	199	124	115	37	102	133	130	105	119	116
0	0	0	0	0	0	0	0	0	0	0	0	0	0	0	0	0	0	0	0	0	0	0	0	0	0	0	0	0	0	0	0	0	0	0	0	0	0	0	0	0	0	0	0	0	0	0	0	0	0	0	0	0	0	0	0	0	0	0	0	0	0	0	0	0	0	0	0	0	0	0	0	0	0	0	0	0	0	0	0	0	0	0	0	0	0	0	0	0	0	0	0	0	0	0	0	0	0	0	0	0	0	0	0	0	0	0	0	0	0	74	195	180	135	177	137	174	118	102	87	81	129	139	174	74	45	165	152
0	0	0	0	0	0	0	0	0	0	0	0	0	0	0	0	0	0	0	0	0	0	0	0	0	0	0	0	0	0	0	0	0	0	0	0	0	0	0	0	0	0	0	0	0	0	0	0	0	0	0	0	0	0	0	0	0	0	0	0	0	0	0	0	0	0	0	0	0	0	0	0	0	0	0	0	0	0	0	0	0	0	0	0	0	0	0	0	0	0	0	0	0	0	0	0	0	0	0	0	0	0	0	0	0	0	0	0	0	0	0	52	179	181	115	67	118	97	179	141	143	106	40	64	151	140	55	116
0	0	0	0	0	0	0	0	0	0	0	0	0	0	0	0	0	0	0	0	0	0	0	0	0	0	0	0	0	0	0	0	0	0	0	0	0	0	0	0	0	0	0	0	0	0	0	0	0	0	0	0	0	0	0	0	0	0	0	0	0	0	0	0	0	0	0	0	0	0	0	0	0	0	0	0	0	0	0	0	0	0	0	0	0	0	0	0	0	0	0	0	0	0	0	0	0	0	0	0	0	0	0	0	0	0	0	0	0	0	0	0	182	139	73	127	153	42	90	152	185	148	179	159	160	102	104	103
0	0	0	0	0	0	0	0	0	0	0	0	0	0	0	0	0	0	0	0	0	0	0	0	0	0	0	0	0	0	0	0	0	0	0	0	0	0	0	0	0	0	0	0	0	0	0	0	0	0	0	0	0	0	0	0	0	0	0	0	0	0	0	0	0	0	0	0	0	0	0	0	0	0	0	0	0	0	0	0	0	0	0	0	0	0	0	0	0	0	0	0	0	0	0	0	0	0	0	0	0	0	0	0	0	0	0	0	0	0	0	0	0	80	34	154	113	107	140	118	152	149	188	189	125	69	162	110
0	0	0	0	0	0	0	0	0	0	0	0	0	0	0	0	0	0	0	0	0	0	0	0	0	0	0	0	0	0	0	0	0	0	0	0	0	0	0	0	0	0	0	0	0	0	0	0	0	0	0	0	0	0	0	0	0	0	0	0	0	0	0	0	0	0	0	0	0	0	0	0	0	0	0	0	0	0	0	0	0	0	0	0	0	0	0	0	0	0	0	0	0	0	0	0	0	0	0	0	0	0	0	0	0	0	0	0	0	0	0	0	0	0	84	92	175	107	205	132	177	81	127	192	223	188	73	173
0	0	0	0	0	0	0	0	0	0	0	0	0	0	0	0	0	0	0	0	0	0	0	0	0	0	0	0	0	0	0	0	0	0	0	0	0	0	0	0	0	0	0	0	0	0	0	0	0	0	0	0	0	0	0	0	0	0	0	0	0	0	0	0	0	0	0	0	0	0	0	0	0	0	0	0	0	0	0	0	0	0	0	0	0	0	0	0	0	0	0	0	0	0	0	0	0	0	0	0	0	0	0	0	0	0	0	0	0	0	0	0	0	0	0	31	108	89	108	93	79	178	74	114	144	120	216	36
0	0	0	0	0	0	0	0	0	0	0	0	0	0	0	0	0	0	0	0	0	0	0	0	0	0	0	0	0	0	0	0	0	0	0	0	0	0	0	0	0	0	0	0	0	0	0	0	0	0	0	0	0	0	0	0	0	0	0	0	0	0	0	0	0	0	0	0	0	0	0	0	0	0	0	0	0	0	0	0	0	0	0	0	0	0	0	0	0	0	0	0	0	0	0	0	0	0	0	0	0	0	0	0	0	0	0	0	0	0	0	0	0	0	0	0	150	110	74	109	103	168	67	106	119	224	192	39
0	0	0	0	0	0	0	0	0	0	0	0	0	0	0	0	0	0	0	0	0	0	0	0	0	0	0	0	0	0	0	0	0	0	0	0	0	0	0	0	0	0	0	0	0	0	0	0	0	0	0	0	0	0	0	0	0	0	0	0	0	0	0	0	0	0	0	0	0	0	0	0	0	0	0	0	0	0	0	0	0	0	0	0	0	0	0	0	0	0	0	0	0	0	0	0	0	0	0	0	0	0	0	0	0	0	0	0	0	0	0	0	0	0	0	0	0	111	92	62	86	130	50	120	79	173	76	53
0	0	0	0	0	0	0	0	0	0	0	0	0	0	0	0	0	0	0	0	0	0	0	0	0	0	0	0	0	0	0	0	0	0	0	0	0	0	0	0	0	0	0	0	0	0	0	0	0	0	0	0	0	0	0	0	0	0	0	0	0	0	0	0	0	0	0	0	0	0	0	0	0	0	0	0	0	0	0	0	0	0	0	0	0	0	0	0	0	0	0	0	0	0	0	0	0	0	0	0	0	0	0	0	0	0	0	0	0	0	0	0	0	0	0	0	0	0	117	87	99	192	54	164	205	202	107	70
0	0	0	0	0	0	0	0	0	0	0	0	0	0	0	0	0	0	0	0	0	0	0	0	0	0	0	0	0	0	0	0	0	0	0	0	0	0	0	0	0	0	0	0	0	0	0	0	0	0	0	0	0	0	0	0	0	0	0	0	0	0	0	0	0	0	0	0	0	0	0	0	0	0	0	0	0	0	0	0	0	0	0	0	0	0	0	0	0	0	0	0	0	0	0	0	0	0	0	0	0	0	0	0	0	0	0	0	0	0	0	0	0	0	0	0	0	0	0	132	91	166	172	41	60	121	109	132
0	0	0	0	0	0	0	0	0	0	0	0	0	0	0	0	0	0	0	0	0	0	0	0	0	0	0	0	0	0	0	0	0	0	0	0	0	0	0	0	0	0	0	0	0	0	0	0	0	0	0	0	0	0	0	0	0	0	0	0	0	0	0	0	0	0	0	0	0	0	0	0	0	0	0	0	0	0	0	0	0	0	0	0	0	0	0	0	0	0	0	0	0	0	0	0	0	0	0	0	0	0	0	0	0	0	0	0	0	0	0	0	0	0	0	0	0	0	0	0	26	226	135	165	106	195	76	89
0	0	0	0	0	0	0	0	0	0	0	0	0	0	0	0	0	0	0	0	0	0	0	0	0	0	0	0	0	0	0	0	0	0	0	0	0	0	0	0	0	0	0	0	0	0	0	0	0	0	0	0	0	0	0	0	0	0	0	0	0	0	0	0	0	0	0	0	0	0	0	0	0	0	0	0	0	0	0	0	0	0	0	0	0	0	0	0	0	0	0	0	0	0	0	0	0	0	0	0	0	0	0	0	0	0	0	0	0	0	0	0	0	0	0	0	0	0	0	0	0	213	190	99	187	121	117	101
0	0	0	0	0	0	0	0	0	0	0	0	0	0	0	0	0	0	0	0	0	0	0	0	0	0	0	0	0	0	0	0	0	0	0	0	0	0	0	0	0	0	0	0	0	0	0	0	0	0	0	0	0	0	0	0	0	0	0	0	0	0	0	0	0	0	0	0	0	0	0	0	0	0	0	0	0	0	0	0	0	0	0	0	0	0	0	0	0	0	0	0	0	0	0	0	0	0	0	0	0	0	0	0	0	0	0	0	0	0	0	0	0	0	0	0	0	0	0	0	0	0	116	115	101	206	92	112
0	0	0	0	0	0	0	0	0	0	0	0	0	0	0	0	0	0	0	0	0	0	0	0	0	0	0	0	0	0	0	0	0	0	0	0	0	0	0	0	0	0	0	0	0	0	0	0	0	0	0	0	0	0	0	0	0	0	0	0	0	0	0	0	0	0	0	0	0	0	0	0	0	0	0	0	0	0	0	0	0	0	0	0	0	0	0	0	0	0	0	0	0	0	0	0	0	0	0	0	0	0	0	0	0	0	0	0	0	0	0	0	0	0	0	0	0	0	0	0	0	0	0	135	130	146	97	200
0	0	0	0	0	0	0	0	0	0	0	0	0	0	0	0	0	0	0	0	0	0	0	0	0	0	0	0	0	0	0	0	0	0	0	0	0	0	0	0	0	0	0	0	0	0	0	0	0	0	0	0	0	0	0	0	0	0	0	0	0	0	0	0	0	0	0	0	0	0	0	0	0	0	0	0	0	0	0	0	0	0	0	0	0	0	0	0	0	0	0	0	0	0	0	0	0	0	0	0	0	0	0	0	0	0	0	0	0	0	0	0	0	0	0	0	0	0	0	0	0	0	0	0	122	116	31	87
0	0	0	0	0	0	0	0	0	0	0	0	0	0	0	0	0	0	0	0	0	0	0	0	0	0	0	0	0	0	0	0	0	0	0	0	0	0	0	0	0	0	0	0	0	0	0	0	0	0	0	0	0	0	0	0	0	0	0	0	0	0	0	0	0	0	0	0	0	0	0	0	0	0	0	0	0	0	0	0	0	0	0	0	0	0	0	0	0	0	0	0	0	0	0	0	0	0	0	0	0	0	0	0	0	0	0	0	0	0	0	0	0	0	0	0	0	0	0	0	0	0	0	0	0	137	65	95
0	0	0	0	0	0	0	0	0	0	0	0	0	0	0	0	0	0	0	0	0	0	0	0	0	0	0	0	0	0	0	0	0	0	0	0	0	0	0	0	0	0	0	0	0	0	0	0	0	0	0	0	0	0	0	0	0	0	0	0	0	0	0	0	0	0	0	0	0	0	0	0	0	0	0	0	0	0	0	0	0	0	0	0	0	0	0	0	0	0	0	0	0	0	0	0	0	0	0	0	0	0	0	0	0	0	0	0	0	0	0	0	0	0	0	0	0	0	0	0	0	0	0	0	0	0	86	104
0	0	0	0	0	0	0	0	0	0	0	0	0	0	0	0	0	0	0	0	0	0	0	0	0	0	0	0	0	0	0	0	0	0	0	0	0	0	0	0	0	0	0	0	0	0	0	0	0	0	0	0	0	0	0	0	0	0	0	0	0	0	0	0	0	0	0	0	0	0	0	0	0	0	0	0	0	0	0	0	0	0	0	0	0	0	0	0	0	0	0	0	0	0	0	0	0	0	0	0	0	0	0	0	0	0	0	0	0	0	0	0	0	0	0	0	0	0	0	0	0	0	0	0	0	0	0	137
0	0	0	0	0	0	0	0	0	0	0	0	0	0	0	0	0	0	0	0	0	0	0	0	0	0	0	0	0	0	0	0	0	0	0	0	0	0	0	0	0	0	0	0	0	0	0	0	0	0	0	0	0	0	0	0	0	0	0	0	0	0	0	0	0	0	0	0	0	0	0	0	0	0	0	0	0	0	0	0	0	0	0	0	0	0	0	0	0	0	0	0	0	0	0	0	0	0	0	0	0	0	0	0	0	0	0	0	0	0	0	0	0	0	0	0	0	0	0	0	0	0	0	0	0	0	0	0