0	26	100	50	59	65	26	68	69	23	14	76	90	64	123	92	94	60	108	50	103	97	92	84	90	111	97	13	69	36	36	64	61	110	29	84	44	27	125	82	102	98	71	109	93	28	122	65	16	4	105	23	78	37	64	26	60	70	25	42	75	81	88	96	63	9	60	99	114	8	19	123	59	84	43	24	7	35	51	124	34	54	82	99	123	65	46	75	109	67	97	95	56	70	72	19	119	39	96	124	87	93	26	115	8	116	109	129	126	35	70	68	79	109	8	50	22	70	125	12	89	7	119	96	56	41	99	77
0	0	118	17	90	93	123	129	46	12	16	85	100	79	56	27	29	79	27	13	78	76	108	10	98	59	99	78	7	40	93	83	125	129	77	121	22	101	39	77	4	118	114	108	117	103	129	8	7	13	90	111	99	102	51	81	49	13	4	82	116	30	95	108	73	92	127	26	114	88	93	125	93	34	116	24	46	103	99	39	55	98	82	70	78	76	94	102	86	108	48	121	94	13	67	70	14	67	99	99	11	93	103	65	92	95	12	108	64	113	64	30	17	99	81	43	109	28	15	95	29	108	34	64	4	126	74	19
0	0	0	72	106	110	58	31	73	83	78	81	93	75	26	6	54	84	52	55	123	113	27	47	59	35	120	81	38	99	10	9	39	34	86	84	122	25	128	124	77	24	15	38	121	106	65	24	125	89	86	95	34	129	52	24	13	15	16	107	82	33	21	111	61	116	45	112	8	23	123	47	122	130	52	111	59	73	33	64	82	71	12	20	105	5	12	55	79	88	37	72	84	15	7	108	86	60	46	26	95	116	40	82	53	25	122	41	24	33	10	69	33	63	75	76	96	42	59	96	78	15	20	74	14	34	56	86
0	0	0	0	7	69	92	116	4	128	114	92	107	115	65	39	86	24	36	61	68	44	71	100	5	92	97	66	56	93	76	15	13	117	20	83	7	69	130	132	55	127	86	73	128	97	26	47	38	125	23	28	68	47	32	57	79	37	122	85	108	23	113	28	37	65	119	131	26	33	81	87	49	77	99	37	27	83	38	24	23	34	70	13	108	12	123	3	23	58	65	105	120	118	43	117	117	99	103	45	59	17	106	7	46	92	127	56	19	28	107	32	117	27	21	41	37	76	88	123	119	89	60	89	12	126	54	44
0	0	0	0	0	101	84	50	40	58	130	128	89	57	29	60	14	131	86	73	71	52	66	123	60	47	56	119	87	116	117	15	47	53	55	96	55	114	61	19	32	118	67	37	26	41	115	81	53	38	18	86	119	130	113	72	29	24	95	131	94	111	42	63	81	57	32	110	106	22	63	86	64	60	18	74	67	28	96	33	67	24	38	118	90	107	26	7	82	125	122	101	107	60	84	104	64	43	39	9	67	11	94	38	18	89	131	132	79	32	62	88	79	61	62	19	84	8	71	102	56	7	14	110	54	56	40	94
0	0	0	0	0	0	110	103	49	58	79	115	89	114	99	87	60	115	79	120	9	129	8	9	81	53	32	17	100	46	70	69	70	97	108	23	62	12	30	107	47	47	65	86	63	45	8	70	44	120	93	42	73	39	116	106	115	27	71	119	77	110	120	70	24	68	6	53	74	124	67	66	99	32	43	27	40	73	14	119	87	108	90	13	127	126	63	70	122	58	26	91	84	71	20	96	81	53	61	125	64	118	83	103	16	70	58	53	25	119	133	24	69	58	78	109	27	32	109	24	102	130	43	7	42	99	12	94
0	0	0	0	0	0	0	98	26	79	132	72	46	90	26	73	39	41	46	88	8	34	69	39	84	16	68	112	31	52	15	82	128	91	106	12	95	99	98	117	26	90	20	10	119	54	50	127	78	86	20	22	98	104	25	24	115	100	9	68	38	9	8	51	128	56	108	50	14	22	126	23	126	110	9	130	97	49	63	111	41	117	71	14	67	20	122	124	36	127	94	129	70	87	19	104	120	42	47	30	81	6	91	38	53	18	35	102	23	47	72	89	57	54	131	91	77	80	108	21	11	76	55	100	115	99	61	133
0	0	0	0	0	0	0	0	80	48	121	91	97	77	48	63	107	76	104	80	11	88	38	123	91	114	97	44	16	23	43	93	33	81	26	82	24	99	123	29	29	126	116	18	90	9	68	131	88	113	37	40	128	89	108	78	44	108	95	128	85	90	111	42	30	48	106	111	124	71	80	8	92	62	122	100	110	130	70	4	113	88	93	125	60	31	122	117	115	83	116	110	58	14	54	48	36	72	74	135	131	54	37	36	98	112	97	70	73	74	50	11	99	14	117	60	62	82	58	120	85	36	33	102	64	86	73	128
0	0	0	0	0	0	0	0	0	16	77	103	41	82	12	109	9	41	73	95	121	7	61	75	66	37	99	127	55	58	11	21	118	64	49	25	124	18	116	52	114	18	130	71	124	36	106	22	10	100	80	68	124	121	112	69	65	80	109	78	74	118	92	51	60	15	25	53	120	60	124	88	24	49	25	51	82	48	5	50	26	51	14	70	45	113	89	87	53	91	42	37	49	75	28	57	26	123	87	50	127	106	97	98	18	95	52	107	94	120	84	66	99	118	52	66	50	69	91	61	58	10	118	83	68	83	48	11
0	0	0	0	0	0	0	0	0	0	55	77	28	6	65	64	106	55	67	54	45	66	27	12	73	122	26	76	115	116	72	24	26	65	33	69	36	126	83	18	24	107	8	76	53	77	110	116	46	11	60	86	134	22	54	87	79	55	62	37	43	78	74	77	10	8	97	115	125	15	112	59	52	76	123	17	82	57	80	47	74	15	81	29	132	22	7	53	132	111	130	66	82	57	125	38	5	96	111	21	47	117	4	43	62	82	29	69	62	120	50	99	136	97	85	40	136	86	104	133	24	61	103	13	5	103	93	68
0	0	0	0	0	0	0	0	0	0	0	110	25	123	96	29	81	31	128	94	85	115	124	76	35	24	19	54	26	80	45	113	109	96	98	75	72	84	46	86	37	102	98	94	74	43	100	127	79	106	38	70	98	83	6	26	33	90	79	96	127	107	28	116	121	94	91	55	59	123	60	112	64	8	99	58	70	31	92	82	80	10	137	88	70	23	60	32	18	32	124	122	47	42	72	61	131	10	42	90	96	62	65	62	115	117	27	45	41	87	76	51	34	117	64	131	114	53	68	67	128	45	38	13	67	97	50	76
0	0	0	0	0	0	0	0	0	0	0	0	47	114	94	116	32	60	125	66	68	124	61	110	31	117	108	100	85	118	5	110	64	39	62	107	92	127	64	13	48	47	32	128	28	126	119	73	14	27	23	106	130	73	99	108	105	70	13	22	26	64	63	79	119	23	102	116	74	39	20	107	40	94	125	78	131	96	96	82	94	48	11	28	76	75	30	60	110	74	17	81	41	25	100	28	132	65	84	49	117	92	64	47	115	10	116	20	114	48	89	50	105	72	117	41	97	75	10	106	135	111	62	91	125	24	27	15
0	0	0	0	0	0	0	0	0	0	0	0	0	43	127	116	50	136	22	47	40	31	110	86	76	112	30	93	109	23	58	120	50	125	46	122	59	65	25	75	5	41	31	48	91	21	80	121	65	70	36	68	88	82	117	95	65	44	36	108	50	116	71	92	87	65	87	61	117	138	68	48	75	117	23	36	95	59	12	91	56	122	63	82	38	140	97	133	37	86	18	36	138	76	127	18	138	30	114	37	98	75	56	109	37	25	89	104	46	32	117	23	107	136	112	61	107	103	64	60	9	105	30	40	71	120	119	70
0	0	0	0	0	0	0	0	0	0	0	0	0	0	110	20	77	120	40	71	111	126	51	111	71	75	90	88	4	64	62	93	113	131	88	85	59	111	68	120	25	103	99	29	30	115	115	70	133	25	102	119	63	34	46	53	27	17	13	133	65	92	101	47	52	28	22	76	24	37	110	71	18	53	82	32	97	15	110	126	38	26	109	114	100	21	6	21	60	52	42	117	47	114	119	110	112	49	84	33	105	80	106	59	125	108	15	37	32	116	56	75	51	58	56	84	136	20	44	133	69	41	81	5	134	130	45	104
0	0	0	0	0	0	0	0	0	0	0	0	0	0	0	55	83	21	49	86	87	31	69	125	101	37	136	111	58	61	76	56	32	36	78	101	41	39	52	33	59	69	49	57	89	89	119	72	69	31	124	92	66	104	108	103	138	13	50	122	2	122	96	93	125	11	69	19	89	75	113	20	38	131	30	111	65	73	99	33	64	78	11	36	106	73	35	125	18	114	111	49	41	48	78	27	102	8	42	89	53	106	121	83	67	124	12	60	35	9	133	13	66	97	94	35	46	70	37	99	55	37	111	129	84	23	41	83
0	0	0	0	0	0	0	0	0	0	0	0	0	0	0	0	100	83	39	23	89	102	75	63	93	46	70	43	114	54	84	6	140	71	28	62	93	57	97	95	29	65	134	84	94	60	87	127	20	137	73	39	96	19	33	29	43	18	95	34	34	31	62	92	38	110	52	43	84	43	88	134	96	58	79	118	36	22	68	114	19	122	68	57	89	104	32	121	140	19	130	89	115	12	28	105	21	77	90	46	122	79	115	22	134	91	16	76	33	109	65	51	37	119	136	70	131	93	114	38	31	65	110	120	63	29	92	9
0	0	0	0	0	0	0	0	0	0	0	0	0	0	0	0	0	91	28	21	41	93	70	115	128	26	80	90	86	68	106	125	27	138	97	41	72	112	85	22	108	134	40	73	130	40	92	106	123	77	22	59	135	116	78	59	72	75	81	21	36	53	77	69	26	43	137	56	55	40	63	88	48	125	127	91	30	96	118	89	117	89	135	58	81	92	101	97	112	133	113	66	98	64	95	105	134	127	118	86	18	36	107	26	23	14	14	9	90	74	118	97	95	32	117	136	15	78	93	106	107	89	59	102	32	123	126	18
0	0	0	0	0	0	0	0	0	0	0	0	0	0	0	0	0	0	7	79	123	104	70	87	86	89	37	127	71	22	55	128	50	55	40	63	42	62	22	39	129	55	20	31	83	117	19	84	38	89	135	80	71	133	122	120	57	50	112	94	11	117	70	66	16	33	14	55	115	96	99	132	109	68	15	131	75	105	94	111	5	100	128	107	94	55	27	112	93	116	73	51	5	43	23	30	78	138	81	50	32	67	64	120	14	110	51	108	121	131	119	102	20	38	6	16	37	88	112	137	10	101	20	46	90	111	64	75
0	0	0	0	0	0	0	0	0	0	0	0	0	0	0	0	0	0	0	30	123	123	11	117	60	17	63	98	57	4	14	36	123	68	52	117	122	82	144	53	140	110	37	27	25	88	115	52	88	71	94	14	122	93	109	63	85	109	136	90	99	105	58	107	93	74	72	121	127	94	49	101	48	15	115	121	128	141	126	107	59	135	68	126	45	121	24	101	30	84	145	31	90	87	56	103	106	70	59	123	90	114	13	54	11	34	108	102	123	17	31	45	81	35	93	67	125	144	113	124	129	114	78	128	120	95	54	143
0	0	0	0	0	0	0	0	0	0	0	0	0	0	0	0	0	0	0	0	22	119	96	42	96	106	115	84	90	62	53	39	101	94	121	80	82	42	143	11	82	103	15	119	23	87	47	35	61	125	85	78	114	50	59	109	91	19	81	18	91	72	16	126	105	99	137	117	97	135	75	118	21	92	49	30	14	103	97	105	16	9	123	52	68	34	36	69	45	84	117	106	39	20	26	107	125	92	49	69	41	58	110	42	101	112	49	28	21	104	73	128	73	98	36	29	76	107	108	120	6	66	21	119	113	43	18	95
0	0	0	0	0	0	0	0	0	0	0	0	0	0	0	0	0	0	0	0	0	55	58	30	127	106	113	97	82	148	50	111	50	114	96	67	58	55	120	29	51	131	71	136	117	32	83	57	113	84	117	14	26	18	125	21	112	142	120	20	15	67	63	142	13	39	31	117	81	49	52	107	99	123	36	61	87	89	96	137	99	100	11	121	57	105	32	38	131	79	11	28	79	76	61	81	91	95	120	45	76	25	58	127	87	68	38	28	38	37	67	14	47	86	128	9	90	119	73	31	33	27	116	127	122	129	64	98
0	0	0	0	0	0	0	0	0	0	0	0	0	0	0	0	0	0	0	0	0	0	109	87	79	127	88	94	38	71	109	87	145	67	30	81	109	20	72	49	100	107	132	123	110	139	6	104	73	61	64	98	93	83	64	83	94	124	47	55	76	121	42	67	71	88	26	38	100	45	21	75	57	30	69	108	131	102	29	42	88	129	131	52	20	35	141	37	41	22	85	46	95	120	85	141	131	100	104	39	148	29	65	50	120	111	15	113	106	72	35	121	83	141	132	109	96	130	20	125	62	80	83	115	22	71	132	94
0	0	0	0	0	0	0	0	0	0	0	0	0	0	0	0	0	0	0	0	0	0	0	73	114	37	79	124	61	52	135	111	52	118	137	65	56	44	46	68	30	48	93	30	132	44	95	129	62	141	132	114	25	100	126	34	30	114	73	122	35	89	18	147	87	59	110	110	79	79	21	137	118	137	108	61	91	132	59	105	60	107	102	129	92	60	73	85	32	110	64	107	63	138	92	109	41	97	80	69	146	118	71	2	130	25	39	64	51	67	53	75	112	21	16	7	81	18	76	141	125	66	100	64	86	95	136	113
0	0	0	0	0	0	0	0	0	0	0	0	0	0	0	0	0	0	0	0	0	0	0	0	80	25	140	100	84	133	125	104	130	90	5	88	113	91	14	84	124	130	52	122	36	121	36	140	39	129	133	93	75	80	91	123	79	133	33	116	108	62	135	144	41	72	127	141	42	38	76	83	28	57	107	90	83	121	111	94	27	127	127	114	66	90	19	89	129	114	90	104	98	125	112	151	59	57	48	103	84	89	49	88	90	101	130	36	138	40	145	81	101	141	75	82	99	118	95	16	57	128	85	67	84	63	46	147
0	0	0	0	0	0	0	0	0	0	0	0	0	0	0	0	0	0	0	0	0	0	0	0	0	29	43	86	100	78	130	120	60	111	34	19	105	132	28	86	102	75	28	122	123	119	32	85	68	92	20	16	117	106	109	132	36	40	36	134	16	86	83	97	140	61	24	121	83	113	31	43	136	43	98	15	44	91	122	125	104	97	90	50	29	113	126	44	114	85	132	13	128	67	21	40	137	33	128	108	135	66	99	34	8	104	62	76	89	124	67	31	38	83	44	72	7	35	53	93	73	93	78	66	65	121	131	99
0	0	0	0	0	0	0	0	0	0	0	0	0	0	0	0	0	0	0	0	0	0	0	0	0	0	88	27	29	89	119	110	98	90	94	120	123	134	100	20	144	103	61	98	55	124	66	59	14	77	49	8	78	51	77	114	6	60	9	82	96	114	53	27	127	28	37	12	136	72	93	142	103	76	96	137	49	33	136	13	105	35	29	133	52	40	124	87	46	139	144	23	106	54	19	35	33	102	58	82	62	37	94	96	51	31	14	14	114	102	126	119	123	120	29	137	42	44	76	133	30	78	98	77	103	56	135	41
0	0	0	0	0	0	0	0	0	0	0	0	0	0	0	0	0	0	0	0	0	0	0	0	0	0	0	108	89	117	130	42	127	37	29	122	37	100	109	124	102	71	51	111	34	75	54	76	55	105	95	47	9	73	135	59	64	55	96	85	121	129	134	96	130	15	38	54	95	31	64	50	59	46	82	27	62	40	138	145	59	36	128	84	117	111	27	89	40	41	71	46	55	33	131	59	87	91	55	117	43	91	119	137	35	26	47	65	49	124	32	89	45	143	50	89	49	109	96	124	23	88	87	39	100	60	57	82
0	0	0	0	0	0	0	0	0	0	0	0	0	0	0	0	0	0	0	0	0	0	0	0	0	0	0	0	38	103	107	122	117	91	116	78	94	107	136	79	80	99	82	13	73	124	8	40	114	114	26	77	123	70	123	53	134	29	39	96	93	45	18	43	65	10	50	88	109	60	103	26	92	102	108	67	40	50	45	24	130	147	130	93	44	84	63	59	61	137	115	81	81	116	25	111	95	25	90	92	88	33	83	123	124	59	26	121	78	61	134	136	103	51	114	62	101	50	19	112	29	77	17	47	67	86	63	65
0	0	0	0	0	0	0	0	0	0	0	0	0	0	0	0	0	0	0	0	0	0	0	0	0	0	0	0	0	121	96	122	37	39	132	18	110	36	20	79	7	30	129	83	35	69	66	28	48	12	39	12	113	69	112	16	93	40	22	42	138	47	71	151	123	53	132	48	33	101	108	122	26	90	115	130	146	11	92	150	40	119	138	89	137	105	57	95	47	134	26	74	122	145	136	50	62	113	58	63	51	105	139	32	46	99	27	108	32	33	87	134	54	65	38	141	76	29	118	78	78	109	120	36	133	85	87	152
0	0	0	0	0	0	0	0	0	0	0	0	0	0	0	0	0	0	0	0	0	0	0	0	0	0	0	0	0	0	77	132	103	72	53	70	157	46	62	61	110	101	95	109	70	112	97	114	103	138	16	72	115	44	117	19	134	29	53	2	59	21	107	58	93	95	28	52	106	35	95	122	88	122	75	59	25	32	24	100	41	78	108	24	116	40	134	89	144	87	150	89	113	94	24	61	64	95	122	39	11	59	73	109	30	51	36	25	59	73	32	70	58	20	59	132	80	24	65	131	15	31	39	102	91	64	118	42
0	0	0	0	0	0	0	0	0	0	0	0	0	0	0	0	0	0	0	0	0	0	0	0	0	0	0	0	0	0	0	50	92	113	42	103	15	110	95	67	107	73	113	60	143	119	106	114	14	94	40	51	45	42	92	81	58	19	71	136	50	50	48	100	111	94	143	121	46	85	139	33	125	143	127	55	79	101	102	118	96	43	70	30	95	87	17	32	69	86	109	119	103	39	55	20	11	97	118	38	20	101	45	56	81	52	88	92	72	123	70	82	11	130	115	76	109	55	101	84	48	69	15	51	65	55	39	78
0	0	0	0	0	0	0	0	0	0	0	0	0	0	0	0	0	0	0	0	0	0	0	0	0	0	0	0	0	0	0	0	151	37	115	69	22	133	24	48	71	120	98	39	155	141	92	29	15	32	97	107	87	39	101	44	129	146	137	31	100	24	105	107	61	62	106	125	108	99	86	59	119	67	83	97	42	127	84	77	140	151	29	44	7	50	49	89	80	28	117	94	125	36	20	157	45	138	107	32	26	64	150	57	136	134	74	144	33	70	136	51	86	77	87	100	57	129	128	78	43	60	121	80	141	44	36	87
0	0	0	0	0	0	0	0	0	0	0	0	0	0	0	0	0	0	0	0	0	0	0	0	0	0	0	0	0	0	0	0	0	17	43	107	62	72	54	152	84	38	63	41	147	117	88	82	71	62	77	63	81	46	103	94	127	114	19	120	95	135	76	153	12	41	108	97	51	57	40	42	66	135	93	68	123	94	90	66	52	118	113	81	146	74	84	28	43	90	106	155	114	114	110	51	94	129	119	53	31	105	87	123	79	152	98	59	33	21	54	98	77	83	57	39	42	74	28	114	47	112	45	71	116	47	111	52
0	0	0	0	0	0	0	0	0	0	0	0	0	0	0	0	0	0	0	0	0	0	0	0	0	0	0	0	0	0	0	0	0	0	125	113	79	29	90	61	130	49	146	88	124	117	31	93	124	91	54	10	60	95	51	124	147	66	79	14	79	73	55	32	38	35	55	115	102	54	61	156	40	156	120	44	107	31	76	66	62	107	15	37	151	85	109	48	115	53	42	108	51	82	140	42	141	41	92	143	106	93	63	31	65	56	39	44	49	128	11	84	43	93	126	15	78	138	45	121	80	77	77	21	19	89	123	59
0	0	0	0	0	0	0	0	0	0	0	0	0	0	0	0	0	0	0	0	0	0	0	0	0	0	0	0	0	0	0	0	0	0	0	111	52	152	30	57	61	83	33	51	82	30	84	18	16	70	96	104	38	103	132	26	81	113	16	102	97	60	116	133	55	57	65	105	78	91	69	124	128	141	148	44	33	98	48	27	126	39	61	95	95	18	56	81	66	69	135	108	81	6	37	34	91	103	143	151	83	109	127	95	99	106	126	111	143	103	15	40	93	95	114	100	44	84	10	150	114	93	135	130	46	58	134	23
0	0	0	0	0	0	0	0	0	0	0	0	0	0	0	0	0	0	0	0	0	0	0	0	0	0	0	0	0	0	0	0	0	0	0	0	130	45	59	54	21	94	97	52	65	65	141	136	91	73	73	51	26	43	114	75	109	46	126	85	92	37	45	90	124	31	79	127	55	84	42	87	63	107	88	69	135	33	17	136	74	140	46	29	123	66	96	112	72	78	118	67	13	105	128	144	145	104	78	44	26	45	86	44	115	95	43	49	100	144	27	19	145	40	73	79	97	133	39	71	10	94	108	62	41	127	40	6
0	0	0	0	0	0	0	0	0	0	0	0	0	0	0	0	0	0	0	0	0	0	0	0	0	0	0	0	0	0	0	0	0	0	0	0	0	115	73	24	126	122	63	57	40	122	38	118	20	84	108	54	138	112	124	89	118	77	106	126	41	73	31	93	149	122	29	21	11	152	94	109	104	45	32	129	115	78	151	62	66	148	119	32	137	76	102	48	41	113	21	120	152	63	26	126	145	130	121	38	87	111	60	57	49	97	49	69	82	61	121	110	34	116	27	17	30	66	65	104	145	102	110	69	37	110	136	82
0	0	0	0	0	0	0	0	0	0	0	0	0	0	0	0	0	0	0	0	0	0	0	0	0	0	0	0	0	0	0	0	0	0	0	0	0	0	104	70	80	119	154	27	123	94	41	82	63	108	94	150	21	109	73	82	43	140	20	107	61	27	114	111	59	144	81	103	52	119	118	111	57	126	21	80	121	77	95	39	145	62	82	119	96	76	108	149	114	49	115	79	113	84	123	96	154	55	30	113	73	50	55	4	127	93	112	58	92	128	76	93	149	15	119	113	44	112	69	121	52	62	106	87	114	73	136	128
0	0	0	0	0	0	0	0	0	0	0	0	0	0	0	0	0	0	0	0	0	0	0	0	0	0	0	0	0	0	0	0	0	0	0	0	0	0	0	52	106	61	97	67	66	109	54	95	97	71	140	157	118	77	97	95	54	93	77	131	141	144	40	58	82	64	66	126	41	22	123	73	52	66	104	75	49	143	10	82	100	46	144	98	63	26	36	55	78	40	133	50	35	137	10	132	67	63	109	109	111	46	143	25	40	18	118	67	133	120	132	106	107	108	108	106	118	119	158	6	50	124	62	24	67	101	55	44
0	0	0	0	0	0	0	0	0	0	0	0	0	0	0	0	0	0	0	0	0	0	0	0	0	0	0	0	0	0	0	0	0	0	0	0	0	0	0	0	136	84	17	60	36	27	116	56	134	117	38	18	94	115	83	120	132	101	141	78	83	127	117	89	91	97	76	31	42	111	121	82	116	37	64	63	125	68	43	22	96	47	133	22	56	106	39	112	37	79	127	49	42	121	132	94	113	38	89	73	59	126	128	30	127	141	36	143	51	32	103	134	69	59	20	94	56	25	61	145	108	98	78	34	131	78	31	62
0	0	0	0	0	0	0	0	0	0	0	0	0	0	0	0	0	0	0	0	0	0	0	0	0	0	0	0	0	0	0	0	0	0	0	0	0	0	0	0	0	88	11	129	71	36	93	85	16	19	68	154	14	89	20	128	98	45	132	110	65	106	31	126	69	8	149	6	19	103	37	140	130	169	42	78	111	107	74	63	57	28	80	44	35	49	21	94	23	24	98	102	88	76	79	44	101	40	40	116	79	82	46	76	146	67	59	44	65	80	82	39	63	89	138	79	109	121	124	60	89	140	32	100	137	109	121	132
0	0	0	0	0	0	0	0	0	0	0	0	0	0	0	0	0	0	0	0	0	0	0	0	0	0	0	0	0	0	0	0	0	0	0	0	0	0	0	0	0	0	83	74	118	3	87	110	7	106	28	166	94	57	119	117	76	106	33	67	50	121	93	140	117	105	33	126	95	92	54	99	80	96	50	43	14	48	124	8	109	135	130	163	107	108	64	116	108	54	89	60	133	95	36	49	69	140	69	90	104	140	85	68	101	157	70	72	104	60	125	66	128	155	47	40	157	45	128	134	106	149	33	97	37	44	37	48
0	0	0	0	0	0	0	0	0	0	0	0	0	0	0	0	0	0	0	0	0	0	0	0	0	0	0	0	0	0	0	0	0	0	0	0	0	0	0	0	0	0	0	87	82	113	24	42	128	90	108	65	95	31	67	112	94	89	88	122	105	121	89	18	77	115	113	99	96	18	51	33	126	74	145	129	121	87	18	86	44	117	108	166	159	68	65	130	102	54	94	51	82	136	112	80	107	98	38	118	59	97	108	112	138	61	81	156	126	84	89	126	102	160	59	31	32	32	42	89	59	55	58	109	29	31	63	42
0	0	0	0	0	0	0	0	0	0	0	0	0	0	0	0	0	0	0	0	0	0	0	0	0	0	0	0	0	0	0	0	0	0	0	0	0	0	0	0	0	0	0	0	68	51	47	147	121	46	45	87	122	96	59	33	148	45	110	159	114	18	92	117	109	103	95	80	57	117	135	137	121	103	110	157	157	129	30	84	65	50	109	137	52	95	83	51	131	77	123	48	102	119	42	47	98	54	36	125	65	137	26	130	150	10	161	127	28	114	110	162	84	147	52	129	58	111	43	57	72	33	74	7	105	138	152	84
0	0	0	0	0	0	0	0	0	0	0	0	0	0	0	0	0	0	0	0	0	0	0	0	0	0	0	0	0	0	0	0	0	0	0	0	0	0	0	0	0	0	0	0	0	74	84	37	88	98	118	11	72	68	52	77	53	103	50	96	145	151	58	16	159	47	132	116	108	75	84	115	118	63	62	70	52	100	42	106	64	105	117	142	94	53	72	37	151	66	141	117	37	159	122	98	41	152	59	128	92	60	113	77	59	28	111	123	64	35	44	38	60	29	102	144	49	126	123	63	136	105	112	43	29	125	16	83
0	0	0	0	0	0	0	0	0	0	0	0	0	0	0	0	0	0	0	0	0	0	0	0	0	0	0	0	0	0	0	0	0	0	0	0	0	0	0	0	0	0	0	0	0	0	124	33	91	24	68	68	110	98	41	114	49	123	27	100	83	121	117	135	153	84	37	121	84	49	126	144	92	58	71	39	8	114	70	36	45	171	26	86	127	95	58	8	39	33	143	34	112	25	157	63	54	119	69	30	40	132	108	73	102	130	87	144	128	33	83	117	99	65	135	103	35	38	80	52	74	135	80	126	83	139	161	93
0	0	0	0	0	0	0	0	0	0	0	0	0	0	0	0	0	0	0	0	0	0	0	0	0	0	0	0	0	0	0	0	0	0	0	0	0	0	0	0	0	0	0	0	0	0	0	57	132	66	127	63	161	119	97	148	116	42	139	90	35	92	109	138	54	94	147	105	39	64	29	136	128	74	60	57	107	31	160	115	147	13	61	63	106	132	19	124	20	44	112	95	65	62	70	62	69	98	94	58	42	35	96	25	62	96	61	71	59	30	61	122	15	97	113	142	95	135	146	82	60	103	64	93	148	122	5	79
0	0	0	0	0	0	0	0	0	0	0	0	0	0	0	0	0	0	0	0	0	0	0	0	0	0	0	0	0	0	0	0	0	0	0	0	0	0	0	0	0	0	0	0	0	0	0	0	124	27	23	82	46	60	69	50	54	46	127	106	96	56	33	84	71	116	24	72	44	45	123	74	118	69	102	92	128	45	30	108	94	110	59	117	61	92	127	135	49	73	125	65	139	105	55	108	110	58	59	90	127	37	76	45	125	75	88	107	62	107	120	155	85	112	71	50	147	103	16	96	114	127	52	133	71	35	34	124
0	0	0	0	0	0	0	0	0	0	0	0	0	0	0	0	0	0	0	0	0	0	0	0	0	0	0	0	0	0	0	0	0	0	0	0	0	0	0	0	0	0	0	0	0	0	0	0	0	57	100	60	165	115	149	129	71	136	71	137	75	166	111	43	72	22	29	96	129	149	79	135	83	12	148	159	31	161	56	92	48	106	129	107	106	140	105	89	125	75	75	108	104	115	148	105	88	32	92	34	73	48	104	84	63	106	106	166	102	140	87	145	108	51	101	87	95	113	84	125	111	117	160	102	66	83	64	131
0	0	0	0	0	0	0	0	0	0	0	0	0	0	0	0	0	0	0	0	0	0	0	0	0	0	0	0	0	0	0	0	0	0	0	0	0	0	0	0	0	0	0	0	0	0	0	0	0	0	40	58	130	43	103	109	96	132	141	21	77	68	51	114	73	52	29	87	104	45	139	62	41	144	75	37	55	48	63	68	121	145	57	65	67	87	64	81	53	12	95	112	123	142	61	129	25	127	151	83	127	117	75	61	68	88	38	66	44	111	160	111	81	125	117	77	98	24	126	26	81	114	52	39	73	92	71	65
0	0	0	0	0	0	0	0	0	0	0	0	0	0	0	0	0	0	0	0	0	0	0	0	0	0	0	0	0	0	0	0	0	0	0	0	0	0	0	0	0	0	0	0	0	0	0	0	0	0	0	45	117	62	168	161	109	122	105	81	126	117	128	100	129	104	129	12	50	164	39	157	131	137	120	24	121	36	36	148	163	45	122	64	61	131	90	37	104	61	110	119	39	54	121	112	75	119	58	40	132	93	12	80	84	129	105	62	122	148	88	65	63	138	56	31	62	61	62	88	46	124	70	103	134	101	16	101
0	0	0	0	0	0	0	0	0	0	0	0	0	0	0	0	0	0	0	0	0	0	0	0	0	0	0	0	0	0	0	0	0	0	0	0	0	0	0	0	0	0	0	0	0	0	0	0	0	0	0	0	141	139	113	48	140	120	73	93	134	22	143	81	60	41	161	67	146	34	51	102	62	167	18	48	79	161	110	126	99	16	66	57	63	142	46	116	16	145	42	94	99	96	86	143	160	50	141	88	116	97	104	39	98	75	95	114	10	105	92	59	19	134	132	45	91	77	60	112	48	115	154	116	96	33	139	59
0	0	0	0	0	0	0	0	0	0	0	0	0	0	0	0	0	0	0	0	0	0	0	0	0	0	0	0	0	0	0	0	0	0	0	0	0	0	0	0	0	0	0	0	0	0	0	0	0	0	0	0	0	13	45	55	86	139	75	63	85	158	145	112	34	125	71	41	109	97	112	98	47	65	101	59	5	108	111	17	169	60	43	42	28	104	93	111	100	61	145	40	42	125	111	51	45	45	94	96	59	84	144	64	139	116	134	56	102	70	94	47	67	81	132	62	77	94	44	141	40	123	106	92	149	57	81	37
0	0	0	0	0	0	0	0	0	0	0	0	0	0	0	0	0	0	0	0	0	0	0	0	0	0	0	0	0	0	0	0	0	0	0	0	0	0	0	0	0	0	0	0	0	0	0	0	0	0	0	0	0	0	14	76	166	49	159	107	81	61	56	88	114	90	100	91	103	135	74	107	117	166	28	118	122	159	150	58	47	42	49	61	118	56	113	105	39	51	87	63	88	111	77	65	136	89	115	127	62	116	140	55	25	121	152	60	56	94	48	84	154	62	119	150	59	107	166	123	22	93	129	97	131	113	40	151
0	0	0	0	0	0	0	0	0	0	0	0	0	0	0	0	0	0	0	0	0	0	0	0	0	0	0	0	0	0	0	0	0	0	0	0	0	0	0	0	0	0	0	0	0	0	0	0	0	0	0	0	0	0	0	15	58	112	53	87	49	79	61	134	84	110	49	139	127	148	53	119	28	29	128	127	90	34	133	57	116	102	62	161	169	122	66	126	127	34	64	26	119	110	47	27	142	60	96	99	146	47	83	59	104	116	95	118	127	114	52	89	107	119	99	161	101	132	103	47	145	78	83	47	60	53	85	128
0	0	0	0	0	0	0	0	0	0	0	0	0	0	0	0	0	0	0	0	0	0	0	0	0	0	0	0	0	0	0	0	0	0	0	0	0	0	0	0	0	0	0	0	0	0	0	0	0	0	0	0	0	0	0	0	17	33	176	125	119	55	45	97	77	54	91	160	162	102	122	49	92	78	164	96	85	115	141	153	107	116	6	109	125	55	32	102	81	108	67	89	54	138	41	126	126	65	148	96	85	138	111	9	49	107	46	66	117	119	144	35	69	147	58	70	92	82	106	141	61	93	158	112	120	156	159	102
0	0	0	0	0	0	0	0	0	0	0	0	0	0	0	0	0	0	0	0	0	0	0	0	0	0	0	0	0	0	0	0	0	0	0	0	0	0	0	0	0	0	0	0	0	0	0	0	0	0	0	0	0	0	0	0	0	98	147	99	174	43	16	39	97	101	92	75	118	74	110	121	98	57	71	119	91	134	140	43	70	162	55	130	81	178	100	113	114	61	61	113	54	63	94	59	131	119	70	56	81	133	124	12	120	62	120	29	90	97	32	15	87	104	144	43	66	71	136	78	51	49	47	102	85	66	50	105
0	0	0	0	0	0	0	0	0	0	0	0	0	0	0	0	0	0	0	0	0	0	0	0	0	0	0	0	0	0	0	0	0	0	0	0	0	0	0	0	0	0	0	0	0	0	0	0	0	0	0	0	0	0	0	0	0	0	36	41	30	113	114	66	76	67	138	99	154	37	94	154	156	132	91	63	117	92	107	152	83	144	43	120	51	76	77	102	160	94	103	61	168	156	56	134	56	128	110	121	25	74	151	120	130	97	86	103	118	39	103	103	112	91	67	152	70	111	38	136	133	32	43	122	54	129	125	130
0	0	0	0	0	0	0	0	0	0	0	0	0	0	0	0	0	0	0	0	0	0	0	0	0	0	0	0	0	0	0	0	0	0	0	0	0	0	0	0	0	0	0	0	0	0	0	0	0	0	0	0	0	0	0	0	0	0	0	72	152	81	66	129	85	108	49	157	89	115	127	47	28	54	44	72	129	136	38	173	60	81	67	57	69	162	19	46	106	38	139	121	116	113	72	97	129	34	111	142	108	122	61	47	119	6	177	96	94	52	129	88	79	118	54	139	115	108	106	125	22	62	87	125	182	93	79	114
0	0	0	0	0	0	0	0	0	0	0	0	0	0	0	0	0	0	0	0	0	0	0	0	0	0	0	0	0	0	0	0	0	0	0	0	0	0	0	0	0	0	0	0	0	0	0	0	0	0	0	0	0	0	0	0	0	0	0	0	32	98	152	120	35	48	92	104	103	139	35	85	78	102	112	19	62	94	44	98	121	154	44	120	14	153	85	103	85	134	139	28	144	81	128	167	109	161	137	132	123	186	148	41	176	83	85	100	33	93	127	8	118	125	21	59	155	120	33	125	129	103	110	109	119	123	77	112
0	0	0	0	0	0	0	0	0	0	0	0	0	0	0	0	0	0	0	0	0	0	0	0	0	0	0	0	0	0	0	0	0	0	0	0	0	0	0	0	0	0	0	0	0	0	0	0	0	0	0	0	0	0	0	0	0	0	0	0	0	160	63	138	145	63	88	115	85	52	145	56	65	119	50	59	38	112	155	110	94	135	82	59	157	145	83	56	73	144	109	52	83	55	58	71	93	145	167	52	141	118	91	120	80	63	74	14	64	132	88	28	126	89	62	89	70	152	70	110	114	121	132	102	141	86	105	94
0	0	0	0	0	0	0	0	0	0	0	0	0	0	0	0	0	0	0	0	0	0	0	0	0	0	0	0	0	0	0	0	0	0	0	0	0	0	0	0	0	0	0	0	0	0	0	0	0	0	0	0	0	0	0	0	0	0	0	0	0	0	132	135	79	133	58	41	131	162	81	67	173	118	34	80	90	58	86	72	102	136	124	118	86	83	178	86	105	66	112	58	79	68	73	91	65	33	65	147	83	84	88	120	52	79	81	151	76	144	90	186	161	150	126	99	63	160	141	128	54	82	76	26	60	89	150	64
0	0	0	0	0	0	0	0	0	0	0	0	0	0	0	0	0	0	0	0	0	0	0	0	0	0	0	0	0	0	0	0	0	0	0	0	0	0	0	0	0	0	0	0	0	0	0	0	0	0	0	0	0	0	0	0	0	0	0	0	0	0	0	48	5	63	152	51	122	33	169	80	129	134	82	89	95	138	102	109	111	65	63	122	117	103	103	139	174	121	126	70	61	62	141	126	101	118	163	116	86	142	16	71	108	109	152	136	95	105	37	81	45	71	75	14	83	91	111	98	156	81	90	71	88	101	123	129
0	0	0	0	0	0	0	0	0	0	0	0	0	0	0	0	0	0	0	0	0	0	0	0	0	0	0	0	0	0	0	0	0	0	0	0	0	0	0	0	0	0	0	0	0	0	0	0	0	0	0	0	0	0	0	0	0	0	0	0	0	0	0	0	101	123	138	51	169	59	85	137	31	24	68	82	140	61	80	68	99	45	141	159	72	95	74	54	141	110	110	80	60	111	151	17	106	65	109	43	155	86	100	77	24	68	140	148	16	73	128	121	79	70	72	34	131	119	115	110	108	100	144	106	27	155	139	85
0	0	0	0	0	0	0	0	0	0	0	0	0	0	0	0	0	0	0	0	0	0	0	0	0	0	0	0	0	0	0	0	0	0	0	0	0	0	0	0	0	0	0	0	0	0	0	0	0	0	0	0	0	0	0	0	0	0	0	0	0	0	0	0	0	40	60	189	122	101	104	108	166	136	61	125	67	119	93	124	61	73	90	103	100	132	171	77	105	124	59	161	137	127	177	81	83	26	123	104	91	174	131	105	107	83	135	111	59	89	58	64	98	62	105	137	125	66	104	38	111	186	45	67	77	158	51	94
0	0	0	0	0	0	0	0	0	0	0	0	0	0	0	0	0	0	0	0	0	0	0	0	0	0	0	0	0	0	0	0	0	0	0	0	0	0	0	0	0	0	0	0	0	0	0	0	0	0	0	0	0	0	0	0	0	0	0	0	0	0	0	0	0	0	92	124	72	54	143	115	120	142	70	129	57	120	146	92	85	62	94	49	84	80	130	67	108	82	144	133	149	48	84	120	61	139	20	118	65	77	184	54	104	61	63	171	51	96	116	148	151	155	17	148	41	150	99	120	67	153	148	27	96	100	36	172
0	0	0	0	0	0	0	0	0	0	0	0	0	0	0	0	0	0	0	0	0	0	0	0	0	0	0	0	0	0	0	0	0	0	0	0	0	0	0	0	0	0	0	0	0	0	0	0	0	0	0	0	0	0	0	0	0	0	0	0	0	0	0	0	0	0	0	12	146	53	140	109	126	153	53	111	63	82	61	152	109	99	75	61	143	108	64	93	134	93	102	55	22	74	59	174	167	123	68	83	86	147	132	33	68	130	80	75	111	88	77	56	136	144	162	142	147	115	105	137	156	66	104	158	110	20	132	134
0	0	0	0	0	0	0	0	0	0	0	0	0	0	0	0	0	0	0	0	0	0	0	0	0	0	0	0	0	0	0	0	0	0	0	0	0	0	0	0	0	0	0	0	0	0	0	0	0	0	0	0	0	0	0	0	0	0	0	0	0	0	0	0	0	0	0	0	56	118	35	56	81	109	94	65	127	130	52	89	193	123	89	128	130	99	89	180	71	61	15	120	170	163	162	124	60	81	142	36	90	137	151	162	39	81	39	135	121	121	137	99	95	67	128	119	62	129	24	69	28	165	140	135	155	95	159	106
0	0	0	0	0	0	0	0	0	0	0	0	0	0	0	0	0	0	0	0	0	0	0	0	0	0	0	0	0	0	0	0	0	0	0	0	0	0	0	0	0	0	0	0	0	0	0	0	0	0	0	0	0	0	0	0	0	0	0	0	0	0	0	0	0	0	0	0	0	146	173	105	15	91	80	84	102	46	36	57	127	103	64	96	154	81	97	60	38	180	76	92	143	117	32	103	50	31	166	63	119	133	145	61	144	67	88	23	151	176	90	41	144	96	72	109	95	149	157	116	44	133	129	58	38	77	55	150
0	0	0	0	0	0	0	0	0	0	0	0	0	0	0	0	0	0	0	0	0	0	0	0	0	0	0	0	0	0	0	0	0	0	0	0	0	0	0	0	0	0	0	0	0	0	0	0	0	0	0	0	0	0	0	0	0	0	0	0	0	0	0	0	0	0	0	0	0	0	143	87	149	112	125	111	61	181	178	46	96	63	131	39	155	52	50	146	131	100	61	135	41	75	31	53	45	106	25	69	150	156	62	88	113	38	79	91	98	64	38	62	113	156	149	165	124	141	131	132	161	146	104	89	162	85	80	110
0	0	0	0	0	0	0	0	0	0	0	0	0	0	0	0	0	0	0	0	0	0	0	0	0	0	0	0	0	0	0	0	0	0	0	0	0	0	0	0	0	0	0	0	0	0	0	0	0	0	0	0	0	0	0	0	0	0	0	0	0	0	0	0	0	0	0	0	0	0	0	92	118	98	73	150	118	68	155	112	167	62	117	181	77	25	99	91	140	66	176	65	79	88	177	16	70	25	64	67	133	58	5	86	116	56	146	99	95	94	43	133	40	103	129	94	109	90	38	109	113	183	146	36	133	179	69	119
0	0	0	0	0	0	0	0	0	0	0	0	0	0	0	0	0	0	0	0	0	0	0	0	0	0	0	0	0	0	0	0	0	0	0	0	0	0	0	0	0	0	0	0	0	0	0	0	0	0	0	0	0	0	0	0	0	0	0	0	0	0	0	0	0	0	0	0	0	0	0	0	62	107	124	24	101	32	105	47	169	22	121	100	70	165	127	122	80	86	104	134	73	172	105	87	46	162	69	114	168	95	82	112	121	112	65	89	104	183	119	32	51	165	77	74	120	62	70	62	60	187	157	181	98	106	133	104
0	0	0	0	0	0	0	0	0	0	0	0	0	0	0	0	0	0	0	0	0	0	0	0	0	0	0	0	0	0	0	0	0	0	0	0	0	0	0	0	0	0	0	0	0	0	0	0	0	0	0	0	0	0	0	0	0	0	0	0	0	0	0	0	0	0	0	0	0	0	0	0	0	186	47	175	93	179	62	39	116	135	114	117	148	124	81	131	164	126	113	98	119	108	143	41	33	119	85	158	59	104	129	120	150	186	129	26	81	63	52	136	40	27	132	106	84	24	148	134	110	80	126	172	117	145	102	24
0	0	0	0	0	0	0	0	0	0	0	0	0	0	0	0	0	0	0	0	0	0	0	0	0	0	0	0	0	0	0	0	0	0	0	0	0	0	0	0	0	0	0	0	0	0	0	0	0	0	0	0	0	0	0	0	0	0	0	0	0	0	0	0	0	0	0	0	0	0	0	0	0	0	86	79	101	92	134	112	47	82	115	99	140	131	45	186	117	45	76	130	55	3	183	106	127	132	62	163	69	45	73	26	60	18	58	39	132	92	24	142	33	159	55	108	79	124	77	44	75	129	98	34	85	156	76	150
0	0	0	0	0	0	0	0	0	0	0	0	0	0	0	0	0	0	0	0	0	0	0	0	0	0	0	0	0	0	0	0	0	0	0	0	0	0	0	0	0	0	0	0	0	0	0	0	0	0	0	0	0	0	0	0	0	0	0	0	0	0	0	0	0	0	0	0	0	0	0	0	0	0	0	38	178	142	65	136	73	67	115	19	72	88	85	106	146	143	68	57	64	79	117	124	111	102	34	126	40	43	103	23	99	49	71	103	115	148	116	98	9	84	183	119	127	125	133	125	101	155	92	120	64	154	154	130
0	0	0	0	0	0	0	0	0	0	0	0	0	0	0	0	0	0	0	0	0	0	0	0	0	0	0	0	0	0	0	0	0	0	0	0	0	0	0	0	0	0	0	0	0	0	0	0	0	0	0	0	0	0	0	0	0	0	0	0	0	0	0	0	0	0	0	0	0	0	0	0	0	0	0	0	104	132	104	140	12	60	55	119	169	111	71	141	60	119	58	108	156	133	101	165	120	51	98	94	78	145	104	119	128	137	18	130	82	48	172	124	67	82	164	149	108	92	166	183	123	41	168	65	94	103	163	47
0	0	0	0	0	0	0	0	0	0	0	0	0	0	0	0	0	0	0	0	0	0	0	0	0	0	0	0	0	0	0	0	0	0	0	0	0	0	0	0	0	0	0	0	0	0	0	0	0	0	0	0	0	0	0	0	0	0	0	0	0	0	0	0	0	0	0	0	0	0	0	0	0	0	0	0	0	71	175	43	83	118	70	30	81	32	31	113	61	193	127	23	123	125	74	79	166	109	91	93	118	61	109	138	131	108	50	36	108	136	126	88	126	3	108	135	133	28	105	93	98	182	125	167	111	50	122	154
0	0	0	0	0	0	0	0	0	0	0	0	0	0	0	0	0	0	0	0	0	0	0	0	0	0	0	0	0	0	0	0	0	0	0	0	0	0	0	0	0	0	0	0	0	0	0	0	0	0	0	0	0	0	0	0	0	0	0	0	0	0	0	0	0	0	0	0	0	0	0	0	0	0	0	0	0	0	23	31	121	67	68	52	34	129	128	135	168	119	140	28	67	16	105	73	89	65	134	30	155	74	127	123	125	82	146	108	97	65	115	124	58	49	48	163	100	85	52	64	99	123	172	154	81	99	64	116
0	0	0	0	0	0	0	0	0	0	0	0	0	0	0	0	0	0	0	0	0	0	0	0	0	0	0	0	0	0	0	0	0	0	0	0	0	0	0	0	0	0	0	0	0	0	0	0	0	0	0	0	0	0	0	0	0	0	0	0	0	0	0	0	0	0	0	0	0	0	0	0	0	0	0	0	0	0	0	50	99	139	86	163	88	38	101	112	55	44	183	197	108	97	132	95	94	42	165	130	127	187	137	91	90	118	94	106	184	124	130	85	73	105	68	82	88	168	77	154	81	62	54	48	157	65	139	84
0	0	0	0	0	0	0	0	0	0	0	0	0	0	0	0	0	0	0	0	0	0	0	0	0	0	0	0	0	0	0	0	0	0	0	0	0	0	0	0	0	0	0	0	0	0	0	0	0	0	0	0	0	0	0	0	0	0	0	0	0	0	0	0	0	0	0	0	0	0	0	0	0	0	0	0	0	0	0	0	196	125	180	149	117	90	106	18	137	143	173	117	171	129	152	82	94	52	119	38	53	41	124	128	66	165	159	25	92	85	10	137	91	51	70	75	81	85	99	94	109	169	158	83	145	67	133	137
0	0	0	0	0	0	0	0	0	0	0	0	0	0	0	0	0	0	0	0	0	0	0	0	0	0	0	0	0	0	0	0	0	0	0	0	0	0	0	0	0	0	0	0	0	0	0	0	0	0	0	0	0	0	0	0	0	0	0	0	0	0	0	0	0	0	0	0	0	0	0	0	0	0	0	0	0	0	0	0	0	75	94	22	39	166	82	177	88	122	21	131	96	81	98	62	108	125	113	150	118	86	87	128	49	93	81	145	73	148	175	118	170	98	78	63	112	194	149	141	174	140	128	36	174	106	168	192
0	0	0	0	0	0	0	0	0	0	0	0	0	0	0	0	0	0	0	0	0	0	0	0	0	0	0	0	0	0	0	0	0	0	0	0	0	0	0	0	0	0	0	0	0	0	0	0	0	0	0	0	0	0	0	0	0	0	0	0	0	0	0	0	0	0	0	0	0	0	0	0	0	0	0	0	0	0	0	0	0	0	191	81	79	162	91	112	70	80	55	28	77	117	102	105	47	131	135	184	76	177	61	134	149	140	32	79	98	149	81	107	53	116	178	150	97	115	195	149	91	44	84	114	194	135	100	167
0	0	0	0	0	0	0	0	0	0	0	0	0	0	0	0	0	0	0	0	0	0	0	0	0	0	0	0	0	0	0	0	0	0	0	0	0	0	0	0	0	0	0	0	0	0	0	0	0	0	0	0	0	0	0	0	0	0	0	0	0	0	0	0	0	0	0	0	0	0	0	0	0	0	0	0	0	0	0	0	0	0	0	108	132	70	112	138	174	97	123	74	196	110	83	109	175	81	98	142	90	144	7	144	27	139	158	71	72	82	26	57	138	66	125	51	75	75	97	139	115	61	109	89	110	104	39	150
0	0	0	0	0	0	0	0	0	0	0	0	0	0	0	0	0	0	0	0	0	0	0	0	0	0	0	0	0	0	0	0	0	0	0	0	0	0	0	0	0	0	0	0	0	0	0	0	0	0	0	0	0	0	0	0	0	0	0	0	0	0	0	0	0	0	0	0	0	0	0	0	0	0	0	0	0	0	0	0	0	0	0	0	79	124	104	145	6	69	113	194	106	96	116	46	160	146	135	109	95	37	30	91	156	158	39	89	63	143	132	76	108	161	114	149	75	148	99	119	92	106	139	121	120	36	165	62
0	0	0	0	0	0	0	0	0	0	0	0	0	0	0	0	0	0	0	0	0	0	0	0	0	0	0	0	0	0	0	0	0	0	0	0	0	0	0	0	0	0	0	0	0	0	0	0	0	0	0	0	0	0	0	0	0	0	0	0	0	0	0	0	0	0	0	0	0	0	0	0	0	0	0	0	0	0	0	0	0	0	0	0	0	85	137	206	37	118	49	154	86	165	58	175	177	167	153	111	175	95	117	102	132	122	156	103	145	71	178	141	137	97	75	46	103	60	199	183	122	175	147	34	76	181	146	92
0	0	0	0	0	0	0	0	0	0	0	0	0	0	0	0	0	0	0	0	0	0	0	0	0	0	0	0	0	0	0	0	0	0	0	0	0	0	0	0	0	0	0	0	0	0	0	0	0	0	0	0	0	0	0	0	0	0	0	0	0	0	0	0	0	0	0	0	0	0	0	0	0	0	0	0	0	0	0	0	0	0	0	0	0	0	129	145	145	137	187	84	171	119	125	180	80	83	142	126	55	155	122	108	80	185	125	68	141	50	50	177	91	93	180	91	133	186	146	202	203	159	112	65	129	94	109	104
0	0	0	0	0	0	0	0	0	0	0	0	0	0	0	0	0	0	0	0	0	0	0	0	0	0	0	0	0	0	0	0	0	0	0	0	0	0	0	0	0	0	0	0	0	0	0	0	0	0	0	0	0	0	0	0	0	0	0	0	0	0	0	0	0	0	0	0	0	0	0	0	0	0	0	0	0	0	0	0	0	0	0	0	0	0	0	153	107	86	91	122	204	137	198	92	29	114	95	122	156	174	24	141	115	107	97	111	75	144	88	69	127	113	116	129	140	105	89	144	103	104	186	105	119	178	123	139
0	0	0	0	0	0	0	0	0	0	0	0	0	0	0	0	0	0	0	0	0	0	0	0	0	0	0	0	0	0	0	0	0	0	0	0	0	0	0	0	0	0	0	0	0	0	0	0	0	0	0	0	0	0	0	0	0	0	0	0	0	0	0	0	0	0	0	0	0	0	0	0	0	0	0	0	0	0	0	0	0	0	0	0	0	0	0	0	125	80	197	146	160	126	114	186	96	90	88	172	79	190	142	161	142	113	43	147	93	110	111	102	60	94	44	30	78	155	53	70	145	75	139	58	81	55	68	62
0	0	0	0	0	0	0	0	0	0	0	0	0	0	0	0	0	0	0	0	0	0	0	0	0	0	0	0	0	0	0	0	0	0	0	0	0	0	0	0	0	0	0	0	0	0	0	0	0	0	0	0	0	0	0	0	0	0	0	0	0	0	0	0	0	0	0	0	0	0	0	0	0	0	0	0	0	0	0	0	0	0	0	0	0	0	0	0	0	195	145	154	98	169	89	73	143	116	196	66	105	32	129	129	99	141	49	202	114	144	19	132	98	32	163	128	70	140	126	115	131	75	186	23	17	130	157	75
0	0	0	0	0	0	0	0	0	0	0	0	0	0	0	0	0	0	0	0	0	0	0	0	0	0	0	0	0	0	0	0	0	0	0	0	0	0	0	0	0	0	0	0	0	0	0	0	0	0	0	0	0	0	0	0	0	0	0	0	0	0	0	0	0	0	0	0	0	0	0	0	0	0	0	0	0	0	0	0	0	0	0	0	0	0	0	0	0	0	10	65	147	78	197	158	186	160	155	47	39	199	77	154	68	62	179	104	104	131	212	193	97	175	28	144	148	156	87	145	139	144	158	184	88	128	182	46
0	0	0	0	0	0	0	0	0	0	0	0	0	0	0	0	0	0	0	0	0	0	0	0	0	0	0	0	0	0	0	0	0	0	0	0	0	0	0	0	0	0	0	0	0	0	0	0	0	0	0	0	0	0	0	0	0	0	0	0	0	0	0	0	0	0	0	0	0	0	0	0	0	0	0	0	0	0	0	0	0	0	0	0	0	0	0	0	0	0	0	172	41	167	78	156	85	125	151	165	149	132	194	85	185	107	75	126	158	115	65	148	72	126	142	59	55	188	104	107	86	55	11	21	79	81	57	95
0	0	0	0	0	0	0	0	0	0	0	0	0	0	0	0	0	0	0	0	0	0	0	0	0	0	0	0	0	0	0	0	0	0	0	0	0	0	0	0	0	0	0	0	0	0	0	0	0	0	0	0	0	0	0	0	0	0	0	0	0	0	0	0	0	0	0	0	0	0	0	0	0	0	0	0	0	0	0	0	0	0	0	0	0	0	0	0	0	0	0	0	151	129	126	152	159	89	80	119	114	189	87	163	89	136	49	162	92	147	90	102	178	144	128	142	81	116	150	87	164	198	62	100	23	85	64	106
0	0	0	0	0	0	0	0	0	0	0	0	0	0	0	0	0	0	0	0	0	0	0	0	0	0	0	0	0	0	0	0	0	0	0	0	0	0	0	0	0	0	0	0	0	0	0	0	0	0	0	0	0	0	0	0	0	0	0	0	0	0	0	0	0	0	0	0	0	0	0	0	0	0	0	0	0	0	0	0	0	0	0	0	0	0	0	0	0	0	0	0	0	63	94	172	99	111	41	140	64	136	54	132	46	97	37	118	107	50	90	190	99	39	64	125	142	153	145	104	204	82	110	192	105	158	198	182
0	0	0	0	0	0	0	0	0	0	0	0	0	0	0	0	0	0	0	0	0	0	0	0	0	0	0	0	0	0	0	0	0	0	0	0	0	0	0	0	0	0	0	0	0	0	0	0	0	0	0	0	0	0	0	0	0	0	0	0	0	0	0	0	0	0	0	0	0	0	0	0	0	0	0	0	0	0	0	0	0	0	0	0	0	0	0	0	0	0	0	0	0	0	127	202	98	83	91	68	162	78	52	73	97	128	185	157	113	110	159	63	155	157	54	66	117	61	80	104	118	194	167	109	50	115	128	51
0	0	0	0	0	0	0	0	0	0	0	0	0	0	0	0	0	0	0	0	0	0	0	0	0	0	0	0	0	0	0	0	0	0	0	0	0	0	0	0	0	0	0	0	0	0	0	0	0	0	0	0	0	0	0	0	0	0	0	0	0	0	0	0	0	0	0	0	0	0	0	0	0	0	0	0	0	0	0	0	0	0	0	0	0	0	0	0	0	0	0	0	0	0	0	188	189	41	59	59	134	159	179	153	86	165	78	93	60	111	90	100	194	169	105	88	64	75	118	133	208	126	44	178	156	64	131	186
0	0	0	0	0	0	0	0	0	0	0	0	0	0	0	0	0	0	0	0	0	0	0	0	0	0	0	0	0	0	0	0	0	0	0	0	0	0	0	0	0	0	0	0	0	0	0	0	0	0	0	0	0	0	0	0	0	0	0	0	0	0	0	0	0	0	0	0	0	0	0	0	0	0	0	0	0	0	0	0	0	0	0	0	0	0	0	0	0	0	0	0	0	0	0	0	103	140	113	118	147	128	108	198	98	133	114	108	135	9	92	77	103	192	64	139	130	184	76	102	101	140	148	78	118	60	69	154
0	0	0	0	0	0	0	0	0	0	0	0	0	0	0	0	0	0	0	0	0	0	0	0	0	0	0	0	0	0	0	0	0	0	0	0	0	0	0	0	0	0	0	0	0	0	0	0	0	0	0	0	0	0	0	0	0	0	0	0	0	0	0	0	0	0	0	0	0	0	0	0	0	0	0	0	0	0	0	0	0	0	0	0	0	0	0	0	0	0	0	0	0	0	0	0	0	60	177	129	103	98	180	135	180	138	116	131	24	58	40	107	71	114	141	11	141	65	106	74	54	22	165	88	133	79	174	139
0	0	0	0	0	0	0	0	0	0	0	0	0	0	0	0	0	0	0	0	0	0	0	0	0	0	0	0	0	0	0	0	0	0	0	0	0	0	0	0	0	0	0	0	0	0	0	0	0	0	0	0	0	0	0	0	0	0	0	0	0	0	0	0	0	0	0	0	0	0	0	0	0	0	0	0	0	0	0	0	0	0	0	0	0	0	0	0	0	0	0	0	0	0	0	0	0	0	40	67	133	133	214	39	70	137	150	150	59	172	137	87	139	54	82	62	145	111	97	136	86	143	122	192	72	150	174	149
0	0	0	0	0	0	0	0	0	0	0	0	0	0	0	0	0	0	0	0	0	0	0	0	0	0	0	0	0	0	0	0	0	0	0	0	0	0	0	0	0	0	0	0	0	0	0	0	0	0	0	0	0	0	0	0	0	0	0	0	0	0	0	0	0	0	0	0	0	0	0	0	0	0	0	0	0	0	0	0	0	0	0	0	0	0	0	0	0	0	0	0	0	0	0	0	0	0	0	68	128	132	164	132	104	167	157	119	109	129	26	58	110	32	111	34	12	130	168	92	81	128	121	158	172	167	184	115
0	0	0	0	0	0	0	0	0	0	0	0	0	0	0	0	0	0	0	0	0	0	0	0	0	0	0	0	0	0	0	0	0	0	0	0	0	0	0	0	0	0	0	0	0	0	0	0	0	0	0	0	0	0	0	0	0	0	0	0	0	0	0	0	0	0	0	0	0	0	0	0	0	0	0	0	0	0	0	0	0	0	0	0	0	0	0	0	0	0	0	0	0	0	0	0	0	0	0	0	123	70	183	60	109	119	125	161	142	137	162	103	173	189	2	61	122	110	153	85	118	58	114	25	110	120	145	86
0	0	0	0	0	0	0	0	0	0	0	0	0	0	0	0	0	0	0	0	0	0	0	0	0	0	0	0	0	0	0	0	0	0	0	0	0	0	0	0	0	0	0	0	0	0	0	0	0	0	0	0	0	0	0	0	0	0	0	0	0	0	0	0	0	0	0	0	0	0	0	0	0	0	0	0	0	0	0	0	0	0	0	0	0	0	0	0	0	0	0	0	0	0	0	0	0	0	0	0	0	99	186	38	168	81	91	140	126	201	144	101	212	61	25	91	108	123	165	208	80	130	51	136	152	154	56	114
0	0	0	0	0	0	0	0	0	0	0	0	0	0	0	0	0	0	0	0	0	0	0	0	0	0	0	0	0	0	0	0	0	0	0	0	0	0	0	0	0	0	0	0	0	0	0	0	0	0	0	0	0	0	0	0	0	0	0	0	0	0	0	0	0	0	0	0	0	0	0	0	0	0	0	0	0	0	0	0	0	0	0	0	0	0	0	0	0	0	0	0	0	0	0	0	0	0	0	0	0	0	75	70	98	103	95	46	122	110	44	96	113	91	136	174	190	219	171	80	99	130	88	108	162	160	169	38
0	0	0	0	0	0	0	0	0	0	0	0	0	0	0	0	0	0	0	0	0	0	0	0	0	0	0	0	0	0	0	0	0	0	0	0	0	0	0	0	0	0	0	0	0	0	0	0	0	0	0	0	0	0	0	0	0	0	0	0	0	0	0	0	0	0	0	0	0	0	0	0	0	0	0	0	0	0	0	0	0	0	0	0	0	0	0	0	0	0	0	0	0	0	0	0	0	0	0	0	0	0	0	40	229	106	129	79	139	195	125	122	138	205	185	124	112	57	125	66	142	126	206	207	119	130	58	142
0	0	0	0	0	0	0	0	0	0	0	0	0	0	0	0	0	0	0	0	0	0	0	0	0	0	0	0	0	0	0	0	0	0	0	0	0	0	0	0	0	0	0	0	0	0	0	0	0	0	0	0	0	0	0	0	0	0	0	0	0	0	0	0	0	0	0	0	0	0	0	0	0	0	0	0	0	0	0	0	0	0	0	0	0	0	0	0	0	0	0	0	0	0	0	0	0	0	0	0	0	0	0	0	74	148	150	20	83	123	77	98	85	105	118	66	141	60	206	79	206	40	131	95	153	129	73	225
0	0	0	0	0	0	0	0	0	0	0	0	0	0	0	0	0	0	0	0	0	0	0	0	0	0	0	0	0	0	0	0	0	0	0	0	0	0	0	0	0	0	0	0	0	0	0	0	0	0	0	0	0	0	0	0	0	0	0	0	0	0	0	0	0	0	0	0	0	0	0	0	0	0	0	0	0	0	0	0	0	0	0	0	0	0	0	0	0	0	0	0	0	0	0	0	0	0	0	0	0	0	0	0	0	146	102	56	92	132	114	81	110	131	46	107	114	141	213	209	172	70	109	91	69	105	137	63
0	0	0	0	0	0	0	0	0	0	0	0	0	0	0	0	0	0	0	0	0	0	0	0	0	0	0	0	0	0	0	0	0	0	0	0	0	0	0	0	0	0	0	0	0	0	0	0	0	0	0	0	0	0	0	0	0	0	0	0	0	0	0	0	0	0	0	0	0	0	0	0	0	0	0	0	0	0	0	0	0	0	0	0	0	0	0	0	0	0	0	0	0	0	0	0	0	0	0	0	0	0	0	0	0	0	153	137	57	180	121	98	169	102	168	197	93	168	62	152	72	81	129	78	92	192	162	149
0	0	0	0	0	0	0	0	0	0	0	0	0	0	0	0	0	0	0	0	0	0	0	0	0	0	0	0	0	0	0	0	0	0	0	0	0	0	0	0	0	0	0	0	0	0	0	0	0	0	0	0	0	0	0	0	0	0	0	0	0	0	0	0	0	0	0	0	0	0	0	0	0	0	0	0	0	0	0	0	0	0	0	0	0	0	0	0	0	0	0	0	0	0	0	0	0	0	0	0	0	0	0	0	0	0	0	118	51	134	98	42	99	13	134	43	7	185	26	111	124	85	188	206	126	104	50	161
0	0	0	0	0	0	0	0	0	0	0	0	0	0	0	0	0	0	0	0	0	0	0	0	0	0	0	0	0	0	0	0	0	0	0	0	0	0	0	0	0	0	0	0	0	0	0	0	0	0	0	0	0	0	0	0	0	0	0	0	0	0	0	0	0	0	0	0	0	0	0	0	0	0	0	0	0	0	0	0	0	0	0	0	0	0	0	0	0	0	0	0	0	0	0	0	0	0	0	0	0	0	0	0	0	0	0	0	160	79	95	81	69	201	136	177	134	150	176	158	119	185	113	54	115	132	124	104
0	0	0	0	0	0	0	0	0	0	0	0	0	0	0	0	0	0	0	0	0	0	0	0	0	0	0	0	0	0	0	0	0	0	0	0	0	0	0	0	0	0	0	0	0	0	0	0	0	0	0	0	0	0	0	0	0	0	0	0	0	0	0	0	0	0	0	0	0	0	0	0	0	0	0	0	0	0	0	0	0	0	0	0	0	0	0	0	0	0	0	0	0	0	0	0	0	0	0	0	0	0	0	0	0	0	0	0	0	96	109	54	129	163	158	168	189	101	102	146	33	22	65	94	102	88	48	102
0	0	0	0	0	0	0	0	0	0	0	0	0	0	0	0	0	0	0	0	0	0	0	0	0	0	0	0	0	0	0	0	0	0	0	0	0	0	0	0	0	0	0	0	0	0	0	0	0	0	0	0	0	0	0	0	0	0	0	0	0	0	0	0	0	0	0	0	0	0	0	0	0	0	0	0	0	0	0	0	0	0	0	0	0	0	0	0	0	0	0	0	0	0	0	0	0	0	0	0	0	0	0	0	0	0	0	0	0	0	135	141	149	158	104	118	151	106	154	149	222	140	31	226	132	226	93	126
0	0	0	0	0	0	0	0	0	0	0	0	0	0	0	0	0	0	0	0	0	0	0	0	0	0	0	0	0	0	0	0	0	0	0	0	0	0	0	0	0	0	0	0	0	0	0	0	0	0	0	0	0	0	0	0	0	0	0	0	0	0	0	0	0	0	0	0	0	0	0	0	0	0	0	0	0	0	0	0	0	0	0	0	0	0	0	0	0	0	0	0	0	0	0	0	0	0	0	0	0	0	0	0	0	0	0	0	0	0	0	81	129	156	162	103	130	160	88	62	183	173	64	97	62	153	195	189
0	0	0	0	0	0	0	0	0	0	0	0	0	0	0	0	0	0	0	0	0	0	0	0	0	0	0	0	0	0	0	0	0	0	0	0	0	0	0	0	0	0	0	0	0	0	0	0	0	0	0	0	0	0	0	0	0	0	0	0	0	0	0	0	0	0	0	0	0	0	0	0	0	0	0	0	0	0	0	0	0	0	0	0	0	0	0	0	0	0	0	0	0	0	0	0	0	0	0	0	0	0	0	0	0	0	0	0	0	0	0	0	110	148	51	128	168	57	78	155	134	186	222	123	157	114	183	199
0	0	0	0	0	0	0	0	0	0	0	0	0	0	0	0	0	0	0	0	0	0	0	0	0	0	0	0	0	0	0	0	0	0	0	0	0	0	0	0	0	0	0	0	0	0	0	0	0	0	0	0	0	0	0	0	0	0	0	0	0	0	0	0	0	0	0	0	0	0	0	0	0	0	0	0	0	0	0	0	0	0	0	0	0	0	0	0	0	0	0	0	0	0	0	0	0	0	0	0	0	0	0	0	0	0	0	0	0	0	0	0	0	84	161	102	63	183	99	165	189	164	81	137	128	89	95	203
0	0	0	0	0	0	0	0	0	0	0	0	0	0	0	0	0	0	0	0	0	0	0	0	0	0	0	0	0	0	0	0	0	0	0	0	0	0	0	0	0	0	0	0	0	0	0	0	0	0	0	0	0	0	0	0	0	0	0	0	0	0	0	0	0	0	0	0	0	0	0	0	0	0	0	0	0	0	0	0	0	0	0	0	0	0	0	0	0	0	0	0	0	0	0	0	0	0	0	0	0	0	0	0	0	0	0	0	0	0	0	0	0	0	89	129	55	137	108	86	75	198	132	89	148	98	93	29
0	0	0	0	0	0	0	0	0	0	0	0	0	0	0	0	0	0	0	0	0	0	0	0	0	0	0	0	0	0	0	0	0	0	0	0	0	0	0	0	0	0	0	0	0	0	0	0	0	0	0	0	0	0	0	0	0	0	0	0	0	0	0	0	0	0	0	0	0	0	0	0	0	0	0	0	0	0	0	0	0	0	0	0	0	0	0	0	0	0	0	0	0	0	0	0	0	0	0	0	0	0	0	0	0	0	0	0	0	0	0	0	0	0	0	144	202	129	133	210	131	46	135	118	151	138	163	151
0	0	0	0	0	0	0	0	0	0	0	0	0	0	0	0	0	0	0	0	0	0	0	0	0	0	0	0	0	0	0	0	0	0	0	0	0	0	0	0	0	0	0	0	0	0	0	0	0	0	0	0	0	0	0	0	0	0	0	0	0	0	0	0	0	0	0	0	0	0	0	0	0	0	0	0	0	0	0	0	0	0	0	0	0	0	0	0	0	0	0	0	0	0	0	0	0	0	0	0	0	0	0	0	0	0	0	0	0	0	0	0	0	0	0	0	130	70	95	199	77	74	133	179	130	109	93	134
0	0	0	0	0	0	0	0	0	0	0	0	0	0	0	0	0	0	0	0	0	0	0	0	0	0	0	0	0	0	0	0	0	0	0	0	0	0	0	0	0	0	0	0	0	0	0	0	0	0	0	0	0	0	0	0	0	0	0	0	0	0	0	0	0	0	0	0	0	0	0	0	0	0	0	0	0	0	0	0	0	0	0	0	0	0	0	0	0	0	0	0	0	0	0	0	0	0	0	0	0	0	0	0	0	0	0	0	0	0	0	0	0	0	0	0	0	114	126	134	89	176	119	84	226	149	196	50
0	0	0	0	0	0	0	0	0	0	0	0	0	0	0	0	0	0	0	0	0	0	0	0	0	0	0	0	0	0	0	0	0	0	0	0	0	0	0	0	0	0	0	0	0	0	0	0	0	0	0	0	0	0	0	0	0	0	0	0	0	0	0	0	0	0	0	0	0	0	0	0	0	0	0	0	0	0	0	0	0	0	0	0	0	0	0	0	0	0	0	0	0	0	0	0	0	0	0	0	0	0	0	0	0	0	0	0	0	0	0	0	0	0	0	0	0	0	87	213	182	111	179	103	132	121	181	130
0	0	0	0	0	0	0	0	0	0	0	0	0	0	0	0	0	0	0	0	0	0	0	0	0	0	0	0	0	0	0	0	0	0	0	0	0	0	0	0	0	0	0	0	0	0	0	0	0	0	0	0	0	0	0	0	0	0	0	0	0	0	0	0	0	0	0	0	0	0	0	0	0	0	0	0	0	0	0	0	0	0	0	0	0	0	0	0	0	0	0	0	0	0	0	0	0	0	0	0	0	0	0	0	0	0	0	0	0	0	0	0	0	0	0	0	0	0	0	180	77	154	64	48	53	76	80	51
0	0	0	0	0	0	0	0	0	0	0	0	0	0	0	0	0	0	0	0	0	0	0	0	0	0	0	0	0	0	0	0	0	0	0	0	0	0	0	0	0	0	0	0	0	0	0	0	0	0	0	0	0	0	0	0	0	0	0	0	0	0	0	0	0	0	0	0	0	0	0	0	0	0	0	0	0	0	0	0	0	0	0	0	0	0	0	0	0	0	0	0	0	0	0	0	0	0	0	0	0	0	0	0	0	0	0	0	0	0	0	0	0	0	0	0	0	0	0	0	193	47	206	89	134	194	46	78
0	0	0	0	0	0	0	0	0	0	0	0	0	0	0	0	0	0	0	0	0	0	0	0	0	0	0	0	0	0	0	0	0	0	0	0	0	0	0	0	0	0	0	0	0	0	0	0	0	0	0	0	0	0	0	0	0	0	0	0	0	0	0	0	0	0	0	0	0	0	0	0	0	0	0	0	0	0	0	0	0	0	0	0	0	0	0	0	0	0	0	0	0	0	0	0	0	0	0	0	0	0	0	0	0	0	0	0	0	0	0	0	0	0	0	0	0	0	0	0	0	117	78	127	19	201	111	160
0	0	0	0	0	0	0	0	0	0	0	0	0	0	0	0	0	0	0	0	0	0	0	0	0	0	0	0	0	0	0	0	0	0	0	0	0	0	0	0	0	0	0	0	0	0	0	0	0	0	0	0	0	0	0	0	0	0	0	0	0	0	0	0	0	0	0	0	0	0	0	0	0	0	0	0	0	0	0	0	0	0	0	0	0	0	0	0	0	0	0	0	0	0	0	0	0	0	0	0	0	0	0	0	0	0	0	0	0	0	0	0	0	0	0	0	0	0	0	0	0	0	95	71	162	147	115	167
0	0	0	0	0	0	0	0	0	0	0	0	0	0	0	0	0	0	0	0	0	0	0	0	0	0	0	0	0	0	0	0	0	0	0	0	0	0	0	0	0	0	0	0	0	0	0	0	0	0	0	0	0	0	0	0	0	0	0	0	0	0	0	0	0	0	0	0	0	0	0	0	0	0	0	0	0	0	0	0	0	0	0	0	0	0	0	0	0	0	0	0	0	0	0	0	0	0	0	0	0	0	0	0	0	0	0	0	0	0	0	0	0	0	0	0	0	0	0	0	0	0	0	109	184	69	78	75
0	0	0	0	0	0	0	0	0	0	0	0	0	0	0	0	0	0	0	0	0	0	0	0	0	0	0	0	0	0	0	0	0	0	0	0	0	0	0	0	0	0	0	0	0	0	0	0	0	0	0	0	0	0	0	0	0	0	0	0	0	0	0	0	0	0	0	0	0	0	0	0	0	0	0	0	0	0	0	0	0	0	0	0	0	0	0	0	0	0	0	0	0	0	0	0	0	0	0	0	0	0	0	0	0	0	0	0	0	0	0	0	0	0	0	0	0	0	0	0	0	0	0	0	175	201	76	35
0	0	0	0	0	0	0	0	0	0	0	0	0	0	0	0	0	0	0	0	0	0	0	0	0	0	0	0	0	0	0	0	0	0	0	0	0	0	0	0	0	0	0	0	0	0	0	0	0	0	0	0	0	0	0	0	0	0	0	0	0	0	0	0	0	0	0	0	0	0	0	0	0	0	0	0	0	0	0	0	0	0	0	0	0	0	0	0	0	0	0	0	0	0	0	0	0	0	0	0	0	0	0	0	0	0	0	0	0	0	0	0	0	0	0	0	0	0	0	0	0	0	0	0	0	218	149	39
0	0	0	0	0	0	0	0	0	0	0	0	0	0	0	0	0	0	0	0	0	0	0	0	0	0	0	0	0	0	0	0	0	0	0	0	0	0	0	0	0	0	0	0	0	0	0	0	0	0	0	0	0	0	0	0	0	0	0	0	0	0	0	0	0	0	0	0	0	0	0	0	0	0	0	0	0	0	0	0	0	0	0	0	0	0	0	0	0	0	0	0	0	0	0	0	0	0	0	0	0	0	0	0	0	0	0	0	0	0	0	0	0	0	0	0	0	0	0	0	0	0	0	0	0	0	186	82
0	0	0	0	0	0	0	0	0	0	0	0	0	0	0	0	0	0	0	0	0	0	0	0	0	0	0	0	0	0	0	0	0	0	0	0	0	0	0	0	0	0	0	0	0	0	0	0	0	0	0	0	0	0	0	0	0	0	0	0	0	0	0	0	0	0	0	0	0	0	0	0	0	0	0	0	0	0	0	0	0	0	0	0	0	0	0	0	0	0	0	0	0	0	0	0	0	0	0	0	0	0	0	0	0	0	0	0	0	0	0	0	0	0	0	0	0	0	0	0	0	0	0	0	0	0	0	211
0	0	0	0	0	0	0	0	0	0	0	0	0	0	0	0	0	0	0	0	0	0	0	0	0	0	0	0	0	0	0	0	0	0	0	0	0	0	0	0	0	0	0	0	0	0	0	0	0	0	0	0	0	0	0	0	0	0	0	0	0	0	0	0	0	0	0	0	0	0	0	0	0	0	0	0	0	0	0	0	0	0	0	0	0	0	0	0	0	0	0	0	0	0	0	0	0	0	0	0	0	0	0	0	0	0	0	0	0	0	0	0	0	0	0	0	0	0	0	0	0	0	0	0	0	0	0	0