0	9	9	59	84	55	54	74	125	38	21	32	2	71	29	83	44	7	58	42	67	113	98	31	108	18	112	46	75	58	15	45	36	56	55	20	17	38	81	36	16	74	23	129	99	44	20	124	42	20	53	9	17	125	107	34	107	127	4	44	90	49	50	47	93	33	50	98	89	18	76	34	57	100	123	54	18	14	67	121	6	13	69	25	112	82	68	67	42	50	106	42	80	94	67	95	3	67	23	47	78	18	88	62	104	30	41	94	80	86	76	70	16	71	76	26	97	10	2	115	75	92	17	124	65	14	68	38
0	0	117	60	104	116	94	36	11	96	17	68	38	56	22	40	104	110	22	95	64	50	102	5	42	18	105	51	17	77	2	65	104	126	22	50	4	78	66	126	16	86	4	31	16	99	123	102	15	122	31	109	111	121	8	87	128	85	31	85	89	62	113	57	24	85	25	63	114	35	70	107	16	90	62	66	94	68	20	89	72	69	86	70	18	73	71	91	91	49	32	13	3	110	54	92	80	92	30	62	29	96	51	74	49	100	65	64	19	72	36	112	104	64	71	13	55	71	91	114	8	112	59	125	88	84	118	83
0	0	0	82	56	116	17	106	118	19	114	78	125	36	124	98	14	104	61	106	50	128	77	55	113	113	11	25	115	4	23	107	96	94	33	84	92	18	67	108	116	59	110	10	93	3	50	46	78	67	117	69	111	51	111	106	123	7	19	66	42	37	54	53	116	68	78	107	93	52	39	74	40	62	42	32	82	17	38	77	20	39	21	87	66	6	99	24	60	106	59	47	75	104	58	54	124	67	123	43	129	99	56	16	51	84	5	7	109	32	97	3	11	29	130	58	19	55	95	23	59	125	86	19	84	21	93	85
0	0	0	0	68	79	87	46	94	125	50	92	78	124	121	91	49	56	95	101	23	7	101	85	36	84	30	78	118	96	10	101	107	9	7	7	104	56	72	46	13	28	105	60	88	20	56	94	109	71	93	97	7	78	110	38	121	112	21	39	48	31	54	105	70	6	18	87	12	92	16	130	28	92	68	30	49	75	16	105	21	116	107	65	15	100	95	47	119	52	29	30	128	70	97	33	78	57	121	74	113	120	106	48	102	30	49	45	27	77	73	78	113	22	57	116	130	63	11	114	97	86	72	37	61	39	100	107
0	0	0	0	0	6	60	106	14	68	32	85	132	6	48	117	34	97	13	11	112	9	10	22	43	22	66	111	32	117	90	115	50	7	99	79	61	71	34	14	67	106	122	19	113	61	128	79	81	103	67	92	17	24	111	83	58	64	23	58	68	76	98	37	29	63	61	53	31	35	92	12	109	66	115	126	32	71	90	68	33	18	89	78	30	125	87	64	50	14	66	59	122	21	27	68	101	114	125	84	81	35	51	77	107	120	71	33	74	101	71	114	116	109	88	36	51	65	108	31	87	122	114	65	75	123	76	13
0	0	0	0	0	0	73	20	65	65	127	73	21	92	56	86	118	82	47	22	126	20	101	96	49	47	28	23	78	122	96	39	116	119	117	115	26	20	99	77	82	11	13	119	39	23	3	27	40	123	41	127	7	115	108	104	96	21	53	101	38	35	101	50	97	75	20	22	10	48	81	84	125	116	22	86	11	82	87	107	111	42	27	18	71	89	7	131	18	83	18	38	128	24	21	121	65	48	58	35	47	130	54	124	34	55	108	10	42	47	64	85	110	97	86	96	104	96	15	42	123	44	77	96	120	5	26	78
0	0	0	0	0	0	0	32	32	79	8	80	24	98	126	112	12	65	118	102	88	76	95	132	120	55	112	72	48	20	88	125	24	44	124	58	103	32	59	58	43	100	13	34	5	124	126	107	15	70	100	34	12	105	13	93	62	59	20	130	74	80	35	29	81	54	73	50	68	78	49	51	66	131	119	134	97	22	48	66	63	44	122	96	59	122	28	99	81	132	9	121	117	45	105	96	24	115	18	15	15	116	108	101	30	70	38	35	81	68	55	61	59	60	15	128	25	63	83	69	101	6	63	97	116	113	41	70
0	0	0	0	0	0	0	0	46	63	89	99	26	25	40	96	107	59	55	67	73	65	5	116	38	32	60	29	100	19	53	59	66	13	115	41	50	127	91	63	106	42	54	106	61	116	32	117	49	90	31	62	125	66	109	100	31	14	42	112	121	20	47	86	90	104	39	22	67	121	30	48	70	88	6	94	99	55	98	20	42	80	95	30	125	14	102	116	18	47	98	71	68	114	107	91	26	15	94	65	118	130	21	115	91	99	85	58	77	79	40	41	49	95	19	9	23	117	111	8	39	83	96	69	88	18	115	26
0	0	0	0	0	0	0	0	0	30	36	131	131	74	48	114	9	12	24	98	15	41	35	31	133	12	71	91	90	108	111	13	17	11	113	120	105	72	14	79	23	89	42	57	129	134	78	75	94	96	74	57	53	125	81	18	132	113	48	8	32	84	103	135	16	53	49	68	12	27	35	59	57	5	105	11	76	50	124	56	102	121	87	41	72	59	100	37	32	127	72	107	43	101	38	119	45	86	83	83	60	59	45	28	80	20	35	122	117	97	54	17	95	115	81	103	102	11	117	10	101	96	106	90	50	40	128	80
0	0	0	0	0	0	0	0	0	0	8	45	26	129	20	38	81	7	89	6	126	26	28	11	48	96	120	87	28	65	129	104	40	7	57	72	129	80	69	76	71	36	80	37	129	110	92	11	67	90	99	42	120	44	130	37	69	81	91	84	13	44	81	51	99	101	8	119	75	117	14	89	109	55	85	84	35	42	96	108	65	104	22	78	19	58	20	22	124	72	78	96	132	121	100	111	137	35	60	116	100	82	59	41	46	39	73	39	122	48	115	74	75	105	115	40	88	79	11	108	61	68	100	52	42	129	72	80
0	0	0	0	0	0	0	0	0	0	0	15	129	8	38	6	36	62	69	35	53	92	73	50	124	129	108	40	76	78	105	18	89	61	60	96	14	114	128	89	71	31	97	13	20	7	20	109	120	37	63	119	18	37	53	98	94	30	20	65	103	19	71	75	25	105	50	50	134	87	65	23	20	115	116	106	63	34	87	74	116	34	115	105	44	127	84	12	46	67	13	93	99	56	56	37	38	47	118	59	21	109	77	36	134	119	36	16	67	68	38	82	95	43	68	47	75	136	47	58	72	112	83	98	59	82	26	109
0	0	0	0	0	0	0	0	0	0	0	0	67	133	99	13	70	14	14	76	43	77	126	35	135	34	85	18	129	69	49	75	126	100	62	72	76	124	65	37	121	34	106	35	110	81	127	109	42	17	50	105	113	119	14	109	38	105	94	133	129	104	101	25	53	18	70	125	72	87	71	95	50	55	53	128	85	85	110	69	14	99	92	14	37	109	61	131	119	126	66	128	66	83	71	39	29	50	108	117	38	66	63	89	84	43	16	12	131	84	56	10	39	80	18	81	127	135	50	81	95	89	103	93	27	90	36	48
0	0	0	0	0	0	0	0	0	0	0	0	0	60	13	25	94	109	107	27	15	53	89	35	56	13	108	90	117	113	92	112	32	49	5	12	65	63	52	131	60	107	20	67	120	35	58	51	18	47	69	55	81	124	78	21	28	98	93	43	19	121	81	87	12	92	44	49	112	128	107	136	117	105	15	62	49	57	127	105	126	34	31	19	115	61	25	77	124	25	87	48	33	79	54	46	69	82	82	84	64	87	58	34	81	7	22	62	44	79	13	35	8	71	10	10	113	120	53	72	33	98	115	36	24	94	109	13
0	0	0	0	0	0	0	0	0	0	0	0	0	0	50	107	20	124	6	118	127	47	94	49	76	92	68	99	69	90	123	59	55	128	56	4	100	76	100	84	98	49	87	73	79	106	60	107	82	7	42	44	109	101	69	98	64	67	22	60	119	73	121	69	29	94	95	109	93	47	24	97	114	67	128	132	119	89	34	87	30	24	97	13	57	121	92	38	19	136	120	40	91	56	91	105	122	105	57	41	26	80	111	74	41	61	23	96	110	27	125	120	46	19	110	119	57	5	71	34	75	62	71	21	100	133	84	118
0	0	0	0	0	0	0	0	0	0	0	0	0	0	0	134	106	106	66	32	66	58	24	90	18	78	67	116	88	34	85	44	104	46	80	99	17	130	30	8	83	125	30	126	55	67	32	95	46	86	9	100	9	116	27	77	58	18	101	129	41	63	71	96	51	53	24	111	50	10	92	43	54	9	28	77	97	35	77	51	100	28	86	96	23	84	71	117	124	129	85	40	18	108	125	106	55	87	23	39	29	53	79	143	27	102	69	139	53	107	113	112	31	59	139	77	106	132	53	106	52	18	97	24	13	95	92	93
0	0	0	0	0	0	0	0	0	0	0	0	0	0	0	0	94	33	88	24	129	106	23	134	34	24	31	114	33	47	114	103	93	88	109	73	99	20	37	127	15	127	22	80	135	65	112	123	113	99	67	58	116	26	9	131	60	5	33	102	17	124	62	124	73	87	92	62	90	81	48	94	48	28	18	131	5	24	58	51	88	116	66	38	22	133	69	104	92	97	129	75	41	79	74	72	27	47	117	60	70	37	75	17	69	87	20	99	91	17	70	113	88	81	79	141	18	88	88	62	65	49	80	121	88	123	74	77
0	0	0	0	0	0	0	0	0	0	0	0	0	0	0	0	0	59	32	140	117	114	81	83	101	36	76	134	130	72	114	85	28	69	94	116	54	38	103	44	102	48	101	10	22	126	24	87	57	49	92	140	93	76	74	63	135	98	122	27	50	102	54	30	55	5	124	37	21	110	21	126	96	32	71	127	89	108	101	129	82	70	20	86	19	134	28	22	22	31	127	21	38	74	100	89	83	24	140	51	53	70	57	16	133	114	75	85	126	125	44	113	58	38	22	123	70	30	134	107	27	43	95	83	89	119	65	38
0	0	0	0	0	0	0	0	0	0	0	0	0	0	0	0	0	0	121	18	27	90	44	127	96	29	92	88	60	123	138	77	94	44	89	120	72	82	115	113	129	112	28	115	98	81	123	50	105	16	72	67	65	72	93	126	16	102	135	27	135	22	33	21	30	14	17	128	40	102	46	42	128	62	51	137	106	91	130	80	102	34	62	40	21	114	65	141	19	111	48	121	117	123	104	53	113	87	77	84	135	97	95	33	133	117	12	62	33	121	92	93	57	135	13	44	99	30	133	61	66	35	93	23	135	100	48	127
0	0	0	0	0	0	0	0	0	0	0	0	0	0	0	0	0	0	0	21	21	105	24	130	98	24	116	75	72	32	140	43	133	89	45	97	91	113	123	50	82	82	59	116	5	91	54	6	114	56	66	8	111	31	41	32	74	9	34	56	63	91	141	92	60	118	129	119	26	49	49	85	120	123	108	84	48	70	31	47	55	30	50	53	5	8	106	123	48	24	51	107	83	24	29	26	120	86	72	42	29	25	116	130	93	67	91	78	89	105	63	66	121	127	118	28	76	71	121	69	66	95	70	43	10	69	138	40
0	0	0	0	0	0	0	0	0	0	0	0	0	0	0	0	0	0	0	0	137	112	113	85	16	33	75	116	6	68	78	51	77	59	44	65	38	66	111	52	140	78	136	80	26	84	20	108	15	99	36	78	85	125	4	29	62	44	56	12	101	12	81	53	45	98	66	74	81	19	11	25	12	48	59	100	61	58	127	141	60	76	103	41	73	74	137	73	27	25	107	66	100	101	49	80	57	52	89	107	99	13	137	53	128	116	45	100	143	18	67	126	43	131	123	24	85	40	63	96	99	96	5	55	49	33	32	94
0	0	0	0	0	0	0	0	0	0	0	0	0	0	0	0	0	0	0	0	0	66	30	84	95	95	33	67	67	13	68	45	52	108	31	48	24	54	21	29	70	73	38	59	114	90	61	147	97	48	100	31	49	73	20	121	90	140	70	24	86	96	141	44	61	122	87	39	123	74	79	55	131	119	50	50	33	116	142	18	42	111	32	107	55	115	64	92	94	107	110	41	92	95	49	126	52	125	137	4	129	73	99	48	118	23	116	77	106	37	34	72	16	83	72	37	33	39	131	73	118	11	15	124	39	109	20	29
0	0	0	0	0	0	0	0	0	0	0	0	0	0	0	0	0	0	0	0	0	0	96	88	79	123	69	134	133	106	117	122	124	33	63	125	95	89	44	57	139	48	29	90	56	93	144	131	56	130	18	58	85	25	95	121	38	52	28	52	25	132	69	75	22	66	79	73	91	134	96	36	59	107	46	55	36	54	108	84	47	111	29	43	107	54	130	36	84	109	104	108	10	13	94	123	33	31	78	137	58	15	36	136	69	30	62	101	137	141	46	105	78	108	134	120	105	65	128	143	56	16	21	31	106	71	89	94
0	0	0	0	0	0	0	0	0	0	0	0	0	0	0	0	0	0	0	0	0	0	0	136	52	42	124	7	62	53	115	54	101	97	57	109	115	23	68	90	130	101	31	124	65	74	101	23	14	24	117	107	9	13	80	102	15	60	54	80	111	76	58	112	94	33	110	25	71	78	120	8	55	139	28	130	101	64	105	50	93	35	104	97	107	102	99	46	85	96	82	132	36	33	57	31	33	116	70	113	135	60	83	67	6	44	22	69	100	40	20	90	119	78	86	18	115	63	52	66	52	111	64	133	70	139	131	38
0	0	0	0	0	0	0	0	0	0	0	0	0	0	0	0	0	0	0	0	0	0	0	0	106	73	40	131	52	137	4	6	110	120	137	117	74	8	117	74	60	135	140	117	93	11	133	109	114	84	86	120	71	126	93	57	131	55	68	115	74	95	50	108	65	43	106	38	110	60	20	113	121	83	24	91	13	105	76	60	102	103	101	53	59	119	135	102	83	56	84	13	47	15	144	44	55	65	90	99	22	37	40	122	91	119	32	114	115	7	47	92	120	32	38	70	84	58	71	23	111	90	36	127	135	82	52	93
0	0	0	0	0	0	0	0	0	0	0	0	0	0	0	0	0	0	0	0	0	0	0	0	0	21	57	113	17	19	13	66	31	59	108	46	56	51	65	119	44	73	48	123	50	37	78	127	69	116	36	31	45	30	90	44	35	72	133	99	110	111	57	48	28	35	31	141	74	143	105	111	39	30	52	77	23	137	93	146	127	134	93	124	60	22	19	67	48	139	127	99	34	51	134	82	42	47	121	142	79	72	48	90	71	108	106	41	130	56	80	138	21	142	82	106	39	54	77	113	93	135	84	43	143	96	76	102
0	0	0	0	0	0	0	0	0	0	0	0	0	0	0	0	0	0	0	0	0	0	0	0	0	0	22	51	130	67	77	93	70	56	58	129	47	72	50	35	47	98	41	80	92	146	70	74	126	40	50	123	38	23	103	137	139	62	133	47	66	141	74	32	109	35	41	71	91	53	111	29	122	109	131	133	56	77	55	63	62	26	39	95	150	37	58	100	90	129	101	64	96	134	112	58	28	129	65	121	95	45	69	123	109	123	59	28	80	104	48	85	135	14	113	36	121	132	94	92	115	23	82	118	96	13	134	144
0	0	0	0	0	0	0	0	0	0	0	0	0	0	0	0	0	0	0	0	0	0	0	0	0	0	0	106	74	103	88	90	104	114	46	116	119	60	64	96	27	115	100	84	31	101	137	65	42	17	68	15	120	110	10	16	129	88	35	137	15	73	67	101	62	142	110	41	129	120	28	121	83	101	51	118	89	113	57	15	120	97	115	101	70	105	55	75	46	40	92	135	75	37	64	55	50	84	106	115	113	25	111	76	41	32	40	57	85	126	105	86	110	113	28	88	139	106	28	116	70	107	47	99	144	68	97	150
0	0	0	0	0	0	0	0	0	0	0	0	0	0	0	0	0	0	0	0	0	0	0	0	0	0	0	0	105	13	105	62	56	91	148	80	55	15	49	53	41	47	150	38	137	110	58	72	100	17	83	121	114	45	47	63	66	146	67	94	20	84	29	84	86	87	20	33	32	93	114	36	118	109	87	142	109	127	28	31	87	50	128	102	21	67	114	48	39	23	43	53	116	84	43	141	132	38	43	154	141	76	17	101	41	123	76	103	79	64	108	49	125	38	128	120	22	33	27	49	131	78	62	29	91	31	106	86
0	0	0	0	0	0	0	0	0	0	0	0	0	0	0	0	0	0	0	0	0	0	0	0	0	0	0	0	0	136	97	107	127	15	97	133	110	33	126	117	141	78	129	155	21	18	29	45	88	133	66	87	74	75	122	62	109	42	78	37	27	63	85	83	70	51	94	39	20	32	123	140	41	130	89	39	31	95	58	82	143	102	122	123	103	29	26	29	108	81	101	56	109	120	32	58	23	84	24	70	24	46	133	146	101	99	85	98	106	28	32	114	68	73	49	57	71	28	59	33	125	94	154	49	94	72	58	136
0	0	0	0	0	0	0	0	0	0	0	0	0	0	0	0	0	0	0	0	0	0	0	0	0	0	0	0	0	0	46	112	31	65	64	131	64	47	134	25	103	79	102	56	52	34	74	63	16	139	24	31	83	122	83	107	122	110	119	16	86	86	121	125	116	138	130	122	71	121	111	14	112	54	34	133	80	29	37	23	74	52	60	42	132	120	70	151	51	37	127	141	52	77	67	50	113	31	64	68	113	77	95	124	121	101	127	29	67	96	88	45	41	129	68	35	26	40	33	70	144	39	76	87	76	45	126	13
0	0	0	0	0	0	0	0	0	0	0	0	0	0	0	0	0	0	0	0	0	0	0	0	0	0	0	0	0	0	0	100	84	131	116	69	87	108	25	57	61	134	69	82	56	37	115	40	131	83	23	93	57	71	63	88	13	135	102	41	51	42	45	127	39	43	29	98	64	105	115	52	36	44	11	123	61	45	59	126	62	22	48	132	41	39	75	131	102	32	65	37	56	44	134	10	89	121	130	61	38	157	34	37	149	108	99	95	94	123	37	55	88	41	16	31	47	58	48	117	135	128	142	51	61	106	134	111
0	0	0	0	0	0	0	0	0	0	0	0	0	0	0	0	0	0	0	0	0	0	0	0	0	0	0	0	0	0	0	0	124	131	21	102	105	76	97	127	82	67	85	74	20	109	48	27	116	123	92	69	83	87	50	70	113	14	57	116	88	58	56	56	61	29	46	77	49	133	89	55	84	31	141	28	28	112	65	37	42	56	77	124	90	99	27	119	54	114	138	33	26	42	54	81	102	97	122	71	105	78	48	87	84	90	118	120	132	148	16	130	111	146	82	15	121	54	96	21	110	58	129	65	152	58	18	60
0	0	0	0	0	0	0	0	0	0	0	0	0	0	0	0	0	0	0	0	0	0	0	0	0	0	0	0	0	0	0	0	0	43	103	110	82	122	130	97	20	103	38	138	50	57	65	99	114	134	135	107	98	92	10	41	97	23	121	106	43	127	73	79	17	93	68	54	91	144	107	56	29	44	108	133	39	55	83	138	140	69	154	107	86	59	88	28	134	43	86	90	130	79	132	38	129	118	68	134	67	48	36	15	69	125	42	103	63	62	62	50	34	80	155	110	71	49	91	90	112	29	28	97	124	149	106	126
0	0	0	0	0	0	0	0	0	0	0	0	0	0	0	0	0	0	0	0	0	0	0	0	0	0	0	0	0	0	0	0	0	0	112	102	153	95	56	89	77	87	102	140	116	127	70	98	116	77	75	23	126	23	138	26	128	104	133	50	138	56	71	117	146	73	124	122	42	130	104	34	27	92	122	61	101	53	60	37	66	122	62	62	66	106	143	5	108	97	24	97	97	25	52	40	103	42	83	148	134	63	41	86	83	30	63	85	54	67	45	141	91	113	136	114	125	97	70	60	69	65	102	101	98	82	71	145
0	0	0	0	0	0	0	0	0	0	0	0	0	0	0	0	0	0	0	0	0	0	0	0	0	0	0	0	0	0	0	0	0	0	0	148	43	117	62	43	112	85	92	96	73	122	64	132	119	66	77	102	27	111	139	119	110	104	93	114	62	94	71	121	94	94	131	39	57	159	92	131	87	41	134	125	110	57	144	23	68	81	142	95	20	34	32	57	109	92	98	68	147	85	65	149	102	34	64	91	12	32	121	100	113	33	137	52	111	41	46	38	102	74	41	13	87	54	27	93	142	51	80	60	129	124	49	91
0	0	0	0	0	0	0	0	0	0	0	0	0	0	0	0	0	0	0	0	0	0	0	0	0	0	0	0	0	0	0	0	0	0	0	0	136	58	83	47	137	103	159	80	14	158	34	99	49	129	75	92	137	118	87	85	53	127	97	90	73	78	68	46	123	144	121	124	90	38	115	122	151	73	127	93	75	43	61	92	65	53	97	157	110	126	40	45	73	32	124	80	157	63	42	76	108	117	106	82	55	39	75	74	133	113	101	24	149	138	119	136	30	71	20	112	157	162	99	127	74	94	98	60	87	49	71	54
0	0	0	0	0	0	0	0	0	0	0	0	0	0	0	0	0	0	0	0	0	0	0	0	0	0	0	0	0	0	0	0	0	0	0	0	0	91	76	110	22	31	43	96	89	126	46	125	64	107	65	57	47	132	50	137	43	42	102	20	93	57	21	80	18	27	92	103	72	58	117	103	125	130	106	42	117	115	39	144	66	114	71	116	71	26	99	41	100	44	126	56	92	76	107	96	114	21	126	49	111	29	26	74	20	139	109	89	124	82	148	50	33	119	95	27	145	47	121	31	50	54	109	138	29	67	86	149
0	0	0	0	0	0	0	0	0	0	0	0	0	0	0	0	0	0	0	0	0	0	0	0	0	0	0	0	0	0	0	0	0	0	0	0	0	0	128	144	110	157	142	41	62	106	48	24	60	115	93	166	67	10	56	125	128	82	121	148	71	55	140	61	150	103	40	25	151	64	123	122	87	88	133	123	53	60	96	29	33	145	156	117	85	57	146	108	99	14	31	131	129	111	26	95	46	103	114	147	24	107	88	117	147	66	27	91	86	75	107	13	62	140	150	128	71	103	21	58	64	73	71	116	113	58	152	6
0	0	0	0	0	0	0	0	0	0	0	0	0	0	0	0	0	0	0	0	0	0	0	0	0	0	0	0	0	0	0	0	0	0	0	0	0	0	0	67	50	51	114	63	68	140	88	75	128	46	84	138	142	63	119	123	146	156	82	19	110	98	67	85	34	81	98	24	95	22	66	138	153	127	96	52	33	59	68	69	156	129	150	133	36	133	74	111	129	101	62	58	18	25	67	121	146	68	104	30	142	60	116	68	46	152	29	37	87	122	96	91	133	120	141	24	39	58	59	122	105	110	42	35	64	53	22	109
0	0	0	0	0	0	0	0	0	0	0	0	0	0	0	0	0	0	0	0	0	0	0	0	0	0	0	0	0	0	0	0	0	0	0	0	0	0	0	0	68	98	67	50	65	100	85	108	44	55	97	104	104	89	77	37	124	53	81	68	36	30	22	107	33	139	111	154	149	115	41	110	124	54	74	36	95	24	143	26	99	73	41	135	108	2	64	137	79	150	77	100	95	50	102	70	132	114	82	37	53	154	74	119	49	91	63	63	133	133	115	125	10	48	122	58	57	56	116	13	4	9	154	33	69	37	102	58
0	0	0	0	0	0	0	0	0	0	0	0	0	0	0	0	0	0	0	0	0	0	0	0	0	0	0	0	0	0	0	0	0	0	0	0	0	0	0	0	0	118	89	151	128	106	34	82	64	21	124	63	110	70	103	156	129	109	76	29	96	67	36	125	134	19	93	117	65	33	108	156	138	40	149	128	87	66	105	112	74	48	28	76	43	121	50	60	147	31	33	32	48	32	152	59	130	140	70	134	125	64	79	71	60	81	20	149	75	128	101	78	77	101	86	73	99	148	114	69	142	110	82	56	109	137	71	73
0	0	0	0	0	0	0	0	0	0	0	0	0	0	0	0	0	0	0	0	0	0	0	0	0	0	0	0	0	0	0	0	0	0	0	0	0	0	0	0	0	0	56	54	92	135	79	107	32	46	72	134	81	73	70	123	68	134	19	79	92	120	73	110	132	122	127	123	95	29	158	43	69	111	53	95	110	113	115	36	59	92	138	54	93	104	107	143	110	74	78	100	148	137	96	115	72	112	55	131	101	10	94	82	98	72	15	70	125	132	114	143	30	37	111	88	42	31	141	67	89	33	106	61	91	68	75	39
0	0	0	0	0	0	0	0	0	0	0	0	0	0	0	0	0	0	0	0	0	0	0	0	0	0	0	0	0	0	0	0	0	0	0	0	0	0	0	0	0	0	0	140	90	51	40	46	71	109	61	110	137	72	150	143	91	132	36	56	134	81	61	126	60	81	38	124	64	124	83	27	144	154	34	88	58	129	136	110	116	65	49	112	138	123	78	72	104	105	125	61	84	149	122	72	116	84	130	22	116	85	22	105	67	23	162	37	132	76	60	26	54	119	117	165	51	108	51	85	142	139	26	86	155	44	75	52
0	0	0	0	0	0	0	0	0	0	0	0	0	0	0	0	0	0	0	0	0	0	0	0	0	0	0	0	0	0	0	0	0	0	0	0	0	0	0	0	0	0	0	0	90	123	125	53	155	26	101	71	110	157	73	34	83	150	27	138	26	105	114	120	15	27	70	116	113	166	113	80	46	148	40	133	126	86	154	151	163	64	59	84	28	77	46	88	30	83	24	164	62	60	55	137	58	66	139	99	90	13	68	169	4	77	45	122	104	14	54	46	133	66	102	90	82	27	125	154	139	94	88	91	85	17	106	11
0	0	0	0	0	0	0	0	0	0	0	0	0	0	0	0	0	0	0	0	0	0	0	0	0	0	0	0	0	0	0	0	0	0	0	0	0	0	0	0	0	0	0	0	0	58	83	145	56	80	120	35	23	70	130	137	55	42	142	99	137	77	122	70	102	26	103	102	90	30	134	159	57	66	126	25	145	20	5	172	80	136	169	144	89	117	76	95	129	106	62	53	75	84	86	91	149	67	111	138	97	57	77	93	131	51	33	123	97	129	126	17	64	95	88	122	121	33	64	33	81	39	138	84	114	162	109	135
0	0	0	0	0	0	0	0	0	0	0	0	0	0	0	0	0	0	0	0	0	0	0	0	0	0	0	0	0	0	0	0	0	0	0	0	0	0	0	0	0	0	0	0	0	0	117	45	92	34	78	103	85	140	163	85	54	65	16	74	17	43	161	123	128	128	116	52	24	145	96	36	106	101	95	131	148	69	67	124	137	84	136	151	141	109	55	98	51	87	81	117	143	33	99	80	90	117	53	113	145	76	144	91	46	64	111	108	125	92	149	27	142	142	64	49	97	51	46	127	29	55	71	39	119	69	131	91
0	0	0	0	0	0	0	0	0	0	0	0	0	0	0	0	0	0	0	0	0	0	0	0	0	0	0	0	0	0	0	0	0	0	0	0	0	0	0	0	0	0	0	0	0	0	0	144	126	89	26	13	36	90	113	55	84	80	48	145	129	87	148	118	50	58	33	82	76	35	48	121	61	72	150	44	94	98	44	34	115	67	10	59	81	29	72	44	152	118	108	80	61	155	44	21	70	74	99	140	98	73	110	140	117	109	90	132	92	150	72	108	68	71	22	38	135	60	113	154	84	6	130	42	104	99	20	71
0	0	0	0	0	0	0	0	0	0	0	0	0	0	0	0	0	0	0	0	0	0	0	0	0	0	0	0	0	0	0	0	0	0	0	0	0	0	0	0	0	0	0	0	0	0	0	0	65	61	73	174	110	101	174	144	121	143	82	104	101	104	110	110	98	80	153	118	111	141	87	46	81	117	48	76	86	101	65	86	55	49	101	154	49	33	115	89	112	135	51	86	67	95	130	122	92	53	86	76	109	137	117	92	74	120	28	59	102	131	85	29	56	67	37	71	68	152	60	77	123	147	140	59	75	48	63	44
0	0	0	0	0	0	0	0	0	0	0	0	0	0	0	0	0	0	0	0	0	0	0	0	0	0	0	0	0	0	0	0	0	0	0	0	0	0	0	0	0	0	0	0	0	0	0	0	0	30	102	26	113	99	109	153	76	107	85	148	83	66	68	93	126	68	69	21	54	157	168	99	97	133	159	169	22	109	32	128	52	73	19	29	66	48	58	88	100	136	129	49	122	134	73	48	126	79	38	153	129	93	154	85	21	134	35	161	75	144	50	88	18	123	88	101	111	106	14	101	68	68	111	21	103	55	95	116
0	0	0	0	0	0	0	0	0	0	0	0	0	0	0	0	0	0	0	0	0	0	0	0	0	0	0	0	0	0	0	0	0	0	0	0	0	0	0	0	0	0	0	0	0	0	0	0	0	0	75	145	114	19	65	58	68	79	54	97	87	90	37	71	97	111	127	147	106	65	112	128	73	83	117	34	104	87	120	95	80	133	120	50	93	102	69	102	65	125	68	107	113	32	42	108	69	77	140	54	107	83	126	21	80	42	86	73	145	99	10	117	152	39	112	115	8	40	64	86	55	145	87	106	113	26	91	81
0	0	0	0	0	0	0	0	0	0	0	0	0	0	0	0	0	0	0	0	0	0	0	0	0	0	0	0	0	0	0	0	0	0	0	0	0	0	0	0	0	0	0	0	0	0	0	0	0	0	0	70	40	124	86	168	158	134	150	44	134	102	84	140	22	119	88	76	42	129	52	135	52	124	78	15	110	66	137	95	99	92	79	58	68	40	129	79	87	109	52	144	10	102	31	85	45	110	40	107	61	40	101	161	42	98	20	86	64	126	33	138	62	52	142	46	136	74	97	22	71	105	104	46	74	43	16	59
0	0	0	0	0	0	0	0	0	0	0	0	0	0	0	0	0	0	0	0	0	0	0	0	0	0	0	0	0	0	0	0	0	0	0	0	0	0	0	0	0	0	0	0	0	0	0	0	0	0	0	0	68	31	64	35	66	83	132	66	64	150	44	116	61	163	105	68	86	156	120	63	81	52	132	126	126	68	76	120	112	89	116	144	116	107	45	151	85	95	76	43	35	170	159	76	65	47	133	88	150	86	78	60	48	84	125	78	90	49	127	129	45	91	77	134	49	21	68	48	57	59	74	120	101	65	129	97
0	0	0	0	0	0	0	0	0	0	0	0	0	0	0	0	0	0	0	0	0	0	0	0	0	0	0	0	0	0	0	0	0	0	0	0	0	0	0	0	0	0	0	0	0	0	0	0	0	0	0	0	0	62	48	107	38	15	132	37	146	10	139	69	52	98	91	163	151	73	38	51	95	43	107	54	97	74	86	35	96	147	89	47	64	133	49	40	136	105	126	43	105	138	74	78	72	64	68	109	133	97	76	92	117	116	108	78	48	34	92	103	157	131	135	108	62	54	120	126	124	81	139	119	41	58	122	46
0	0	0	0	0	0	0	0	0	0	0	0	0	0	0	0	0	0	0	0	0	0	0	0	0	0	0	0	0	0	0	0	0	0	0	0	0	0	0	0	0	0	0	0	0	0	0	0	0	0	0	0	0	0	85	86	47	89	126	79	134	31	42	133	61	70	69	80	74	81	146	116	147	142	131	139	50	55	60	29	93	37	132	98	168	94	55	141	101	133	29	50	56	63	35	38	155	20	59	9	154	130	101	131	138	96	8	63	96	89	97	124	64	117	59	138	72	35	102	150	99	20	28	136	66	47	93	160
0	0	0	0	0	0	0	0	0	0	0	0	0	0	0	0	0	0	0	0	0	0	0	0	0	0	0	0	0	0	0	0	0	0	0	0	0	0	0	0	0	0	0	0	0	0	0	0	0	0	0	0	0	0	0	43	25	67	67	120	128	149	174	93	79	12	162	90	65	126	61	62	118	8	129	34	140	14	17	20	60	88	178	103	141	137	104	51	171	91	164	145	24	104	148	26	38	49	34	106	102	42	15	142	40	159	153	104	150	167	78	142	122	135	106	98	52	18	50	101	175	171	64	111	67	28	84	90
0	0	0	0	0	0	0	0	0	0	0	0	0	0	0	0	0	0	0	0	0	0	0	0	0	0	0	0	0	0	0	0	0	0	0	0	0	0	0	0	0	0	0	0	0	0	0	0	0	0	0	0	0	0	0	0	143	20	77	123	19	33	30	53	58	125	63	59	39	32	45	132	83	95	154	82	101	98	8	82	130	157	131	132	17	39	10	69	164	86	59	134	46	99	128	141	111	39	43	94	118	93	118	26	113	66	159	68	52	76	20	125	78	65	104	165	91	55	128	58	95	152	123	147	61	47	77	52
0	0	0	0	0	0	0	0	0	0	0	0	0	0	0	0	0	0	0	0	0	0	0	0	0	0	0	0	0	0	0	0	0	0	0	0	0	0	0	0	0	0	0	0	0	0	0	0	0	0	0	0	0	0	0	0	0	98	87	47	82	44	113	148	70	99	156	129	132	119	92	20	65	123	108	131	50	78	28	38	163	90	44	49	148	134	116	121	52	129	136	57	81	85	113	156	88	78	166	132	52	84	84	128	15	117	92	64	94	102	151	73	100	75	71	128	36	140	90	97	66	53	34	145	124	69	58	163
0	0	0	0	0	0	0	0	0	0	0	0	0	0	0	0	0	0	0	0	0	0	0	0	0	0	0	0	0	0	0	0	0	0	0	0	0	0	0	0	0	0	0	0	0	0	0	0	0	0	0	0	0	0	0	0	0	0	109	50	38	93	45	111	32	140	64	138	61	144	82	29	72	171	147	173	115	60	93	65	120	107	183	60	65	56	54	33	153	148	108	63	118	137	52	123	130	161	84	53	99	72	33	88	76	50	54	115	80	110	147	62	52	140	46	95	158	124	13	158	111	49	69	58	135	150	61	93
0	0	0	0	0	0	0	0	0	0	0	0	0	0	0	0	0	0	0	0	0	0	0	0	0	0	0	0	0	0	0	0	0	0	0	0	0	0	0	0	0	0	0	0	0	0	0	0	0	0	0	0	0	0	0	0	0	0	0	123	102	50	148	49	53	82	150	39	40	113	119	29	162	71	10	82	93	68	117	46	124	39	102	75	24	64	120	128	107	78	75	131	177	133	96	160	127	99	92	97	115	72	95	68	107	39	55	156	37	16	105	93	50	42	143	87	71	117	100	120	131	87	138	42	169	118	59	121
0	0	0	0	0	0	0	0	0	0	0	0	0	0	0	0	0	0	0	0	0	0	0	0	0	0	0	0	0	0	0	0	0	0	0	0	0	0	0	0	0	0	0	0	0	0	0	0	0	0	0	0	0	0	0	0	0	0	0	0	76	29	47	24	48	128	59	120	79	132	121	148	61	155	50	77	147	73	95	43	65	120	155	157	108	134	140	95	122	56	49	127	52	82	99	93	80	68	75	112	118	112	114	155	84	52	146	95	102	139	33	40	89	120	63	140	92	92	46	106	107	113	51	52	145	138	93	83
0	0	0	0	0	0	0	0	0	0	0	0	0	0	0	0	0	0	0	0	0	0	0	0	0	0	0	0	0	0	0	0	0	0	0	0	0	0	0	0	0	0	0	0	0	0	0	0	0	0	0	0	0	0	0	0	0	0	0	0	0	29	156	71	94	83	38	45	122	91	158	116	128	74	32	51	152	132	123	55	98	90	79	150	121	139	129	37	60	66	135	72	28	125	144	73	47	36	56	102	47	29	180	81	49	91	75	157	68	62	67	128	116	100	58	16	120	108	36	111	69	51	99	95	42	81	105	41
0	0	0	0	0	0	0	0	0	0	0	0	0	0	0	0	0	0	0	0	0	0	0	0	0	0	0	0	0	0	0	0	0	0	0	0	0	0	0	0	0	0	0	0	0	0	0	0	0	0	0	0	0	0	0	0	0	0	0	0	0	0	54	128	104	119	92	166	125	120	88	122	73	114	117	39	36	67	56	65	73	54	91	121	141	136	77	64	21	157	64	109	128	48	112	150	75	26	175	100	133	108	163	60	110	122	112	165	147	86	38	6	49	112	86	111	48	96	176	64	27	92	150	105	158	124	142	117
0	0	0	0	0	0	0	0	0	0	0	0	0	0	0	0	0	0	0	0	0	0	0	0	0	0	0	0	0	0	0	0	0	0	0	0	0	0	0	0	0	0	0	0	0	0	0	0	0	0	0	0	0	0	0	0	0	0	0	0	0	0	0	84	26	70	146	113	38	90	185	117	137	82	111	26	53	114	104	116	78	161	63	31	75	123	110	167	94	37	104	23	83	152	42	106	57	146	34	108	153	147	64	62	95	158	140	163	36	66	113	173	80	56	127	115	40	161	27	104	98	131	96	167	94	48	88	81
0	0	0	0	0	0	0	0	0	0	0	0	0	0	0	0	0	0	0	0	0	0	0	0	0	0	0	0	0	0	0	0	0	0	0	0	0	0	0	0	0	0	0	0	0	0	0	0	0	0	0	0	0	0	0	0	0	0	0	0	0	0	0	0	112	49	101	98	108	172	52	50	21	64	108	170	16	143	97	43	61	12	114	89	113	164	49	96	126	125	132	149	143	77	68	149	163	52	68	105	115	21	122	42	115	126	34	94	72	60	58	101	153	50	122	164	167	73	44	45	62	147	167	181	57	100	95	70
0	0	0	0	0	0	0	0	0	0	0	0	0	0	0	0	0	0	0	0	0	0	0	0	0	0	0	0	0	0	0	0	0	0	0	0	0	0	0	0	0	0	0	0	0	0	0	0	0	0	0	0	0	0	0	0	0	0	0	0	0	0	0	0	0	87	101	170	50	89	20	124	104	90	170	71	97	121	44	98	166	163	133	124	78	107	94	109	92	124	144	56	142	16	74	57	163	164	63	32	74	106	63	163	147	49	52	106	126	92	145	61	74	41	147	102	21	144	94	79	78	143	60	76	121	126	102	73
0	0	0	0	0	0	0	0	0	0	0	0	0	0	0	0	0	0	0	0	0	0	0	0	0	0	0	0	0	0	0	0	0	0	0	0	0	0	0	0	0	0	0	0	0	0	0	0	0	0	0	0	0	0	0	0	0	0	0	0	0	0	0	0	0	0	74	86	112	136	140	134	68	73	139	108	85	95	129	133	50	140	129	80	94	76	87	50	102	144	93	166	158	121	67	49	47	52	128	28	74	37	120	184	148	117	102	71	26	109	92	167	92	78	106	81	54	35	136	135	101	32	39	162	32	67	58	58
0	0	0	0	0	0	0	0	0	0	0	0	0	0	0	0	0	0	0	0	0	0	0	0	0	0	0	0	0	0	0	0	0	0	0	0	0	0	0	0	0	0	0	0	0	0	0	0	0	0	0	0	0	0	0	0	0	0	0	0	0	0	0	0	0	0	0	24	99	83	93	90	88	135	84	45	79	98	112	88	50	91	24	77	3	119	38	48	53	59	151	179	101	92	103	61	166	74	13	82	156	165	174	146	43	96	32	109	147	138	104	105	3	112	75	124	39	81	54	146	105	148	95	70	94	97	32	66
0	0	0	0	0	0	0	0	0	0	0	0	0	0	0	0	0	0	0	0	0	0	0	0	0	0	0	0	0	0	0	0	0	0	0	0	0	0	0	0	0	0	0	0	0	0	0	0	0	0	0	0	0	0	0	0	0	0	0	0	0	0	0	0	0	0	0	0	146	107	165	159	64	135	53	35	135	63	62	111	28	100	190	39	168	91	174	116	71	40	135	45	39	100	134	98	103	157	90	107	123	92	95	68	81	152	65	26	33	188	78	106	59	79	40	68	123	153	62	66	65	48	149	74	41	53	175	23
0	0	0	0	0	0	0	0	0	0	0	0	0	0	0	0	0	0	0	0	0	0	0	0	0	0	0	0	0	0	0	0	0	0	0	0	0	0	0	0	0	0	0	0	0	0	0	0	0	0	0	0	0	0	0	0	0	0	0	0	0	0	0	0	0	0	0	0	0	175	50	55	150	122	140	29	90	21	149	181	45	32	72	133	60	56	182	162	140	88	63	38	124	120	107	74	109	76	89	104	58	131	110	140	53	129	82	71	110	30	137	149	102	62	32	151	106	130	100	57	137	57	121	81	85	69	29	73
0	0	0	0	0	0	0	0	0	0	0	0	0	0	0	0	0	0	0	0	0	0	0	0	0	0	0	0	0	0	0	0	0	0	0	0	0	0	0	0	0	0	0	0	0	0	0	0	0	0	0	0	0	0	0	0	0	0	0	0	0	0	0	0	0	0	0	0	0	0	120	70	163	136	122	57	100	179	90	46	70	184	52	189	94	48	80	70	140	91	133	91	161	94	48	122	72	109	148	140	162	123	29	43	113	111	91	127	119	34	144	52	16	89	53	123	129	165	64	110	67	130	115	41	116	165	123	19
0	0	0	0	0	0	0	0	0	0	0	0	0	0	0	0	0	0	0	0	0	0	0	0	0	0	0	0	0	0	0	0	0	0	0	0	0	0	0	0	0	0	0	0	0	0	0	0	0	0	0	0	0	0	0	0	0	0	0	0	0	0	0	0	0	0	0	0	0	0	0	119	90	162	109	151	94	122	27	34	64	113	135	51	94	64	100	124	6	70	127	89	81	55	132	8	90	149	124	53	75	160	142	61	166	156	105	49	68	158	87	136	9	193	80	141	183	97	78	59	125	107	58	33	110	159	141	141
0	0	0	0	0	0	0	0	0	0	0	0	0	0	0	0	0	0	0	0	0	0	0	0	0	0	0	0	0	0	0	0	0	0	0	0	0	0	0	0	0	0	0	0	0	0	0	0	0	0	0	0	0	0	0	0	0	0	0	0	0	0	0	0	0	0	0	0	0	0	0	0	70	113	152	133	58	36	42	70	103	100	112	40	118	128	171	45	130	124	98	64	137	109	98	51	54	144	77	19	56	96	46	47	142	171	51	73	82	146	124	114	40	127	67	155	82	78	66	168	98	149	170	126	101	150	96	152
0	0	0	0	0	0	0	0	0	0	0	0	0	0	0	0	0	0	0	0	0	0	0	0	0	0	0	0	0	0	0	0	0	0	0	0	0	0	0	0	0	0	0	0	0	0	0	0	0	0	0	0	0	0	0	0	0	0	0	0	0	0	0	0	0	0	0	0	0	0	0	0	0	139	26	60	144	54	142	57	94	146	143	68	69	148	59	81	52	83	170	67	95	178	96	93	115	140	142	107	111	141	151	175	42	133	116	78	100	105	68	44	96	105	80	90	127	110	167	95	175	120	122	117	173	54	68	67
0	0	0	0	0	0	0	0	0	0	0	0	0	0	0	0	0	0	0	0	0	0	0	0	0	0	0	0	0	0	0	0	0	0	0	0	0	0	0	0	0	0	0	0	0	0	0	0	0	0	0	0	0	0	0	0	0	0	0	0	0	0	0	0	0	0	0	0	0	0	0	0	0	0	76	152	48	110	145	89	83	38	76	129	59	178	106	15	173	146	30	50	31	69	65	52	29	83	131	98	79	58	119	126	146	161	72	83	173	166	61	52	91	88	27	157	32	152	83	141	86	49	47	75	117	65	158	113
0	0	0	0	0	0	0	0	0	0	0	0	0	0	0	0	0	0	0	0	0	0	0	0	0	0	0	0	0	0	0	0	0	0	0	0	0	0	0	0	0	0	0	0	0	0	0	0	0	0	0	0	0	0	0	0	0	0	0	0	0	0	0	0	0	0	0	0	0	0	0	0	0	0	0	62	155	134	137	90	38	34	48	105	31	104	90	108	132	69	184	141	110	128	18	49	71	39	136	87	171	132	22	149	135	36	176	155	68	180	29	118	136	74	134	94	81	78	146	77	43	114	162	140	151	151	184	73
0	0	0	0	0	0	0	0	0	0	0	0	0	0	0	0	0	0	0	0	0	0	0	0	0	0	0	0	0	0	0	0	0	0	0	0	0	0	0	0	0	0	0	0	0	0	0	0	0	0	0	0	0	0	0	0	0	0	0	0	0	0	0	0	0	0	0	0	0	0	0	0	0	0	0	0	104	80	150	98	129	135	141	141	95	116	106	22	95	132	130	81	4	71	109	82	90	81	82	125	33	66	118	128	103	41	73	130	125	126	95	152	81	64	125	75	125	25	146	137	65	136	120	170	124	22	125	43
0	0	0	0	0	0	0	0	0	0	0	0	0	0	0	0	0	0	0	0	0	0	0	0	0	0	0	0	0	0	0	0	0	0	0	0	0	0	0	0	0	0	0	0	0	0	0	0	0	0	0	0	0	0	0	0	0	0	0	0	0	0	0	0	0	0	0	0	0	0	0	0	0	0	0	0	0	141	56	133	48	88	195	129	89	76	111	23	134	121	121	86	50	124	106	111	50	201	63	101	87	70	142	141	85	102	110	70	127	100	154	74	74	149	133	35	24	66	154	122	123	65	132	180	110	123	128	110
0	0	0	0	0	0	0	0	0	0	0	0	0	0	0	0	0	0	0	0	0	0	0	0	0	0	0	0	0	0	0	0	0	0	0	0	0	0	0	0	0	0	0	0	0	0	0	0	0	0	0	0	0	0	0	0	0	0	0	0	0	0	0	0	0	0	0	0	0	0	0	0	0	0	0	0	0	0	18	51	120	179	147	49	140	67	51	139	53	80	92	101	83	64	82	144	144	135	93	110	127	98	157	40	76	133	125	167	89	192	93	22	114	47	122	141	70	82	30	95	102	126	46	133	53	165	99	74
0	0	0	0	0	0	0	0	0	0	0	0	0	0	0	0	0	0	0	0	0	0	0	0	0	0	0	0	0	0	0	0	0	0	0	0	0	0	0	0	0	0	0	0	0	0	0	0	0	0	0	0	0	0	0	0	0	0	0	0	0	0	0	0	0	0	0	0	0	0	0	0	0	0	0	0	0	0	0	56	76	86	68	60	88	126	112	147	2	28	90	111	58	62	197	88	68	151	44	57	115	22	12	195	102	141	166	109	148	143	57	90	44	82	114	165	159	142	101	87	155	146	119	72	63	169	159	94
0	0	0	0	0	0	0	0	0	0	0	0	0	0	0	0	0	0	0	0	0	0	0	0	0	0	0	0	0	0	0	0	0	0	0	0	0	0	0	0	0	0	0	0	0	0	0	0	0	0	0	0	0	0	0	0	0	0	0	0	0	0	0	0	0	0	0	0	0	0	0	0	0	0	0	0	0	0	0	0	40	25	140	145	91	113	57	142	138	45	65	75	119	123	155	98	82	146	62	158	114	102	133	141	121	183	46	123	27	109	104	103	91	108	69	152	110	128	183	56	103	66	143	118	75	143	124	25
0	0	0	0	0	0	0	0	0	0	0	0	0	0	0	0	0	0	0	0	0	0	0	0	0	0	0	0	0	0	0	0	0	0	0	0	0	0	0	0	0	0	0	0	0	0	0	0	0	0	0	0	0	0	0	0	0	0	0	0	0	0	0	0	0	0	0	0	0	0	0	0	0	0	0	0	0	0	0	0	0	89	89	129	55	113	129	167	149	165	73	61	185	45	181	69	112	202	155	78	121	103	146	37	122	130	128	76	88	128	111	85	159	52	138	60	35	101	154	108	161	164	47	92	16	57	153	49
0	0	0	0	0	0	0	0	0	0	0	0	0	0	0	0	0	0	0	0	0	0	0	0	0	0	0	0	0	0	0	0	0	0	0	0	0	0	0	0	0	0	0	0	0	0	0	0	0	0	0	0	0	0	0	0	0	0	0	0	0	0	0	0	0	0	0	0	0	0	0	0	0	0	0	0	0	0	0	0	0	0	192	41	123	100	60	57	36	142	147	74	129	81	35	19	191	157	26	172	197	55	107	88	129	113	107	101	118	93	58	130	105	132	55	71	119	164	86	96	82	35	67	65	169	34	123	111
0	0	0	0	0	0	0	0	0	0	0	0	0	0	0	0	0	0	0	0	0	0	0	0	0	0	0	0	0	0	0	0	0	0	0	0	0	0	0	0	0	0	0	0	0	0	0	0	0	0	0	0	0	0	0	0	0	0	0	0	0	0	0	0	0	0	0	0	0	0	0	0	0	0	0	0	0	0	0	0	0	0	0	34	155	114	142	172	167	190	157	38	109	182	121	81	82	46	55	156	95	133	50	86	130	73	142	204	106	63	111	58	91	154	111	22	69	94	157	133	127	39	21	176	58	142	123	122
0	0	0	0	0	0	0	0	0	0	0	0	0	0	0	0	0	0	0	0	0	0	0	0	0	0	0	0	0	0	0	0	0	0	0	0	0	0	0	0	0	0	0	0	0	0	0	0	0	0	0	0	0	0	0	0	0	0	0	0	0	0	0	0	0	0	0	0	0	0	0	0	0	0	0	0	0	0	0	0	0	0	0	0	202	168	142	169	117	115	69	141	75	172	124	71	90	78	136	121	108	41	36	120	157	197	156	152	73	86	44	156	65	99	146	113	132	170	94	106	122	41	62	131	94	34	108	72
0	0	0	0	0	0	0	0	0	0	0	0	0	0	0	0	0	0	0	0	0	0	0	0	0	0	0	0	0	0	0	0	0	0	0	0	0	0	0	0	0	0	0	0	0	0	0	0	0	0	0	0	0	0	0	0	0	0	0	0	0	0	0	0	0	0	0	0	0	0	0	0	0	0	0	0	0	0	0	0	0	0	0	0	0	155	72	98	63	163	128	175	117	45	131	108	97	114	113	98	126	106	149	95	122	105	154	156	138	116	116	121	25	83	171	75	101	185	77	69	60	70	52	187	157	139	135	150
0	0	0	0	0	0	0	0	0	0	0	0	0	0	0	0	0	0	0	0	0	0	0	0	0	0	0	0	0	0	0	0	0	0	0	0	0	0	0	0	0	0	0	0	0	0	0	0	0	0	0	0	0	0	0	0	0	0	0	0	0	0	0	0	0	0	0	0	0	0	0	0	0	0	0	0	0	0	0	0	0	0	0	0	0	0	25	199	199	122	123	143	132	171	62	117	57	177	192	124	42	152	21	191	124	124	82	164	131	69	122	96	96	100	112	157	70	57	176	190	145	158	68	146	115	49	160	99
0	0	0	0	0	0	0	0	0	0	0	0	0	0	0	0	0	0	0	0	0	0	0	0	0	0	0	0	0	0	0	0	0	0	0	0	0	0	0	0	0	0	0	0	0	0	0	0	0	0	0	0	0	0	0	0	0	0	0	0	0	0	0	0	0	0	0	0	0	0	0	0	0	0	0	0	0	0	0	0	0	0	0	0	0	0	0	149	114	95	103	20	118	51	150	84	140	193	55	133	70	38	115	127	90	36	146	43	134	81	123	91	62	112	94	101	182	44	137	160	89	113	56	104	108	23	85	78
0	0	0	0	0	0	0	0	0	0	0	0	0	0	0	0	0	0	0	0	0	0	0	0	0	0	0	0	0	0	0	0	0	0	0	0	0	0	0	0	0	0	0	0	0	0	0	0	0	0	0	0	0	0	0	0	0	0	0	0	0	0	0	0	0	0	0	0	0	0	0	0	0	0	0	0	0	0	0	0	0	0	0	0	0	0	0	0	179	82	183	116	84	60	72	74	114	53	125	78	143	61	113	163	142	169	93	173	186	186	53	45	77	189	82	130	86	69	212	33	164	63	116	50	98	171	181	110
0	0	0	0	0	0	0	0	0	0	0	0	0	0	0	0	0	0	0	0	0	0	0	0	0	0	0	0	0	0	0	0	0	0	0	0	0	0	0	0	0	0	0	0	0	0	0	0	0	0	0	0	0	0	0	0	0	0	0	0	0	0	0	0	0	0	0	0	0	0	0	0	0	0	0	0	0	0	0	0	0	0	0	0	0	0	0	0	0	50	54	131	53	62	54	109	41	92	95	83	81	71	42	122	115	67	89	92	47	124	103	126	17	79	71	164	58	158	146	140	75	135	115	105	106	177	99	109
0	0	0	0	0	0	0	0	0	0	0	0	0	0	0	0	0	0	0	0	0	0	0	0	0	0	0	0	0	0	0	0	0	0	0	0	0	0	0	0	0	0	0	0	0	0	0	0	0	0	0	0	0	0	0	0	0	0	0	0	0	0	0	0	0	0	0	0	0	0	0	0	0	0	0	0	0	0	0	0	0	0	0	0	0	0	0	0	0	0	47	71	100	59	43	106	151	116	174	139	119	92	48	182	200	71	136	169	168	94	170	136	49	149	35	152	105	184	64	65	125	175	205	199	95	90	60	56
0	0	0	0	0	0	0	0	0	0	0	0	0	0	0	0	0	0	0	0	0	0	0	0	0	0	0	0	0	0	0	0	0	0	0	0	0	0	0	0	0	0	0	0	0	0	0	0	0	0	0	0	0	0	0	0	0	0	0	0	0	0	0	0	0	0	0	0	0	0	0	0	0	0	0	0	0	0	0	0	0	0	0	0	0	0	0	0	0	0	0	140	80	174	187	129	117	141	133	110	94	34	57	50	108	57	90	173	166	146	107	140	98	196	69	51	147	88	152	65	59	126	80	133	183	34	109	144
0	0	0	0	0	0	0	0	0	0	0	0	0	0	0	0	0	0	0	0	0	0	0	0	0	0	0	0	0	0	0	0	0	0	0	0	0	0	0	0	0	0	0	0	0	0	0	0	0	0	0	0	0	0	0	0	0	0	0	0	0	0	0	0	0	0	0	0	0	0	0	0	0	0	0	0	0	0	0	0	0	0	0	0	0	0	0	0	0	0	0	0	57	94	108	74	4	141	139	52	144	144	44	175	143	116	58	184	58	116	171	84	72	105	28	58	76	145	149	71	104	218	65	92	129	151	77	61
0	0	0	0	0	0	0	0	0	0	0	0	0	0	0	0	0	0	0	0	0	0	0	0	0	0	0	0	0	0	0	0	0	0	0	0	0	0	0	0	0	0	0	0	0	0	0	0	0	0	0	0	0	0	0	0	0	0	0	0	0	0	0	0	0	0	0	0	0	0	0	0	0	0	0	0	0	0	0	0	0	0	0	0	0	0	0	0	0	0	0	0	0	153	54	132	50	77	109	131	94	82	185	108	55	141	68	18	108	118	143	176	44	86	71	38	61	98	171	205	110	167	114	112	94	149	147	173
0	0	0	0	0	0	0	0	0	0	0	0	0	0	0	0	0	0	0	0	0	0	0	0	0	0	0	0	0	0	0	0	0	0	0	0	0	0	0	0	0	0	0	0	0	0	0	0	0	0	0	0	0	0	0	0	0	0	0	0	0	0	0	0	0	0	0	0	0	0	0	0	0	0	0	0	0	0	0	0	0	0	0	0	0	0	0	0	0	0	0	0	0	0	92	104	31	19	39	134	114	102	65	173	105	96	154	127	115	61	53	182	113	137	122	77	104	51	27	118	154	96	174	44	197	41	26	86
0	0	0	0	0	0	0	0	0	0	0	0	0	0	0	0	0	0	0	0	0	0	0	0	0	0	0	0	0	0	0	0	0	0	0	0	0	0	0	0	0	0	0	0	0	0	0	0	0	0	0	0	0	0	0	0	0	0	0	0	0	0	0	0	0	0	0	0	0	0	0	0	0	0	0	0	0	0	0	0	0	0	0	0	0	0	0	0	0	0	0	0	0	0	0	120	158	137	96	39	165	99	96	92	138	11	63	167	192	153	79	141	112	173	81	85	160	155	89	91	114	107	81	189	80	133	163	100
0	0	0	0	0	0	0	0	0	0	0	0	0	0	0	0	0	0	0	0	0	0	0	0	0	0	0	0	0	0	0	0	0	0	0	0	0	0	0	0	0	0	0	0	0	0	0	0	0	0	0	0	0	0	0	0	0	0	0	0	0	0	0	0	0	0	0	0	0	0	0	0	0	0	0	0	0	0	0	0	0	0	0	0	0	0	0	0	0	0	0	0	0	0	0	0	120	197	162	139	73	162	165	176	148	133	188	202	82	91	98	73	104	161	108	137	66	100	169	93	117	52	111	175	92	89	40	160
0	0	0	0	0	0	0	0	0	0	0	0	0	0	0	0	0	0	0	0	0	0	0	0	0	0	0	0	0	0	0	0	0	0	0	0	0	0	0	0	0	0	0	0	0	0	0	0	0	0	0	0	0	0	0	0	0	0	0	0	0	0	0	0	0	0	0	0	0	0	0	0	0	0	0	0	0	0	0	0	0	0	0	0	0	0	0	0	0	0	0	0	0	0	0	0	0	73	147	74	25	174	130	39	123	146	121	68	147	138	124	95	146	155	175	87	215	53	151	126	102	19	88	81	148	119	56	62
0	0	0	0	0	0	0	0	0	0	0	0	0	0	0	0	0	0	0	0	0	0	0	0	0	0	0	0	0	0	0	0	0	0	0	0	0	0	0	0	0	0	0	0	0	0	0	0	0	0	0	0	0	0	0	0	0	0	0	0	0	0	0	0	0	0	0	0	0	0	0	0	0	0	0	0	0	0	0	0	0	0	0	0	0	0	0	0	0	0	0	0	0	0	0	0	0	0	75	122	103	143	109	149	175	192	115	105	121	193	135	137	89	36	118	153	57	132	49	138	176	123	46	112	37	152	114	165
0	0	0	0	0	0	0	0	0	0	0	0	0	0	0	0	0	0	0	0	0	0	0	0	0	0	0	0	0	0	0	0	0	0	0	0	0	0	0	0	0	0	0	0	0	0	0	0	0	0	0	0	0	0	0	0	0	0	0	0	0	0	0	0	0	0	0	0	0	0	0	0	0	0	0	0	0	0	0	0	0	0	0	0	0	0	0	0	0	0	0	0	0	0	0	0	0	0	0	103	116	85	149	13	88	69	45	72	103	149	40	180	90	94	202	88	75	75	74	173	116	173	170	103	165	28	136	182
0	0	0	0	0	0	0	0	0	0	0	0	0	0	0	0	0	0	0	0	0	0	0	0	0	0	0	0	0	0	0	0	0	0	0	0	0	0	0	0	0	0	0	0	0	0	0	0	0	0	0	0	0	0	0	0	0	0	0	0	0	0	0	0	0	0	0	0	0	0	0	0	0	0	0	0	0	0	0	0	0	0	0	0	0	0	0	0	0	0	0	0	0	0	0	0	0	0	0	0	201	77	90	80	73	180	216	102	172	128	154	118	111	65	23	55	196	110	178	169	76	85	82	151	50	125	209	103
0	0	0	0	0	0	0	0	0	0	0	0	0	0	0	0	0	0	0	0	0	0	0	0	0	0	0	0	0	0	0	0	0	0	0	0	0	0	0	0	0	0	0	0	0	0	0	0	0	0	0	0	0	0	0	0	0	0	0	0	0	0	0	0	0	0	0	0	0	0	0	0	0	0	0	0	0	0	0	0	0	0	0	0	0	0	0	0	0	0	0	0	0	0	0	0	0	0	0	0	0	24	97	137	70	219	89	88	125	130	82	193	33	225	91	48	71	180	100	153	138	129	68	105	34	189	71	190
0	0	0	0	0	0	0	0	0	0	0	0	0	0	0	0	0	0	0	0	0	0	0	0	0	0	0	0	0	0	0	0	0	0	0	0	0	0	0	0	0	0	0	0	0	0	0	0	0	0	0	0	0	0	0	0	0	0	0	0	0	0	0	0	0	0	0	0	0	0	0	0	0	0	0	0	0	0	0	0	0	0	0	0	0	0	0	0	0	0	0	0	0	0	0	0	0	0	0	0	0	0	139	112	152	90	98	119	164	146	54	159	131	226	53	164	42	117	44	39	170	52	182	187	116	62	114	77
0	0	0	0	0	0	0	0	0	0	0	0	0	0	0	0	0	0	0	0	0	0	0	0	0	0	0	0	0	0	0	0	0	0	0	0	0	0	0	0	0	0	0	0	0	0	0	0	0	0	0	0	0	0	0	0	0	0	0	0	0	0	0	0	0	0	0	0	0	0	0	0	0	0	0	0	0	0	0	0	0	0	0	0	0	0	0	0	0	0	0	0	0	0	0	0	0	0	0	0	0	0	0	126	130	36	69	155	154	156	67	184	85	184	111	114	194	148	39	106	117	125	119	148	141	103	60	111
0	0	0	0	0	0	0	0	0	0	0	0	0	0	0	0	0	0	0	0	0	0	0	0	0	0	0	0	0	0	0	0	0	0	0	0	0	0	0	0	0	0	0	0	0	0	0	0	0	0	0	0	0	0	0	0	0	0	0	0	0	0	0	0	0	0	0	0	0	0	0	0	0	0	0	0	0	0	0	0	0	0	0	0	0	0	0	0	0	0	0	0	0	0	0	0	0	0	0	0	0	0	0	0	21	180	91	55	121	57	145	30	192	145	109	103	122	181	83	136	60	116	102	97	157	157	77	192
0	0	0	0	0	0	0	0	0	0	0	0	0	0	0	0	0	0	0	0	0	0	0	0	0	0	0	0	0	0	0	0	0	0	0	0	0	0	0	0	0	0	0	0	0	0	0	0	0	0	0	0	0	0	0	0	0	0	0	0	0	0	0	0	0	0	0	0	0	0	0	0	0	0	0	0	0	0	0	0	0	0	0	0	0	0	0	0	0	0	0	0	0	0	0	0	0	0	0	0	0	0	0	0	0	146	200	35	81	33	117	45	167	145	168	46	46	113	175	127	120	65	68	83	164	192	189	146
0	0	0	0	0	0	0	0	0	0	0	0	0	0	0	0	0	0	0	0	0	0	0	0	0	0	0	0	0	0	0	0	0	0	0	0	0	0	0	0	0	0	0	0	0	0	0	0	0	0	0	0	0	0	0	0	0	0	0	0	0	0	0	0	0	0	0	0	0	0	0	0	0	0	0	0	0	0	0	0	0	0	0	0	0	0	0	0	0	0	0	0	0	0	0	0	0	0	0	0	0	0	0	0	0	0	171	85	74	158	129	105	176	81	88	106	90	155	71	56	97	78	95	177	54	122	94	19
0	0	0	0	0	0	0	0	0	0	0	0	0	0	0	0	0	0	0	0	0	0	0	0	0	0	0	0	0	0	0	0	0	0	0	0	0	0	0	0	0	0	0	0	0	0	0	0	0	0	0	0	0	0	0	0	0	0	0	0	0	0	0	0	0	0	0	0	0	0	0	0	0	0	0	0	0	0	0	0	0	0	0	0	0	0	0	0	0	0	0	0	0	0	0	0	0	0	0	0	0	0	0	0	0	0	0	64	137	104	26	188	155	149	71	91	139	96	133	89	136	61	94	96	127	144	115	211
0	0	0	0	0	0	0	0	0	0	0	0	0	0	0	0	0	0	0	0	0	0	0	0	0	0	0	0	0	0	0	0	0	0	0	0	0	0	0	0	0	0	0	0	0	0	0	0	0	0	0	0	0	0	0	0	0	0	0	0	0	0	0	0	0	0	0	0	0	0	0	0	0	0	0	0	0	0	0	0	0	0	0	0	0	0	0	0	0	0	0	0	0	0	0	0	0	0	0	0	0	0	0	0	0	0	0	0	151	145	159	115	126	127	122	116	149	132	147	84	130	191	68	148	83	120	135	81
0	0	0	0	0	0	0	0	0	0	0	0	0	0	0	0	0	0	0	0	0	0	0	0	0	0	0	0	0	0	0	0	0	0	0	0	0	0	0	0	0	0	0	0	0	0	0	0	0	0	0	0	0	0	0	0	0	0	0	0	0	0	0	0	0	0	0	0	0	0	0	0	0	0	0	0	0	0	0	0	0	0	0	0	0	0	0	0	0	0	0	0	0	0	0	0	0	0	0	0	0	0	0	0	0	0	0	0	0	42	203	93	148	105	73	97	124	46	72	60	27	172	186	131	154	74	111	78
0	0	0	0	0	0	0	0	0	0	0	0	0	0	0	0	0	0	0	0	0	0	0	0	0	0	0	0	0	0	0	0	0	0	0	0	0	0	0	0	0	0	0	0	0	0	0	0	0	0	0	0	0	0	0	0	0	0	0	0	0	0	0	0	0	0	0	0	0	0	0	0	0	0	0	0	0	0	0	0	0	0	0	0	0	0	0	0	0	0	0	0	0	0	0	0	0	0	0	0	0	0	0	0	0	0	0	0	0	0	88	50	213	76	133	136	222	67	100	176	195	138	91	169	92	99	94	76
0	0	0	0	0	0	0	0	0	0	0	0	0	0	0	0	0	0	0	0	0	0	0	0	0	0	0	0	0	0	0	0	0	0	0	0	0	0	0	0	0	0	0	0	0	0	0	0	0	0	0	0	0	0	0	0	0	0	0	0	0	0	0	0	0	0	0	0	0	0	0	0	0	0	0	0	0	0	0	0	0	0	0	0	0	0	0	0	0	0	0	0	0	0	0	0	0	0	0	0	0	0	0	0	0	0	0	0	0	0	0	29	35	70	174	101	112	151	92	146	190	96	104	124	222	65	66	163
0	0	0	0	0	0	0	0	0	0	0	0	0	0	0	0	0	0	0	0	0	0	0	0	0	0	0	0	0	0	0	0	0	0	0	0	0	0	0	0	0	0	0	0	0	0	0	0	0	0	0	0	0	0	0	0	0	0	0	0	0	0	0	0	0	0	0	0	0	0	0	0	0	0	0	0	0	0	0	0	0	0	0	0	0	0	0	0	0	0	0	0	0	0	0	0	0	0	0	0	0	0	0	0	0	0	0	0	0	0	0	0	105	216	163	54	143	218	183	150	107	106	146	109	61	117	183	187
0	0	0	0	0	0	0	0	0	0	0	0	0	0	0	0	0	0	0	0	0	0	0	0	0	0	0	0	0	0	0	0	0	0	0	0	0	0	0	0	0	0	0	0	0	0	0	0	0	0	0	0	0	0	0	0	0	0	0	0	0	0	0	0	0	0	0	0	0	0	0	0	0	0	0	0	0	0	0	0	0	0	0	0	0	0	0	0	0	0	0	0	0	0	0	0	0	0	0	0	0	0	0	0	0	0	0	0	0	0	0	0	0	73	136	151	55	174	116	136	105	77	137	132	169	160	174	181
0	0	0	0	0	0	0	0	0	0	0	0	0	0	0	0	0	0	0	0	0	0	0	0	0	0	0	0	0	0	0	0	0	0	0	0	0	0	0	0	0	0	0	0	0	0	0	0	0	0	0	0	0	0	0	0	0	0	0	0	0	0	0	0	0	0	0	0	0	0	0	0	0	0	0	0	0	0	0	0	0	0	0	0	0	0	0	0	0	0	0	0	0	0	0	0	0	0	0	0	0	0	0	0	0	0	0	0	0	0	0	0	0	0	167	129	214	106	73	141	117	76	172	84	96	60	53	136
0	0	0	0	0	0	0	0	0	0	0	0	0	0	0	0	0	0	0	0	0	0	0	0	0	0	0	0	0	0	0	0	0	0	0	0	0	0	0	0	0	0	0	0	0	0	0	0	0	0	0	0	0	0	0	0	0	0	0	0	0	0	0	0	0	0	0	0	0	0	0	0	0	0	0	0	0	0	0	0	0	0	0	0	0	0	0	0	0	0	0	0	0	0	0	0	0	0	0	0	0	0	0	0	0	0	0	0	0	0	0	0	0	0	0	121	160	112	179	159	218	138	48	85	66	149	197	162
0	0	0	0	0	0	0	0	0	0	0	0	0	0	0	0	0	0	0	0	0	0	0	0	0	0	0	0	0	0	0	0	0	0	0	0	0	0	0	0	0	0	0	0	0	0	0	0	0	0	0	0	0	0	0	0	0	0	0	0	0	0	0	0	0	0	0	0	0	0	0	0	0	0	0	0	0	0	0	0	0	0	0	0	0	0	0	0	0	0	0	0	0	0	0	0	0	0	0	0	0	0	0	0	0	0	0	0	0	0	0	0	0	0	0	0	125	116	165	221	143	127	72	43	52	156	80	136
0	0	0	0	0	0	0	0	0	0	0	0	0	0	0	0	0	0	0	0	0	0	0	0	0	0	0	0	0	0	0	0	0	0	0	0	0	0	0	0	0	0	0	0	0	0	0	0	0	0	0	0	0	0	0	0	0	0	0	0	0	0	0	0	0	0	0	0	0	0	0	0	0	0	0	0	0	0	0	0	0	0	0	0	0	0	0	0	0	0	0	0	0	0	0	0	0	0	0	0	0	0	0	0	0	0	0	0	0	0	0	0	0	0	0	0	0	36	126	75	184	213	205	121	96	30	88	122
0	0	0	0	0	0	0	0	0	0	0	0	0	0	0	0	0	0	0	0	0	0	0	0	0	0	0	0	0	0	0	0	0	0	0	0	0	0	0	0	0	0	0	0	0	0	0	0	0	0	0	0	0	0	0	0	0	0	0	0	0	0	0	0	0	0	0	0	0	0	0	0	0	0	0	0	0	0	0	0	0	0	0	0	0	0	0	0	0	0	0	0	0	0	0	0	0	0	0	0	0	0	0	0	0	0	0	0	0	0	0	0	0	0	0	0	0	0	188	100	89	89	201	79	112	95	137	122
0	0	0	0	0	0	0	0	0	0	0	0	0	0	0	0	0	0	0	0	0	0	0	0	0	0	0	0	0	0	0	0	0	0	0	0	0	0	0	0	0	0	0	0	0	0	0	0	0	0	0	0	0	0	0	0	0	0	0	0	0	0	0	0	0	0	0	0	0	0	0	0	0	0	0	0	0	0	0	0	0	0	0	0	0	0	0	0	0	0	0	0	0	0	0	0	0	0	0	0	0	0	0	0	0	0	0	0	0	0	0	0	0	0	0	0	0	0	0	118	118	142	133	66	143	240	62	138
0	0	0	0	0	0	0	0	0	0	0	0	0	0	0	0	0	0	0	0	0	0	0	0	0	0	0	0	0	0	0	0	0	0	0	0	0	0	0	0	0	0	0	0	0	0	0	0	0	0	0	0	0	0	0	0	0	0	0	0	0	0	0	0	0	0	0	0	0	0	0	0	0	0	0	0	0	0	0	0	0	0	0	0	0	0	0	0	0	0	0	0	0	0	0	0	0	0	0	0	0	0	0	0	0	0	0	0	0	0	0	0	0	0	0	0	0	0	0	0	94	60	61	99	32	136	123	136
0	0	0	0	0	0	0	0	0	0	0	0	0	0	0	0	0	0	0	0	0	0	0	0	0	0	0	0	0	0	0	0	0	0	0	0	0	0	0	0	0	0	0	0	0	0	0	0	0	0	0	0	0	0	0	0	0	0	0	0	0	0	0	0	0	0	0	0	0	0	0	0	0	0	0	0	0	0	0	0	0	0	0	0	0	0	0	0	0	0	0	0	0	0	0	0	0	0	0	0	0	0	0	0	0	0	0	0	0	0	0	0	0	0	0	0	0	0	0	0	0	103	90	206	152	74	122	124
0	0	0	0	0	0	0	0	0	0	0	0	0	0	0	0	0	0	0	0	0	0	0	0	0	0	0	0	0	0	0	0	0	0	0	0	0	0	0	0	0	0	0	0	0	0	0	0	0	0	0	0	0	0	0	0	0	0	0	0	0	0	0	0	0	0	0	0	0	0	0	0	0	0	0	0	0	0	0	0	0	0	0	0	0	0	0	0	0	0	0	0	0	0	0	0	0	0	0	0	0	0	0	0	0	0	0	0	0	0	0	0	0	0	0	0	0	0	0	0	0	0	180	224	45	157	85	179
0	0	0	0	0	0	0	0	0	0	0	0	0	0	0	0	0	0	0	0	0	0	0	0	0	0	0	0	0	0	0	0	0	0	0	0	0	0	0	0	0	0	0	0	0	0	0	0	0	0	0	0	0	0	0	0	0	0	0	0	0	0	0	0	0	0	0	0	0	0	0	0	0	0	0	0	0	0	0	0	0	0	0	0	0	0	0	0	0	0	0	0	0	0	0	0	0	0	0	0	0	0	0	0	0	0	0	0	0	0	0	0	0	0	0	0	0	0	0	0	0	0	0	83	60	80	170	131
0	0	0	0	0	0	0	0	0	0	0	0	0	0	0	0	0	0	0	0	0	0	0	0	0	0	0	0	0	0	0	0	0	0	0	0	0	0	0	0	0	0	0	0	0	0	0	0	0	0	0	0	0	0	0	0	0	0	0	0	0	0	0	0	0	0	0	0	0	0	0	0	0	0	0	0	0	0	0	0	0	0	0	0	0	0	0	0	0	0	0	0	0	0	0	0	0	0	0	0	0	0	0	0	0	0	0	0	0	0	0	0	0	0	0	0	0	0	0	0	0	0	0	0	135	138	221	145
0	0	0	0	0	0	0	0	0	0	0	0	0	0	0	0	0	0	0	0	0	0	0	0	0	0	0	0	0	0	0	0	0	0	0	0	0	0	0	0	0	0	0	0	0	0	0	0	0	0	0	0	0	0	0	0	0	0	0	0	0	0	0	0	0	0	0	0	0	0	0	0	0	0	0	0	0	0	0	0	0	0	0	0	0	0	0	0	0	0	0	0	0	0	0	0	0	0	0	0	0	0	0	0	0	0	0	0	0	0	0	0	0	0	0	0	0	0	0	0	0	0	0	0	0	124	134	158
0	0	0	0	0	0	0	0	0	0	0	0	0	0	0	0	0	0	0	0	0	0	0	0	0	0	0	0	0	0	0	0	0	0	0	0	0	0	0	0	0	0	0	0	0	0	0	0	0	0	0	0	0	0	0	0	0	0	0	0	0	0	0	0	0	0	0	0	0	0	0	0	0	0	0	0	0	0	0	0	0	0	0	0	0	0	0	0	0	0	0	0	0	0	0	0	0	0	0	0	0	0	0	0	0	0	0	0	0	0	0	0	0	0	0	0	0	0	0	0	0	0	0	0	0	0	76	186
0	0	0	0	0	0	0	0	0	0	0	0	0	0	0	0	0	0	0	0	0	0	0	0	0	0	0	0	0	0	0	0	0	0	0	0	0	0	0	0	0	0	0	0	0	0	0	0	0	0	0	0	0	0	0	0	0	0	0	0	0	0	0	0	0	0	0	0	0	0	0	0	0	0	0	0	0	0	0	0	0	0	0	0	0	0	0	0	0	0	0	0	0	0	0	0	0	0	0	0	0	0	0	0	0	0	0	0	0	0	0	0	0	0	0	0	0	0	0	0	0	0	0	0	0	0	0	48
0	0	0	0	0	0	0	0	0	0	0	0	0	0	0	0	0	0	0	0	0	0	0	0	0	0	0	0	0	0	0	0	0	0	0	0	0	0	0	0	0	0	0	0	0	0	0	0	0	0	0	0	0	0	0	0	0	0	0	0	0	0	0	0	0	0	0	0	0	0	0	0	0	0	0	0	0	0	0	0	0	0	0	0	0	0	0	0	0	0	0	0	0	0	0	0	0	0	0	0	0	0	0	0	0	0	0	0	0	0	0	0	0	0	0	0	0	0	0	0	0	0	0	0	0	0	0	0