0	92	64	48	114	111	129	15	41	68	23	100	78	46	39	74	111	81	47	87	10	113	71	23	97	36	124	68	35	114	129	113	62	98	109	97	6	95	73	30	35	30	34	110	126	7	7	43	6	51	68	42	127	33	60	112	126	69	40	58	79	75	14	121	6	45	52	99	98	116	58	87	45	122	99	47	64	92	16	21	105	32	125	74	88	92	10	57	87	122	50	68	4	103	20	78	117	120	31	115	123	108	13	96	94	100	86	112	122	124	55	118	116	96	87	127	7	58	19	14	7	21	2	33	63	109	86	114
0	0	5	93	106	110	28	58	97	43	3	86	49	67	70	41	55	14	72	56	46	30	84	103	130	80	102	69	11	99	97	108	106	106	97	11	45	36	40	114	121	77	83	4	90	86	125	122	19	56	72	123	66	103	104	83	28	36	78	118	40	43	100	77	34	116	22	7	33	78	47	33	23	76	3	121	115	97	72	28	77	65	40	103	21	62	96	26	70	105	95	68	57	57	61	11	76	93	10	94	88	41	69	36	36	14	56	13	60	73	31	95	21	60	43	127	15	76	60	85	51	124	120	22	17	80	32	48
0	0	0	66	49	100	31	17	65	46	128	41	58	8	50	19	27	83	106	77	40	61	118	62	35	67	37	67	80	107	123	47	28	74	3	118	21	8	62	100	100	50	70	75	27	77	33	38	60	109	51	59	8	109	98	29	18	62	109	114	20	103	67	82	129	114	110	18	71	128	93	102	9	97	119	86	10	69	39	8	78	89	38	9	90	14	85	117	15	70	121	2	123	102	118	45	99	127	96	77	78	21	15	24	131	102	14	30	18	117	46	31	46	58	85	92	112	56	89	71	113	91	24	121	96	115	117	74
0	0	0	0	93	101	31	128	19	82	88	83	22	106	80	45	48	36	118	32	63	122	40	22	128	38	92	24	10	83	45	110	104	35	111	81	71	121	26	14	99	121	18	124	44	48	76	118	90	30	5	55	9	61	51	81	55	128	101	20	81	11	71	69	25	28	78	104	54	115	112	3	33	58	87	10	42	29	99	103	72	31	88	102	21	126	95	107	19	90	57	125	20	46	128	70	14	24	110	22	94	58	104	131	72	79	85	108	9	109	111	84	85	86	11	12	33	33	104	8	12	12	37	92	108	108	9	93
0	0	0	0	0	3	76	119	81	95	84	90	26	30	105	6	92	91	74	63	70	54	85	80	107	60	41	73	68	6	26	95	55	35	76	86	49	51	113	76	56	12	5	99	69	15	117	14	108	30	91	66	63	20	127	95	74	25	81	77	108	40	25	57	31	124	116	60	23	21	17	72	4	113	98	43	89	123	118	117	56	64	39	38	81	37	55	37	51	69	28	73	125	80	86	43	64	14	85	82	15	32	47	18	91	69	117	12	30	34	54	53	116	10	74	130	95	124	8	54	15	55	17	57	89	7	125	95
0	0	0	0	0	0	129	29	60	21	86	120	93	42	45	66	33	3	108	82	119	36	89	113	17	49	82	55	113	118	101	66	69	82	72	26	62	16	73	52	70	86	119	75	126	127	105	114	84	23	43	10	96	101	59	113	79	70	100	71	68	14	51	22	18	106	109	48	100	79	89	111	115	88	81	53	117	88	89	85	127	87	13	122	103	106	128	79	56	116	84	39	123	26	10	126	5	125	81	15	31	27	68	80	98	67	22	100	24	89	60	54	36	28	13	59	48	14	13	79	125	83	42	111	17	129	24	47
0	0	0	0	0	0	0	41	78	105	98	22	134	51	95	100	69	122	54	98	71	63	54	109	112	126	120	36	47	14	17	84	131	104	105	99	112	54	25	48	34	62	119	78	18	127	117	48	85	24	93	37	30	77	100	89	83	130	85	121	124	7	53	130	103	46	125	47	122	38	120	128	121	127	64	93	117	43	49	31	114	20	24	111	100	24	71	95	80	10	29	91	65	90	115	83	111	22	108	86	28	103	88	62	22	102	105	14	27	34	39	106	112	71	122	39	75	35	60	132	113	10	77	90	86	109	21	92
0	0	0	0	0	0	0	0	50	8	125	28	27	110	124	31	115	58	72	22	34	96	123	97	84	88	47	63	49	55	68	34	62	39	82	27	71	85	123	82	118	10	126	27	59	97	105	79	56	72	112	106	85	59	29	71	98	19	48	23	50	92	36	6	92	51	106	57	101	125	121	90	13	104	89	75	23	98	30	49	13	97	120	63	105	78	5	76	125	27	67	69	117	131	62	75	13	121	55	126	36	42	111	73	12	75	83	47	37	7	30	50	44	129	115	79	124	129	14	129	53	39	122	117	124	42	59	20
0	0	0	0	0	0	0	0	0	79	14	10	64	51	87	40	65	35	88	31	31	110	112	91	122	89	39	112	68	49	50	36	17	82	13	55	59	108	124	122	126	31	107	52	53	100	27	111	95	131	100	52	116	46	56	118	45	13	106	60	28	116	45	103	57	19	56	7	55	70	82	65	55	94	93	75	45	56	70	19	120	68	132	118	60	127	86	65	101	14	116	76	83	38	29	134	20	33	81	129	12	67	19	104	18	66	37	21	128	132	41	85	81	13	66	89	35	7	103	24	87	96	5	113	51	13	109	45
0	0	0	0	0	0	0	0	0	0	73	48	45	37	66	119	3	24	35	23	120	80	93	134	8	26	92	6	73	53	33	101	28	35	44	29	95	65	85	56	130	93	130	83	87	69	108	87	63	116	9	23	114	97	92	19	46	124	63	91	119	117	37	32	107	80	57	50	9	77	79	76	96	104	76	75	97	90	57	117	48	63	74	92	28	25	45	127	16	72	53	36	33	91	70	43	107	25	115	135	39	67	95	57	93	10	16	18	65	6	72	82	100	63	112	28	118	124	84	97	35	16	83	31	13	129	67	119
0	0	0	0	0	0	0	0	0	0	0	11	29	125	102	127	86	52	55	130	11	84	63	13	122	120	30	71	83	130	77	116	84	82	118	79	92	25	19	115	89	35	28	18	100	88	36	52	104	125	63	19	10	105	96	122	107	46	67	74	34	117	63	60	78	33	114	69	53	133	21	48	131	20	54	71	12	65	108	19	51	40	102	76	76	49	108	30	8	53	33	110	26	67	13	108	99	61	47	11	47	125	8	71	120	92	114	85	35	95	34	97	21	19	121	59	30	34	98	118	128	76	130	98	41	71	18	102
0	0	0	0	0	0	0	0	0	0	0	0	14	36	41	95	69	35	93	119	61	6	26	65	66	118	95	81	73	124	125	28	73	19	132	95	57	103	24	32	16	65	112	38	64	130	26	103	53	67	125	38	120	125	58	43	30	56	38	92	92	41	4	95	49	36	96	117	80	31	82	44	83	17	42	43	18	80	36	76	20	56	129	123	64	123	126	106	100	20	104	24	90	126	39	110	123	54	101	18	42	117	117	5	44	70	73	127	32	34	94	86	86	117	55	114	74	98	91	102	131	110	91	43	27	33	41	74
0	0	0	0	0	0	0	0	0	0	0	0	0	123	93	121	39	78	58	87	46	83	114	108	71	101	132	135	81	29	95	51	54	51	57	41	59	79	129	77	94	55	134	59	134	115	15	101	10	28	33	77	94	126	53	61	85	104	27	18	28	44	92	103	125	112	17	44	119	123	11	75	68	63	67	128	35	83	61	28	82	39	72	55	82	93	29	62	127	44	94	43	129	79	117	13	82	17	111	77	73	114	64	23	117	8	50	71	90	99	25	12	82	135	30	136	104	10	17	46	128	58	32	63	74	35	48	66
0	0	0	0	0	0	0	0	0	0	0	0	0	0	57	19	108	35	68	49	99	47	33	90	76	20	58	87	72	96	10	86	122	42	115	98	60	89	71	51	119	76	30	59	31	95	119	51	113	91	86	54	35	3	30	135	74	50	104	122	30	73	93	28	98	40	21	87	100	112	69	48	35	106	115	27	100	129	87	114	28	130	97	24	65	100	25	72	134	31	108	12	89	81	19	30	80	100	89	120	32	73	129	40	28	62	16	17	15	34	40	79	90	124	48	20	130	84	106	98	55	12	83	53	101	11	37	55
0	0	0	0	0	0	0	0	0	0	0	0	0	0	0	75	40	59	37	58	24	108	97	97	62	52	80	30	32	31	16	71	119	38	73	113	28	115	76	43	98	111	119	35	3	96	39	90	53	140	42	93	11	71	72	118	80	88	82	47	71	113	29	74	127	60	75	63	64	122	36	133	131	96	25	69	51	116	65	83	80	73	80	15	107	58	80	78	95	48	29	54	21	24	110	77	18	35	77	96	129	52	17	54	16	133	49	142	27	57	91	40	17	134	35	86	118	26	120	109	43	118	79	87	70	90	21	30
0	0	0	0	0	0	0	0	0	0	0	0	0	0	0	0	101	17	43	23	59	107	108	23	113	29	63	55	7	76	112	103	125	109	99	38	134	104	88	65	97	49	4	20	81	112	83	69	65	64	54	82	93	58	54	46	84	120	87	50	64	77	15	45	21	26	76	115	131	15	41	121	86	7	104	122	17	132	37	140	39	108	22	94	77	65	102	100	76	72	30	18	82	11	110	134	113	97	45	133	13	20	115	75	6	75	58	31	94	83	49	53	124	125	47	103	36	109	133	44	109	105	29	107	58	26	115	56
0	0	0	0	0	0	0	0	0	0	0	0	0	0	0	0	0	111	85	88	39	52	88	130	65	53	133	141	64	38	95	115	126	117	89	100	97	89	126	32	39	68	122	66	52	133	83	120	73	41	86	25	102	25	57	124	105	68	36	71	88	111	17	30	51	14	18	29	62	27	72	128	140	75	105	80	113	99	132	64	104	102	35	16	35	32	76	126	21	54	76	124	85	25	128	57	131	58	69	19	45	67	56	71	64	87	8	126	128	125	117	17	29	48	53	61	95	94	40	111	77	85	87	94	56	34	24	40
0	0	0	0	0	0	0	0	0	0	0	0	0	0	0	0	0	0	28	103	57	115	65	27	103	57	54	27	36	49	24	83	30	23	61	104	135	44	73	66	47	80	67	68	23	20	89	66	76	120	96	45	119	124	23	117	121	60	84	64	17	76	104	35	118	90	70	126	18	112	54	54	109	37	89	115	130	121	37	70	77	55	58	125	86	113	35	103	117	130	88	88	16	88	135	119	87	41	60	35	85	87	18	60	110	93	102	81	34	40	45	39	86	25	70	10	55	37	85	83	43	61	23	64	83	62	23	96
0	0	0	0	0	0	0	0	0	0	0	0	0	0	0	0	0	0	0	53	33	100	31	12	86	127	31	138	132	127	122	35	70	13	14	74	133	129	23	71	70	74	77	49	51	81	15	74	136	104	84	119	125	23	84	111	36	96	93	94	124	66	33	30	124	105	28	54	88	36	91	134	110	82	114	66	17	117	126	102	135	24	135	94	58	103	72	30	39	133	16	93	67	43	111	92	130	127	67	111	88	136	51	69	71	93	40	53	108	105	44	93	31	99	40	127	128	136	83	130	73	63	97	16	107	99	42	34
0	0	0	0	0	0	0	0	0	0	0	0	0	0	0	0	0	0	0	0	56	112	87	55	18	68	134	83	41	91	126	36	30	97	70	118	122	26	93	68	74	92	97	118	32	50	110	75	33	69	10	101	40	107	51	12	29	71	43	89	95	108	37	65	80	18	80	42	69	67	38	53	100	107	117	25	23	28	22	22	110	78	123	7	21	98	103	105	53	110	102	88	93	28	119	61	129	129	25	36	51	132	79	46	76	129	86	71	10	21	129	63	48	92	63	114	98	74	83	49	90	137	93	79	12	102	90	101
0	0	0	0	0	0	0	0	0	0	0	0	0	0	0	0	0	0	0	0	0	41	83	80	82	35	139	67	72	31	92	90	22	47	112	68	29	57	134	103	55	104	103	126	91	20	78	134	31	117	97	58	41	75	113	31	37	95	105	46	28	66	30	118	32	84	14	96	110	74	50	101	73	28	36	96	55	16	20	101	101	15	57	84	42	79	80	119	66	99	141	9	73	118	116	72	125	125	89	33	20	65	101	49	88	98	123	80	44	136	123	18	60	37	62	128	86	107	126	97	83	91	87	54	99	31	45	4
0	0	0	0	0	0	0	0	0	0	0	0	0	0	0	0	0	0	0	0	0	0	13	73	12	42	59	130	54	94	127	79	94	31	42	43	130	28	35	106	80	77	28	56	26	116	83	70	109	35	79	49	138	109	39	105	7	22	20	137	86	79	110	109	95	36	130	78	16	36	23	134	11	90	110	79	99	124	63	113	105	121	54	22	33	124	26	59	26	109	20	96	113	106	108	13	131	90	131	131	25	74	107	61	44	75	16	33	59	74	125	56	142	93	113	134	76	32	130	40	126	62	52	41	31	36	120	63
0	0	0	0	0	0	0	0	0	0	0	0	0	0	0	0	0	0	0	0	0	0	0	125	83	132	102	138	68	39	98	22	39	89	62	138	89	27	125	82	46	127	79	143	40	95	85	111	106	31	46	89	39	135	59	137	137	103	82	123	33	105	78	26	24	102	110	98	82	37	27	96	96	10	99	123	102	35	79	112	90	76	76	94	79	130	90	116	115	105	127	129	45	98	109	63	135	92	48	42	55	19	132	85	126	119	123	50	56	134	91	68	115	136	109	31	72	128	112	122	30	95	88	108	135	25	88	43
0	0	0	0	0	0	0	0	0	0	0	0	0	0	0	0	0	0	0	0	0	0	0	0	88	10	83	20	69	54	36	70	41	126	24	120	79	54	25	108	3	107	96	89	121	123	107	64	73	132	111	79	92	87	105	56	131	34	125	104	118	132	39	129	100	136	112	45	40	115	126	96	39	86	57	55	74	99	87	139	142	103	24	58	114	104	37	125	122	92	114	19	56	75	51	27	89	47	66	133	137	62	107	96	128	26	126	24	87	77	31	28	65	75	145	47	22	49	94	14	103	36	97	89	117	102	14	121
0	0	0	0	0	0	0	0	0	0	0	0	0	0	0	0	0	0	0	0	0	0	0	0	0	73	47	26	132	52	92	117	150	120	75	76	78	41	105	29	133	131	90	72	128	22	43	58	27	107	111	125	49	60	28	14	62	73	71	122	22	66	111	110	83	24	110	56	122	35	25	127	65	38	76	64	61	122	61	126	118	34	82	123	47	89	81	28	15	93	15	132	110	69	107	105	129	113	51	127	106	141	46	57	48	107	38	65	78	26	63	102	38	132	91	134	75	91	31	22	75	68	123	102	40	23	27	129
0	0	0	0	0	0	0	0	0	0	0	0	0	0	0	0	0	0	0	0	0	0	0	0	0	0	30	6	134	100	141	111	63	71	42	27	139	135	100	51	58	64	56	132	42	36	34	48	96	20	18	83	39	75	24	101	91	70	62	105	102	115	59	56	123	83	81	62	111	149	63	86	111	64	85	63	62	75	73	26	57	65	131	52	66	25	114	110	82	97	92	112	146	92	43	69	129	131	106	107	106	77	78	62	107	119	130	77	122	46	80	75	20	81	118	82	107	84	62	110	16	90	56	33	67	113	80	135
0	0	0	0	0	0	0	0	0	0	0	0	0	0	0	0	0	0	0	0	0	0	0	0	0	0	0	78	130	103	114	121	66	126	132	59	34	113	32	131	49	116	11	32	90	55	28	39	119	29	44	119	16	90	118	97	143	116	117	24	85	91	21	148	149	31	119	104	46	25	39	81	68	69	15	93	117	105	126	37	102	80	87	68	51	112	58	108	71	38	94	145	150	72	59	115	39	37	50	136	32	75	98	23	138	42	102	45	110	90	73	38	47	49	63	106	90	146	48	17	81	57	69	43	48	133	33	125
0	0	0	0	0	0	0	0	0	0	0	0	0	0	0	0	0	0	0	0	0	0	0	0	0	0	0	0	118	34	29	53	33	111	102	125	115	77	112	109	34	20	123	147	26	56	141	131	86	112	94	55	75	36	59	82	38	29	23	102	88	31	70	141	103	83	103	147	36	37	58	69	125	67	131	96	42	43	48	100	150	41	90	34	58	35	102	122	122	37	109	37	33	146	56	116	53	107	89	127	4	33	58	54	68	111	104	59	65	41	47	107	38	131	28	127	142	39	86	109	24	66	49	50	59	92	42	133
0	0	0	0	0	0	0	0	0	0	0	0	0	0	0	0	0	0	0	0	0	0	0	0	0	0	0	0	0	44	102	86	53	90	58	70	27	49	101	113	74	65	44	77	22	75	83	100	138	26	131	118	106	121	122	29	31	83	108	90	82	70	115	55	125	114	89	32	26	90	30	116	23	130	53	103	17	121	125	72	20	24	24	109	41	13	21	111	68	107	95	40	118	137	3	35	137	99	139	45	45	115	105	56	152	108	90	60	126	80	20	122	116	118	72	37	156	78	36	105	65	109	56	52	29	73	28	52
0	0	0	0	0	0	0	0	0	0	0	0	0	0	0	0	0	0	0	0	0	0	0	0	0	0	0	0	0	0	152	64	87	112	14	89	57	68	63	114	134	27	59	80	104	47	74	26	29	90	150	134	69	64	49	56	77	136	83	103	47	75	81	71	85	126	12	51	154	33	118	34	68	147	82	114	92	118	112	28	113	94	57	58	148	99	49	156	40	63	77	29	60	134	116	91	109	80	64	22	115	140	50	124	54	128	99	119	132	63	107	13	130	134	33	123	70	125	117	138	35	44	65	84	116	39	85	29
0	0	0	0	0	0	0	0	0	0	0	0	0	0	0	0	0	0	0	0	0	0	0	0	0	0	0	0	0	0	0	85	66	89	60	105	74	97	118	136	136	131	129	99	35	26	83	19	65	115	67	151	73	127	129	87	123	54	119	75	115	31	133	105	132	117	152	100	83	43	151	42	52	105	56	86	113	40	118	57	105	102	143	148	115	103	135	39	20	27	92	76	37	25	125	34	81	22	24	56	65	109	17	131	90	56	83	89	151	41	42	110	11	132	118	102	56	126	29	38	19	74	69	89	26	73	16	28
0	0	0	0	0	0	0	0	0	0	0	0	0	0	0	0	0	0	0	0	0	0	0	0	0	0	0	0	0	0	0	0	95	70	71	25	46	48	22	63	116	129	71	15	70	127	134	60	87	19	77	119	31	131	16	54	109	115	55	122	114	83	40	34	71	74	140	80	107	122	77	126	74	101	27	94	94	12	29	42	24	133	115	29	106	24	131	52	20	123	49	145	114	140	62	81	93	48	94	21	88	9	69	116	72	98	46	26	96	52	132	151	154	18	47	37	36	104	21	140	134	79	78	90	23	136	77	57
0	0	0	0	0	0	0	0	0	0	0	0	0	0	0	0	0	0	0	0	0	0	0	0	0	0	0	0	0	0	0	0	0	144	79	114	31	22	40	27	56	127	112	42	133	45	100	46	82	15	62	88	13	103	56	67	128	128	128	127	128	38	97	9	93	104	120	104	122	29	130	57	130	114	75	142	102	134	138	78	24	19	15	87	139	80	52	125	104	103	89	137	92	119	88	28	109	118	80	85	61	34	107	35	129	16	77	51	72	62	31	67	34	88	115	24	78	124	121	50	47	150	74	84	20	82	84	104
0	0	0	0	0	0	0	0	0	0	0	0	0	0	0	0	0	0	0	0	0	0	0	0	0	0	0	0	0	0	0	0	0	0	16	106	134	93	104	118	107	61	121	148	74	126	132	44	108	93	106	122	116	106	146	103	110	41	104	98	22	26	63	136	98	44	70	73	109	94	52	19	56	70	83	13	153	142	62	33	83	133	40	139	93	90	91	30	152	88	61	147	133	97	24	118	105	52	142	82	63	96	106	44	142	74	94	74	95	53	23	103	36	71	42	38	31	51	93	113	41	28	25	24	28	154	73	97
0	0	0	0	0	0	0	0	0	0	0	0	0	0	0	0	0	0	0	0	0	0	0	0	0	0	0	0	0	0	0	0	0	0	0	69	117	74	139	45	93	111	79	78	29	12	138	130	54	47	93	129	112	87	130	113	133	38	74	90	70	79	142	100	48	101	80	97	22	69	97	30	148	113	146	126	85	58	75	127	138	47	44	120	44	119	44	14	43	43	89	13	129	46	46	120	130	86	113	95	91	55	133	40	103	67	43	115	64	125	20	109	94	105	19	46	89	132	60	80	43	64	64	75	54	76	104	131
0	0	0	0	0	0	0	0	0	0	0	0	0	0	0	0	0	0	0	0	0	0	0	0	0	0	0	0	0	0	0	0	0	0	0	0	49	34	34	32	91	85	48	60	47	73	68	31	74	108	97	63	107	100	79	14	69	121	76	98	130	114	75	111	74	122	155	33	56	64	24	153	122	89	56	116	131	136	45	116	125	108	37	115	114	97	135	59	92	138	43	38	69	118	32	120	100	51	117	91	41	80	138	89	28	54	54	100	117	140	126	46	56	94	59	146	34	89	72	95	83	32	57	141	4	48	113	136
0	0	0	0	0	0	0	0	0	0	0	0	0	0	0	0	0	0	0	0	0	0	0	0	0	0	0	0	0	0	0	0	0	0	0	0	0	82	88	96	22	39	94	120	66	111	124	55	92	90	60	26	91	76	46	76	87	106	95	128	74	105	34	130	110	116	27	81	162	135	67	118	134	106	13	127	73	118	98	112	118	141	24	51	86	155	93	74	61	83	45	116	76	123	99	53	100	146	41	100	54	30	102	112	123	55	75	95	110	26	92	133	55	35	122	124	116	65	96	63	56	109	130	128	87	69	27	108
0	0	0	0	0	0	0	0	0	0	0	0	0	0	0	0	0	0	0	0	0	0	0	0	0	0	0	0	0	0	0	0	0	0	0	0	0	0	37	133	121	151	75	34	107	148	130	14	22	130	153	18	102	18	70	154	43	47	25	79	39	40	45	110	132	133	132	93	64	76	63	42	50	25	124	49	51	51	151	125	78	83	36	68	122	99	31	155	60	99	86	63	94	130	38	66	28	123	52	139	62	19	100	69	164	84	60	126	50	106	79	121	74	21	21	115	49	89	141	143	121	21	136	68	71	126	137	93
0	0	0	0	0	0	0	0	0	0	0	0	0	0	0	0	0	0	0	0	0	0	0	0	0	0	0	0	0	0	0	0	0	0	0	0	0	0	0	67	61	25	87	114	50	152	153	65	68	34	101	89	58	161	73	129	55	39	37	66	77	62	127	75	33	80	140	28	123	75	94	41	63	30	104	100	135	125	53	160	15	28	89	83	58	103	61	60	47	35	48	95	133	139	117	49	14	81	101	154	113	82	134	49	34	94	49	122	94	130	130	38	133	110	119	100	62	102	81	137	80	54	82	69	59	98	84	107
0	0	0	0	0	0	0	0	0	0	0	0	0	0	0	0	0	0	0	0	0	0	0	0	0	0	0	0	0	0	0	0	0	0	0	0	0	0	0	0	80	125	10	51	16	57	73	133	30	53	86	100	71	55	107	110	112	156	27	28	153	74	100	135	32	39	133	80	97	81	85	62	72	143	61	104	131	121	90	23	108	50	97	109	108	113	85	64	113	11	98	59	135	107	69	24	28	135	4	102	60	98	98	25	98	128	88	95	43	128	25	72	120	94	46	72	31	148	5	144	124	85	40	38	50	39	71	73
0	0	0	0	0	0	0	0	0	0	0	0	0	0	0	0	0	0	0	0	0	0	0	0	0	0	0	0	0	0	0	0	0	0	0	0	0	0	0	0	0	69	59	125	149	20	61	139	134	33	88	77	39	61	29	36	134	121	119	63	25	109	89	147	37	131	78	138	122	138	56	98	120	133	55	150	28	5	101	110	87	83	26	108	102	120	115	54	60	45	32	106	95	43	18	58	52	91	139	70	119	46	128	95	32	49	14	50	151	130	130	66	79	103	141	52	76	115	121	76	107	32	31	62	84	88	87	97
0	0	0	0	0	0	0	0	0	0	0	0	0	0	0	0	0	0	0	0	0	0	0	0	0	0	0	0	0	0	0	0	0	0	0	0	0	0	0	0	0	0	129	110	120	120	22	93	131	19	121	85	77	75	111	140	127	89	106	43	134	139	28	70	120	115	44	39	119	110	107	71	135	149	104	57	129	137	87	24	37	50	108	113	90	109	100	83	107	119	91	44	145	120	59	92	21	25	117	45	20	54	130	159	144	145	107	109	43	152	113	125	113	136	88	103	95	110	60	131	87	89	101	61	137	165	118	82
0	0	0	0	0	0	0	0	0	0	0	0	0	0	0	0	0	0	0	0	0	0	0	0	0	0	0	0	0	0	0	0	0	0	0	0	0	0	0	0	0	0	0	135	133	48	50	62	116	135	35	138	78	138	113	58	115	64	65	120	51	43	83	37	52	93	110	91	83	111	158	93	124	37	111	142	11	131	109	82	91	57	113	81	135	48	25	111	97	52	135	59	168	121	14	88	57	90	124	86	78	33	102	140	68	72	148	51	86	120	22	100	107	155	8	61	56	53	53	63	115	126	126	124	164	71	104	78
0	0	0	0	0	0	0	0	0	0	0	0	0	0	0	0	0	0	0	0	0	0	0	0	0	0	0	0	0	0	0	0	0	0	0	0	0	0	0	0	0	0	0	0	60	97	86	75	100	163	49	42	39	63	106	114	124	82	123	55	24	76	9	28	103	28	122	104	58	130	140	74	88	63	31	91	132	139	100	73	128	4	77	157	35	144	38	83	60	76	81	42	79	72	96	131	109	93	27	153	21	14	53	105	115	36	23	80	8	19	130	52	82	163	141	69	142	84	91	44	36	93	107	108	69	113	143	138
0	0	0	0	0	0	0	0	0	0	0	0	0	0	0	0	0	0	0	0	0	0	0	0	0	0	0	0	0	0	0	0	0	0	0	0	0	0	0	0	0	0	0	0	0	95	105	122	150	145	107	35	131	143	106	128	61	68	83	21	22	99	49	18	41	43	115	155	23	130	166	23	97	48	74	90	85	136	111	67	134	86	108	121	136	23	149	73	31	58	74	10	82	88	121	33	80	45	116	55	99	98	129	146	57	111	57	71	85	78	99	130	38	134	168	52	32	170	44	52	83	18	62	12	86	127	107	84
0	0	0	0	0	0	0	0	0	0	0	0	0	0	0	0	0	0	0	0	0	0	0	0	0	0	0	0	0	0	0	0	0	0	0	0	0	0	0	0	0	0	0	0	0	0	36	114	53	56	86	42	55	109	106	58	95	118	90	56	70	86	36	96	88	65	39	121	45	88	121	38	148	108	29	21	114	18	110	75	121	115	47	135	146	108	99	102	92	13	37	135	97	145	48	94	93	144	166	41	24	81	137	93	32	121	108	52	73	134	37	157	31	110	41	143	141	146	104	56	72	51	73	131	44	45	71	23
0	0	0	0	0	0	0	0	0	0	0	0	0	0	0	0	0	0	0	0	0	0	0	0	0	0	0	0	0	0	0	0	0	0	0	0	0	0	0	0	0	0	0	0	0	0	0	163	104	65	159	101	167	100	123	97	108	37	101	41	78	30	84	77	55	22	132	57	87	41	154	66	160	102	124	165	67	102	48	24	159	150	91	28	18	62	129	49	20	105	19	95	108	126	148	99	132	143	130	98	132	146	46	56	132	141	12	101	87	110	124	126	134	86	108	46	55	40	50	50	75	28	86	52	114	65	107	122
0	0	0	0	0	0	0	0	0	0	0	0	0	0	0	0	0	0	0	0	0	0	0	0	0	0	0	0	0	0	0	0	0	0	0	0	0	0	0	0	0	0	0	0	0	0	0	0	119	71	47	65	92	82	62	27	21	88	71	90	59	66	13	30	134	132	95	148	52	16	157	43	59	128	57	146	114	170	107	54	61	112	74	63	34	45	162	120	150	107	156	60	142	136	93	148	46	13	46	146	167	88	104	159	156	90	33	134	159	9	64	35	25	125	86	122	44	145	111	126	68	43	92	69	134	51	90	56
0	0	0	0	0	0	0	0	0	0	0	0	0	0	0	0	0	0	0	0	0	0	0	0	0	0	0	0	0	0	0	0	0	0	0	0	0	0	0	0	0	0	0	0	0	0	0	0	0	137	158	108	78	39	54	124	136	63	109	59	118	92	50	69	53	147	100	106	53	30	80	32	84	166	122	90	99	141	25	72	152	88	119	127	114	85	54	167	89	168	32	150	13	57	96	122	117	10	166	109	119	59	137	117	61	57	110	127	55	118	54	99	64	20	46	100	123	64	143	158	96	73	94	74	17	98	85	119
0	0	0	0	0	0	0	0	0	0	0	0	0	0	0	0	0	0	0	0	0	0	0	0	0	0	0	0	0	0	0	0	0	0	0	0	0	0	0	0	0	0	0	0	0	0	0	0	0	0	80	60	110	48	84	42	140	73	112	125	76	121	157	51	154	26	105	153	82	137	133	141	95	24	29	78	113	80	171	74	32	107	82	167	87	115	89	25	43	94	114	122	60	59	33	93	150	113	83	141	101	77	110	84	78	171	125	117	115	54	84	30	114	71	80	101	169	163	8	73	142	87	133	48	134	123	98	84
0	0	0	0	0	0	0	0	0	0	0	0	0	0	0	0	0	0	0	0	0	0	0	0	0	0	0	0	0	0	0	0	0	0	0	0	0	0	0	0	0	0	0	0	0	0	0	0	0	0	0	139	100	115	51	97	168	87	107	90	55	153	115	28	81	35	59	52	166	42	75	14	139	75	53	128	119	128	126	24	120	115	147	24	131	94	129	45	119	68	28	55	117	18	122	107	125	79	75	83	117	113	31	120	61	150	86	88	67	88	89	65	99	121	53	167	96	52	71	157	59	26	156	98	145	87	104	47
0	0	0	0	0	0	0	0	0	0	0	0	0	0	0	0	0	0	0	0	0	0	0	0	0	0	0	0	0	0	0	0	0	0	0	0	0	0	0	0	0	0	0	0	0	0	0	0	0	0	0	0	167	122	96	141	105	61	84	151	137	142	23	44	118	123	152	128	45	152	69	99	120	54	83	69	165	136	150	25	66	95	81	63	109	47	131	75	22	29	77	128	38	135	101	141	144	139	135	127	175	133	122	76	139	149	125	77	55	57	95	56	120	11	137	72	153	111	44	86	114	85	115	79	115	17	65	48
0	0	0	0	0	0	0	0	0	0	0	0	0	0	0	0	0	0	0	0	0	0	0	0	0	0	0	0	0	0	0	0	0	0	0	0	0	0	0	0	0	0	0	0	0	0	0	0	0	0	0	0	0	109	99	59	14	110	94	118	97	140	152	29	45	110	112	111	20	19	163	100	53	79	96	150	47	156	108	107	87	67	109	58	103	103	98	161	72	83	35	76	153	45	91	20	119	63	95	21	42	31	167	128	114	91	136	135	147	57	46	151	70	85	159	78	177	46	81	83	41	160	90	156	64	157	46	80
0	0	0	0	0	0	0	0	0	0	0	0	0	0	0	0	0	0	0	0	0	0	0	0	0	0	0	0	0	0	0	0	0	0	0	0	0	0	0	0	0	0	0	0	0	0	0	0	0	0	0	0	0	0	122	29	82	101	108	83	96	40	106	125	55	65	128	165	95	177	84	149	134	94	167	115	124	83	28	78	4	114	117	80	86	108	61	121	103	43	126	69	127	120	112	25	127	141	40	95	87	53	136	25	61	147	86	140	105	134	121	132	15	129	36	102	112	86	124	62	86	152	102	55	96	25	86	114
0	0	0	0	0	0	0	0	0	0	0	0	0	0	0	0	0	0	0	0	0	0	0	0	0	0	0	0	0	0	0	0	0	0	0	0	0	0	0	0	0	0	0	0	0	0	0	0	0	0	0	0	0	0	0	15	106	134	83	27	134	105	82	130	13	55	121	41	32	172	81	39	178	80	76	92	139	84	53	38	144	125	159	50	130	60	131	55	95	34	31	111	157	84	148	143	78	121	131	56	117	144	103	49	53	141	75	139	99	64	120	134	141	28	105	114	68	156	115	25	70	101	75	121	60	151	72	27
0	0	0	0	0	0	0	0	0	0	0	0	0	0	0	0	0	0	0	0	0	0	0	0	0	0	0	0	0	0	0	0	0	0	0	0	0	0	0	0	0	0	0	0	0	0	0	0	0	0	0	0	0	0	0	0	137	152	60	162	165	24	23	59	45	129	37	50	114	103	139	139	52	91	155	20	79	148	45	102	130	65	153	28	114	43	72	127	26	46	132	49	155	142	72	43	126	38	67	49	66	59	149	46	57	72	67	91	19	59	60	122	126	127	33	61	118	136	161	69	44	58	150	86	4	119	77	28
0	0	0	0	0	0	0	0	0	0	0	0	0	0	0	0	0	0	0	0	0	0	0	0	0	0	0	0	0	0	0	0	0	0	0	0	0	0	0	0	0	0	0	0	0	0	0	0	0	0	0	0	0	0	0	0	0	100	44	110	64	76	114	154	125	78	52	29	32	19	63	89	105	111	50	85	14	52	93	114	103	47	37	54	54	132	96	143	130	31	65	133	94	50	95	123	104	100	149	133	95	101	20	115	26	89	166	151	68	62	103	69	154	17	136	65	127	65	45	90	138	140	128	160	27	86	160	66
0	0	0	0	0	0	0	0	0	0	0	0	0	0	0	0	0	0	0	0	0	0	0	0	0	0	0	0	0	0	0	0	0	0	0	0	0	0	0	0	0	0	0	0	0	0	0	0	0	0	0	0	0	0	0	0	0	0	69	119	144	31	71	100	146	57	135	122	9	175	129	133	181	119	70	70	89	102	67	57	130	28	162	154	72	175	20	69	128	85	129	169	112	99	126	88	151	59	70	73	74	92	54	83	61	136	79	41	157	148	76	164	112	57	71	77	19	136	86	64	104	104	94	40	51	170	155	102
0	0	0	0	0	0	0	0	0	0	0	0	0	0	0	0	0	0	0	0	0	0	0	0	0	0	0	0	0	0	0	0	0	0	0	0	0	0	0	0	0	0	0	0	0	0	0	0	0	0	0	0	0	0	0	0	0	0	0	134	46	150	104	138	95	122	97	62	78	55	128	116	40	41	95	139	37	71	136	120	147	127	101	137	87	110	96	154	133	19	104	105	121	179	57	81	181	121	94	73	75	112	125	59	155	14	69	52	44	67	157	14	59	50	181	21	134	147	134	78	123	74	67	70	176	80	104	90
0	0	0	0	0	0	0	0	0	0	0	0	0	0	0	0	0	0	0	0	0	0	0	0	0	0	0	0	0	0	0	0	0	0	0	0	0	0	0	0	0	0	0	0	0	0	0	0	0	0	0	0	0	0	0	0	0	0	0	0	81	121	21	103	110	117	4	106	145	33	176	102	125	88	135	61	110	182	17	166	132	111	65	79	110	89	162	92	53	137	148	79	46	61	17	57	145	61	114	51	167	76	90	100	131	151	169	165	134	74	138	33	76	99	81	61	65	60	80	163	85	114	59	114	131	29	111	99
0	0	0	0	0	0	0	0	0	0	0	0	0	0	0	0	0	0	0	0	0	0	0	0	0	0	0	0	0	0	0	0	0	0	0	0	0	0	0	0	0	0	0	0	0	0	0	0	0	0	0	0	0	0	0	0	0	0	0	0	0	133	114	118	107	28	55	32	100	34	21	22	169	9	19	101	32	111	139	53	81	124	144	60	159	105	64	78	83	151	112	170	66	160	116	142	112	79	59	94	69	136	23	146	144	81	9	39	54	31	115	105	40	108	124	132	113	67	52	175	63	134	85	51	85	63	37	142
0	0	0	0	0	0	0	0	0	0	0	0	0	0	0	0	0	0	0	0	0	0	0	0	0	0	0	0	0	0	0	0	0	0	0	0	0	0	0	0	0	0	0	0	0	0	0	0	0	0	0	0	0	0	0	0	0	0	0	0	0	0	75	35	162	168	28	171	65	153	65	127	113	88	158	124	50	139	125	91	98	153	62	142	141	66	116	60	75	128	114	89	112	140	159	69	54	62	159	112	108	155	152	91	133	50	140	33	169	130	43	75	82	161	82	98	80	133	84	57	152	58	93	86	122	70	43	131
0	0	0	0	0	0	0	0	0	0	0	0	0	0	0	0	0	0	0	0	0	0	0	0	0	0	0	0	0	0	0	0	0	0	0	0	0	0	0	0	0	0	0	0	0	0	0	0	0	0	0	0	0	0	0	0	0	0	0	0	0	0	0	161	87	68	57	70	152	104	13	82	116	60	144	67	138	127	146	126	45	87	86	151	44	119	113	114	115	105	122	52	47	131	19	54	72	95	55	142	70	72	122	149	31	97	165	122	17	26	97	72	74	167	188	143	113	25	86	40	44	163	58	127	127	121	92	116
0	0	0	0	0	0	0	0	0	0	0	0	0	0	0	0	0	0	0	0	0	0	0	0	0	0	0	0	0	0	0	0	0	0	0	0	0	0	0	0	0	0	0	0	0	0	0	0	0	0	0	0	0	0	0	0	0	0	0	0	0	0	0	0	101	104	158	143	115	152	83	86	153	92	102	56	140	73	128	31	158	80	72	36	159	160	57	72	143	85	92	169	136	92	78	89	56	45	41	119	133	63	77	115	48	64	95	139	56	63	93	114	94	12	106	73	148	140	163	51	129	70	30	129	181	74	90	134
0	0	0	0	0	0	0	0	0	0	0	0	0	0	0	0	0	0	0	0	0	0	0	0	0	0	0	0	0	0	0	0	0	0	0	0	0	0	0	0	0	0	0	0	0	0	0	0	0	0	0	0	0	0	0	0	0	0	0	0	0	0	0	0	0	161	71	123	94	119	130	154	126	100	144	79	53	133	151	160	63	123	66	67	130	137	74	35	69	168	21	126	69	51	105	101	107	147	62	117	145	89	53	169	77	51	45	95	134	102	7	80	45	103	91	122	89	150	42	59	162	139	48	45	70	72	37	117
0	0	0	0	0	0	0	0	0	0	0	0	0	0	0	0	0	0	0	0	0	0	0	0	0	0	0	0	0	0	0	0	0	0	0	0	0	0	0	0	0	0	0	0	0	0	0	0	0	0	0	0	0	0	0	0	0	0	0	0	0	0	0	0	0	0	100	69	127	122	53	91	125	102	105	158	146	105	79	39	77	115	98	155	150	61	78	132	154	36	125	19	119	117	123	24	96	47	102	18	187	80	51	85	179	85	135	49	70	37	120	167	165	82	79	100	106	64	161	65	130	99	136	143	81	27	69	67
0	0	0	0	0	0	0	0	0	0	0	0	0	0	0	0	0	0	0	0	0	0	0	0	0	0	0	0	0	0	0	0	0	0	0	0	0	0	0	0	0	0	0	0	0	0	0	0	0	0	0	0	0	0	0	0	0	0	0	0	0	0	0	0	0	0	0	77	62	169	128	72	154	73	38	51	71	110	47	40	71	56	127	134	91	53	188	103	17	78	160	76	116	166	113	125	154	101	87	60	49	60	117	116	138	112	102	111	134	61	141	171	64	136	40	124	113	21	119	52	135	59	46	94	40	49	168	132
0	0	0	0	0	0	0	0	0	0	0	0	0	0	0	0	0	0	0	0	0	0	0	0	0	0	0	0	0	0	0	0	0	0	0	0	0	0	0	0	0	0	0	0	0	0	0	0	0	0	0	0	0	0	0	0	0	0	0	0	0	0	0	0	0	0	0	0	179	177	163	76	147	177	142	87	125	106	102	131	61	100	64	64	92	122	34	7	81	167	167	79	142	64	146	185	42	44	125	49	189	140	59	113	74	20	112	107	126	65	57	121	56	156	81	41	94	65	77	140	128	41	42	70	95	158	111	146
0	0	0	0	0	0	0	0	0	0	0	0	0	0	0	0	0	0	0	0	0	0	0	0	0	0	0	0	0	0	0	0	0	0	0	0	0	0	0	0	0	0	0	0	0	0	0	0	0	0	0	0	0	0	0	0	0	0	0	0	0	0	0	0	0	0	0	0	0	170	143	145	118	89	58	70	40	104	86	64	64	128	42	120	169	76	96	97	76	92	77	39	136	48	95	77	95	96	56	103	47	48	107	60	80	105	98	64	140	71	137	47	162	114	177	114	141	9	70	18	100	147	99	95	67	84	152	35
0	0	0	0	0	0	0	0	0	0	0	0	0	0	0	0	0	0	0	0	0	0	0	0	0	0	0	0	0	0	0	0	0	0	0	0	0	0	0	0	0	0	0	0	0	0	0	0	0	0	0	0	0	0	0	0	0	0	0	0	0	0	0	0	0	0	0	0	0	0	134	113	114	68	169	63	47	93	79	114	74	118	127	113	87	102	31	158	84	77	129	61	79	120	9	107	128	145	94	39	69	94	155	60	128	27	105	147	41	68	28	132	94	129	46	92	126	91	96	38	112	128	148	24	80	98	59	118
0	0	0	0	0	0	0	0	0	0	0	0	0	0	0	0	0	0	0	0	0	0	0	0	0	0	0	0	0	0	0	0	0	0	0	0	0	0	0	0	0	0	0	0	0	0	0	0	0	0	0	0	0	0	0	0	0	0	0	0	0	0	0	0	0	0	0	0	0	0	0	62	152	93	129	161	135	129	78	182	187	148	89	140	168	102	124	77	57	105	83	138	111	51	122	136	162	30	90	93	65	35	47	107	102	146	77	131	79	139	126	149	84	60	108	154	30	169	68	34	93	168	65	22	88	110	140	97
0	0	0	0	0	0	0	0	0	0	0	0	0	0	0	0	0	0	0	0	0	0	0	0	0	0	0	0	0	0	0	0	0	0	0	0	0	0	0	0	0	0	0	0	0	0	0	0	0	0	0	0	0	0	0	0	0	0	0	0	0	0	0	0	0	0	0	0	0	0	0	0	95	115	59	76	97	24	18	181	10	58	114	68	65	118	44	20	49	71	127	95	77	157	173	33	49	101	132	80	104	75	160	93	104	178	96	132	45	52	98	45	111	130	128	155	130	65	94	99	147	92	40	102	79	113	96	118
0	0	0	0	0	0	0	0	0	0	0	0	0	0	0	0	0	0	0	0	0	0	0	0	0	0	0	0	0	0	0	0	0	0	0	0	0	0	0	0	0	0	0	0	0	0	0	0	0	0	0	0	0	0	0	0	0	0	0	0	0	0	0	0	0	0	0	0	0	0	0	0	0	110	63	133	194	162	39	173	77	175	44	112	90	146	68	72	69	146	41	137	131	159	113	76	163	77	136	31	161	107	160	136	55	133	80	78	60	128	53	95	57	116	125	26	65	162	152	24	26	115	110	135	188	40	94	66
0	0	0	0	0	0	0	0	0	0	0	0	0	0	0	0	0	0	0	0	0	0	0	0	0	0	0	0	0	0	0	0	0	0	0	0	0	0	0	0	0	0	0	0	0	0	0	0	0	0	0	0	0	0	0	0	0	0	0	0	0	0	0	0	0	0	0	0	0	0	0	0	0	0	159	145	74	23	112	162	58	56	163	69	113	46	77	68	110	92	160	99	37	171	68	62	128	56	94	148	106	145	134	115	123	42	43	47	153	58	31	67	118	69	131	177	131	106	62	99	131	175	54	86	47	34	158	150
0	0	0	0	0	0	0	0	0	0	0	0	0	0	0	0	0	0	0	0	0	0	0	0	0	0	0	0	0	0	0	0	0	0	0	0	0	0	0	0	0	0	0	0	0	0	0	0	0	0	0	0	0	0	0	0	0	0	0	0	0	0	0	0	0	0	0	0	0	0	0	0	0	0	0	164	59	196	110	182	110	65	20	71	136	162	71	104	112	104	35	65	145	134	139	42	133	96	46	84	129	57	164	132	60	113	92	22	86	71	56	76	41	48	32	134	63	106	150	95	16	90	114	67	150	148	113	116
0	0	0	0	0	0	0	0	0	0	0	0	0	0	0	0	0	0	0	0	0	0	0	0	0	0	0	0	0	0	0	0	0	0	0	0	0	0	0	0	0	0	0	0	0	0	0	0	0	0	0	0	0	0	0	0	0	0	0	0	0	0	0	0	0	0	0	0	0	0	0	0	0	0	0	0	82	130	134	100	37	141	123	145	83	102	63	83	96	135	111	49	34	75	67	189	134	88	125	112	169	101	34	12	166	63	52	171	122	105	92	64	38	125	102	44	175	119	93	80	171	149	142	124	125	156	174	88
0	0	0	0	0	0	0	0	0	0	0	0	0	0	0	0	0	0	0	0	0	0	0	0	0	0	0	0	0	0	0	0	0	0	0	0	0	0	0	0	0	0	0	0	0	0	0	0	0	0	0	0	0	0	0	0	0	0	0	0	0	0	0	0	0	0	0	0	0	0	0	0	0	0	0	0	0	48	83	88	171	164	124	102	77	159	162	179	141	103	45	162	65	147	79	71	147	105	124	99	122	91	75	126	96	71	31	118	48	90	112	103	60	172	38	69	58	108	39	97	50	188	165	149	42	88	72	58
0	0	0	0	0	0	0	0	0	0	0	0	0	0	0	0	0	0	0	0	0	0	0	0	0	0	0	0	0	0	0	0	0	0	0	0	0	0	0	0	0	0	0	0	0	0	0	0	0	0	0	0	0	0	0	0	0	0	0	0	0	0	0	0	0	0	0	0	0	0	0	0	0	0	0	0	0	0	98	135	51	124	82	14	122	38	137	144	138	190	89	91	27	118	99	82	34	105	172	77	67	113	71	106	92	163	82	158	159	196	71	89	166	120	101	115	124	107	50	116	91	86	167	164	77	114	82	42
0	0	0	0	0	0	0	0	0	0	0	0	0	0	0	0	0	0	0	0	0	0	0	0	0	0	0	0	0	0	0	0	0	0	0	0	0	0	0	0	0	0	0	0	0	0	0	0	0	0	0	0	0	0	0	0	0	0	0	0	0	0	0	0	0	0	0	0	0	0	0	0	0	0	0	0	0	0	0	147	187	112	76	24	167	38	86	112	50	64	114	147	109	25	96	101	62	33	72	138	159	71	145	147	71	99	75	111	153	37	96	47	179	74	180	127	152	24	174	166	78	79	117	118	70	83	48	30
0	0	0	0	0	0	0	0	0	0	0	0	0	0	0	0	0	0	0	0	0	0	0	0	0	0	0	0	0	0	0	0	0	0	0	0	0	0	0	0	0	0	0	0	0	0	0	0	0	0	0	0	0	0	0	0	0	0	0	0	0	0	0	0	0	0	0	0	0	0	0	0	0	0	0	0	0	0	0	0	154	163	63	130	26	78	124	85	120	84	121	89	113	73	8	174	53	112	125	128	83	178	115	124	74	95	93	82	21	118	26	76	126	106	78	170	26	157	84	38	116	27	103	124	59	141	158	57
0	0	0	0	0	0	0	0	0	0	0	0	0	0	0	0	0	0	0	0	0	0	0	0	0	0	0	0	0	0	0	0	0	0	0	0	0	0	0	0	0	0	0	0	0	0	0	0	0	0	0	0	0	0	0	0	0	0	0	0	0	0	0	0	0	0	0	0	0	0	0	0	0	0	0	0	0	0	0	0	0	75	134	122	92	157	94	82	156	66	32	124	87	32	63	113	72	38	31	175	133	129	164	119	96	69	93	141	45	173	90	133	101	41	54	104	93	134	151	46	115	18	121	92	163	71	23	79
0	0	0	0	0	0	0	0	0	0	0	0	0	0	0	0	0	0	0	0	0	0	0	0	0	0	0	0	0	0	0	0	0	0	0	0	0	0	0	0	0	0	0	0	0	0	0	0	0	0	0	0	0	0	0	0	0	0	0	0	0	0	0	0	0	0	0	0	0	0	0	0	0	0	0	0	0	0	0	0	0	0	33	111	98	76	87	147	165	21	81	127	57	71	79	83	144	137	204	167	35	87	123	106	144	161	55	96	163	137	158	154	139	113	120	50	152	70	151	124	63	90	75	136	126	35	117	26
0	0	0	0	0	0	0	0	0	0	0	0	0	0	0	0	0	0	0	0	0	0	0	0	0	0	0	0	0	0	0	0	0	0	0	0	0	0	0	0	0	0	0	0	0	0	0	0	0	0	0	0	0	0	0	0	0	0	0	0	0	0	0	0	0	0	0	0	0	0	0	0	0	0	0	0	0	0	0	0	0	0	0	73	133	20	39	158	58	155	58	109	21	34	30	87	106	95	181	90	44	62	145	116	120	76	94	125	130	27	121	148	185	86	99	183	51	174	175	135	140	158	28	46	169	151	134	111
0	0	0	0	0	0	0	0	0	0	0	0	0	0	0	0	0	0	0	0	0	0	0	0	0	0	0	0	0	0	0	0	0	0	0	0	0	0	0	0	0	0	0	0	0	0	0	0	0	0	0	0	0	0	0	0	0	0	0	0	0	0	0	0	0	0	0	0	0	0	0	0	0	0	0	0	0	0	0	0	0	0	0	0	164	58	106	75	145	122	131	121	67	87	79	86	91	93	105	134	133	94	176	181	140	77	122	96	69	139	149	72	121	79	90	116	77	57	124	95	111	14	85	102	167	136	130	96
0	0	0	0	0	0	0	0	0	0	0	0	0	0	0	0	0	0	0	0	0	0	0	0	0	0	0	0	0	0	0	0	0	0	0	0	0	0	0	0	0	0	0	0	0	0	0	0	0	0	0	0	0	0	0	0	0	0	0	0	0	0	0	0	0	0	0	0	0	0	0	0	0	0	0	0	0	0	0	0	0	0	0	0	0	85	71	35	87	146	139	72	146	43	42	67	91	95	168	133	32	99	115	161	111	171	208	80	121	64	12	180	150	163	64	87	137	61	32	23	85	150	97	146	89	118	123	179
0	0	0	0	0	0	0	0	0	0	0	0	0	0	0	0	0	0	0	0	0	0	0	0	0	0	0	0	0	0	0	0	0	0	0	0	0	0	0	0	0	0	0	0	0	0	0	0	0	0	0	0	0	0	0	0	0	0	0	0	0	0	0	0	0	0	0	0	0	0	0	0	0	0	0	0	0	0	0	0	0	0	0	0	0	0	30	107	81	161	87	140	160	39	82	64	145	129	96	141	102	199	123	68	169	92	121	50	94	122	16	116	168	30	51	80	110	89	82	104	84	146	122	153	106	70	110	162
0	0	0	0	0	0	0	0	0	0	0	0	0	0	0	0	0	0	0	0	0	0	0	0	0	0	0	0	0	0	0	0	0	0	0	0	0	0	0	0	0	0	0	0	0	0	0	0	0	0	0	0	0	0	0	0	0	0	0	0	0	0	0	0	0	0	0	0	0	0	0	0	0	0	0	0	0	0	0	0	0	0	0	0	0	0	0	118	202	25	62	59	84	50	147	120	28	111	156	89	135	60	98	22	141	181	108	144	109	71	97	149	30	102	122	88	61	88	116	131	82	103	156	73	112	149	98	149
0	0	0	0	0	0	0	0	0	0	0	0	0	0	0	0	0	0	0	0	0	0	0	0	0	0	0	0	0	0	0	0	0	0	0	0	0	0	0	0	0	0	0	0	0	0	0	0	0	0	0	0	0	0	0	0	0	0	0	0	0	0	0	0	0	0	0	0	0	0	0	0	0	0	0	0	0	0	0	0	0	0	0	0	0	0	0	0	121	103	176	49	165	135	123	160	66	113	139	78	118	67	137	105	149	92	70	99	67	86	166	104	156	134	197	55	110	64	67	154	133	129	160	55	161	158	189	63
0	0	0	0	0	0	0	0	0	0	0	0	0	0	0	0	0	0	0	0	0	0	0	0	0	0	0	0	0	0	0	0	0	0	0	0	0	0	0	0	0	0	0	0	0	0	0	0	0	0	0	0	0	0	0	0	0	0	0	0	0	0	0	0	0	0	0	0	0	0	0	0	0	0	0	0	0	0	0	0	0	0	0	0	0	0	0	0	0	79	105	129	103	37	157	70	46	99	94	162	39	84	118	113	64	38	66	86	91	93	184	50	96	93	181	41	63	146	32	65	107	108	121	156	124	116	54	79
0	0	0	0	0	0	0	0	0	0	0	0	0	0	0	0	0	0	0	0	0	0	0	0	0	0	0	0	0	0	0	0	0	0	0	0	0	0	0	0	0	0	0	0	0	0	0	0	0	0	0	0	0	0	0	0	0	0	0	0	0	0	0	0	0	0	0	0	0	0	0	0	0	0	0	0	0	0	0	0	0	0	0	0	0	0	0	0	0	0	101	154	147	57	149	139	144	21	38	98	183	191	117	133	91	86	138	177	36	135	117	96	103	134	26	152	195	121	145	100	197	146	102	19	172	73	59	31
0	0	0	0	0	0	0	0	0	0	0	0	0	0	0	0	0	0	0	0	0	0	0	0	0	0	0	0	0	0	0	0	0	0	0	0	0	0	0	0	0	0	0	0	0	0	0	0	0	0	0	0	0	0	0	0	0	0	0	0	0	0	0	0	0	0	0	0	0	0	0	0	0	0	0	0	0	0	0	0	0	0	0	0	0	0	0	0	0	0	0	166	143	123	72	72	157	140	143	138	115	75	63	69	149	135	99	142	142	148	108	132	113	182	138	133	198	158	53	55	67	118	80	111	27	71	78	129
0	0	0	0	0	0	0	0	0	0	0	0	0	0	0	0	0	0	0	0	0	0	0	0	0	0	0	0	0	0	0	0	0	0	0	0	0	0	0	0	0	0	0	0	0	0	0	0	0	0	0	0	0	0	0	0	0	0	0	0	0	0	0	0	0	0	0	0	0	0	0	0	0	0	0	0	0	0	0	0	0	0	0	0	0	0	0	0	0	0	0	0	58	76	69	157	162	158	13	107	125	159	61	193	184	203	144	113	151	114	57	142	140	70	171	40	63	174	146	115	109	104	109	171	167	130	100	154
0	0	0	0	0	0	0	0	0	0	0	0	0	0	0	0	0	0	0	0	0	0	0	0	0	0	0	0	0	0	0	0	0	0	0	0	0	0	0	0	0	0	0	0	0	0	0	0	0	0	0	0	0	0	0	0	0	0	0	0	0	0	0	0	0	0	0	0	0	0	0	0	0	0	0	0	0	0	0	0	0	0	0	0	0	0	0	0	0	0	0	0	0	160	138	167	89	191	116	84	116	124	76	78	68	23	216	125	81	30	77	205	138	114	61	112	54	144	94	92	89	96	88	176	95	159	88	188
0	0	0	0	0	0	0	0	0	0	0	0	0	0	0	0	0	0	0	0	0	0	0	0	0	0	0	0	0	0	0	0	0	0	0	0	0	0	0	0	0	0	0	0	0	0	0	0	0	0	0	0	0	0	0	0	0	0	0	0	0	0	0	0	0	0	0	0	0	0	0	0	0	0	0	0	0	0	0	0	0	0	0	0	0	0	0	0	0	0	0	0	0	0	151	184	40	108	93	149	158	196	99	35	142	106	125	184	83	145	184	83	109	61	188	138	118	57	177	54	31	108	196	154	151	118	143	81
0	0	0	0	0	0	0	0	0	0	0	0	0	0	0	0	0	0	0	0	0	0	0	0	0	0	0	0	0	0	0	0	0	0	0	0	0	0	0	0	0	0	0	0	0	0	0	0	0	0	0	0	0	0	0	0	0	0	0	0	0	0	0	0	0	0	0	0	0	0	0	0	0	0	0	0	0	0	0	0	0	0	0	0	0	0	0	0	0	0	0	0	0	0	0	148	199	126	50	92	90	119	65	61	96	110	129	88	71	124	115	74	166	130	148	122	88	45	150	145	159	91	79	185	150	129	152	200
0	0	0	0	0	0	0	0	0	0	0	0	0	0	0	0	0	0	0	0	0	0	0	0	0	0	0	0	0	0	0	0	0	0	0	0	0	0	0	0	0	0	0	0	0	0	0	0	0	0	0	0	0	0	0	0	0	0	0	0	0	0	0	0	0	0	0	0	0	0	0	0	0	0	0	0	0	0	0	0	0	0	0	0	0	0	0	0	0	0	0	0	0	0	0	0	139	46	175	189	125	149	177	101	101	69	63	108	100	99	191	54	122	193	91	67	165	150	114	69	170	8	142	50	168	135	72	73
0	0	0	0	0	0	0	0	0	0	0	0	0	0	0	0	0	0	0	0	0	0	0	0	0	0	0	0	0	0	0	0	0	0	0	0	0	0	0	0	0	0	0	0	0	0	0	0	0	0	0	0	0	0	0	0	0	0	0	0	0	0	0	0	0	0	0	0	0	0	0	0	0	0	0	0	0	0	0	0	0	0	0	0	0	0	0	0	0	0	0	0	0	0	0	0	0	159	177	69	78	163	199	195	170	93	223	23	186	78	115	166	180	97	21	147	97	166	129	55	8	147	119	99	31	135	117	115
0	0	0	0	0	0	0	0	0	0	0	0	0	0	0	0	0	0	0	0	0	0	0	0	0	0	0	0	0	0	0	0	0	0	0	0	0	0	0	0	0	0	0	0	0	0	0	0	0	0	0	0	0	0	0	0	0	0	0	0	0	0	0	0	0	0	0	0	0	0	0	0	0	0	0	0	0	0	0	0	0	0	0	0	0	0	0	0	0	0	0	0	0	0	0	0	0	0	200	156	27	31	103	157	197	104	21	63	159	53	84	35	217	154	142	63	140	75	96	132	116	100	74	180	103	92	28	81
0	0	0	0	0	0	0	0	0	0	0	0	0	0	0	0	0	0	0	0	0	0	0	0	0	0	0	0	0	0	0	0	0	0	0	0	0	0	0	0	0	0	0	0	0	0	0	0	0	0	0	0	0	0	0	0	0	0	0	0	0	0	0	0	0	0	0	0	0	0	0	0	0	0	0	0	0	0	0	0	0	0	0	0	0	0	0	0	0	0	0	0	0	0	0	0	0	0	0	110	56	191	41	64	27	124	161	58	92	121	112	132	88	110	68	97	135	128	134	81	102	121	134	145	104	151	94	34
0	0	0	0	0	0	0	0	0	0	0	0	0	0	0	0	0	0	0	0	0	0	0	0	0	0	0	0	0	0	0	0	0	0	0	0	0	0	0	0	0	0	0	0	0	0	0	0	0	0	0	0	0	0	0	0	0	0	0	0	0	0	0	0	0	0	0	0	0	0	0	0	0	0	0	0	0	0	0	0	0	0	0	0	0	0	0	0	0	0	0	0	0	0	0	0	0	0	0	0	58	112	107	160	67	122	207	143	119	157	101	128	145	62	97	60	57	179	117	41	115	37	131	173	161	86	50	31
0	0	0	0	0	0	0	0	0	0	0	0	0	0	0	0	0	0	0	0	0	0	0	0	0	0	0	0	0	0	0	0	0	0	0	0	0	0	0	0	0	0	0	0	0	0	0	0	0	0	0	0	0	0	0	0	0	0	0	0	0	0	0	0	0	0	0	0	0	0	0	0	0	0	0	0	0	0	0	0	0	0	0	0	0	0	0	0	0	0	0	0	0	0	0	0	0	0	0	0	0	119	126	69	94	104	168	127	183	36	186	85	125	112	100	83	112	182	51	53	98	190	105	145	68	26	84	59
0	0	0	0	0	0	0	0	0	0	0	0	0	0	0	0	0	0	0	0	0	0	0	0	0	0	0	0	0	0	0	0	0	0	0	0	0	0	0	0	0	0	0	0	0	0	0	0	0	0	0	0	0	0	0	0	0	0	0	0	0	0	0	0	0	0	0	0	0	0	0	0	0	0	0	0	0	0	0	0	0	0	0	0	0	0	0	0	0	0	0	0	0	0	0	0	0	0	0	0	0	0	56	45	150	118	146	46	38	105	84	127	115	134	112	170	62	103	103	204	167	163	157	79	106	187	136	127
0	0	0	0	0	0	0	0	0	0	0	0	0	0	0	0	0	0	0	0	0	0	0	0	0	0	0	0	0	0	0	0	0	0	0	0	0	0	0	0	0	0	0	0	0	0	0	0	0	0	0	0	0	0	0	0	0	0	0	0	0	0	0	0	0	0	0	0	0	0	0	0	0	0	0	0	0	0	0	0	0	0	0	0	0	0	0	0	0	0	0	0	0	0	0	0	0	0	0	0	0	0	0	124	81	180	86	151	138	209	39	186	104	130	81	149	77	124	91	171	129	23	149	151	145	126	48	131
0	0	0	0	0	0	0	0	0	0	0	0	0	0	0	0	0	0	0	0	0	0	0	0	0	0	0	0	0	0	0	0	0	0	0	0	0	0	0	0	0	0	0	0	0	0	0	0	0	0	0	0	0	0	0	0	0	0	0	0	0	0	0	0	0	0	0	0	0	0	0	0	0	0	0	0	0	0	0	0	0	0	0	0	0	0	0	0	0	0	0	0	0	0	0	0	0	0	0	0	0	0	0	0	83	161	202	153	163	208	52	150	143	222	47	139	166	149	136	126	99	125	178	78	150	85	177	155
0	0	0	0	0	0	0	0	0	0	0	0	0	0	0	0	0	0	0	0	0	0	0	0	0	0	0	0	0	0	0	0	0	0	0	0	0	0	0	0	0	0	0	0	0	0	0	0	0	0	0	0	0	0	0	0	0	0	0	0	0	0	0	0	0	0	0	0	0	0	0	0	0	0	0	0	0	0	0	0	0	0	0	0	0	0	0	0	0	0	0	0	0	0	0	0	0	0	0	0	0	0	0	0	0	16	59	174	106	138	67	97	131	157	191	127	50	76	94	83	154	99	94	43	190	70	97	86
0	0	0	0	0	0	0	0	0	0	0	0	0	0	0	0	0	0	0	0	0	0	0	0	0	0	0	0	0	0	0	0	0	0	0	0	0	0	0	0	0	0	0	0	0	0	0	0	0	0	0	0	0	0	0	0	0	0	0	0	0	0	0	0	0	0	0	0	0	0	0	0	0	0	0	0	0	0	0	0	0	0	0	0	0	0	0	0	0	0	0	0	0	0	0	0	0	0	0	0	0	0	0	0	0	0	130	146	173	87	118	203	71	171	102	133	110	211	120	136	113	194	145	119	104	82	89	215
0	0	0	0	0	0	0	0	0	0	0	0	0	0	0	0	0	0	0	0	0	0	0	0	0	0	0	0	0	0	0	0	0	0	0	0	0	0	0	0	0	0	0	0	0	0	0	0	0	0	0	0	0	0	0	0	0	0	0	0	0	0	0	0	0	0	0	0	0	0	0	0	0	0	0	0	0	0	0	0	0	0	0	0	0	0	0	0	0	0	0	0	0	0	0	0	0	0	0	0	0	0	0	0	0	0	0	170	142	20	177	92	79	124	59	127	139	160	54	59	140	88	76	148	174	140	166	195
0	0	0	0	0	0	0	0	0	0	0	0	0	0	0	0	0	0	0	0	0	0	0	0	0	0	0	0	0	0	0	0	0	0	0	0	0	0	0	0	0	0	0	0	0	0	0	0	0	0	0	0	0	0	0	0	0	0	0	0	0	0	0	0	0	0	0	0	0	0	0	0	0	0	0	0	0	0	0	0	0	0	0	0	0	0	0	0	0	0	0	0	0	0	0	0	0	0	0	0	0	0	0	0	0	0	0	0	139	107	92	126	202	186	26	103	92	133	165	85	175	78	13	90	173	140	213	210
0	0	0	0	0	0	0	0	0	0	0	0	0	0	0	0	0	0	0	0	0	0	0	0	0	0	0	0	0	0	0	0	0	0	0	0	0	0	0	0	0	0	0	0	0	0	0	0	0	0	0	0	0	0	0	0	0	0	0	0	0	0	0	0	0	0	0	0	0	0	0	0	0	0	0	0	0	0	0	0	0	0	0	0	0	0	0	0	0	0	0	0	0	0	0	0	0	0	0	0	0	0	0	0	0	0	0	0	0	85	108	80	64	149	150	124	4	167	214	71	72	172	93	129	83	62	156	99
0	0	0	0	0	0	0	0	0	0	0	0	0	0	0	0	0	0	0	0	0	0	0	0	0	0	0	0	0	0	0	0	0	0	0	0	0	0	0	0	0	0	0	0	0	0	0	0	0	0	0	0	0	0	0	0	0	0	0	0	0	0	0	0	0	0	0	0	0	0	0	0	0	0	0	0	0	0	0	0	0	0	0	0	0	0	0	0	0	0	0	0	0	0	0	0	0	0	0	0	0	0	0	0	0	0	0	0	0	0	120	68	41	79	16	210	111	95	114	183	64	167	84	58	57	177	179	198
0	0	0	0	0	0	0	0	0	0	0	0	0	0	0	0	0	0	0	0	0	0	0	0	0	0	0	0	0	0	0	0	0	0	0	0	0	0	0	0	0	0	0	0	0	0	0	0	0	0	0	0	0	0	0	0	0	0	0	0	0	0	0	0	0	0	0	0	0	0	0	0	0	0	0	0	0	0	0	0	0	0	0	0	0	0	0	0	0	0	0	0	0	0	0	0	0	0	0	0	0	0	0	0	0	0	0	0	0	0	0	66	144	128	37	58	124	108	63	132	159	128	78	144	116	44	67	98
0	0	0	0	0	0	0	0	0	0	0	0	0	0	0	0	0	0	0	0	0	0	0	0	0	0	0	0	0	0	0	0	0	0	0	0	0	0	0	0	0	0	0	0	0	0	0	0	0	0	0	0	0	0	0	0	0	0	0	0	0	0	0	0	0	0	0	0	0	0	0	0	0	0	0	0	0	0	0	0	0	0	0	0	0	0	0	0	0	0	0	0	0	0	0	0	0	0	0	0	0	0	0	0	0	0	0	0	0	0	0	0	117	156	143	128	118	54	138	146	68	195	156	107	144	138	137	105
0	0	0	0	0	0	0	0	0	0	0	0	0	0	0	0	0	0	0	0	0	0	0	0	0	0	0	0	0	0	0	0	0	0	0	0	0	0	0	0	0	0	0	0	0	0	0	0	0	0	0	0	0	0	0	0	0	0	0	0	0	0	0	0	0	0	0	0	0	0	0	0	0	0	0	0	0	0	0	0	0	0	0	0	0	0	0	0	0	0	0	0	0	0	0	0	0	0	0	0	0	0	0	0	0	0	0	0	0	0	0	0	0	68	72	76	91	163	54	214	75	125	89	83	96	123	120	77
0	0	0	0	0	0	0	0	0	0	0	0	0	0	0	0	0	0	0	0	0	0	0	0	0	0	0	0	0	0	0	0	0	0	0	0	0	0	0	0	0	0	0	0	0	0	0	0	0	0	0	0	0	0	0	0	0	0	0	0	0	0	0	0	0	0	0	0	0	0	0	0	0	0	0	0	0	0	0	0	0	0	0	0	0	0	0	0	0	0	0	0	0	0	0	0	0	0	0	0	0	0	0	0	0	0	0	0	0	0	0	0	0	0	82	70	112	84	120	101	118	183	45	113	88	108	127	77
0	0	0	0	0	0	0	0	0	0	0	0	0	0	0	0	0	0	0	0	0	0	0	0	0	0	0	0	0	0	0	0	0	0	0	0	0	0	0	0	0	0	0	0	0	0	0	0	0	0	0	0	0	0	0	0	0	0	0	0	0	0	0	0	0	0	0	0	0	0	0	0	0	0	0	0	0	0	0	0	0	0	0	0	0	0	0	0	0	0	0	0	0	0	0	0	0	0	0	0	0	0	0	0	0	0	0	0	0	0	0	0	0	0	0	213	142	168	128	81	106	169	104	89	59	114	189	153
0	0	0	0	0	0	0	0	0	0	0	0	0	0	0	0	0	0	0	0	0	0	0	0	0	0	0	0	0	0	0	0	0	0	0	0	0	0	0	0	0	0	0	0	0	0	0	0	0	0	0	0	0	0	0	0	0	0	0	0	0	0	0	0	0	0	0	0	0	0	0	0	0	0	0	0	0	0	0	0	0	0	0	0	0	0	0	0	0	0	0	0	0	0	0	0	0	0	0	0	0	0	0	0	0	0	0	0	0	0	0	0	0	0	0	0	128	51	210	139	132	196	60	201	173	162	137	131
0	0	0	0	0	0	0	0	0	0	0	0	0	0	0	0	0	0	0	0	0	0	0	0	0	0	0	0	0	0	0	0	0	0	0	0	0	0	0	0	0	0	0	0	0	0	0	0	0	0	0	0	0	0	0	0	0	0	0	0	0	0	0	0	0	0	0	0	0	0	0	0	0	0	0	0	0	0	0	0	0	0	0	0	0	0	0	0	0	0	0	0	0	0	0	0	0	0	0	0	0	0	0	0	0	0	0	0	0	0	0	0	0	0	0	0	0	105	222	83	77	80	205	30	77	182	60	68
0	0	0	0	0	0	0	0	0	0	0	0	0	0	0	0	0	0	0	0	0	0	0	0	0	0	0	0	0	0	0	0	0	0	0	0	0	0	0	0	0	0	0	0	0	0	0	0	0	0	0	0	0	0	0	0	0	0	0	0	0	0	0	0	0	0	0	0	0	0	0	0	0	0	0	0	0	0	0	0	0	0	0	0	0	0	0	0	0	0	0	0	0	0	0	0	0	0	0	0	0	0	0	0	0	0	0	0	0	0	0	0	0	0	0	0	0	0	86	77	96	169	195	106	68	40	69	97
0	0	0	0	0	0	0	0	0	0	0	0	0	0	0	0	0	0	0	0	0	0	0	0	0	0	0	0	0	0	0	0	0	0	0	0	0	0	0	0	0	0	0	0	0	0	0	0	0	0	0	0	0	0	0	0	0	0	0	0	0	0	0	0	0	0	0	0	0	0	0	0	0	0	0	0	0	0	0	0	0	0	0	0	0	0	0	0	0	0	0	0	0	0	0	0	0	0	0	0	0	0	0	0	0	0	0	0	0	0	0	0	0	0	0	0	0	0	0	96	135	73	68	135	196	107	233	65
0	0	0	0	0	0	0	0	0	0	0	0	0	0	0	0	0	0	0	0	0	0	0	0	0	0	0	0	0	0	0	0	0	0	0	0	0	0	0	0	0	0	0	0	0	0	0	0	0	0	0	0	0	0	0	0	0	0	0	0	0	0	0	0	0	0	0	0	0	0	0	0	0	0	0	0	0	0	0	0	0	0	0	0	0	0	0	0	0	0	0	0	0	0	0	0	0	0	0	0	0	0	0	0	0	0	0	0	0	0	0	0	0	0	0	0	0	0	0	0	163	63	84	89	162	75	117	206
0	0	0	0	0	0	0	0	0	0	0	0	0	0	0	0	0	0	0	0	0	0	0	0	0	0	0	0	0	0	0	0	0	0	0	0	0	0	0	0	0	0	0	0	0	0	0	0	0	0	0	0	0	0	0	0	0	0	0	0	0	0	0	0	0	0	0	0	0	0	0	0	0	0	0	0	0	0	0	0	0	0	0	0	0	0	0	0	0	0	0	0	0	0	0	0	0	0	0	0	0	0	0	0	0	0	0	0	0	0	0	0	0	0	0	0	0	0	0	0	0	167	104	58	134	167	129	71
0	0	0	0	0	0	0	0	0	0	0	0	0	0	0	0	0	0	0	0	0	0	0	0	0	0	0	0	0	0	0	0	0	0	0	0	0	0	0	0	0	0	0	0	0	0	0	0	0	0	0	0	0	0	0	0	0	0	0	0	0	0	0	0	0	0	0	0	0	0	0	0	0	0	0	0	0	0	0	0	0	0	0	0	0	0	0	0	0	0	0	0	0	0	0	0	0	0	0	0	0	0	0	0	0	0	0	0	0	0	0	0	0	0	0	0	0	0	0	0	0	0	100	135	198	180	31	99
0	0	0	0	0	0	0	0	0	0	0	0	0	0	0	0	0	0	0	0	0	0	0	0	0	0	0	0	0	0	0	0	0	0	0	0	0	0	0	0	0	0	0	0	0	0	0	0	0	0	0	0	0	0	0	0	0	0	0	0	0	0	0	0	0	0	0	0	0	0	0	0	0	0	0	0	0	0	0	0	0	0	0	0	0	0	0	0	0	0	0	0	0	0	0	0	0	0	0	0	0	0	0	0	0	0	0	0	0	0	0	0	0	0	0	0	0	0	0	0	0	0	0	201	128	170	164	19
0	0	0	0	0	0	0	0	0	0	0	0	0	0	0	0	0	0	0	0	0	0	0	0	0	0	0	0	0	0	0	0	0	0	0	0	0	0	0	0	0	0	0	0	0	0	0	0	0	0	0	0	0	0	0	0	0	0	0	0	0	0	0	0	0	0	0	0	0	0	0	0	0	0	0	0	0	0	0	0	0	0	0	0	0	0	0	0	0	0	0	0	0	0	0	0	0	0	0	0	0	0	0	0	0	0	0	0	0	0	0	0	0	0	0	0	0	0	0	0	0	0	0	0	153	87	117	57
0	0	0	0	0	0	0	0	0	0	0	0	0	0	0	0	0	0	0	0	0	0	0	0	0	0	0	0	0	0	0	0	0	0	0	0	0	0	0	0	0	0	0	0	0	0	0	0	0	0	0	0	0	0	0	0	0	0	0	0	0	0	0	0	0	0	0	0	0	0	0	0	0	0	0	0	0	0	0	0	0	0	0	0	0	0	0	0	0	0	0	0	0	0	0	0	0	0	0	0	0	0	0	0	0	0	0	0	0	0	0	0	0	0	0	0	0	0	0	0	0	0	0	0	0	145	77	82
0	0	0	0	0	0	0	0	0	0	0	0	0	0	0	0	0	0	0	0	0	0	0	0	0	0	0	0	0	0	0	0	0	0	0	0	0	0	0	0	0	0	0	0	0	0	0	0	0	0	0	0	0	0	0	0	0	0	0	0	0	0	0	0	0	0	0	0	0	0	0	0	0	0	0	0	0	0	0	0	0	0	0	0	0	0	0	0	0	0	0	0	0	0	0	0	0	0	0	0	0	0	0	0	0	0	0	0	0	0	0	0	0	0	0	0	0	0	0	0	0	0	0	0	0	0	170	184
0	0	0	0	0	0	0	0	0	0	0	0	0	0	0	0	0	0	0	0	0	0	0	0	0	0	0	0	0	0	0	0	0	0	0	0	0	0	0	0	0	0	0	0	0	0	0	0	0	0	0	0	0	0	0	0	0	0	0	0	0	0	0	0	0	0	0	0	0	0	0	0	0	0	0	0	0	0	0	0	0	0	0	0	0	0	0	0	0	0	0	0	0	0	0	0	0	0	0	0	0	0	0	0	0	0	0	0	0	0	0	0	0	0	0	0	0	0	0	0	0	0	0	0	0	0	0	82
0	0	0	0	0	0	0	0	0	0	0	0	0	0	0	0	0	0	0	0	0	0	0	0	0	0	0	0	0	0	0	0	0	0	0	0	0	0	0	0	0	0	0	0	0	0	0	0	0	0	0	0	0	0	0	0	0	0	0	0	0	0	0	0	0	0	0	0	0	0	0	0	0	0	0	0	0	0	0	0	0	0	0	0	0	0	0	0	0	0	0	0	0	0	0	0	0	0	0	0	0	0	0	0	0	0	0	0	0	0	0	0	0	0	0	0	0	0	0	0	0	0	0	0	0	0	0	0