0	8	91	4	29	80	106	73	104	83	106	42	11	36	88	111	97	19	26	114	57	106	96	26	112	24	18	44	95	75	44	25	115	6	129	19	39	111	59	17	24	16	118	3	24	124	101	63	51	85	117	34	15	9	93	41	67	39	38	104	119	23	77	69	42	54	67	84	33	44	98	95	62	14	17	85	115	74	124	28	35	52	11	113	52	72	40	30	95	125	78	87	125	67	91	43	119	114	20	115	44	87	61	85	84	99	64	39	19	56	44	115	77	122	51	31	61	127	35	20	100	3	46	50	127	37	121	19
0	0	117	10	93	75	90	19	27	63	64	32	85	78	66	83	92	28	118	17	28	129	45	96	92	48	120	28	64	17	33	41	54	30	14	49	97	18	112	65	123	23	7	61	15	13	14	104	62	3	39	116	118	86	81	114	118	95	60	78	71	40	48	33	31	31	75	49	83	115	40	11	114	88	30	87	60	105	42	3	56	117	11	84	116	3	26	97	39	27	53	59	55	112	22	61	62	61	97	24	125	13	23	52	61	20	128	125	96	117	64	53	112	10	64	42	49	85	66	101	124	23	52	124	59	46	109	104
0	0	0	21	46	71	64	85	56	103	96	75	79	54	113	54	91	49	28	107	58	73	12	32	63	124	71	40	6	32	7	62	58	19	88	129	98	30	98	38	68	21	34	51	112	41	109	122	74	20	16	49	121	32	130	112	80	42	70	67	111	79	4	111	21	75	75	52	115	119	120	123	16	101	125	61	64	90	118	41	120	97	32	115	64	72	116	119	94	97	46	88	34	44	128	130	23	81	22	91	114	41	14	120	71	39	47	115	126	31	16	93	20	130	126	47	66	80	109	66	10	90	32	53	92	97	76	17
0	0	0	0	68	44	108	107	66	32	85	8	13	63	130	45	100	82	3	106	91	23	103	35	25	120	76	63	88	45	101	18	60	115	44	59	84	100	22	96	84	16	16	118	68	105	87	8	101	77	59	44	86	18	126	92	87	20	16	126	7	105	125	60	91	75	18	6	28	49	97	78	128	101	30	101	48	59	115	41	92	31	125	64	16	118	97	15	25	105	24	80	111	35	58	52	106	41	87	37	20	117	126	60	112	6	53	120	89	10	50	117	102	97	46	6	44	17	87	12	73	55	42	17	107	71	28	60
0	0	0	0	0	18	115	101	89	82	57	43	127	38	87	80	128	132	92	119	57	98	80	43	101	108	106	64	50	89	95	44	127	70	111	21	68	122	26	27	101	110	25	121	13	16	19	11	64	19	66	13	74	128	81	127	16	62	116	76	49	26	87	41	125	24	105	65	124	19	59	10	19	98	12	87	82	122	102	91	22	7	128	49	69	18	73	21	72	52	131	65	75	100	98	108	91	83	15	97	19	104	118	118	63	30	83	40	17	131	32	53	120	23	85	48	39	39	62	73	47	126	115	73	128	109	107	93
0	0	0	0	0	0	61	66	121	86	77	93	22	18	94	108	74	13	62	10	21	60	3	53	86	94	82	110	14	43	32	126	37	56	104	34	118	49	36	35	75	27	47	7	131	23	47	29	87	107	84	39	77	103	109	37	32	42	107	44	30	36	132	66	88	31	87	12	27	113	63	89	130	67	13	12	91	80	10	129	129	38	38	108	110	61	97	114	84	117	54	71	40	94	133	30	108	75	99	64	132	13	5	45	76	52	50	127	37	116	69	61	114	77	126	86	18	2	26	38	6	120	111	101	75	74	9	91
0	0	0	0	0	0	0	108	101	87	3	79	4	130	30	17	116	15	4	32	10	16	14	33	32	28	118	86	118	107	18	86	17	73	93	57	61	76	41	21	108	32	21	75	79	112	86	14	33	39	50	72	122	112	75	71	5	68	116	19	46	42	77	113	27	14	91	14	24	34	116	64	29	119	108	30	53	55	120	81	102	10	108	39	102	86	15	99	119	36	17	72	62	24	104	50	52	45	82	83	8	87	72	106	61	85	86	125	129	34	72	95	108	38	26	57	92	80	112	15	126	69	72	63	36	35	105	18
0	0	0	0	0	0	0	0	55	59	129	12	118	24	107	53	17	6	42	35	115	34	65	82	14	37	119	9	12	25	92	27	25	103	83	96	79	94	85	104	68	24	116	75	83	67	42	26	100	71	124	51	103	73	120	64	43	107	66	79	122	101	55	105	128	71	28	74	65	20	22	129	83	29	91	94	116	78	79	84	14	17	20	65	81	117	63	86	49	27	95	74	64	128	84	115	58	59	112	65	63	27	102	54	132	7	71	107	24	27	69	37	21	56	26	77	124	9	121	58	71	11	93	100	50	28	93	124
0	0	0	0	0	0	0	0	0	97	81	105	34	85	126	45	76	104	10	55	121	115	14	119	16	88	37	119	76	52	126	129	104	15	7	113	110	72	103	121	113	92	28	67	45	99	24	80	95	71	111	25	84	84	111	85	103	45	111	12	131	47	38	27	16	28	67	63	86	8	105	60	128	75	132	128	98	11	37	62	124	102	46	103	41	30	127	67	12	83	26	87	77	90	38	132	108	79	131	57	115	4	37	105	106	92	4	127	82	19	49	41	42	62	6	68	17	30	129	133	87	13	39	108	120	80	115	61
0	0	0	0	0	0	0	0	0	0	80	43	48	136	14	122	95	64	44	94	22	71	24	28	88	51	33	23	131	34	109	118	48	129	72	39	10	14	76	99	96	71	117	129	72	123	46	72	89	105	133	46	21	53	131	99	74	64	60	35	63	97	21	24	4	59	49	90	125	23	93	58	89	112	27	22	20	30	94	7	94	42	53	103	28	59	60	34	84	79	6	8	23	81	64	57	118	84	28	15	95	19	92	102	84	78	101	120	117	90	23	15	4	72	88	40	10	10	103	23	13	132	85	74	80	60	119	128
0	0	0	0	0	0	0	0	0	0	0	95	80	94	31	111	52	10	55	90	20	71	77	19	131	107	85	71	79	98	115	88	57	53	44	30	99	128	19	38	74	55	92	7	24	50	37	126	53	64	62	28	102	106	86	33	77	48	108	130	31	32	37	85	128	9	63	22	79	23	76	74	21	78	22	6	19	128	6	32	36	114	124	13	78	24	51	126	69	65	132	116	106	28	10	117	128	39	46	68	64	124	13	14	55	132	55	76	24	85	68	93	63	124	137	131	6	69	77	93	11	125	24	21	111	131	11	84
0	0	0	0	0	0	0	0	0	0	0	0	61	122	88	102	84	35	120	92	23	77	45	77	115	36	19	74	125	40	54	39	12	99	79	52	102	56	115	61	111	84	71	74	113	61	4	120	96	58	32	70	107	39	27	14	124	35	76	69	12	123	60	126	81	48	120	20	102	91	135	130	82	79	58	66	27	45	28	114	74	34	127	75	139	122	71	125	34	90	102	30	11	117	20	41	131	60	102	87	109	116	107	39	102	19	128	116	99	110	47	91	132	32	110	112	115	72	116	40	15	135	9	62	67	116	35	102
0	0	0	0	0	0	0	0	0	0	0	0	0	60	80	14	25	64	93	103	81	21	72	86	102	24	94	48	90	113	118	130	18	136	67	62	51	59	55	105	54	121	99	109	88	33	62	99	70	53	135	73	89	133	63	127	25	91	46	91	36	127	5	47	126	122	124	29	79	114	93	119	71	114	114	132	44	12	68	18	50	74	123	39	28	4	72	104	102	89	120	109	95	45	29	45	39	33	16	106	125	92	92	79	45	48	100	97	98	59	107	10	23	41	57	132	117	109	79	96	24	42	33	114	73	50	17	24
0	0	0	0	0	0	0	0	0	0	0	0	0	0	66	83	121	74	59	93	130	121	27	117	79	118	123	123	17	80	92	118	41	116	117	43	112	12	45	126	130	108	62	131	10	59	73	73	126	26	72	78	38	96	122	98	124	44	57	45	128	89	93	67	22	135	115	51	104	103	98	116	92	65	51	121	102	62	103	52	76	72	34	17	19	88	125	56	94	69	55	38	76	11	116	72	60	91	132	26	51	44	73	92	129	54	126	124	9	41	134	103	99	20	46	26	17	19	60	35	14	59	91	44	28	46	56	101
0	0	0	0	0	0	0	0	0	0	0	0	0	0	0	82	39	133	45	63	39	18	22	36	132	86	32	92	28	117	110	42	106	129	102	47	55	102	121	18	73	80	21	99	30	75	108	25	16	66	61	25	15	126	121	118	131	24	40	15	19	8	123	95	124	76	66	66	22	97	131	29	134	131	81	17	95	57	74	111	63	55	94	40	29	108	105	105	84	13	15	88	106	49	63	96	89	49	85	57	139	113	122	85	87	57	112	23	123	61	10	121	32	135	10	97	26	56	86	65	30	63	50	49	69	102	119	25
0	0	0	0	0	0	0	0	0	0	0	0	0	0	0	0	75	128	115	55	22	35	52	87	28	102	88	13	83	55	86	84	95	70	102	93	108	48	133	82	114	95	28	82	128	62	55	115	22	46	60	88	130	34	69	97	14	66	24	142	109	122	105	25	104	135	111	50	114	75	72	25	72	49	60	22	61	93	50	31	20	109	28	16	101	26	64	103	38	32	117	108	10	58	64	87	45	24	138	30	112	103	128	70	27	70	104	50	108	50	32	87	50	52	99	64	127	113	29	19	35	87	22	115	107	104	21	46
0	0	0	0	0	0	0	0	0	0	0	0	0	0	0	0	0	75	123	115	52	51	46	52	61	49	49	129	12	96	76	70	33	138	110	98	125	59	30	130	122	35	63	138	119	40	92	126	28	139	13	110	134	65	89	41	42	11	108	87	118	85	70	79	97	73	83	40	18	36	24	17	72	94	125	18	96	69	121	16	56	32	42	76	115	25	80	13	61	24	103	47	110	127	118	89	76	116	78	78	13	31	56	125	64	114	37	89	58	56	56	106	56	92	22	40	89	34	52	114	64	47	66	131	126	127	48	66
0	0	0	0	0	0	0	0	0	0	0	0	0	0	0	0	0	0	111	129	95	22	25	66	82	53	40	129	114	70	55	131	83	22	57	77	73	132	116	105	98	93	141	22	19	62	36	117	43	59	115	31	79	124	123	73	19	97	114	139	70	17	85	42	32	131	12	126	21	79	80	108	23	42	118	18	68	116	66	82	103	72	41	68	46	65	113	65	27	58	28	20	101	83	123	56	66	103	60	128	109	86	24	130	50	130	92	111	115	76	73	66	68	41	70	15	18	106	21	141	125	74	74	97	85	122	135	99
0	0	0	0	0	0	0	0	0	0	0	0	0	0	0	0	0	0	0	140	33	54	99	19	94	96	37	71	34	72	68	97	27	130	93	89	36	103	16	100	128	114	70	25	20	61	29	96	26	85	127	113	27	122	77	123	18	99	51	67	83	37	19	39	119	36	92	121	62	18	58	84	18	101	105	90	120	79	18	83	96	27	114	107	131	23	70	111	7	76	84	96	47	112	72	10	92	131	113	37	93	103	114	146	95	67	120	13	37	120	47	20	103	27	94	23	106	116	36	18	124	21	78	87	51	48	20	32
0	0	0	0	0	0	0	0	0	0	0	0	0	0	0	0	0	0	0	0	54	127	136	144	81	121	36	12	112	65	116	15	24	21	103	83	95	67	61	68	69	26	131	38	58	126	77	126	6	108	56	62	98	86	58	119	112	37	82	62	32	13	117	54	94	97	94	113	25	82	93	10	31	112	13	130	70	64	92	81	55	99	87	7	44	63	8	100	93	115	32	35	20	11	31	99	73	22	17	132	59	52	58	76	53	40	111	84	125	129	95	73	74	110	19	30	25	65	60	62	106	34	7	124	93	63	69	135
0	0	0	0	0	0	0	0	0	0	0	0	0	0	0	0	0	0	0	0	0	37	37	50	72	102	79	135	82	18	127	128	84	52	97	23	121	20	59	81	104	62	66	114	87	88	101	23	130	77	77	15	28	53	77	41	81	112	119	60	84	8	26	64	27	86	137	55	134	118	49	131	39	45	82	132	107	85	19	40	126	82	41	135	29	112	44	141	68	124	91	56	81	56	127	65	118	39	36	95	98	123	95	22	76	134	100	92	97	103	34	130	60	69	43	92	110	20	10	29	63	106	6	25	28	69	21	24
0	0	0	0	0	0	0	0	0	0	0	0	0	0	0	0	0	0	0	0	0	0	73	96	119	139	130	14	143	112	22	99	71	45	122	96	37	100	108	82	127	143	25	26	31	110	142	105	101	38	39	133	45	63	23	101	81	14	142	50	62	34	39	89	141	38	55	53	81	128	44	99	16	48	49	135	68	61	12	134	56	117	28	8	134	21	24	132	43	88	64	91	135	101	62	43	133	52	127	109	125	84	8	23	99	63	133	50	49	118	33	126	135	61	103	86	62	14	17	62	123	123	39	110	107	70	71	71
0	0	0	0	0	0	0	0	0	0	0	0	0	0	0	0	0	0	0	0	0	0	0	32	68	97	104	77	129	75	100	46	56	131	104	94	78	54	54	21	107	79	54	92	90	57	75	132	123	132	115	103	121	30	31	30	111	17	32	38	46	94	132	32	21	28	55	38	83	79	133	135	87	20	52	49	56	137	63	38	73	127	69	25	84	140	35	56	59	28	81	120	134	56	89	107	136	105	128	132	20	139	52	140	39	60	56	21	97	97	37	107	108	74	86	61	119	54	146	10	27	111	85	38	128	81	85	53
0	0	0	0	0	0	0	0	0	0	0	0	0	0	0	0	0	0	0	0	0	0	0	0	15	116	126	34	46	26	83	150	134	63	81	37	81	85	70	90	97	80	61	101	38	80	51	81	49	132	46	131	47	52	23	124	46	112	100	74	94	110	108	115	88	129	140	50	65	99	120	67	104	43	66	85	135	43	5	51	30	103	2	112	112	40	121	48	139	90	63	26	76	58	52	127	80	54	85	84	42	27	109	58	26	115	40	87	94	134	21	98	70	13	96	56	102	138	91	37	44	143	24	24	77	77	103	143
0	0	0	0	0	0	0	0	0	0	0	0	0	0	0	0	0	0	0	0	0	0	0	0	0	56	106	63	105	127	67	145	22	115	14	19	54	122	65	17	73	90	40	58	70	24	65	91	101	12	33	138	113	114	79	59	93	117	94	56	138	99	20	104	91	94	42	125	36	119	127	31	112	51	74	38	126	85	89	103	97	129	102	121	97	123	62	118	94	103	75	11	48	74	119	71	88	99	25	81	132	44	52	100	56	132	18	93	92	136	126	128	131	135	98	50	126	110	118	125	36	35	126	30	88	96	90	94
0	0	0	0	0	0	0	0	0	0	0	0	0	0	0	0	0	0	0	0	0	0	0	0	0	0	43	25	79	126	36	93	22	102	37	112	78	143	97	72	107	23	136	82	45	54	76	67	41	66	127	17	36	31	68	106	45	23	51	134	35	84	43	25	7	105	32	108	69	47	17	89	63	64	98	74	32	7	101	116	65	49	130	134	85	66	14	88	75	62	132	71	83	89	124	102	138	45	86	140	123	111	35	99	63	139	138	86	115	72	91	53	42	100	104	71	71	72	57	111	20	123	55	28	77	126	90	107
0	0	0	0	0	0	0	0	0	0	0	0	0	0	0	0	0	0	0	0	0	0	0	0	0	0	0	93	104	55	86	133	84	81	87	55	97	131	82	57	36	126	9	16	113	19	125	49	55	83	29	37	105	117	123	153	110	105	104	127	129	102	70	142	51	67	108	69	118	31	57	92	22	72	48	109	66	128	95	125	8	35	49	47	86	40	112	43	51	64	20	130	84	128	73	136	21	147	115	22	79	124	98	33	34	101	30	124	47	130	51	17	115	30	75	25	50	103	50	111	83	83	87	131	89	98	89	112
0	0	0	0	0	0	0	0	0	0	0	0	0	0	0	0	0	0	0	0	0	0	0	0	0	0	0	0	81	134	87	87	132	32	42	76	100	114	139	94	53	59	101	116	140	91	23	24	39	97	29	48	86	71	106	87	9	49	145	96	85	80	113	39	103	51	136	47	64	109	65	43	121	118	97	87	53	103	84	128	125	45	10	117	75	136	44	68	64	75	107	53	10	34	59	86	57	73	38	66	43	72	70	17	66	80	108	34	129	124	45	16	110	44	12	137	141	111	32	55	26	129	21	121	132	72	27	86
0	0	0	0	0	0	0	0	0	0	0	0	0	0	0	0	0	0	0	0	0	0	0	0	0	0	0	0	0	126	68	83	18	113	41	48	27	117	34	120	62	64	35	39	31	55	43	79	61	76	126	115	122	123	111	61	77	34	81	110	44	148	70	105	128	36	40	86	52	93	141	38	68	115	72	132	39	92	52	128	34	35	78	40	71	55	92	99	112	107	134	128	90	114	116	81	66	69	23	55	103	132	121	113	95	56	124	79	87	50	59	22	51	128	63	114	133	123	136	69	100	66	130	23	91	40	112	76
0	0	0	0	0	0	0	0	0	0	0	0	0	0	0	0	0	0	0	0	0	0	0	0	0	0	0	0	0	0	155	83	114	75	146	28	58	77	139	122	15	54	19	64	137	131	20	121	125	38	136	95	52	82	119	29	79	148	12	22	68	95	56	25	136	42	79	110	127	149	110	66	84	129	107	139	96	45	110	35	90	21	130	83	101	79	82	53	15	65	22	112	69	141	113	122	102	131	69	32	144	25	103	75	58	133	84	6	106	74	99	109	35	26	121	101	95	77	22	125	134	64	140	32	96	61	139	121
0	0	0	0	0	0	0	0	0	0	0	0	0	0	0	0	0	0	0	0	0	0	0	0	0	0	0	0	0	0	0	120	118	80	106	134	111	80	126	113	104	37	100	46	105	41	121	144	92	81	93	38	103	110	92	99	74	128	113	79	135	95	90	64	71	53	107	54	45	25	125	88	58	20	67	82	108	74	81	111	103	53	141	58	140	136	53	65	84	97	17	127	60	124	37	127	94	69	77	44	25	115	123	63	20	124	123	97	153	17	116	51	40	127	120	18	36	84	145	132	27	96	135	45	30	79	21	31
0	0	0	0	0	0	0	0	0	0	0	0	0	0	0	0	0	0	0	0	0	0	0	0	0	0	0	0	0	0	0	0	120	137	59	39	117	74	126	72	102	121	21	93	30	109	79	119	139	84	82	107	152	131	19	97	83	152	45	18	48	109	60	64	64	111	111	39	69	85	115	12	46	8	80	38	77	51	49	22	28	101	113	40	66	144	97	65	69	117	159	38	116	38	126	64	114	73	44	78	133	112	46	72	11	135	37	113	108	25	73	79	25	21	66	108	131	79	11	88	65	117	43	35	152	109	119	67
0	0	0	0	0	0	0	0	0	0	0	0	0	0	0	0	0	0	0	0	0	0	0	0	0	0	0	0	0	0	0	0	0	65	70	75	98	12	14	45	114	139	20	119	99	59	113	62	67	69	26	27	22	77	90	95	99	117	88	75	47	90	159	135	15	63	44	120	92	87	19	133	53	112	29	56	110	48	129	116	112	68	98	60	153	101	32	31	141	139	114	147	14	117	12	85	50	117	73	133	155	128	44	58	48	99	142	109	85	67	73	135	119	145	117	76	38	84	83	40	28	53	100	33	115	103	40	122
0	0	0	0	0	0	0	0	0	0	0	0	0	0	0	0	0	0	0	0	0	0	0	0	0	0	0	0	0	0	0	0	0	0	66	145	78	26	35	82	34	87	60	83	56	111	88	60	89	12	131	95	146	131	92	17	149	157	43	120	55	56	34	152	99	76	75	159	18	40	95	107	73	89	37	135	23	73	48	50	98	38	92	45	129	81	9	40	45	132	123	105	62	97	88	33	12	39	121	105	26	49	137	85	76	112	45	46	98	81	7	116	13	81	72	50	62	35	105	96	31	31	87	73	72	101	144	115
0	0	0	0	0	0	0	0	0	0	0	0	0	0	0	0	0	0	0	0	0	0	0	0	0	0	0	0	0	0	0	0	0	0	0	44	75	13	89	21	90	49	109	128	96	26	20	81	89	121	85	35	36	35	76	113	85	91	108	29	52	31	67	134	125	68	126	32	145	67	85	70	6	88	79	110	65	38	61	26	158	120	51	18	112	11	36	78	22	50	51	111	137	117	138	135	39	31	73	147	67	124	61	33	39	122	135	139	114	96	46	75	87	57	64	112	71	75	102	105	45	63	126	94	64	133	137	72
0	0	0	0	0	0	0	0	0	0	0	0	0	0	0	0	0	0	0	0	0	0	0	0	0	0	0	0	0	0	0	0	0	0	0	0	145	118	96	76	41	97	128	130	116	93	122	116	106	105	63	118	30	111	89	65	126	128	96	38	61	98	115	122	79	120	107	123	102	43	43	117	25	112	116	104	28	61	35	109	89	66	18	86	107	87	84	43	142	78	50	52	21	99	22	31	103	81	123	40	75	129	33	106	55	42	53	138	122	122	104	80	5	40	113	46	95	66	78	124	85	33	41	46	77	53	84	120
0	0	0	0	0	0	0	0	0	0	0	0	0	0	0	0	0	0	0	0	0	0	0	0	0	0	0	0	0	0	0	0	0	0	0	0	0	105	7	111	47	66	57	162	61	129	45	61	134	99	118	38	127	69	133	111	70	72	25	139	56	133	80	131	68	136	138	98	70	100	90	66	30	54	124	41	78	149	14	57	38	40	47	106	28	148	114	103	91	131	128	73	74	128	129	65	97	141	96	98	90	32	50	131	20	51	19	134	63	35	126	17	55	44	110	88	142	29	101	154	31	115	154	25	63	150	113	54
0	0	0	0	0	0	0	0	0	0	0	0	0	0	0	0	0	0	0	0	0	0	0	0	0	0	0	0	0	0	0	0	0	0	0	0	0	0	88	118	133	37	80	114	26	101	110	40	87	88	58	95	32	42	76	55	9	80	31	93	107	56	138	13	142	9	58	157	71	38	59	146	108	105	125	135	92	142	129	119	129	134	56	128	78	125	33	94	119	138	37	28	39	87	83	23	100	147	121	113	46	123	118	27	27	45	45	57	73	126	131	43	130	91	75	29	14	48	15	90	74	94	98	115	121	106	41	53
0	0	0	0	0	0	0	0	0	0	0	0	0	0	0	0	0	0	0	0	0	0	0	0	0	0	0	0	0	0	0	0	0	0	0	0	0	0	0	130	102	94	101	65	28	78	134	127	18	113	11	61	69	68	143	40	36	108	39	47	60	150	68	40	128	31	36	48	59	31	59	118	124	105	55	148	39	44	103	47	42	60	71	75	156	145	11	134	110	99	63	49	129	83	138	126	80	72	13	74	149	93	55	71	117	69	69	142	83	30	127	144	130	36	111	33	128	32	75	136	113	123	47	97	59	27	42	86
0	0	0	0	0	0	0	0	0	0	0	0	0	0	0	0	0	0	0	0	0	0	0	0	0	0	0	0	0	0	0	0	0	0	0	0	0	0	0	0	150	118	128	149	106	87	103	126	114	75	117	60	155	50	68	41	98	76	46	126	101	109	48	129	134	110	47	21	103	79	20	122	54	113	57	113	120	41	130	102	64	42	71	54	115	73	81	120	62	53	72	134	47	72	46	42	144	43	54	103	24	66	125	37	14	34	74	46	49	112	54	86	82	132	114	99	92	150	29	151	65	110	38	90	143	75	107	158
0	0	0	0	0	0	0	0	0	0	0	0	0	0	0	0	0	0	0	0	0	0	0	0	0	0	0	0	0	0	0	0	0	0	0	0	0	0	0	0	0	58	141	34	47	112	114	42	31	28	64	39	28	81	62	72	166	110	48	79	100	95	83	87	39	126	43	64	118	99	76	90	44	94	102	117	72	35	58	89	75	51	83	57	113	93	91	19	45	21	46	152	90	99	61	85	156	47	151	104	113	69	33	46	30	95	112	28	78	79	78	84	130	78	119	76	45	79	77	125	41	120	155	142	87	14	156	67
0	0	0	0	0	0	0	0	0	0	0	0	0	0	0	0	0	0	0	0	0	0	0	0	0	0	0	0	0	0	0	0	0	0	0	0	0	0	0	0	0	0	44	103	91	50	136	51	35	99	74	79	84	46	17	38	148	135	35	104	33	81	109	32	44	39	73	117	86	77	136	15	65	12	121	84	58	62	54	94	127	120	150	82	113	27	159	39	43	101	46	14	47	137	42	52	123	161	77	54	142	153	40	131	47	87	36	74	145	59	103	18	56	114	98	102	50	126	93	71	97	52	130	157	113	44	81	88
0	0	0	0	0	0	0	0	0	0	0	0	0	0	0	0	0	0	0	0	0	0	0	0	0	0	0	0	0	0	0	0	0	0	0	0	0	0	0	0	0	0	0	68	42	125	77	37	66	153	116	47	164	166	97	48	52	67	160	34	97	96	54	30	88	63	156	49	111	52	149	127	99	146	96	128	74	48	149	125	77	166	98	133	83	82	38	23	153	32	142	145	41	69	138	73	127	35	49	44	99	46	45	63	78	49	84	144	133	89	116	91	137	133	109	66	59	70	69	104	40	80	59	83	134	101	157	150
0	0	0	0	0	0	0	0	0	0	0	0	0	0	0	0	0	0	0	0	0	0	0	0	0	0	0	0	0	0	0	0	0	0	0	0	0	0	0	0	0	0	0	0	66	75	74	43	58	39	73	143	89	142	141	112	117	157	31	99	145	164	81	87	22	89	87	98	141	140	118	94	79	96	86	46	128	102	101	92	69	89	31	70	37	77	45	99	88	104	147	86	160	62	43	105	58	129	47	49	80	102	20	107	70	53	84	146	77	67	82	135	72	63	59	39	111	11	115	93	64	127	53	115	39	37	48	122
0	0	0	0	0	0	0	0	0	0	0	0	0	0	0	0	0	0	0	0	0	0	0	0	0	0	0	0	0	0	0	0	0	0	0	0	0	0	0	0	0	0	0	0	0	139	46	80	74	28	147	95	114	33	10	52	82	146	104	74	88	151	146	122	49	93	108	90	126	72	135	116	92	100	114	14	18	110	62	123	71	48	102	64	134	152	86	106	63	160	39	9	115	64	18	61	112	88	66	111	72	102	133	137	26	167	111	138	38	41	31	135	132	42	142	70	151	141	118	50	81	159	97	83	163	68	36	154
0	0	0	0	0	0	0	0	0	0	0	0	0	0	0	0	0	0	0	0	0	0	0	0	0	0	0	0	0	0	0	0	0	0	0	0	0	0	0	0	0	0	0	0	0	0	69	119	122	151	59	133	66	114	114	80	137	126	61	54	113	88	31	94	57	141	146	129	124	59	55	35	64	97	69	112	121	155	101	58	97	120	31	68	102	92	53	148	90	38	41	133	127	67	24	83	44	87	80	33	83	49	112	124	104	128	65	131	108	92	140	27	102	76	155	30	139	42	68	94	68	88	82	56	43	136	34	106
0	0	0	0	0	0	0	0	0	0	0	0	0	0	0	0	0	0	0	0	0	0	0	0	0	0	0	0	0	0	0	0	0	0	0	0	0	0	0	0	0	0	0	0	0	0	0	59	89	136	79	47	101	11	54	155	138	64	70	12	111	69	150	100	120	21	133	85	73	110	44	71	144	163	97	121	23	39	69	155	125	97	45	42	8	134	65	43	56	37	87	90	39	143	50	90	101	127	109	118	32	128	96	91	109	131	89	47	76	77	63	55	31	32	61	75	101	120	148	20	51	112	93	83	31	72	115	40
0	0	0	0	0	0	0	0	0	0	0	0	0	0	0	0	0	0	0	0	0	0	0	0	0	0	0	0	0	0	0	0	0	0	0	0	0	0	0	0	0	0	0	0	0	0	0	0	93	104	51	98	118	12	111	55	34	131	30	146	69	109	114	127	74	139	70	100	55	75	40	47	141	135	87	152	28	163	110	58	45	92	129	95	63	79	20	39	105	122	29	81	84	89	79	85	56	138	124	97	26	149	139	122	93	94	69	110	72	37	79	59	125	152	71	131	45	77	84	170	163	74	36	160	71	147	86	53
0	0	0	0	0	0	0	0	0	0	0	0	0	0	0	0	0	0	0	0	0	0	0	0	0	0	0	0	0	0	0	0	0	0	0	0	0	0	0	0	0	0	0	0	0	0	0	0	0	5	119	50	85	128	126	111	139	67	88	52	105	130	13	73	142	112	140	64	82	135	88	60	67	110	68	69	26	51	93	117	65	138	49	44	34	77	40	50	130	92	92	121	147	13	40	111	117	45	69	121	162	134	57	50	45	77	33	157	56	107	80	47	35	143	63	113	148	36	16	81	69	164	78	76	60	103	137	21
0	0	0	0	0	0	0	0	0	0	0	0	0	0	0	0	0	0	0	0	0	0	0	0	0	0	0	0	0	0	0	0	0	0	0	0	0	0	0	0	0	0	0	0	0	0	0	0	0	0	86	119	54	148	37	142	82	134	114	110	108	51	102	60	139	123	84	148	124	107	107	96	4	49	118	83	66	48	19	154	68	93	58	128	124	19	40	58	60	98	49	101	57	129	132	164	75	103	81	74	109	34	99	36	86	35	81	128	21	107	63	93	121	24	33	30	153	90	128	172	64	60	98	139	131	45	139	99
0	0	0	0	0	0	0	0	0	0	0	0	0	0	0	0	0	0	0	0	0	0	0	0	0	0	0	0	0	0	0	0	0	0	0	0	0	0	0	0	0	0	0	0	0	0	0	0	0	0	0	125	135	108	118	74	65	110	130	42	67	152	150	54	133	116	162	95	49	75	69	112	133	108	51	106	92	132	157	79	63	97	53	24	88	44	65	99	107	121	139	52	120	128	54	163	118	97	149	47	104	29	63	57	49	135	156	36	48	125	54	123	53	77	147	23	124	111	139	60	27	126	167	86	46	83	128	81
0	0	0	0	0	0	0	0	0	0	0	0	0	0	0	0	0	0	0	0	0	0	0	0	0	0	0	0	0	0	0	0	0	0	0	0	0	0	0	0	0	0	0	0	0	0	0	0	0	0	0	0	54	97	111	84	42	49	48	114	62	95	108	75	35	90	69	106	149	61	72	74	161	88	67	35	45	63	86	36	94	143	105	74	105	49	75	31	105	77	171	7	56	113	50	107	131	81	151	84	88	171	94	131	115	142	29	78	159	157	89	136	129	3	127	110	62	84	148	93	92	73	95	153	145	144	122	42
0	0	0	0	0	0	0	0	0	0	0	0	0	0	0	0	0	0	0	0	0	0	0	0	0	0	0	0	0	0	0	0	0	0	0	0	0	0	0	0	0	0	0	0	0	0	0	0	0	0	0	0	0	80	16	66	118	64	161	61	160	59	32	58	111	88	118	141	56	114	156	77	130	42	61	126	179	95	136	100	46	95	57	74	69	126	113	125	116	150	122	71	139	81	54	35	141	27	136	27	39	65	155	25	159	62	47	104	58	141	140	149	85	19	48	131	146	128	50	143	78	94	59	35	83	162	103	111
0	0	0	0	0	0	0	0	0	0	0	0	0	0	0	0	0	0	0	0	0	0	0	0	0	0	0	0	0	0	0	0	0	0	0	0	0	0	0	0	0	0	0	0	0	0	0	0	0	0	0	0	0	0	88	40	68	109	52	50	81	115	138	97	106	79	146	47	118	51	106	64	119	118	37	102	84	67	138	26	166	131	134	119	93	68	141	128	53	57	128	126	59	22	115	22	77	83	88	42	89	71	104	105	43	116	62	100	111	100	114	102	116	85	139	132	63	64	139	46	50	103	108	138	138	72	169	88
0	0	0	0	0	0	0	0	0	0	0	0	0	0	0	0	0	0	0	0	0	0	0	0	0	0	0	0	0	0	0	0	0	0	0	0	0	0	0	0	0	0	0	0	0	0	0	0	0	0	0	0	0	0	0	66	134	164	156	148	39	32	13	130	71	61	70	130	82	3	102	123	79	112	86	77	148	25	122	131	46	94	91	125	120	44	93	61	139	73	104	129	46	41	54	128	58	23	153	166	111	49	126	110	83	25	131	41	183	30	54	63	136	71	134	134	109	62	98	110	147	105	112	78	46	33	52	136
0	0	0	0	0	0	0	0	0	0	0	0	0	0	0	0	0	0	0	0	0	0	0	0	0	0	0	0	0	0	0	0	0	0	0	0	0	0	0	0	0	0	0	0	0	0	0	0	0	0	0	0	0	0	0	0	65	32	72	83	145	73	14	94	25	112	129	100	61	30	116	81	47	84	45	71	150	161	85	125	121	77	122	120	147	82	22	148	59	73	131	57	38	57	61	146	35	107	127	112	46	122	140	112	128	150	88	65	107	67	104	124	87	71	116	27	132	153	45	151	44	71	90	115	139	115	147	121
0	0	0	0	0	0	0	0	0	0	0	0	0	0	0	0	0	0	0	0	0	0	0	0	0	0	0	0	0	0	0	0	0	0	0	0	0	0	0	0	0	0	0	0	0	0	0	0	0	0	0	0	0	0	0	0	0	156	91	79	136	113	118	50	112	141	128	146	28	43	155	55	136	36	69	35	24	11	97	109	43	87	69	30	150	136	132	135	48	37	129	101	144	104	141	71	106	82	72	156	148	127	148	89	23	101	111	112	118	77	95	151	115	45	94	103	60	90	128	67	73	63	39	139	36	168	94	163
0	0	0	0	0	0	0	0	0	0	0	0	0	0	0	0	0	0	0	0	0	0	0	0	0	0	0	0	0	0	0	0	0	0	0	0	0	0	0	0	0	0	0	0	0	0	0	0	0	0	0	0	0	0	0	0	0	0	148	68	46	97	99	51	132	9	68	85	123	115	81	125	62	116	103	138	88	52	89	94	88	182	56	100	102	33	116	174	98	26	110	77	47	90	110	160	161	72	160	131	145	103	58	10	102	110	69	60	60	114	131	95	26	42	161	29	125	122	68	72	35	55	149	155	115	115	87	89
0	0	0	0	0	0	0	0	0	0	0	0	0	0	0	0	0	0	0	0	0	0	0	0	0	0	0	0	0	0	0	0	0	0	0	0	0	0	0	0	0	0	0	0	0	0	0	0	0	0	0	0	0	0	0	0	0	0	0	132	135	37	70	76	66	29	151	165	115	18	99	137	169	131	95	120	64	103	81	148	12	57	97	161	154	108	142	161	147	106	131	48	31	25	140	26	65	111	54	81	105	111	107	85	30	22	42	51	165	81	109	86	43	130	61	106	116	126	122	92	112	49	165	144	98	81	104	48
0	0	0	0	0	0	0	0	0	0	0	0	0	0	0	0	0	0	0	0	0	0	0	0	0	0	0	0	0	0	0	0	0	0	0	0	0	0	0	0	0	0	0	0	0	0	0	0	0	0	0	0	0	0	0	0	0	0	0	0	94	113	157	136	99	38	49	52	95	84	11	92	143	160	129	76	102	137	106	71	166	113	47	102	28	127	117	122	110	52	47	82	119	62	31	70	144	178	106	81	84	76	113	76	166	32	93	121	114	87	150	26	98	57	130	16	95	107	54	145	61	155	127	71	29	59	95	163
0	0	0	0	0	0	0	0	0	0	0	0	0	0	0	0	0	0	0	0	0	0	0	0	0	0	0	0	0	0	0	0	0	0	0	0	0	0	0	0	0	0	0	0	0	0	0	0	0	0	0	0	0	0	0	0	0	0	0	0	0	54	155	148	115	132	97	70	12	137	81	94	71	142	145	120	99	105	60	77	142	139	98	50	133	161	143	31	39	32	44	29	34	77	103	149	68	122	76	88	95	146	117	68	56	110	107	109	50	49	68	76	37	33	159	46	129	110	43	92	162	59	74	102	158	115	122	33
0	0	0	0	0	0	0	0	0	0	0	0	0	0	0	0	0	0	0	0	0	0	0	0	0	0	0	0	0	0	0	0	0	0	0	0	0	0	0	0	0	0	0	0	0	0	0	0	0	0	0	0	0	0	0	0	0	0	0	0	0	0	174	73	123	75	92	103	187	65	100	114	58	41	38	136	149	131	58	48	47	95	54	120	45	103	96	27	147	70	100	74	123	53	139	75	143	143	120	128	76	94	102	94	141	82	117	44	62	91	54	110	83	107	106	179	36	157	157	104	129	126	37	81	61	105	31	134
0	0	0	0	0	0	0	0	0	0	0	0	0	0	0	0	0	0	0	0	0	0	0	0	0	0	0	0	0	0	0	0	0	0	0	0	0	0	0	0	0	0	0	0	0	0	0	0	0	0	0	0	0	0	0	0	0	0	0	0	0	0	0	87	162	71	27	132	177	98	126	158	119	121	162	98	118	62	56	57	127	76	173	85	145	92	81	166	166	69	24	118	98	103	113	39	70	72	59	70	50	138	154	39	60	71	122	142	61	41	112	159	107	157	49	113	82	129	98	167	115	131	133	183	158	87	96	128
0	0	0	0	0	0	0	0	0	0	0	0	0	0	0	0	0	0	0	0	0	0	0	0	0	0	0	0	0	0	0	0	0	0	0	0	0	0	0	0	0	0	0	0	0	0	0	0	0	0	0	0	0	0	0	0	0	0	0	0	0	0	0	0	83	107	156	108	75	99	100	183	83	130	68	151	105	164	175	165	125	154	104	111	109	64	51	113	55	93	104	99	132	69	142	73	143	131	48	85	106	107	122	26	105	147	90	115	57	80	68	48	109	91	52	26	27	88	78	134	88	102	117	94	139	89	84	111
0	0	0	0	0	0	0	0	0	0	0	0	0	0	0	0	0	0	0	0	0	0	0	0	0	0	0	0	0	0	0	0	0	0	0	0	0	0	0	0	0	0	0	0	0	0	0	0	0	0	0	0	0	0	0	0	0	0	0	0	0	0	0	0	0	99	97	39	26	25	169	76	116	64	132	39	69	172	153	99	84	91	140	72	140	152	101	117	92	115	89	130	105	160	55	125	53	37	96	87	128	159	42	31	78	48	70	87	82	91	168	167	142	96	53	170	144	91	140	158	136	53	132	32	63	93	53	21
0	0	0	0	0	0	0	0	0	0	0	0	0	0	0	0	0	0	0	0	0	0	0	0	0	0	0	0	0	0	0	0	0	0	0	0	0	0	0	0	0	0	0	0	0	0	0	0	0	0	0	0	0	0	0	0	0	0	0	0	0	0	0	0	0	0	67	146	156	42	15	160	89	107	56	173	164	74	121	74	35	106	136	105	125	156	60	129	134	142	15	155	64	94	109	91	49	150	134	147	101	73	47	86	125	81	92	30	73	137	131	73	14	48	106	32	21	116	49	78	32	151	112	144	161	94	92	55
0	0	0	0	0	0	0	0	0	0	0	0	0	0	0	0	0	0	0	0	0	0	0	0	0	0	0	0	0	0	0	0	0	0	0	0	0	0	0	0	0	0	0	0	0	0	0	0	0	0	0	0	0	0	0	0	0	0	0	0	0	0	0	0	0	0	0	71	83	94	76	36	86	62	44	102	87	131	119	54	121	102	137	100	38	191	152	135	90	47	61	86	87	136	95	73	84	35	139	169	82	94	173	82	124	173	103	66	78	142	137	21	132	76	160	32	64	6	129	111	71	14	57	138	19	65	115	113
0	0	0	0	0	0	0	0	0	0	0	0	0	0	0	0	0	0	0	0	0	0	0	0	0	0	0	0	0	0	0	0	0	0	0	0	0	0	0	0	0	0	0	0	0	0	0	0	0	0	0	0	0	0	0	0	0	0	0	0	0	0	0	0	0	0	0	0	56	124	38	103	129	87	107	139	103	86	80	37	122	120	86	42	79	144	36	30	72	117	50	131	173	111	105	29	108	102	80	187	133	151	110	59	107	150	72	122	60	44	28	92	122	99	23	151	119	137	27	104	174	72	39	49	25	118	135	135
0	0	0	0	0	0	0	0	0	0	0	0	0	0	0	0	0	0	0	0	0	0	0	0	0	0	0	0	0	0	0	0	0	0	0	0	0	0	0	0	0	0	0	0	0	0	0	0	0	0	0	0	0	0	0	0	0	0	0	0	0	0	0	0	0	0	0	0	0	77	106	83	83	94	97	89	35	47	86	106	171	84	71	94	145	73	116	158	89	84	147	45	61	44	117	72	73	45	138	160	95	78	107	122	159	88	138	32	159	82	91	82	134	18	32	55	95	161	101	128	134	151	41	80	179	164	118	146
0	0	0	0	0	0	0	0	0	0	0	0	0	0	0	0	0	0	0	0	0	0	0	0	0	0	0	0	0	0	0	0	0	0	0	0	0	0	0	0	0	0	0	0	0	0	0	0	0	0	0	0	0	0	0	0	0	0	0	0	0	0	0	0	0	0	0	0	0	0	42	111	165	43	85	101	43	58	46	117	163	160	134	94	122	94	116	69	117	84	134	80	123	88	72	59	136	122	61	24	116	121	42	51	12	54	111	172	50	34	154	96	115	67	174	138	120	132	128	102	39	50	39	142	108	51	138	77
0	0	0	0	0	0	0	0	0	0	0	0	0	0	0	0	0	0	0	0	0	0	0	0	0	0	0	0	0	0	0	0	0	0	0	0	0	0	0	0	0	0	0	0	0	0	0	0	0	0	0	0	0	0	0	0	0	0	0	0	0	0	0	0	0	0	0	0	0	0	0	17	97	59	88	49	112	73	119	83	77	148	100	51	109	20	123	170	144	149	164	18	121	95	60	139	64	134	34	30	88	63	77	113	36	170	84	85	143	83	8	98	73	117	24	48	59	146	90	24	103	42	80	84	111	66	133	113
0	0	0	0	0	0	0	0	0	0	0	0	0	0	0	0	0	0	0	0	0	0	0	0	0	0	0	0	0	0	0	0	0	0	0	0	0	0	0	0	0	0	0	0	0	0	0	0	0	0	0	0	0	0	0	0	0	0	0	0	0	0	0	0	0	0	0	0	0	0	0	0	65	158	54	103	49	38	142	70	19	26	126	23	106	103	44	115	79	168	171	39	58	95	121	39	179	167	138	102	158	81	41	135	78	90	110	104	51	45	132	10	64	130	90	118	62	115	52	23	61	91	163	103	41	100	89	29
0	0	0	0	0	0	0	0	0	0	0	0	0	0	0	0	0	0	0	0	0	0	0	0	0	0	0	0	0	0	0	0	0	0	0	0	0	0	0	0	0	0	0	0	0	0	0	0	0	0	0	0	0	0	0	0	0	0	0	0	0	0	0	0	0	0	0	0	0	0	0	0	0	71	185	115	89	73	165	109	100	151	114	152	83	55	24	117	11	119	151	74	35	45	36	99	39	57	99	52	81	183	149	50	105	91	138	183	26	102	138	146	123	67	57	146	74	195	146	65	156	134	158	95	117	82	184	10
0	0	0	0	0	0	0	0	0	0	0	0	0	0	0	0	0	0	0	0	0	0	0	0	0	0	0	0	0	0	0	0	0	0	0	0	0	0	0	0	0	0	0	0	0	0	0	0	0	0	0	0	0	0	0	0	0	0	0	0	0	0	0	0	0	0	0	0	0	0	0	0	0	0	87	105	132	165	74	151	69	154	136	173	95	65	141	69	178	146	85	147	116	121	94	107	103	151	122	80	106	145	136	128	117	13	146	165	135	69	175	85	70	31	28	110	108	133	107	29	95	60	49	99	98	140	82	197
0	0	0	0	0	0	0	0	0	0	0	0	0	0	0	0	0	0	0	0	0	0	0	0	0	0	0	0	0	0	0	0	0	0	0	0	0	0	0	0	0	0	0	0	0	0	0	0	0	0	0	0	0	0	0	0	0	0	0	0	0	0	0	0	0	0	0	0	0	0	0	0	0	0	0	56	85	192	133	103	66	80	76	79	98	47	167	27	115	152	56	92	33	125	80	62	195	18	63	169	154	59	113	74	161	124	138	42	115	167	38	81	174	35	173	51	176	49	93	61	41	56	102	142	139	107	82	60
0	0	0	0	0	0	0	0	0	0	0	0	0	0	0	0	0	0	0	0	0	0	0	0	0	0	0	0	0	0	0	0	0	0	0	0	0	0	0	0	0	0	0	0	0	0	0	0	0	0	0	0	0	0	0	0	0	0	0	0	0	0	0	0	0	0	0	0	0	0	0	0	0	0	0	0	84	38	86	24	40	84	179	73	67	135	67	85	40	165	99	8	112	154	152	82	92	146	158	182	134	87	112	133	9	72	145	60	41	141	38	86	126	90	110	97	61	145	18	126	37	138	39	146	41	116	131	149
0	0	0	0	0	0	0	0	0	0	0	0	0	0	0	0	0	0	0	0	0	0	0	0	0	0	0	0	0	0	0	0	0	0	0	0	0	0	0	0	0	0	0	0	0	0	0	0	0	0	0	0	0	0	0	0	0	0	0	0	0	0	0	0	0	0	0	0	0	0	0	0	0	0	0	0	0	59	153	96	146	85	157	103	73	137	81	119	101	143	48	169	138	164	166	93	84	92	84	60	120	36	168	183	32	21	113	136	159	112	142	137	131	145	163	191	138	121	90	125	123	77	162	126	72	84	131	205
0	0	0	0	0	0	0	0	0	0	0	0	0	0	0	0	0	0	0	0	0	0	0	0	0	0	0	0	0	0	0	0	0	0	0	0	0	0	0	0	0	0	0	0	0	0	0	0	0	0	0	0	0	0	0	0	0	0	0	0	0	0	0	0	0	0	0	0	0	0	0	0	0	0	0	0	0	0	146	34	152	147	79	131	180	196	75	90	66	69	85	76	93	134	134	26	135	129	9	54	38	135	61	63	12	40	97	176	172	89	150	102	59	156	79	139	48	89	176	118	4	63	138	57	134	161	91	86
0	0	0	0	0	0	0	0	0	0	0	0	0	0	0	0	0	0	0	0	0	0	0	0	0	0	0	0	0	0	0	0	0	0	0	0	0	0	0	0	0	0	0	0	0	0	0	0	0	0	0	0	0	0	0	0	0	0	0	0	0	0	0	0	0	0	0	0	0	0	0	0	0	0	0	0	0	0	0	192	97	131	44	104	109	152	143	142	44	82	136	76	37	55	124	76	127	8	59	88	164	63	65	74	105	59	78	133	92	83	94	47	97	87	70	142	168	162	94	113	92	152	45	137	135	87	149	93
0	0	0	0	0	0	0	0	0	0	0	0	0	0	0	0	0	0	0	0	0	0	0	0	0	0	0	0	0	0	0	0	0	0	0	0	0	0	0	0	0	0	0	0	0	0	0	0	0	0	0	0	0	0	0	0	0	0	0	0	0	0	0	0	0	0	0	0	0	0	0	0	0	0	0	0	0	0	0	0	14	113	164	161	120	114	51	57	189	80	125	55	126	62	69	62	145	27	122	183	133	72	158	71	119	37	53	82	81	99	134	98	31	52	156	158	132	167	38	148	39	139	120	124	145	33	92	137
0	0	0	0	0	0	0	0	0	0	0	0	0	0	0	0	0	0	0	0	0	0	0	0	0	0	0	0	0	0	0	0	0	0	0	0	0	0	0	0	0	0	0	0	0	0	0	0	0	0	0	0	0	0	0	0	0	0	0	0	0	0	0	0	0	0	0	0	0	0	0	0	0	0	0	0	0	0	0	0	0	77	104	123	170	56	58	94	122	146	120	65	143	113	120	84	114	97	113	104	101	70	194	45	109	59	200	161	94	60	85	79	109	61	46	84	98	85	91	59	98	86	150	101	124	59	192	47
0	0	0	0	0	0	0	0	0	0	0	0	0	0	0	0	0	0	0	0	0	0	0	0	0	0	0	0	0	0	0	0	0	0	0	0	0	0	0	0	0	0	0	0	0	0	0	0	0	0	0	0	0	0	0	0	0	0	0	0	0	0	0	0	0	0	0	0	0	0	0	0	0	0	0	0	0	0	0	0	0	0	142	110	152	46	181	114	50	117	121	129	66	32	55	170	113	180	129	160	64	125	101	125	32	133	162	166	110	81	131	112	175	162	135	85	128	124	70	204	144	106	177	139	59	121	131	90
0	0	0	0	0	0	0	0	0	0	0	0	0	0	0	0	0	0	0	0	0	0	0	0	0	0	0	0	0	0	0	0	0	0	0	0	0	0	0	0	0	0	0	0	0	0	0	0	0	0	0	0	0	0	0	0	0	0	0	0	0	0	0	0	0	0	0	0	0	0	0	0	0	0	0	0	0	0	0	0	0	0	0	113	109	49	100	43	89	111	132	45	39	147	35	124	15	35	105	62	100	84	62	117	154	92	94	101	118	86	157	102	103	151	77	68	107	99	45	158	73	84	122	165	153	116	83	123
0	0	0	0	0	0	0	0	0	0	0	0	0	0	0	0	0	0	0	0	0	0	0	0	0	0	0	0	0	0	0	0	0	0	0	0	0	0	0	0	0	0	0	0	0	0	0	0	0	0	0	0	0	0	0	0	0	0	0	0	0	0	0	0	0	0	0	0	0	0	0	0	0	0	0	0	0	0	0	0	0	0	0	0	112	60	140	81	127	112	154	140	142	70	98	110	92	128	109	42	90	174	110	137	115	60	82	104	67	105	69	134	148	128	142	111	58	74	13	64	108	156	91	70	82	147	140	173
0	0	0	0	0	0	0	0	0	0	0	0	0	0	0	0	0	0	0	0	0	0	0	0	0	0	0	0	0	0	0	0	0	0	0	0	0	0	0	0	0	0	0	0	0	0	0	0	0	0	0	0	0	0	0	0	0	0	0	0	0	0	0	0	0	0	0	0	0	0	0	0	0	0	0	0	0	0	0	0	0	0	0	0	0	96	31	147	106	147	83	103	133	142	117	43	48	62	104	202	86	114	132	118	128	84	77	96	136	122	51	76	59	133	80	104	97	66	82	179	119	160	26	103	123	55	92	148
0	0	0	0	0	0	0	0	0	0	0	0	0	0	0	0	0	0	0	0	0	0	0	0	0	0	0	0	0	0	0	0	0	0	0	0	0	0	0	0	0	0	0	0	0	0	0	0	0	0	0	0	0	0	0	0	0	0	0	0	0	0	0	0	0	0	0	0	0	0	0	0	0	0	0	0	0	0	0	0	0	0	0	0	0	0	127	179	99	68	53	28	105	126	39	86	123	126	162	176	146	110	97	167	171	61	65	94	94	103	68	52	132	98	64	126	83	86	92	134	96	79	167	78	131	62	19	59
0	0	0	0	0	0	0	0	0	0	0	0	0	0	0	0	0	0	0	0	0	0	0	0	0	0	0	0	0	0	0	0	0	0	0	0	0	0	0	0	0	0	0	0	0	0	0	0	0	0	0	0	0	0	0	0	0	0	0	0	0	0	0	0	0	0	0	0	0	0	0	0	0	0	0	0	0	0	0	0	0	0	0	0	0	0	0	186	168	34	158	177	73	174	131	47	115	55	182	135	70	11	151	147	114	138	71	96	191	109	84	72	141	130	69	116	143	64	146	96	186	125	133	111	34	115	138	95
0	0	0	0	0	0	0	0	0	0	0	0	0	0	0	0	0	0	0	0	0	0	0	0	0	0	0	0	0	0	0	0	0	0	0	0	0	0	0	0	0	0	0	0	0	0	0	0	0	0	0	0	0	0	0	0	0	0	0	0	0	0	0	0	0	0	0	0	0	0	0	0	0	0	0	0	0	0	0	0	0	0	0	0	0	0	0	0	59	75	103	126	82	140	127	105	80	114	130	94	109	121	45	127	144	48	81	157	156	35	212	98	28	72	187	160	70	108	115	40	162	77	108	119	133	69	81	164
0	0	0	0	0	0	0	0	0	0	0	0	0	0	0	0	0	0	0	0	0	0	0	0	0	0	0	0	0	0	0	0	0	0	0	0	0	0	0	0	0	0	0	0	0	0	0	0	0	0	0	0	0	0	0	0	0	0	0	0	0	0	0	0	0	0	0	0	0	0	0	0	0	0	0	0	0	0	0	0	0	0	0	0	0	0	0	0	0	175	198	117	152	154	119	188	188	125	94	111	38	180	19	121	107	193	22	92	169	107	146	90	17	62	151	89	84	138	74	66	8	49	40	86	134	40	118	104
0	0	0	0	0	0	0	0	0	0	0	0	0	0	0	0	0	0	0	0	0	0	0	0	0	0	0	0	0	0	0	0	0	0	0	0	0	0	0	0	0	0	0	0	0	0	0	0	0	0	0	0	0	0	0	0	0	0	0	0	0	0	0	0	0	0	0	0	0	0	0	0	0	0	0	0	0	0	0	0	0	0	0	0	0	0	0	0	0	0	188	111	128	110	153	20	101	92	36	59	125	168	89	86	131	68	91	71	75	82	25	118	97	130	160	38	118	82	48	129	121	135	104	154	106	179	117	117
0	0	0	0	0	0	0	0	0	0	0	0	0	0	0	0	0	0	0	0	0	0	0	0	0	0	0	0	0	0	0	0	0	0	0	0	0	0	0	0	0	0	0	0	0	0	0	0	0	0	0	0	0	0	0	0	0	0	0	0	0	0	0	0	0	0	0	0	0	0	0	0	0	0	0	0	0	0	0	0	0	0	0	0	0	0	0	0	0	0	0	129	44	167	62	161	90	88	98	141	158	56	154	44	150	58	131	161	132	91	66	183	152	105	65	84	127	45	152	23	186	189	93	164	128	177	126	188
0	0	0	0	0	0	0	0	0	0	0	0	0	0	0	0	0	0	0	0	0	0	0	0	0	0	0	0	0	0	0	0	0	0	0	0	0	0	0	0	0	0	0	0	0	0	0	0	0	0	0	0	0	0	0	0	0	0	0	0	0	0	0	0	0	0	0	0	0	0	0	0	0	0	0	0	0	0	0	0	0	0	0	0	0	0	0	0	0	0	0	0	113	98	88	20	134	111	96	79	25	53	200	129	116	108	65	162	100	182	58	170	184	114	68	100	114	38	80	28	119	53	47	65	84	120	140	43
0	0	0	0	0	0	0	0	0	0	0	0	0	0	0	0	0	0	0	0	0	0	0	0	0	0	0	0	0	0	0	0	0	0	0	0	0	0	0	0	0	0	0	0	0	0	0	0	0	0	0	0	0	0	0	0	0	0	0	0	0	0	0	0	0	0	0	0	0	0	0	0	0	0	0	0	0	0	0	0	0	0	0	0	0	0	0	0	0	0	0	0	0	131	140	77	100	69	184	51	62	136	117	123	212	147	117	44	90	164	159	112	181	177	65	137	28	190	125	17	209	143	76	134	34	66	159	61
0	0	0	0	0	0	0	0	0	0	0	0	0	0	0	0	0	0	0	0	0	0	0	0	0	0	0	0	0	0	0	0	0	0	0	0	0	0	0	0	0	0	0	0	0	0	0	0	0	0	0	0	0	0	0	0	0	0	0	0	0	0	0	0	0	0	0	0	0	0	0	0	0	0	0	0	0	0	0	0	0	0	0	0	0	0	0	0	0	0	0	0	0	0	180	201	17	135	134	111	129	98	71	116	58	173	86	139	103	138	126	53	152	102	150	146	87	104	132	99	142	150	136	144	59	82	96	102
0	0	0	0	0	0	0	0	0	0	0	0	0	0	0	0	0	0	0	0	0	0	0	0	0	0	0	0	0	0	0	0	0	0	0	0	0	0	0	0	0	0	0	0	0	0	0	0	0	0	0	0	0	0	0	0	0	0	0	0	0	0	0	0	0	0	0	0	0	0	0	0	0	0	0	0	0	0	0	0	0	0	0	0	0	0	0	0	0	0	0	0	0	0	0	64	111	141	41	98	94	194	91	138	128	182	64	163	70	149	93	135	145	110	126	110	97	166	133	113	89	110	146	81	60	101	80	89
0	0	0	0	0	0	0	0	0	0	0	0	0	0	0	0	0	0	0	0	0	0	0	0	0	0	0	0	0	0	0	0	0	0	0	0	0	0	0	0	0	0	0	0	0	0	0	0	0	0	0	0	0	0	0	0	0	0	0	0	0	0	0	0	0	0	0	0	0	0	0	0	0	0	0	0	0	0	0	0	0	0	0	0	0	0	0	0	0	0	0	0	0	0	0	0	180	89	69	185	115	97	131	94	35	111	22	36	104	50	134	44	123	135	95	94	201	83	97	56	80	117	128	125	158	103	126	160
0	0	0	0	0	0	0	0	0	0	0	0	0	0	0	0	0	0	0	0	0	0	0	0	0	0	0	0	0	0	0	0	0	0	0	0	0	0	0	0	0	0	0	0	0	0	0	0	0	0	0	0	0	0	0	0	0	0	0	0	0	0	0	0	0	0	0	0	0	0	0	0	0	0	0	0	0	0	0	0	0	0	0	0	0	0	0	0	0	0	0	0	0	0	0	0	0	75	111	40	90	128	110	112	60	61	76	73	117	149	153	93	147	116	113	108	111	70	139	84	153	55	56	146	76	85	108	50
0	0	0	0	0	0	0	0	0	0	0	0	0	0	0	0	0	0	0	0	0	0	0	0	0	0	0	0	0	0	0	0	0	0	0	0	0	0	0	0	0	0	0	0	0	0	0	0	0	0	0	0	0	0	0	0	0	0	0	0	0	0	0	0	0	0	0	0	0	0	0	0	0	0	0	0	0	0	0	0	0	0	0	0	0	0	0	0	0	0	0	0	0	0	0	0	0	0	135	131	75	97	62	111	89	155	51	120	24	149	131	175	45	136	130	87	98	106	95	65	107	184	167	183	127	118	127	74
0	0	0	0	0	0	0	0	0	0	0	0	0	0	0	0	0	0	0	0	0	0	0	0	0	0	0	0	0	0	0	0	0	0	0	0	0	0	0	0	0	0	0	0	0	0	0	0	0	0	0	0	0	0	0	0	0	0	0	0	0	0	0	0	0	0	0	0	0	0	0	0	0	0	0	0	0	0	0	0	0	0	0	0	0	0	0	0	0	0	0	0	0	0	0	0	0	0	0	195	147	111	59	121	71	145	135	89	63	36	118	140	137	116	177	181	34	198	98	122	82	97	57	150	115	39	135	31
0	0	0	0	0	0	0	0	0	0	0	0	0	0	0	0	0	0	0	0	0	0	0	0	0	0	0	0	0	0	0	0	0	0	0	0	0	0	0	0	0	0	0	0	0	0	0	0	0	0	0	0	0	0	0	0	0	0	0	0	0	0	0	0	0	0	0	0	0	0	0	0	0	0	0	0	0	0	0	0	0	0	0	0	0	0	0	0	0	0	0	0	0	0	0	0	0	0	0	0	77	80	52	206	95	130	40	106	103	34	80	59	80	119	44	107	125	69	127	98	152	60	130	137	115	54	78	68
0	0	0	0	0	0	0	0	0	0	0	0	0	0	0	0	0	0	0	0	0	0	0	0	0	0	0	0	0	0	0	0	0	0	0	0	0	0	0	0	0	0	0	0	0	0	0	0	0	0	0	0	0	0	0	0	0	0	0	0	0	0	0	0	0	0	0	0	0	0	0	0	0	0	0	0	0	0	0	0	0	0	0	0	0	0	0	0	0	0	0	0	0	0	0	0	0	0	0	0	0	165	140	129	167	148	166	204	46	46	194	56	75	153	194	165	112	158	131	34	160	128	21	109	97	197	182	77
0	0	0	0	0	0	0	0	0	0	0	0	0	0	0	0	0	0	0	0	0	0	0	0	0	0	0	0	0	0	0	0	0	0	0	0	0	0	0	0	0	0	0	0	0	0	0	0	0	0	0	0	0	0	0	0	0	0	0	0	0	0	0	0	0	0	0	0	0	0	0	0	0	0	0	0	0	0	0	0	0	0	0	0	0	0	0	0	0	0	0	0	0	0	0	0	0	0	0	0	0	0	88	46	89	156	146	165	108	67	99	115	222	72	158	90	53	89	163	109	187	124	75	197	80	45	178	134
0	0	0	0	0	0	0	0	0	0	0	0	0	0	0	0	0	0	0	0	0	0	0	0	0	0	0	0	0	0	0	0	0	0	0	0	0	0	0	0	0	0	0	0	0	0	0	0	0	0	0	0	0	0	0	0	0	0	0	0	0	0	0	0	0	0	0	0	0	0	0	0	0	0	0	0	0	0	0	0	0	0	0	0	0	0	0	0	0	0	0	0	0	0	0	0	0	0	0	0	0	0	0	150	127	155	71	156	94	115	133	153	91	116	193	96	66	83	73	227	55	52	53	38	171	136	200	79
0	0	0	0	0	0	0	0	0	0	0	0	0	0	0	0	0	0	0	0	0	0	0	0	0	0	0	0	0	0	0	0	0	0	0	0	0	0	0	0	0	0	0	0	0	0	0	0	0	0	0	0	0	0	0	0	0	0	0	0	0	0	0	0	0	0	0	0	0	0	0	0	0	0	0	0	0	0	0	0	0	0	0	0	0	0	0	0	0	0	0	0	0	0	0	0	0	0	0	0	0	0	0	0	154	139	79	136	115	41	143	121	62	158	75	75	151	104	136	109	160	83	200	74	43	143	112	181
0	0	0	0	0	0	0	0	0	0	0	0	0	0	0	0	0	0	0	0	0	0	0	0	0	0	0	0	0	0	0	0	0	0	0	0	0	0	0	0	0	0	0	0	0	0	0	0	0	0	0	0	0	0	0	0	0	0	0	0	0	0	0	0	0	0	0	0	0	0	0	0	0	0	0	0	0	0	0	0	0	0	0	0	0	0	0	0	0	0	0	0	0	0	0	0	0	0	0	0	0	0	0	0	0	122	103	59	128	80	105	171	40	161	83	111	146	152	62	77	62	138	184	130	52	188	149	133
0	0	0	0	0	0	0	0	0	0	0	0	0	0	0	0	0	0	0	0	0	0	0	0	0	0	0	0	0	0	0	0	0	0	0	0	0	0	0	0	0	0	0	0	0	0	0	0	0	0	0	0	0	0	0	0	0	0	0	0	0	0	0	0	0	0	0	0	0	0	0	0	0	0	0	0	0	0	0	0	0	0	0	0	0	0	0	0	0	0	0	0	0	0	0	0	0	0	0	0	0	0	0	0	0	0	123	71	131	102	195	62	99	59	79	51	83	212	212	150	78	56	138	84	89	63	115	141
0	0	0	0	0	0	0	0	0	0	0	0	0	0	0	0	0	0	0	0	0	0	0	0	0	0	0	0	0	0	0	0	0	0	0	0	0	0	0	0	0	0	0	0	0	0	0	0	0	0	0	0	0	0	0	0	0	0	0	0	0	0	0	0	0	0	0	0	0	0	0	0	0	0	0	0	0	0	0	0	0	0	0	0	0	0	0	0	0	0	0	0	0	0	0	0	0	0	0	0	0	0	0	0	0	0	0	221	133	97	179	166	180	95	64	127	159	82	61	159	161	189	157	128	164	187	94	101
0	0	0	0	0	0	0	0	0	0	0	0	0	0	0	0	0	0	0	0	0	0	0	0	0	0	0	0	0	0	0	0	0	0	0	0	0	0	0	0	0	0	0	0	0	0	0	0	0	0	0	0	0	0	0	0	0	0	0	0	0	0	0	0	0	0	0	0	0	0	0	0	0	0	0	0	0	0	0	0	0	0	0	0	0	0	0	0	0	0	0	0	0	0	0	0	0	0	0	0	0	0	0	0	0	0	0	0	64	140	78	108	86	156	223	180	129	125	162	141	118	171	148	118	107	33	73	134
0	0	0	0	0	0	0	0	0	0	0	0	0	0	0	0	0	0	0	0	0	0	0	0	0	0	0	0	0	0	0	0	0	0	0	0	0	0	0	0	0	0	0	0	0	0	0	0	0	0	0	0	0	0	0	0	0	0	0	0	0	0	0	0	0	0	0	0	0	0	0	0	0	0	0	0	0	0	0	0	0	0	0	0	0	0	0	0	0	0	0	0	0	0	0	0	0	0	0	0	0	0	0	0	0	0	0	0	0	33	113	104	143	173	61	134	121	111	55	62	97	164	44	109	97	119	175	206
0	0	0	0	0	0	0	0	0	0	0	0	0	0	0	0	0	0	0	0	0	0	0	0	0	0	0	0	0	0	0	0	0	0	0	0	0	0	0	0	0	0	0	0	0	0	0	0	0	0	0	0	0	0	0	0	0	0	0	0	0	0	0	0	0	0	0	0	0	0	0	0	0	0	0	0	0	0	0	0	0	0	0	0	0	0	0	0	0	0	0	0	0	0	0	0	0	0	0	0	0	0	0	0	0	0	0	0	0	0	73	56	189	137	148	154	194	114	48	177	186	115	92	228	173	215	90	182
0	0	0	0	0	0	0	0	0	0	0	0	0	0	0	0	0	0	0	0	0	0	0	0	0	0	0	0	0	0	0	0	0	0	0	0	0	0	0	0	0	0	0	0	0	0	0	0	0	0	0	0	0	0	0	0	0	0	0	0	0	0	0	0	0	0	0	0	0	0	0	0	0	0	0	0	0	0	0	0	0	0	0	0	0	0	0	0	0	0	0	0	0	0	0	0	0	0	0	0	0	0	0	0	0	0	0	0	0	0	0	97	94	103	105	93	99	127	90	133	208	169	131	119	176	170	108	143
0	0	0	0	0	0	0	0	0	0	0	0	0	0	0	0	0	0	0	0	0	0	0	0	0	0	0	0	0	0	0	0	0	0	0	0	0	0	0	0	0	0	0	0	0	0	0	0	0	0	0	0	0	0	0	0	0	0	0	0	0	0	0	0	0	0	0	0	0	0	0	0	0	0	0	0	0	0	0	0	0	0	0	0	0	0	0	0	0	0	0	0	0	0	0	0	0	0	0	0	0	0	0	0	0	0	0	0	0	0	0	0	147	121	122	26	119	185	162	152	167	140	89	138	14	50	92	86
0	0	0	0	0	0	0	0	0	0	0	0	0	0	0	0	0	0	0	0	0	0	0	0	0	0	0	0	0	0	0	0	0	0	0	0	0	0	0	0	0	0	0	0	0	0	0	0	0	0	0	0	0	0	0	0	0	0	0	0	0	0	0	0	0	0	0	0	0	0	0	0	0	0	0	0	0	0	0	0	0	0	0	0	0	0	0	0	0	0	0	0	0	0	0	0	0	0	0	0	0	0	0	0	0	0	0	0	0	0	0	0	0	110	148	219	144	163	84	79	64	116	200	163	68	157	46	101
0	0	0	0	0	0	0	0	0	0	0	0	0	0	0	0	0	0	0	0	0	0	0	0	0	0	0	0	0	0	0	0	0	0	0	0	0	0	0	0	0	0	0	0	0	0	0	0	0	0	0	0	0	0	0	0	0	0	0	0	0	0	0	0	0	0	0	0	0	0	0	0	0	0	0	0	0	0	0	0	0	0	0	0	0	0	0	0	0	0	0	0	0	0	0	0	0	0	0	0	0	0	0	0	0	0	0	0	0	0	0	0	0	0	120	222	123	64	181	137	187	75	86	216	77	169	185	70
0	0	0	0	0	0	0	0	0	0	0	0	0	0	0	0	0	0	0	0	0	0	0	0	0	0	0	0	0	0	0	0	0	0	0	0	0	0	0	0	0	0	0	0	0	0	0	0	0	0	0	0	0	0	0	0	0	0	0	0	0	0	0	0	0	0	0	0	0	0	0	0	0	0	0	0	0	0	0	0	0	0	0	0	0	0	0	0	0	0	0	0	0	0	0	0	0	0	0	0	0	0	0	0	0	0	0	0	0	0	0	0	0	0	0	74	102	116	177	121	59	100	149	99	93	152	122	154
0	0	0	0	0	0	0	0	0	0	0	0	0	0	0	0	0	0	0	0	0	0	0	0	0	0	0	0	0	0	0	0	0	0	0	0	0	0	0	0	0	0	0	0	0	0	0	0	0	0	0	0	0	0	0	0	0	0	0	0	0	0	0	0	0	0	0	0	0	0	0	0	0	0	0	0	0	0	0	0	0	0	0	0	0	0	0	0	0	0	0	0	0	0	0	0	0	0	0	0	0	0	0	0	0	0	0	0	0	0	0	0	0	0	0	0	168	100	99	179	99	239	174	71	108	214	203	103
0	0	0	0	0	0	0	0	0	0	0	0	0	0	0	0	0	0	0	0	0	0	0	0	0	0	0	0	0	0	0	0	0	0	0	0	0	0	0	0	0	0	0	0	0	0	0	0	0	0	0	0	0	0	0	0	0	0	0	0	0	0	0	0	0	0	0	0	0	0	0	0	0	0	0	0	0	0	0	0	0	0	0	0	0	0	0	0	0	0	0	0	0	0	0	0	0	0	0	0	0	0	0	0	0	0	0	0	0	0	0	0	0	0	0	0	0	93	165	143	57	98	19	132	157	56	72	134
0	0	0	0	0	0	0	0	0	0	0	0	0	0	0	0	0	0	0	0	0	0	0	0	0	0	0	0	0	0	0	0	0	0	0	0	0	0	0	0	0	0	0	0	0	0	0	0	0	0	0	0	0	0	0	0	0	0	0	0	0	0	0	0	0	0	0	0	0	0	0	0	0	0	0	0	0	0	0	0	0	0	0	0	0	0	0	0	0	0	0	0	0	0	0	0	0	0	0	0	0	0	0	0	0	0	0	0	0	0	0	0	0	0	0	0	0	0	222	168	177	150	29	139	184	116	145	157
0	0	0	0	0	0	0	0	0	0	0	0	0	0	0	0	0	0	0	0	0	0	0	0	0	0	0	0	0	0	0	0	0	0	0	0	0	0	0	0	0	0	0	0	0	0	0	0	0	0	0	0	0	0	0	0	0	0	0	0	0	0	0	0	0	0	0	0	0	0	0	0	0	0	0	0	0	0	0	0	0	0	0	0	0	0	0	0	0	0	0	0	0	0	0	0	0	0	0	0	0	0	0	0	0	0	0	0	0	0	0	0	0	0	0	0	0	0	0	199	58	149	62	81	156	151	75	106
0	0	0	0	0	0	0	0	0	0	0	0	0	0	0	0	0	0	0	0	0	0	0	0	0	0	0	0	0	0	0	0	0	0	0	0	0	0	0	0	0	0	0	0	0	0	0	0	0	0	0	0	0	0	0	0	0	0	0	0	0	0	0	0	0	0	0	0	0	0	0	0	0	0	0	0	0	0	0	0	0	0	0	0	0	0	0	0	0	0	0	0	0	0	0	0	0	0	0	0	0	0	0	0	0	0	0	0	0	0	0	0	0	0	0	0	0	0	0	0	168	58	130	135	113	135	136	115
0	0	0	0	0	0	0	0	0	0	0	0	0	0	0	0	0	0	0	0	0	0	0	0	0	0	0	0	0	0	0	0	0	0	0	0	0	0	0	0	0	0	0	0	0	0	0	0	0	0	0	0	0	0	0	0	0	0	0	0	0	0	0	0	0	0	0	0	0	0	0	0	0	0	0	0	0	0	0	0	0	0	0	0	0	0	0	0	0	0	0	0	0	0	0	0	0	0	0	0	0	0	0	0	0	0	0	0	0	0	0	0	0	0	0	0	0	0	0	0	0	211	88	117	25	158	116	74
0	0	0	0	0	0	0	0	0	0	0	0	0	0	0	0	0	0	0	0	0	0	0	0	0	0	0	0	0	0	0	0	0	0	0	0	0	0	0	0	0	0	0	0	0	0	0	0	0	0	0	0	0	0	0	0	0	0	0	0	0	0	0	0	0	0	0	0	0	0	0	0	0	0	0	0	0	0	0	0	0	0	0	0	0	0	0	0	0	0	0	0	0	0	0	0	0	0	0	0	0	0	0	0	0	0	0	0	0	0	0	0	0	0	0	0	0	0	0	0	0	0	107	66	157	186	131	141
0	0	0	0	0	0	0	0	0	0	0	0	0	0	0	0	0	0	0	0	0	0	0	0	0	0	0	0	0	0	0	0	0	0	0	0	0	0	0	0	0	0	0	0	0	0	0	0	0	0	0	0	0	0	0	0	0	0	0	0	0	0	0	0	0	0	0	0	0	0	0	0	0	0	0	0	0	0	0	0	0	0	0	0	0	0	0	0	0	0	0	0	0	0	0	0	0	0	0	0	0	0	0	0	0	0	0	0	0	0	0	0	0	0	0	0	0	0	0	0	0	0	0	122	77	138	123	85
0	0	0	0	0	0	0	0	0	0	0	0	0	0	0	0	0	0	0	0	0	0	0	0	0	0	0	0	0	0	0	0	0	0	0	0	0	0	0	0	0	0	0	0	0	0	0	0	0	0	0	0	0	0	0	0	0	0	0	0	0	0	0	0	0	0	0	0	0	0	0	0	0	0	0	0	0	0	0	0	0	0	0	0	0	0	0	0	0	0	0	0	0	0	0	0	0	0	0	0	0	0	0	0	0	0	0	0	0	0	0	0	0	0	0	0	0	0	0	0	0	0	0	0	221	130	84	68
0	0	0	0	0	0	0	0	0	0	0	0	0	0	0	0	0	0	0	0	0	0	0	0	0	0	0	0	0	0	0	0	0	0	0	0	0	0	0	0	0	0	0	0	0	0	0	0	0	0	0	0	0	0	0	0	0	0	0	0	0	0	0	0	0	0	0	0	0	0	0	0	0	0	0	0	0	0	0	0	0	0	0	0	0	0	0	0	0	0	0	0	0	0	0	0	0	0	0	0	0	0	0	0	0	0	0	0	0	0	0	0	0	0	0	0	0	0	0	0	0	0	0	0	0	28	89	167
0	0	0	0	0	0	0	0	0	0	0	0	0	0	0	0	0	0	0	0	0	0	0	0	0	0	0	0	0	0	0	0	0	0	0	0	0	0	0	0	0	0	0	0	0	0	0	0	0	0	0	0	0	0	0	0	0	0	0	0	0	0	0	0	0	0	0	0	0	0	0	0	0	0	0	0	0	0	0	0	0	0	0	0	0	0	0	0	0	0	0	0	0	0	0	0	0	0	0	0	0	0	0	0	0	0	0	0	0	0	0	0	0	0	0	0	0	0	0	0	0	0	0	0	0	0	143	179
0	0	0	0	0	0	0	0	0	0	0	0	0	0	0	0	0	0	0	0	0	0	0	0	0	0	0	0	0	0	0	0	0	0	0	0	0	0	0	0	0	0	0	0	0	0	0	0	0	0	0	0	0	0	0	0	0	0	0	0	0	0	0	0	0	0	0	0	0	0	0	0	0	0	0	0	0	0	0	0	0	0	0	0	0	0	0	0	0	0	0	0	0	0	0	0	0	0	0	0	0	0	0	0	0	0	0	0	0	0	0	0	0	0	0	0	0	0	0	0	0	0	0	0	0	0	0	105
0	0	0	0	0	0	0	0	0	0	0	0	0	0	0	0	0	0	0	0	0	0	0	0	0	0	0	0	0	0	0	0	0	0	0	0	0	0	0	0	0	0	0	0	0	0	0	0	0	0	0	0	0	0	0	0	0	0	0	0	0	0	0	0	0	0	0	0	0	0	0	0	0	0	0	0	0	0	0	0	0	0	0	0	0	0	0	0	0	0	0	0	0	0	0	0	0	0	0	0	0	0	0	0	0	0	0	0	0	0	0	0	0	0	0	0	0	0	0	0	0	0	0	0	0	0	0	0