0	20	46	78	12	119	65	40	109	18	86	57	23	118	51	56	33	87	74	60	54	42	32	114	121	53	29	97	89	35	23	105	87	62	110	38	28	111	123	81	67	94	88	5	58	29	94	60	94	4	48	122	41	74	115	60	24	2	61	85	16	115	102	76	65	111	21	125	7	40	61	3	54	100	2	96	13	121	122	6	39	115	62	117	44	32	57	7	2	27	58	55	67	65	28	51	66	11	12	8	69	78	68	78	70	49	45	36	29	46	28	119	92	62	91	59	12	30	71	118	85	66	91	10	97	77	42	89
0	0	85	54	30	125	52	107	7	121	10	59	89	84	96	4	32	125	14	109	57	100	105	30	129	44	45	99	40	12	56	126	18	118	78	67	13	88	6	90	69	3	27	29	80	31	91	97	110	38	3	30	21	24	41	79	47	29	20	16	127	13	60	125	45	97	81	31	31	29	40	11	63	61	92	12	110	110	22	65	62	81	11	94	116	100	39	42	103	48	112	108	6	12	76	80	3	22	25	110	74	45	72	78	113	83	119	46	104	64	30	43	127	30	7	57	84	16	25	110	106	66	78	94	129	43	88	109
0	0	0	54	36	52	46	53	87	104	116	11	84	15	23	20	123	115	120	79	18	62	84	15	21	69	53	38	100	106	105	7	9	17	11	86	90	116	51	131	121	69	80	92	18	96	98	16	71	112	35	96	128	57	121	103	64	41	46	47	18	11	68	7	95	86	57	42	76	100	65	105	33	50	27	50	53	123	19	57	32	13	23	103	29	48	126	110	102	61	11	89	79	95	48	64	121	40	110	44	44	4	87	13	86	108	16	2	76	53	56	87	36	117	55	124	113	11	76	110	70	62	76	112	116	87	121	58
0	0	0	0	60	84	79	45	91	92	46	112	126	79	84	50	22	100	60	101	23	129	17	33	10	96	40	88	113	68	21	90	90	114	59	102	41	123	114	28	114	60	90	113	12	60	96	74	49	65	127	82	34	27	61	34	129	4	131	42	7	94	68	28	28	94	108	11	108	85	102	111	60	7	90	41	85	50	90	91	51	66	113	67	44	21	55	127	66	14	5	30	116	98	12	78	76	123	15	68	53	64	100	111	54	13	51	27	19	81	54	13	85	15	110	51	53	108	47	77	131	69	126	81	112	38	86	33
0	0	0	0	0	92	19	81	24	77	43	102	60	26	80	131	17	13	121	81	76	55	110	117	110	51	102	50	16	61	105	91	56	91	131	58	71	129	103	110	115	77	6	121	58	51	43	25	62	117	57	119	65	14	78	120	118	75	26	127	31	99	119	33	51	59	24	62	6	70	87	74	123	117	31	39	98	130	15	92	33	7	17	122	121	53	26	23	33	89	21	37	113	11	14	93	100	35	122	4	85	88	59	62	101	52	126	13	102	95	95	98	114	11	42	19	57	80	50	65	19	5	63	83	66	70	102	72
0	0	0	0	0	0	63	115	42	40	42	92	39	127	46	57	49	13	90	64	56	32	6	39	104	106	71	45	85	49	56	38	36	11	113	60	34	77	113	91	30	71	114	128	59	55	98	59	33	100	90	5	53	113	60	74	24	44	93	56	17	97	89	23	11	43	41	55	62	90	15	69	93	118	132	93	46	15	19	111	73	90	113	28	15	125	106	40	74	31	25	37	121	99	96	59	72	38	66	98	23	62	12	49	34	10	132	108	18	74	8	30	12	106	59	32	129	59	28	79	13	74	105	85	89	98	104	28
0	0	0	0	0	0	0	125	85	61	13	102	41	29	51	112	84	75	56	36	32	67	57	90	128	107	126	115	111	118	75	12	116	59	29	98	97	41	119	112	17	22	131	53	76	113	13	81	102	78	129	102	90	8	102	39	122	60	120	114	40	70	83	125	8	60	118	127	37	68	105	118	57	32	88	28	92	8	122	16	114	42	59	73	120	20	61	88	91	16	112	65	10	110	66	84	121	39	88	76	51	103	69	83	27	104	58	42	120	46	87	106	39	64	90	100	118	68	114	8	63	63	20	125	71	48	105	27
0	0	0	0	0	0	0	0	75	114	115	63	124	98	26	106	106	87	19	96	12	45	99	102	70	129	74	31	80	20	106	81	77	27	120	92	90	59	55	94	15	135	36	109	90	9	100	112	123	17	59	119	15	76	17	95	135	61	62	46	124	31	115	126	131	100	103	79	93	70	128	127	24	36	18	96	127	52	107	124	84	74	53	71	89	128	41	99	26	89	100	112	86	81	130	14	43	29	96	88	100	125	89	45	87	15	96	88	105	115	81	83	76	64	72	84	119	42	92	51	64	72	108	45	17	117	112	27
0	0	0	0	0	0	0	0	0	21	88	47	33	50	135	85	15	38	85	128	65	36	43	57	58	121	115	96	102	98	10	110	55	52	65	10	69	72	54	22	76	63	46	70	108	40	82	133	66	59	18	92	53	13	26	105	46	9	35	13	27	28	77	49	123	100	43	132	36	87	118	77	66	132	82	83	67	75	55	54	57	103	118	54	39	65	16	100	53	41	118	57	129	84	27	102	39	121	124	51	103	129	18	58	29	122	23	33	11	58	44	41	88	107	116	57	39	98	110	86	82	28	135	114	35	109	43	87
0	0	0	0	0	0	0	0	0	0	136	66	97	33	36	47	70	52	7	84	11	125	129	121	116	70	83	120	116	64	128	34	68	16	26	29	48	29	84	63	121	128	49	40	113	115	102	126	64	64	26	23	108	113	129	21	45	78	32	124	85	35	28	86	36	52	69	48	76	71	79	79	108	79	22	52	15	76	93	117	80	45	130	13	65	81	28	29	83	56	91	104	84	9	113	67	111	50	67	109	125	85	100	98	75	63	28	52	84	50	62	12	136	131	116	119	103	86	99	21	116	24	109	74	111	10	77	31
0	0	0	0	0	0	0	0	0	0	0	95	15	62	107	131	34	104	37	75	113	116	107	50	108	118	68	12	94	104	52	22	24	3	77	102	19	39	79	19	63	64	27	81	130	50	89	53	23	44	126	57	81	34	49	82	133	49	120	92	126	81	36	120	13	116	101	44	79	32	133	81	25	98	54	78	20	124	29	65	28	25	120	85	102	127	50	51	51	40	28	112	20	41	64	115	33	13	75	11	87	47	25	72	23	77	30	69	125	99	83	98	38	56	6	42	60	82	91	67	107	136	43	111	27	135	73	78
0	0	0	0	0	0	0	0	0	0	0	0	41	113	87	80	95	17	104	30	32	100	61	117	97	131	89	17	124	80	121	107	21	64	132	98	107	21	30	34	131	67	105	41	81	49	83	51	128	38	13	26	128	92	115	39	82	113	90	88	102	78	93	28	123	43	136	41	62	110	72	84	49	117	128	26	39	38	89	119	17	122	112	33	15	59	49	65	66	32	52	94	94	62	94	28	70	24	120	18	10	83	29	102	31	131	65	135	101	77	30	88	18	135	102	114	98	92	136	38	82	126	59	129	96	78	71	44
0	0	0	0	0	0	0	0	0	0	0	0	0	81	56	30	40	88	13	39	30	13	45	50	87	55	124	96	31	40	37	30	46	37	122	63	83	109	39	93	54	106	14	13	84	109	99	73	64	13	114	93	21	133	120	45	41	70	70	22	73	87	113	70	40	72	64	24	115	112	111	114	37	16	121	106	85	35	24	53	70	24	53	124	14	90	15	23	105	36	76	114	32	121	114	13	46	21	30	39	31	22	51	99	125	85	36	28	49	103	9	58	40	111	63	65	108	87	77	119	80	118	18	99	86	121	115	103
0	0	0	0	0	0	0	0	0	0	0	0	0	0	35	94	25	122	40	96	113	85	72	61	24	103	37	133	61	66	49	119	67	123	70	34	70	21	56	103	30	57	87	133	98	52	67	91	81	40	56	47	52	67	104	37	39	133	122	76	76	132	138	89	21	63	35	29	70	70	68	20	103	130	46	51	78	4	81	96	14	127	21	99	32	40	49	15	52	137	40	23	125	75	52	81	8	28	14	94	50	55	31	83	84	14	97	120	65	26	38	83	96	128	46	7	73	35	96	87	54	80	69	36	29	133	77	86
0	0	0	0	0	0	0	0	0	0	0	0	0	0	0	97	124	39	20	31	53	92	129	12	63	132	71	97	79	73	127	91	134	73	10	103	5	84	120	23	58	6	65	106	123	84	77	14	11	115	83	132	19	110	105	80	123	59	75	87	101	59	4	7	60	94	116	26	96	40	17	84	25	122	25	54	5	58	112	129	54	140	71	118	47	77	109	112	126	52	57	63	78	38	107	78	63	64	22	92	112	92	95	112	119	42	109	9	22	83	38	59	63	92	67	57	31	112	22	33	89	109	17	35	87	90	39	132
0	0	0	0	0	0	0	0	0	0	0	0	0	0	0	0	124	56	59	133	29	81	33	94	78	28	130	67	45	37	136	104	10	53	31	104	125	128	84	97	25	50	47	112	61	121	14	61	93	31	22	87	71	133	129	35	125	70	36	28	94	134	114	53	36	57	82	38	65	74	119	117	88	111	22	120	113	130	49	64	82	55	92	133	41	10	57	14	31	13	64	34	46	79	90	55	69	113	34	125	9	45	110	104	55	120	97	69	68	4	18	62	12	98	34	52	27	90	35	50	29	91	64	20	139	130	47	24
0	0	0	0	0	0	0	0	0	0	0	0	0	0	0	0	0	76	86	128	122	24	13	118	10	40	37	11	39	45	73	135	98	83	44	74	31	8	129	67	92	99	80	101	105	123	79	72	66	92	3	137	70	109	69	77	12	128	102	80	53	27	34	44	83	108	75	73	118	31	99	103	32	67	82	77	93	61	39	90	49	123	49	55	41	56	93	51	124	94	39	38	131	71	115	124	28	98	48	72	99	57	65	117	84	40	128	114	84	123	47	56	86	51	26	58	107	68	68	101	101	113	100	9	57	14	27	73
0	0	0	0	0	0	0	0	0	0	0	0	0	0	0	0	0	0	74	39	40	63	89	33	112	12	14	85	92	110	121	15	26	95	131	46	75	93	118	109	120	8	75	102	66	63	124	22	111	96	45	80	24	138	145	136	102	138	80	138	24	64	19	22	95	56	137	78	62	70	42	27	110	70	122	23	76	133	16	26	69	35	84	121	49	16	80	18	79	134	50	50	70	17	100	85	29	123	91	32	53	51	27	19	80	13	54	56	124	78	36	129	45	96	19	57	5	97	105	92	110	142	80	101	125	63	34	48
0	0	0	0	0	0	0	0	0	0	0	0	0	0	0	0	0	0	0	102	46	85	41	78	137	113	92	17	55	118	56	86	118	128	55	123	58	129	74	107	141	48	100	115	16	82	74	96	60	41	70	48	71	81	29	31	14	85	99	88	122	14	39	36	122	54	87	115	63	87	121	99	129	74	64	43	12	62	89	21	35	105	57	119	141	28	33	117	123	82	102	82	84	10	129	43	52	142	101	35	105	125	41	130	66	44	125	18	39	62	52	26	49	39	50	65	21	109	103	120	140	42	123	126	19	80	67	93
0	0	0	0	0	0	0	0	0	0	0	0	0	0	0	0	0	0	0	0	38	42	4	70	46	34	88	116	46	101	88	19	41	139	48	15	21	63	127	66	91	26	68	74	129	96	55	39	88	34	14	25	129	105	123	64	126	57	137	30	88	86	26	128	56	56	78	29	25	67	18	90	69	79	12	67	42	120	101	73	119	29	101	140	79	109	137	16	63	45	115	52	133	93	53	69	34	19	84	53	59	88	95	135	11	79	89	69	136	80	89	134	58	24	110	105	23	37	74	50	88	138	48	14	49	78	86	37
0	0	0	0	0	0	0	0	0	0	0	0	0	0	0	0	0	0	0	0	0	15	111	20	72	123	52	123	49	101	120	18	78	60	64	48	65	126	128	117	69	58	112	128	30	30	48	48	74	46	39	90	135	6	63	94	113	20	112	79	121	91	60	89	133	64	16	76	80	99	80	83	24	102	27	22	125	76	131	54	50	23	105	128	84	107	37	118	79	34	91	76	53	131	134	46	26	141	80	56	43	47	83	49	144	74	61	49	61	33	30	90	70	67	72	113	48	31	122	33	87	137	98	130	23	62	50	31
0	0	0	0	0	0	0	0	0	0	0	0	0	0	0	0	0	0	0	0	0	0	42	123	132	103	120	106	94	147	110	141	11	133	23	118	44	31	33	27	85	112	57	124	49	81	87	33	75	60	54	65	49	108	104	19	57	107	85	113	143	131	120	98	93	143	42	121	42	120	113	95	78	21	116	143	56	128	5	40	10	112	102	103	87	92	90	125	21	124	91	24	59	144	51	41	147	57	43	135	48	114	27	25	55	58	26	14	98	60	63	76	46	65	86	136	107	19	93	45	130	88	34	93	59	104	64	105
0	0	0	0	0	0	0	0	0	0	0	0	0	0	0	0	0	0	0	0	0	0	0	46	21	112	59	145	132	85	127	87	118	55	106	82	128	138	136	43	42	104	21	86	82	19	105	98	25	40	25	105	25	44	105	92	68	70	42	24	65	87	120	110	62	133	84	59	135	80	124	82	69	114	112	86	45	65	31	40	16	24	121	70	29	109	132	55	104	136	83	117	112	113	67	51	53	52	105	120	23	136	88	109	149	142	112	31	132	132	83	53	139	111	14	105	86	86	66	16	99	77	41	118	70	74	80	69
0	0	0	0	0	0	0	0	0	0	0	0	0	0	0	0	0	0	0	0	0	0	0	0	67	78	78	99	97	36	86	132	53	41	86	32	82	88	18	96	120	15	54	91	100	65	74	44	92	36	116	123	46	116	102	64	61	129	92	74	48	23	13	84	79	43	67	127	105	82	20	44	15	101	125	98	10	53	119	120	26	26	56	104	105	51	37	128	11	13	96	148	149	146	129	49	109	46	115	34	77	85	40	74	87	62	101	63	115	72	133	92	84	50	51	93	77	106	85	96	121	63	16	37	68	128	126	54
0	0	0	0	0	0	0	0	0	0	0	0	0	0	0	0	0	0	0	0	0	0	0	0	0	108	115	64	116	103	132	50	68	60	90	133	10	128	13	150	62	74	26	88	92	52	126	62	94	49	63	139	120	146	63	109	21	52	24	60	46	47	28	111	57	89	49	15	75	101	131	70	72	146	71	126	128	73	35	112	75	70	96	47	135	20	142	28	23	17	102	41	103	53	108	98	86	57	118	106	84	65	75	24	70	64	36	55	110	82	23	32	90	106	80	32	40	45	44	90	132	98	68	17	52	75	136	50
0	0	0	0	0	0	0	0	0	0	0	0	0	0	0	0	0	0	0	0	0	0	0	0	0	0	129	93	52	96	33	107	113	88	28	91	123	73	40	74	29	55	113	118	109	93	94	118	131	97	46	102	97	107	55	61	121	50	29	23	134	135	138	91	41	79	39	36	54	145	71	35	92	101	108	32	89	68	122	131	20	114	74	38	29	94	107	58	87	35	13	75	38	90	38	37	69	133	118	82	138	24	97	54	100	68	96	146	76	118	91	106	73	35	90	85	22	73	33	48	19	119	114	108	97	114	84	37
0	0	0	0	0	0	0	0	0	0	0	0	0	0	0	0	0	0	0	0	0	0	0	0	0	0	0	56	124	126	55	97	127	88	116	106	55	32	34	95	98	105	99	85	48	120	118	128	115	97	107	65	38	93	33	61	57	136	142	82	64	109	112	119	39	139	85	137	46	129	60	115	110	32	135	52	138	38	32	25	93	44	14	114	117	125	89	18	12	116	89	76	73	67	11	29	28	33	11	147	73	99	152	35	62	36	109	60	100	32	121	18	56	30	125	45	119	154	72	127	124	129	136	83	8	133	120	10
0	0	0	0	0	0	0	0	0	0	0	0	0	0	0	0	0	0	0	0	0	0	0	0	0	0	0	0	148	98	38	129	33	46	138	79	30	85	77	59	98	75	77	25	43	112	79	10	28	78	98	69	33	113	50	88	92	38	83	124	72	48	57	106	36	103	107	72	126	22	40	80	65	83	37	19	86	9	96	100	73	80	137	110	101	49	50	121	54	10	52	66	25	68	44	147	82	101	96	115	86	133	124	28	40	86	65	116	76	27	22	37	65	63	47	68	87	114	122	136	48	81	110	19	128	56	82	73
0	0	0	0	0	0	0	0	0	0	0	0	0	0	0	0	0	0	0	0	0	0	0	0	0	0	0	0	0	68	52	152	35	146	91	79	117	57	64	105	64	94	106	92	115	121	41	98	28	143	71	45	92	72	87	76	31	121	46	43	46	98	119	135	74	73	39	110	52	141	60	46	94	132	74	83	83	45	106	140	9	12	24	93	129	82	105	125	118	63	110	39	26	117	111	11	24	49	143	48	15	121	131	37	112	108	24	103	102	70	107	47	136	73	76	104	21	74	118	92	76	132	144	74	35	47	125	132
0	0	0	0	0	0	0	0	0	0	0	0	0	0	0	0	0	0	0	0	0	0	0	0	0	0	0	0	0	0	62	97	49	6	91	105	66	146	46	78	126	145	49	70	44	36	98	61	108	72	72	63	101	126	34	138	111	82	128	33	21	123	83	59	84	119	156	48	67	108	15	18	114	101	58	105	9	71	71	87	99	22	32	96	128	39	104	125	108	65	77	78	122	103	130	124	115	98	63	109	92	101	42	134	17	48	39	46	48	44	87	61	70	35	52	58	108	90	150	124	65	133	85	100	121	122	36	67
0	0	0	0	0	0	0	0	0	0	0	0	0	0	0	0	0	0	0	0	0	0	0	0	0	0	0	0	0	0	0	9	89	87	143	56	120	125	110	83	52	146	36	88	73	71	58	87	63	73	59	40	121	90	139	29	57	141	19	102	74	75	60	27	50	113	39	141	154	118	54	121	105	41	64	50	64	68	79	116	137	31	19	77	62	36	114	82	96	91	125	96	87	31	62	41	77	34	16	93	54	32	113	62	72	98	108	67	58	57	57	142	62	73	66	37	87	94	75	44	45	115	70	75	132	88	31	63
0	0	0	0	0	0	0	0	0	0	0	0	0	0	0	0	0	0	0	0	0	0	0	0	0	0	0	0	0	0	0	0	40	64	78	92	85	49	76	90	86	116	19	102	12	136	80	87	100	111	92	105	119	86	64	153	95	83	63	86	64	48	114	19	91	11	46	122	82	135	91	7	130	98	132	89	56	115	99	99	122	103	87	60	144	113	53	29	32	42	113	53	46	135	75	48	117	149	127	116	149	77	90	122	69	100	137	32	78	18	54	93	25	36	88	38	139	132	27	115	17	84	58	79	34	84	80	108
0	0	0	0	0	0	0	0	0	0	0	0	0	0	0	0	0	0	0	0	0	0	0	0	0	0	0	0	0	0	0	0	0	106	100	96	58	58	51	58	32	104	97	80	29	131	75	111	41	50	92	40	82	131	12	106	7	114	137	70	101	34	130	65	133	22	52	57	99	103	110	53	152	110	124	82	61	46	55	27	128	27	100	79	111	113	132	140	71	37	126	136	86	145	14	45	147	75	69	145	14	81	85	129	79	87	86	61	141	70	41	88	71	131	140	100	8	89	123	133	125	76	72	30	96	37	126	29
0	0	0	0	0	0	0	0	0	0	0	0	0	0	0	0	0	0	0	0	0	0	0	0	0	0	0	0	0	0	0	0	0	0	50	107	11	61	45	27	39	53	138	77	125	116	134	38	60	91	127	109	125	20	9	114	68	23	101	109	117	150	63	138	110	124	81	24	10	86	42	112	116	51	39	60	91	72	45	30	9	93	75	78	21	145	47	45	51	121	97	63	137	93	97	39	33	147	114	27	21	63	72	128	140	90	56	67	33	158	79	33	118	88	23	133	72	84	81	136	34	103	151	7	143	115	27	23
0	0	0	0	0	0	0	0	0	0	0	0	0	0	0	0	0	0	0	0	0	0	0	0	0	0	0	0	0	0	0	0	0	0	0	123	45	96	45	123	35	84	96	98	43	123	75	98	107	107	161	89	97	50	29	29	40	78	111	21	18	125	62	53	130	33	111	145	50	131	137	68	43	114	115	132	48	108	6	95	34	43	46	59	103	133	133	35	24	107	136	30	73	130	94	38	151	45	139	101	116	40	62	15	146	17	149	24	128	34	35	78	26	144	53	99	76	57	54	72	58	130	33	28	52	48	40	94
0	0	0	0	0	0	0	0	0	0	0	0	0	0	0	0	0	0	0	0	0	0	0	0	0	0	0	0	0	0	0	0	0	0	0	0	57	112	84	124	133	78	49	111	120	119	122	110	45	75	36	35	85	77	89	145	127	65	140	41	92	123	32	99	114	128	61	57	96	74	94	101	43	142	34	52	57	33	132	73	24	97	63	106	40	11	104	37	106	110	62	87	32	107	105	88	39	146	92	131	51	96	104	131	112	84	79	117	100	46	102	47	61	158	144	125	133	144	52	85	126	136	99	97	110	66	114	46
0	0	0	0	0	0	0	0	0	0	0	0	0	0	0	0	0	0	0	0	0	0	0	0	0	0	0	0	0	0	0	0	0	0	0	0	0	107	34	75	54	113	65	108	40	65	53	103	36	98	10	66	81	128	36	153	112	64	53	107	38	51	116	18	136	32	131	44	83	34	116	90	51	96	51	121	93	57	31	155	49	30	12	44	41	58	76	47	152	36	43	134	36	15	55	100	93	58	111	127	78	67	65	158	19	82	81	64	23	121	81	79	132	13	75	82	24	91	154	79	102	103	56	30	105	102	46	118
0	0	0	0	0	0	0	0	0	0	0	0	0	0	0	0	0	0	0	0	0	0	0	0	0	0	0	0	0	0	0	0	0	0	0	0	0	0	100	49	114	135	28	11	122	149	28	98	51	91	108	114	60	105	79	88	105	107	34	43	117	31	55	110	56	22	68	87	74	99	88	43	121	48	49	115	137	53	89	151	139	81	57	72	92	103	27	45	130	30	117	43	82	41	40	41	139	43	90	107	45	118	102	100	141	31	86	69	89	39	100	99	72	135	55	163	128	132	67	103	36	89	150	65	104	103	57	98
0	0	0	0	0	0	0	0	0	0	0	0	0	0	0	0	0	0	0	0	0	0	0	0	0	0	0	0	0	0	0	0	0	0	0	0	0	0	0	134	49	117	45	120	68	69	95	116	61	82	128	125	135	42	23	79	53	67	123	83	103	65	74	67	56	17	129	21	37	134	14	105	91	124	46	108	11	73	82	90	152	131	144	96	123	23	103	105	92	36	88	52	93	148	129	52	62	27	36	76	32	130	105	62	155	76	49	92	96	86	86	134	18	116	42	106	82	92	132	52	110	62	71	64	129	105	66	164
0	0	0	0	0	0	0	0	0	0	0	0	0	0	0	0	0	0	0	0	0	0	0	0	0	0	0	0	0	0	0	0	0	0	0	0	0	0	0	0	124	109	94	124	54	16	130	79	64	103	82	49	64	134	135	93	18	95	73	75	130	21	148	118	99	116	26	86	142	47	94	59	28	110	81	111	20	37	21	92	120	131	15	145	157	92	58	119	159	84	114	131	70	33	29	59	66	98	131	62	44	137	145	25	141	50	58	86	155	140	92	151	48	44	114	34	107	52	62	125	88	86	44	77	110	30	123	132
0	0	0	0	0	0	0	0	0	0	0	0	0	0	0	0	0	0	0	0	0	0	0	0	0	0	0	0	0	0	0	0	0	0	0	0	0	0	0	0	0	33	17	160	143	90	100	69	83	15	106	157	116	110	115	152	97	91	120	62	37	50	40	110	81	46	77	87	68	46	83	115	96	109	7	97	162	53	67	139	18	86	86	106	96	41	88	60	118	44	87	71	91	35	109	60	42	36	126	11	134	101	74	72	117	48	70	58	55	129	141	53	157	49	141	77	73	83	85	67	132	112	30	71	31	24	149	26
0	0	0	0	0	0	0	0	0	0	0	0	0	0	0	0	0	0	0	0	0	0	0	0	0	0	0	0	0	0	0	0	0	0	0	0	0	0	0	0	0	0	98	140	96	147	103	163	26	118	95	58	58	37	73	108	75	63	65	93	96	71	33	140	115	69	104	93	123	109	119	37	60	120	16	97	83	36	81	88	124	66	140	75	54	102	39	118	96	70	78	126	43	17	94	21	121	65	68	102	72	116	47	154	78	123	67	41	80	122	59	132	68	85	114	52	18	32	108	121	54	41	113	54	131	102	48	132
0	0	0	0	0	0	0	0	0	0	0	0	0	0	0	0	0	0	0	0	0	0	0	0	0	0	0	0	0	0	0	0	0	0	0	0	0	0	0	0	0	0	0	136	109	25	51	84	32	56	88	67	149	112	46	58	100	151	135	126	61	33	49	31	119	51	35	166	130	69	24	54	101	74	62	54	110	75	68	127	90	114	53	65	126	143	88	148	24	91	64	116	79	136	45	38	58	124	135	52	15	113	142	45	98	76	146	119	100	128	54	71	100	28	30	138	47	164	106	162	89	110	40	57	66	156	39	69
0	0	0	0	0	0	0	0	0	0	0	0	0	0	0	0	0	0	0	0	0	0	0	0	0	0	0	0	0	0	0	0	0	0	0	0	0	0	0	0	0	0	0	0	72	117	51	125	80	102	104	56	136	107	28	119	101	44	106	27	48	10	50	95	133	62	91	142	29	82	134	32	33	74	52	124	108	130	127	114	97	65	141	101	85	39	129	9	116	108	19	157	130	47	74	111	134	57	91	134	31	21	115	101	70	128	161	25	48	27	21	65	129	132	69	126	95	137	146	56	96	101	72	87	71	137	25	53
0	0	0	0	0	0	0	0	0	0	0	0	0	0	0	0	0	0	0	0	0	0	0	0	0	0	0	0	0	0	0	0	0	0	0	0	0	0	0	0	0	0	0	0	0	127	82	89	91	95	57	21	55	13	97	119	121	61	25	62	125	73	60	112	130	93	76	25	22	110	63	75	62	153	4	107	105	126	80	39	107	94	65	44	123	40	40	27	87	114	136	41	87	133	49	45	108	65	58	78	107	136	30	68	46	90	133	38	75	50	132	91	118	111	104	139	101	30	35	21	144	50	122	85	145	34	53	78
0	0	0	0	0	0	0	0	0	0	0	0	0	0	0	0	0	0	0	0	0	0	0	0	0	0	0	0	0	0	0	0	0	0	0	0	0	0	0	0	0	0	0	0	0	0	57	141	63	45	65	68	97	53	53	119	81	114	112	24	142	130	109	19	118	171	96	130	53	141	68	139	148	164	14	108	46	131	28	160	54	71	102	139	87	43	148	79	61	133	87	99	155	36	115	90	111	49	73	130	65	100	34	124	33	82	95	48	130	147	135	61	118	40	130	132	73	128	40	91	122	81	47	160	63	42	104	107
0	0	0	0	0	0	0	0	0	0	0	0	0	0	0	0	0	0	0	0	0	0	0	0	0	0	0	0	0	0	0	0	0	0	0	0	0	0	0	0	0	0	0	0	0	0	0	46	153	162	97	69	102	149	56	50	70	117	49	95	38	65	136	139	116	110	140	114	20	109	39	66	104	107	138	40	40	130	22	54	51	156	108	102	8	33	70	85	158	131	161	58	128	117	16	137	124	26	120	133	159	32	120	43	52	57	19	83	155	52	89	58	27	145	31	122	130	72	111	113	116	141	83	128	25	44	38	150
0	0	0	0	0	0	0	0	0	0	0	0	0	0	0	0	0	0	0	0	0	0	0	0	0	0	0	0	0	0	0	0	0	0	0	0	0	0	0	0	0	0	0	0	0	0	0	0	84	52	35	123	53	35	29	139	26	97	82	131	132	99	122	44	57	129	92	123	63	140	35	32	88	102	41	65	108	68	68	127	164	6	117	74	48	77	130	116	78	25	71	132	91	70	130	122	98	90	122	81	151	80	33	152	57	120	157	96	115	123	112	78	69	96	74	138	106	53	114	100	152	43	121	99	29	90	63	99
0	0	0	0	0	0	0	0	0	0	0	0	0	0	0	0	0	0	0	0	0	0	0	0	0	0	0	0	0	0	0	0	0	0	0	0	0	0	0	0	0	0	0	0	0	0	0	0	0	90	62	105	81	79	11	87	93	72	102	84	134	82	104	51	3	93	70	87	120	124	61	53	57	36	58	154	129	132	80	151	127	104	69	127	37	66	123	64	80	18	80	71	99	161	90	33	120	155	114	93	160	81	82	114	123	108	113	149	56	103	88	143	159	57	112	57	13	89	40	129	166	93	104	64	112	73	29	115
0	0	0	0	0	0	0	0	0	0	0	0	0	0	0	0	0	0	0	0	0	0	0	0	0	0	0	0	0	0	0	0	0	0	0	0	0	0	0	0	0	0	0	0	0	0	0	0	0	0	118	90	75	76	40	104	55	31	114	142	129	101	77	145	31	163	137	117	131	59	135	74	29	104	73	56	29	128	117	86	46	92	39	85	62	135	34	152	96	132	32	65	37	96	105	160	140	33	103	110	51	63	130	138	140	139	93	61	76	50	102	87	125	120	116	65	88	84	55	61	108	43	149	59	40	131	36	94
0	0	0	0	0	0	0	0	0	0	0	0	0	0	0	0	0	0	0	0	0	0	0	0	0	0	0	0	0	0	0	0	0	0	0	0	0	0	0	0	0	0	0	0	0	0	0	0	0	0	0	100	101	149	75	139	33	63	78	124	75	144	142	126	32	140	110	134	139	141	20	61	125	81	42	41	63	61	134	95	117	34	136	55	81	49	78	98	33	162	95	60	148	93	127	177	80	129	125	96	83	46	35	69	66	124	29	102	81	101	81	123	23	146	173	39	143	88	33	37	4	85	133	84	98	71	141	68
0	0	0	0	0	0	0	0	0	0	0	0	0	0	0	0	0	0	0	0	0	0	0	0	0	0	0	0	0	0	0	0	0	0	0	0	0	0	0	0	0	0	0	0	0	0	0	0	0	0	0	0	116	48	21	90	81	138	88	95	62	59	155	110	35	103	110	35	38	153	52	91	64	30	84	153	67	73	36	60	47	85	120	107	84	49	77	81	29	137	86	91	10	36	97	65	121	120	46	155	144	82	28	17	81	47	82	98	60	52	40	117	65	42	28	47	35	36	163	57	71	116	147	120	94	119	72	87
0	0	0	0	0	0	0	0	0	0	0	0	0	0	0	0	0	0	0	0	0	0	0	0	0	0	0	0	0	0	0	0	0	0	0	0	0	0	0	0	0	0	0	0	0	0	0	0	0	0	0	0	0	19	59	68	105	167	69	117	164	28	11	138	85	92	127	164	22	64	119	54	44	59	106	93	38	63	136	161	112	128	147	120	103	58	134	74	69	47	23	79	127	61	113	122	145	42	105	47	76	49	54	109	133	38	69	47	46	100	120	74	155	115	139	76	128	131	99	119	94	59	40	127	97	102	127	70
0	0	0	0	0	0	0	0	0	0	0	0	0	0	0	0	0	0	0	0	0	0	0	0	0	0	0	0	0	0	0	0	0	0	0	0	0	0	0	0	0	0	0	0	0	0	0	0	0	0	0	0	0	0	78	62	87	83	32	77	95	47	49	119	24	89	93	125	80	52	66	123	45	77	100	60	92	143	50	45	148	71	122	110	47	78	111	159	99	160	132	63	137	69	96	126	92	20	27	106	96	140	97	106	14	179	74	93	114	106	157	146	96	82	125	92	39	90	58	85	131	40	113	67	102	72	96	92
0	0	0	0	0	0	0	0	0	0	0	0	0	0	0	0	0	0	0	0	0	0	0	0	0	0	0	0	0	0	0	0	0	0	0	0	0	0	0	0	0	0	0	0	0	0	0	0	0	0	0	0	0	0	0	97	82	153	67	33	121	107	99	107	78	100	34	152	114	103	105	114	78	98	62	81	125	99	113	135	79	87	121	129	172	66	125	132	109	160	109	82	134	135	112	103	21	132	42	124	83	55	99	90	70	98	6	48	86	99	72	81	113	58	55	131	62	28	68	43	89	55	57	93	94	48	140	69
0	0	0	0	0	0	0	0	0	0	0	0	0	0	0	0	0	0	0	0	0	0	0	0	0	0	0	0	0	0	0	0	0	0	0	0	0	0	0	0	0	0	0	0	0	0	0	0	0	0	0	0	0	0	0	0	132	105	64	28	145	147	128	163	78	114	45	120	159	71	148	145	67	120	146	85	66	95	149	159	164	118	74	66	44	86	123	83	25	116	50	156	123	110	109	34	105	76	43	66	69	58	96	151	93	126	62	66	160	72	157	99	116	126	128	30	52	86	92	131	135	42	134	96	139	109	137	77
0	0	0	0	0	0	0	0	0	0	0	0	0	0	0	0	0	0	0	0	0	0	0	0	0	0	0	0	0	0	0	0	0	0	0	0	0	0	0	0	0	0	0	0	0	0	0	0	0	0	0	0	0	0	0	0	0	167	70	66	5	49	41	88	57	150	88	72	106	59	92	140	51	133	72	60	94	84	164	41	105	156	117	90	163	130	72	72	161	85	104	89	144	141	114	64	72	81	31	111	130	28	119	17	69	30	29	125	100	79	124	83	137	143	112	34	135	26	37	117	68	110	156	97	16	119	96	145
0	0	0	0	0	0	0	0	0	0	0	0	0	0	0	0	0	0	0	0	0	0	0	0	0	0	0	0	0	0	0	0	0	0	0	0	0	0	0	0	0	0	0	0	0	0	0	0	0	0	0	0	0	0	0	0	0	0	140	119	141	87	92	116	63	133	137	16	172	146	47	17	61	134	45	132	62	111	120	8	159	119	159	104	50	95	62	79	23	58	121	123	108	131	137	83	55	98	45	50	49	117	123	51	48	136	65	141	96	19	23	67	127	103	59	152	49	43	87	46	98	103	151	65	71	129	91	52
0	0	0	0	0	0	0	0	0	0	0	0	0	0	0	0	0	0	0	0	0	0	0	0	0	0	0	0	0	0	0	0	0	0	0	0	0	0	0	0	0	0	0	0	0	0	0	0	0	0	0	0	0	0	0	0	0	0	0	73	106	76	82	50	181	97	137	104	22	40	91	155	127	83	69	143	54	132	58	87	73	133	152	100	78	80	147	177	34	89	41	62	54	118	60	16	35	50	142	89	77	80	90	138	88	152	133	111	128	154	93	77	4	107	65	30	113	90	101	23	119	99	98	96	138	122	153	116
0	0	0	0	0	0	0	0	0	0	0	0	0	0	0	0	0	0	0	0	0	0	0	0	0	0	0	0	0	0	0	0	0	0	0	0	0	0	0	0	0	0	0	0	0	0	0	0	0	0	0	0	0	0	0	0	0	0	0	0	132	84	112	99	101	145	40	86	105	96	15	118	111	68	139	45	142	105	92	132	43	70	124	146	17	117	42	177	93	66	105	78	120	67	91	54	56	46	107	155	47	50	122	157	93	29	114	81	90	121	72	84	74	130	52	85	54	115	95	64	62	33	69	136	114	53	85	125
0	0	0	0	0	0	0	0	0	0	0	0	0	0	0	0	0	0	0	0	0	0	0	0	0	0	0	0	0	0	0	0	0	0	0	0	0	0	0	0	0	0	0	0	0	0	0	0	0	0	0	0	0	0	0	0	0	0	0	0	0	26	81	97	70	85	145	155	73	92	57	95	82	100	128	27	85	53	135	131	111	87	116	137	146	29	107	53	121	44	128	53	72	154	52	96	134	109	23	121	131	118	65	79	126	78	69	21	79	81	10	143	147	89	125	147	142	131	136	133	51	113	140	78	98	136	53	87
0	0	0	0	0	0	0	0	0	0	0	0	0	0	0	0	0	0	0	0	0	0	0	0	0	0	0	0	0	0	0	0	0	0	0	0	0	0	0	0	0	0	0	0	0	0	0	0	0	0	0	0	0	0	0	0	0	0	0	0	0	0	137	95	118	67	87	141	111	157	134	23	130	68	90	108	134	15	115	92	64	112	180	99	42	129	106	143	34	72	109	56	61	66	106	38	40	52	49	114	78	155	37	24	78	65	55	139	63	121	116	133	123	89	134	83	94	117	69	128	151	57	57	161	90	142	99	23
0	0	0	0	0	0	0	0	0	0	0	0	0	0	0	0	0	0	0	0	0	0	0	0	0	0	0	0	0	0	0	0	0	0	0	0	0	0	0	0	0	0	0	0	0	0	0	0	0	0	0	0	0	0	0	0	0	0	0	0	0	0	0	128	105	76	83	140	163	108	120	190	35	149	59	64	146	113	89	125	118	157	169	41	47	137	101	173	64	128	113	162	114	45	141	99	15	114	93	150	64	149	57	101	120	149	79	12	58	25	44	137	15	91	60	89	129	52	158	76	124	101	80	8	81	85	173	86
0	0	0	0	0	0	0	0	0	0	0	0	0	0	0	0	0	0	0	0	0	0	0	0	0	0	0	0	0	0	0	0	0	0	0	0	0	0	0	0	0	0	0	0	0	0	0	0	0	0	0	0	0	0	0	0	0	0	0	0	0	0	0	0	83	106	85	51	106	27	92	162	69	85	66	105	126	108	84	53	75	171	12	20	77	145	131	80	61	75	127	129	130	133	63	96	98	140	138	179	110	109	81	49	112	34	71	82	50	107	57	127	73	46	105	175	90	149	129	131	113	126	149	102	64	63	148	16
0	0	0	0	0	0	0	0	0	0	0	0	0	0	0	0	0	0	0	0	0	0	0	0	0	0	0	0	0	0	0	0	0	0	0	0	0	0	0	0	0	0	0	0	0	0	0	0	0	0	0	0	0	0	0	0	0	0	0	0	0	0	0	0	0	54	75	121	80	27	59	97	59	95	156	75	99	111	123	80	59	138	38	172	74	133	57	82	13	71	29	34	166	49	97	58	58	39	76	85	176	139	5	93	139	122	74	136	53	20	126	89	141	73	53	119	56	94	104	18	70	97	70	26	160	27	46	169
0	0	0	0	0	0	0	0	0	0	0	0	0	0	0	0	0	0	0	0	0	0	0	0	0	0	0	0	0	0	0	0	0	0	0	0	0	0	0	0	0	0	0	0	0	0	0	0	0	0	0	0	0	0	0	0	0	0	0	0	0	0	0	0	0	0	104	121	188	12	52	108	39	183	26	128	114	160	147	141	10	45	53	177	136	111	64	135	34	101	129	127	103	111	69	99	88	126	180	46	102	151	25	61	69	11	117	85	136	47	31	53	91	177	107	51	120	83	160	157	174	86	89	108	84	59	115	86
0	0	0	0	0	0	0	0	0	0	0	0	0	0	0	0	0	0	0	0	0	0	0	0	0	0	0	0	0	0	0	0	0	0	0	0	0	0	0	0	0	0	0	0	0	0	0	0	0	0	0	0	0	0	0	0	0	0	0	0	0	0	0	0	0	0	0	98	133	97	96	123	29	101	84	65	138	92	107	79	44	153	112	171	170	79	101	146	21	133	91	127	142	50	19	108	120	122	125	62	133	128	60	81	75	91	126	80	99	147	108	44	120	160	54	137	138	54	123	147	39	76	121	60	31	127	38	149
0	0	0	0	0	0	0	0	0	0	0	0	0	0	0	0	0	0	0	0	0	0	0	0	0	0	0	0	0	0	0	0	0	0	0	0	0	0	0	0	0	0	0	0	0	0	0	0	0	0	0	0	0	0	0	0	0	0	0	0	0	0	0	0	0	0	0	0	150	31	65	101	109	150	168	68	19	34	72	75	52	54	33	156	149	41	128	86	158	133	120	27	58	136	82	149	68	95	59	90	59	69	140	28	65	108	11	96	84	92	137	108	176	153	171	174	155	55	115	19	135	149	26	102	159	126	100	66
0	0	0	0	0	0	0	0	0	0	0	0	0	0	0	0	0	0	0	0	0	0	0	0	0	0	0	0	0	0	0	0	0	0	0	0	0	0	0	0	0	0	0	0	0	0	0	0	0	0	0	0	0	0	0	0	0	0	0	0	0	0	0	0	0	0	0	0	0	173	102	27	92	38	75	150	117	91	60	133	60	80	123	54	168	28	60	32	50	69	26	148	51	192	110	78	155	170	59	167	178	67	85	31	136	160	119	141	123	113	73	128	108	120	49	91	70	14	126	78	158	95	151	56	130	80	141	94
0	0	0	0	0	0	0	0	0	0	0	0	0	0	0	0	0	0	0	0	0	0	0	0	0	0	0	0	0	0	0	0	0	0	0	0	0	0	0	0	0	0	0	0	0	0	0	0	0	0	0	0	0	0	0	0	0	0	0	0	0	0	0	0	0	0	0	0	0	0	134	94	111	131	179	132	18	105	100	59	103	162	73	100	100	90	107	156	135	128	93	116	152	148	123	123	146	126	144	120	60	77	94	91	163	74	186	86	70	48	58	42	120	154	179	131	67	152	137	112	134	188	126	96	98	81	94	122
0	0	0	0	0	0	0	0	0	0	0	0	0	0	0	0	0	0	0	0	0	0	0	0	0	0	0	0	0	0	0	0	0	0	0	0	0	0	0	0	0	0	0	0	0	0	0	0	0	0	0	0	0	0	0	0	0	0	0	0	0	0	0	0	0	0	0	0	0	0	0	49	71	113	57	73	22	37	88	38	71	87	159	43	87	81	71	68	56	35	100	147	23	26	176	100	66	79	104	95	83	150	138	129	125	91	113	101	76	116	81	169	72	109	99	106	113	149	134	88	53	188	73	184	63	66	169	129
0	0	0	0	0	0	0	0	0	0	0	0	0	0	0	0	0	0	0	0	0	0	0	0	0	0	0	0	0	0	0	0	0	0	0	0	0	0	0	0	0	0	0	0	0	0	0	0	0	0	0	0	0	0	0	0	0	0	0	0	0	0	0	0	0	0	0	0	0	0	0	0	69	42	70	174	171	169	104	73	54	132	87	63	132	142	69	108	124	94	44	92	119	59	79	177	97	49	60	180	96	171	102	83	182	151	37	113	69	71	72	100	114	129	122	117	149	65	74	97	83	133	68	131	41	159	137	157
0	0	0	0	0	0	0	0	0	0	0	0	0	0	0	0	0	0	0	0	0	0	0	0	0	0	0	0	0	0	0	0	0	0	0	0	0	0	0	0	0	0	0	0	0	0	0	0	0	0	0	0	0	0	0	0	0	0	0	0	0	0	0	0	0	0	0	0	0	0	0	0	0	12	105	128	150	92	122	90	106	137	102	69	97	158	142	33	164	162	133	118	166	83	161	99	116	65	95	130	157	178	186	112	128	56	89	69	178	7	97	160	134	164	4	88	157	81	174	108	110	142	125	91	82	43	92	28
0	0	0	0	0	0	0	0	0	0	0	0	0	0	0	0	0	0	0	0	0	0	0	0	0	0	0	0	0	0	0	0	0	0	0	0	0	0	0	0	0	0	0	0	0	0	0	0	0	0	0	0	0	0	0	0	0	0	0	0	0	0	0	0	0	0	0	0	0	0	0	0	0	0	142	165	38	100	124	195	80	40	146	198	83	95	32	138	108	173	186	98	91	53	92	141	113	157	163	46	93	84	21	9	34	89	48	32	135	90	99	50	123	103	48	43	123	159	90	27	144	91	146	102	71	71	37	126
0	0	0	0	0	0	0	0	0	0	0	0	0	0	0	0	0	0	0	0	0	0	0	0	0	0	0	0	0	0	0	0	0	0	0	0	0	0	0	0	0	0	0	0	0	0	0	0	0	0	0	0	0	0	0	0	0	0	0	0	0	0	0	0	0	0	0	0	0	0	0	0	0	0	0	53	89	144	113	138	119	119	61	159	128	172	111	141	149	69	102	119	82	38	85	151	94	73	23	68	22	110	74	28	77	69	18	31	93	139	83	155	114	153	135	106	111	80	140	64	93	37	114	177	36	157	53	44
0	0	0	0	0	0	0	0	0	0	0	0	0	0	0	0	0	0	0	0	0	0	0	0	0	0	0	0	0	0	0	0	0	0	0	0	0	0	0	0	0	0	0	0	0	0	0	0	0	0	0	0	0	0	0	0	0	0	0	0	0	0	0	0	0	0	0	0	0	0	0	0	0	0	0	0	120	125	51	54	118	21	39	65	21	82	95	94	84	69	111	96	115	92	153	70	134	114	114	71	7	97	100	92	82	142	169	87	134	112	103	145	125	115	99	81	177	52	98	106	113	100	83	51	119	158	115	91
0	0	0	0	0	0	0	0	0	0	0	0	0	0	0	0	0	0	0	0	0	0	0	0	0	0	0	0	0	0	0	0	0	0	0	0	0	0	0	0	0	0	0	0	0	0	0	0	0	0	0	0	0	0	0	0	0	0	0	0	0	0	0	0	0	0	0	0	0	0	0	0	0	0	0	0	0	28	126	41	84	47	93	183	37	113	105	108	92	99	45	176	149	78	57	137	149	84	129	89	10	122	134	35	79	74	26	74	98	67	58	180	125	98	162	74	110	114	76	33	150	155	91	96	140	75	72	165
0	0	0	0	0	0	0	0	0	0	0	0	0	0	0	0	0	0	0	0	0	0	0	0	0	0	0	0	0	0	0	0	0	0	0	0	0	0	0	0	0	0	0	0	0	0	0	0	0	0	0	0	0	0	0	0	0	0	0	0	0	0	0	0	0	0	0	0	0	0	0	0	0	0	0	0	0	0	118	56	155	32	73	77	117	111	84	33	115	151	127	125	34	55	123	102	201	178	40	184	145	44	139	36	53	122	76	131	71	126	114	121	140	60	57	137	169	54	82	35	149	167	87	38	126	71	77	99
0	0	0	0	0	0	0	0	0	0	0	0	0	0	0	0	0	0	0	0	0	0	0	0	0	0	0	0	0	0	0	0	0	0	0	0	0	0	0	0	0	0	0	0	0	0	0	0	0	0	0	0	0	0	0	0	0	0	0	0	0	0	0	0	0	0	0	0	0	0	0	0	0	0	0	0	0	0	0	123	95	108	37	132	104	107	134	158	69	73	128	183	125	198	97	130	82	126	135	58	167	78	116	34	66	119	81	154	89	180	101	44	97	111	58	74	67	92	136	148	94	84	150	174	110	83	153	35
0	0	0	0	0	0	0	0	0	0	0	0	0	0	0	0	0	0	0	0	0	0	0	0	0	0	0	0	0	0	0	0	0	0	0	0	0	0	0	0	0	0	0	0	0	0	0	0	0	0	0	0	0	0	0	0	0	0	0	0	0	0	0	0	0	0	0	0	0	0	0	0	0	0	0	0	0	0	0	0	121	126	97	131	154	159	88	70	119	119	106	128	124	127	137	115	110	75	69	94	182	84	201	51	141	132	177	100	142	116	176	38	153	81	86	69	56	114	70	76	106	136	59	122	152	167	106	127
0	0	0	0	0	0	0	0	0	0	0	0	0	0	0	0	0	0	0	0	0	0	0	0	0	0	0	0	0	0	0	0	0	0	0	0	0	0	0	0	0	0	0	0	0	0	0	0	0	0	0	0	0	0	0	0	0	0	0	0	0	0	0	0	0	0	0	0	0	0	0	0	0	0	0	0	0	0	0	0	0	56	169	105	99	104	133	119	164	70	104	101	91	93	150	196	13	85	138	92	69	50	100	128	119	125	132	159	97	115	164	129	134	117	46	130	90	155	12	86	42	154	20	150	105	103	126	38
0	0	0	0	0	0	0	0	0	0	0	0	0	0	0	0	0	0	0	0	0	0	0	0	0	0	0	0	0	0	0	0	0	0	0	0	0	0	0	0	0	0	0	0	0	0	0	0	0	0	0	0	0	0	0	0	0	0	0	0	0	0	0	0	0	0	0	0	0	0	0	0	0	0	0	0	0	0	0	0	0	0	58	28	145	137	107	108	110	106	136	142	66	107	108	139	101	119	196	95	25	111	94	71	120	181	59	57	71	21	96	52	138	127	11	62	97	23	134	44	49	59	102	148	66	149	112	175
0	0	0	0	0	0	0	0	0	0	0	0	0	0	0	0	0	0	0	0	0	0	0	0	0	0	0	0	0	0	0	0	0	0	0	0	0	0	0	0	0	0	0	0	0	0	0	0	0	0	0	0	0	0	0	0	0	0	0	0	0	0	0	0	0	0	0	0	0	0	0	0	0	0	0	0	0	0	0	0	0	0	0	125	170	119	55	167	172	90	128	155	92	57	99	51	78	158	97	91	125	137	80	131	68	89	102	183	123	58	190	103	60	148	19	158	112	194	130	56	107	73	108	109	72	86	102	115
0	0	0	0	0	0	0	0	0	0	0	0	0	0	0	0	0	0	0	0	0	0	0	0	0	0	0	0	0	0	0	0	0	0	0	0	0	0	0	0	0	0	0	0	0	0	0	0	0	0	0	0	0	0	0	0	0	0	0	0	0	0	0	0	0	0	0	0	0	0	0	0	0	0	0	0	0	0	0	0	0	0	0	0	92	174	63	42	89	103	42	71	92	76	135	63	88	131	120	89	116	154	151	121	95	139	23	127	91	99	113	174	167	34	62	107	136	95	156	159	54	38	98	72	122	115	135	90
0	0	0	0	0	0	0	0	0	0	0	0	0	0	0	0	0	0	0	0	0	0	0	0	0	0	0	0	0	0	0	0	0	0	0	0	0	0	0	0	0	0	0	0	0	0	0	0	0	0	0	0	0	0	0	0	0	0	0	0	0	0	0	0	0	0	0	0	0	0	0	0	0	0	0	0	0	0	0	0	0	0	0	0	0	12	147	158	105	89	140	138	79	80	115	90	123	34	134	112	49	149	129	123	73	149	142	107	180	52	98	56	100	125	120	94	79	113	140	32	177	168	128	173	102	55	107	83
0	0	0	0	0	0	0	0	0	0	0	0	0	0	0	0	0	0	0	0	0	0	0	0	0	0	0	0	0	0	0	0	0	0	0	0	0	0	0	0	0	0	0	0	0	0	0	0	0	0	0	0	0	0	0	0	0	0	0	0	0	0	0	0	0	0	0	0	0	0	0	0	0	0	0	0	0	0	0	0	0	0	0	0	0	0	134	163	88	40	49	76	144	22	15	102	114	162	125	29	114	150	133	133	184	83	149	145	113	81	59	64	146	155	169	45	104	128	79	30	167	72	29	93	89	157	97	93
0	0	0	0	0	0	0	0	0	0	0	0	0	0	0	0	0	0	0	0	0	0	0	0	0	0	0	0	0	0	0	0	0	0	0	0	0	0	0	0	0	0	0	0	0	0	0	0	0	0	0	0	0	0	0	0	0	0	0	0	0	0	0	0	0	0	0	0	0	0	0	0	0	0	0	0	0	0	0	0	0	0	0	0	0	0	0	73	85	86	132	131	109	96	129	117	60	85	44	118	66	132	197	98	108	83	99	178	54	70	57	152	111	95	113	118	114	84	197	185	29	133	169	170	78	128	114	69
0	0	0	0	0	0	0	0	0	0	0	0	0	0	0	0	0	0	0	0	0	0	0	0	0	0	0	0	0	0	0	0	0	0	0	0	0	0	0	0	0	0	0	0	0	0	0	0	0	0	0	0	0	0	0	0	0	0	0	0	0	0	0	0	0	0	0	0	0	0	0	0	0	0	0	0	0	0	0	0	0	0	0	0	0	0	0	0	114	40	52	126	50	144	138	97	66	56	89	88	103	177	87	48	137	165	134	193	72	186	52	63	158	93	83	122	82	116	95	115	123	129	97	187	106	76	116	176
0	0	0	0	0	0	0	0	0	0	0	0	0	0	0	0	0	0	0	0	0	0	0	0	0	0	0	0	0	0	0	0	0	0	0	0	0	0	0	0	0	0	0	0	0	0	0	0	0	0	0	0	0	0	0	0	0	0	0	0	0	0	0	0	0	0	0	0	0	0	0	0	0	0	0	0	0	0	0	0	0	0	0	0	0	0	0	0	0	175	130	103	55	173	115	80	88	139	114	207	93	110	93	73	125	102	146	131	202	46	7	177	69	168	100	105	114	100	162	96	125	83	40	42	191	109	35	105
0	0	0	0	0	0	0	0	0	0	0	0	0	0	0	0	0	0	0	0	0	0	0	0	0	0	0	0	0	0	0	0	0	0	0	0	0	0	0	0	0	0	0	0	0	0	0	0	0	0	0	0	0	0	0	0	0	0	0	0	0	0	0	0	0	0	0	0	0	0	0	0	0	0	0	0	0	0	0	0	0	0	0	0	0	0	0	0	0	0	162	73	145	114	207	128	103	81	183	40	136	20	90	89	76	171	141	36	183	43	165	115	35	113	163	138	50	54	115	77	32	106	169	128	132	147	124	100
0	0	0	0	0	0	0	0	0	0	0	0	0	0	0	0	0	0	0	0	0	0	0	0	0	0	0	0	0	0	0	0	0	0	0	0	0	0	0	0	0	0	0	0	0	0	0	0	0	0	0	0	0	0	0	0	0	0	0	0	0	0	0	0	0	0	0	0	0	0	0	0	0	0	0	0	0	0	0	0	0	0	0	0	0	0	0	0	0	0	0	99	86	121	209	77	97	162	102	58	107	92	163	41	50	111	98	166	112	87	110	115	71	135	25	83	91	100	51	120	121	28	61	51	125	122	162	119
0	0	0	0	0	0	0	0	0	0	0	0	0	0	0	0	0	0	0	0	0	0	0	0	0	0	0	0	0	0	0	0	0	0	0	0	0	0	0	0	0	0	0	0	0	0	0	0	0	0	0	0	0	0	0	0	0	0	0	0	0	0	0	0	0	0	0	0	0	0	0	0	0	0	0	0	0	0	0	0	0	0	0	0	0	0	0	0	0	0	0	0	61	35	141	135	86	128	132	82	58	101	46	46	103	129	141	66	173	94	136	78	101	113	124	130	112	55	106	170	53	91	157	38	138	111	135	171
0	0	0	0	0	0	0	0	0	0	0	0	0	0	0	0	0	0	0	0	0	0	0	0	0	0	0	0	0	0	0	0	0	0	0	0	0	0	0	0	0	0	0	0	0	0	0	0	0	0	0	0	0	0	0	0	0	0	0	0	0	0	0	0	0	0	0	0	0	0	0	0	0	0	0	0	0	0	0	0	0	0	0	0	0	0	0	0	0	0	0	0	0	67	208	142	178	69	44	39	42	25	103	169	69	112	124	52	142	75	181	98	147	172	105	209	109	54	72	116	98	111	134	62	94	163	161	174
0	0	0	0	0	0	0	0	0	0	0	0	0	0	0	0	0	0	0	0	0	0	0	0	0	0	0	0	0	0	0	0	0	0	0	0	0	0	0	0	0	0	0	0	0	0	0	0	0	0	0	0	0	0	0	0	0	0	0	0	0	0	0	0	0	0	0	0	0	0	0	0	0	0	0	0	0	0	0	0	0	0	0	0	0	0	0	0	0	0	0	0	0	0	76	147	96	131	130	190	114	117	144	106	73	105	162	41	150	153	88	122	128	89	147	173	80	63	55	118	65	153	67	52	175	147	85	143
0	0	0	0	0	0	0	0	0	0	0	0	0	0	0	0	0	0	0	0	0	0	0	0	0	0	0	0	0	0	0	0	0	0	0	0	0	0	0	0	0	0	0	0	0	0	0	0	0	0	0	0	0	0	0	0	0	0	0	0	0	0	0	0	0	0	0	0	0	0	0	0	0	0	0	0	0	0	0	0	0	0	0	0	0	0	0	0	0	0	0	0	0	0	0	70	121	116	111	155	143	139	150	112	207	119	117	18	125	161	157	78	211	86	99	118	70	117	157	88	156	109	70	78	129	127	96	129
0	0	0	0	0	0	0	0	0	0	0	0	0	0	0	0	0	0	0	0	0	0	0	0	0	0	0	0	0	0	0	0	0	0	0	0	0	0	0	0	0	0	0	0	0	0	0	0	0	0	0	0	0	0	0	0	0	0	0	0	0	0	0	0	0	0	0	0	0	0	0	0	0	0	0	0	0	0	0	0	0	0	0	0	0	0	0	0	0	0	0	0	0	0	0	0	119	137	161	151	110	178	124	81	219	103	129	125	116	42	29	165	187	147	94	179	43	125	152	145	87	80	146	13	215	56	181	95
0	0	0	0	0	0	0	0	0	0	0	0	0	0	0	0	0	0	0	0	0	0	0	0	0	0	0	0	0	0	0	0	0	0	0	0	0	0	0	0	0	0	0	0	0	0	0	0	0	0	0	0	0	0	0	0	0	0	0	0	0	0	0	0	0	0	0	0	0	0	0	0	0	0	0	0	0	0	0	0	0	0	0	0	0	0	0	0	0	0	0	0	0	0	0	0	0	141	137	88	50	81	87	106	111	38	4	103	132	166	16	103	102	50	148	72	52	76	182	208	47	80	184	143	182	46	96	26
0	0	0	0	0	0	0	0	0	0	0	0	0	0	0	0	0	0	0	0	0	0	0	0	0	0	0	0	0	0	0	0	0	0	0	0	0	0	0	0	0	0	0	0	0	0	0	0	0	0	0	0	0	0	0	0	0	0	0	0	0	0	0	0	0	0	0	0	0	0	0	0	0	0	0	0	0	0	0	0	0	0	0	0	0	0	0	0	0	0	0	0	0	0	0	0	0	0	153	137	97	80	215	94	132	129	57	149	132	178	103	174	170	159	129	186	184	159	22	196	116	95	12	53	128	196	47	91
0	0	0	0	0	0	0	0	0	0	0	0	0	0	0	0	0	0	0	0	0	0	0	0	0	0	0	0	0	0	0	0	0	0	0	0	0	0	0	0	0	0	0	0	0	0	0	0	0	0	0	0	0	0	0	0	0	0	0	0	0	0	0	0	0	0	0	0	0	0	0	0	0	0	0	0	0	0	0	0	0	0	0	0	0	0	0	0	0	0	0	0	0	0	0	0	0	0	0	128	80	56	143	93	107	23	95	81	46	95	102	116	129	100	124	152	135	88	156	122	38	138	146	137	107	178	137	55
0	0	0	0	0	0	0	0	0	0	0	0	0	0	0	0	0	0	0	0	0	0	0	0	0	0	0	0	0	0	0	0	0	0	0	0	0	0	0	0	0	0	0	0	0	0	0	0	0	0	0	0	0	0	0	0	0	0	0	0	0	0	0	0	0	0	0	0	0	0	0	0	0	0	0	0	0	0	0	0	0	0	0	0	0	0	0	0	0	0	0	0	0	0	0	0	0	0	0	0	57	57	107	89	134	132	135	131	29	136	46	98	45	109	199	103	76	100	98	78	150	59	35	124	93	109	189	57
0	0	0	0	0	0	0	0	0	0	0	0	0	0	0	0	0	0	0	0	0	0	0	0	0	0	0	0	0	0	0	0	0	0	0	0	0	0	0	0	0	0	0	0	0	0	0	0	0	0	0	0	0	0	0	0	0	0	0	0	0	0	0	0	0	0	0	0	0	0	0	0	0	0	0	0	0	0	0	0	0	0	0	0	0	0	0	0	0	0	0	0	0	0	0	0	0	0	0	0	0	90	118	126	83	141	170	82	190	112	138	213	123	110	85	151	203	170	164	2	56	160	132	79	84	57	224	78
0	0	0	0	0	0	0	0	0	0	0	0	0	0	0	0	0	0	0	0	0	0	0	0	0	0	0	0	0	0	0	0	0	0	0	0	0	0	0	0	0	0	0	0	0	0	0	0	0	0	0	0	0	0	0	0	0	0	0	0	0	0	0	0	0	0	0	0	0	0	0	0	0	0	0	0	0	0	0	0	0	0	0	0	0	0	0	0	0	0	0	0	0	0	0	0	0	0	0	0	0	0	106	165	48	123	74	58	182	74	149	64	73	120	91	160	170	167	27	85	93	124	79	83	197	79	74	165
0	0	0	0	0	0	0	0	0	0	0	0	0	0	0	0	0	0	0	0	0	0	0	0	0	0	0	0	0	0	0	0	0	0	0	0	0	0	0	0	0	0	0	0	0	0	0	0	0	0	0	0	0	0	0	0	0	0	0	0	0	0	0	0	0	0	0	0	0	0	0	0	0	0	0	0	0	0	0	0	0	0	0	0	0	0	0	0	0	0	0	0	0	0	0	0	0	0	0	0	0	0	0	91	143	75	144	159	182	168	208	61	110	159	37	180	183	103	105	145	64	70	53	134	111	91	161	94
0	0	0	0	0	0	0	0	0	0	0	0	0	0	0	0	0	0	0	0	0	0	0	0	0	0	0	0	0	0	0	0	0	0	0	0	0	0	0	0	0	0	0	0	0	0	0	0	0	0	0	0	0	0	0	0	0	0	0	0	0	0	0	0	0	0	0	0	0	0	0	0	0	0	0	0	0	0	0	0	0	0	0	0	0	0	0	0	0	0	0	0	0	0	0	0	0	0	0	0	0	0	0	0	140	176	30	218	188	47	72	187	73	100	172	8	41	64	60	109	74	169	134	90	143	140	195	75
0	0	0	0	0	0	0	0	0	0	0	0	0	0	0	0	0	0	0	0	0	0	0	0	0	0	0	0	0	0	0	0	0	0	0	0	0	0	0	0	0	0	0	0	0	0	0	0	0	0	0	0	0	0	0	0	0	0	0	0	0	0	0	0	0	0	0	0	0	0	0	0	0	0	0	0	0	0	0	0	0	0	0	0	0	0	0	0	0	0	0	0	0	0	0	0	0	0	0	0	0	0	0	0	0	140	126	128	82	205	95	116	129	98	152	128	134	70	77	86	124	39	42	64	158	149	115	83
0	0	0	0	0	0	0	0	0	0	0	0	0	0	0	0	0	0	0	0	0	0	0	0	0	0	0	0	0	0	0	0	0	0	0	0	0	0	0	0	0	0	0	0	0	0	0	0	0	0	0	0	0	0	0	0	0	0	0	0	0	0	0	0	0	0	0	0	0	0	0	0	0	0	0	0	0	0	0	0	0	0	0	0	0	0	0	0	0	0	0	0	0	0	0	0	0	0	0	0	0	0	0	0	0	0	168	76	143	74	142	94	96	186	146	126	155	188	176	136	152	23	97	68	80	58	99	190
0	0	0	0	0	0	0	0	0	0	0	0	0	0	0	0	0	0	0	0	0	0	0	0	0	0	0	0	0	0	0	0	0	0	0	0	0	0	0	0	0	0	0	0	0	0	0	0	0	0	0	0	0	0	0	0	0	0	0	0	0	0	0	0	0	0	0	0	0	0	0	0	0	0	0	0	0	0	0	0	0	0	0	0	0	0	0	0	0	0	0	0	0	0	0	0	0	0	0	0	0	0	0	0	0	0	0	207	120	96	152	147	121	67	175	139	103	155	154	81	133	86	104	104	29	54	135	109
0	0	0	0	0	0	0	0	0	0	0	0	0	0	0	0	0	0	0	0	0	0	0	0	0	0	0	0	0	0	0	0	0	0	0	0	0	0	0	0	0	0	0	0	0	0	0	0	0	0	0	0	0	0	0	0	0	0	0	0	0	0	0	0	0	0	0	0	0	0	0	0	0	0	0	0	0	0	0	0	0	0	0	0	0	0	0	0	0	0	0	0	0	0	0	0	0	0	0	0	0	0	0	0	0	0	0	0	66	23	102	154	167	81	104	48	157	86	129	88	118	114	132	117	100	171	217	161
0	0	0	0	0	0	0	0	0	0	0	0	0	0	0	0	0	0	0	0	0	0	0	0	0	0	0	0	0	0	0	0	0	0	0	0	0	0	0	0	0	0	0	0	0	0	0	0	0	0	0	0	0	0	0	0	0	0	0	0	0	0	0	0	0	0	0	0	0	0	0	0	0	0	0	0	0	0	0	0	0	0	0	0	0	0	0	0	0	0	0	0	0	0	0	0	0	0	0	0	0	0	0	0	0	0	0	0	0	162	176	226	59	99	122	75	45	147	60	92	187	111	151	125	81	116	188	75
0	0	0	0	0	0	0	0	0	0	0	0	0	0	0	0	0	0	0	0	0	0	0	0	0	0	0	0	0	0	0	0	0	0	0	0	0	0	0	0	0	0	0	0	0	0	0	0	0	0	0	0	0	0	0	0	0	0	0	0	0	0	0	0	0	0	0	0	0	0	0	0	0	0	0	0	0	0	0	0	0	0	0	0	0	0	0	0	0	0	0	0	0	0	0	0	0	0	0	0	0	0	0	0	0	0	0	0	0	0	179	88	136	132	131	191	49	111	143	91	67	190	97	105	103	111	137	123
0	0	0	0	0	0	0	0	0	0	0	0	0	0	0	0	0	0	0	0	0	0	0	0	0	0	0	0	0	0	0	0	0	0	0	0	0	0	0	0	0	0	0	0	0	0	0	0	0	0	0	0	0	0	0	0	0	0	0	0	0	0	0	0	0	0	0	0	0	0	0	0	0	0	0	0	0	0	0	0	0	0	0	0	0	0	0	0	0	0	0	0	0	0	0	0	0	0	0	0	0	0	0	0	0	0	0	0	0	0	0	86	183	147	57	91	113	38	209	109	77	108	121	80	195	125	97	142
0	0	0	0	0	0	0	0	0	0	0	0	0	0	0	0	0	0	0	0	0	0	0	0	0	0	0	0	0	0	0	0	0	0	0	0	0	0	0	0	0	0	0	0	0	0	0	0	0	0	0	0	0	0	0	0	0	0	0	0	0	0	0	0	0	0	0	0	0	0	0	0	0	0	0	0	0	0	0	0	0	0	0	0	0	0	0	0	0	0	0	0	0	0	0	0	0	0	0	0	0	0	0	0	0	0	0	0	0	0	0	0	178	75	40	227	136	166	142	52	130	150	184	134	173	88	158	101
0	0	0	0	0	0	0	0	0	0	0	0	0	0	0	0	0	0	0	0	0	0	0	0	0	0	0	0	0	0	0	0	0	0	0	0	0	0	0	0	0	0	0	0	0	0	0	0	0	0	0	0	0	0	0	0	0	0	0	0	0	0	0	0	0	0	0	0	0	0	0	0	0	0	0	0	0	0	0	0	0	0	0	0	0	0	0	0	0	0	0	0	0	0	0	0	0	0	0	0	0	0	0	0	0	0	0	0	0	0	0	0	0	21	59	80	110	205	176	87	168	120	114	117	99	203	69	89
0	0	0	0	0	0	0	0	0	0	0	0	0	0	0	0	0	0	0	0	0	0	0	0	0	0	0	0	0	0	0	0	0	0	0	0	0	0	0	0	0	0	0	0	0	0	0	0	0	0	0	0	0	0	0	0	0	0	0	0	0	0	0	0	0	0	0	0	0	0	0	0	0	0	0	0	0	0	0	0	0	0	0	0	0	0	0	0	0	0	0	0	0	0	0	0	0	0	0	0	0	0	0	0	0	0	0	0	0	0	0	0	0	0	182	67	77	211	126	108	108	89	62	137	134	95	215	154
0	0	0	0	0	0	0	0	0	0	0	0	0	0	0	0	0	0	0	0	0	0	0	0	0	0	0	0	0	0	0	0	0	0	0	0	0	0	0	0	0	0	0	0	0	0	0	0	0	0	0	0	0	0	0	0	0	0	0	0	0	0	0	0	0	0	0	0	0	0	0	0	0	0	0	0	0	0	0	0	0	0	0	0	0	0	0	0	0	0	0	0	0	0	0	0	0	0	0	0	0	0	0	0	0	0	0	0	0	0	0	0	0	0	0	37	113	121	130	79	96	107	135	108	99	180	190	186
0	0	0	0	0	0	0	0	0	0	0	0	0	0	0	0	0	0	0	0	0	0	0	0	0	0	0	0	0	0	0	0	0	0	0	0	0	0	0	0	0	0	0	0	0	0	0	0	0	0	0	0	0	0	0	0	0	0	0	0	0	0	0	0	0	0	0	0	0	0	0	0	0	0	0	0	0	0	0	0	0	0	0	0	0	0	0	0	0	0	0	0	0	0	0	0	0	0	0	0	0	0	0	0	0	0	0	0	0	0	0	0	0	0	0	0	202	58	84	78	150	196	97	169	237	49	76	182
0	0	0	0	0	0	0	0	0	0	0	0	0	0	0	0	0	0	0	0	0	0	0	0	0	0	0	0	0	0	0	0	0	0	0	0	0	0	0	0	0	0	0	0	0	0	0	0	0	0	0	0	0	0	0	0	0	0	0	0	0	0	0	0	0	0	0	0	0	0	0	0	0	0	0	0	0	0	0	0	0	0	0	0	0	0	0	0	0	0	0	0	0	0	0	0	0	0	0	0	0	0	0	0	0	0	0	0	0	0	0	0	0	0	0	0	0	69	71	121	74	98	166	179	147	161	73	60
0	0	0	0	0	0	0	0	0	0	0	0	0	0	0	0	0	0	0	0	0	0	0	0	0	0	0	0	0	0	0	0	0	0	0	0	0	0	0	0	0	0	0	0	0	0	0	0	0	0	0	0	0	0	0	0	0	0	0	0	0	0	0	0	0	0	0	0	0	0	0	0	0	0	0	0	0	0	0	0	0	0	0	0	0	0	0	0	0	0	0	0	0	0	0	0	0	0	0	0	0	0	0	0	0	0	0	0	0	0	0	0	0	0	0	0	0	0	19	200	100	135	60	171	19	135	102	107
0	0	0	0	0	0	0	0	0	0	0	0	0	0	0	0	0	0	0	0	0	0	0	0	0	0	0	0	0	0	0	0	0	0	0	0	0	0	0	0	0	0	0	0	0	0	0	0	0	0	0	0	0	0	0	0	0	0	0	0	0	0	0	0	0	0	0	0	0	0	0	0	0	0	0	0	0	0	0	0	0	0	0	0	0	0	0	0	0	0	0	0	0	0	0	0	0	0	0	0	0	0	0	0	0	0	0	0	0	0	0	0	0	0	0	0	0	0	0	124	218	52	142	182	170	47	119	184
0	0	0	0	0	0	0	0	0	0	0	0	0	0	0	0	0	0	0	0	0	0	0	0	0	0	0	0	0	0	0	0	0	0	0	0	0	0	0	0	0	0	0	0	0	0	0	0	0	0	0	0	0	0	0	0	0	0	0	0	0	0	0	0	0	0	0	0	0	0	0	0	0	0	0	0	0	0	0	0	0	0	0	0	0	0	0	0	0	0	0	0	0	0	0	0	0	0	0	0	0	0	0	0	0	0	0	0	0	0	0	0	0	0	0	0	0	0	0	0	80	131	105	32	195	192	54	160
0	0	0	0	0	0	0	0	0	0	0	0	0	0	0	0	0	0	0	0	0	0	0	0	0	0	0	0	0	0	0	0	0	0	0	0	0	0	0	0	0	0	0	0	0	0	0	0	0	0	0	0	0	0	0	0	0	0	0	0	0	0	0	0	0	0	0	0	0	0	0	0	0	0	0	0	0	0	0	0	0	0	0	0	0	0	0	0	0	0	0	0	0	0	0	0	0	0	0	0	0	0	0	0	0	0	0	0	0	0	0	0	0	0	0	0	0	0	0	0	0	23	156	144	138	69	186	183
0	0	0	0	0	0	0	0	0	0	0	0	0	0	0	0	0	0	0	0	0	0	0	0	0	0	0	0	0	0	0	0	0	0	0	0	0	0	0	0	0	0	0	0	0	0	0	0	0	0	0	0	0	0	0	0	0	0	0	0	0	0	0	0	0	0	0	0	0	0	0	0	0	0	0	0	0	0	0	0	0	0	0	0	0	0	0	0	0	0	0	0	0	0	0	0	0	0	0	0	0	0	0	0	0	0	0	0	0	0	0	0	0	0	0	0	0	0	0	0	0	0	128	130	39	198	168	195
0	0	0	0	0	0	0	0	0	0	0	0	0	0	0	0	0	0	0	0	0	0	0	0	0	0	0	0	0	0	0	0	0	0	0	0	0	0	0	0	0	0	0	0	0	0	0	0	0	0	0	0	0	0	0	0	0	0	0	0	0	0	0	0	0	0	0	0	0	0	0	0	0	0	0	0	0	0	0	0	0	0	0	0	0	0	0	0	0	0	0	0	0	0	0	0	0	0	0	0	0	0	0	0	0	0	0	0	0	0	0	0	0	0	0	0	0	0	0	0	0	0	0	100	123	177	139	136
0	0	0	0	0	0	0	0	0	0	0	0	0	0	0	0	0	0	0	0	0	0	0	0	0	0	0	0	0	0	0	0	0	0	0	0	0	0	0	0	0	0	0	0	0	0	0	0	0	0	0	0	0	0	0	0	0	0	0	0	0	0	0	0	0	0	0	0	0	0	0	0	0	0	0	0	0	0	0	0	0	0	0	0	0	0	0	0	0	0	0	0	0	0	0	0	0	0	0	0	0	0	0	0	0	0	0	0	0	0	0	0	0	0	0	0	0	0	0	0	0	0	0	0	132	140	151	243
0	0	0	0	0	0	0	0	0	0	0	0	0	0	0	0	0	0	0	0	0	0	0	0	0	0	0	0	0	0	0	0	0	0	0	0	0	0	0	0	0	0	0	0	0	0	0	0	0	0	0	0	0	0	0	0	0	0	0	0	0	0	0	0	0	0	0	0	0	0	0	0	0	0	0	0	0	0	0	0	0	0	0	0	0	0	0	0	0	0	0	0	0	0	0	0	0	0	0	0	0	0	0	0	0	0	0	0	0	0	0	0	0	0	0	0	0	0	0	0	0	0	0	0	0	192	136	192
0	0	0	0	0	0	0	0	0	0	0	0	0	0	0	0	0	0	0	0	0	0	0	0	0	0	0	0	0	0	0	0	0	0	0	0	0	0	0	0	0	0	0	0	0	0	0	0	0	0	0	0	0	0	0	0	0	0	0	0	0	0	0	0	0	0	0	0	0	0	0	0	0	0	0	0	0	0	0	0	0	0	0	0	0	0	0	0	0	0	0	0	0	0	0	0	0	0	0	0	0	0	0	0	0	0	0	0	0	0	0	0	0	0	0	0	0	0	0	0	0	0	0	0	0	0	118	146
0	0	0	0	0	0	0	0	0	0	0	0	0	0	0	0	0	0	0	0	0	0	0	0	0	0	0	0	0	0	0	0	0	0	0	0	0	0	0	0	0	0	0	0	0	0	0	0	0	0	0	0	0	0	0	0	0	0	0	0	0	0	0	0	0	0	0	0	0	0	0	0	0	0	0	0	0	0	0	0	0	0	0	0	0	0	0	0	0	0	0	0	0	0	0	0	0	0	0	0	0	0	0	0	0	0	0	0	0	0	0	0	0	0	0	0	0	0	0	0	0	0	0	0	0	0	0	176
0	0	0	0	0	0	0	0	0	0	0	0	0	0	0	0	0	0	0	0	0	0	0	0	0	0	0	0	0	0	0	0	0	0	0	0	0	0	0	0	0	0	0	0	0	0	0	0	0	0	0	0	0	0	0	0	0	0	0	0	0	0	0	0	0	0	0	0	0	0	0	0	0	0	0	0	0	0	0	0	0	0	0	0	0	0	0	0	0	0	0	0	0	0	0	0	0	0	0	0	0	0	0	0	0	0	0	0	0	0	0	0	0	0	0	0	0	0	0	0	0	0	0	0	0	0	0	0