0	79	53	57	128	122	2	121	19	88	25	118	34	33	100	14	125	115	95	92	8	33	98	87	85	116	47	28	109	11	79	26	56	18	21	117	41	59	69	128	102	47	42	94	111	103	24	42	97	100	119	111	82	55	124	48	2	104	129	59	81	49	114	58	46	111	65	107	89	57	51	21	45	24	99	124	110	101	32	34	46	15	69	109	26	69	54	92	64	48	44	29	125	37	27	125	122	69	11	99	129	30	70	126	105	53	76	7	112	11	107	66	24	77	40	23	15	67	65	49	113	103	63	32	89	81	5	73
0	0	50	71	54	111	110	74	82	12	16	96	65	90	128	52	45	87	115	121	103	72	104	95	127	19	36	41	95	127	126	78	12	31	98	100	121	67	13	38	59	9	94	93	20	86	27	21	120	119	55	110	108	55	79	56	84	29	86	114	31	49	129	100	104	26	95	39	40	25	58	3	72	63	9	66	90	53	125	23	72	73	128	111	35	29	112	114	55	50	63	4	10	88	64	117	59	13	40	120	71	39	90	104	72	72	19	72	73	99	47	27	77	56	19	43	19	50	70	80	103	72	32	99	48	24	126	60
0	0	0	15	58	107	91	116	24	55	108	8	5	103	91	10	93	95	95	98	112	83	125	31	53	18	94	69	33	33	89	130	92	29	88	68	73	18	20	35	28	64	68	77	103	118	27	119	5	44	87	123	65	67	91	24	71	39	85	38	8	118	122	110	106	104	7	84	14	120	50	43	53	85	42	109	111	47	95	20	83	23	125	69	84	104	127	59	80	8	73	47	64	42	100	81	87	58	32	83	73	81	13	75	40	102	4	86	71	35	36	87	90	100	55	32	2	82	64	17	82	49	40	111	113	114	32	21
0	0	0	0	86	101	91	17	85	112	39	20	72	59	16	8	42	69	28	73	66	87	107	125	73	75	123	91	22	82	92	14	102	48	20	119	79	84	81	79	97	107	30	96	117	118	93	122	60	52	121	72	109	23	50	8	132	42	101	113	7	29	77	6	36	87	98	119	76	35	28	7	22	113	63	60	82	70	33	118	84	32	3	28	105	13	3	31	13	113	43	124	27	50	29	44	7	93	15	60	87	16	65	129	42	129	41	18	71	116	125	66	130	98	16	37	50	36	111	115	57	77	70	110	116	3	63	6
0	0	0	0	0	55	125	66	52	125	31	107	127	104	103	83	63	22	32	90	50	97	59	121	23	29	92	82	12	105	122	91	83	67	111	119	88	20	76	70	46	82	99	104	45	14	90	106	132	24	34	93	54	71	83	83	127	80	17	38	64	81	68	99	67	111	23	106	98	26	31	68	64	54	100	43	12	65	69	36	48	63	108	91	87	61	9	34	104	36	48	91	126	13	83	69	78	23	116	120	104	85	17	79	19	73	114	8	88	101	69	4	60	108	26	52	26	7	52	121	109	24	61	56	52	88	20	15
0	0	0	0	0	0	37	35	37	83	83	71	7	25	126	51	40	63	58	80	110	28	11	78	20	22	125	55	124	14	26	114	120	111	2	64	128	120	29	37	41	110	129	110	130	41	71	92	81	87	119	97	68	103	16	10	37	120	60	24	122	24	129	83	35	38	59	9	121	8	17	66	48	73	61	31	100	104	110	36	37	75	4	40	66	98	81	107	60	98	127	11	119	96	108	100	76	114	23	46	32	58	57	33	28	61	45	96	115	104	18	20	44	43	76	84	81	119	116	128	126	117	129	74	128	126	23	6
0	0	0	0	0	0	0	86	5	97	26	28	94	74	79	57	20	65	125	110	116	64	32	32	82	47	77	50	72	74	129	31	130	35	108	94	113	111	63	69	63	11	6	56	32	67	81	76	23	67	33	22	60	39	68	90	92	41	35	34	44	51	24	103	101	99	63	25	101	56	111	122	70	70	71	106	125	34	104	33	117	15	125	111	49	106	84	126	57	78	98	88	111	119	79	122	37	9	50	56	107	36	36	65	132	69	10	68	105	27	31	6	108	49	127	10	4	105	93	106	71	38	64	109	62	15	73	87
0	0	0	0	0	0	0	0	68	111	25	85	43	76	104	82	76	97	67	57	89	42	111	80	37	11	111	91	49	97	111	116	95	111	127	34	126	122	107	133	12	14	25	35	115	125	72	22	94	6	115	96	29	76	121	104	107	108	132	55	43	109	28	18	16	88	44	132	14	109	78	65	129	20	51	49	109	130	35	86	45	126	113	6	51	60	111	11	79	126	132	17	77	26	15	16	30	60	63	71	45	38	130	29	117	87	85	91	69	4	87	63	51	9	100	15	101	24	18	94	121	131	94	84	44	81	22	116
0	0	0	0	0	0	0	0	0	16	55	44	94	79	49	92	43	125	80	117	58	106	129	23	62	84	115	7	24	100	81	49	7	66	42	93	76	53	94	88	69	106	26	39	55	19	26	19	21	15	44	98	63	66	122	47	82	112	48	125	73	42	58	42	86	116	114	42	114	61	53	65	28	52	97	54	130	53	18	59	71	109	49	76	101	6	122	92	116	32	30	31	122	19	115	44	93	34	40	61	29	8	92	44	11	52	17	112	5	84	18	110	117	79	31	33	91	27	89	67	76	33	127	65	10	19	56	102
0	0	0	0	0	0	0	0	0	0	94	124	35	90	24	94	6	67	116	125	119	29	73	96	44	44	59	118	117	37	72	71	83	65	25	89	6	56	86	100	13	63	64	19	15	44	85	110	22	35	83	41	55	118	89	127	23	7	68	125	124	15	17	57	84	44	13	116	40	122	19	105	19	55	110	34	12	52	9	35	71	122	40	52	14	102	17	45	6	71	9	45	35	37	6	53	87	58	22	100	23	69	26	98	80	86	76	61	66	98	17	97	35	80	117	38	69	63	92	133	67	14	77	108	16	128	109	135
0	0	0	0	0	0	0	0	0	0	0	74	99	53	34	78	87	5	38	103	26	21	109	58	129	88	116	120	52	74	20	126	36	93	91	90	35	59	55	13	48	99	118	65	118	100	23	123	65	32	72	117	22	54	126	116	118	80	70	60	48	66	50	137	50	95	20	102	36	81	94	86	35	65	90	59	57	39	25	95	37	15	104	14	28	36	79	36	105	133	102	72	67	87	119	85	82	59	101	129	27	24	62	27	6	41	113	37	116	105	27	10	61	79	93	47	34	11	36	17	119	115	37	73	75	135	38	111
0	0	0	0	0	0	0	0	0	0	0	0	16	46	18	125	93	58	56	12	47	30	45	32	51	10	55	70	71	24	55	31	104	85	77	107	107	72	102	58	123	84	96	103	96	118	4	42	10	113	95	15	52	81	84	75	75	68	103	16	57	16	51	9	30	104	39	125	84	111	12	72	124	125	74	66	129	23	21	25	49	98	70	101	47	27	6	57	68	127	108	121	121	100	118	17	124	127	130	56	71	72	125	21	85	114	21	68	91	121	74	113	60	82	33	110	14	81	127	11	121	52	14	109	14	12	60	124
0	0	0	0	0	0	0	0	0	0	0	0	0	44	95	48	30	103	10	91	72	70	21	132	77	30	105	127	105	51	47	117	79	66	36	50	109	77	41	23	71	43	109	32	114	55	138	126	51	105	17	65	3	58	58	63	24	18	84	34	12	25	116	121	87	95	15	103	3	99	124	114	65	107	120	114	120	131	73	3	41	18	109	127	75	116	40	64	79	82	128	61	114	28	122	86	37	89	80	82	79	127	43	126	65	41	21	138	38	27	24	47	26	13	59	29	30	21	81	91	73	60	67	45	101	108	63	10
0	0	0	0	0	0	0	0	0	0	0	0	0	0	62	28	72	62	92	73	81	42	96	114	79	38	103	34	86	78	60	82	87	72	120	60	86	47	101	69	63	85	78	87	95	53	61	31	91	36	57	116	71	85	65	35	19	78	21	110	80	56	14	94	88	88	28	71	81	22	79	22	43	112	65	110	45	11	106	40	26	44	71	71	14	55	97	29	94	42	120	57	88	39	23	30	20	130	58	93	89	23	40	99	9	29	45	81	96	95	63	22	55	114	98	55	58	62	97	115	71	108	112	74	124	35	74	16
0	0	0	0	0	0	0	0	0	0	0	0	0	0	0	110	25	67	66	71	111	102	51	115	32	98	133	82	50	129	112	134	96	85	21	88	45	133	89	27	31	73	131	110	16	124	36	57	52	54	79	114	11	101	7	122	55	106	30	80	134	56	130	107	127	57	16	121	71	137	71	16	63	115	30	46	44	79	34	15	73	27	112	45	15	131	64	109	103	123	55	60	97	114	133	109	62	59	42	25	98	10	49	140	20	42	35	115	70	59	72	115	127	139	42	57	8	64	21	30	138	111	140	15	38	126	25	109
0	0	0	0	0	0	0	0	0	0	0	0	0	0	0	0	31	30	25	110	19	132	34	88	40	82	38	126	111	136	41	122	104	132	122	26	74	70	33	94	107	138	95	15	82	36	56	128	18	79	66	58	94	72	40	104	62	59	80	139	49	60	40	96	108	114	84	126	113	105	104	120	117	108	51	20	121	71	102	113	72	53	95	50	69	118	19	125	42	97	79	108	11	16	57	106	135	120	116	83	122	35	127	68	20	128	65	53	121	79	58	102	100	27	50	62	51	86	28	117	102	63	20	72	127	53	49	105
0	0	0	0	0	0	0	0	0	0	0	0	0	0	0	0	0	83	112	135	38	35	121	90	111	98	24	97	80	79	40	33	92	56	23	79	139	18	108	39	49	78	77	115	13	35	43	122	24	27	111	89	133	105	120	94	63	109	54	48	107	69	118	112	141	41	44	37	122	116	38	87	126	118	37	89	80	102	103	107	66	18	119	28	135	54	65	84	129	46	125	78	127	89	19	133	106	16	29	40	88	87	40	57	111	88	61	83	60	40	26	140	134	27	92	105	58	122	88	70	112	54	115	36	71	103	122	129
0	0	0	0	0	0	0	0	0	0	0	0	0	0	0	0	0	0	47	63	79	19	134	46	34	96	109	107	122	13	76	122	30	103	80	124	129	127	73	126	124	40	134	85	99	64	111	57	67	77	60	35	8	86	97	20	109	71	60	82	42	96	23	16	65	133	27	26	82	123	114	108	141	98	36	116	10	63	80	74	105	133	108	14	135	122	48	21	135	11	73	116	13	84	67	121	74	132	101	75	76	98	111	115	103	74	21	71	121	16	50	98	82	106	110	121	134	98	59	18	58	117	55	65	50	43	117	31
0	0	0	0	0	0	0	0	0	0	0	0	0	0	0	0	0	0	0	131	112	86	87	68	99	56	90	112	92	111	48	113	90	80	24	116	92	104	129	133	37	93	5	130	105	25	108	103	144	128	28	46	100	95	89	56	100	51	123	81	90	131	41	24	18	75	38	53	125	11	94	57	124	64	124	76	135	96	81	29	118	135	127	75	123	94	125	75	64	97	94	82	75	47	22	26	100	71	61	39	33	37	19	139	102	127	108	145	93	40	126	129	142	95	69	128	80	109	71	47	146	69	62	107	79	128	11	57
0	0	0	0	0	0	0	0	0	0	0	0	0	0	0	0	0	0	0	0	18	45	93	24	22	128	11	68	71	51	61	64	72	87	12	48	90	36	92	69	37	87	40	71	64	102	30	36	15	70	38	95	86	143	14	43	102	100	17	142	124	40	92	107	134	84	69	62	109	102	36	88	110	66	28	43	38	94	90	18	31	90	132	22	21	40	121	138	104	64	79	51	127	120	76	80	18	23	131	119	78	35	51	31	95	15	103	40	35	48	119	98	29	74	9	120	40	17	21	101	89	100	131	43	70	85	50	75
0	0	0	0	0	0	0	0	0	0	0	0	0	0	0	0	0	0	0	0	0	79	21	97	37	119	74	10	112	79	109	88	83	117	86	85	56	62	81	125	101	42	32	125	13	98	119	72	100	142	133	141	122	72	38	10	82	116	59	52	95	48	101	16	80	71	52	45	88	139	74	131	94	37	117	69	92	72	11	36	97	106	85	46	59	63	76	23	38	69	59	92	111	58	27	85	14	86	67	27	37	82	35	84	115	119	28	49	142	74	35	74	39	14	31	118	43	114	37	68	130	24	134	137	112	118	58	21
0	0	0	0	0	0	0	0	0	0	0	0	0	0	0	0	0	0	0	0	0	0	40	83	9	44	115	136	74	129	42	10	101	132	63	69	45	54	95	41	54	96	72	99	40	55	118	85	31	88	37	124	71	79	115	129	132	132	76	20	115	15	103	94	124	65	72	115	15	32	51	108	19	90	109	65	108	71	138	45	110	82	73	135	121	135	113	31	34	98	86	57	28	70	94	104	99	86	88	78	53	36	141	57	25	32	109	61	67	94	55	127	136	99	57	43	68	38	65	144	126	123	88	66	63	76	47	70
0	0	0	0	0	0	0	0	0	0	0	0	0	0	0	0	0	0	0	0	0	0	0	90	13	26	120	27	135	69	136	62	53	56	75	44	48	66	75	111	125	42	27	150	21	64	25	99	106	12	98	127	45	112	97	43	28	27	94	52	32	106	65	111	50	84	151	109	44	110	26	119	66	114	85	35	25	116	111	32	55	59	90	134	103	57	44	118	118	47	106	58	71	76	50	92	119	8	80	92	82	49	83	132	53	59	41	140	93	50	102	115	55	133	92	82	121	97	121	100	80	30	16	25	100	30	81	57
0	0	0	0	0	0	0	0	0	0	0	0	0	0	0	0	0	0	0	0	0	0	0	0	36	119	28	111	73	28	87	81	19	128	33	39	23	132	96	124	39	104	82	119	104	103	17	108	49	60	42	83	18	21	117	34	74	47	73	74	84	130	17	28	75	106	122	103	72	87	39	124	96	117	41	62	81	57	98	121	52	102	122	29	9	131	51	64	19	9	43	124	124	54	78	121	42	44	38	121	45	22	140	81	46	11	52	45	101	24	54	106	113	96	109	40	93	66	112	91	71	5	81	70	98	128	46	56
0	0	0	0	0	0	0	0	0	0	0	0	0	0	0	0	0	0	0	0	0	0	0	0	0	84	12	97	55	86	39	54	88	82	90	103	105	123	10	137	82	141	59	69	30	130	56	138	78	86	123	64	93	117	79	80	48	128	73	33	43	21	110	99	21	113	106	131	103	78	33	85	86	101	34	18	85	65	125	18	83	130	37	66	21	67	6	139	77	53	45	75	83	32	54	22	142	134	89	44	86	86	145	125	34	85	65	110	125	52	74	90	127	31	146	104	56	127	81	112	75	33	14	64	21	45	46	31
0	0	0	0	0	0	0	0	0	0	0	0	0	0	0	0	0	0	0	0	0	0	0	0	0	0	70	53	85	43	68	133	104	88	40	110	44	24	18	83	31	93	16	147	111	72	123	121	82	26	26	63	129	63	102	129	107	19	38	89	129	103	113	122	104	109	151	52	128	122	12	46	127	72	9	113	122	39	42	141	102	99	93	139	128	61	106	10	105	96	27	39	58	117	133	95	141	117	83	111	52	68	112	77	42	8	40	52	41	135	103	58	107	9	48	27	103	123	66	94	121	56	39	30	112	46	91	41
0	0	0	0	0	0	0	0	0	0	0	0	0	0	0	0	0	0	0	0	0	0	0	0	0	0	0	132	103	114	82	92	130	64	77	63	126	138	62	50	105	103	109	86	86	74	132	97	32	98	140	102	63	46	123	83	135	146	89	72	63	28	136	53	26	55	88	82	28	50	122	154	79	60	2	114	31	52	67	112	84	129	124	41	60	49	95	58	74	73	21	58	97	83	22	31	138	124	113	52	56	121	40	30	151	40	96	78	58	33	135	44	47	117	67	32	96	38	99	106	8	49	88	91	78	32	74	44
0	0	0	0	0	0	0	0	0	0	0	0	0	0	0	0	0	0	0	0	0	0	0	0	0	0	0	0	105	115	57	132	40	70	20	13	104	72	120	144	121	96	28	85	49	57	92	16	72	56	42	116	26	73	59	71	115	137	27	110	85	39	83	96	88	85	24	110	90	140	81	37	24	25	26	111	67	28	145	58	143	89	118	48	103	24	19	103	103	117	59	115	58	95	55	91	48	118	85	20	65	127	56	122	24	107	92	80	61	72	22	138	60	65	106	140	56	82	100	34	55	74	74	86	123	82	66	93
0	0	0	0	0	0	0	0	0	0	0	0	0	0	0	0	0	0	0	0	0	0	0	0	0	0	0	0	0	32	73	50	110	70	62	51	50	84	56	90	69	32	119	51	56	58	149	57	58	116	41	66	88	26	147	88	69	75	122	64	85	54	121	42	97	36	53	41	85	78	100	18	102	124	32	36	144	39	47	57	73	76	18	121	81	125	122	41	23	112	23	113	38	55	145	98	70	114	133	113	70	19	98	127	85	54	70	22	53	34	102	96	19	73	54	29	48	115	81	126	142	95	79	60	105	114	39	93
0	0	0	0	0	0	0	0	0	0	0	0	0	0	0	0	0	0	0	0	0	0	0	0	0	0	0	0	0	0	79	130	74	59	153	115	46	113	42	60	58	105	61	125	108	52	70	84	102	71	107	16	122	45	77	71	24	107	29	149	66	30	108	109	23	30	64	31	35	86	32	72	67	76	53	87	64	77	45	47	107	113	77	116	68	58	53	18	36	41	104	136	68	23	33	43	132	113	122	104	120	39	64	101	114	53	20	77	120	93	127	73	135	103	102	64	148	46	135	48	72	31	121	29	34	48	120	139
0	0	0	0	0	0	0	0	0	0	0	0	0	0	0	0	0	0	0	0	0	0	0	0	0	0	0	0	0	0	0	100	126	103	82	49	100	112	18	136	132	41	57	147	82	49	105	16	126	142	141	28	115	131	36	107	96	71	83	48	140	58	30	141	100	86	30	57	106	87	129	46	114	31	121	132	66	106	26	132	74	125	20	117	24	43	128	134	105	32	121	34	65	114	100	84	25	69	54	80	138	131	73	50	47	3	60	6	90	66	49	38	151	110	53	89	131	53	130	132	76	75	146	51	61	90	138	132
0	0	0	0	0	0	0	0	0	0	0	0	0	0	0	0	0	0	0	0	0	0	0	0	0	0	0	0	0	0	0	0	51	50	95	26	139	59	130	89	20	22	141	34	102	144	30	73	50	92	121	73	62	113	81	21	123	67	76	145	38	101	36	81	79	29	98	24	86	34	39	35	124	37	29	35	58	49	94	136	62	33	83	108	86	135	29	27	90	133	130	119	126	89	130	32	128	51	44	83	139	155	37	29	119	52	38	17	126	82	101	58	97	132	18	112	107	50	69	70	101	127	112	73	87	79	76	46
0	0	0	0	0	0	0	0	0	0	0	0	0	0	0	0	0	0	0	0	0	0	0	0	0	0	0	0	0	0	0	0	0	82	80	126	28	35	93	83	107	125	111	100	57	61	123	115	135	81	77	146	89	126	55	88	76	69	107	23	26	101	103	47	84	131	55	10	112	86	50	103	55	87	21	63	133	129	74	61	37	157	42	31	124	141	47	66	81	62	145	41	66	35	62	84	66	88	79	77	81	56	67	23	70	132	97	138	70	99	128	10	13	87	142	58	28	64	101	77	48	123	75	54	110	119	54	73
0	0	0	0	0	0	0	0	0	0	0	0	0	0	0	0	0	0	0	0	0	0	0	0	0	0	0	0	0	0	0	0	0	0	154	132	56	106	74	44	84	97	127	101	127	120	97	76	83	82	102	60	128	2	120	21	98	49	124	85	95	74	53	120	76	113	52	141	74	137	128	39	54	146	90	76	134	123	50	9	127	96	154	34	91	56	134	99	22	121	80	59	83	111	111	51	91	104	67	6	84	20	111	55	71	50	136	115	31	145	81	109	52	28	14	39	145	132	75	119	95	50	94	27	83	88	20	35
0	0	0	0	0	0	0	0	0	0	0	0	0	0	0	0	0	0	0	0	0	0	0	0	0	0	0	0	0	0	0	0	0	0	0	74	97	47	151	55	93	79	121	49	38	20	16	15	78	119	19	63	31	135	162	73	81	53	66	54	57	77	143	94	123	128	108	44	111	110	106	34	81	91	141	113	77	83	98	73	97	54	65	74	91	105	69	110	128	129	97	105	53	85	88	58	68	10	77	120	25	71	35	40	34	63	14	95	75	47	61	26	75	40	124	76	45	33	64	89	21	140	25	129	80	46	93	30
0	0	0	0	0	0	0	0	0	0	0	0	0	0	0	0	0	0	0	0	0	0	0	0	0	0	0	0	0	0	0	0	0	0	0	0	107	85	43	82	101	69	42	43	134	135	135	128	106	34	67	61	74	123	98	74	135	101	67	86	115	71	105	70	15	77	136	74	99	111	74	25	88	93	122	35	139	57	26	50	137	105	58	78	113	56	41	105	64	38	17	52	152	73	13	81	46	76	99	64	35	102	109	141	6	78	46	97	70	46	18	82	104	158	39	55	120	79	97	16	127	136	143	31	88	54	75	63
0	0	0	0	0	0	0	0	0	0	0	0	0	0	0	0	0	0	0	0	0	0	0	0	0	0	0	0	0	0	0	0	0	0	0	0	0	138	100	50	68	7	41	86	105	97	47	151	92	42	71	11	80	113	20	139	19	121	120	12	92	10	45	90	43	80	80	83	21	39	50	115	89	81	153	93	106	67	111	108	159	106	105	54	115	46	119	89	77	141	26	156	87	59	52	112	141	116	112	146	150	59	118	29	70	50	84	159	130	145	99	140	8	127	63	46	84	32	65	51	129	114	11	54	93	43	114	94
0	0	0	0	0	0	0	0	0	0	0	0	0	0	0	0	0	0	0	0	0	0	0	0	0	0	0	0	0	0	0	0	0	0	0	0	0	0	91	60	129	123	77	19	129	24	114	49	144	120	139	30	36	94	24	70	129	83	46	133	96	85	56	88	84	84	65	70	96	83	81	108	38	36	67	83	48	75	139	133	109	54	95	82	140	145	41	91	143	106	139	143	147	35	133	132	122	119	108	145	51	56	56	108	86	144	17	139	123	99	86	44	61	131	54	56	95	129	78	35	82	53	139	158	87	51	92	96
0	0	0	0	0	0	0	0	0	0	0	0	0	0	0	0	0	0	0	0	0	0	0	0	0	0	0	0	0	0	0	0	0	0	0	0	0	0	0	37	93	27	89	58	140	81	96	72	24	119	129	38	56	60	13	20	107	34	63	39	110	65	123	65	37	79	120	150	93	149	62	35	5	146	141	23	141	41	44	131	86	58	117	8	49	61	38	36	85	99	120	143	119	98	57	141	60	60	106	54	67	89	62	46	71	114	129	141	166	66	103	79	28	50	117	104	68	137	141	90	88	147	54	47	112	136	83	43
0	0	0	0	0	0	0	0	0	0	0	0	0	0	0	0	0	0	0	0	0	0	0	0	0	0	0	0	0	0	0	0	0	0	0	0	0	0	0	0	54	29	73	11	99	92	122	105	53	150	66	132	27	81	58	53	120	130	110	107	87	131	64	67	109	153	50	68	56	72	75	26	35	83	55	38	57	107	112	90	75	93	78	144	59	62	47	66	114	106	32	124	102	74	62	47	110	139	159	158	47	142	94	135	29	52	131	60	13	62	122	81	62	132	82	125	95	109	104	60	80	125	76	82	59	128	107	133
0	0	0	0	0	0	0	0	0	0	0	0	0	0	0	0	0	0	0	0	0	0	0	0	0	0	0	0	0	0	0	0	0	0	0	0	0	0	0	0	0	53	94	108	107	90	128	110	36	122	139	114	58	135	133	90	61	75	32	39	111	16	130	87	80	133	109	20	46	68	50	123	148	100	79	65	90	139	50	87	98	55	105	111	99	148	76	82	15	94	45	111	19	100	114	111	75	46	84	74	125	64	53	57	132	109	47	51	82	114	144	33	146	81	115	100	32	13	130	145	96	31	57	44	30	33	74	73
0	0	0	0	0	0	0	0	0	0	0	0	0	0	0	0	0	0	0	0	0	0	0	0	0	0	0	0	0	0	0	0	0	0	0	0	0	0	0	0	0	0	140	71	126	62	124	55	73	97	21	81	69	134	92	57	140	121	141	90	93	134	157	125	65	131	116	54	107	38	61	57	91	135	80	123	47	21	75	109	66	102	68	60	125	94	126	143	62	159	52	73	150	49	118	17	18	67	65	118	57	131	143	58	99	76	128	145	24	122	121	80	141	70	50	53	83	107	100	49	124	89	148	99	96	85	59	82
0	0	0	0	0	0	0	0	0	0	0	0	0	0	0	0	0	0	0	0	0	0	0	0	0	0	0	0	0	0	0	0	0	0	0	0	0	0	0	0	0	0	0	70	52	49	133	49	144	80	83	147	128	123	122	60	32	132	154	152	62	121	20	93	152	31	67	133	61	55	72	53	142	120	121	158	108	127	54	146	64	140	31	160	73	113	70	109	123	47	87	122	33	138	125	118	129	79	29	65	38	31	149	63	157	63	45	55	27	53	64	46	77	53	76	40	43	87	78	133	30	123	128	107	143	54	142	29
0	0	0	0	0	0	0	0	0	0	0	0	0	0	0	0	0	0	0	0	0	0	0	0	0	0	0	0	0	0	0	0	0	0	0	0	0	0	0	0	0	0	0	0	113	103	152	43	69	107	7	134	48	45	37	54	119	71	89	137	123	37	80	107	81	124	47	137	30	119	115	56	33	34	54	128	117	69	54	112	99	73	164	125	135	27	94	116	125	42	31	121	122	116	70	55	18	86	147	66	107	93	105	69	131	56	46	111	28	45	90	87	68	93	100	73	76	133	33	66	57	16	31	60	31	93	105	147
0	0	0	0	0	0	0	0	0	0	0	0	0	0	0	0	0	0	0	0	0	0	0	0	0	0	0	0	0	0	0	0	0	0	0	0	0	0	0	0	0	0	0	0	0	106	153	44	34	52	40	88	110	48	162	146	51	84	87	16	70	139	50	93	43	47	94	162	56	97	123	64	68	25	100	68	36	154	81	148	83	71	106	166	37	82	150	74	135	115	61	47	23	126	137	129	80	109	62	20	100	101	124	67	157	140	112	107	97	102	63	161	66	90	27	121	62	97	90	86	146	142	40	121	57	43	127	127
0	0	0	0	0	0	0	0	0	0	0	0	0	0	0	0	0	0	0	0	0	0	0	0	0	0	0	0	0	0	0	0	0	0	0	0	0	0	0	0	0	0	0	0	0	0	95	55	47	44	6	53	55	152	113	114	129	110	92	141	78	139	24	78	93	143	82	146	71	121	96	131	111	24	108	59	114	64	121	50	164	60	35	141	75	105	81	98	124	78	111	57	112	140	148	70	168	53	124	77	119	91	90	78	79	30	32	60	56	33	57	122	54	28	115	133	115	67	143	100	136	68	111	123	64	123	116	98
0	0	0	0	0	0	0	0	0	0	0	0	0	0	0	0	0	0	0	0	0	0	0	0	0	0	0	0	0	0	0	0	0	0	0	0	0	0	0	0	0	0	0	0	0	0	0	87	75	70	69	133	90	98	126	53	165	88	99	134	27	113	112	45	160	116	136	153	35	99	95	95	14	148	41	42	49	72	116	137	164	76	98	120	135	58	81	104	119	140	149	83	77	56	103	125	150	84	109	13	124	47	68	135	46	18	126	67	56	131	74	77	101	136	49	107	144	93	107	50	57	30	173	118	79	89	39	116
0	0	0	0	0	0	0	0	0	0	0	0	0	0	0	0	0	0	0	0	0	0	0	0	0	0	0	0	0	0	0	0	0	0	0	0	0	0	0	0	0	0	0	0	0	0	0	0	103	66	125	143	111	84	30	68	82	59	70	100	163	68	67	74	108	121	105	105	43	93	164	62	129	36	124	143	108	119	104	123	80	82	114	78	96	82	90	31	32	53	80	84	65	108	57	65	46	54	164	77	66	104	96	112	80	105	48	86	76	105	129	159	87	31	35	60	121	29	128	72	97	141	64	66	70	79	60	118
0	0	0	0	0	0	0	0	0	0	0	0	0	0	0	0	0	0	0	0	0	0	0	0	0	0	0	0	0	0	0	0	0	0	0	0	0	0	0	0	0	0	0	0	0	0	0	0	0	89	43	99	111	75	15	144	61	106	125	97	68	41	55	92	155	43	119	38	96	93	113	148	158	72	82	156	121	130	98	138	81	61	49	101	61	45	74	81	140	41	9	44	153	108	96	61	54	86	122	115	92	19	150	101	134	127	162	55	28	78	108	81	61	44	112	110	108	26	45	74	58	61	52	39	78	138	112	130
0	0	0	0	0	0	0	0	0	0	0	0	0	0	0	0	0	0	0	0	0	0	0	0	0	0	0	0	0	0	0	0	0	0	0	0	0	0	0	0	0	0	0	0	0	0	0	0	0	0	44	92	92	105	120	51	57	77	151	153	51	117	107	126	146	154	30	28	111	70	116	104	125	114	70	153	46	40	64	112	64	130	86	61	86	169	152	107	51	20	40	77	78	106	110	27	63	70	112	81	75	64	78	118	54	58	49	59	121	90	103	77	93	141	146	131	148	73	97	109	46	72	99	130	109	146	13	22
0	0	0	0	0	0	0	0	0	0	0	0	0	0	0	0	0	0	0	0	0	0	0	0	0	0	0	0	0	0	0	0	0	0	0	0	0	0	0	0	0	0	0	0	0	0	0	0	0	0	0	152	80	38	65	42	91	127	11	121	113	121	146	59	60	75	118	135	148	133	104	61	133	98	126	39	62	129	80	90	133	110	133	34	92	94	63	23	44	24	107	26	90	100	105	133	104	144	105	109	162	44	24	47	120	39	156	17	86	19	19	108	154	122	80	105	56	21	39	50	82	80	41	36	57	120	52	39
0	0	0	0	0	0	0	0	0	0	0	0	0	0	0	0	0	0	0	0	0	0	0	0	0	0	0	0	0	0	0	0	0	0	0	0	0	0	0	0	0	0	0	0	0	0	0	0	0	0	0	0	33	68	41	33	88	135	86	178	106	13	105	60	48	77	73	82	46	89	158	43	87	104	46	87	45	69	89	105	89	115	76	140	160	97	5	146	105	62	132	89	171	157	37	151	62	68	105	41	75	49	105	120	34	64	104	162	63	36	58	31	86	161	94	23	38	59	69	34	57	51	140	99	151	26	20	160
0	0	0	0	0	0	0	0	0	0	0	0	0	0	0	0	0	0	0	0	0	0	0	0	0	0	0	0	0	0	0	0	0	0	0	0	0	0	0	0	0	0	0	0	0	0	0	0	0	0	0	0	0	91	14	82	4	120	20	135	62	48	152	128	123	167	105	108	41	146	114	113	117	134	54	15	138	113	102	52	16	84	13	75	149	91	60	89	96	86	52	58	170	73	126	120	74	54	86	145	72	167	154	136	28	152	121	49	68	123	107	101	91	68	125	96	87	85	63	31	106	99	122	113	47	55	58	84
0	0	0	0	0	0	0	0	0	0	0	0	0	0	0	0	0	0	0	0	0	0	0	0	0	0	0	0	0	0	0	0	0	0	0	0	0	0	0	0	0	0	0	0	0	0	0	0	0	0	0	0	0	0	81	88	44	129	141	70	127	138	79	38	101	162	151	166	167	52	32	81	120	128	163	121	137	115	38	85	66	141	156	17	33	80	105	152	31	61	148	134	108	64	129	115	139	168	113	61	81	8	153	44	66	126	8	123	138	147	91	133	39	20	145	66	138	80	61	126	64	78	99	85	29	110	65	90
0	0	0	0	0	0	0	0	0	0	0	0	0	0	0	0	0	0	0	0	0	0	0	0	0	0	0	0	0	0	0	0	0	0	0	0	0	0	0	0	0	0	0	0	0	0	0	0	0	0	0	0	0	0	0	77	116	73	158	117	93	106	81	7	71	65	54	53	156	54	72	87	131	113	160	69	62	25	28	111	46	91	121	123	106	83	80	75	57	53	51	86	59	110	59	169	57	73	91	19	88	87	30	154	136	90	139	118	20	103	61	106	86	95	133	95	79	78	97	43	123	71	44	154	97	24	65	91
0	0	0	0	0	0	0	0	0	0	0	0	0	0	0	0	0	0	0	0	0	0	0	0	0	0	0	0	0	0	0	0	0	0	0	0	0	0	0	0	0	0	0	0	0	0	0	0	0	0	0	0	0	0	0	0	159	62	41	65	100	83	49	80	76	51	92	69	88	128	173	121	104	86	94	91	143	121	137	169	149	111	128	151	173	52	51	64	78	64	171	136	13	89	130	126	139	125	85	6	142	87	56	154	90	44	156	52	79	55	65	148	103	53	113	167	111	117	91	174	71	64	78	129	140	54	60	64
0	0	0	0	0	0	0	0	0	0	0	0	0	0	0	0	0	0	0	0	0	0	0	0	0	0	0	0	0	0	0	0	0	0	0	0	0	0	0	0	0	0	0	0	0	0	0	0	0	0	0	0	0	0	0	0	0	75	25	72	77	88	152	96	135	82	56	182	131	95	103	130	74	112	108	77	116	60	82	131	36	78	87	146	75	62	91	26	135	64	122	54	165	38	59	127	67	172	106	41	38	148	85	46	112	103	58	66	122	128	83	76	146	100	122	83	76	99	101	171	103	141	67	125	68	70	145	143
0	0	0	0	0	0	0	0	0	0	0	0	0	0	0	0	0	0	0	0	0	0	0	0	0	0	0	0	0	0	0	0	0	0	0	0	0	0	0	0	0	0	0	0	0	0	0	0	0	0	0	0	0	0	0	0	0	0	138	145	52	144	117	93	140	143	151	79	97	111	33	71	100	105	61	182	159	136	152	58	112	68	70	58	122	106	123	124	132	111	165	121	83	176	53	44	12	135	81	31	103	174	30	159	130	121	51	147	178	152	56	87	159	107	130	151	82	123	59	113	66	102	43	126	140	78	126	160
0	0	0	0	0	0	0	0	0	0	0	0	0	0	0	0	0	0	0	0	0	0	0	0	0	0	0	0	0	0	0	0	0	0	0	0	0	0	0	0	0	0	0	0	0	0	0	0	0	0	0	0	0	0	0	0	0	0	0	117	124	178	122	153	41	66	161	87	55	142	86	62	44	140	40	64	54	146	168	85	57	130	130	60	109	160	128	136	49	117	23	78	30	78	89	169	96	69	86	116	149	120	15	55	108	88	48	107	153	141	74	95	67	51	69	133	127	90	36	146	73	37	131	113	14	35	159	108
0	0	0	0	0	0	0	0	0	0	0	0	0	0	0	0	0	0	0	0	0	0	0	0	0	0	0	0	0	0	0	0	0	0	0	0	0	0	0	0	0	0	0	0	0	0	0	0	0	0	0	0	0	0	0	0	0	0	0	0	72	48	125	161	62	69	100	155	100	127	22	67	19	56	125	54	66	168	40	37	150	39	33	103	64	60	121	141	132	87	149	176	102	107	108	124	121	100	139	95	102	80	74	115	119	140	98	110	149	164	148	140	81	164	122	46	76	17	99	106	171	115	127	45	86	61	72	82
0	0	0	0	0	0	0	0	0	0	0	0	0	0	0	0	0	0	0	0	0	0	0	0	0	0	0	0	0	0	0	0	0	0	0	0	0	0	0	0	0	0	0	0	0	0	0	0	0	0	0	0	0	0	0	0	0	0	0	0	0	51	72	10	112	36	65	114	63	93	123	121	19	160	123	45	70	90	175	39	64	107	57	69	141	108	54	40	140	107	54	156	127	81	84	152	4	146	37	179	40	67	86	157	98	74	137	77	85	9	73	69	103	78	166	106	87	88	180	181	51	69	77	30	69	118	116	45
0	0	0	0	0	0	0	0	0	0	0	0	0	0	0	0	0	0	0	0	0	0	0	0	0	0	0	0	0	0	0	0	0	0	0	0	0	0	0	0	0	0	0	0	0	0	0	0	0	0	0	0	0	0	0	0	0	0	0	0	0	0	75	40	128	160	75	76	19	39	150	57	159	41	114	164	100	83	48	47	107	133	58	66	110	95	76	56	114	55	91	55	37	85	7	116	94	132	137	123	80	118	116	84	161	61	96	36	89	42	50	72	85	101	114	97	104	113	139	48	97	80	80	89	76	99	131	57
0	0	0	0	0	0	0	0	0	0	0	0	0	0	0	0	0	0	0	0	0	0	0	0	0	0	0	0	0	0	0	0	0	0	0	0	0	0	0	0	0	0	0	0	0	0	0	0	0	0	0	0	0	0	0	0	0	0	0	0	0	0	0	45	87	125	109	27	127	183	107	52	119	102	18	155	88	138	122	91	155	107	83	159	121	50	96	179	43	84	57	173	85	85	115	42	104	48	38	81	159	58	121	172	29	150	70	124	39	78	69	95	20	139	145	95	150	168	149	131	56	118	125	38	117	128	48	138
0	0	0	0	0	0	0	0	0	0	0	0	0	0	0	0	0	0	0	0	0	0	0	0	0	0	0	0	0	0	0	0	0	0	0	0	0	0	0	0	0	0	0	0	0	0	0	0	0	0	0	0	0	0	0	0	0	0	0	0	0	0	0	0	107	183	43	81	107	128	37	95	76	103	174	115	68	80	134	59	111	82	70	79	77	67	100	149	57	155	154	114	130	67	158	122	86	101	41	47	119	76	140	123	90	104	143	124	65	172	137	160	102	74	78	139	134	164	45	82	127	125	27	178	59	165	127	41
0	0	0	0	0	0	0	0	0	0	0	0	0	0	0	0	0	0	0	0	0	0	0	0	0	0	0	0	0	0	0	0	0	0	0	0	0	0	0	0	0	0	0	0	0	0	0	0	0	0	0	0	0	0	0	0	0	0	0	0	0	0	0	0	0	122	27	15	143	92	88	85	141	66	61	106	90	117	42	57	52	145	163	126	55	164	63	117	94	86	53	134	52	78	137	30	69	129	156	153	91	54	86	83	109	90	111	111	145	72	33	99	87	95	96	81	90	87	130	106	129	43	163	56	160	30	98	10
0	0	0	0	0	0	0	0	0	0	0	0	0	0	0	0	0	0	0	0	0	0	0	0	0	0	0	0	0	0	0	0	0	0	0	0	0	0	0	0	0	0	0	0	0	0	0	0	0	0	0	0	0	0	0	0	0	0	0	0	0	0	0	0	0	0	73	132	50	80	71	54	123	151	139	138	137	142	136	73	62	130	115	92	126	58	63	113	77	164	172	119	165	40	138	119	133	109	127	39	111	114	155	86	110	105	79	40	116	109	46	93	107	85	93	94	50	73	56	122	50	147	67	130	62	155	157	97
0	0	0	0	0	0	0	0	0	0	0	0	0	0	0	0	0	0	0	0	0	0	0	0	0	0	0	0	0	0	0	0	0	0	0	0	0	0	0	0	0	0	0	0	0	0	0	0	0	0	0	0	0	0	0	0	0	0	0	0	0	0	0	0	0	0	0	112	148	123	136	95	148	105	137	79	51	185	154	115	106	133	159	145	165	129	92	85	20	117	110	174	43	69	106	91	53	89	140	166	79	130	122	45	140	23	43	68	105	142	69	144	90	76	130	162	42	64	64	112	60	108	126	41	140	125	181	33
0	0	0	0	0	0	0	0	0	0	0	0	0	0	0	0	0	0	0	0	0	0	0	0	0	0	0	0	0	0	0	0	0	0	0	0	0	0	0	0	0	0	0	0	0	0	0	0	0	0	0	0	0	0	0	0	0	0	0	0	0	0	0	0	0	0	0	0	100	123	77	64	175	51	97	129	138	45	144	68	59	117	83	73	168	108	13	161	175	148	24	39	127	112	120	143	112	48	97	74	148	152	151	172	181	69	76	78	163	70	85	103	38	161	121	134	64	75	72	139	157	60	128	131	134	89	78	44
0	0	0	0	0	0	0	0	0	0	0	0	0	0	0	0	0	0	0	0	0	0	0	0	0	0	0	0	0	0	0	0	0	0	0	0	0	0	0	0	0	0	0	0	0	0	0	0	0	0	0	0	0	0	0	0	0	0	0	0	0	0	0	0	0	0	0	0	0	74	110	180	137	82	82	55	56	65	95	38	72	97	70	128	140	5	140	61	86	62	28	105	124	184	95	153	74	95	162	141	102	131	134	40	185	148	85	122	58	47	95	139	97	156	144	112	92	144	107	83	71	68	39	71	18	159	119	92
0	0	0	0	0	0	0	0	0	0	0	0	0	0	0	0	0	0	0	0	0	0	0	0	0	0	0	0	0	0	0	0	0	0	0	0	0	0	0	0	0	0	0	0	0	0	0	0	0	0	0	0	0	0	0	0	0	0	0	0	0	0	0	0	0	0	0	0	0	0	51	197	138	32	99	122	169	114	129	102	145	101	145	112	20	177	152	55	168	68	113	113	78	190	103	101	127	132	43	71	45	56	3	37	61	125	61	113	167	121	36	113	96	139	85	94	43	49	26	98	131	80	136	139	119	134	77	93
0	0	0	0	0	0	0	0	0	0	0	0	0	0	0	0	0	0	0	0	0	0	0	0	0	0	0	0	0	0	0	0	0	0	0	0	0	0	0	0	0	0	0	0	0	0	0	0	0	0	0	0	0	0	0	0	0	0	0	0	0	0	0	0	0	0	0	0	0	0	0	154	151	115	155	140	112	100	113	44	91	107	86	146	59	128	91	135	56	31	114	89	109	109	145	69	84	23	151	74	58	86	148	90	179	134	26	116	130	152	85	39	90	65	69	11	95	72	126	36	148	47	58	133	106	150	169	122
0	0	0	0	0	0	0	0	0	0	0	0	0	0	0	0	0	0	0	0	0	0	0	0	0	0	0	0	0	0	0	0	0	0	0	0	0	0	0	0	0	0	0	0	0	0	0	0	0	0	0	0	0	0	0	0	0	0	0	0	0	0	0	0	0	0	0	0	0	0	0	0	95	170	81	43	144	145	60	82	128	131	151	154	165	43	138	61	58	82	92	104	115	123	51	126	129	10	29	50	142	94	135	113	113	105	85	116	82	135	73	48	66	116	176	152	102	130	173	107	87	164	61	40	124	158	39	75
0	0	0	0	0	0	0	0	0	0	0	0	0	0	0	0	0	0	0	0	0	0	0	0	0	0	0	0	0	0	0	0	0	0	0	0	0	0	0	0	0	0	0	0	0	0	0	0	0	0	0	0	0	0	0	0	0	0	0	0	0	0	0	0	0	0	0	0	0	0	0	0	0	53	110	192	198	107	157	162	55	167	123	43	107	117	46	82	142	128	76	90	31	152	45	118	76	128	108	132	96	90	97	48	79	73	135	96	111	76	55	141	64	94	90	50	128	33	101	132	108	44	188	172	74	41	113	168
0	0	0	0	0	0	0	0	0	0	0	0	0	0	0	0	0	0	0	0	0	0	0	0	0	0	0	0	0	0	0	0	0	0	0	0	0	0	0	0	0	0	0	0	0	0	0	0	0	0	0	0	0	0	0	0	0	0	0	0	0	0	0	0	0	0	0	0	0	0	0	0	0	0	105	159	112	113	46	82	154	120	74	185	84	143	136	122	192	46	24	127	96	13	196	160	159	119	69	139	97	46	138	161	34	132	176	72	123	100	33	144	167	88	146	31	105	46	89	113	9	55	137	153	43	91	114	152
0	0	0	0	0	0	0	0	0	0	0	0	0	0	0	0	0	0	0	0	0	0	0	0	0	0	0	0	0	0	0	0	0	0	0	0	0	0	0	0	0	0	0	0	0	0	0	0	0	0	0	0	0	0	0	0	0	0	0	0	0	0	0	0	0	0	0	0	0	0	0	0	0	0	0	116	67	147	83	112	113	161	122	102	186	79	43	87	124	93	76	112	81	53	78	186	15	186	50	151	118	137	22	134	154	135	45	55	151	116	54	176	118	137	131	41	76	91	102	112	94	73	43	141	116	78	87	65
0	0	0	0	0	0	0	0	0	0	0	0	0	0	0	0	0	0	0	0	0	0	0	0	0	0	0	0	0	0	0	0	0	0	0	0	0	0	0	0	0	0	0	0	0	0	0	0	0	0	0	0	0	0	0	0	0	0	0	0	0	0	0	0	0	0	0	0	0	0	0	0	0	0	0	0	118	110	111	124	81	27	100	114	157	43	167	121	19	141	66	147	130	23	129	153	186	128	113	130	73	141	119	158	116	44	91	106	135	182	4	124	38	74	193	76	50	154	27	104	144	57	19	120	30	159	157	82
0	0	0	0	0	0	0	0	0	0	0	0	0	0	0	0	0	0	0	0	0	0	0	0	0	0	0	0	0	0	0	0	0	0	0	0	0	0	0	0	0	0	0	0	0	0	0	0	0	0	0	0	0	0	0	0	0	0	0	0	0	0	0	0	0	0	0	0	0	0	0	0	0	0	0	0	0	75	69	151	89	129	188	94	120	143	118	90	58	75	77	164	137	34	51	101	105	100	96	40	183	193	26	81	88	179	130	129	41	54	26	115	87	89	113	82	160	103	106	121	5	99	139	75	100	150	149	192
0	0	0	0	0	0	0	0	0	0	0	0	0	0	0	0	0	0	0	0	0	0	0	0	0	0	0	0	0	0	0	0	0	0	0	0	0	0	0	0	0	0	0	0	0	0	0	0	0	0	0	0	0	0	0	0	0	0	0	0	0	0	0	0	0	0	0	0	0	0	0	0	0	0	0	0	0	0	69	138	19	68	36	69	58	128	70	134	110	171	21	134	94	142	85	71	92	170	148	169	151	140	91	184	103	154	99	87	110	100	86	81	110	70	84	204	137	108	191	139	96	71	33	106	121	88	150	152
0	0	0	0	0	0	0	0	0	0	0	0	0	0	0	0	0	0	0	0	0	0	0	0	0	0	0	0	0	0	0	0	0	0	0	0	0	0	0	0	0	0	0	0	0	0	0	0	0	0	0	0	0	0	0	0	0	0	0	0	0	0	0	0	0	0	0	0	0	0	0	0	0	0	0	0	0	0	0	29	183	168	90	129	118	131	42	140	92	60	95	161	117	45	87	128	79	62	92	73	166	139	105	172	109	77	183	116	74	109	22	89	76	85	155	87	110	41	137	149	151	106	135	145	166	103	85	176
0	0	0	0	0	0	0	0	0	0	0	0	0	0	0	0	0	0	0	0	0	0	0	0	0	0	0	0	0	0	0	0	0	0	0	0	0	0	0	0	0	0	0	0	0	0	0	0	0	0	0	0	0	0	0	0	0	0	0	0	0	0	0	0	0	0	0	0	0	0	0	0	0	0	0	0	0	0	0	0	98	173	81	44	102	65	122	95	21	72	125	43	112	52	80	147	102	122	186	138	91	103	117	170	108	138	158	77	10	134	122	125	64	99	90	97	92	59	125	88	112	122	129	88	64	59	92	163
0	0	0	0	0	0	0	0	0	0	0	0	0	0	0	0	0	0	0	0	0	0	0	0	0	0	0	0	0	0	0	0	0	0	0	0	0	0	0	0	0	0	0	0	0	0	0	0	0	0	0	0	0	0	0	0	0	0	0	0	0	0	0	0	0	0	0	0	0	0	0	0	0	0	0	0	0	0	0	0	0	89	26	48	46	112	28	90	48	174	106	69	135	51	38	80	93	129	91	137	77	57	91	111	97	91	68	93	91	89	133	125	53	115	55	38	92	147	123	108	61	56	54	133	40	57	109	55
0	0	0	0	0	0	0	0	0	0	0	0	0	0	0	0	0	0	0	0	0	0	0	0	0	0	0	0	0	0	0	0	0	0	0	0	0	0	0	0	0	0	0	0	0	0	0	0	0	0	0	0	0	0	0	0	0	0	0	0	0	0	0	0	0	0	0	0	0	0	0	0	0	0	0	0	0	0	0	0	0	0	116	93	168	59	140	165	118	144	141	183	63	114	42	125	110	185	67	129	91	52	49	125	116	84	75	121	175	152	147	110	168	170	49	133	80	118	50	121	144	122	17	131	62	76	122	145
0	0	0	0	0	0	0	0	0	0	0	0	0	0	0	0	0	0	0	0	0	0	0	0	0	0	0	0	0	0	0	0	0	0	0	0	0	0	0	0	0	0	0	0	0	0	0	0	0	0	0	0	0	0	0	0	0	0	0	0	0	0	0	0	0	0	0	0	0	0	0	0	0	0	0	0	0	0	0	0	0	0	0	187	65	80	80	43	91	110	123	91	125	151	79	173	123	98	129	159	146	131	91	93	115	50	53	78	92	99	102	153	102	107	143	152	146	55	58	156	103	144	116	123	111	82	140	107
0	0	0	0	0	0	0	0	0	0	0	0	0	0	0	0	0	0	0	0	0	0	0	0	0	0	0	0	0	0	0	0	0	0	0	0	0	0	0	0	0	0	0	0	0	0	0	0	0	0	0	0	0	0	0	0	0	0	0	0	0	0	0	0	0	0	0	0	0	0	0	0	0	0	0	0	0	0	0	0	0	0	0	0	137	139	153	36	35	154	72	146	56	45	99	30	122	181	114	116	41	184	116	64	189	131	107	83	164	138	37	67	137	174	92	166	181	79	41	145	148	166	150	190	61	33	96	33
0	0	0	0	0	0	0	0	0	0	0	0	0	0	0	0	0	0	0	0	0	0	0	0	0	0	0	0	0	0	0	0	0	0	0	0	0	0	0	0	0	0	0	0	0	0	0	0	0	0	0	0	0	0	0	0	0	0	0	0	0	0	0	0	0	0	0	0	0	0	0	0	0	0	0	0	0	0	0	0	0	0	0	0	0	129	104	162	198	72	72	142	80	97	64	22	176	99	160	103	140	139	162	122	200	80	24	71	188	63	48	102	183	135	119	151	96	170	118	164	148	133	107	81	77	91	157	149
0	0	0	0	0	0	0	0	0	0	0	0	0	0	0	0	0	0	0	0	0	0	0	0	0	0	0	0	0	0	0	0	0	0	0	0	0	0	0	0	0	0	0	0	0	0	0	0	0	0	0	0	0	0	0	0	0	0	0	0	0	0	0	0	0	0	0	0	0	0	0	0	0	0	0	0	0	0	0	0	0	0	0	0	0	0	108	153	64	91	136	133	167	77	71	43	153	162	127	176	103	149	73	169	193	134	111	49	71	45	80	170	145	175	118	61	82	146	103	53	109	37	99	199	8	124	80	131
0	0	0	0	0	0	0	0	0	0	0	0	0	0	0	0	0	0	0	0	0	0	0	0	0	0	0	0	0	0	0	0	0	0	0	0	0	0	0	0	0	0	0	0	0	0	0	0	0	0	0	0	0	0	0	0	0	0	0	0	0	0	0	0	0	0	0	0	0	0	0	0	0	0	0	0	0	0	0	0	0	0	0	0	0	0	0	97	67	65	132	88	121	194	164	98	120	56	145	126	139	75	107	117	97	111	98	109	166	177	89	213	54	39	163	111	98	58	150	175	162	140	97	65	18	95	183	64
0	0	0	0	0	0	0	0	0	0	0	0	0	0	0	0	0	0	0	0	0	0	0	0	0	0	0	0	0	0	0	0	0	0	0	0	0	0	0	0	0	0	0	0	0	0	0	0	0	0	0	0	0	0	0	0	0	0	0	0	0	0	0	0	0	0	0	0	0	0	0	0	0	0	0	0	0	0	0	0	0	0	0	0	0	0	0	0	164	162	147	53	68	62	103	15	119	106	121	129	82	151	112	199	172	92	67	112	178	70	113	98	71	103	32	19	144	117	36	127	154	69	117	43	59	99	123	150
0	0	0	0	0	0	0	0	0	0	0	0	0	0	0	0	0	0	0	0	0	0	0	0	0	0	0	0	0	0	0	0	0	0	0	0	0	0	0	0	0	0	0	0	0	0	0	0	0	0	0	0	0	0	0	0	0	0	0	0	0	0	0	0	0	0	0	0	0	0	0	0	0	0	0	0	0	0	0	0	0	0	0	0	0	0	0	0	0	146	88	102	100	137	148	162	121	123	163	40	107	144	79	41	171	78	93	94	165	112	57	44	103	102	80	90	160	161	208	159	123	109	170	201	98	182	121	94
0	0	0	0	0	0	0	0	0	0	0	0	0	0	0	0	0	0	0	0	0	0	0	0	0	0	0	0	0	0	0	0	0	0	0	0	0	0	0	0	0	0	0	0	0	0	0	0	0	0	0	0	0	0	0	0	0	0	0	0	0	0	0	0	0	0	0	0	0	0	0	0	0	0	0	0	0	0	0	0	0	0	0	0	0	0	0	0	0	0	44	58	145	62	124	107	141	186	147	103	72	54	71	108	50	151	167	90	63	69	112	33	193	63	144	143	140	114	95	157	62	159	118	62	12	99	90	35
0	0	0	0	0	0	0	0	0	0	0	0	0	0	0	0	0	0	0	0	0	0	0	0	0	0	0	0	0	0	0	0	0	0	0	0	0	0	0	0	0	0	0	0	0	0	0	0	0	0	0	0	0	0	0	0	0	0	0	0	0	0	0	0	0	0	0	0	0	0	0	0	0	0	0	0	0	0	0	0	0	0	0	0	0	0	0	0	0	0	0	155	95	81	99	214	156	101	89	128	176	202	20	103	136	119	68	67	128	157	141	120	65	122	96	176	120	124	86	135	119	47	109	126	161	162	193	33
0	0	0	0	0	0	0	0	0	0	0	0	0	0	0	0	0	0	0	0	0	0	0	0	0	0	0	0	0	0	0	0	0	0	0	0	0	0	0	0	0	0	0	0	0	0	0	0	0	0	0	0	0	0	0	0	0	0	0	0	0	0	0	0	0	0	0	0	0	0	0	0	0	0	0	0	0	0	0	0	0	0	0	0	0	0	0	0	0	0	0	0	66	134	185	81	131	128	68	76	141	141	67	86	54	29	36	70	148	104	49	112	33	56	51	135	198	114	62	163	147	131	144	103	19	47	155	81
0	0	0	0	0	0	0	0	0	0	0	0	0	0	0	0	0	0	0	0	0	0	0	0	0	0	0	0	0	0	0	0	0	0	0	0	0	0	0	0	0	0	0	0	0	0	0	0	0	0	0	0	0	0	0	0	0	0	0	0	0	0	0	0	0	0	0	0	0	0	0	0	0	0	0	0	0	0	0	0	0	0	0	0	0	0	0	0	0	0	0	0	0	194	60	54	36	79	111	109	156	181	92	119	94	26	109	53	111	181	186	61	119	173	144	164	74	44	162	82	63	75	174	113	164	165	75	76
0	0	0	0	0	0	0	0	0	0	0	0	0	0	0	0	0	0	0	0	0	0	0	0	0	0	0	0	0	0	0	0	0	0	0	0	0	0	0	0	0	0	0	0	0	0	0	0	0	0	0	0	0	0	0	0	0	0	0	0	0	0	0	0	0	0	0	0	0	0	0	0	0	0	0	0	0	0	0	0	0	0	0	0	0	0	0	0	0	0	0	0	0	0	182	24	95	95	180	110	48	141	192	156	60	50	84	91	155	143	100	184	149	69	156	105	110	86	56	148	95	126	147	57	118	164	116	114
0	0	0	0	0	0	0	0	0	0	0	0	0	0	0	0	0	0	0	0	0	0	0	0	0	0	0	0	0	0	0	0	0	0	0	0	0	0	0	0	0	0	0	0	0	0	0	0	0	0	0	0	0	0	0	0	0	0	0	0	0	0	0	0	0	0	0	0	0	0	0	0	0	0	0	0	0	0	0	0	0	0	0	0	0	0	0	0	0	0	0	0	0	0	0	58	120	194	186	163	54	76	144	85	142	43	110	133	116	139	106	91	67	123	99	173	146	120	167	144	78	132	60	161	113	44	10	48
0	0	0	0	0	0	0	0	0	0	0	0	0	0	0	0	0	0	0	0	0	0	0	0	0	0	0	0	0	0	0	0	0	0	0	0	0	0	0	0	0	0	0	0	0	0	0	0	0	0	0	0	0	0	0	0	0	0	0	0	0	0	0	0	0	0	0	0	0	0	0	0	0	0	0	0	0	0	0	0	0	0	0	0	0	0	0	0	0	0	0	0	0	0	0	0	95	121	193	178	133	56	67	127	108	30	83	152	48	108	23	129	111	92	87	70	79	85	113	120	134	105	111	139	124	141	63	120
0	0	0	0	0	0	0	0	0	0	0	0	0	0	0	0	0	0	0	0	0	0	0	0	0	0	0	0	0	0	0	0	0	0	0	0	0	0	0	0	0	0	0	0	0	0	0	0	0	0	0	0	0	0	0	0	0	0	0	0	0	0	0	0	0	0	0	0	0	0	0	0	0	0	0	0	0	0	0	0	0	0	0	0	0	0	0	0	0	0	0	0	0	0	0	0	0	97	102	79	176	164	127	83	190	194	81	120	104	174	89	95	13	66	138	176	92	88	159	150	144	141	96	70	192	216	46	170
0	0	0	0	0	0	0	0	0	0	0	0	0	0	0	0	0	0	0	0	0	0	0	0	0	0	0	0	0	0	0	0	0	0	0	0	0	0	0	0	0	0	0	0	0	0	0	0	0	0	0	0	0	0	0	0	0	0	0	0	0	0	0	0	0	0	0	0	0	0	0	0	0	0	0	0	0	0	0	0	0	0	0	0	0	0	0	0	0	0	0	0	0	0	0	0	0	0	139	66	120	107	61	71	98	42	162	171	86	158	126	161	152	175	117	149	29	27	46	141	155	24	157	12	88	63	103	130
0	0	0	0	0	0	0	0	0	0	0	0	0	0	0	0	0	0	0	0	0	0	0	0	0	0	0	0	0	0	0	0	0	0	0	0	0	0	0	0	0	0	0	0	0	0	0	0	0	0	0	0	0	0	0	0	0	0	0	0	0	0	0	0	0	0	0	0	0	0	0	0	0	0	0	0	0	0	0	0	0	0	0	0	0	0	0	0	0	0	0	0	0	0	0	0	0	0	0	162	113	126	79	84	140	43	174	83	121	19	52	46	113	113	157	109	107	101	206	168	95	32	141	37	187	94	116	89
0	0	0	0	0	0	0	0	0	0	0	0	0	0	0	0	0	0	0	0	0	0	0	0	0	0	0	0	0	0	0	0	0	0	0	0	0	0	0	0	0	0	0	0	0	0	0	0	0	0	0	0	0	0	0	0	0	0	0	0	0	0	0	0	0	0	0	0	0	0	0	0	0	0	0	0	0	0	0	0	0	0	0	0	0	0	0	0	0	0	0	0	0	0	0	0	0	0	0	0	87	54	111	96	146	85	49	119	167	135	143	147	174	181	133	51	156	35	48	21	58	53	200	144	119	179	107	96
0	0	0	0	0	0	0	0	0	0	0	0	0	0	0	0	0	0	0	0	0	0	0	0	0	0	0	0	0	0	0	0	0	0	0	0	0	0	0	0	0	0	0	0	0	0	0	0	0	0	0	0	0	0	0	0	0	0	0	0	0	0	0	0	0	0	0	0	0	0	0	0	0	0	0	0	0	0	0	0	0	0	0	0	0	0	0	0	0	0	0	0	0	0	0	0	0	0	0	0	0	130	141	105	133	133	186	150	65	81	56	59	145	210	225	134	62	132	69	162	144	69	77	49	163	109	184	116
0	0	0	0	0	0	0	0	0	0	0	0	0	0	0	0	0	0	0	0	0	0	0	0	0	0	0	0	0	0	0	0	0	0	0	0	0	0	0	0	0	0	0	0	0	0	0	0	0	0	0	0	0	0	0	0	0	0	0	0	0	0	0	0	0	0	0	0	0	0	0	0	0	0	0	0	0	0	0	0	0	0	0	0	0	0	0	0	0	0	0	0	0	0	0	0	0	0	0	0	0	0	211	170	201	181	201	63	199	58	189	94	64	144	12	191	124	126	90	129	50	87	68	150	176	83	120	155
0	0	0	0	0	0	0	0	0	0	0	0	0	0	0	0	0	0	0	0	0	0	0	0	0	0	0	0	0	0	0	0	0	0	0	0	0	0	0	0	0	0	0	0	0	0	0	0	0	0	0	0	0	0	0	0	0	0	0	0	0	0	0	0	0	0	0	0	0	0	0	0	0	0	0	0	0	0	0	0	0	0	0	0	0	0	0	0	0	0	0	0	0	0	0	0	0	0	0	0	0	0	0	109	80	139	77	31	68	142	200	129	128	98	141	148	156	99	66	93	87	74	164	98	95	129	195	62
0	0	0	0	0	0	0	0	0	0	0	0	0	0	0	0	0	0	0	0	0	0	0	0	0	0	0	0	0	0	0	0	0	0	0	0	0	0	0	0	0	0	0	0	0	0	0	0	0	0	0	0	0	0	0	0	0	0	0	0	0	0	0	0	0	0	0	0	0	0	0	0	0	0	0	0	0	0	0	0	0	0	0	0	0	0	0	0	0	0	0	0	0	0	0	0	0	0	0	0	0	0	0	0	133	127	180	159	139	148	102	62	43	32	39	145	156	155	79	46	128	63	80	55	95	158	198	123
0	0	0	0	0	0	0	0	0	0	0	0	0	0	0	0	0	0	0	0	0	0	0	0	0	0	0	0	0	0	0	0	0	0	0	0	0	0	0	0	0	0	0	0	0	0	0	0	0	0	0	0	0	0	0	0	0	0	0	0	0	0	0	0	0	0	0	0	0	0	0	0	0	0	0	0	0	0	0	0	0	0	0	0	0	0	0	0	0	0	0	0	0	0	0	0	0	0	0	0	0	0	0	0	0	185	80	67	53	59	92	194	154	67	98	146	54	67	123	203	119	109	163	158	124	27	146	173
0	0	0	0	0	0	0	0	0	0	0	0	0	0	0	0	0	0	0	0	0	0	0	0	0	0	0	0	0	0	0	0	0	0	0	0	0	0	0	0	0	0	0	0	0	0	0	0	0	0	0	0	0	0	0	0	0	0	0	0	0	0	0	0	0	0	0	0	0	0	0	0	0	0	0	0	0	0	0	0	0	0	0	0	0	0	0	0	0	0	0	0	0	0	0	0	0	0	0	0	0	0	0	0	0	0	50	183	143	214	141	130	87	208	77	160	130	136	135	59	163	176	161	158	91	58	117	101
0	0	0	0	0	0	0	0	0	0	0	0	0	0	0	0	0	0	0	0	0	0	0	0	0	0	0	0	0	0	0	0	0	0	0	0	0	0	0	0	0	0	0	0	0	0	0	0	0	0	0	0	0	0	0	0	0	0	0	0	0	0	0	0	0	0	0	0	0	0	0	0	0	0	0	0	0	0	0	0	0	0	0	0	0	0	0	0	0	0	0	0	0	0	0	0	0	0	0	0	0	0	0	0	0	0	0	208	163	111	119	160	78	221	47	160	196	109	53	61	165	104	78	108	123	218	156	83
0	0	0	0	0	0	0	0	0	0	0	0	0	0	0	0	0	0	0	0	0	0	0	0	0	0	0	0	0	0	0	0	0	0	0	0	0	0	0	0	0	0	0	0	0	0	0	0	0	0	0	0	0	0	0	0	0	0	0	0	0	0	0	0	0	0	0	0	0	0	0	0	0	0	0	0	0	0	0	0	0	0	0	0	0	0	0	0	0	0	0	0	0	0	0	0	0	0	0	0	0	0	0	0	0	0	0	0	55	98	92	84	101	166	93	84	191	148	180	122	44	80	169	43	123	36	123	60
0	0	0	0	0	0	0	0	0	0	0	0	0	0	0	0	0	0	0	0	0	0	0	0	0	0	0	0	0	0	0	0	0	0	0	0	0	0	0	0	0	0	0	0	0	0	0	0	0	0	0	0	0	0	0	0	0	0	0	0	0	0	0	0	0	0	0	0	0	0	0	0	0	0	0	0	0	0	0	0	0	0	0	0	0	0	0	0	0	0	0	0	0	0	0	0	0	0	0	0	0	0	0	0	0	0	0	0	0	127	111	81	180	115	171	188	102	172	207	89	140	127	134	152	90	50	182	103
0	0	0	0	0	0	0	0	0	0	0	0	0	0	0	0	0	0	0	0	0	0	0	0	0	0	0	0	0	0	0	0	0	0	0	0	0	0	0	0	0	0	0	0	0	0	0	0	0	0	0	0	0	0	0	0	0	0	0	0	0	0	0	0	0	0	0	0	0	0	0	0	0	0	0	0	0	0	0	0	0	0	0	0	0	0	0	0	0	0	0	0	0	0	0	0	0	0	0	0	0	0	0	0	0	0	0	0	0	0	22	186	120	196	21	195	173	103	208	25	165	150	53	191	125	139	90	77
0	0	0	0	0	0	0	0	0	0	0	0	0	0	0	0	0	0	0	0	0	0	0	0	0	0	0	0	0	0	0	0	0	0	0	0	0	0	0	0	0	0	0	0	0	0	0	0	0	0	0	0	0	0	0	0	0	0	0	0	0	0	0	0	0	0	0	0	0	0	0	0	0	0	0	0	0	0	0	0	0	0	0	0	0	0	0	0	0	0	0	0	0	0	0	0	0	0	0	0	0	0	0	0	0	0	0	0	0	0	0	157	168	180	65	72	150	107	110	105	120	121	100	138	56	122	134	124
0	0	0	0	0	0	0	0	0	0	0	0	0	0	0	0	0	0	0	0	0	0	0	0	0	0	0	0	0	0	0	0	0	0	0	0	0	0	0	0	0	0	0	0	0	0	0	0	0	0	0	0	0	0	0	0	0	0	0	0	0	0	0	0	0	0	0	0	0	0	0	0	0	0	0	0	0	0	0	0	0	0	0	0	0	0	0	0	0	0	0	0	0	0	0	0	0	0	0	0	0	0	0	0	0	0	0	0	0	0	0	0	157	128	115	202	105	132	119	31	103	24	67	195	92	110	98	201
0	0	0	0	0	0	0	0	0	0	0	0	0	0	0	0	0	0	0	0	0	0	0	0	0	0	0	0	0	0	0	0	0	0	0	0	0	0	0	0	0	0	0	0	0	0	0	0	0	0	0	0	0	0	0	0	0	0	0	0	0	0	0	0	0	0	0	0	0	0	0	0	0	0	0	0	0	0	0	0	0	0	0	0	0	0	0	0	0	0	0	0	0	0	0	0	0	0	0	0	0	0	0	0	0	0	0	0	0	0	0	0	0	23	161	93	118	67	129	145	150	133	31	96	29	205	153	159
0	0	0	0	0	0	0	0	0	0	0	0	0	0	0	0	0	0	0	0	0	0	0	0	0	0	0	0	0	0	0	0	0	0	0	0	0	0	0	0	0	0	0	0	0	0	0	0	0	0	0	0	0	0	0	0	0	0	0	0	0	0	0	0	0	0	0	0	0	0	0	0	0	0	0	0	0	0	0	0	0	0	0	0	0	0	0	0	0	0	0	0	0	0	0	0	0	0	0	0	0	0	0	0	0	0	0	0	0	0	0	0	0	0	123	161	166	108	23	72	161	118	89	81	231	152	233	125
0	0	0	0	0	0	0	0	0	0	0	0	0	0	0	0	0	0	0	0	0	0	0	0	0	0	0	0	0	0	0	0	0	0	0	0	0	0	0	0	0	0	0	0	0	0	0	0	0	0	0	0	0	0	0	0	0	0	0	0	0	0	0	0	0	0	0	0	0	0	0	0	0	0	0	0	0	0	0	0	0	0	0	0	0	0	0	0	0	0	0	0	0	0	0	0	0	0	0	0	0	0	0	0	0	0	0	0	0	0	0	0	0	0	0	149	135	131	169	59	114	114	88	121	118	142	42	83
0	0	0	0	0	0	0	0	0	0	0	0	0	0	0	0	0	0	0	0	0	0	0	0	0	0	0	0	0	0	0	0	0	0	0	0	0	0	0	0	0	0	0	0	0	0	0	0	0	0	0	0	0	0	0	0	0	0	0	0	0	0	0	0	0	0	0	0	0	0	0	0	0	0	0	0	0	0	0	0	0	0	0	0	0	0	0	0	0	0	0	0	0	0	0	0	0	0	0	0	0	0	0	0	0	0	0	0	0	0	0	0	0	0	0	0	120	71	46	67	123	164	139	124	110	78	150	114
0	0	0	0	0	0	0	0	0	0	0	0	0	0	0	0	0	0	0	0	0	0	0	0	0	0	0	0	0	0	0	0	0	0	0	0	0	0	0	0	0	0	0	0	0	0	0	0	0	0	0	0	0	0	0	0	0	0	0	0	0	0	0	0	0	0	0	0	0	0	0	0	0	0	0	0	0	0	0	0	0	0	0	0	0	0	0	0	0	0	0	0	0	0	0	0	0	0	0	0	0	0	0	0	0	0	0	0	0	0	0	0	0	0	0	0	0	56	110	33	149	160	52	189	140	172	146	126
0	0	0	0	0	0	0	0	0	0	0	0	0	0	0	0	0	0	0	0	0	0	0	0	0	0	0	0	0	0	0	0	0	0	0	0	0	0	0	0	0	0	0	0	0	0	0	0	0	0	0	0	0	0	0	0	0	0	0	0	0	0	0	0	0	0	0	0	0	0	0	0	0	0	0	0	0	0	0	0	0	0	0	0	0	0	0	0	0	0	0	0	0	0	0	0	0	0	0	0	0	0	0	0	0	0	0	0	0	0	0	0	0	0	0	0	0	0	88	149	160	80	183	24	72	97	150	137
0	0	0	0	0	0	0	0	0	0	0	0	0	0	0	0	0	0	0	0	0	0	0	0	0	0	0	0	0	0	0	0	0	0	0	0	0	0	0	0	0	0	0	0	0	0	0	0	0	0	0	0	0	0	0	0	0	0	0	0	0	0	0	0	0	0	0	0	0	0	0	0	0	0	0	0	0	0	0	0	0	0	0	0	0	0	0	0	0	0	0	0	0	0	0	0	0	0	0	0	0	0	0	0	0	0	0	0	0	0	0	0	0	0	0	0	0	0	0	168	133	152	25	158	37	113	74	62
0	0	0	0	0	0	0	0	0	0	0	0	0	0	0	0	0	0	0	0	0	0	0	0	0	0	0	0	0	0	0	0	0	0	0	0	0	0	0	0	0	0	0	0	0	0	0	0	0	0	0	0	0	0	0	0	0	0	0	0	0	0	0	0	0	0	0	0	0	0	0	0	0	0	0	0	0	0	0	0	0	0	0	0	0	0	0	0	0	0	0	0	0	0	0	0	0	0	0	0	0	0	0	0	0	0	0	0	0	0	0	0	0	0	0	0	0	0	0	0	224	56	61	179	181	160	56	89
0	0	0	0	0	0	0	0	0	0	0	0	0	0	0	0	0	0	0	0	0	0	0	0	0	0	0	0	0	0	0	0	0	0	0	0	0	0	0	0	0	0	0	0	0	0	0	0	0	0	0	0	0	0	0	0	0	0	0	0	0	0	0	0	0	0	0	0	0	0	0	0	0	0	0	0	0	0	0	0	0	0	0	0	0	0	0	0	0	0	0	0	0	0	0	0	0	0	0	0	0	0	0	0	0	0	0	0	0	0	0	0	0	0	0	0	0	0	0	0	0	164	143	103	60	74	132	170
0	0	0	0	0	0	0	0	0	0	0	0	0	0	0	0	0	0	0	0	0	0	0	0	0	0	0	0	0	0	0	0	0	0	0	0	0	0	0	0	0	0	0	0	0	0	0	0	0	0	0	0	0	0	0	0	0	0	0	0	0	0	0	0	0	0	0	0	0	0	0	0	0	0	0	0	0	0	0	0	0	0	0	0	0	0	0	0	0	0	0	0	0	0	0	0	0	0	0	0	0	0	0	0	0	0	0	0	0	0	0	0	0	0	0	0	0	0	0	0	0	0	197	63	108	174	81	138
0	0	0	0	0	0	0	0	0	0	0	0	0	0	0	0	0	0	0	0	0	0	0	0	0	0	0	0	0	0	0	0	0	0	0	0	0	0	0	0	0	0	0	0	0	0	0	0	0	0	0	0	0	0	0	0	0	0	0	0	0	0	0	0	0	0	0	0	0	0	0	0	0	0	0	0	0	0	0	0	0	0	0	0	0	0	0	0	0	0	0	0	0	0	0	0	0	0	0	0	0	0	0	0	0	0	0	0	0	0	0	0	0	0	0	0	0	0	0	0	0	0	0	58	161	201	28	153
0	0	0	0	0	0	0	0	0	0	0	0	0	0	0	0	0	0	0	0	0	0	0	0	0	0	0	0	0	0	0	0	0	0	0	0	0	0	0	0	0	0	0	0	0	0	0	0	0	0	0	0	0	0	0	0	0	0	0	0	0	0	0	0	0	0	0	0	0	0	0	0	0	0	0	0	0	0	0	0	0	0	0	0	0	0	0	0	0	0	0	0	0	0	0	0	0	0	0	0	0	0	0	0	0	0	0	0	0	0	0	0	0	0	0	0	0	0	0	0	0	0	0	0	84	178	226	77
0	0	0	0	0	0	0	0	0	0	0	0	0	0	0	0	0	0	0	0	0	0	0	0	0	0	0	0	0	0	0	0	0	0	0	0	0	0	0	0	0	0	0	0	0	0	0	0	0	0	0	0	0	0	0	0	0	0	0	0	0	0	0	0	0	0	0	0	0	0	0	0	0	0	0	0	0	0	0	0	0	0	0	0	0	0	0	0	0	0	0	0	0	0	0	0	0	0	0	0	0	0	0	0	0	0	0	0	0	0	0	0	0	0	0	0	0	0	0	0	0	0	0	0	0	94	122	49
0	0	0	0	0	0	0	0	0	0	0	0	0	0	0	0	0	0	0	0	0	0	0	0	0	0	0	0	0	0	0	0	0	0	0	0	0	0	0	0	0	0	0	0	0	0	0	0	0	0	0	0	0	0	0	0	0	0	0	0	0	0	0	0	0	0	0	0	0	0	0	0	0	0	0	0	0	0	0	0	0	0	0	0	0	0	0	0	0	0	0	0	0	0	0	0	0	0	0	0	0	0	0	0	0	0	0	0	0	0	0	0	0	0	0	0	0	0	0	0	0	0	0	0	0	0	138	166
0	0	0	0	0	0	0	0	0	0	0	0	0	0	0	0	0	0	0	0	0	0	0	0	0	0	0	0	0	0	0	0	0	0	0	0	0	0	0	0	0	0	0	0	0	0	0	0	0	0	0	0	0	0	0	0	0	0	0	0	0	0	0	0	0	0	0	0	0	0	0	0	0	0	0	0	0	0	0	0	0	0	0	0	0	0	0	0	0	0	0	0	0	0	0	0	0	0	0	0	0	0	0	0	0	0	0	0	0	0	0	0	0	0	0	0	0	0	0	0	0	0	0	0	0	0	0	163
0	0	0	0	0	0	0	0	0	0	0	0	0	0	0	0	0	0	0	0	0	0	0	0	0	0	0	0	0	0	0	0	0	0	0	0	0	0	0	0	0	0	0	0	0	0	0	0	0	0	0	0	0	0	0	0	0	0	0	0	0	0	0	0	0	0	0	0	0	0	0	0	0	0	0	0	0	0	0	0	0	0	0	0	0	0	0	0	0	0	0	0	0	0	0	0	0	0	0	0	0	0	0	0	0	0	0	0	0	0	0	0	0	0	0	0	0	0	0	0	0	0	0	0	0	0	0	0