0	26	9	10	63	108	104	2	120	3	112	107	89	48	65	61	85	2	113	68	44	20	72	64	67	40	81	100	53	105	36	8	72	100	101	116	9	70	59	23	53	15	47	102	32	43	25	93	108	129	87	96	81	48	100	52	74	11	44	52	116	54	60	17	28	14	46	109	24	56	16	20	100	83	77	120	128	67	77	24	2	11	74	34	71	9	4	25	25	96	28	57	34	44	64	21	6	127	51	56	125	66	28	122	116	87	77	6	59	54	68	126	95	102	21	7	73	116	50	79	124	110	6	26	41	127	109	114
0	0	44	123	45	94	98	95	74	85	120	35	93	84	52	22	59	33	89	52	117	52	59	10	52	129	62	5	21	93	97	127	95	99	106	29	123	51	85	14	27	24	62	31	83	81	93	6	23	47	106	103	52	82	12	12	53	89	68	64	23	130	80	50	111	74	114	4	103	15	75	101	118	12	31	91	77	38	116	22	24	6	9	83	128	90	74	24	45	94	50	50	12	112	83	46	40	12	55	127	105	7	9	31	4	41	91	104	29	91	80	85	15	86	94	73	81	39	49	127	20	109	107	7	115	50	39	92
0	0	0	91	114	122	76	40	22	15	87	25	10	14	77	7	59	14	99	47	70	11	17	103	23	6	110	76	49	26	39	59	54	7	20	36	26	37	47	121	126	10	75	4	102	103	48	77	12	88	80	125	58	104	105	115	32	52	105	64	115	29	10	55	128	46	63	87	51	4	125	62	35	56	122	20	121	104	60	74	39	22	31	127	125	68	15	54	97	9	30	42	35	17	42	22	114	128	129	91	99	9	78	80	112	80	42	42	85	87	104	46	40	100	57	119	35	10	80	110	105	123	100	93	127	113	43	89
0	0	0	0	105	56	80	50	30	81	45	6	119	47	98	86	36	76	97	62	26	52	89	52	81	113	125	79	55	125	15	82	55	6	5	70	96	60	87	84	43	20	125	5	94	67	51	29	99	104	98	99	53	68	127	8	22	99	129	25	15	39	89	70	120	2	42	106	70	114	33	82	31	75	76	126	69	89	109	47	31	76	48	75	34	54	108	94	84	14	15	63	39	60	40	108	130	113	24	49	105	74	130	65	96	11	22	40	21	59	126	32	47	9	13	4	56	31	62	100	4	12	44	93	21	64	38	19
0	0	0	0	0	44	25	64	76	29	55	121	76	10	111	120	97	8	14	10	36	124	81	57	53	90	69	36	21	112	95	110	117	86	28	88	6	58	122	12	66	36	128	29	14	76	6	104	8	15	50	123	80	109	11	124	23	2	7	18	8	55	5	93	129	63	61	115	69	111	27	46	59	59	66	3	82	22	42	108	112	71	110	34	72	57	100	14	105	97	125	102	124	12	13	76	12	83	14	86	24	100	113	123	125	101	126	49	70	8	95	60	101	105	11	118	61	12	75	107	87	39	118	9	122	32	44	5
0	0	0	0	0	0	97	111	86	120	12	83	112	71	112	102	119	105	30	26	87	15	7	113	44	83	109	79	74	11	108	62	55	93	40	66	11	51	53	48	112	106	41	29	70	103	4	92	117	110	25	116	10	54	41	111	105	15	51	35	88	63	18	103	40	84	52	115	132	18	117	111	20	84	59	65	41	118	87	5	31	22	19	10	131	25	83	111	102	113	47	121	131	87	102	121	100	31	21	10	26	48	18	90	67	27	124	129	9	128	100	30	78	43	37	101	69	109	54	97	13	107	103	118	55	70	39	129
0	0	0	0	0	0	0	87	127	122	8	30	128	67	25	18	91	70	117	106	83	17	75	123	70	96	33	53	126	71	87	93	17	64	94	86	83	105	30	62	86	133	109	104	52	57	80	103	108	40	28	46	125	51	28	85	112	132	70	109	56	37	71	118	106	58	46	64	17	92	84	104	2	56	92	28	25	89	12	109	127	4	20	67	73	121	90	42	95	38	105	101	85	67	46	99	101	30	89	21	17	20	37	130	93	58	112	113	50	20	115	43	25	41	26	117	57	40	39	79	74	131	94	48	67	35	123	26
0	0	0	0	0	0	0	0	53	61	41	96	11	17	9	130	38	134	79	15	11	70	63	36	62	74	21	61	78	106	95	121	110	36	94	53	118	25	11	10	51	93	89	87	99	49	114	40	4	109	132	123	53	6	89	96	51	55	11	129	61	39	31	39	68	12	84	110	124	68	25	104	110	49	33	14	75	45	97	106	61	14	53	30	113	10	74	24	62	67	96	5	98	8	35	127	125	10	72	61	91	26	29	48	59	88	101	88	25	58	106	130	48	90	128	19	40	94	52	46	38	112	39	49	32	107	118	7
0	0	0	0	0	0	0	0	0	23	5	102	92	17	45	61	111	18	86	91	27	76	90	48	110	43	99	82	74	119	72	122	48	4	37	77	31	103	74	67	21	4	84	35	70	38	85	112	121	16	102	37	94	64	20	76	118	128	11	25	65	63	58	80	56	126	4	17	113	23	26	124	134	97	50	44	65	40	62	29	53	75	80	77	25	14	110	47	42	67	129	10	112	134	103	49	87	121	80	40	53	120	118	91	80	102	63	94	106	80	57	68	92	79	94	55	113	42	122	22	127	54	97	78	26	120	77	107
0	0	0	0	0	0	0	0	0	0	111	12	50	72	65	89	33	9	75	32	19	109	104	56	25	14	34	85	117	15	44	34	57	68	77	35	12	42	13	119	78	114	79	19	85	80	59	44	107	100	81	11	14	106	20	48	88	130	136	30	78	30	78	84	60	31	53	103	30	49	59	69	11	117	79	9	45	75	17	85	90	73	79	132	101	111	87	66	77	29	73	75	24	72	44	47	99	18	109	68	52	118	47	45	87	71	38	60	67	46	76	122	31	25	128	95	81	84	25	6	30	36	100	122	64	105	9	121
0	0	0	0	0	0	0	0	0	0	0	52	68	116	80	35	103	116	11	73	115	118	23	61	98	21	96	6	125	73	30	39	66	60	20	59	64	124	15	69	59	65	77	80	35	101	130	10	65	51	30	20	91	38	73	70	44	68	112	111	127	71	109	37	55	51	30	8	60	93	117	17	86	85	119	78	91	68	103	123	128	89	98	66	98	133	68	128	40	46	103	98	81	36	66	62	117	29	120	139	26	100	97	129	48	114	91	76	66	117	96	105	128	89	90	54	96	9	77	125	90	61	112	55	47	130	131	36
0	0	0	0	0	0	0	0	0	0	0	0	41	73	28	60	110	34	63	96	116	128	47	129	63	124	131	104	20	71	16	72	109	14	30	135	7	60	107	119	117	31	36	23	63	84	79	39	35	125	95	74	36	112	42	132	81	120	93	134	100	104	133	105	70	78	16	32	15	61	46	41	37	64	86	99	6	120	78	85	33	7	131	23	120	87	31	26	33	33	87	10	123	113	26	73	89	68	91	72	87	110	79	85	48	45	48	14	56	118	112	118	29	124	86	49	133	13	99	83	88	27	101	72	50	101	69	43
0	0	0	0	0	0	0	0	0	0	0	0	0	67	65	23	121	90	5	73	39	22	93	56	67	109	24	102	124	51	64	55	112	68	60	12	97	72	81	21	59	107	107	77	137	20	126	127	93	114	113	61	112	19	16	38	5	87	94	93	61	128	42	66	89	25	75	25	63	130	74	124	93	103	112	56	16	107	100	27	56	78	58	32	64	46	47	45	84	48	92	85	39	51	113	79	113	87	11	103	80	70	28	81	33	13	51	78	82	54	128	37	127	97	40	101	122	87	95	70	137	102	106	50	50	112	35	115
0	0	0	0	0	0	0	0	0	0	0	0	0	0	59	106	28	124	25	43	122	26	46	24	89	89	51	51	109	52	130	132	120	62	72	55	60	51	33	64	44	40	14	120	39	84	59	90	99	55	20	137	45	84	89	111	107	84	32	21	35	110	38	35	119	119	44	103	15	14	54	42	61	22	78	46	76	112	49	86	117	17	125	101	76	54	85	61	127	110	49	89	117	18	30	121	48	11	37	32	38	115	66	77	42	95	60	137	108	15	68	90	10	93	37	77	14	53	26	121	123	44	76	39	95	71	31	71
0	0	0	0	0	0	0	0	0	0	0	0	0	0	0	83	30	115	14	89	83	17	77	127	48	52	46	126	24	116	7	125	38	90	66	30	75	30	25	82	54	34	48	40	76	87	63	122	93	63	49	24	65	27	66	81	18	88	115	61	128	118	90	93	116	34	28	42	104	49	69	52	35	40	83	133	14	66	128	85	31	123	45	68	121	22	110	124	74	122	48	122	128	34	136	129	44	118	106	19	104	93	35	67	29	86	103	23	42	91	75	121	38	4	112	58	13	108	110	107	11	136	36	20	129	38	10	90
0	0	0	0	0	0	0	0	0	0	0	0	0	0	0	0	101	84	97	20	47	25	40	93	108	65	98	76	105	10	68	54	91	130	78	31	27	72	79	22	82	128	104	63	102	37	77	46	49	31	48	60	51	55	28	114	82	80	26	16	131	123	138	73	67	67	128	97	44	126	71	58	131	67	23	49	78	57	29	8	72	81	63	89	71	97	24	46	80	84	66	124	61	128	40	138	39	107	47	121	81	50	29	90	75	41	95	112	115	17	45	80	36	131	60	127	82	126	106	107	54	136	123	93	46	70	66	68
0	0	0	0	0	0	0	0	0	0	0	0	0	0	0	0	0	65	111	37	135	18	131	80	95	130	55	25	141	14	98	37	69	53	107	71	107	111	110	8	129	117	102	99	45	95	131	90	55	31	92	18	109	100	64	129	33	102	131	9	27	23	67	55	18	38	109	81	21	130	74	64	103	19	35	60	132	113	74	86	52	90	73	135	38	71	85	134	85	61	27	61	138	47	19	101	30	113	76	98	73	117	40	81	25	13	6	125	36	101	115	8	38	100	24	62	23	57	40	66	64	103	52	22	40	85	55	28
0	0	0	0	0	0	0	0	0	0	0	0	0	0	0	0	0	0	35	12	50	73	55	8	117	51	96	44	36	92	23	38	85	138	42	56	38	16	127	90	143	22	108	62	23	79	64	72	113	13	35	30	55	6	39	93	58	27	45	85	34	89	45	44	55	53	121	53	83	126	47	32	89	81	103	105	32	30	53	27	85	5	136	115	125	120	89	54	142	44	39	14	33	64	66	130	25	124	86	53	20	93	134	142	36	65	85	86	20	67	15	125	125	127	74	124	36	95	37	18	129	106	131	22	72	18	17	41
0	0	0	0	0	0	0	0	0	0	0	0	0	0	0	0	0	0	0	27	14	57	127	7	33	36	33	125	75	9	27	42	96	85	40	20	78	53	33	110	42	122	110	123	135	56	26	33	35	98	140	103	17	34	71	72	98	47	28	55	129	34	105	88	25	125	121	96	117	136	53	113	115	92	82	27	22	81	73	60	56	51	38	78	89	50	28	45	21	50	18	25	117	37	11	50	6	28	84	111	125	130	30	71	36	118	129	49	74	50	37	132	96	40	123	80	119	18	5	31	41	22	42	98	37	57	114	92
0	0	0	0	0	0	0	0	0	0	0	0	0	0	0	0	0	0	0	0	60	94	50	23	131	88	50	26	138	118	125	27	67	112	41	108	19	44	39	95	56	116	82	21	59	28	138	99	93	52	110	31	20	59	104	28	37	107	104	20	34	120	101	110	39	16	100	113	78	33	14	78	41	144	22	29	140	72	80	80	60	56	108	88	46	124	51	57	28	130	96	14	104	24	17	117	21	24	74	137	62	93	128	34	40	136	51	22	68	125	130	34	117	52	69	138	125	129	78	130	97	92	91	22	115	92	63	80
0	0	0	0	0	0	0	0	0	0	0	0	0	0	0	0	0	0	0	0	0	106	72	91	32	121	105	111	18	96	23	102	96	54	57	11	20	86	15	137	86	127	80	42	15	30	80	97	47	124	94	143	76	33	82	102	15	83	81	95	102	94	22	110	42	115	94	142	109	74	15	27	51	85	18	92	82	61	34	104	129	89	42	91	27	20	76	127	31	111	38	128	91	16	80	110	135	120	86	73	28	79	72	61	27	57	120	59	51	124	35	32	24	102	101	54	53	34	38	79	95	96	84	66	75	134	102	100
0	0	0	0	0	0	0	0	0	0	0	0	0	0	0	0	0	0	0	0	0	0	130	41	13	62	49	28	87	19	129	33	74	26	3	33	76	54	112	125	36	94	134	111	56	90	47	125	119	33	64	75	21	118	122	73	47	78	48	20	65	35	23	109	91	40	47	68	67	7	102	72	57	64	106	74	44	57	137	137	48	52	51	54	48	65	57	124	37	25	88	116	95	91	19	29	70	94	72	134	100	121	107	53	76	24	41	131	117	86	61	52	53	95	78	91	92	25	107	83	101	64	137	57	105	93	119	53
0	0	0	0	0	0	0	0	0	0	0	0	0	0	0	0	0	0	0	0	0	0	0	99	108	74	88	150	127	60	110	133	124	45	27	138	109	89	86	96	41	30	121	8	59	119	39	134	101	143	23	96	45	13	44	79	124	29	126	89	143	55	114	120	81	101	41	36	45	48	31	91	33	53	34	75	110	91	38	101	128	76	125	12	15	37	24	107	120	128	44	28	128	132	120	113	107	64	128	67	118	63	20	23	133	112	33	122	110	100	91	87	97	140	47	94	96	143	113	127	104	135	84	139	41	113	42	21
0	0	0	0	0	0	0	0	0	0	0	0	0	0	0	0	0	0	0	0	0	0	0	0	104	48	98	138	70	51	55	103	30	57	56	81	53	50	146	122	45	66	8	39	71	120	118	31	29	30	28	121	91	48	74	88	60	8	86	86	17	115	28	119	47	25	31	100	12	118	125	80	148	19	75	141	90	91	25	63	88	131	112	77	53	100	137	12	23	131	44	68	63	84	100	85	20	12	115	29	29	35	35	127	107	14	60	128	28	58	17	59	72	82	32	90	38	15	113	60	77	133	67	79	59	12	27	64
0	0	0	0	0	0	0	0	0	0	0	0	0	0	0	0	0	0	0	0	0	0	0	0	0	118	120	37	135	114	69	100	79	53	127	55	85	119	119	59	38	53	56	22	100	144	60	21	119	21	141	47	31	118	136	141	31	64	93	118	45	58	137	74	139	42	42	18	61	101	114	23	114	128	124	122	85	56	21	144	71	17	38	114	26	73	41	65	38	128	74	57	29	42	75	142	27	113	72	72	115	118	140	85	25	100	124	81	138	88	64	25	74	74	76	130	98	8	117	93	82	25	26	37	81	65	125	114
0	0	0	0	0	0	0	0	0	0	0	0	0	0	0	0	0	0	0	0	0	0	0	0	0	0	38	3	43	43	49	24	78	133	110	16	62	94	132	27	68	64	44	88	121	46	102	127	102	108	44	25	138	71	117	130	132	25	70	129	98	32	30	133	70	29	20	50	87	68	92	89	64	110	135	123	112	121	66	37	98	51	48	86	115	112	6	49	61	90	78	144	95	28	71	78	80	97	40	93	75	42	40	80	33	41	51	131	73	28	45	67	20	86	102	130	51	113	63	38	47	66	32	29	125	119	92	85
0	0	0	0	0	0	0	0	0	0	0	0	0	0	0	0	0	0	0	0	0	0	0	0	0	0	0	98	28	53	87	115	100	24	104	40	70	54	46	48	49	110	49	38	88	78	137	96	114	68	142	60	64	72	107	70	61	50	104	21	67	109	137	142	95	27	121	103	37	61	133	92	17	71	87	41	95	143	114	97	119	100	104	85	33	47	126	69	28	130	87	93	71	142	61	51	31	70	105	140	111	122	60	96	110	111	44	126	124	89	104	101	92	104	105	100	67	132	35	117	28	102	74	107	144	146	74	121
0	0	0	0	0	0	0	0	0	0	0	0	0	0	0	0	0	0	0	0	0	0	0	0	0	0	0	0	138	119	73	34	47	62	134	136	97	65	92	83	49	29	66	97	37	31	53	110	111	101	107	54	47	84	92	47	69	81	135	76	106	125	67	131	147	103	95	114	111	135	135	98	109	99	54	49	69	52	138	75	50	60	90	80	114	112	131	26	86	90	49	30	110	119	116	38	90	135	49	131	7	20	114	26	49	12	92	20	34	81	112	129	59	102	33	149	37	68	65	125	51	22	30	121	120	31	141	16
0	0	0	0	0	0	0	0	0	0	0	0	0	0	0	0	0	0	0	0	0	0	0	0	0	0	0	0	0	105	128	107	94	22	72	151	18	18	110	94	150	99	151	17	130	59	130	46	12	92	58	82	33	133	99	70	11	40	69	113	122	105	142	101	100	117	28	105	72	68	125	123	91	71	87	90	129	43	123	47	57	136	38	31	122	31	129	31	48	16	66	81	23	126	26	96	109	47	95	46	90	30	83	61	111	40	90	128	25	10	34	145	63	60	52	35	139	130	112	110	37	32	41	58	104	81	151	58
0	0	0	0	0	0	0	0	0	0	0	0	0	0	0	0	0	0	0	0	0	0	0	0	0	0	0	0	0	0	18	42	131	118	25	142	80	105	45	71	106	105	19	64	35	110	145	155	114	82	103	128	97	109	106	26	51	41	103	152	127	126	146	32	55	40	59	94	88	25	105	63	44	95	17	60	96	105	32	78	105	84	46	102	80	83	125	73	132	26	76	90	138	3	33	103	102	28	146	118	76	80	52	74	65	53	96	125	54	89	26	74	43	78	92	127	36	125	131	95	142	126	77	54	28	135	23	56
0	0	0	0	0	0	0	0	0	0	0	0	0	0	0	0	0	0	0	0	0	0	0	0	0	0	0	0	0	0	0	100	71	35	157	97	33	52	79	118	58	39	49	107	124	121	98	126	28	57	21	17	21	143	59	88	118	142	106	91	23	28	135	125	22	96	49	41	95	104	92	92	125	69	127	115	63	23	102	140	78	29	67	77	101	113	88	99	142	155	96	17	25	58	120	43	125	59	97	107	115	45	110	121	55	72	122	58	101	62	79	98	84	103	32	89	107	99	101	74	65	148	62	105	88	122	118	120
0	0	0	0	0	0	0	0	0	0	0	0	0	0	0	0	0	0	0	0	0	0	0	0	0	0	0	0	0	0	0	0	21	107	50	33	102	123	101	38	82	138	95	77	131	103	95	28	106	74	115	26	125	42	92	115	60	32	102	73	107	99	91	133	56	61	40	85	43	28	75	139	45	64	82	29	81	42	69	148	88	65	38	26	116	47	99	147	62	86	65	93	129	17	12	30	102	34	15	86	117	42	146	103	60	127	91	115	59	119	72	52	48	134	98	64	62	92	64	127	94	98	92	47	94	77	130	39
0	0	0	0	0	0	0	0	0	0	0	0	0	0	0	0	0	0	0	0	0	0	0	0	0	0	0	0	0	0	0	0	0	153	82	21	63	81	54	146	26	7	143	80	86	137	65	108	23	53	32	109	82	85	132	91	134	97	72	81	40	33	136	136	107	128	106	118	40	102	92	81	91	149	27	59	94	20	105	42	129	45	35	62	77	10	85	41	32	42	103	140	92	37	71	91	26	96	121	61	115	133	90	77	73	91	140	131	57	64	40	65	113	143	45	78	106	51	51	32	109	131	47	27	88	127	59	39
0	0	0	0	0	0	0	0	0	0	0	0	0	0	0	0	0	0	0	0	0	0	0	0	0	0	0	0	0	0	0	0	0	0	97	61	46	141	87	65	37	51	95	66	141	69	49	60	139	134	70	114	101	50	152	41	43	76	34	57	46	65	80	85	58	20	15	32	105	33	147	76	99	71	111	143	86	50	48	94	95	126	11	91	8	28	77	43	138	62	88	136	76	132	99	12	132	153	88	120	87	110	127	119	119	83	92	43	110	67	119	66	82	39	6	111	68	115	48	106	40	21	119	133	80	76	60	68
0	0	0	0	0	0	0	0	0	0	0	0	0	0	0	0	0	0	0	0	0	0	0	0	0	0	0	0	0	0	0	0	0	0	0	21	69	118	93	78	35	101	59	89	128	97	103	105	105	48	42	145	145	40	27	50	122	56	60	95	88	137	26	16	50	151	142	118	64	89	30	98	109	113	144	129	94	44	73	140	63	115	30	67	95	133	55	137	110	79	47	59	12	129	115	138	98	38	77	48	123	62	57	125	123	129	106	12	31	54	119	61	160	58	35	6	144	86	27	52	86	41	12	142	23	114	138	123
0	0	0	0	0	0	0	0	0	0	0	0	0	0	0	0	0	0	0	0	0	0	0	0	0	0	0	0	0	0	0	0	0	0	0	0	68	87	43	92	17	125	50	66	37	27	137	36	119	57	66	30	132	22	156	54	150	108	36	77	64	49	33	57	51	113	47	83	38	109	33	136	159	125	143	114	75	136	109	112	101	47	107	160	127	40	96	79	110	54	50	35	85	85	71	81	13	62	132	58	60	123	65	78	112	33	59	114	57	120	146	144	98	105	123	116	102	117	143	127	38	80	155	25	87	59	133	64
0	0	0	0	0	0	0	0	0	0	0	0	0	0	0	0	0	0	0	0	0	0	0	0	0	0	0	0	0	0	0	0	0	0	0	0	0	60	142	155	57	147	71	57	151	101	111	49	116	75	42	41	72	115	103	32	87	115	148	54	78	104	127	29	50	131	136	121	164	78	75	77	94	85	21	34	86	36	53	120	100	103	52	102	67	98	88	71	54	135	52	24	104	68	116	116	139	35	85	114	25	125	108	45	37	121	98	96	140	123	133	100	76	112	34	17	128	18	139	64	79	59	134	135	95	53	37	46
0	0	0	0	0	0	0	0	0	0	0	0	0	0	0	0	0	0	0	0	0	0	0	0	0	0	0	0	0	0	0	0	0	0	0	0	0	0	124	52	71	90	71	68	110	49	122	41	141	140	120	134	108	20	72	103	58	48	23	71	39	110	139	76	85	81	53	51	109	31	78	43	47	81	122	37	119	145	120	116	33	132	107	104	70	92	104	68	66	134	33	37	35	57	123	67	43	42	129	155	70	128	47	146	112	133	67	13	11	32	22	76	116	127	88	64	110	101	60	69	102	46	49	32	60	90	76	110
0	0	0	0	0	0	0	0	0	0	0	0	0	0	0	0	0	0	0	0	0	0	0	0	0	0	0	0	0	0	0	0	0	0	0	0	0	0	0	144	20	105	84	105	90	47	148	143	143	90	54	75	74	53	68	157	101	43	18	59	106	134	37	58	49	158	87	119	35	76	124	158	108	121	69	116	136	85	59	79	27	69	20	82	78	116	46	35	95	107	106	125	64	123	84	79	125	129	126	85	132	37	49	118	65	53	43	91	142	57	11	112	50	121	140	50	129	97	69	68	45	53	49	117	104	44	86	142
0	0	0	0	0	0	0	0	0	0	0	0	0	0	0	0	0	0	0	0	0	0	0	0	0	0	0	0	0	0	0	0	0	0	0	0	0	0	0	0	111	83	118	101	108	160	73	79	70	138	60	102	74	75	126	76	139	133	34	99	15	131	48	123	46	120	93	35	52	127	29	153	115	76	90	49	14	33	62	114	105	123	64	84	59	88	92	92	134	81	134	130	42	59	97	77	98	44	133	125	32	71	19	28	140	87	53	63	43	132	150	121	35	64	150	130	106	30	94	40	131	102	104	152	39	137	49	91
0	0	0	0	0	0	0	0	0	0	0	0	0	0	0	0	0	0	0	0	0	0	0	0	0	0	0	0	0	0	0	0	0	0	0	0	0	0	0	0	0	130	115	49	133	92	161	43	100	147	124	130	160	163	99	65	76	66	21	154	104	18	79	78	98	148	96	39	15	88	92	144	139	35	97	141	150	97	106	159	157	126	140	71	47	74	130	135	23	145	115	63	122	141	109	88	102	84	34	134	43	93	90	57	106	152	64	15	76	118	54	65	103	121	66	91	61	115	87	99	121	23	153	124	65	88	61	34
0	0	0	0	0	0	0	0	0	0	0	0	0	0	0	0	0	0	0	0	0	0	0	0	0	0	0	0	0	0	0	0	0	0	0	0	0	0	0	0	0	0	138	69	49	39	44	39	49	121	86	15	98	50	132	112	101	47	104	140	32	110	23	33	164	132	17	98	43	135	45	49	98	21	121	128	122	112	103	142	80	72	61	57	132	143	141	75	124	31	25	135	74	33	143	84	120	41	95	66	78	32	12	115	116	48	79	47	90	89	157	99	124	18	119	53	104	22	98	111	80	68	114	142	103	45	158	43
0	0	0	0	0	0	0	0	0	0	0	0	0	0	0	0	0	0	0	0	0	0	0	0	0	0	0	0	0	0	0	0	0	0	0	0	0	0	0	0	0	0	0	108	108	104	110	64	58	142	99	55	145	57	66	79	110	66	115	76	134	121	68	10	56	121	31	27	32	41	28	102	126	99	106	78	157	32	84	104	23	91	17	32	26	115	75	62	100	67	69	64	114	40	85	142	109	82	45	41	131	101	84	61	72	101	116	47	92	143	159	96	38	129	115	44	122	149	126	126	129	124	135	112	31	132	77	113
0	0	0	0	0	0	0	0	0	0	0	0	0	0	0	0	0	0	0	0	0	0	0	0	0	0	0	0	0	0	0	0	0	0	0	0	0	0	0	0	0	0	0	0	131	78	25	144	26	90	143	74	156	133	52	73	128	65	57	146	56	95	159	128	53	125	67	51	123	33	143	27	112	72	142	132	121	80	116	46	45	33	65	64	31	56	92	69	43	115	35	75	113	58	42	83	138	105	40	120	41	115	67	48	90	8	56	152	31	61	63	82	66	18	161	86	59	71	63	130	18	142	14	118	118	110	69	75
0	0	0	0	0	0	0	0	0	0	0	0	0	0	0	0	0	0	0	0	0	0	0	0	0	0	0	0	0	0	0	0	0	0	0	0	0	0	0	0	0	0	0	0	0	83	156	7	67	36	142	87	128	99	87	142	122	90	105	26	89	50	110	52	130	59	52	51	42	99	111	77	124	115	140	88	34	16	138	32	116	151	90	62	23	96	132	41	93	110	126	82	43	136	72	128	90	41	121	130	128	159	48	32	84	136	97	87	117	135	136	52	127	24	55	47	129	73	20	88	127	90	60	123	104	101	33	62
0	0	0	0	0	0	0	0	0	0	0	0	0	0	0	0	0	0	0	0	0	0	0	0	0	0	0	0	0	0	0	0	0	0	0	0	0	0	0	0	0	0	0	0	0	0	17	55	150	80	62	94	63	104	45	117	91	134	89	100	75	47	56	147	40	70	87	119	157	91	93	62	78	121	123	34	48	87	71	84	19	114	38	65	156	82	70	135	142	37	139	112	129	129	28	133	124	61	36	141	93	110	82	126	42	145	93	134	127	72	121	118	160	103	76	116	55	37	95	38	59	38	55	141	65	40	136	45
0	0	0	0	0	0	0	0	0	0	0	0	0	0	0	0	0	0	0	0	0	0	0	0	0	0	0	0	0	0	0	0	0	0	0	0	0	0	0	0	0	0	0	0	0	0	0	72	158	158	98	46	56	56	105	61	26	134	60	123	130	15	50	73	139	130	119	70	155	127	101	84	69	131	22	103	43	78	137	121	101	84	119	45	107	62	108	101	51	46	110	104	12	26	121	58	141	45	144	105	97	96	61	111	125	41	63	160	149	69	62	71	146	106	59	70	37	61	117	53	115	82	74	133	99	99	50	86
0	0	0	0	0	0	0	0	0	0	0	0	0	0	0	0	0	0	0	0	0	0	0	0	0	0	0	0	0	0	0	0	0	0	0	0	0	0	0	0	0	0	0	0	0	0	0	0	32	131	160	168	64	112	136	97	7	78	58	37	55	52	58	77	48	92	60	102	89	71	122	75	128	146	24	122	140	53	68	60	38	9	126	104	101	54	82	42	21	131	120	31	47	85	126	92	44	37	143	127	134	65	120	91	87	60	103	111	35	61	78	37	65	121	89	127	67	116	158	60	134	102	21	98	152	66	18	99
0	0	0	0	0	0	0	0	0	0	0	0	0	0	0	0	0	0	0	0	0	0	0	0	0	0	0	0	0	0	0	0	0	0	0	0	0	0	0	0	0	0	0	0	0	0	0	0	0	85	130	83	60	24	54	136	81	135	143	72	77	137	101	73	148	124	70	72	45	103	94	89	100	56	74	128	54	51	56	131	36	109	142	17	84	88	71	116	126	106	103	136	51	69	129	144	11	148	39	104	62	93	105	82	86	100	108	143	97	23	108	49	129	87	82	140	107	94	30	123	59	112	35	95	107	43	110	130
0	0	0	0	0	0	0	0	0	0	0	0	0	0	0	0	0	0	0	0	0	0	0	0	0	0	0	0	0	0	0	0	0	0	0	0	0	0	0	0	0	0	0	0	0	0	0	0	0	0	70	65	110	132	122	70	70	43	101	68	110	41	61	84	69	71	71	16	80	37	143	98	44	93	80	24	114	165	121	149	72	82	112	109	127	135	93	165	173	112	42	65	30	122	46	59	158	41	67	18	111	129	108	166	162	61	137	139	72	26	150	44	62	69	130	139	115	93	61	45	136	111	51	128	105	127	54	60
0	0	0	0	0	0	0	0	0	0	0	0	0	0	0	0	0	0	0	0	0	0	0	0	0	0	0	0	0	0	0	0	0	0	0	0	0	0	0	0	0	0	0	0	0	0	0	0	0	0	0	174	139	142	90	121	113	44	87	126	60	157	41	113	77	131	71	138	57	75	97	73	118	61	54	68	54	104	126	88	155	83	104	41	94	127	133	6	106	83	128	73	138	99	97	117	53	71	144	39	112	139	39	88	87	31	55	50	170	64	85	61	125	51	116	149	137	103	41	167	133	119	112	86	126	81	62	126
0	0	0	0	0	0	0	0	0	0	0	0	0	0	0	0	0	0	0	0	0	0	0	0	0	0	0	0	0	0	0	0	0	0	0	0	0	0	0	0	0	0	0	0	0	0	0	0	0	0	0	0	17	145	26	161	104	125	172	40	111	55	38	148	88	102	40	24	48	20	27	121	113	95	50	40	59	25	142	48	25	32	104	135	32	6	75	48	113	39	125	90	11	55	127	147	64	117	55	159	30	103	31	167	121	28	78	85	74	50	166	85	42	93	91	85	82	143	59	136	90	153	123	108	29	134	164	98
0	0	0	0	0	0	0	0	0	0	0	0	0	0	0	0	0	0	0	0	0	0	0	0	0	0	0	0	0	0	0	0	0	0	0	0	0	0	0	0	0	0	0	0	0	0	0	0	0	0	0	0	0	88	49	45	69	125	125	107	52	64	89	112	11	87	62	66	66	56	155	123	138	61	28	159	18	93	129	52	147	72	94	156	115	86	52	110	106	107	83	53	73	119	102	102	106	129	19	108	63	100	75	44	96	47	76	97	178	170	103	146	58	159	109	80	115	96	149	67	113	68	95	99	69	100	23	135
0	0	0	0	0	0	0	0	0	0	0	0	0	0	0	0	0	0	0	0	0	0	0	0	0	0	0	0	0	0	0	0	0	0	0	0	0	0	0	0	0	0	0	0	0	0	0	0	0	0	0	0	0	0	47	153	169	95	177	91	81	114	116	68	124	148	123	67	39	92	150	129	24	34	100	78	78	114	158	133	58	89	72	123	24	127	91	86	131	56	122	43	132	76	91	110	160	91	165	52	52	152	116	133	150	73	74	62	140	84	99	128	109	74	151	60	81	97	63	161	99	103	175	165	46	27	165	75
0	0	0	0	0	0	0	0	0	0	0	0	0	0	0	0	0	0	0	0	0	0	0	0	0	0	0	0	0	0	0	0	0	0	0	0	0	0	0	0	0	0	0	0	0	0	0	0	0	0	0	0	0	0	0	145	148	41	49	84	41	70	83	130	165	116	95	127	55	102	135	35	116	154	92	114	70	103	85	44	60	23	109	50	114	70	121	152	129	111	55	106	53	76	77	50	87	176	75	109	53	84	34	21	35	45	27	123	98	141	58	13	129	93	117	43	147	142	116	90	13	104	94	152	158	54	74	127
0	0	0	0	0	0	0	0	0	0	0	0	0	0	0	0	0	0	0	0	0	0	0	0	0	0	0	0	0	0	0	0	0	0	0	0	0	0	0	0	0	0	0	0	0	0	0	0	0	0	0	0	0	0	0	0	111	162	31	157	149	66	58	104	97	124	90	152	99	145	91	87	151	37	40	27	96	152	107	87	129	53	111	129	32	31	89	145	168	69	50	80	54	98	107	100	19	62	126	109	127	35	110	109	150	70	79	55	33	97	121	142	63	44	57	76	144	125	142	37	50	83	99	123	44	117	104	55
0	0	0	0	0	0	0	0	0	0	0	0	0	0	0	0	0	0	0	0	0	0	0	0	0	0	0	0	0	0	0	0	0	0	0	0	0	0	0	0	0	0	0	0	0	0	0	0	0	0	0	0	0	0	0	0	0	47	26	66	90	66	155	127	68	140	36	55	75	80	61	81	94	129	167	99	85	105	82	142	118	10	134	95	115	77	153	65	51	155	141	89	78	125	91	105	50	99	75	86	111	133	121	35	29	65	136	80	55	144	83	123	18	47	60	153	105	105	63	77	124	57	58	91	58	122	32	134
0	0	0	0	0	0	0	0	0	0	0	0	0	0	0	0	0	0	0	0	0	0	0	0	0	0	0	0	0	0	0	0	0	0	0	0	0	0	0	0	0	0	0	0	0	0	0	0	0	0	0	0	0	0	0	0	0	0	79	113	121	78	86	88	39	100	108	67	40	130	66	126	90	44	61	85	76	75	130	123	123	101	146	119	114	131	113	86	48	133	130	148	107	125	32	138	106	124	160	182	80	54	141	56	52	48	117	31	118	180	6	67	106	27	111	129	140	82	125	67	156	95	68	82	145	57	86	34
0	0	0	0	0	0	0	0	0	0	0	0	0	0	0	0	0	0	0	0	0	0	0	0	0	0	0	0	0	0	0	0	0	0	0	0	0	0	0	0	0	0	0	0	0	0	0	0	0	0	0	0	0	0	0	0	0	0	0	63	75	66	123	156	148	124	86	87	35	122	39	68	100	144	35	24	80	176	34	68	145	65	118	82	136	161	85	122	96	34	156	50	28	95	145	114	72	100	162	49	60	115	95	162	100	66	9	48	43	160	146	128	79	148	121	59	128	98	140	104	154	134	121	72	60	60	53	153
0	0	0	0	0	0	0	0	0	0	0	0	0	0	0	0	0	0	0	0	0	0	0	0	0	0	0	0	0	0	0	0	0	0	0	0	0	0	0	0	0	0	0	0	0	0	0	0	0	0	0	0	0	0	0	0	0	0	0	0	172	79	61	147	126	141	128	114	92	138	61	79	16	70	109	174	137	64	144	77	96	87	119	174	80	120	119	75	79	39	150	146	154	138	113	122	82	140	96	100	35	62	70	26	66	78	86	162	35	48	68	136	43	128	20	31	109	86	80	122	74	150	61	89	173	124	56	129
0	0	0	0	0	0	0	0	0	0	0	0	0	0	0	0	0	0	0	0	0	0	0	0	0	0	0	0	0	0	0	0	0	0	0	0	0	0	0	0	0	0	0	0	0	0	0	0	0	0	0	0	0	0	0	0	0	0	0	0	0	54	137	62	103	145	82	50	95	85	141	161	177	165	94	143	43	75	29	41	36	31	87	141	88	137	92	127	132	100	89	97	76	52	95	74	70	129	87	95	106	74	155	126	96	134	81	149	115	117	68	122	67	80	136	79	79	90	6	124	152	72	44	51	95	103	143	159
0	0	0	0	0	0	0	0	0	0	0	0	0	0	0	0	0	0	0	0	0	0	0	0	0	0	0	0	0	0	0	0	0	0	0	0	0	0	0	0	0	0	0	0	0	0	0	0	0	0	0	0	0	0	0	0	0	0	0	0	0	0	109	127	46	152	58	115	123	95	99	61	32	160	43	56	38	163	91	150	94	113	32	87	43	77	122	107	96	168	174	68	88	71	172	81	72	129	58	65	42	111	104	89	114	36	29	127	120	81	129	136	88	59	108	37	131	94	143	23	154	74	161	101	45	153	30	158
0	0	0	0	0	0	0	0	0	0	0	0	0	0	0	0	0	0	0	0	0	0	0	0	0	0	0	0	0	0	0	0	0	0	0	0	0	0	0	0	0	0	0	0	0	0	0	0	0	0	0	0	0	0	0	0	0	0	0	0	0	0	0	59	37	48	91	123	133	53	126	86	153	166	80	24	33	118	129	112	66	166	66	96	160	137	46	140	90	42	89	123	10	42	105	115	53	142	83	80	156	100	146	71	79	85	49	107	91	31	51	72	136	69	124	111	61	100	182	134	15	114	161	104	83	150	144	139
0	0	0	0	0	0	0	0	0	0	0	0	0	0	0	0	0	0	0	0	0	0	0	0	0	0	0	0	0	0	0	0	0	0	0	0	0	0	0	0	0	0	0	0	0	0	0	0	0	0	0	0	0	0	0	0	0	0	0	0	0	0	0	0	75	95	52	84	90	150	92	45	176	75	91	118	73	103	42	106	141	125	112	135	85	49	98	136	136	154	43	98	41	54	99	45	98	132	135	150	52	151	163	108	183	118	108	70	128	128	104	129	63	180	63	76	133	40	115	156	139	53	99	62	73	93	122	143
0	0	0	0	0	0	0	0	0	0	0	0	0	0	0	0	0	0	0	0	0	0	0	0	0	0	0	0	0	0	0	0	0	0	0	0	0	0	0	0	0	0	0	0	0	0	0	0	0	0	0	0	0	0	0	0	0	0	0	0	0	0	0	0	0	113	56	13	16	92	182	88	146	59	64	116	126	27	73	118	67	160	142	142	93	43	104	54	127	36	55	110	60	119	134	62	43	92	41	71	126	109	65	77	150	147	104	140	104	107	56	181	63	85	117	93	124	70	104	91	67	154	21	141	77	85	104	92
0	0	0	0	0	0	0	0	0	0	0	0	0	0	0	0	0	0	0	0	0	0	0	0	0	0	0	0	0	0	0	0	0	0	0	0	0	0	0	0	0	0	0	0	0	0	0	0	0	0	0	0	0	0	0	0	0	0	0	0	0	0	0	0	0	0	38	88	77	35	74	88	156	133	132	105	39	79	144	102	184	65	105	24	94	72	94	47	70	100	63	117	128	53	99	142	161	134	53	127	34	67	158	31	82	117	99	82	176	116	74	105	96	63	80	63	147	129	184	90	68	142	139	47	70	52	65	116
0	0	0	0	0	0	0	0	0	0	0	0	0	0	0	0	0	0	0	0	0	0	0	0	0	0	0	0	0	0	0	0	0	0	0	0	0	0	0	0	0	0	0	0	0	0	0	0	0	0	0	0	0	0	0	0	0	0	0	0	0	0	0	0	0	0	0	108	102	63	99	124	64	115	64	87	65	42	123	70	160	37	105	103	172	77	99	144	60	89	15	6	76	135	78	82	175	80	72	83	59	86	48	24	125	31	152	129	81	149	122	150	67	145	96	86	97	83	94	155	82	50	137	70	103	93	123	131
0	0	0	0	0	0	0	0	0	0	0	0	0	0	0	0	0	0	0	0	0	0	0	0	0	0	0	0	0	0	0	0	0	0	0	0	0	0	0	0	0	0	0	0	0	0	0	0	0	0	0	0	0	0	0	0	0	0	0	0	0	0	0	0	0	0	0	0	112	58	131	106	117	120	85	102	97	86	47	40	128	136	168	111	123	160	163	90	76	138	121	78	150	79	65	156	96	116	62	63	73	90	138	130	62	44	67	116	30	33	186	139	28	109	119	61	54	152	58	84	79	65	5	81	104	68	90	129
0	0	0	0	0	0	0	0	0	0	0	0	0	0	0	0	0	0	0	0	0	0	0	0	0	0	0	0	0	0	0	0	0	0	0	0	0	0	0	0	0	0	0	0	0	0	0	0	0	0	0	0	0	0	0	0	0	0	0	0	0	0	0	0	0	0	0	0	0	97	138	160	70	134	66	55	73	53	38	108	139	99	29	125	40	49	102	66	102	154	99	113	139	141	161	130	27	133	160	168	21	163	154	72	23	141	25	162	136	150	20	144	105	140	96	87	111	167	101	134	99	140	84	178	35	122	55	103
0	0	0	0	0	0	0	0	0	0	0	0	0	0	0	0	0	0	0	0	0	0	0	0	0	0	0	0	0	0	0	0	0	0	0	0	0	0	0	0	0	0	0	0	0	0	0	0	0	0	0	0	0	0	0	0	0	0	0	0	0	0	0	0	0	0	0	0	0	0	172	115	96	83	91	42	106	117	60	66	11	123	147	169	179	106	52	65	80	111	51	185	105	173	99	21	116	100	82	13	137	30	79	121	76	62	62	124	100	74	93	22	161	163	138	110	10	124	121	56	96	118	31	105	94	81	81	73
0	0	0	0	0	0	0	0	0	0	0	0	0	0	0	0	0	0	0	0	0	0	0	0	0	0	0	0	0	0	0	0	0	0	0	0	0	0	0	0	0	0	0	0	0	0	0	0	0	0	0	0	0	0	0	0	0	0	0	0	0	0	0	0	0	0	0	0	0	0	0	43	124	128	173	111	90	64	87	104	133	95	95	50	126	112	159	116	186	84	168	84	118	80	19	41	91	108	79	97	62	127	109	58	100	136	70	66	60	144	177	72	81	140	98	175	103	110	138	33	132	127	92	72	111	168	156	85
0	0	0	0	0	0	0	0	0	0	0	0	0	0	0	0	0	0	0	0	0	0	0	0	0	0	0	0	0	0	0	0	0	0	0	0	0	0	0	0	0	0	0	0	0	0	0	0	0	0	0	0	0	0	0	0	0	0	0	0	0	0	0	0	0	0	0	0	0	0	0	0	130	100	101	165	153	14	63	83	50	103	130	109	114	133	78	165	135	19	99	90	90	132	139	15	82	69	26	176	122	170	95	63	63	63	123	108	98	51	156	52	150	155	34	121	121	53	128	76	38	158	55	69	142	143	56	185
0	0	0	0	0	0	0	0	0	0	0	0	0	0	0	0	0	0	0	0	0	0	0	0	0	0	0	0	0	0	0	0	0	0	0	0	0	0	0	0	0	0	0	0	0	0	0	0	0	0	0	0	0	0	0	0	0	0	0	0	0	0	0	0	0	0	0	0	0	0	0	0	0	63	108	45	118	17	123	128	97	114	107	129	57	128	86	98	79	183	71	101	159	80	115	75	133	70	101	81	40	100	72	84	171	165	149	72	46	84	148	120	197	109	102	108	107	25	61	30	193	168	185	117	120	55	140	166
0	0	0	0	0	0	0	0	0	0	0	0	0	0	0	0	0	0	0	0	0	0	0	0	0	0	0	0	0	0	0	0	0	0	0	0	0	0	0	0	0	0	0	0	0	0	0	0	0	0	0	0	0	0	0	0	0	0	0	0	0	0	0	0	0	0	0	0	0	0	0	0	0	0	106	134	41	115	29	73	134	36	129	49	59	115	138	96	79	77	19	165	98	112	140	151	140	102	45	33	85	133	77	53	88	162	171	121	8	52	21	74	87	123	76	21	112	146	104	40	58	145	70	86	82	139	93	126
0	0	0	0	0	0	0	0	0	0	0	0	0	0	0	0	0	0	0	0	0	0	0	0	0	0	0	0	0	0	0	0	0	0	0	0	0	0	0	0	0	0	0	0	0	0	0	0	0	0	0	0	0	0	0	0	0	0	0	0	0	0	0	0	0	0	0	0	0	0	0	0	0	0	0	131	114	83	102	111	85	127	100	129	160	118	111	164	181	113	21	137	155	37	138	143	161	20	167	59	148	140	128	49	101	136	77	119	116	65	91	151	90	17	58	122	83	37	44	151	87	161	65	98	32	179	115	50
0	0	0	0	0	0	0	0	0	0	0	0	0	0	0	0	0	0	0	0	0	0	0	0	0	0	0	0	0	0	0	0	0	0	0	0	0	0	0	0	0	0	0	0	0	0	0	0	0	0	0	0	0	0	0	0	0	0	0	0	0	0	0	0	0	0	0	0	0	0	0	0	0	0	0	0	84	82	152	162	83	31	43	34	159	141	90	66	97	112	91	126	157	152	145	149	81	192	37	109	130	192	58	30	144	57	192	85	81	172	114	129	35	58	139	124	104	41	177	174	150	69	112	137	103	162	131	155
0	0	0	0	0	0	0	0	0	0	0	0	0	0	0	0	0	0	0	0	0	0	0	0	0	0	0	0	0	0	0	0	0	0	0	0	0	0	0	0	0	0	0	0	0	0	0	0	0	0	0	0	0	0	0	0	0	0	0	0	0	0	0	0	0	0	0	0	0	0	0	0	0	0	0	0	0	62	31	119	161	39	133	112	79	125	34	80	80	62	169	114	61	132	64	132	81	91	58	84	102	126	134	126	170	38	77	88	94	80	66	68	108	96	163	110	92	152	169	142	101	162	160	88	142	50	140	135
0	0	0	0	0	0	0	0	0	0	0	0	0	0	0	0	0	0	0	0	0	0	0	0	0	0	0	0	0	0	0	0	0	0	0	0	0	0	0	0	0	0	0	0	0	0	0	0	0	0	0	0	0	0	0	0	0	0	0	0	0	0	0	0	0	0	0	0	0	0	0	0	0	0	0	0	0	0	103	141	125	109	43	117	135	101	98	146	167	115	89	130	79	125	38	104	163	55	42	83	115	138	66	138	161	45	57	103	74	88	77	80	87	161	103	61	32	142	163	87	40	123	66	58	80	116	56	24
0	0	0	0	0	0	0	0	0	0	0	0	0	0	0	0	0	0	0	0	0	0	0	0	0	0	0	0	0	0	0	0	0	0	0	0	0	0	0	0	0	0	0	0	0	0	0	0	0	0	0	0	0	0	0	0	0	0	0	0	0	0	0	0	0	0	0	0	0	0	0	0	0	0	0	0	0	0	0	117	111	158	67	107	26	147	148	152	141	173	24	153	135	102	49	148	26	164	131	75	129	123	75	169	26	70	27	77	190	142	91	164	97	143	33	142	163	203	127	70	126	170	89	21	90	176	127	147
0	0	0	0	0	0	0	0	0	0	0	0	0	0	0	0	0	0	0	0	0	0	0	0	0	0	0	0	0	0	0	0	0	0	0	0	0	0	0	0	0	0	0	0	0	0	0	0	0	0	0	0	0	0	0	0	0	0	0	0	0	0	0	0	0	0	0	0	0	0	0	0	0	0	0	0	0	0	0	0	29	55	23	124	139	68	137	76	78	108	115	139	112	66	109	123	162	182	130	28	145	72	100	121	100	169	149	143	104	72	29	187	120	90	115	50	79	61	13	49	109	102	9	133	99	119	137	153
0	0	0	0	0	0	0	0	0	0	0	0	0	0	0	0	0	0	0	0	0	0	0	0	0	0	0	0	0	0	0	0	0	0	0	0	0	0	0	0	0	0	0	0	0	0	0	0	0	0	0	0	0	0	0	0	0	0	0	0	0	0	0	0	0	0	0	0	0	0	0	0	0	0	0	0	0	0	0	0	0	160	51	171	84	92	89	149	109	162	126	107	67	187	65	86	152	39	96	39	87	33	46	102	80	195	62	127	156	119	164	74	53	142	68	73	118	118	41	96	179	83	117	139	139	106	147	92
0	0	0	0	0	0	0	0	0	0	0	0	0	0	0	0	0	0	0	0	0	0	0	0	0	0	0	0	0	0	0	0	0	0	0	0	0	0	0	0	0	0	0	0	0	0	0	0	0	0	0	0	0	0	0	0	0	0	0	0	0	0	0	0	0	0	0	0	0	0	0	0	0	0	0	0	0	0	0	0	0	0	66	42	112	74	182	61	61	92	136	130	114	177	155	132	92	83	66	154	35	114	43	94	99	130	68	66	200	50	161	144	156	170	144	76	73	105	72	114	61	67	98	36	48	189	90	127
0	0	0	0	0	0	0	0	0	0	0	0	0	0	0	0	0	0	0	0	0	0	0	0	0	0	0	0	0	0	0	0	0	0	0	0	0	0	0	0	0	0	0	0	0	0	0	0	0	0	0	0	0	0	0	0	0	0	0	0	0	0	0	0	0	0	0	0	0	0	0	0	0	0	0	0	0	0	0	0	0	0	0	146	77	131	112	102	20	124	19	136	68	176	125	40	74	17	98	147	56	139	72	84	132	54	119	61	129	41	163	136	82	117	24	84	116	124	129	152	116	56	45	158	99	91	62	123
0	0	0	0	0	0	0	0	0	0	0	0	0	0	0	0	0	0	0	0	0	0	0	0	0	0	0	0	0	0	0	0	0	0	0	0	0	0	0	0	0	0	0	0	0	0	0	0	0	0	0	0	0	0	0	0	0	0	0	0	0	0	0	0	0	0	0	0	0	0	0	0	0	0	0	0	0	0	0	0	0	0	0	0	155	55	124	171	71	127	144	114	95	116	83	163	131	125	45	136	178	103	75	85	174	135	131	150	138	113	72	71	203	18	87	38	51	157	72	45	127	123	11	99	89	13	118	84
0	0	0	0	0	0	0	0	0	0	0	0	0	0	0	0	0	0	0	0	0	0	0	0	0	0	0	0	0	0	0	0	0	0	0	0	0	0	0	0	0	0	0	0	0	0	0	0	0	0	0	0	0	0	0	0	0	0	0	0	0	0	0	0	0	0	0	0	0	0	0	0	0	0	0	0	0	0	0	0	0	0	0	0	0	87	38	157	156	131	51	74	121	143	73	134	145	116	6	140	81	127	74	82	22	84	97	180	109	161	166	84	159	108	96	114	103	98	78	100	174	89	81	124	97	52	113	95
0	0	0	0	0	0	0	0	0	0	0	0	0	0	0	0	0	0	0	0	0	0	0	0	0	0	0	0	0	0	0	0	0	0	0	0	0	0	0	0	0	0	0	0	0	0	0	0	0	0	0	0	0	0	0	0	0	0	0	0	0	0	0	0	0	0	0	0	0	0	0	0	0	0	0	0	0	0	0	0	0	0	0	0	0	0	105	103	48	155	128	169	66	87	111	106	117	127	99	100	72	183	157	94	116	123	145	134	66	149	60	67	159	206	102	59	127	99	166	66	109	84	124	173	106	93	134	99
0	0	0	0	0	0	0	0	0	0	0	0	0	0	0	0	0	0	0	0	0	0	0	0	0	0	0	0	0	0	0	0	0	0	0	0	0	0	0	0	0	0	0	0	0	0	0	0	0	0	0	0	0	0	0	0	0	0	0	0	0	0	0	0	0	0	0	0	0	0	0	0	0	0	0	0	0	0	0	0	0	0	0	0	0	0	0	156	128	32	68	29	171	194	95	164	128	69	125	101	73	86	186	84	141	79	109	156	172	87	118	115	59	79	76	106	183	104	150	205	137	40	68	47	30	59	165	177
0	0	0	0	0	0	0	0	0	0	0	0	0	0	0	0	0	0	0	0	0	0	0	0	0	0	0	0	0	0	0	0	0	0	0	0	0	0	0	0	0	0	0	0	0	0	0	0	0	0	0	0	0	0	0	0	0	0	0	0	0	0	0	0	0	0	0	0	0	0	0	0	0	0	0	0	0	0	0	0	0	0	0	0	0	0	0	0	104	76	181	60	40	114	152	77	205	142	75	13	111	116	22	112	116	121	110	145	138	192	141	111	176	116	149	92	91	162	164	103	169	66	9	157	126	143	135	134
0	0	0	0	0	0	0	0	0	0	0	0	0	0	0	0	0	0	0	0	0	0	0	0	0	0	0	0	0	0	0	0	0	0	0	0	0	0	0	0	0	0	0	0	0	0	0	0	0	0	0	0	0	0	0	0	0	0	0	0	0	0	0	0	0	0	0	0	0	0	0	0	0	0	0	0	0	0	0	0	0	0	0	0	0	0	0	0	0	45	57	37	77	65	128	182	60	121	100	106	53	114	153	72	19	150	146	76	90	42	189	152	116	71	37	116	39	154	73	137	95	36	147	151	153	156	97	169
0	0	0	0	0	0	0	0	0	0	0	0	0	0	0	0	0	0	0	0	0	0	0	0	0	0	0	0	0	0	0	0	0	0	0	0	0	0	0	0	0	0	0	0	0	0	0	0	0	0	0	0	0	0	0	0	0	0	0	0	0	0	0	0	0	0	0	0	0	0	0	0	0	0	0	0	0	0	0	0	0	0	0	0	0	0	0	0	0	0	70	189	14	95	28	107	112	118	110	144	47	42	104	119	84	75	63	163	60	114	25	112	184	135	165	147	169	136	147	192	158	110	148	105	122	114	18	186
0	0	0	0	0	0	0	0	0	0	0	0	0	0	0	0	0	0	0	0	0	0	0	0	0	0	0	0	0	0	0	0	0	0	0	0	0	0	0	0	0	0	0	0	0	0	0	0	0	0	0	0	0	0	0	0	0	0	0	0	0	0	0	0	0	0	0	0	0	0	0	0	0	0	0	0	0	0	0	0	0	0	0	0	0	0	0	0	0	0	0	40	195	185	125	115	76	128	62	34	153	93	76	58	74	66	138	135	111	78	89	168	28	131	28	86	127	44	123	127	60	86	136	89	51	98	97	93
0	0	0	0	0	0	0	0	0	0	0	0	0	0	0	0	0	0	0	0	0	0	0	0	0	0	0	0	0	0	0	0	0	0	0	0	0	0	0	0	0	0	0	0	0	0	0	0	0	0	0	0	0	0	0	0	0	0	0	0	0	0	0	0	0	0	0	0	0	0	0	0	0	0	0	0	0	0	0	0	0	0	0	0	0	0	0	0	0	0	0	0	45	119	140	137	68	19	80	101	192	105	98	163	145	175	90	98	98	121	122	125	147	90	122	111	116	61	109	93	150	151	121	12	105	116	177	119
0	0	0	0	0	0	0	0	0	0	0	0	0	0	0	0	0	0	0	0	0	0	0	0	0	0	0	0	0	0	0	0	0	0	0	0	0	0	0	0	0	0	0	0	0	0	0	0	0	0	0	0	0	0	0	0	0	0	0	0	0	0	0	0	0	0	0	0	0	0	0	0	0	0	0	0	0	0	0	0	0	0	0	0	0	0	0	0	0	0	0	0	0	49	93	26	162	78	107	68	103	124	31	73	131	160	125	43	83	151	133	119	80	54	125	140	65	131	139	125	73	152	108	125	96	133	93	189
0	0	0	0	0	0	0	0	0	0	0	0	0	0	0	0	0	0	0	0	0	0	0	0	0	0	0	0	0	0	0	0	0	0	0	0	0	0	0	0	0	0	0	0	0	0	0	0	0	0	0	0	0	0	0	0	0	0	0	0	0	0	0	0	0	0	0	0	0	0	0	0	0	0	0	0	0	0	0	0	0	0	0	0	0	0	0	0	0	0	0	0	0	0	151	76	57	47	143	44	179	61	127	96	120	156	182	159	206	191	39	124	128	109	177	72	154	126	123	138	147	141	83	35	82	125	134	183
0	0	0	0	0	0	0	0	0	0	0	0	0	0	0	0	0	0	0	0	0	0	0	0	0	0	0	0	0	0	0	0	0	0	0	0	0	0	0	0	0	0	0	0	0	0	0	0	0	0	0	0	0	0	0	0	0	0	0	0	0	0	0	0	0	0	0	0	0	0	0	0	0	0	0	0	0	0	0	0	0	0	0	0	0	0	0	0	0	0	0	0	0	0	0	71	75	146	31	59	206	53	147	107	105	136	142	110	74	63	53	80	116	143	109	125	116	186	151	26	149	75	131	104	93	157	116	73
0	0	0	0	0	0	0	0	0	0	0	0	0	0	0	0	0	0	0	0	0	0	0	0	0	0	0	0	0	0	0	0	0	0	0	0	0	0	0	0	0	0	0	0	0	0	0	0	0	0	0	0	0	0	0	0	0	0	0	0	0	0	0	0	0	0	0	0	0	0	0	0	0	0	0	0	0	0	0	0	0	0	0	0	0	0	0	0	0	0	0	0	0	0	0	0	197	134	7	27	79	71	191	77	136	18	128	178	163	30	90	105	105	95	172	87	48	148	129	155	109	139	45	141	118	158	200	139
0	0	0	0	0	0	0	0	0	0	0	0	0	0	0	0	0	0	0	0	0	0	0	0	0	0	0	0	0	0	0	0	0	0	0	0	0	0	0	0	0	0	0	0	0	0	0	0	0	0	0	0	0	0	0	0	0	0	0	0	0	0	0	0	0	0	0	0	0	0	0	0	0	0	0	0	0	0	0	0	0	0	0	0	0	0	0	0	0	0	0	0	0	0	0	0	0	141	145	185	37	127	13	122	108	110	105	67	81	36	113	132	119	51	30	216	139	58	71	119	94	87	58	140	58	191	169	64
0	0	0	0	0	0	0	0	0	0	0	0	0	0	0	0	0	0	0	0	0	0	0	0	0	0	0	0	0	0	0	0	0	0	0	0	0	0	0	0	0	0	0	0	0	0	0	0	0	0	0	0	0	0	0	0	0	0	0	0	0	0	0	0	0	0	0	0	0	0	0	0	0	0	0	0	0	0	0	0	0	0	0	0	0	0	0	0	0	0	0	0	0	0	0	0	0	0	48	106	35	190	150	93	69	87	146	168	161	160	66	136	166	133	115	119	192	71	168	121	107	154	114	183	178	55	216	90
0	0	0	0	0	0	0	0	0	0	0	0	0	0	0	0	0	0	0	0	0	0	0	0	0	0	0	0	0	0	0	0	0	0	0	0	0	0	0	0	0	0	0	0	0	0	0	0	0	0	0	0	0	0	0	0	0	0	0	0	0	0	0	0	0	0	0	0	0	0	0	0	0	0	0	0	0	0	0	0	0	0	0	0	0	0	0	0	0	0	0	0	0	0	0	0	0	0	0	142	110	140	136	140	86	100	106	81	84	97	53	30	216	93	94	67	182	122	136	119	126	205	141	97	184	55	126	89
0	0	0	0	0	0	0	0	0	0	0	0	0	0	0	0	0	0	0	0	0	0	0	0	0	0	0	0	0	0	0	0	0	0	0	0	0	0	0	0	0	0	0	0	0	0	0	0	0	0	0	0	0	0	0	0	0	0	0	0	0	0	0	0	0	0	0	0	0	0	0	0	0	0	0	0	0	0	0	0	0	0	0	0	0	0	0	0	0	0	0	0	0	0	0	0	0	0	0	0	85	180	189	148	26	182	80	133	217	137	115	142	112	143	100	102	82	174	64	187	16	92	120	69	189	209	145	92
0	0	0	0	0	0	0	0	0	0	0	0	0	0	0	0	0	0	0	0	0	0	0	0	0	0	0	0	0	0	0	0	0	0	0	0	0	0	0	0	0	0	0	0	0	0	0	0	0	0	0	0	0	0	0	0	0	0	0	0	0	0	0	0	0	0	0	0	0	0	0	0	0	0	0	0	0	0	0	0	0	0	0	0	0	0	0	0	0	0	0	0	0	0	0	0	0	0	0	0	0	151	143	116	90	55	129	91	46	40	98	24	68	137	191	167	104	73	71	157	177	71	78	69	142	178	80	7
0	0	0	0	0	0	0	0	0	0	0	0	0	0	0	0	0	0	0	0	0	0	0	0	0	0	0	0	0	0	0	0	0	0	0	0	0	0	0	0	0	0	0	0	0	0	0	0	0	0	0	0	0	0	0	0	0	0	0	0	0	0	0	0	0	0	0	0	0	0	0	0	0	0	0	0	0	0	0	0	0	0	0	0	0	0	0	0	0	0	0	0	0	0	0	0	0	0	0	0	0	0	117	117	152	137	107	197	68	176	95	152	139	133	210	100	163	33	123	153	115	178	24	214	94	139	141	81
0	0	0	0	0	0	0	0	0	0	0	0	0	0	0	0	0	0	0	0	0	0	0	0	0	0	0	0	0	0	0	0	0	0	0	0	0	0	0	0	0	0	0	0	0	0	0	0	0	0	0	0	0	0	0	0	0	0	0	0	0	0	0	0	0	0	0	0	0	0	0	0	0	0	0	0	0	0	0	0	0	0	0	0	0	0	0	0	0	0	0	0	0	0	0	0	0	0	0	0	0	0	0	118	115	139	212	178	88	163	117	186	54	168	154	47	159	101	205	47	173	194	73	105	116	117	159	189
0	0	0	0	0	0	0	0	0	0	0	0	0	0	0	0	0	0	0	0	0	0	0	0	0	0	0	0	0	0	0	0	0	0	0	0	0	0	0	0	0	0	0	0	0	0	0	0	0	0	0	0	0	0	0	0	0	0	0	0	0	0	0	0	0	0	0	0	0	0	0	0	0	0	0	0	0	0	0	0	0	0	0	0	0	0	0	0	0	0	0	0	0	0	0	0	0	0	0	0	0	0	0	0	75	20	123	72	177	201	61	123	114	125	117	74	86	163	106	97	149	168	110	134	172	81	50	149
0	0	0	0	0	0	0	0	0	0	0	0	0	0	0	0	0	0	0	0	0	0	0	0	0	0	0	0	0	0	0	0	0	0	0	0	0	0	0	0	0	0	0	0	0	0	0	0	0	0	0	0	0	0	0	0	0	0	0	0	0	0	0	0	0	0	0	0	0	0	0	0	0	0	0	0	0	0	0	0	0	0	0	0	0	0	0	0	0	0	0	0	0	0	0	0	0	0	0	0	0	0	0	0	0	92	196	125	76	127	160	154	12	126	27	38	124	84	137	105	85	103	73	163	180	119	137	78
0	0	0	0	0	0	0	0	0	0	0	0	0	0	0	0	0	0	0	0	0	0	0	0	0	0	0	0	0	0	0	0	0	0	0	0	0	0	0	0	0	0	0	0	0	0	0	0	0	0	0	0	0	0	0	0	0	0	0	0	0	0	0	0	0	0	0	0	0	0	0	0	0	0	0	0	0	0	0	0	0	0	0	0	0	0	0	0	0	0	0	0	0	0	0	0	0	0	0	0	0	0	0	0	0	0	141	53	154	121	105	94	106	141	141	88	127	92	157	40	91	115	158	75	173	166	11	122
0	0	0	0	0	0	0	0	0	0	0	0	0	0	0	0	0	0	0	0	0	0	0	0	0	0	0	0	0	0	0	0	0	0	0	0	0	0	0	0	0	0	0	0	0	0	0	0	0	0	0	0	0	0	0	0	0	0	0	0	0	0	0	0	0	0	0	0	0	0	0	0	0	0	0	0	0	0	0	0	0	0	0	0	0	0	0	0	0	0	0	0	0	0	0	0	0	0	0	0	0	0	0	0	0	0	0	52	49	70	101	57	183	65	58	96	103	157	147	109	125	180	57	147	167	130	81	94
0	0	0	0	0	0	0	0	0	0	0	0	0	0	0	0	0	0	0	0	0	0	0	0	0	0	0	0	0	0	0	0	0	0	0	0	0	0	0	0	0	0	0	0	0	0	0	0	0	0	0	0	0	0	0	0	0	0	0	0	0	0	0	0	0	0	0	0	0	0	0	0	0	0	0	0	0	0	0	0	0	0	0	0	0	0	0	0	0	0	0	0	0	0	0	0	0	0	0	0	0	0	0	0	0	0	0	0	178	182	188	59	50	152	39	146	84	142	111	126	130	34	69	169	186	24	91	193
0	0	0	0	0	0	0	0	0	0	0	0	0	0	0	0	0	0	0	0	0	0	0	0	0	0	0	0	0	0	0	0	0	0	0	0	0	0	0	0	0	0	0	0	0	0	0	0	0	0	0	0	0	0	0	0	0	0	0	0	0	0	0	0	0	0	0	0	0	0	0	0	0	0	0	0	0	0	0	0	0	0	0	0	0	0	0	0	0	0	0	0	0	0	0	0	0	0	0	0	0	0	0	0	0	0	0	0	0	94	159	109	27	137	168	136	148	117	98	109	165	145	129	168	195	119	160	106
0	0	0	0	0	0	0	0	0	0	0	0	0	0	0	0	0	0	0	0	0	0	0	0	0	0	0	0	0	0	0	0	0	0	0	0	0	0	0	0	0	0	0	0	0	0	0	0	0	0	0	0	0	0	0	0	0	0	0	0	0	0	0	0	0	0	0	0	0	0	0	0	0	0	0	0	0	0	0	0	0	0	0	0	0	0	0	0	0	0	0	0	0	0	0	0	0	0	0	0	0	0	0	0	0	0	0	0	0	0	201	130	136	110	164	26	97	43	96	104	193	30	130	99	116	135	80	48
0	0	0	0	0	0	0	0	0	0	0	0	0	0	0	0	0	0	0	0	0	0	0	0	0	0	0	0	0	0	0	0	0	0	0	0	0	0	0	0	0	0	0	0	0	0	0	0	0	0	0	0	0	0	0	0	0	0	0	0	0	0	0	0	0	0	0	0	0	0	0	0	0	0	0	0	0	0	0	0	0	0	0	0	0	0	0	0	0	0	0	0	0	0	0	0	0	0	0	0	0	0	0	0	0	0	0	0	0	0	0	100	45	91	228	76	109	165	146	108	57	36	175	48	76	69	132	86
0	0	0	0	0	0	0	0	0	0	0	0	0	0	0	0	0	0	0	0	0	0	0	0	0	0	0	0	0	0	0	0	0	0	0	0	0	0	0	0	0	0	0	0	0	0	0	0	0	0	0	0	0	0	0	0	0	0	0	0	0	0	0	0	0	0	0	0	0	0	0	0	0	0	0	0	0	0	0	0	0	0	0	0	0	0	0	0	0	0	0	0	0	0	0	0	0	0	0	0	0	0	0	0	0	0	0	0	0	0	0	0	166	146	97	129	135	161	56	121	123	138	176	133	126	107	122	50
0	0	0	0	0	0	0	0	0	0	0	0	0	0	0	0	0	0	0	0	0	0	0	0	0	0	0	0	0	0	0	0	0	0	0	0	0	0	0	0	0	0	0	0	0	0	0	0	0	0	0	0	0	0	0	0	0	0	0	0	0	0	0	0	0	0	0	0	0	0	0	0	0	0	0	0	0	0	0	0	0	0	0	0	0	0	0	0	0	0	0	0	0	0	0	0	0	0	0	0	0	0	0	0	0	0	0	0	0	0	0	0	0	173	82	135	63	43	135	135	113	42	89	146	200	188	149	131
0	0	0	0	0	0	0	0	0	0	0	0	0	0	0	0	0	0	0	0	0	0	0	0	0	0	0	0	0	0	0	0	0	0	0	0	0	0	0	0	0	0	0	0	0	0	0	0	0	0	0	0	0	0	0	0	0	0	0	0	0	0	0	0	0	0	0	0	0	0	0	0	0	0	0	0	0	0	0	0	0	0	0	0	0	0	0	0	0	0	0	0	0	0	0	0	0	0	0	0	0	0	0	0	0	0	0	0	0	0	0	0	0	0	98	128	126	122	135	138	158	147	155	44	127	152	234	205
0	0	0	0	0	0	0	0	0	0	0	0	0	0	0	0	0	0	0	0	0	0	0	0	0	0	0	0	0	0	0	0	0	0	0	0	0	0	0	0	0	0	0	0	0	0	0	0	0	0	0	0	0	0	0	0	0	0	0	0	0	0	0	0	0	0	0	0	0	0	0	0	0	0	0	0	0	0	0	0	0	0	0	0	0	0	0	0	0	0	0	0	0	0	0	0	0	0	0	0	0	0	0	0	0	0	0	0	0	0	0	0	0	0	0	46	132	92	94	215	75	45	67	131	181	168	218	121
0	0	0	0	0	0	0	0	0	0	0	0	0	0	0	0	0	0	0	0	0	0	0	0	0	0	0	0	0	0	0	0	0	0	0	0	0	0	0	0	0	0	0	0	0	0	0	0	0	0	0	0	0	0	0	0	0	0	0	0	0	0	0	0	0	0	0	0	0	0	0	0	0	0	0	0	0	0	0	0	0	0	0	0	0	0	0	0	0	0	0	0	0	0	0	0	0	0	0	0	0	0	0	0	0	0	0	0	0	0	0	0	0	0	0	0	170	105	123	136	161	163	91	112	96	112	6	145
0	0	0	0	0	0	0	0	0	0	0	0	0	0	0	0	0	0	0	0	0	0	0	0	0	0	0	0	0	0	0	0	0	0	0	0	0	0	0	0	0	0	0	0	0	0	0	0	0	0	0	0	0	0	0	0	0	0	0	0	0	0	0	0	0	0	0	0	0	0	0	0	0	0	0	0	0	0	0	0	0	0	0	0	0	0	0	0	0	0	0	0	0	0	0	0	0	0	0	0	0	0	0	0	0	0	0	0	0	0	0	0	0	0	0	0	0	77	178	181	78	68	157	184	174	144	42	157
0	0	0	0	0	0	0	0	0	0	0	0	0	0	0	0	0	0	0	0	0	0	0	0	0	0	0	0	0	0	0	0	0	0	0	0	0	0	0	0	0	0	0	0	0	0	0	0	0	0	0	0	0	0	0	0	0	0	0	0	0	0	0	0	0	0	0	0	0	0	0	0	0	0	0	0	0	0	0	0	0	0	0	0	0	0	0	0	0	0	0	0	0	0	0	0	0	0	0	0	0	0	0	0	0	0	0	0	0	0	0	0	0	0	0	0	0	0	18	154	137	190	66	76	135	214	156	128
0	0	0	0	0	0	0	0	0	0	0	0	0	0	0	0	0	0	0	0	0	0	0	0	0	0	0	0	0	0	0	0	0	0	0	0	0	0	0	0	0	0	0	0	0	0	0	0	0	0	0	0	0	0	0	0	0	0	0	0	0	0	0	0	0	0	0	0	0	0	0	0	0	0	0	0	0	0	0	0	0	0	0	0	0	0	0	0	0	0	0	0	0	0	0	0	0	0	0	0	0	0	0	0	0	0	0	0	0	0	0	0	0	0	0	0	0	0	0	181	195	123	112	98	131	26	56	127
0	0	0	0	0	0	0	0	0	0	0	0	0	0	0	0	0	0	0	0	0	0	0	0	0	0	0	0	0	0	0	0	0	0	0	0	0	0	0	0	0	0	0	0	0	0	0	0	0	0	0	0	0	0	0	0	0	0	0	0	0	0	0	0	0	0	0	0	0	0	0	0	0	0	0	0	0	0	0	0	0	0	0	0	0	0	0	0	0	0	0	0	0	0	0	0	0	0	0	0	0	0	0	0	0	0	0	0	0	0	0	0	0	0	0	0	0	0	0	0	86	69	200	42	169	137	149	144
0	0	0	0	0	0	0	0	0	0	0	0	0	0	0	0	0	0	0	0	0	0	0	0	0	0	0	0	0	0	0	0	0	0	0	0	0	0	0	0	0	0	0	0	0	0	0	0	0	0	0	0	0	0	0	0	0	0	0	0	0	0	0	0	0	0	0	0	0	0	0	0	0	0	0	0	0	0	0	0	0	0	0	0	0	0	0	0	0	0	0	0	0	0	0	0	0	0	0	0	0	0	0	0	0	0	0	0	0	0	0	0	0	0	0	0	0	0	0	0	0	33	71	91	74	104	178	142
0	0	0	0	0	0	0	0	0	0	0	0	0	0	0	0	0	0	0	0	0	0	0	0	0	0	0	0	0	0	0	0	0	0	0	0	0	0	0	0	0	0	0	0	0	0	0	0	0	0	0	0	0	0	0	0	0	0	0	0	0	0	0	0	0	0	0	0	0	0	0	0	0	0	0	0	0	0	0	0	0	0	0	0	0	0	0	0	0	0	0	0	0	0	0	0	0	0	0	0	0	0	0	0	0	0	0	0	0	0	0	0	0	0	0	0	0	0	0	0	0	0	144	87	42	218	55	120
0	0	0	0	0	0	0	0	0	0	0	0	0	0	0	0	0	0	0	0	0	0	0	0	0	0	0	0	0	0	0	0	0	0	0	0	0	0	0	0	0	0	0	0	0	0	0	0	0	0	0	0	0	0	0	0	0	0	0	0	0	0	0	0	0	0	0	0	0	0	0	0	0	0	0	0	0	0	0	0	0	0	0	0	0	0	0	0	0	0	0	0	0	0	0	0	0	0	0	0	0	0	0	0	0	0	0	0	0	0	0	0	0	0	0	0	0	0	0	0	0	0	0	107	140	102	27	107
0	0	0	0	0	0	0	0	0	0	0	0	0	0	0	0	0	0	0	0	0	0	0	0	0	0	0	0	0	0	0	0	0	0	0	0	0	0	0	0	0	0	0	0	0	0	0	0	0	0	0	0	0	0	0	0	0	0	0	0	0	0	0	0	0	0	0	0	0	0	0	0	0	0	0	0	0	0	0	0	0	0	0	0	0	0	0	0	0	0	0	0	0	0	0	0	0	0	0	0	0	0	0	0	0	0	0	0	0	0	0	0	0	0	0	0	0	0	0	0	0	0	0	0	124	105	91	56
0	0	0	0	0	0	0	0	0	0	0	0	0	0	0	0	0	0	0	0	0	0	0	0	0	0	0	0	0	0	0	0	0	0	0	0	0	0	0	0	0	0	0	0	0	0	0	0	0	0	0	0	0	0	0	0	0	0	0	0	0	0	0	0	0	0	0	0	0	0	0	0	0	0	0	0	0	0	0	0	0	0	0	0	0	0	0	0	0	0	0	0	0	0	0	0	0	0	0	0	0	0	0	0	0	0	0	0	0	0	0	0	0	0	0	0	0	0	0	0	0	0	0	0	0	68	161	127
0	0	0	0	0	0	0	0	0	0	0	0	0	0	0	0	0	0	0	0	0	0	0	0	0	0	0	0	0	0	0	0	0	0	0	0	0	0	0	0	0	0	0	0	0	0	0	0	0	0	0	0	0	0	0	0	0	0	0	0	0	0	0	0	0	0	0	0	0	0	0	0	0	0	0	0	0	0	0	0	0	0	0	0	0	0	0	0	0	0	0	0	0	0	0	0	0	0	0	0	0	0	0	0	0	0	0	0	0	0	0	0	0	0	0	0	0	0	0	0	0	0	0	0	0	0	28	119
0	0	0	0	0	0	0	0	0	0	0	0	0	0	0	0	0	0	0	0	0	0	0	0	0	0	0	0	0	0	0	0	0	0	0	0	0	0	0	0	0	0	0	0	0	0	0	0	0	0	0	0	0	0	0	0	0	0	0	0	0	0	0	0	0	0	0	0	0	0	0	0	0	0	0	0	0	0	0	0	0	0	0	0	0	0	0	0	0	0	0	0	0	0	0	0	0	0	0	0	0	0	0	0	0	0	0	0	0	0	0	0	0	0	0	0	0	0	0	0	0	0	0	0	0	0	0	103
0	0	0	0	0	0	0	0	0	0	0	0	0	0	0	0	0	0	0	0	0	0	0	0	0	0	0	0	0	0	0	0	0	0	0	0	0	0	0	0	0	0	0	0	0	0	0	0	0	0	0	0	0	0	0	0	0	0	0	0	0	0	0	0	0	0	0	0	0	0	0	0	0	0	0	0	0	0	0	0	0	0	0	0	0	0	0	0	0	0	0	0	0	0	0	0	0	0	0	0	0	0	0	0	0	0	0	0	0	0	0	0	0	0	0	0	0	0	0	0	0	0	0	0	0	0	0	0