0	62	29	34	84	115	85	75	50	116	97	93	83	16	46	124	23	122	83	95	97	4	125	109	8	27	83	56	41	60	114	22	16	78	6	88	32	85	39	8	85	93	116	108	14	115	62	19	38	68	14	30	54	129	58	108	43	39	83	113	8	67	25	86	115	94	114	80	81	47	87	123	70	128	111	47	3	125	44	68	68	40	7	109	40	37	26	36	78	60	117	108	10	93	119	118	5	119	79	39	48	56	120	51	8	7	13	70	122	118	63	17	46	96	57	114	42	112	19	48	45	99	45	11	119	123	51	70
0	0	111	49	115	101	36	49	10	95	79	97	99	40	83	12	84	11	117	59	90	118	110	93	67	41	22	29	22	93	97	106	127	88	100	99	125	63	95	23	74	27	74	128	53	59	36	83	107	87	58	89	115	110	67	10	119	120	108	30	116	121	110	93	5	79	124	113	84	71	15	47	122	19	25	22	40	49	91	115	90	12	104	124	62	47	130	3	98	40	93	55	23	63	21	6	2	101	119	40	119	125	9	113	99	49	125	86	11	93	129	15	63	117	53	81	24	62	17	18	121	127	71	34	128	48	60	53
0	0	0	38	50	68	29	20	93	71	26	103	102	73	40	52	39	105	128	11	69	5	48	41	123	42	68	131	23	15	49	29	54	27	19	8	25	19	20	122	123	36	82	45	105	72	68	9	100	45	52	53	87	28	25	59	31	80	6	18	94	96	75	61	32	51	120	15	119	107	37	128	36	106	20	36	19	51	32	64	17	10	129	12	119	6	76	14	78	83	14	49	65	38	129	56	8	84	63	63	64	21	113	59	128	35	64	68	101	81	44	110	71	47	110	5	105	44	15	119	103	38	57	68	8	25	92	30
0	0	0	0	113	57	122	126	90	33	87	57	54	97	99	17	32	79	95	118	16	25	124	46	31	94	92	125	45	104	107	97	72	123	111	96	60	29	119	63	53	7	67	115	68	74	32	110	85	49	83	80	23	92	87	108	53	28	43	29	83	83	52	95	118	18	28	35	23	67	73	105	98	45	42	76	127	102	67	124	80	65	111	75	76	38	100	87	25	77	65	107	31	32	99	29	115	91	108	119	80	85	32	73	71	64	59	34	53	2	57	104	95	83	106	8	100	56	105	120	123	32	94	95	123	10	48	63
0	0	0	0	0	8	49	105	112	11	103	118	105	107	124	88	97	47	4	89	59	49	30	109	84	110	122	38	86	53	126	16	56	59	78	74	40	4	23	57	87	118	6	19	55	91	14	124	93	49	18	58	37	127	51	104	76	75	120	87	79	2	22	117	107	43	87	103	101	101	12	22	127	42	87	73	63	28	48	73	95	117	15	37	48	115	52	128	29	115	30	129	131	111	55	73	14	34	107	24	85	86	32	38	122	48	53	20	7	77	29	95	51	109	92	125	66	120	37	115	26	88	41	70	85	55	31	10
0	0	0	0	0	0	95	31	59	86	112	32	119	44	55	76	67	77	117	127	53	63	91	74	108	39	10	54	88	88	92	58	86	128	72	40	80	61	9	68	99	98	98	13	80	37	31	36	15	128	119	71	99	29	95	117	90	73	117	81	61	88	128	7	69	96	100	115	19	123	108	62	63	10	57	107	97	67	127	104	7	83	119	20	33	6	100	65	5	75	123	64	40	108	72	87	52	92	46	27	103	112	103	57	60	126	62	16	107	19	102	96	22	68	19	124	108	8	102	8	74	27	6	13	104	40	101	73
0	0	0	0	0	0	0	87	21	65	49	84	72	119	34	26	89	60	30	96	110	48	76	79	132	51	17	21	42	42	94	22	120	116	113	29	58	117	45	127	76	19	48	66	95	108	119	31	74	80	56	125	49	96	21	90	78	70	80	22	81	22	30	62	130	126	89	39	36	18	49	80	102	34	41	31	40	104	61	8	48	106	59	60	29	40	30	67	98	57	129	115	39	11	78	102	28	101	104	85	17	68	16	84	101	15	17	100	117	37	112	87	39	39	65	25	23	131	34	52	8	36	26	42	84	41	102	41
0	0	0	0	0	0	0	0	8	91	89	131	38	82	132	116	101	117	15	72	94	45	132	64	100	58	125	23	103	39	54	123	120	116	42	55	58	71	79	59	75	15	92	92	104	31	55	53	71	71	32	18	46	82	47	45	49	44	130	88	122	29	113	23	105	20	105	78	66	128	77	15	98	7	32	9	72	76	49	80	13	123	20	11	36	37	24	101	35	115	80	78	53	126	124	99	110	48	54	28	60	13	40	94	130	69	109	36	117	46	67	38	102	69	92	15	26	10	86	87	27	46	72	47	100	122	81	120
0	0	0	0	0	0	0	0	0	130	132	21	10	7	25	133	99	50	77	118	27	68	82	80	89	23	87	32	18	44	17	121	111	72	47	80	60	47	65	16	125	9	17	113	128	41	62	15	91	23	32	83	51	89	27	91	25	83	21	32	90	74	50	124	8	97	83	34	14	97	55	127	128	55	13	85	36	35	91	66	46	25	100	115	63	52	102	56	107	83	58	19	103	70	14	59	99	47	24	65	43	100	59	119	60	61	133	112	37	35	60	12	100	53	103	114	125	44	9	75	56	127	11	33	30	32	35	51
0	0	0	0	0	0	0	0	0	0	54	11	34	87	85	81	81	7	43	36	58	111	64	111	67	128	44	56	52	78	102	14	14	103	7	19	67	78	117	24	121	122	70	31	79	7	67	82	75	20	106	53	105	118	128	41	100	79	38	40	134	15	41	81	86	103	38	88	128	17	96	109	2	117	38	88	136	72	44	106	45	127	57	62	43	71	79	44	68	31	126	40	12	72	109	89	35	20	91	68	112	14	57	65	45	5	117	32	125	67	120	123	46	60	90	95	7	40	47	62	12	63	84	69	48	79	70	131
0	0	0	0	0	0	0	0	0	0	0	133	72	60	31	112	37	99	115	108	74	93	84	77	66	73	113	98	55	13	38	95	122	25	79	100	83	58	74	75	49	84	49	134	84	29	113	37	52	104	17	102	78	134	15	86	10	46	35	75	126	48	116	72	130	113	11	54	3	99	25	48	40	75	61	104	94	88	101	123	50	24	88	113	95	54	104	18	78	108	19	21	93	44	103	83	66	29	19	31	61	29	78	93	41	87	61	8	24	74	42	77	86	55	34	121	72	97	14	73	116	104	92	122	75	126	80	117
0	0	0	0	0	0	0	0	0	0	0	0	61	62	117	34	134	9	132	27	87	57	123	37	123	48	73	48	95	16	86	132	95	69	15	12	79	80	51	71	67	51	31	91	57	77	84	23	72	15	37	102	89	104	106	105	65	112	114	38	43	120	105	72	114	119	54	61	52	83	120	112	28	85	61	44	67	75	60	131	59	127	84	86	95	21	57	115	50	113	21	109	101	82	43	72	36	26	19	96	24	70	32	64	36	97	7	47	118	91	20	16	27	12	56	78	64	89	115	86	75	112	45	42	31	118	13	21
0	0	0	0	0	0	0	0	0	0	0	0	0	32	11	62	60	100	62	65	106	29	82	18	22	104	125	80	33	33	56	56	94	53	24	11	117	61	117	71	89	34	135	124	14	122	44	84	55	49	19	25	108	101	93	117	62	93	24	121	15	44	123	84	124	118	45	91	13	75	98	127	132	43	98	61	25	44	67	99	103	82	43	50	47	50	95	132	105	98	18	133	134	105	13	53	116	136	123	81	59	113	14	119	59	19	85	52	95	35	91	128	122	32	85	83	130	86	95	88	132	95	57	19	89	38	17	95
0	0	0	0	0	0	0	0	0	0	0	0	0	0	50	42	64	104	22	108	105	56	136	121	35	8	37	65	45	30	103	16	133	133	77	98	43	13	34	132	104	120	98	128	43	97	76	49	117	12	99	130	55	61	115	105	111	120	102	74	43	113	56	128	31	66	13	55	70	19	133	124	112	55	122	63	121	90	132	52	58	15	46	51	49	120	89	119	125	26	26	88	8	111	45	90	131	44	60	135	31	54	18	36	30	108	99	83	113	59	132	10	16	21	66	81	95	74	11	35	34	128	45	129	34	50	134	97
0	0	0	0	0	0	0	0	0	0	0	0	0	0	0	12	59	43	108	62	96	112	132	88	20	112	108	47	55	76	119	59	57	49	49	62	26	114	89	115	7	134	55	43	88	43	41	101	37	45	13	38	62	60	79	119	89	109	38	69	59	126	82	96	83	31	131	57	12	94	65	85	37	94	88	104	104	57	131	140	30	125	82	59	91	106	52	48	12	61	51	125	90	125	17	123	127	50	140	82	3	103	133	47	65	93	78	71	94	122	32	67	22	20	15	125	27	129	82	100	109	88	44	59	125	98	11	10
0	0	0	0	0	0	0	0	0	0	0	0	0	0	0	0	62	121	69	56	47	28	72	98	137	90	126	7	115	70	31	51	128	67	139	65	41	41	100	62	39	8	18	115	64	91	124	32	81	117	44	22	76	19	119	93	19	108	74	97	20	71	28	17	99	124	23	37	98	82	18	95	130	28	74	99	136	102	75	83	23	34	35	62	111	22	110	87	95	107	89	116	35	60	106	37	47	111	119	56	47	126	91	33	103	54	89	29	92	17	47	75	103	27	129	78	91	124	77	69	62	143	37	48	38	91	34	34
0	0	0	0	0	0	0	0	0	0	0	0	0	0	0	0	0	110	40	24	45	80	5	36	34	15	88	69	123	24	29	122	57	97	39	8	44	26	82	18	93	108	139	124	95	127	54	44	104	16	113	34	51	126	35	36	29	58	26	122	40	51	12	40	115	92	115	124	123	19	99	76	78	76	116	35	88	21	126	109	131	75	92	60	121	81	87	131	53	143	39	122	112	122	51	109	47	89	23	105	125	79	55	40	16	21	35	57	132	35	63	9	107	13	135	38	130	53	75	120	67	129	119	84	115	16	110	133
0	0	0	0	0	0	0	0	0	0	0	0	0	0	0	0	0	0	13	21	76	126	25	74	69	74	126	53	135	133	97	13	94	19	82	14	81	96	25	131	101	41	51	124	51	131	107	12	23	109	105	129	73	67	93	97	70	117	27	108	27	123	108	84	97	96	65	83	12	55	136	51	100	67	72	25	13	96	113	99	58	70	103	25	98	114	93	68	26	101	69	132	93	51	59	55	18	34	46	24	91	45	110	79	112	20	121	24	32	88	134	136	128	71	33	122	41	64	78	22	62	113	12	69	11	86	98	87
0	0	0	0	0	0	0	0	0	0	0	0	0	0	0	0	0	0	0	95	128	73	137	112	72	42	84	103	33	25	77	102	55	127	79	91	68	44	24	109	120	23	61	99	64	86	136	87	61	90	15	111	35	80	60	128	88	19	70	137	72	75	22	143	41	39	67	70	19	84	44	54	115	97	21	94	24	115	55	36	133	122	80	129	23	74	30	109	76	53	24	105	78	93	133	134	123	46	64	93	18	47	98	23	18	139	79	50	137	105	126	106	72	87	129	105	18	137	27	94	98	47	69	59	62	109	43	51
0	0	0	0	0	0	0	0	0	0	0	0	0	0	0	0	0	0	0	0	115	63	78	97	114	23	22	94	15	116	84	14	88	79	102	84	86	29	69	101	95	87	93	41	67	12	57	55	132	13	48	113	20	28	68	77	130	114	117	122	52	121	65	55	107	47	126	120	94	24	44	100	105	58	132	105	94	80	131	30	109	67	77	106	80	93	67	48	141	83	9	25	106	49	104	45	102	76	59	136	128	41	105	49	59	83	71	25	19	43	129	125	10	10	137	30	95	84	56	77	116	38	52	112	26	111	75	43
0	0	0	0	0	0	0	0	0	0	0	0	0	0	0	0	0	0	0	0	0	91	65	7	75	82	78	109	65	57	36	98	96	47	91	61	79	17	141	21	79	89	53	28	69	136	64	135	44	35	39	75	92	77	123	23	43	138	75	96	129	120	73	50	35	104	136	28	37	126	127	21	128	25	17	117	77	57	79	100	128	56	67	130	44	81	96	117	55	30	43	127	40	107	40	75	131	98	99	68	41	21	28	140	124	31	13	109	55	74	37	82	81	75	59	18	37	126	116	32	125	64	129	93	130	55	113	106
0	0	0	0	0	0	0	0	0	0	0	0	0	0	0	0	0	0	0	0	0	0	101	130	137	67	117	115	70	79	38	134	24	104	54	117	65	62	81	102	81	94	145	26	82	67	79	113	52	51	13	24	46	62	95	22	89	39	32	43	109	93	118	90	67	69	102	18	86	55	75	85	97	132	42	71	108	109	16	100	68	62	76	137	49	32	86	19	43	48	69	48	57	119	46	137	33	93	11	114	63	23	123	100	104	21	27	59	58	56	63	42	131	123	87	127	32	89	81	98	15	29	81	38	36	82	36	80
0	0	0	0	0	0	0	0	0	0	0	0	0	0	0	0	0	0	0	0	0	0	0	129	71	43	97	80	101	37	75	21	133	27	52	58	109	56	120	87	69	10	87	30	69	129	79	45	22	28	13	121	18	68	56	30	139	22	29	9	55	107	35	29	129	63	32	130	73	95	126	92	104	120	28	115	128	57	73	128	112	37	32	72	120	71	71	54	26	86	32	63	25	141	116	25	76	135	68	24	91	145	41	120	137	113	74	82	118	83	119	21	48	127	139	99	123	46	103	61	38	99	19	59	44	77	26	90
0	0	0	0	0	0	0	0	0	0	0	0	0	0	0	0	0	0	0	0	0	0	0	0	30	86	63	63	52	64	72	68	23	8	86	107	105	26	22	33	111	88	36	27	94	43	110	20	61	61	88	138	44	135	127	69	94	75	37	138	36	79	141	145	77	36	78	96	75	114	38	61	57	54	92	88	104	56	96	12	104	47	52	35	12	131	31	29	139	75	38	91	22	139	48	88	104	61	108	56	25	54	68	14	147	57	130	63	37	82	76	63	73	65	63	121	79	71	125	79	73	130	17	76	114	45	97	107
0	0	0	0	0	0	0	0	0	0	0	0	0	0	0	0	0	0	0	0	0	0	0	0	0	33	125	96	114	108	112	76	9	27	49	5	61	99	79	65	63	89	75	28	33	19	142	39	119	44	127	57	83	112	29	107	67	35	109	119	105	142	96	93	66	95	77	126	131	53	44	79	95	44	88	51	26	118	47	100	31	80	6	133	92	94	131	56	43	77	97	119	63	73	132	18	119	96	34	23	19	65	111	132	108	112	135	53	114	126	119	97	93	68	33	121	39	21	138	35	79	24	17	57	104	28	89	55
0	0	0	0	0	0	0	0	0	0	0	0	0	0	0	0	0	0	0	0	0	0	0	0	0	0	131	118	37	149	63	20	41	38	92	84	111	131	52	54	35	111	109	48	97	120	42	49	118	23	91	106	91	20	131	62	40	2	37	35	62	121	120	67	125	104	23	140	26	57	82	133	98	137	123	23	40	36	112	37	87	95	34	112	96	108	50	24	78	43	47	105	58	54	86	46	108	94	10	59	27	138	33	21	55	40	20	87	70	34	40	106	98	101	121	38	102	68	131	16	114	63	15	65	123	123	36	81
0	0	0	0	0	0	0	0	0	0	0	0	0	0	0	0	0	0	0	0	0	0	0	0	0	0	0	145	97	29	124	122	110	105	90	50	120	113	25	93	73	95	130	141	94	66	139	138	33	70	80	73	66	67	64	19	33	30	114	54	122	45	51	13	98	86	92	46	93	77	52	74	142	63	37	75	80	57	51	75	74	41	125	109	67	121	83	110	50	15	56	64	22	30	18	51	109	99	36	124	86	80	154	96	40	16	80	115	112	94	27	109	112	110	96	69	54	11	103	113	133	95	38	54	44	33	145	96
0	0	0	0	0	0	0	0	0	0	0	0	0	0	0	0	0	0	0	0	0	0	0	0	0	0	0	0	80	74	120	24	12	109	114	68	136	132	62	82	43	20	57	94	20	76	34	71	11	99	69	31	29	104	42	51	37	19	9	79	60	90	109	58	142	56	62	71	126	68	74	40	82	73	138	96	130	86	26	52	73	77	62	68	100	35	20	71	43	65	47	135	7	101	61	15	32	24	132	24	144	59	66	96	65	30	78	122	61	88	96	89	30	132	36	76	97	39	20	92	106	41	28	43	119	27	44	148
0	0	0	0	0	0	0	0	0	0	0	0	0	0	0	0	0	0	0	0	0	0	0	0	0	0	0	0	0	124	122	61	53	87	146	90	92	76	85	86	45	29	82	131	73	27	139	105	97	134	29	41	26	62	127	65	63	64	93	154	131	87	64	86	134	48	99	108	127	107	40	98	54	39	30	120	54	115	84	46	31	34	67	120	104	55	122	145	54	76	17	77	89	115	32	53	14	29	138	42	27	47	77	76	84	127	103	110	102	58	62	46	118	92	25	64	121	45	96	27	69	78	66	125	47	38	14	89
0	0	0	0	0	0	0	0	0	0	0	0	0	0	0	0	0	0	0	0	0	0	0	0	0	0	0	0	0	0	47	88	11	144	87	35	125	73	104	24	77	131	78	74	77	27	127	18	57	106	112	10	40	59	77	96	81	93	124	34	23	46	39	77	128	59	118	78	80	66	95	36	123	30	65	84	50	34	39	71	132	51	77	52	38	100	102	110	124	85	107	31	117	42	15	71	32	57	50	18	83	38	109	34	131	95	44	27	91	14	97	94	25	44	43	23	102	13	120	26	100	35	80	53	83	40	87	131
0	0	0	0	0	0	0	0	0	0	0	0	0	0	0	0	0	0	0	0	0	0	0	0	0	0	0	0	0	0	0	39	63	137	104	105	93	107	32	76	54	89	9	136	118	136	4	135	57	102	42	131	115	75	60	52	149	40	117	47	135	29	53	109	41	69	68	130	118	20	119	93	30	26	76	23	102	53	98	77	23	107	28	81	125	55	114	137	86	138	58	133	125	36	105	105	76	103	25	24	76	99	129	73	45	53	118	70	88	115	38	95	102	51	79	113	102	100	95	76	73	68	35	128	48	149	27	47
0	0	0	0	0	0	0	0	0	0	0	0	0	0	0	0	0	0	0	0	0	0	0	0	0	0	0	0	0	0	0	0	36	79	18	104	33	98	97	95	76	77	99	130	70	130	63	67	84	54	129	91	147	106	95	147	146	130	97	116	124	62	58	121	135	57	138	150	58	86	93	46	130	88	33	19	54	133	128	49	83	78	115	143	117	84	43	118	58	31	134	93	126	105	34	106	47	134	117	49	85	130	53	26	91	108	96	125	25	92	79	88	17	58	51	35	105	116	91	30	36	96	104	73	74	120	48	113
0	0	0	0	0	0	0	0	0	0	0	0	0	0	0	0	0	0	0	0	0	0	0	0	0	0	0	0	0	0	0	0	0	73	134	48	100	110	90	82	22	73	71	41	101	131	99	37	42	134	49	97	41	39	129	57	86	97	18	9	62	143	97	109	60	121	110	134	48	131	68	106	79	90	117	126	127	102	67	66	23	125	80	75	88	118	69	70	94	102	57	81	71	9	63	121	131	108	100	157	111	60	69	128	140	104	12	75	45	122	98	107	136	39	132	80	42	80	80	48	75	118	89	114	62	67	117	120
0	0	0	0	0	0	0	0	0	0	0	0	0	0	0	0	0	0	0	0	0	0	0	0	0	0	0	0	0	0	0	0	0	0	60	53	26	130	93	77	99	62	36	44	90	24	79	46	38	66	80	94	135	134	65	147	28	109	36	93	28	84	37	97	65	104	65	93	56	78	35	82	137	59	87	110	103	82	68	57	34	56	59	116	122	94	123	112	41	114	74	140	128	25	33	88	125	28	64	79	102	141	66	38	154	129	96	94	150	109	84	55	66	124	143	131	61	141	126	62	102	53	122	59	81	25	54	74
0	0	0	0	0	0	0	0	0	0	0	0	0	0	0	0	0	0	0	0	0	0	0	0	0	0	0	0	0	0	0	0	0	0	0	19	142	126	97	111	96	129	109	42	124	131	45	109	147	85	8	38	21	53	155	126	65	139	110	103	63	116	78	70	70	141	43	120	28	81	141	32	71	113	121	70	67	115	117	62	124	33	135	60	53	15	34	91	36	44	133	89	131	120	72	99	32	102	84	130	71	30	60	144	57	52	54	12	24	108	49	101	17	103	126	107	53	85	116	79	103	21	26	78	57	14	58	108
0	0	0	0	0	0	0	0	0	0	0	0	0	0	0	0	0	0	0	0	0	0	0	0	0	0	0	0	0	0	0	0	0	0	0	0	7	49	48	88	61	130	131	149	16	63	42	106	89	61	86	90	104	32	139	142	157	33	32	38	94	127	141	109	62	144	120	91	161	64	133	12	140	66	53	96	52	120	36	87	34	151	80	116	84	77	3	56	57	133	126	69	121	120	100	104	10	17	12	52	43	36	49	139	143	118	116	75	117	93	163	36	121	110	124	61	112	105	134	55	7	125	148	152	143	31	85	123
0	0	0	0	0	0	0	0	0	0	0	0	0	0	0	0	0	0	0	0	0	0	0	0	0	0	0	0	0	0	0	0	0	0	0	0	0	144	55	131	47	46	55	72	86	151	48	86	129	38	62	104	66	89	57	155	85	27	130	95	122	12	54	102	121	89	100	95	37	84	16	67	78	140	74	53	79	106	43	53	117	83	61	88	93	63	122	151	153	52	143	155	155	71	63	58	138	141	98	19	53	66	75	133	153	105	127	20	78	56	70	69	74	73	76	28	95	75	82	47	36	109	13	39	53	53	22	103
0	0	0	0	0	0	0	0	0	0	0	0	0	0	0	0	0	0	0	0	0	0	0	0	0	0	0	0	0	0	0	0	0	0	0	0	0	0	26	65	113	127	43	129	34	141	134	30	135	137	129	91	22	123	75	102	68	50	93	113	22	55	126	79	35	79	93	40	57	143	99	139	136	131	122	54	60	79	144	106	116	148	44	129	127	34	46	52	123	53	137	65	14	52	42	110	99	61	131	90	83	108	61	19	61	141	49	64	51	30	153	72	145	84	45	53	142	123	25	51	81	138	24	58	127	32	114	90
0	0	0	0	0	0	0	0	0	0	0	0	0	0	0	0	0	0	0	0	0	0	0	0	0	0	0	0	0	0	0	0	0	0	0	0	0	0	0	111	122	99	113	96	139	40	115	53	134	85	119	143	74	107	107	93	30	110	93	133	47	112	70	52	54	65	99	121	154	43	155	120	20	55	150	67	68	54	127	58	36	149	85	80	134	152	100	64	63	110	63	48	56	121	69	112	11	55	62	22	140	52	113	138	23	64	113	152	30	61	27	107	11	8	94	89	149	122	45	36	63	91	68	11	46	146	56	78
0	0	0	0	0	0	0	0	0	0	0	0	0	0	0	0	0	0	0	0	0	0	0	0	0	0	0	0	0	0	0	0	0	0	0	0	0	0	0	0	61	91	126	140	83	99	127	128	56	35	67	115	55	127	57	50	140	82	78	97	16	73	123	38	49	61	76	22	23	16	133	89	47	161	40	145	33	59	31	111	121	93	158	103	68	114	66	37	119	128	47	77	130	90	31	110	32	51	63	119	48	48	145	130	98	129	107	130	41	20	97	69	163	50	45	32	95	76	146	94	46	70	45	53	21	42	68	142
0	0	0	0	0	0	0	0	0	0	0	0	0	0	0	0	0	0	0	0	0	0	0	0	0	0	0	0	0	0	0	0	0	0	0	0	0	0	0	0	0	107	44	58	149	47	62	35	13	146	125	91	100	108	18	97	27	69	10	80	37	146	87	68	129	74	96	90	38	103	23	132	59	4	77	123	63	132	49	158	56	74	66	139	90	56	124	61	39	66	62	71	116	90	40	135	122	37	123	69	27	64	121	42	104	61	134	14	32	68	75	107	30	126	63	5	76	116	111	122	80	117	109	62	37	138	44	116
0	0	0	0	0	0	0	0	0	0	0	0	0	0	0	0	0	0	0	0	0	0	0	0	0	0	0	0	0	0	0	0	0	0	0	0	0	0	0	0	0	0	84	45	40	90	92	151	127	55	128	145	133	119	71	90	109	33	142	61	104	89	43	53	107	64	58	59	118	59	43	68	89	59	115	156	112	52	28	123	125	85	80	8	54	141	86	90	140	86	142	45	119	110	29	29	117	50	147	82	37	82	109	119	59	118	109	108	51	32	69	132	122	65	81	67	55	63	113	99	104	113	25	45	59	68	82	143
0	0	0	0	0	0	0	0	0	0	0	0	0	0	0	0	0	0	0	0	0	0	0	0	0	0	0	0	0	0	0	0	0	0	0	0	0	0	0	0	0	0	0	75	72	102	80	16	59	91	120	73	113	138	46	34	81	92	80	72	104	70	60	120	44	46	91	122	140	80	33	52	66	55	58	38	78	81	57	84	111	53	70	115	61	36	95	125	72	116	95	97	103	63	143	22	47	83	113	43	19	73	70	91	89	88	44	145	144	115	116	68	73	139	86	131	55	17	49	75	81	55	94	81	97	139	137	53
0	0	0	0	0	0	0	0	0	0	0	0	0	0	0	0	0	0	0	0	0	0	0	0	0	0	0	0	0	0	0	0	0	0	0	0	0	0	0	0	0	0	0	0	152	23	84	102	100	40	63	26	64	136	123	145	74	73	129	88	111	20	121	49	105	58	68	156	111	167	50	122	17	156	95	76	105	20	44	31	120	53	75	67	46	100	109	141	144	45	153	162	136	99	8	80	167	122	113	28	38	113	84	127	146	53	74	54	69	93	56	87	144	59	109	92	59	117	86	115	66	128	158	89	143	119	134	61
0	0	0	0	0	0	0	0	0	0	0	0	0	0	0	0	0	0	0	0	0	0	0	0	0	0	0	0	0	0	0	0	0	0	0	0	0	0	0	0	0	0	0	0	0	145	45	95	47	134	33	138	133	43	125	87	48	98	85	127	98	16	96	66	140	131	102	127	110	80	74	149	84	85	155	85	138	47	70	113	115	125	108	70	25	162	129	49	140	55	65	53	21	122	70	53	61	58	70	27	122	129	124	92	154	88	47	68	71	139	81	36	112	122	91	44	141	17	149	104	51	36	118	39	141	19	137	3
0	0	0	0	0	0	0	0	0	0	0	0	0	0	0	0	0	0	0	0	0	0	0	0	0	0	0	0	0	0	0	0	0	0	0	0	0	0	0	0	0	0	0	0	0	0	69	95	128	85	71	61	141	75	67	100	70	75	121	152	89	108	130	106	41	106	140	133	56	162	61	128	147	134	116	122	46	58	141	131	61	18	47	130	22	154	33	52	59	97	52	136	50	84	81	67	139	38	115	134	111	116	117	86	118	58	102	66	53	128	122	27	77	48	45	55	37	26	35	119	48	77	88	152	112	41	72	107
0	0	0	0	0	0	0	0	0	0	0	0	0	0	0	0	0	0	0	0	0	0	0	0	0	0	0	0	0	0	0	0	0	0	0	0	0	0	0	0	0	0	0	0	0	0	0	174	78	44	38	154	64	7	100	105	50	56	106	12	33	103	165	40	154	132	70	114	99	46	84	147	20	77	34	17	123	66	86	164	51	108	50	120	64	134	96	27	72	90	104	33	88	129	148	58	88	15	35	165	68	41	76	89	85	53	123	61	100	54	39	41	106	84	134	114	80	29	54	25	128	26	130	36	102	84	32	29
0	0	0	0	0	0	0	0	0	0	0	0	0	0	0	0	0	0	0	0	0	0	0	0	0	0	0	0	0	0	0	0	0	0	0	0	0	0	0	0	0	0	0	0	0	0	0	0	130	76	16	85	56	52	87	99	145	39	32	64	104	83	40	77	57	20	41	28	103	83	153	70	40	88	34	33	84	71	64	169	36	39	62	68	136	145	39	101	64	112	63	100	47	65	116	149	98	51	79	64	26	54	97	72	102	58	142	118	27	144	54	48	132	25	41	44	76	81	71	93	61	34	164	75	110	72	89	9
0	0	0	0	0	0	0	0	0	0	0	0	0	0	0	0	0	0	0	0	0	0	0	0	0	0	0	0	0	0	0	0	0	0	0	0	0	0	0	0	0	0	0	0	0	0	0	0	0	150	111	164	143	130	96	15	113	118	133	139	82	42	55	158	85	11	69	128	59	35	57	131	114	131	57	49	68	37	128	165	54	112	40	69	8	137	67	131	66	111	138	102	122	139	132	88	100	73	151	130	45	102	54	30	92	124	94	93	86	69	106	111	80	123	128	26	47	61	46	41	32	133	58	89	151	139	21	111
0	0	0	0	0	0	0	0	0	0	0	0	0	0	0	0	0	0	0	0	0	0	0	0	0	0	0	0	0	0	0	0	0	0	0	0	0	0	0	0	0	0	0	0	0	0	0	0	0	0	52	99	120	50	31	125	42	11	169	124	72	87	58	90	75	87	11	160	90	120	96	72	150	131	158	70	28	61	33	58	25	148	33	18	144	56	108	118	72	107	134	32	34	57	31	38	135	47	80	119	74	171	76	98	54	103	14	132	123	30	36	101	75	78	68	67	142	68	25	151	101	75	34	110	69	44	141	153
0	0	0	0	0	0	0	0	0	0	0	0	0	0	0	0	0	0	0	0	0	0	0	0	0	0	0	0	0	0	0	0	0	0	0	0	0	0	0	0	0	0	0	0	0	0	0	0	0	0	0	30	105	118	51	103	102	113	152	48	68	84	66	61	130	153	25	168	91	55	56	28	110	84	133	138	55	8	71	75	127	22	57	50	111	83	39	28	152	84	25	86	80	56	36	41	24	53	75	63	132	111	49	89	129	93	153	145	43	144	124	57	95	102	45	159	84	117	52	147	98	87	55	53	65	41	105	71
0	0	0	0	0	0	0	0	0	0	0	0	0	0	0	0	0	0	0	0	0	0	0	0	0	0	0	0	0	0	0	0	0	0	0	0	0	0	0	0	0	0	0	0	0	0	0	0	0	0	0	0	53	31	86	51	130	66	105	115	32	25	160	105	139	70	49	22	171	62	31	102	71	120	91	57	133	99	116	123	147	121	73	112	66	73	21	126	40	106	43	70	132	93	121	87	152	102	111	120	75	147	160	31	110	78	79	20	149	56	125	138	101	80	88	170	128	88	99	78	86	155	61	67	89	150	27	86
0	0	0	0	0	0	0	0	0	0	0	0	0	0	0	0	0	0	0	0	0	0	0	0	0	0	0	0	0	0	0	0	0	0	0	0	0	0	0	0	0	0	0	0	0	0	0	0	0	0	0	0	0	100	149	74	66	49	90	142	152	122	49	41	79	113	84	81	83	137	78	115	138	60	62	144	114	56	56	59	57	59	144	20	162	143	99	152	68	33	174	81	101	116	139	92	56	156	102	28	125	66	94	95	77	101	40	123	110	48	76	80	20	27	114	146	164	130	116	90	50	80	132	85	61	110	57	68
0	0	0	0	0	0	0	0	0	0	0	0	0	0	0	0	0	0	0	0	0	0	0	0	0	0	0	0	0	0	0	0	0	0	0	0	0	0	0	0	0	0	0	0	0	0	0	0	0	0	0	0	0	0	110	85	48	149	117	48	159	69	54	39	151	90	67	83	53	118	74	136	107	96	130	126	78	117	80	122	89	120	63	58	119	177	33	107	76	142	65	110	122	97	135	85	12	99	146	67	36	103	87	80	95	141	139	116	123	146	152	76	90	56	127	164	34	108	151	141	139	93	99	107	34	136	88	97
0	0	0	0	0	0	0	0	0	0	0	0	0	0	0	0	0	0	0	0	0	0	0	0	0	0	0	0	0	0	0	0	0	0	0	0	0	0	0	0	0	0	0	0	0	0	0	0	0	0	0	0	0	0	0	83	80	68	169	68	86	57	78	102	107	88	152	43	113	108	74	55	12	158	89	139	150	42	134	117	111	82	69	119	156	153	58	36	43	31	129	97	100	123	79	64	100	102	83	123	146	36	62	30	55	154	137	49	88	142	98	35	41	50	128	69	87	45	117	54	82	42	74	86	96	77	119	60
0	0	0	0	0	0	0	0	0	0	0	0	0	0	0	0	0	0	0	0	0	0	0	0	0	0	0	0	0	0	0	0	0	0	0	0	0	0	0	0	0	0	0	0	0	0	0	0	0	0	0	0	0	0	0	0	66	153	44	60	16	21	129	128	65	53	41	95	89	123	120	165	101	57	157	29	141	53	42	28	101	100	45	42	79	78	115	100	59	72	90	95	167	155	114	38	96	162	59	145	126	121	127	63	77	38	25	120	50	141	21	51	82	158	126	59	28	58	65	105	125	23	21	102	42	139	116	111
0	0	0	0	0	0	0	0	0	0	0	0	0	0	0	0	0	0	0	0	0	0	0	0	0	0	0	0	0	0	0	0	0	0	0	0	0	0	0	0	0	0	0	0	0	0	0	0	0	0	0	0	0	0	0	0	0	113	89	53	108	94	8	123	164	63	114	90	102	108	165	167	78	61	177	157	77	117	41	141	54	70	103	57	74	116	30	166	74	101	36	53	73	141	13	83	35	60	50	54	175	152	107	103	119	101	160	148	58	152	106	65	125	139	130	88	103	74	131	123	137	55	93	169	21	78	117	116
0	0	0	0	0	0	0	0	0	0	0	0	0	0	0	0	0	0	0	0	0	0	0	0	0	0	0	0	0	0	0	0	0	0	0	0	0	0	0	0	0	0	0	0	0	0	0	0	0	0	0	0	0	0	0	0	0	0	109	119	58	38	145	136	104	115	110	95	39	127	38	131	132	78	153	24	165	116	71	94	57	33	81	121	100	60	72	117	68	35	96	109	32	166	116	118	124	97	64	117	91	171	109	68	132	99	131	77	153	146	71	48	180	116	35	49	137	135	170	163	133	72	111	54	51	117	24	59
0	0	0	0	0	0	0	0	0	0	0	0	0	0	0	0	0	0	0	0	0	0	0	0	0	0	0	0	0	0	0	0	0	0	0	0	0	0	0	0	0	0	0	0	0	0	0	0	0	0	0	0	0	0	0	0	0	0	0	26	95	115	84	146	146	27	98	124	118	128	73	57	93	22	54	141	53	108	75	42	123	48	125	124	118	59	85	104	168	110	175	106	75	109	73	82	107	31	54	102	138	72	78	93	124	158	83	69	96	17	87	56	88	153	78	36	70	147	140	26	79	102	62	154	161	108	76	83
0	0	0	0	0	0	0	0	0	0	0	0	0	0	0	0	0	0	0	0	0	0	0	0	0	0	0	0	0	0	0	0	0	0	0	0	0	0	0	0	0	0	0	0	0	0	0	0	0	0	0	0	0	0	0	0	0	0	0	0	138	82	103	94	74	52	167	124	109	156	139	55	77	24	140	50	139	56	68	120	71	67	60	144	113	132	160	78	91	131	144	132	30	117	109	14	28	136	67	58	111	36	110	96	45	31	34	51	27	135	56	141	169	154	80	63	159	39	105	89	145	41	58	107	70	166	91	122
0	0	0	0	0	0	0	0	0	0	0	0	0	0	0	0	0	0	0	0	0	0	0	0	0	0	0	0	0	0	0	0	0	0	0	0	0	0	0	0	0	0	0	0	0	0	0	0	0	0	0	0	0	0	0	0	0	0	0	0	0	73	135	70	135	76	45	67	149	127	92	47	150	114	124	87	106	118	3	122	25	121	96	114	57	95	110	159	159	136	118	70	134	83	134	103	98	131	106	161	53	134	82	61	92	59	37	95	42	129	63	87	131	44	98	38	185	86	102	43	178	86	89	98	54	63	45	59
0	0	0	0	0	0	0	0	0	0	0	0	0	0	0	0	0	0	0	0	0	0	0	0	0	0	0	0	0	0	0	0	0	0	0	0	0	0	0	0	0	0	0	0	0	0	0	0	0	0	0	0	0	0	0	0	0	0	0	0	0	0	90	107	120	60	147	173	88	69	116	113	57	113	161	87	26	152	39	22	58	52	147	139	46	102	113	134	150	121	166	21	63	42	80	157	79	113	54	161	141	108	170	116	79	114	112	110	144	56	94	168	93	169	45	23	132	162	40	121	101	63	93	118	111	57	52	102
0	0	0	0	0	0	0	0	0	0	0	0	0	0	0	0	0	0	0	0	0	0	0	0	0	0	0	0	0	0	0	0	0	0	0	0	0	0	0	0	0	0	0	0	0	0	0	0	0	0	0	0	0	0	0	0	0	0	0	0	0	0	0	39	138	93	164	34	113	108	74	56	38	38	126	156	32	140	42	125	9	166	177	131	95	147	98	16	89	39	98	89	61	64	161	128	56	113	100	177	141	159	45	92	113	70	166	15	117	37	61	64	82	48	132	76	23	52	57	74	160	44	157	33	74	101	88	56
0	0	0	0	0	0	0	0	0	0	0	0	0	0	0	0	0	0	0	0	0	0	0	0	0	0	0	0	0	0	0	0	0	0	0	0	0	0	0	0	0	0	0	0	0	0	0	0	0	0	0	0	0	0	0	0	0	0	0	0	0	0	0	0	30	59	58	81	38	127	103	96	135	67	70	131	115	98	43	54	115	146	158	32	18	171	146	41	84	99	59	84	60	156	56	17	36	68	114	65	157	96	132	156	32	82	155	61	142	77	114	145	13	166	105	19	67	5	92	33	129	135	147	143	152	181	114	58
0	0	0	0	0	0	0	0	0	0	0	0	0	0	0	0	0	0	0	0	0	0	0	0	0	0	0	0	0	0	0	0	0	0	0	0	0	0	0	0	0	0	0	0	0	0	0	0	0	0	0	0	0	0	0	0	0	0	0	0	0	0	0	0	0	122	18	66	96	170	168	72	156	54	38	121	31	49	94	127	59	88	112	134	24	88	187	159	160	45	31	56	87	142	116	94	69	101	51	165	72	133	154	133	96	102	96	76	69	121	124	35	78	59	131	28	105	31	91	126	92	119	38	67	150	129	92	31
0	0	0	0	0	0	0	0	0	0	0	0	0	0	0	0	0	0	0	0	0	0	0	0	0	0	0	0	0	0	0	0	0	0	0	0	0	0	0	0	0	0	0	0	0	0	0	0	0	0	0	0	0	0	0	0	0	0	0	0	0	0	0	0	0	0	132	47	36	139	105	21	42	53	154	95	63	145	164	48	80	118	106	82	55	139	43	89	60	140	115	128	88	86	123	127	151	123	111	186	186	86	146	49	141	93	104	56	81	95	143	101	123	139	86	19	81	82	28	74	169	132	152	145	181	121	160	128
0	0	0	0	0	0	0	0	0	0	0	0	0	0	0	0	0	0	0	0	0	0	0	0	0	0	0	0	0	0	0	0	0	0	0	0	0	0	0	0	0	0	0	0	0	0	0	0	0	0	0	0	0	0	0	0	0	0	0	0	0	0	0	0	0	0	0	77	121	180	49	88	156	33	24	65	65	101	134	84	100	21	120	99	95	119	70	108	20	84	52	87	85	63	146	114	51	71	61	105	150	144	165	62	124	116	54	43	59	76	86	74	22	159	27	127	190	166	100	167	38	169	147	51	41	67	63	157
0	0	0	0	0	0	0	0	0	0	0	0	0	0	0	0	0	0	0	0	0	0	0	0	0	0	0	0	0	0	0	0	0	0	0	0	0	0	0	0	0	0	0	0	0	0	0	0	0	0	0	0	0	0	0	0	0	0	0	0	0	0	0	0	0	0	0	0	181	99	52	116	89	98	134	61	123	124	149	36	42	133	73	102	149	181	106	32	154	100	74	55	88	43	68	98	65	161	149	104	78	129	62	139	32	170	107	158	124	87	117	104	106	18	120	160	75	123	74	86	93	76	178	115	91	139	119	119
0	0	0	0	0	0	0	0	0	0	0	0	0	0	0	0	0	0	0	0	0	0	0	0	0	0	0	0	0	0	0	0	0	0	0	0	0	0	0	0	0	0	0	0	0	0	0	0	0	0	0	0	0	0	0	0	0	0	0	0	0	0	0	0	0	0	0	0	0	40	136	124	102	114	90	47	118	122	147	126	89	31	128	79	129	34	30	88	37	26	80	103	121	168	61	154	67	100	43	143	58	86	129	96	14	15	64	37	60	100	78	125	66	116	61	164	37	101	71	115	104	168	119	137	88	90	150	20
0	0	0	0	0	0	0	0	0	0	0	0	0	0	0	0	0	0	0	0	0	0	0	0	0	0	0	0	0	0	0	0	0	0	0	0	0	0	0	0	0	0	0	0	0	0	0	0	0	0	0	0	0	0	0	0	0	0	0	0	0	0	0	0	0	0	0	0	0	0	61	146	116	132	109	82	117	65	57	104	87	84	47	60	48	50	56	42	86	98	179	103	78	119	91	87	137	128	79	121	96	91	68	56	66	111	61	109	26	26	24	12	154	73	135	80	112	147	82	160	74	13	145	82	49	128	142	91
0	0	0	0	0	0	0	0	0	0	0	0	0	0	0	0	0	0	0	0	0	0	0	0	0	0	0	0	0	0	0	0	0	0	0	0	0	0	0	0	0	0	0	0	0	0	0	0	0	0	0	0	0	0	0	0	0	0	0	0	0	0	0	0	0	0	0	0	0	0	0	127	99	167	112	13	121	138	169	78	129	71	124	43	25	63	63	160	86	71	168	159	52	131	68	70	78	85	155	150	78	59	165	21	66	110	70	146	117	121	170	87	178	51	69	53	150	127	52	87	130	27	72	104	57	127	55	107
0	0	0	0	0	0	0	0	0	0	0	0	0	0	0	0	0	0	0	0	0	0	0	0	0	0	0	0	0	0	0	0	0	0	0	0	0	0	0	0	0	0	0	0	0	0	0	0	0	0	0	0	0	0	0	0	0	0	0	0	0	0	0	0	0	0	0	0	0	0	0	0	128	73	131	118	132	85	88	115	130	63	49	118	40	105	175	64	52	156	77	151	100	90	130	130	176	132	139	59	61	78	105	35	86	57	109	87	134	74	151	122	95	62	161	154	129	103	109	80	60	153	68	15	185	81	143	93
0	0	0	0	0	0	0	0	0	0	0	0	0	0	0	0	0	0	0	0	0	0	0	0	0	0	0	0	0	0	0	0	0	0	0	0	0	0	0	0	0	0	0	0	0	0	0	0	0	0	0	0	0	0	0	0	0	0	0	0	0	0	0	0	0	0	0	0	0	0	0	0	0	38	42	82	105	4	100	123	148	137	81	48	163	176	130	80	70	102	32	109	61	105	141	132	74	164	156	115	86	150	153	115	106	130	60	40	96	98	179	92	126	166	64	57	34	174	52	75	83	114	94	105	120	97	46	86
0	0	0	0	0	0	0	0	0	0	0	0	0	0	0	0	0	0	0	0	0	0	0	0	0	0	0	0	0	0	0	0	0	0	0	0	0	0	0	0	0	0	0	0	0	0	0	0	0	0	0	0	0	0	0	0	0	0	0	0	0	0	0	0	0	0	0	0	0	0	0	0	0	0	162	96	65	76	83	100	45	104	6	137	156	84	125	110	76	37	115	94	166	88	162	177	137	82	186	180	127	65	50	54	125	138	95	145	98	96	127	76	86	88	125	106	157	140	85	85	101	113	106	111	101	150	189	74
0	0	0	0	0	0	0	0	0	0	0	0	0	0	0	0	0	0	0	0	0	0	0	0	0	0	0	0	0	0	0	0	0	0	0	0	0	0	0	0	0	0	0	0	0	0	0	0	0	0	0	0	0	0	0	0	0	0	0	0	0	0	0	0	0	0	0	0	0	0	0	0	0	0	0	166	85	132	64	159	132	135	101	95	64	144	170	62	36	64	74	106	179	170	112	111	55	165	40	94	102	71	136	98	113	93	89	133	85	136	154	73	24	123	148	145	143	81	68	111	156	165	154	69	177	91	87	196
0	0	0	0	0	0	0	0	0	0	0	0	0	0	0	0	0	0	0	0	0	0	0	0	0	0	0	0	0	0	0	0	0	0	0	0	0	0	0	0	0	0	0	0	0	0	0	0	0	0	0	0	0	0	0	0	0	0	0	0	0	0	0	0	0	0	0	0	0	0	0	0	0	0	0	0	36	191	115	141	90	142	92	76	161	37	82	161	65	51	81	78	18	135	100	103	61	65	113	127	67	179	105	148	31	117	139	117	167	83	21	97	109	131	118	52	132	61	37	74	139	70	146	86	95	169	109	132
0	0	0	0	0	0	0	0	0	0	0	0	0	0	0	0	0	0	0	0	0	0	0	0	0	0	0	0	0	0	0	0	0	0	0	0	0	0	0	0	0	0	0	0	0	0	0	0	0	0	0	0	0	0	0	0	0	0	0	0	0	0	0	0	0	0	0	0	0	0	0	0	0	0	0	0	0	99	69	70	123	74	93	118	90	145	70	164	177	61	46	190	162	141	131	101	110	117	151	178	73	115	82	77	84	107	125	98	72	27	82	99	92	73	166	98	118	134	145	25	106	98	154	179	110	65	46	102
0	0	0	0	0	0	0	0	0	0	0	0	0	0	0	0	0	0	0	0	0	0	0	0	0	0	0	0	0	0	0	0	0	0	0	0	0	0	0	0	0	0	0	0	0	0	0	0	0	0	0	0	0	0	0	0	0	0	0	0	0	0	0	0	0	0	0	0	0	0	0	0	0	0	0	0	0	0	54	24	104	120	106	167	104	72	167	114	83	87	77	82	166	145	55	147	142	117	59	83	33	83	68	161	73	69	65	48	108	46	92	133	125	60	106	66	123	118	164	110	79	27	53	84	88	67	88	133
0	0	0	0	0	0	0	0	0	0	0	0	0	0	0	0	0	0	0	0	0	0	0	0	0	0	0	0	0	0	0	0	0	0	0	0	0	0	0	0	0	0	0	0	0	0	0	0	0	0	0	0	0	0	0	0	0	0	0	0	0	0	0	0	0	0	0	0	0	0	0	0	0	0	0	0	0	0	0	64	96	145	112	124	78	119	146	70	161	26	89	79	141	138	112	140	125	15	128	154	69	135	87	95	55	65	176	149	119	149	37	92	102	98	195	128	148	37	110	106	86	178	62	102	36	50	132	94
0	0	0	0	0	0	0	0	0	0	0	0	0	0	0	0	0	0	0	0	0	0	0	0	0	0	0	0	0	0	0	0	0	0	0	0	0	0	0	0	0	0	0	0	0	0	0	0	0	0	0	0	0	0	0	0	0	0	0	0	0	0	0	0	0	0	0	0	0	0	0	0	0	0	0	0	0	0	0	0	198	54	99	186	30	107	96	50	154	62	40	154	181	122	80	190	140	98	92	154	70	46	58	16	116	103	13	83	152	132	72	89	13	111	67	89	78	109	67	38	141	126	80	60	162	114	107	39
0	0	0	0	0	0	0	0	0	0	0	0	0	0	0	0	0	0	0	0	0	0	0	0	0	0	0	0	0	0	0	0	0	0	0	0	0	0	0	0	0	0	0	0	0	0	0	0	0	0	0	0	0	0	0	0	0	0	0	0	0	0	0	0	0	0	0	0	0	0	0	0	0	0	0	0	0	0	0	0	0	32	101	152	102	200	123	152	126	104	104	114	131	82	87	19	78	155	80	94	17	46	152	115	109	48	91	182	62	175	155	165	175	110	191	174	142	19	33	111	99	117	173	37	79	163	77	149
0	0	0	0	0	0	0	0	0	0	0	0	0	0	0	0	0	0	0	0	0	0	0	0	0	0	0	0	0	0	0	0	0	0	0	0	0	0	0	0	0	0	0	0	0	0	0	0	0	0	0	0	0	0	0	0	0	0	0	0	0	0	0	0	0	0	0	0	0	0	0	0	0	0	0	0	0	0	0	0	0	0	90	200	78	41	96	110	187	85	108	125	208	87	118	100	73	34	186	154	133	109	142	78	24	59	163	58	105	148	71	28	109	113	26	177	94	135	169	90	70	179	58	128	139	94	99	150
0	0	0	0	0	0	0	0	0	0	0	0	0	0	0	0	0	0	0	0	0	0	0	0	0	0	0	0	0	0	0	0	0	0	0	0	0	0	0	0	0	0	0	0	0	0	0	0	0	0	0	0	0	0	0	0	0	0	0	0	0	0	0	0	0	0	0	0	0	0	0	0	0	0	0	0	0	0	0	0	0	0	0	41	121	54	80	102	50	169	78	133	79	48	82	85	86	65	92	168	144	102	130	141	34	170	120	84	176	155	18	31	133	80	42	82	167	164	140	138	99	55	114	146	101	78	55	61
0	0	0	0	0	0	0	0	0	0	0	0	0	0	0	0	0	0	0	0	0	0	0	0	0	0	0	0	0	0	0	0	0	0	0	0	0	0	0	0	0	0	0	0	0	0	0	0	0	0	0	0	0	0	0	0	0	0	0	0	0	0	0	0	0	0	0	0	0	0	0	0	0	0	0	0	0	0	0	0	0	0	0	0	20	76	122	92	78	21	63	157	109	46	120	167	21	173	87	181	113	66	130	109	102	111	96	97	125	93	113	101	124	112	80	109	147	98	185	145	170	28	96	173	175	101	74	103
0	0	0	0	0	0	0	0	0	0	0	0	0	0	0	0	0	0	0	0	0	0	0	0	0	0	0	0	0	0	0	0	0	0	0	0	0	0	0	0	0	0	0	0	0	0	0	0	0	0	0	0	0	0	0	0	0	0	0	0	0	0	0	0	0	0	0	0	0	0	0	0	0	0	0	0	0	0	0	0	0	0	0	0	0	86	38	156	122	61	64	31	52	106	139	26	162	155	113	147	70	81	9	158	170	85	97	52	106	119	79	92	108	92	69	47	67	83	171	168	141	84	95	139	70	70	56	136
0	0	0	0	0	0	0	0	0	0	0	0	0	0	0	0	0	0	0	0	0	0	0	0	0	0	0	0	0	0	0	0	0	0	0	0	0	0	0	0	0	0	0	0	0	0	0	0	0	0	0	0	0	0	0	0	0	0	0	0	0	0	0	0	0	0	0	0	0	0	0	0	0	0	0	0	0	0	0	0	0	0	0	0	0	0	127	106	128	99	83	68	136	100	118	156	97	136	34	124	92	179	102	64	139	138	159	80	78	92	73	170	89	145	174	130	207	49	169	162	102	96	82	135	95	172	125	110
0	0	0	0	0	0	0	0	0	0	0	0	0	0	0	0	0	0	0	0	0	0	0	0	0	0	0	0	0	0	0	0	0	0	0	0	0	0	0	0	0	0	0	0	0	0	0	0	0	0	0	0	0	0	0	0	0	0	0	0	0	0	0	0	0	0	0	0	0	0	0	0	0	0	0	0	0	0	0	0	0	0	0	0	0	0	0	128	129	51	83	101	70	59	62	204	88	78	157	79	112	71	127	61	121	102	119	114	140	75	168	142	43	91	118	103	100	50	74	81	93	134	183	128	189	84	125	147
0	0	0	0	0	0	0	0	0	0	0	0	0	0	0	0	0	0	0	0	0	0	0	0	0	0	0	0	0	0	0	0	0	0	0	0	0	0	0	0	0	0	0	0	0	0	0	0	0	0	0	0	0	0	0	0	0	0	0	0	0	0	0	0	0	0	0	0	0	0	0	0	0	0	0	0	0	0	0	0	0	0	0	0	0	0	0	0	184	22	81	129	60	210	158	102	155	138	177	126	82	152	100	114	78	12	168	116	114	92	127	28	87	102	53	96	126	185	47	177	104	49	91	188	73	137	55	159
0	0	0	0	0	0	0	0	0	0	0	0	0	0	0	0	0	0	0	0	0	0	0	0	0	0	0	0	0	0	0	0	0	0	0	0	0	0	0	0	0	0	0	0	0	0	0	0	0	0	0	0	0	0	0	0	0	0	0	0	0	0	0	0	0	0	0	0	0	0	0	0	0	0	0	0	0	0	0	0	0	0	0	0	0	0	0	0	0	72	156	80	59	49	74	60	104	46	137	90	99	173	114	85	111	133	118	133	191	114	98	55	115	150	34	112	57	68	164	72	94	90	53	73	89	69	133	210
0	0	0	0	0	0	0	0	0	0	0	0	0	0	0	0	0	0	0	0	0	0	0	0	0	0	0	0	0	0	0	0	0	0	0	0	0	0	0	0	0	0	0	0	0	0	0	0	0	0	0	0	0	0	0	0	0	0	0	0	0	0	0	0	0	0	0	0	0	0	0	0	0	0	0	0	0	0	0	0	0	0	0	0	0	0	0	0	0	0	138	142	166	88	9	111	79	153	83	146	133	100	184	72	44	97	166	139	79	117	106	162	113	110	76	113	78	172	21	72	138	209	85	211	132	56	160	129
0	0	0	0	0	0	0	0	0	0	0	0	0	0	0	0	0	0	0	0	0	0	0	0	0	0	0	0	0	0	0	0	0	0	0	0	0	0	0	0	0	0	0	0	0	0	0	0	0	0	0	0	0	0	0	0	0	0	0	0	0	0	0	0	0	0	0	0	0	0	0	0	0	0	0	0	0	0	0	0	0	0	0	0	0	0	0	0	0	0	0	95	153	87	149	110	131	83	162	122	49	131	173	75	66	87	65	112	117	162	153	81	60	168	61	85	143	11	101	209	124	80	91	169	157	107	180	169
0	0	0	0	0	0	0	0	0	0	0	0	0	0	0	0	0	0	0	0	0	0	0	0	0	0	0	0	0	0	0	0	0	0	0	0	0	0	0	0	0	0	0	0	0	0	0	0	0	0	0	0	0	0	0	0	0	0	0	0	0	0	0	0	0	0	0	0	0	0	0	0	0	0	0	0	0	0	0	0	0	0	0	0	0	0	0	0	0	0	0	0	34	132	152	107	92	152	190	164	120	132	100	108	72	184	161	180	162	129	126	65	124	125	82	130	39	129	161	49	107	87	115	30	125	94	94	127
0	0	0	0	0	0	0	0	0	0	0	0	0	0	0	0	0	0	0	0	0	0	0	0	0	0	0	0	0	0	0	0	0	0	0	0	0	0	0	0	0	0	0	0	0	0	0	0	0	0	0	0	0	0	0	0	0	0	0	0	0	0	0	0	0	0	0	0	0	0	0	0	0	0	0	0	0	0	0	0	0	0	0	0	0	0	0	0	0	0	0	0	0	75	103	106	123	123	91	121	94	168	126	122	81	108	124	105	118	174	152	113	135	130	180	92	80	163	174	73	139	177	123	45	117	47	115	108
0	0	0	0	0	0	0	0	0	0	0	0	0	0	0	0	0	0	0	0	0	0	0	0	0	0	0	0	0	0	0	0	0	0	0	0	0	0	0	0	0	0	0	0	0	0	0	0	0	0	0	0	0	0	0	0	0	0	0	0	0	0	0	0	0	0	0	0	0	0	0	0	0	0	0	0	0	0	0	0	0	0	0	0	0	0	0	0	0	0	0	0	0	0	179	71	65	157	163	170	125	126	186	94	97	147	112	61	133	108	115	191	74	121	166	127	140	118	28	66	131	199	146	74	78	139	121	205
0	0	0	0	0	0	0	0	0	0	0	0	0	0	0	0	0	0	0	0	0	0	0	0	0	0	0	0	0	0	0	0	0	0	0	0	0	0	0	0	0	0	0	0	0	0	0	0	0	0	0	0	0	0	0	0	0	0	0	0	0	0	0	0	0	0	0	0	0	0	0	0	0	0	0	0	0	0	0	0	0	0	0	0	0	0	0	0	0	0	0	0	0	0	0	161	161	151	87	76	24	123	90	151	171	69	165	114	39	178	88	64	38	197	166	82	126	93	149	122	179	120	105	34	154	122	142	118
0	0	0	0	0	0	0	0	0	0	0	0	0	0	0	0	0	0	0	0	0	0	0	0	0	0	0	0	0	0	0	0	0	0	0	0	0	0	0	0	0	0	0	0	0	0	0	0	0	0	0	0	0	0	0	0	0	0	0	0	0	0	0	0	0	0	0	0	0	0	0	0	0	0	0	0	0	0	0	0	0	0	0	0	0	0	0	0	0	0	0	0	0	0	0	0	102	117	203	81	126	117	79	50	140	130	19	176	85	208	118	113	85	70	155	85	25	150	94	121	149	66	211	156	143	140	122	115
0	0	0	0	0	0	0	0	0	0	0	0	0	0	0	0	0	0	0	0	0	0	0	0	0	0	0	0	0	0	0	0	0	0	0	0	0	0	0	0	0	0	0	0	0	0	0	0	0	0	0	0	0	0	0	0	0	0	0	0	0	0	0	0	0	0	0	0	0	0	0	0	0	0	0	0	0	0	0	0	0	0	0	0	0	0	0	0	0	0	0	0	0	0	0	0	0	70	115	92	79	116	132	214	121	154	77	55	55	85	179	174	28	205	178	138	219	146	108	137	90	40	197	29	77	136	159	41
0	0	0	0	0	0	0	0	0	0	0	0	0	0	0	0	0	0	0	0	0	0	0	0	0	0	0	0	0	0	0	0	0	0	0	0	0	0	0	0	0	0	0	0	0	0	0	0	0	0	0	0	0	0	0	0	0	0	0	0	0	0	0	0	0	0	0	0	0	0	0	0	0	0	0	0	0	0	0	0	0	0	0	0	0	0	0	0	0	0	0	0	0	0	0	0	0	0	103	165	217	82	68	138	135	82	38	143	100	51	55	181	119	116	120	171	155	179	70	131	189	173	48	94	91	131	172	201
0	0	0	0	0	0	0	0	0	0	0	0	0	0	0	0	0	0	0	0	0	0	0	0	0	0	0	0	0	0	0	0	0	0	0	0	0	0	0	0	0	0	0	0	0	0	0	0	0	0	0	0	0	0	0	0	0	0	0	0	0	0	0	0	0	0	0	0	0	0	0	0	0	0	0	0	0	0	0	0	0	0	0	0	0	0	0	0	0	0	0	0	0	0	0	0	0	0	0	10	86	166	116	120	113	84	121	175	115	107	194	63	30	163	98	198	173	99	134	120	87	171	102	122	128	93	149	87
0	0	0	0	0	0	0	0	0	0	0	0	0	0	0	0	0	0	0	0	0	0	0	0	0	0	0	0	0	0	0	0	0	0	0	0	0	0	0	0	0	0	0	0	0	0	0	0	0	0	0	0	0	0	0	0	0	0	0	0	0	0	0	0	0	0	0	0	0	0	0	0	0	0	0	0	0	0	0	0	0	0	0	0	0	0	0	0	0	0	0	0	0	0	0	0	0	0	0	0	149	144	105	24	16	199	205	101	92	119	127	42	98	156	97	131	155	69	90	107	137	103	149	150	83	147	148	54
0	0	0	0	0	0	0	0	0	0	0	0	0	0	0	0	0	0	0	0	0	0	0	0	0	0	0	0	0	0	0	0	0	0	0	0	0	0	0	0	0	0	0	0	0	0	0	0	0	0	0	0	0	0	0	0	0	0	0	0	0	0	0	0	0	0	0	0	0	0	0	0	0	0	0	0	0	0	0	0	0	0	0	0	0	0	0	0	0	0	0	0	0	0	0	0	0	0	0	0	0	147	163	78	141	89	190	29	159	37	156	85	12	95	110	66	134	227	9	56	124	97	208	47	64	72	102	194
0	0	0	0	0	0	0	0	0	0	0	0	0	0	0	0	0	0	0	0	0	0	0	0	0	0	0	0	0	0	0	0	0	0	0	0	0	0	0	0	0	0	0	0	0	0	0	0	0	0	0	0	0	0	0	0	0	0	0	0	0	0	0	0	0	0	0	0	0	0	0	0	0	0	0	0	0	0	0	0	0	0	0	0	0	0	0	0	0	0	0	0	0	0	0	0	0	0	0	0	0	0	43	130	187	93	143	111	123	145	84	128	133	107	115	91	137	149	175	44	194	37	87	145	24	132	154	47
0	0	0	0	0	0	0	0	0	0	0	0	0	0	0	0	0	0	0	0	0	0	0	0	0	0	0	0	0	0	0	0	0	0	0	0	0	0	0	0	0	0	0	0	0	0	0	0	0	0	0	0	0	0	0	0	0	0	0	0	0	0	0	0	0	0	0	0	0	0	0	0	0	0	0	0	0	0	0	0	0	0	0	0	0	0	0	0	0	0	0	0	0	0	0	0	0	0	0	0	0	0	0	197	120	116	172	180	34	140	179	185	64	99	91	93	40	68	78	164	180	109	113	68	84	179	53	74
0	0	0	0	0	0	0	0	0	0	0	0	0	0	0	0	0	0	0	0	0	0	0	0	0	0	0	0	0	0	0	0	0	0	0	0	0	0	0	0	0	0	0	0	0	0	0	0	0	0	0	0	0	0	0	0	0	0	0	0	0	0	0	0	0	0	0	0	0	0	0	0	0	0	0	0	0	0	0	0	0	0	0	0	0	0	0	0	0	0	0	0	0	0	0	0	0	0	0	0	0	0	0	0	74	106	120	90	139	105	176	136	88	186	48	99	157	123	142	75	50	66	142	57	192	134	67	136
0	0	0	0	0	0	0	0	0	0	0	0	0	0	0	0	0	0	0	0	0	0	0	0	0	0	0	0	0	0	0	0	0	0	0	0	0	0	0	0	0	0	0	0	0	0	0	0	0	0	0	0	0	0	0	0	0	0	0	0	0	0	0	0	0	0	0	0	0	0	0	0	0	0	0	0	0	0	0	0	0	0	0	0	0	0	0	0	0	0	0	0	0	0	0	0	0	0	0	0	0	0	0	0	0	198	67	112	34	114	150	74	113	26	130	94	131	198	130	114	89	159	158	102	67	101	154	130
0	0	0	0	0	0	0	0	0	0	0	0	0	0	0	0	0	0	0	0	0	0	0	0	0	0	0	0	0	0	0	0	0	0	0	0	0	0	0	0	0	0	0	0	0	0	0	0	0	0	0	0	0	0	0	0	0	0	0	0	0	0	0	0	0	0	0	0	0	0	0	0	0	0	0	0	0	0	0	0	0	0	0	0	0	0	0	0	0	0	0	0	0	0	0	0	0	0	0	0	0	0	0	0	0	0	217	159	195	169	124	125	99	102	139	34	208	73	73	129	34	133	121	142	43	81	176	90
0	0	0	0	0	0	0	0	0	0	0	0	0	0	0	0	0	0	0	0	0	0	0	0	0	0	0	0	0	0	0	0	0	0	0	0	0	0	0	0	0	0	0	0	0	0	0	0	0	0	0	0	0	0	0	0	0	0	0	0	0	0	0	0	0	0	0	0	0	0	0	0	0	0	0	0	0	0	0	0	0	0	0	0	0	0	0	0	0	0	0	0	0	0	0	0	0	0	0	0	0	0	0	0	0	0	0	199	168	117	202	101	204	68	91	112	89	184	176	165	98	110	205	184	217	157	126	59
0	0	0	0	0	0	0	0	0	0	0	0	0	0	0	0	0	0	0	0	0	0	0	0	0	0	0	0	0	0	0	0	0	0	0	0	0	0	0	0	0	0	0	0	0	0	0	0	0	0	0	0	0	0	0	0	0	0	0	0	0	0	0	0	0	0	0	0	0	0	0	0	0	0	0	0	0	0	0	0	0	0	0	0	0	0	0	0	0	0	0	0	0	0	0	0	0	0	0	0	0	0	0	0	0	0	0	0	86	71	168	67	100	162	87	114	34	125	128	64	108	177	160	84	168	176	109	136
0	0	0	0	0	0	0	0	0	0	0	0	0	0	0	0	0	0	0	0	0	0	0	0	0	0	0	0	0	0	0	0	0	0	0	0	0	0	0	0	0	0	0	0	0	0	0	0	0	0	0	0	0	0	0	0	0	0	0	0	0	0	0	0	0	0	0	0	0	0	0	0	0	0	0	0	0	0	0	0	0	0	0	0	0	0	0	0	0	0	0	0	0	0	0	0	0	0	0	0	0	0	0	0	0	0	0	0	0	161	118	94	149	135	183	131	102	111	118	192	104	151	127	85	80	45	121	98
0	0	0	0	0	0	0	0	0	0	0	0	0	0	0	0	0	0	0	0	0	0	0	0	0	0	0	0	0	0	0	0	0	0	0	0	0	0	0	0	0	0	0	0	0	0	0	0	0	0	0	0	0	0	0	0	0	0	0	0	0	0	0	0	0	0	0	0	0	0	0	0	0	0	0	0	0	0	0	0	0	0	0	0	0	0	0	0	0	0	0	0	0	0	0	0	0	0	0	0	0	0	0	0	0	0	0	0	0	0	157	161	148	146	197	57	65	61	130	173	111	213	86	184	61	100	170	108
0	0	0	0	0	0	0	0	0	0	0	0	0	0	0	0	0	0	0	0	0	0	0	0	0	0	0	0	0	0	0	0	0	0	0	0	0	0	0	0	0	0	0	0	0	0	0	0	0	0	0	0	0	0	0	0	0	0	0	0	0	0	0	0	0	0	0	0	0	0	0	0	0	0	0	0	0	0	0	0	0	0	0	0	0	0	0	0	0	0	0	0	0	0	0	0	0	0	0	0	0	0	0	0	0	0	0	0	0	0	0	128	126	112	112	142	87	164	104	109	134	131	141	130	113	193	67	103
0	0	0	0	0	0	0	0	0	0	0	0	0	0	0	0	0	0	0	0	0	0	0	0	0	0	0	0	0	0	0	0	0	0	0	0	0	0	0	0	0	0	0	0	0	0	0	0	0	0	0	0	0	0	0	0	0	0	0	0	0	0	0	0	0	0	0	0	0	0	0	0	0	0	0	0	0	0	0	0	0	0	0	0	0	0	0	0	0	0	0	0	0	0	0	0	0	0	0	0	0	0	0	0	0	0	0	0	0	0	0	0	112	160	159	212	98	114	83	212	43	149	170	153	118	95	172	139
0	0	0	0	0	0	0	0	0	0	0	0	0	0	0	0	0	0	0	0	0	0	0	0	0	0	0	0	0	0	0	0	0	0	0	0	0	0	0	0	0	0	0	0	0	0	0	0	0	0	0	0	0	0	0	0	0	0	0	0	0	0	0	0	0	0	0	0	0	0	0	0	0	0	0	0	0	0	0	0	0	0	0	0	0	0	0	0	0	0	0	0	0	0	0	0	0	0	0	0	0	0	0	0	0	0	0	0	0	0	0	0	0	174	45	159	106	214	95	161	51	62	226	111	88	151	131	183
0	0	0	0	0	0	0	0	0	0	0	0	0	0	0	0	0	0	0	0	0	0	0	0	0	0	0	0	0	0	0	0	0	0	0	0	0	0	0	0	0	0	0	0	0	0	0	0	0	0	0	0	0	0	0	0	0	0	0	0	0	0	0	0	0	0	0	0	0	0	0	0	0	0	0	0	0	0	0	0	0	0	0	0	0	0	0	0	0	0	0	0	0	0	0	0	0	0	0	0	0	0	0	0	0	0	0	0	0	0	0	0	0	0	43	152	179	50	150	127	141	89	105	160	121	111	75	210
0	0	0	0	0	0	0	0	0	0	0	0	0	0	0	0	0	0	0	0	0	0	0	0	0	0	0	0	0	0	0	0	0	0	0	0	0	0	0	0	0	0	0	0	0	0	0	0	0	0	0	0	0	0	0	0	0	0	0	0	0	0	0	0	0	0	0	0	0	0	0	0	0	0	0	0	0	0	0	0	0	0	0	0	0	0	0	0	0	0	0	0	0	0	0	0	0	0	0	0	0	0	0	0	0	0	0	0	0	0	0	0	0	0	0	130	178	129	146	57	78	90	118	110	86	179	96	142
0	0	0	0	0	0	0	0	0	0	0	0	0	0	0	0	0	0	0	0	0	0	0	0	0	0	0	0	0	0	0	0	0	0	0	0	0	0	0	0	0	0	0	0	0	0	0	0	0	0	0	0	0	0	0	0	0	0	0	0	0	0	0	0	0	0	0	0	0	0	0	0	0	0	0	0	0	0	0	0	0	0	0	0	0	0	0	0	0	0	0	0	0	0	0	0	0	0	0	0	0	0	0	0	0	0	0	0	0	0	0	0	0	0	0	0	104	78	59	186	59	167	158	69	81	128	57	109
0	0	0	0	0	0	0	0	0	0	0	0	0	0	0	0	0	0	0	0	0	0	0	0	0	0	0	0	0	0	0	0	0	0	0	0	0	0	0	0	0	0	0	0	0	0	0	0	0	0	0	0	0	0	0	0	0	0	0	0	0	0	0	0	0	0	0	0	0	0	0	0	0	0	0	0	0	0	0	0	0	0	0	0	0	0	0	0	0	0	0	0	0	0	0	0	0	0	0	0	0	0	0	0	0	0	0	0	0	0	0	0	0	0	0	0	0	146	185	179	212	187	109	125	27	157	165	114
0	0	0	0	0	0	0	0	0	0	0	0	0	0	0	0	0	0	0	0	0	0	0	0	0	0	0	0	0	0	0	0	0	0	0	0	0	0	0	0	0	0	0	0	0	0	0	0	0	0	0	0	0	0	0	0	0	0	0	0	0	0	0	0	0	0	0	0	0	0	0	0	0	0	0	0	0	0	0	0	0	0	0	0	0	0	0	0	0	0	0	0	0	0	0	0	0	0	0	0	0	0	0	0	0	0	0	0	0	0	0	0	0	0	0	0	0	0	38	135	41	134	147	169	61	105	97	183
0	0	0	0	0	0	0	0	0	0	0	0	0	0	0	0	0	0	0	0	0	0	0	0	0	0	0	0	0	0	0	0	0	0	0	0	0	0	0	0	0	0	0	0	0	0	0	0	0	0	0	0	0	0	0	0	0	0	0	0	0	0	0	0	0	0	0	0	0	0	0	0	0	0	0	0	0	0	0	0	0	0	0	0	0	0	0	0	0	0	0	0	0	0	0	0	0	0	0	0	0	0	0	0	0	0	0	0	0	0	0	0	0	0	0	0	0	0	0	189	123	181	109	135	93	60	37	152
0	0	0	0	0	0	0	0	0	0	0	0	0	0	0	0	0	0	0	0	0	0	0	0	0	0	0	0	0	0	0	0	0	0	0	0	0	0	0	0	0	0	0	0	0	0	0	0	0	0	0	0	0	0	0	0	0	0	0	0	0	0	0	0	0	0	0	0	0	0	0	0	0	0	0	0	0	0	0	0	0	0	0	0	0	0	0	0	0	0	0	0	0	0	0	0	0	0	0	0	0	0	0	0	0	0	0	0	0	0	0	0	0	0	0	0	0	0	0	0	33	98	86	117	130	142	72	108
0	0	0	0	0	0	0	0	0	0	0	0	0	0	0	0	0	0	0	0	0	0	0	0	0	0	0	0	0	0	0	0	0	0	0	0	0	0	0	0	0	0	0	0	0	0	0	0	0	0	0	0	0	0	0	0	0	0	0	0	0	0	0	0	0	0	0	0	0	0	0	0	0	0	0	0	0	0	0	0	0	0	0	0	0	0	0	0	0	0	0	0	0	0	0	0	0	0	0	0	0	0	0	0	0	0	0	0	0	0	0	0	0	0	0	0	0	0	0	0	0	88	108	107	195	34	98	91
0	0	0	0	0	0	0	0	0	0	0	0	0	0	0	0	0	0	0	0	0	0	0	0	0	0	0	0	0	0	0	0	0	0	0	0	0	0	0	0	0	0	0	0	0	0	0	0	0	0	0	0	0	0	0	0	0	0	0	0	0	0	0	0	0	0	0	0	0	0	0	0	0	0	0	0	0	0	0	0	0	0	0	0	0	0	0	0	0	0	0	0	0	0	0	0	0	0	0	0	0	0	0	0	0	0	0	0	0	0	0	0	0	0	0	0	0	0	0	0	0	0	227	215	102	58	85	10
0	0	0	0	0	0	0	0	0	0	0	0	0	0	0	0	0	0	0	0	0	0	0	0	0	0	0	0	0	0	0	0	0	0	0	0	0	0	0	0	0	0	0	0	0	0	0	0	0	0	0	0	0	0	0	0	0	0	0	0	0	0	0	0	0	0	0	0	0	0	0	0	0	0	0	0	0	0	0	0	0	0	0	0	0	0	0	0	0	0	0	0	0	0	0	0	0	0	0	0	0	0	0	0	0	0	0	0	0	0	0	0	0	0	0	0	0	0	0	0	0	0	0	178	227	151	65	85
0	0	0	0	0	0	0	0	0	0	0	0	0	0	0	0	0	0	0	0	0	0	0	0	0	0	0	0	0	0	0	0	0	0	0	0	0	0	0	0	0	0	0	0	0	0	0	0	0	0	0	0	0	0	0	0	0	0	0	0	0	0	0	0	0	0	0	0	0	0	0	0	0	0	0	0	0	0	0	0	0	0	0	0	0	0	0	0	0	0	0	0	0	0	0	0	0	0	0	0	0	0	0	0	0	0	0	0	0	0	0	0	0	0	0	0	0	0	0	0	0	0	0	0	57	240	155	219
0	0	0	0	0	0	0	0	0	0	0	0	0	0	0	0	0	0	0	0	0	0	0	0	0	0	0	0	0	0	0	0	0	0	0	0	0	0	0	0	0	0	0	0	0	0	0	0	0	0	0	0	0	0	0	0	0	0	0	0	0	0	0	0	0	0	0	0	0	0	0	0	0	0	0	0	0	0	0	0	0	0	0	0	0	0	0	0	0	0	0	0	0	0	0	0	0	0	0	0	0	0	0	0	0	0	0	0	0	0	0	0	0	0	0	0	0	0	0	0	0	0	0	0	0	18	185	182
0	0	0	0	0	0	0	0	0	0	0	0	0	0	0	0	0	0	0	0	0	0	0	0	0	0	0	0	0	0	0	0	0	0	0	0	0	0	0	0	0	0	0	0	0	0	0	0	0	0	0	0	0	0	0	0	0	0	0	0	0	0	0	0	0	0	0	0	0	0	0	0	0	0	0	0	0	0	0	0	0	0	0	0	0	0	0	0	0	0	0	0	0	0	0	0	0	0	0	0	0	0	0	0	0	0	0	0	0	0	0	0	0	0	0	0	0	0	0	0	0	0	0	0	0	0	137	117
0	0	0	0	0	0	0	0	0	0	0	0	0	0	0	0	0	0	0	0	0	0	0	0	0	0	0	0	0	0	0	0	0	0	0	0	0	0	0	0	0	0	0	0	0	0	0	0	0	0	0	0	0	0	0	0	0	0	0	0	0	0	0	0	0	0	0	0	0	0	0	0	0	0	0	0	0	0	0	0	0	0	0	0	0	0	0	0	0	0	0	0	0	0	0	0	0	0	0	0	0	0	0	0	0	0	0	0	0	0	0	0	0	0	0	0	0	0	0	0	0	0	0	0	0	0	0	154
0	0	0	0	0	0	0	0	0	0	0	0	0	0	0	0	0	0	0	0	0	0	0	0	0	0	0	0	0	0	0	0	0	0	0	0	0	0	0	0	0	0	0	0	0	0	0	0	0	0	0	0	0	0	0	0	0	0	0	0	0	0	0	0	0	0	0	0	0	0	0	0	0	0	0	0	0	0	0	0	0	0	0	0	0	0	0	0	0	0	0	0	0	0	0	0	0	0	0	0	0	0	0	0	0	0	0	0	0	0	0	0	0	0	0	0	0	0	0	0	0	0	0	0	0	0	0	0