0	71	5	118	78	23	61	30	69	114	24	86	69	35	54	8	61	3	124	100	15	62	5	27	15	18	7	38	93	59	121	72	115	35	14	11	119	119	75	129	83	103	42	43	30	109	47	76	52	47	32	48	7	25	52	71	97	89	64	78	17	100	117	15	92	44	38	79	110	17	21	78	38	85	16	9	124	13	92	53	100	3	88	112	23	46	11	125	25	112	10	63	54	87	117	3	93	16	127	84	61	72	77	11	42	48	103	68	72	10	83	19	73	54	34	102	17	62	34	113	6	122	129	72	54	60	91	41
0	0	89	16	77	127	45	28	103	103	81	16	66	55	107	86	67	65	35	54	78	106	126	44	109	115	30	45	52	121	64	94	57	107	8	84	29	91	130	106	88	42	115	50	85	93	99	118	40	58	45	8	25	104	35	42	57	89	8	64	47	85	94	50	31	97	19	12	39	94	82	68	59	111	30	52	49	8	72	82	86	82	81	23	97	71	96	37	123	86	53	90	70	102	40	8	116	80	30	94	16	11	30	86	5	38	60	43	50	62	113	21	50	52	84	40	45	93	106	52	82	15	104	16	68	25	30	41
0	0	0	101	95	54	129	80	102	4	64	108	114	124	12	57	10	27	111	104	121	95	126	15	48	63	103	65	15	7	10	117	10	129	92	52	78	103	16	91	83	124	130	19	126	98	18	29	60	83	33	59	60	27	90	130	61	116	35	92	17	79	49	96	80	110	58	62	93	38	11	76	28	50	18	79	65	22	93	46	29	66	121	100	116	10	128	102	32	35	22	69	39	58	12	77	19	3	128	99	91	112	97	66	71	88	91	100	51	117	66	104	60	53	16	76	30	88	117	66	111	101	107	34	65	108	38	40
0	0	0	0	51	73	69	123	68	61	113	9	97	107	90	80	67	17	12	123	118	2	27	16	50	48	37	50	11	15	114	86	110	73	51	89	55	98	73	112	46	96	101	45	96	61	11	58	13	30	80	126	125	60	25	62	41	127	97	22	26	115	57	6	65	74	93	30	32	106	67	117	121	55	52	47	116	21	109	11	128	9	88	94	16	24	59	108	84	24	99	46	107	45	23	105	72	93	82	55	47	86	104	68	6	15	45	96	66	115	75	83	67	96	75	81	40	104	97	47	25	91	62	3	103	98	13	129
0	0	0	0	0	43	7	108	10	84	40	128	133	128	120	51	91	91	76	103	30	34	69	49	12	84	129	78	15	62	64	76	96	89	81	7	19	94	11	33	101	106	117	30	92	8	122	37	19	123	20	115	18	79	92	93	69	131	110	97	41	121	60	74	43	35	62	50	39	66	131	130	22	45	59	8	75	37	128	36	49	105	9	60	15	11	6	53	26	30	74	99	11	47	29	72	13	109	11	32	109	4	125	76	80	17	6	88	96	90	31	33	112	42	7	87	113	36	54	112	57	70	66	84	23	105	93	128
0	0	0	0	0	0	20	88	31	12	113	94	55	36	16	13	118	89	94	47	51	38	70	112	54	120	23	104	132	56	7	93	25	48	69	95	90	37	82	58	33	27	126	99	113	105	122	19	73	120	24	20	86	131	46	14	88	47	112	40	103	116	14	36	98	35	7	38	45	73	48	76	62	92	6	38	91	105	64	60	61	123	30	20	81	21	21	49	50	25	84	82	43	42	85	9	17	95	49	129	27	81	91	72	72	40	77	57	97	5	121	10	34	103	110	115	98	90	72	45	71	61	6	13	15	84	19	67
0	0	0	0	0	0	0	109	54	77	59	81	31	17	46	51	59	72	55	41	79	102	126	100	83	126	66	80	68	79	77	42	13	17	97	120	9	130	123	93	58	128	63	93	36	30	16	100	23	18	95	55	78	29	127	16	123	88	115	128	61	75	102	117	20	35	84	59	35	128	84	55	42	46	111	100	17	71	127	55	43	91	122	15	83	32	84	122	11	59	8	25	34	64	59	58	25	108	33	115	101	30	41	18	49	69	109	76	115	34	20	124	36	88	94	28	130	129	89	112	130	129	113	103	83	94	111	53
0	0	0	0	0	0	0	0	43	50	67	81	99	127	110	99	7	45	131	78	45	11	112	34	123	44	133	54	90	34	9	115	75	65	29	133	95	28	39	79	101	106	23	54	125	114	3	69	3	107	88	72	116	22	38	98	10	5	36	104	22	63	16	50	70	66	26	47	80	21	77	56	13	130	14	93	69	26	120	59	85	126	124	117	122	40	46	25	97	30	49	103	69	29	72	36	93	100	9	104	106	21	28	86	129	33	95	81	29	78	56	24	63	94	67	46	124	35	57	3	5	16	78	58	110	42	27	124
0	0	0	0	0	0	0	0	0	59	88	63	15	89	47	17	83	57	5	93	64	122	65	118	131	105	107	30	92	121	109	12	41	89	123	117	87	119	13	66	12	46	68	70	95	113	84	96	32	37	79	38	99	101	121	100	57	83	33	121	17	12	80	17	126	14	55	16	30	69	80	91	97	57	98	73	88	124	79	30	38	17	92	77	132	53	86	42	92	107	91	24	16	53	48	35	2	89	56	133	86	113	79	124	19	15	8	60	79	35	80	96	108	91	111	102	106	28	73	73	47	48	108	12	26	114	11	62
0	0	0	0	0	0	0	0	0	0	60	33	63	138	44	134	110	66	130	123	47	116	46	63	36	89	80	51	99	52	50	118	68	70	8	67	22	92	67	77	110	92	35	115	62	98	61	22	25	122	70	22	85	61	102	57	33	51	102	52	124	15	107	77	92	130	37	51	119	33	110	45	5	93	84	12	57	38	100	102	121	80	132	102	2	45	90	49	24	123	47	25	76	57	48	120	66	69	113	108	39	32	11	58	52	46	42	31	112	37	21	72	75	109	61	41	40	57	130	47	107	74	45	36	107	86	94	51
0	0	0	0	0	0	0	0	0	0	0	37	35	126	80	129	36	104	26	136	41	118	23	95	60	57	99	114	96	92	92	70	111	135	81	19	116	52	56	53	132	95	82	55	9	84	24	119	90	45	10	19	45	76	38	38	22	32	61	35	81	99	110	58	90	55	59	76	118	86	37	109	122	32	54	29	96	14	122	106	25	89	19	44	88	29	83	99	79	86	129	47	83	9	81	29	114	60	57	103	42	117	79	93	16	112	23	23	79	61	48	104	81	70	89	133	52	20	14	123	30	126	47	84	121	36	35	79
0	0	0	0	0	0	0	0	0	0	0	0	54	65	116	81	55	86	92	75	21	46	29	101	94	120	8	73	116	24	83	12	122	13	5	124	40	10	105	87	66	61	118	38	88	117	116	74	62	97	68	130	11	92	48	16	99	53	41	74	65	64	56	12	113	17	106	31	23	71	68	36	53	113	68	116	64	42	85	19	108	29	136	93	74	17	86	30	81	38	79	65	125	94	56	66	122	68	15	79	131	22	66	68	83	64	71	29	58	82	48	28	122	121	130	91	96	102	83	124	20	66	81	77	62	6	114	60
0	0	0	0	0	0	0	0	0	0	0	0	0	50	66	30	74	128	48	14	88	136	81	17	49	12	17	47	66	68	92	17	38	37	130	124	51	83	69	14	8	54	82	139	86	20	133	137	135	115	118	91	122	110	115	93	31	23	120	134	78	69	75	25	63	23	56	119	50	33	87	32	12	103	89	59	67	56	19	79	122	73	29	8	40	25	55	121	64	14	16	50	120	126	32	48	116	74	111	114	13	129	27	77	127	34	54	63	87	52	61	36	35	95	112	29	54	133	89	68	111	123	83	74	25	51	11	89
0	0	0	0	0	0	0	0	0	0	0	0	0	0	80	128	58	97	29	69	106	80	72	126	69	56	70	93	91	10	22	71	90	65	36	52	102	89	76	37	31	81	47	98	110	113	95	55	135	124	42	72	79	18	21	37	107	139	7	52	129	72	103	104	91	121	34	15	38	113	117	100	18	43	14	33	132	137	123	97	66	17	102	55	13	72	134	94	92	68	120	109	91	81	67	95	86	26	63	17	118	48	136	132	127	140	120	82	8	80	30	90	12	111	97	118	11	68	33	69	25	54	79	52	69	80	92	49
0	0	0	0	0	0	0	0	0	0	0	0	0	0	0	38	109	82	94	125	55	120	7	28	128	57	96	53	71	57	40	15	19	100	117	95	50	82	24	73	76	100	132	85	86	44	7	98	93	35	57	106	125	25	88	130	11	51	104	80	16	77	19	112	10	134	4	73	108	16	113	126	124	46	56	132	68	42	59	68	86	16	106	132	57	83	56	77	118	109	103	69	80	38	129	105	113	62	63	36	85	58	16	124	87	83	115	97	134	10	22	104	78	84	45	28	89	129	31	127	96	30	108	21	57	115	104	101
0	0	0	0	0	0	0	0	0	0	0	0	0	0	0	0	131	126	114	129	113	96	45	134	47	92	75	96	107	57	130	64	127	65	48	54	90	20	31	106	45	47	58	19	105	28	65	70	45	74	116	128	45	98	26	61	25	140	136	137	26	12	122	26	92	48	24	41	69	23	116	15	50	111	45	65	34	45	46	125	16	25	122	53	118	112	55	15	87	73	49	75	77	133	53	124	44	96	103	98	88	72	28	63	16	87	89	99	77	130	19	58	137	114	46	52	124	28	104	38	10	35	110	28	92	33	22	80
0	0	0	0	0	0	0	0	0	0	0	0	0	0	0	0	0	119	29	71	36	72	34	28	137	60	91	129	90	106	81	120	42	81	81	18	43	126	130	60	136	137	66	92	20	26	80	23	127	62	98	140	38	131	121	80	66	32	28	36	92	94	79	113	125	104	111	26	106	16	106	103	88	29	137	55	117	140	81	22	81	83	41	91	20	127	104	112	123	104	36	29	67	127	59	89	101	22	30	49	117	29	81	85	63	71	86	88	76	25	23	114	59	98	48	88	115	77	123	71	113	117	94	120	95	134	87	53
0	0	0	0	0	0	0	0	0	0	0	0	0	0	0	0	0	0	32	129	10	76	29	38	41	42	60	116	105	92	112	139	78	16	28	100	108	100	23	55	32	28	107	113	22	26	80	65	89	124	15	4	58	91	39	112	102	96	48	115	76	59	93	115	119	114	33	29	112	48	32	65	71	95	44	85	87	35	55	126	27	106	20	21	59	80	30	44	77	113	95	124	129	86	120	25	53	121	92	69	63	13	58	81	133	91	38	113	115	42	55	90	65	14	33	48	36	30	61	23	108	38	66	94	84	99	89	43
0	0	0	0	0	0	0	0	0	0	0	0	0	0	0	0	0	0	0	91	24	117	18	15	77	134	142	85	113	103	100	122	34	103	7	137	109	135	75	100	47	57	96	120	109	113	59	103	122	93	117	67	49	38	133	128	119	131	118	4	100	107	102	46	72	10	135	73	136	12	57	11	92	66	47	91	104	11	66	112	48	80	81	40	16	70	28	71	80	30	41	99	87	99	83	106	83	78	132	66	136	63	38	144	96	99	126	82	39	46	24	83	101	50	28	105	65	15	93	43	125	38	83	52	17	34	17	48
0	0	0	0	0	0	0	0	0	0	0	0	0	0	0	0	0	0	0	0	144	121	22	64	73	47	66	97	13	64	37	106	133	110	75	51	59	142	54	92	133	49	85	61	100	69	45	72	134	24	79	38	86	110	73	60	37	43	22	119	106	34	81	124	108	97	52	91	37	104	81	84	99	131	138	78	92	13	13	84	7	65	106	108	58	88	119	58	127	78	102	112	81	96	50	133	11	33	121	94	139	127	113	129	28	22	144	131	140	120	38	95	52	130	69	60	98	27	18	43	31	79	55	29	48	102	91	17
0	0	0	0	0	0	0	0	0	0	0	0	0	0	0	0	0	0	0	0	0	76	115	140	76	73	25	91	43	93	3	73	19	103	116	46	74	98	47	101	35	12	104	110	110	108	35	17	47	19	102	27	130	70	21	40	90	113	112	91	121	91	58	65	146	124	16	116	115	80	78	97	96	45	9	81	21	136	76	96	70	12	26	55	117	49	133	127	134	35	69	53	112	63	101	95	122	37	63	90	113	29	117	110	76	81	31	87	21	129	37	23	131	60	133	12	74	83	68	75	120	116	78	142	65	41	81	84
0	0	0	0	0	0	0	0	0	0	0	0	0	0	0	0	0	0	0	0	0	0	86	27	112	66	60	41	11	58	109	31	31	92	58	44	127	82	90	36	52	32	140	96	53	30	51	19	22	89	106	98	52	33	13	72	71	12	99	53	20	101	121	46	32	66	131	73	52	113	42	86	21	112	23	31	120	29	12	105	112	116	46	98	38	114	74	91	54	80	21	21	74	29	39	133	135	27	37	39	86	57	17	104	146	76	32	48	64	109	101	68	81	52	68	35	55	114	81	63	84	100	99	52	61	116	117	98
0	0	0	0	0	0	0	0	0	0	0	0	0	0	0	0	0	0	0	0	0	0	0	131	23	86	109	87	89	27	78	122	71	137	139	121	127	43	94	106	116	13	129	16	19	25	113	122	13	63	45	77	39	59	105	36	123	103	117	128	76	47	39	116	56	112	110	38	74	75	74	129	85	8	108	79	38	22	106	38	68	123	51	110	103	139	90	23	43	45	67	43	123	101	77	8	98	115	29	10	41	15	40	9	131	37	34	64	20	85	79	65	99	108	60	122	75	64	70	52	64	90	59	30	80	44	137	33
0	0	0	0	0	0	0	0	0	0	0	0	0	0	0	0	0	0	0	0	0	0	0	0	141	35	72	116	106	22	86	83	52	24	38	45	126	47	42	30	16	16	37	82	9	42	9	51	96	51	54	22	86	75	21	128	75	24	80	77	145	84	93	33	24	133	50	50	84	136	21	49	30	91	109	124	115	19	65	25	63	108	70	97	22	67	108	52	94	135	113	83	68	37	4	69	35	75	40	21	22	99	136	148	47	25	104	125	113	64	41	34	61	150	107	84	80	116	37	71	86	135	29	24	46	95	106	20
0	0	0	0	0	0	0	0	0	0	0	0	0	0	0	0	0	0	0	0	0	0	0	0	0	96	33	102	46	70	102	45	31	31	90	125	29	103	59	128	65	16	71	122	109	125	97	51	12	74	37	13	31	115	47	134	73	68	60	69	142	81	84	34	59	55	38	20	86	101	74	56	135	103	107	104	133	68	96	65	78	147	104	52	130	76	23	115	114	13	115	107	138	31	132	124	114	48	91	78	44	91	44	95	100	43	148	74	115	87	72	118	47	48	26	122	96	70	104	120	70	126	40	125	116	136	71	77
0	0	0	0	0	0	0	0	0	0	0	0	0	0	0	0	0	0	0	0	0	0	0	0	0	0	99	120	77	67	77	126	103	114	135	69	94	85	37	54	145	96	131	127	53	55	54	133	33	56	51	121	119	71	131	17	48	118	24	80	56	82	48	55	107	66	31	130	10	114	59	3	21	81	50	24	130	39	10	19	75	121	113	76	129	83	81	29	42	139	78	41	131	33	49	18	69	127	67	102	147	51	86	85	26	38	92	10	69	69	75	59	113	15	102	52	137	124	50	77	106	122	11	140	94	51	22	121
0	0	0	0	0	0	0	0	0	0	0	0	0	0	0	0	0	0	0	0	0	0	0	0	0	0	0	130	122	58	128	150	120	13	78	89	66	81	30	125	43	76	100	85	136	84	113	137	69	73	75	93	47	69	67	28	53	60	84	134	40	65	53	59	94	91	100	55	111	87	127	20	124	88	107	14	26	80	102	59	49	102	114	121	117	91	84	100	19	39	36	99	115	21	78	78	78	121	124	25	59	96	117	97	124	39	9	73	121	32	101	92	56	89	96	89	35	43	91	88	142	68	103	98	131	60	31	123
0	0	0	0	0	0	0	0	0	0	0	0	0	0	0	0	0	0	0	0	0	0	0	0	0	0	0	0	73	46	53	120	134	48	53	54	88	49	117	110	60	85	103	108	21	124	114	48	33	69	108	82	38	86	65	129	149	54	107	29	37	84	40	23	105	44	94	90	64	121	37	64	33	78	112	31	112	94	73	102	84	83	24	100	131	138	63	136	139	12	65	103	130	23	123	65	91	23	60	88	40	15	102	106	121	22	93	20	18	49	100	48	92	70	33	17	84	40	30	79	76	124	59	87	147	129	92	70
0	0	0	0	0	0	0	0	0	0	0	0	0	0	0	0	0	0	0	0	0	0	0	0	0	0	0	0	0	37	100	95	34	29	54	35	79	125	65	142	122	140	76	132	145	137	32	130	21	23	140	18	21	73	96	124	110	95	78	143	53	96	55	84	21	108	110	53	106	48	79	73	72	84	43	116	69	84	110	72	32	100	64	72	77	96	48	51	81	49	8	77	98	75	50	95	105	62	22	75	98	57	32	58	82	21	58	128	132	17	100	74	102	100	79	117	122	68	134	80	106	50	55	10	137	37	140	89
0	0	0	0	0	0	0	0	0	0	0	0	0	0	0	0	0	0	0	0	0	0	0	0	0	0	0	0	0	0	44	26	25	92	66	119	110	67	91	114	23	99	82	95	147	114	128	120	107	56	85	27	85	70	106	134	63	98	64	38	41	39	19	54	18	95	125	40	105	109	90	128	97	37	34	12	120	103	116	128	126	114	118	51	132	117	76	59	59	53	70	98	89	37	78	122	111	39	60	68	70	123	95	66	130	148	108	90	48	145	98	87	145	90	87	140	82	52	105	123	120	40	90	25	10	56	39	67
0	0	0	0	0	0	0	0	0	0	0	0	0	0	0	0	0	0	0	0	0	0	0	0	0	0	0	0	0	0	0	11	108	30	97	45	138	85	136	77	22	149	125	136	46	44	129	10	33	34	84	45	99	137	89	40	68	83	76	115	72	60	120	79	67	80	111	54	58	59	10	29	118	93	57	83	106	109	58	27	109	107	118	105	29	83	47	137	70	8	89	85	91	77	120	42	92	129	107	83	15	99	111	127	14	109	48	55	61	32	111	98	55	132	106	98	120	129	50	117	14	39	31	22	60	151	49	84
0	0	0	0	0	0	0	0	0	0	0	0	0	0	0	0	0	0	0	0	0	0	0	0	0	0	0	0	0	0	0	0	50	12	59	85	88	37	72	53	26	102	144	81	133	104	24	59	52	122	99	139	59	87	79	87	132	80	128	88	89	115	52	96	135	83	131	25	151	144	140	16	74	118	67	141	77	122	116	53	90	11	135	151	144	113	116	35	20	110	43	84	83	91	67	131	116	108	76	45	65	108	43	96	63	117	77	92	135	52	92	75	29	115	72	80	23	111	49	117	41	70	78	101	69	74	85	46
0	0	0	0	0	0	0	0	0	0	0	0	0	0	0	0	0	0	0	0	0	0	0	0	0	0	0	0	0	0	0	0	0	119	122	54	45	30	57	36	72	33	141	49	28	49	46	136	129	129	87	87	39	48	117	87	109	116	108	20	86	40	63	54	37	9	21	112	64	62	46	50	127	140	92	112	101	49	59	90	60	69	37	65	57	147	92	125	101	91	60	104	33	121	45	154	69	46	67	60	74	114	47	79	54	101	59	72	91	61	84	134	78	100	45	11	111	78	81	100	85	44	42	52	85	119	101	40
0	0	0	0	0	0	0	0	0	0	0	0	0	0	0	0	0	0	0	0	0	0	0	0	0	0	0	0	0	0	0	0	0	0	34	40	137	30	107	66	117	73	135	42	118	86	64	127	71	66	47	145	101	58	34	28	73	37	39	82	16	37	142	28	149	59	127	128	64	69	148	42	42	92	104	53	54	28	97	45	133	135	78	87	121	86	42	128	114	40	40	86	44	109	58	80	107	147	80	19	106	31	29	10	146	54	52	59	72	50	51	53	68	107	67	99	60	87	41	120	43	15	55	100	131	96	102	135
0	0	0	0	0	0	0	0	0	0	0	0	0	0	0	0	0	0	0	0	0	0	0	0	0	0	0	0	0	0	0	0	0	0	0	121	114	45	50	99	78	114	51	128	60	42	119	77	11	23	91	40	83	147	134	13	70	97	135	92	11	64	131	91	39	29	82	118	91	87	76	61	58	31	58	21	110	70	71	67	127	41	138	80	91	123	139	84	60	118	19	47	47	142	129	64	143	37	33	104	81	66	35	78	63	106	31	117	62	129	43	104	65	95	125	90	71	21	57	118	125	26	75	144	63	121	61	125
0	0	0	0	0	0	0	0	0	0	0	0	0	0	0	0	0	0	0	0	0	0	0	0	0	0	0	0	0	0	0	0	0	0	0	0	157	120	49	23	74	138	156	24	29	113	53	92	36	26	64	47	143	55	65	8	129	107	64	124	105	138	70	100	157	85	93	122	143	105	137	48	38	51	82	127	41	83	113	55	11	127	138	10	54	116	6	90	89	36	66	14	142	110	115	100	133	66	57	57	43	36	80	146	124	85	103	140	46	10	53	99	109	73	35	112	90	58	142	50	48	44	28	41	19	76	121	103
0	0	0	0	0	0	0	0	0	0	0	0	0	0	0	0	0	0	0	0	0	0	0	0	0	0	0	0	0	0	0	0	0	0	0	0	0	148	56	45	115	69	44	33	132	21	147	97	117	139	56	17	88	108	129	141	158	21	41	79	18	104	106	141	68	66	62	15	55	95	133	144	23	81	125	78	130	112	126	81	118	123	86	83	83	123	140	140	37	141	73	112	90	118	74	132	70	70	108	95	39	92	37	55	45	103	117	24	29	145	63	115	19	71	13	78	39	43	62	40	73	89	93	35	125	62	83	60
0	0	0	0	0	0	0	0	0	0	0	0	0	0	0	0	0	0	0	0	0	0	0	0	0	0	0	0	0	0	0	0	0	0	0	0	0	0	43	144	114	110	45	87	94	130	75	36	123	127	143	43	79	91	138	40	102	36	50	10	88	102	70	119	112	46	57	150	73	63	114	18	67	22	145	10	152	29	56	42	12	128	73	110	14	139	104	50	82	16	58	125	21	135	54	117	49	133	107	49	96	124	59	48	73	90	61	90	72	134	121	133	132	122	93	55	144	59	71	29	51	89	13	116	31	52	78	27
0	0	0	0	0	0	0	0	0	0	0	0	0	0	0	0	0	0	0	0	0	0	0	0	0	0	0	0	0	0	0	0	0	0	0	0	0	0	0	36	44	39	116	83	100	49	124	23	111	127	50	59	39	50	76	100	28	78	86	149	62	83	71	103	79	79	69	122	101	30	41	74	41	51	156	120	101	46	65	23	103	95	50	22	125	31	27	52	26	97	108	66	147	73	99	130	44	129	32	81	149	112	142	80	110	73	120	106	54	125	64	128	96	91	116	60	89	132	111	137	40	41	133	21	43	144	149	49
0	0	0	0	0	0	0	0	0	0	0	0	0	0	0	0	0	0	0	0	0	0	0	0	0	0	0	0	0	0	0	0	0	0	0	0	0	0	0	0	42	152	5	88	90	113	128	55	76	88	82	63	36	50	49	57	101	42	98	61	133	31	121	143	95	90	138	116	130	84	45	119	107	56	25	33	102	76	89	107	78	116	125	97	48	39	88	29	36	100	27	50	47	37	111	104	51	58	64	134	92	143	91	89	133	94	133	74	140	50	116	111	100	136	79	88	89	107	127	94	46	105	120	134	148	109	134	23
0	0	0	0	0	0	0	0	0	0	0	0	0	0	0	0	0	0	0	0	0	0	0	0	0	0	0	0	0	0	0	0	0	0	0	0	0	0	0	0	0	78	45	133	113	157	58	119	129	61	122	85	69	57	122	57	95	48	5	102	71	130	52	41	126	91	132	76	120	99	112	125	103	41	17	39	149	82	126	22	41	66	158	83	92	148	151	87	74	51	80	29	119	124	67	87	146	100	108	74	103	106	28	108	126	73	100	161	132	102	55	146	79	33	133	133	46	110	75	95	41	68	109	93	92	48	40	116
0	0	0	0	0	0	0	0	0	0	0	0	0	0	0	0	0	0	0	0	0	0	0	0	0	0	0	0	0	0	0	0	0	0	0	0	0	0	0	0	0	0	28	153	49	142	129	50	151	40	39	75	87	35	127	93	93	121	32	108	128	57	7	59	49	136	44	127	44	120	106	140	57	127	32	83	11	129	129	96	61	149	112	91	147	90	28	110	97	150	128	129	77	68	47	54	59	143	30	21	123	50	50	111	70	40	98	43	115	147	150	100	92	37	72	107	115	126	113	82	41	62	72	42	81	136	80	122
0	0	0	0	0	0	0	0	0	0	0	0	0	0	0	0	0	0	0	0	0	0	0	0	0	0	0	0	0	0	0	0	0	0	0	0	0	0	0	0	0	0	0	44	101	115	92	128	112	109	31	123	119	47	75	41	46	101	143	141	34	39	73	113	38	109	78	50	76	96	37	113	148	116	121	80	101	36	128	131	104	60	129	131	59	20	32	115	145	41	43	146	87	74	100	59	44	149	21	132	74	61	23	76	139	35	68	49	109	67	16	94	38	49	100	134	112	68	158	57	154	129	95	109	35	38	114	29
0	0	0	0	0	0	0	0	0	0	0	0	0	0	0	0	0	0	0	0	0	0	0	0	0	0	0	0	0	0	0	0	0	0	0	0	0	0	0	0	0	0	0	0	155	128	58	49	151	114	54	80	103	45	65	102	93	143	124	43	36	28	119	124	67	94	108	136	94	104	95	124	45	144	121	39	40	95	143	83	133	111	103	57	137	144	109	113	135	139	33	93	78	49	79	72	121	120	127	143	109	148	41	137	131	67	126	25	115	28	82	80	82	70	104	94	43	132	70	151	121	94	138	83	131	46	65	128
0	0	0	0	0	0	0	0	0	0	0	0	0	0	0	0	0	0	0	0	0	0	0	0	0	0	0	0	0	0	0	0	0	0	0	0	0	0	0	0	0	0	0	0	0	64	80	112	50	149	95	133	43	51	88	52	32	71	137	136	34	80	64	40	69	102	106	61	108	58	65	115	111	106	62	55	145	146	129	71	27	104	146	17	119	63	90	22	37	133	71	166	46	42	44	118	64	89	102	27	92	146	36	115	91	110	87	79	134	139	117	82	124	51	125	129	47	53	62	132	84	24	47	16	166	70	115	38
0	0	0	0	0	0	0	0	0	0	0	0	0	0	0	0	0	0	0	0	0	0	0	0	0	0	0	0	0	0	0	0	0	0	0	0	0	0	0	0	0	0	0	0	0	0	75	47	35	122	49	62	76	78	47	129	155	146	91	137	105	159	30	55	36	119	83	32	32	117	85	111	82	20	39	67	158	66	57	30	107	34	119	66	11	26	118	81	32	102	131	71	120	73	48	103	107	113	139	76	49	127	110	20	101	54	83	145	90	38	14	17	106	164	49	48	37	118	33	19	80	87	92	167	143	72	155	147
0	0	0	0	0	0	0	0	0	0	0	0	0	0	0	0	0	0	0	0	0	0	0	0	0	0	0	0	0	0	0	0	0	0	0	0	0	0	0	0	0	0	0	0	0	0	0	112	126	133	93	75	91	100	128	66	72	60	40	111	161	77	79	118	109	142	53	43	77	117	53	83	73	95	120	58	136	144	23	59	60	89	46	51	110	54	82	134	37	146	105	66	92	110	36	82	173	78	110	45	108	36	124	81	121	94	47	125	109	141	97	118	46	76	117	49	136	124	147	137	56	141	78	51	56	19	112	82
0	0	0	0	0	0	0	0	0	0	0	0	0	0	0	0	0	0	0	0	0	0	0	0	0	0	0	0	0	0	0	0	0	0	0	0	0	0	0	0	0	0	0	0	0	0	0	0	38	56	125	63	130	102	135	109	112	34	159	65	44	108	82	104	95	132	48	51	128	98	55	112	102	85	82	95	58	111	65	62	115	172	64	42	110	100	128	109	32	137	88	24	102	92	30	53	156	88	44	51	119	141	128	86	139	63	44	139	104	140	153	106	83	137	125	40	134	82	128	159	118	147	38	81	16	58	29	112
0	0	0	0	0	0	0	0	0	0	0	0	0	0	0	0	0	0	0	0	0	0	0	0	0	0	0	0	0	0	0	0	0	0	0	0	0	0	0	0	0	0	0	0	0	0	0	0	0	142	49	120	140	130	108	90	33	42	69	95	60	97	156	129	96	168	71	105	133	56	100	54	151	124	119	135	150	96	69	93	68	71	64	62	60	118	99	148	149	95	122	114	111	98	72	13	55	170	74	38	36	167	91	116	137	143	115	119	41	119	31	35	99	61	122	39	84	120	61	105	53	116	125	81	78	95	138	100
0	0	0	0	0	0	0	0	0	0	0	0	0	0	0	0	0	0	0	0	0	0	0	0	0	0	0	0	0	0	0	0	0	0	0	0	0	0	0	0	0	0	0	0	0	0	0	0	0	0	47	40	102	112	118	42	161	150	34	36	40	21	78	123	48	47	120	118	88	89	118	96	76	44	105	29	88	60	40	69	130	69	144	69	88	147	140	59	163	58	155	176	120	135	105	142	48	106	129	76	93	74	64	146	39	125	9	47	114	105	37	72	119	147	49	82	36	41	9	24	126	91	81	108	105	120	34	147
0	0	0	0	0	0	0	0	0	0	0	0	0	0	0	0	0	0	0	0	0	0	0	0	0	0	0	0	0	0	0	0	0	0	0	0	0	0	0	0	0	0	0	0	0	0	0	0	0	0	0	52	30	153	67	27	62	25	36	57	62	139	110	90	102	72	115	82	94	176	127	39	101	103	72	163	54	112	134	54	62	129	81	59	145	94	143	129	161	118	151	85	99	85	94	14	104	62	93	124	120	173	131	127	70	33	83	75	73	89	43	55	41	112	57	50	105	148	94	76	102	93	114	129	55	58	55	59
0	0	0	0	0	0	0	0	0	0	0	0	0	0	0	0	0	0	0	0	0	0	0	0	0	0	0	0	0	0	0	0	0	0	0	0	0	0	0	0	0	0	0	0	0	0	0	0	0	0	0	0	72	156	44	134	67	159	78	65	92	146	111	65	93	60	144	73	132	90	113	51	119	114	59	37	149	102	75	70	32	139	111	89	116	104	101	98	56	80	93	57	112	79	69	15	37	73	76	116	106	79	78	47	116	52	14	50	82	117	130	132	32	72	96	89	7	98	81	78	120	77	91	46	137	82	37	28
0	0	0	0	0	0	0	0	0	0	0	0	0	0	0	0	0	0	0	0	0	0	0	0	0	0	0	0	0	0	0	0	0	0	0	0	0	0	0	0	0	0	0	0	0	0	0	0	0	0	0	0	0	62	104	77	129	81	113	72	70	117	76	73	90	93	78	50	80	65	100	124	60	102	71	48	53	127	67	97	97	88	134	131	77	90	34	124	79	100	114	142	87	120	79	98	27	108	147	48	57	63	124	87	16	115	28	47	57	69	14	133	106	119	62	50	89	107	70	137	127	60	92	96	158	140	107	98
0	0	0	0	0	0	0	0	0	0	0	0	0	0	0	0	0	0	0	0	0	0	0	0	0	0	0	0	0	0	0	0	0	0	0	0	0	0	0	0	0	0	0	0	0	0	0	0	0	0	0	0	0	0	128	93	52	66	137	79	4	25	63	120	43	17	73	60	130	97	87	140	84	95	84	80	22	67	149	45	99	128	60	63	48	66	159	52	31	69	115	117	71	27	168	69	39	88	32	163	141	38	91	85	75	109	70	129	73	147	150	131	145	94	125	50	135	81	107	97	41	153	117	67	100	111	149	57
0	0	0	0	0	0	0	0	0	0	0	0	0	0	0	0	0	0	0	0	0	0	0	0	0	0	0	0	0	0	0	0	0	0	0	0	0	0	0	0	0	0	0	0	0	0	0	0	0	0	0	0	0	0	0	26	96	103	14	112	38	123	123	52	44	144	91	137	47	114	149	82	101	81	121	81	115	69	57	3	154	96	78	130	63	91	25	130	112	119	91	35	81	82	66	117	24	152	99	145	119	88	46	56	69	114	124	96	77	86	82	26	113	175	109	84	115	152	89	62	133	24	29	127	65	88	71	44
0	0	0	0	0	0	0	0	0	0	0	0	0	0	0	0	0	0	0	0	0	0	0	0	0	0	0	0	0	0	0	0	0	0	0	0	0	0	0	0	0	0	0	0	0	0	0	0	0	0	0	0	0	0	0	0	61	107	73	20	118	158	79	90	118	154	139	45	21	74	116	153	145	115	95	110	72	88	26	132	90	41	101	66	146	93	120	98	133	105	64	125	66	115	62	112	105	126	51	142	75	168	27	90	170	159	117	64	117	115	42	158	155	152	78	149	39	133	55	62	164	175	85	161	139	95	85	50
0	0	0	0	0	0	0	0	0	0	0	0	0	0	0	0	0	0	0	0	0	0	0	0	0	0	0	0	0	0	0	0	0	0	0	0	0	0	0	0	0	0	0	0	0	0	0	0	0	0	0	0	0	0	0	0	0	109	63	89	81	138	148	13	133	106	57	122	58	81	133	122	149	112	33	71	118	127	101	101	61	94	120	52	133	4	158	143	173	57	123	54	153	77	119	122	82	119	119	21	55	42	40	43	62	131	119	140	173	99	99	53	84	106	175	165	57	129	59	92	133	100	61	60	34	55	140	121
0	0	0	0	0	0	0	0	0	0	0	0	0	0	0	0	0	0	0	0	0	0	0	0	0	0	0	0	0	0	0	0	0	0	0	0	0	0	0	0	0	0	0	0	0	0	0	0	0	0	0	0	0	0	0	0	0	0	43	98	53	92	153	117	70	131	123	60	128	61	98	107	127	10	128	79	76	88	58	28	176	124	163	116	137	81	106	127	28	94	69	164	111	116	104	140	139	62	113	102	32	124	130	111	154	89	68	134	126	85	49	139	101	99	90	82	137	161	128	119	133	48	135	102	143	103	129	73
0	0	0	0	0	0	0	0	0	0	0	0	0	0	0	0	0	0	0	0	0	0	0	0	0	0	0	0	0	0	0	0	0	0	0	0	0	0	0	0	0	0	0	0	0	0	0	0	0	0	0	0	0	0	0	0	0	0	0	171	159	131	132	125	144	122	114	44	125	41	149	91	46	110	129	183	99	132	112	76	121	78	155	45	60	53	115	103	37	33	69	34	124	95	76	90	77	48	122	170	165	71	40	109	127	38	81	97	106	33	92	74	68	146	44	117	166	103	51	154	118	119	44	116	104	125	78	22
0	0	0	0	0	0	0	0	0	0	0	0	0	0	0	0	0	0	0	0	0	0	0	0	0	0	0	0	0	0	0	0	0	0	0	0	0	0	0	0	0	0	0	0	0	0	0	0	0	0	0	0	0	0	0	0	0	0	0	0	28	166	54	95	121	72	66	67	85	113	108	71	128	39	118	52	102	152	98	72	146	121	138	106	51	61	153	61	131	53	58	139	149	148	124	122	89	70	61	74	25	72	67	99	115	95	92	84	16	39	121	122	46	121	40	40	118	65	38	144	64	138	84	113	116	167	105	47
0	0	0	0	0	0	0	0	0	0	0	0	0	0	0	0	0	0	0	0	0	0	0	0	0	0	0	0	0	0	0	0	0	0	0	0	0	0	0	0	0	0	0	0	0	0	0	0	0	0	0	0	0	0	0	0	0	0	0	0	0	96	46	25	55	129	28	120	141	50	100	31	102	96	56	49	141	109	55	120	161	93	56	143	148	113	109	71	26	98	131	128	80	33	30	127	181	101	130	143	84	57	44	77	95	97	113	43	178	143	41	14	135	72	93	10	140	17	136	97	86	70	96	112	180	144	98	81
0	0	0	0	0	0	0	0	0	0	0	0	0	0	0	0	0	0	0	0	0	0	0	0	0	0	0	0	0	0	0	0	0	0	0	0	0	0	0	0	0	0	0	0	0	0	0	0	0	0	0	0	0	0	0	0	0	0	0	0	0	0	74	28	155	101	146	122	85	116	142	78	39	68	144	59	83	108	129	160	54	129	125	136	172	59	125	172	159	146	144	82	69	83	89	136	47	13	138	26	148	113	98	80	104	141	85	54	88	104	101	114	44	65	151	73	132	173	123	102	111	72	119	132	113	63	114	77
0	0	0	0	0	0	0	0	0	0	0	0	0	0	0	0	0	0	0	0	0	0	0	0	0	0	0	0	0	0	0	0	0	0	0	0	0	0	0	0	0	0	0	0	0	0	0	0	0	0	0	0	0	0	0	0	0	0	0	0	0	0	0	66	103	107	83	136	145	143	108	124	112	81	82	151	85	56	98	173	72	42	121	132	154	146	40	106	170	41	158	167	130	97	89	75	29	76	75	42	81	76	114	64	124	61	96	90	6	133	99	180	30	89	160	107	116	155	111	68	29	102	72	30	118	182	104	102
0	0	0	0	0	0	0	0	0	0	0	0	0	0	0	0	0	0	0	0	0	0	0	0	0	0	0	0	0	0	0	0	0	0	0	0	0	0	0	0	0	0	0	0	0	0	0	0	0	0	0	0	0	0	0	0	0	0	0	0	0	0	0	0	125	87	84	121	138	135	138	120	2	66	50	108	132	51	56	45	140	123	57	66	107	47	116	50	117	89	150	116	59	116	160	59	42	175	151	119	63	173	145	159	9	154	140	152	108	94	137	162	94	170	133	111	73	138	183	67	57	70	88	61	61	83	117	93
0	0	0	0	0	0	0	0	0	0	0	0	0	0	0	0	0	0	0	0	0	0	0	0	0	0	0	0	0	0	0	0	0	0	0	0	0	0	0	0	0	0	0	0	0	0	0	0	0	0	0	0	0	0	0	0	0	0	0	0	0	0	0	0	0	112	172	82	111	102	150	111	70	39	96	137	65	68	52	104	122	57	152	90	166	40	73	174	91	123	151	141	49	62	160	136	146	122	43	22	34	81	80	79	61	97	73	71	99	134	92	149	70	123	151	167	133	157	67	109	50	104	172	159	95	21	46	56
0	0	0	0	0	0	0	0	0	0	0	0	0	0	0	0	0	0	0	0	0	0	0	0	0	0	0	0	0	0	0	0	0	0	0	0	0	0	0	0	0	0	0	0	0	0	0	0	0	0	0	0	0	0	0	0	0	0	0	0	0	0	0	0	0	0	54	116	120	60	64	70	101	106	160	48	77	96	130	154	111	36	64	138	171	172	62	141	123	96	52	160	116	112	103	103	95	173	74	97	61	51	80	45	144	155	33	48	87	49	148	160	125	151	146	61	68	124	52	172	19	56	131	71	83	134	52	141
0	0	0	0	0	0	0	0	0	0	0	0	0	0	0	0	0	0	0	0	0	0	0	0	0	0	0	0	0	0	0	0	0	0	0	0	0	0	0	0	0	0	0	0	0	0	0	0	0	0	0	0	0	0	0	0	0	0	0	0	0	0	0	0	0	0	0	134	118	81	139	53	155	120	193	99	62	90	62	123	141	109	47	90	175	134	94	136	114	163	116	59	56	140	40	23	115	62	103	162	147	77	71	111	23	62	86	26	98	186	135	158	80	29	57	55	45	162	98	87	34	121	137	157	66	163	118	144
0	0	0	0	0	0	0	0	0	0	0	0	0	0	0	0	0	0	0	0	0	0	0	0	0	0	0	0	0	0	0	0	0	0	0	0	0	0	0	0	0	0	0	0	0	0	0	0	0	0	0	0	0	0	0	0	0	0	0	0	0	0	0	0	0	0	0	0	145	112	17	152	181	46	128	108	120	60	56	138	57	28	137	49	147	31	60	107	95	187	163	28	80	123	154	28	102	170	119	80	36	182	124	112	150	96	151	80	104	97	102	108	116	51	161	146	82	91	102	161	168	80	27	63	152	64	155	56
0	0	0	0	0	0	0	0	0	0	0	0	0	0	0	0	0	0	0	0	0	0	0	0	0	0	0	0	0	0	0	0	0	0	0	0	0	0	0	0	0	0	0	0	0	0	0	0	0	0	0	0	0	0	0	0	0	0	0	0	0	0	0	0	0	0	0	0	0	17	145	89	91	82	98	130	143	103	103	95	127	129	126	129	73	39	70	63	90	159	174	150	67	155	168	102	137	71	98	58	80	85	72	80	69	82	142	154	173	95	37	59	55	93	43	114	52	57	79	90	89	147	91	170	29	57	133	70
0	0	0	0	0	0	0	0	0	0	0	0	0	0	0	0	0	0	0	0	0	0	0	0	0	0	0	0	0	0	0	0	0	0	0	0	0	0	0	0	0	0	0	0	0	0	0	0	0	0	0	0	0	0	0	0	0	0	0	0	0	0	0	0	0	0	0	0	0	0	63	85	90	86	120	119	101	189	130	116	50	40	68	43	53	53	86	80	102	184	166	55	105	55	19	29	98	44	21	167	17	146	147	161	72	47	78	104	160	119	137	51	114	148	158	144	83	98	97	117	118	98	65	115	68	184	115	80
0	0	0	0	0	0	0	0	0	0	0	0	0	0	0	0	0	0	0	0	0	0	0	0	0	0	0	0	0	0	0	0	0	0	0	0	0	0	0	0	0	0	0	0	0	0	0	0	0	0	0	0	0	0	0	0	0	0	0	0	0	0	0	0	0	0	0	0	0	0	0	85	56	90	121	118	101	161	45	24	77	107	115	100	77	172	191	133	89	122	122	95	60	107	89	81	176	138	36	65	138	126	146	80	98	128	63	113	142	45	104	54	64	71	122	50	81	70	32	193	76	87	85	33	125	159	124	119
0	0	0	0	0	0	0	0	0	0	0	0	0	0	0	0	0	0	0	0	0	0	0	0	0	0	0	0	0	0	0	0	0	0	0	0	0	0	0	0	0	0	0	0	0	0	0	0	0	0	0	0	0	0	0	0	0	0	0	0	0	0	0	0	0	0	0	0	0	0	0	0	58	46	39	172	70	52	93	116	134	57	96	98	123	89	68	53	176	59	123	59	118	149	77	94	130	140	23	63	75	57	140	119	158	32	184	163	90	189	168	106	141	132	195	68	81	106	121	25	146	91	32	160	41	18	39	61
0	0	0	0	0	0	0	0	0	0	0	0	0	0	0	0	0	0	0	0	0	0	0	0	0	0	0	0	0	0	0	0	0	0	0	0	0	0	0	0	0	0	0	0	0	0	0	0	0	0	0	0	0	0	0	0	0	0	0	0	0	0	0	0	0	0	0	0	0	0	0	0	0	73	121	119	138	168	157	48	176	139	153	128	125	45	30	104	171	166	104	54	90	55	86	28	103	48	68	117	79	169	144	171	61	98	162	121	125	57	67	103	85	113	92	128	35	85	127	116	94	69	159	104	68	94	122	126
0	0	0	0	0	0	0	0	0	0	0	0	0	0	0	0	0	0	0	0	0	0	0	0	0	0	0	0	0	0	0	0	0	0	0	0	0	0	0	0	0	0	0	0	0	0	0	0	0	0	0	0	0	0	0	0	0	0	0	0	0	0	0	0	0	0	0	0	0	0	0	0	0	0	41	69	157	76	75	45	12	97	155	146	44	106	101	91	166	72	33	148	123	152	149	111	155	110	76	102	142	137	96	86	156	115	92	106	130	58	75	164	66	56	128	115	160	49	119	153	147	31	38	145	27	121	83	136
0	0	0	0	0	0	0	0	0	0	0	0	0	0	0	0	0	0	0	0	0	0	0	0	0	0	0	0	0	0	0	0	0	0	0	0	0	0	0	0	0	0	0	0	0	0	0	0	0	0	0	0	0	0	0	0	0	0	0	0	0	0	0	0	0	0	0	0	0	0	0	0	0	0	0	121	171	116	125	130	147	47	16	113	79	141	76	125	123	92	139	108	68	132	50	70	31	51	187	102	70	163	146	135	96	113	91	29	182	172	76	106	80	53	151	180	116	91	66	167	32	136	35	77	163	94	14	103
0	0	0	0	0	0	0	0	0	0	0	0	0	0	0	0	0	0	0	0	0	0	0	0	0	0	0	0	0	0	0	0	0	0	0	0	0	0	0	0	0	0	0	0	0	0	0	0	0	0	0	0	0	0	0	0	0	0	0	0	0	0	0	0	0	0	0	0	0	0	0	0	0	0	0	0	56	90	101	169	183	112	17	161	94	157	192	143	48	75	100	72	47	40	133	153	101	137	105	123	164	64	147	111	160	182	44	126	122	13	98	65	111	39	65	35	60	83	151	98	69	168	91	73	170	122	29	75
0	0	0	0	0	0	0	0	0	0	0	0	0	0	0	0	0	0	0	0	0	0	0	0	0	0	0	0	0	0	0	0	0	0	0	0	0	0	0	0	0	0	0	0	0	0	0	0	0	0	0	0	0	0	0	0	0	0	0	0	0	0	0	0	0	0	0	0	0	0	0	0	0	0	0	0	0	90	69	58	88	185	118	74	108	121	168	141	90	129	59	111	194	184	73	135	156	135	74	86	128	43	117	73	169	86	188	71	90	150	89	150	87	84	178	61	151	53	33	101	70	24	143	123	128	126	41	119
0	0	0	0	0	0	0	0	0	0	0	0	0	0	0	0	0	0	0	0	0	0	0	0	0	0	0	0	0	0	0	0	0	0	0	0	0	0	0	0	0	0	0	0	0	0	0	0	0	0	0	0	0	0	0	0	0	0	0	0	0	0	0	0	0	0	0	0	0	0	0	0	0	0	0	0	0	0	86	124	113	133	146	53	164	114	164	88	149	122	35	69	41	61	96	184	38	58	62	98	116	179	85	100	38	125	75	138	55	70	133	111	121	49	155	117	125	84	45	92	177	32	153	114	145	153	115	139
0	0	0	0	0	0	0	0	0	0	0	0	0	0	0	0	0	0	0	0	0	0	0	0	0	0	0	0	0	0	0	0	0	0	0	0	0	0	0	0	0	0	0	0	0	0	0	0	0	0	0	0	0	0	0	0	0	0	0	0	0	0	0	0	0	0	0	0	0	0	0	0	0	0	0	0	0	0	0	46	24	157	75	92	169	79	86	140	166	199	104	154	118	42	109	150	83	195	60	88	68	125	70	92	56	38	165	116	155	48	127	35	54	198	95	90	162	62	167	53	143	82	64	160	145	79	58	66
0	0	0	0	0	0	0	0	0	0	0	0	0	0	0	0	0	0	0	0	0	0	0	0	0	0	0	0	0	0	0	0	0	0	0	0	0	0	0	0	0	0	0	0	0	0	0	0	0	0	0	0	0	0	0	0	0	0	0	0	0	0	0	0	0	0	0	0	0	0	0	0	0	0	0	0	0	0	0	0	149	52	139	140	100	178	71	97	33	132	117	111	26	64	84	85	79	151	145	121	82	140	89	165	62	57	125	100	73	82	70	61	190	92	119	173	69	147	59	93	131	35	45	84	133	63	64	156
0	0	0	0	0	0	0	0	0	0	0	0	0	0	0	0	0	0	0	0	0	0	0	0	0	0	0	0	0	0	0	0	0	0	0	0	0	0	0	0	0	0	0	0	0	0	0	0	0	0	0	0	0	0	0	0	0	0	0	0	0	0	0	0	0	0	0	0	0	0	0	0	0	0	0	0	0	0	0	0	0	67	140	83	114	120	160	87	83	131	127	126	86	59	107	143	88	68	81	113	111	109	59	80	146	171	150	151	85	128	83	76	76	83	132	127	98	203	96	58	50	61	89	170	80	96	84	149
0	0	0	0	0	0	0	0	0	0	0	0	0	0	0	0	0	0	0	0	0	0	0	0	0	0	0	0	0	0	0	0	0	0	0	0	0	0	0	0	0	0	0	0	0	0	0	0	0	0	0	0	0	0	0	0	0	0	0	0	0	0	0	0	0	0	0	0	0	0	0	0	0	0	0	0	0	0	0	0	0	0	169	137	31	148	116	175	82	170	31	135	137	21	88	16	107	135	171	46	88	158	47	84	111	106	36	39	131	91	87	63	74	101	144	155	32	63	86	83	107	81	95	15	83	188	191	84
0	0	0	0	0	0	0	0	0	0	0	0	0	0	0	0	0	0	0	0	0	0	0	0	0	0	0	0	0	0	0	0	0	0	0	0	0	0	0	0	0	0	0	0	0	0	0	0	0	0	0	0	0	0	0	0	0	0	0	0	0	0	0	0	0	0	0	0	0	0	0	0	0	0	0	0	0	0	0	0	0	0	0	135	18	84	99	98	161	75	78	170	107	94	54	127	109	104	99	145	34	109	56	121	141	144	130	154	110	174	142	132	85	124	123	113	102	131	24	56	98	17	99	141	153	95	128	69
0	0	0	0	0	0	0	0	0	0	0	0	0	0	0	0	0	0	0	0	0	0	0	0	0	0	0	0	0	0	0	0	0	0	0	0	0	0	0	0	0	0	0	0	0	0	0	0	0	0	0	0	0	0	0	0	0	0	0	0	0	0	0	0	0	0	0	0	0	0	0	0	0	0	0	0	0	0	0	0	0	0	0	0	26	185	69	123	80	65	151	116	171	45	129	129	169	116	137	65	92	163	74	104	93	97	134	178	70	165	85	121	136	129	110	47	38	92	88	69	174	118	95	115	48	68	165	101
0	0	0	0	0	0	0	0	0	0	0	0	0	0	0	0	0	0	0	0	0	0	0	0	0	0	0	0	0	0	0	0	0	0	0	0	0	0	0	0	0	0	0	0	0	0	0	0	0	0	0	0	0	0	0	0	0	0	0	0	0	0	0	0	0	0	0	0	0	0	0	0	0	0	0	0	0	0	0	0	0	0	0	0	0	155	96	199	85	50	95	110	106	165	97	94	43	35	184	88	156	49	134	127	103	53	138	199	165	198	94	113	185	84	108	103	99	101	118	66	115	40	12	83	34	92	78	83
0	0	0	0	0	0	0	0	0	0	0	0	0	0	0	0	0	0	0	0	0	0	0	0	0	0	0	0	0	0	0	0	0	0	0	0	0	0	0	0	0	0	0	0	0	0	0	0	0	0	0	0	0	0	0	0	0	0	0	0	0	0	0	0	0	0	0	0	0	0	0	0	0	0	0	0	0	0	0	0	0	0	0	0	0	0	128	104	163	125	81	78	20	157	104	52	67	36	156	78	154	166	117	117	130	149	63	49	111	76	111	67	131	117	130	48	82	71	97	170	141	63	139	62	73	112	56	179
0	0	0	0	0	0	0	0	0	0	0	0	0	0	0	0	0	0	0	0	0	0	0	0	0	0	0	0	0	0	0	0	0	0	0	0	0	0	0	0	0	0	0	0	0	0	0	0	0	0	0	0	0	0	0	0	0	0	0	0	0	0	0	0	0	0	0	0	0	0	0	0	0	0	0	0	0	0	0	0	0	0	0	0	0	0	0	111	142	83	113	56	123	79	112	129	73	101	117	118	159	150	74	116	157	160	121	194	46	139	118	79	21	129	88	95	100	37	97	137	162	153	153	49	132	161	78	9
0	0	0	0	0	0	0	0	0	0	0	0	0	0	0	0	0	0	0	0	0	0	0	0	0	0	0	0	0	0	0	0	0	0	0	0	0	0	0	0	0	0	0	0	0	0	0	0	0	0	0	0	0	0	0	0	0	0	0	0	0	0	0	0	0	0	0	0	0	0	0	0	0	0	0	0	0	0	0	0	0	0	0	0	0	0	0	0	124	185	128	57	79	143	101	203	55	96	130	124	181	156	141	145	168	52	137	158	107	188	142	106	32	61	93	76	67	67	48	29	37	58	189	181	85	91	57	105
0	0	0	0	0	0	0	0	0	0	0	0	0	0	0	0	0	0	0	0	0	0	0	0	0	0	0	0	0	0	0	0	0	0	0	0	0	0	0	0	0	0	0	0	0	0	0	0	0	0	0	0	0	0	0	0	0	0	0	0	0	0	0	0	0	0	0	0	0	0	0	0	0	0	0	0	0	0	0	0	0	0	0	0	0	0	0	0	0	141	77	169	65	195	90	95	55	127	181	125	144	10	52	123	27	163	65	117	158	166	84	130	58	177	141	33	123	121	151	62	149	49	71	184	82	61	169	140
0	0	0	0	0	0	0	0	0	0	0	0	0	0	0	0	0	0	0	0	0	0	0	0	0	0	0	0	0	0	0	0	0	0	0	0	0	0	0	0	0	0	0	0	0	0	0	0	0	0	0	0	0	0	0	0	0	0	0	0	0	0	0	0	0	0	0	0	0	0	0	0	0	0	0	0	0	0	0	0	0	0	0	0	0	0	0	0	0	0	67	177	115	26	59	98	112	68	18	69	114	125	178	110	146	74	78	148	84	116	78	29	45	151	141	147	150	140	153	55	54	50	183	167	141	104	137	93
0	0	0	0	0	0	0	0	0	0	0	0	0	0	0	0	0	0	0	0	0	0	0	0	0	0	0	0	0	0	0	0	0	0	0	0	0	0	0	0	0	0	0	0	0	0	0	0	0	0	0	0	0	0	0	0	0	0	0	0	0	0	0	0	0	0	0	0	0	0	0	0	0	0	0	0	0	0	0	0	0	0	0	0	0	0	0	0	0	0	0	11	78	135	55	141	66	124	101	190	90	121	81	163	119	69	168	46	139	133	114	125	131	68	163	128	174	96	102	88	201	91	61	102	130	84	121	64
0	0	0	0	0	0	0	0	0	0	0	0	0	0	0	0	0	0	0	0	0	0	0	0	0	0	0	0	0	0	0	0	0	0	0	0	0	0	0	0	0	0	0	0	0	0	0	0	0	0	0	0	0	0	0	0	0	0	0	0	0	0	0	0	0	0	0	0	0	0	0	0	0	0	0	0	0	0	0	0	0	0	0	0	0	0	0	0	0	0	0	0	63	207	179	94	71	129	115	70	69	185	46	153	199	24	198	90	96	54	29	22	178	51	172	156	15	143	147	120	116	113	117	124	161	117	113	49
0	0	0	0	0	0	0	0	0	0	0	0	0	0	0	0	0	0	0	0	0	0	0	0	0	0	0	0	0	0	0	0	0	0	0	0	0	0	0	0	0	0	0	0	0	0	0	0	0	0	0	0	0	0	0	0	0	0	0	0	0	0	0	0	0	0	0	0	0	0	0	0	0	0	0	0	0	0	0	0	0	0	0	0	0	0	0	0	0	0	0	0	0	220	34	135	56	62	148	74	40	129	83	6	17	177	158	142	50	153	90	54	144	106	116	154	194	68	83	125	108	33	170	118	136	95	154	58
0	0	0	0	0	0	0	0	0	0	0	0	0	0	0	0	0	0	0	0	0	0	0	0	0	0	0	0	0	0	0	0	0	0	0	0	0	0	0	0	0	0	0	0	0	0	0	0	0	0	0	0	0	0	0	0	0	0	0	0	0	0	0	0	0	0	0	0	0	0	0	0	0	0	0	0	0	0	0	0	0	0	0	0	0	0	0	0	0	0	0	0	0	0	151	139	70	64	93	89	39	110	115	162	102	214	62	90	158	90	98	144	139	161	61	108	67	143	56	36	94	187	216	124	42	124	144	101
0	0	0	0	0	0	0	0	0	0	0	0	0	0	0	0	0	0	0	0	0	0	0	0	0	0	0	0	0	0	0	0	0	0	0	0	0	0	0	0	0	0	0	0	0	0	0	0	0	0	0	0	0	0	0	0	0	0	0	0	0	0	0	0	0	0	0	0	0	0	0	0	0	0	0	0	0	0	0	0	0	0	0	0	0	0	0	0	0	0	0	0	0	0	0	116	80	178	107	77	173	30	63	96	102	172	186	155	112	141	100	24	74	109	128	106	78	153	24	85	128	92	143	193	137	160	130	107
0	0	0	0	0	0	0	0	0	0	0	0	0	0	0	0	0	0	0	0	0	0	0	0	0	0	0	0	0	0	0	0	0	0	0	0	0	0	0	0	0	0	0	0	0	0	0	0	0	0	0	0	0	0	0	0	0	0	0	0	0	0	0	0	0	0	0	0	0	0	0	0	0	0	0	0	0	0	0	0	0	0	0	0	0	0	0	0	0	0	0	0	0	0	0	0	63	105	128	174	86	40	157	93	87	171	184	73	95	148	208	83	207	156	24	178	144	123	109	174	101	131	122	117	50	153	185	72
0	0	0	0	0	0	0	0	0	0	0	0	0	0	0	0	0	0	0	0	0	0	0	0	0	0	0	0	0	0	0	0	0	0	0	0	0	0	0	0	0	0	0	0	0	0	0	0	0	0	0	0	0	0	0	0	0	0	0	0	0	0	0	0	0	0	0	0	0	0	0	0	0	0	0	0	0	0	0	0	0	0	0	0	0	0	0	0	0	0	0	0	0	0	0	0	0	117	165	66	157	80	54	47	147	54	107	172	219	10	72	72	141	74	129	82	83	116	110	81	64	63	61	28	115	166	96	133
0	0	0	0	0	0	0	0	0	0	0	0	0	0	0	0	0	0	0	0	0	0	0	0	0	0	0	0	0	0	0	0	0	0	0	0	0	0	0	0	0	0	0	0	0	0	0	0	0	0	0	0	0	0	0	0	0	0	0	0	0	0	0	0	0	0	0	0	0	0	0	0	0	0	0	0	0	0	0	0	0	0	0	0	0	0	0	0	0	0	0	0	0	0	0	0	0	0	62	48	42	38	108	72	69	99	29	113	141	110	183	151	91	70	158	163	133	93	204	155	109	56	100	155	53	87	96	132
0	0	0	0	0	0	0	0	0	0	0	0	0	0	0	0	0	0	0	0	0	0	0	0	0	0	0	0	0	0	0	0	0	0	0	0	0	0	0	0	0	0	0	0	0	0	0	0	0	0	0	0	0	0	0	0	0	0	0	0	0	0	0	0	0	0	0	0	0	0	0	0	0	0	0	0	0	0	0	0	0	0	0	0	0	0	0	0	0	0	0	0	0	0	0	0	0	0	0	50	95	33	119	143	117	61	198	114	107	51	118	45	99	185	180	70	131	110	91	83	74	76	158	21	132	181	8	199
0	0	0	0	0	0	0	0	0	0	0	0	0	0	0	0	0	0	0	0	0	0	0	0	0	0	0	0	0	0	0	0	0	0	0	0	0	0	0	0	0	0	0	0	0	0	0	0	0	0	0	0	0	0	0	0	0	0	0	0	0	0	0	0	0	0	0	0	0	0	0	0	0	0	0	0	0	0	0	0	0	0	0	0	0	0	0	0	0	0	0	0	0	0	0	0	0	0	0	0	196	118	96	156	78	161	98	111	98	105	26	76	151	137	37	130	130	198	190	142	127	125	95	190	173	16	164	143
0	0	0	0	0	0	0	0	0	0	0	0	0	0	0	0	0	0	0	0	0	0	0	0	0	0	0	0	0	0	0	0	0	0	0	0	0	0	0	0	0	0	0	0	0	0	0	0	0	0	0	0	0	0	0	0	0	0	0	0	0	0	0	0	0	0	0	0	0	0	0	0	0	0	0	0	0	0	0	0	0	0	0	0	0	0	0	0	0	0	0	0	0	0	0	0	0	0	0	0	0	96	99	109	88	67	166	86	192	68	5	132	111	108	122	96	196	200	185	175	207	142	153	164	104	89	143	76
0	0	0	0	0	0	0	0	0	0	0	0	0	0	0	0	0	0	0	0	0	0	0	0	0	0	0	0	0	0	0	0	0	0	0	0	0	0	0	0	0	0	0	0	0	0	0	0	0	0	0	0	0	0	0	0	0	0	0	0	0	0	0	0	0	0	0	0	0	0	0	0	0	0	0	0	0	0	0	0	0	0	0	0	0	0	0	0	0	0	0	0	0	0	0	0	0	0	0	0	0	0	41	171	95	100	176	119	98	83	105	131	131	222	98	13	112	69	115	141	76	110	115	22	126	156	118	146
0	0	0	0	0	0	0	0	0	0	0	0	0	0	0	0	0	0	0	0	0	0	0	0	0	0	0	0	0	0	0	0	0	0	0	0	0	0	0	0	0	0	0	0	0	0	0	0	0	0	0	0	0	0	0	0	0	0	0	0	0	0	0	0	0	0	0	0	0	0	0	0	0	0	0	0	0	0	0	0	0	0	0	0	0	0	0	0	0	0	0	0	0	0	0	0	0	0	0	0	0	0	0	57	62	71	162	113	122	199	74	164	212	109	78	218	114	118	141	67	18	124	210	185	210	182	113	129
0	0	0	0	0	0	0	0	0	0	0	0	0	0	0	0	0	0	0	0	0	0	0	0	0	0	0	0	0	0	0	0	0	0	0	0	0	0	0	0	0	0	0	0	0	0	0	0	0	0	0	0	0	0	0	0	0	0	0	0	0	0	0	0	0	0	0	0	0	0	0	0	0	0	0	0	0	0	0	0	0	0	0	0	0	0	0	0	0	0	0	0	0	0	0	0	0	0	0	0	0	0	0	0	134	164	95	148	132	80	109	129	151	97	182	92	53	191	163	21	129	184	92	94	145	188	38	84
0	0	0	0	0	0	0	0	0	0	0	0	0	0	0	0	0	0	0	0	0	0	0	0	0	0	0	0	0	0	0	0	0	0	0	0	0	0	0	0	0	0	0	0	0	0	0	0	0	0	0	0	0	0	0	0	0	0	0	0	0	0	0	0	0	0	0	0	0	0	0	0	0	0	0	0	0	0	0	0	0	0	0	0	0	0	0	0	0	0	0	0	0	0	0	0	0	0	0	0	0	0	0	0	0	101	153	123	185	71	12	135	58	214	123	152	147	104	197	21	60	151	149	55	85	122	112	222
0	0	0	0	0	0	0	0	0	0	0	0	0	0	0	0	0	0	0	0	0	0	0	0	0	0	0	0	0	0	0	0	0	0	0	0	0	0	0	0	0	0	0	0	0	0	0	0	0	0	0	0	0	0	0	0	0	0	0	0	0	0	0	0	0	0	0	0	0	0	0	0	0	0	0	0	0	0	0	0	0	0	0	0	0	0	0	0	0	0	0	0	0	0	0	0	0	0	0	0	0	0	0	0	0	0	72	172	98	175	192	194	163	146	55	57	116	162	180	142	110	154	214	78	54	109	198	141
0	0	0	0	0	0	0	0	0	0	0	0	0	0	0	0	0	0	0	0	0	0	0	0	0	0	0	0	0	0	0	0	0	0	0	0	0	0	0	0	0	0	0	0	0	0	0	0	0	0	0	0	0	0	0	0	0	0	0	0	0	0	0	0	0	0	0	0	0	0	0	0	0	0	0	0	0	0	0	0	0	0	0	0	0	0	0	0	0	0	0	0	0	0	0	0	0	0	0	0	0	0	0	0	0	0	0	69	223	154	114	43	107	81	76	71	76	126	80	172	9	164	217	51	143	103	150	219
0	0	0	0	0	0	0	0	0	0	0	0	0	0	0	0	0	0	0	0	0	0	0	0	0	0	0	0	0	0	0	0	0	0	0	0	0	0	0	0	0	0	0	0	0	0	0	0	0	0	0	0	0	0	0	0	0	0	0	0	0	0	0	0	0	0	0	0	0	0	0	0	0	0	0	0	0	0	0	0	0	0	0	0	0	0	0	0	0	0	0	0	0	0	0	0	0	0	0	0	0	0	0	0	0	0	0	0	54	130	218	132	141	83	120	96	116	85	78	118	100	147	56	103	180	30	157	147
0	0	0	0	0	0	0	0	0	0	0	0	0	0	0	0	0	0	0	0	0	0	0	0	0	0	0	0	0	0	0	0	0	0	0	0	0	0	0	0	0	0	0	0	0	0	0	0	0	0	0	0	0	0	0	0	0	0	0	0	0	0	0	0	0	0	0	0	0	0	0	0	0	0	0	0	0	0	0	0	0	0	0	0	0	0	0	0	0	0	0	0	0	0	0	0	0	0	0	0	0	0	0	0	0	0	0	0	0	128	76	157	73	38	155	30	180	50	30	85	60	184	100	159	177	174	119	28
0	0	0	0	0	0	0	0	0	0	0	0	0	0	0	0	0	0	0	0	0	0	0	0	0	0	0	0	0	0	0	0	0	0	0	0	0	0	0	0	0	0	0	0	0	0	0	0	0	0	0	0	0	0	0	0	0	0	0	0	0	0	0	0	0	0	0	0	0	0	0	0	0	0	0	0	0	0	0	0	0	0	0	0	0	0	0	0	0	0	0	0	0	0	0	0	0	0	0	0	0	0	0	0	0	0	0	0	0	0	122	115	104	152	225	142	173	196	133	156	117	124	215	171	113	74	54	149
0	0	0	0	0	0	0	0	0	0	0	0	0	0	0	0	0	0	0	0	0	0	0	0	0	0	0	0	0	0	0	0	0	0	0	0	0	0	0	0	0	0	0	0	0	0	0	0	0	0	0	0	0	0	0	0	0	0	0	0	0	0	0	0	0	0	0	0	0	0	0	0	0	0	0	0	0	0	0	0	0	0	0	0	0	0	0	0	0	0	0	0	0	0	0	0	0	0	0	0	0	0	0	0	0	0	0	0	0	0	0	137	39	169	141	90	148	59	96	218	150	115	122	41	130	163	129	114
0	0	0	0	0	0	0	0	0	0	0	0	0	0	0	0	0	0	0	0	0	0	0	0	0	0	0	0	0	0	0	0	0	0	0	0	0	0	0	0	0	0	0	0	0	0	0	0	0	0	0	0	0	0	0	0	0	0	0	0	0	0	0	0	0	0	0	0	0	0	0	0	0	0	0	0	0	0	0	0	0	0	0	0	0	0	0	0	0	0	0	0	0	0	0	0	0	0	0	0	0	0	0	0	0	0	0	0	0	0	0	0	109	134	114	158	111	36	177	178	105	103	172	129	111	165	87	203
0	0	0	0	0	0	0	0	0	0	0	0	0	0	0	0	0	0	0	0	0	0	0	0	0	0	0	0	0	0	0	0	0	0	0	0	0	0	0	0	0	0	0	0	0	0	0	0	0	0	0	0	0	0	0	0	0	0	0	0	0	0	0	0	0	0	0	0	0	0	0	0	0	0	0	0	0	0	0	0	0	0	0	0	0	0	0	0	0	0	0	0	0	0	0	0	0	0	0	0	0	0	0	0	0	0	0	0	0	0	0	0	0	181	158	76	97	61	164	63	71	188	209	164	82	70	144	42
0	0	0	0	0	0	0	0	0	0	0	0	0	0	0	0	0	0	0	0	0	0	0	0	0	0	0	0	0	0	0	0	0	0	0	0	0	0	0	0	0	0	0	0	0	0	0	0	0	0	0	0	0	0	0	0	0	0	0	0	0	0	0	0	0	0	0	0	0	0	0	0	0	0	0	0	0	0	0	0	0	0	0	0	0	0	0	0	0	0	0	0	0	0	0	0	0	0	0	0	0	0	0	0	0	0	0	0	0	0	0	0	0	0	173	111	107	181	168	37	188	83	120	174	181	207	169	90
0	0	0	0	0	0	0	0	0	0	0	0	0	0	0	0	0	0	0	0	0	0	0	0	0	0	0	0	0	0	0	0	0	0	0	0	0	0	0	0	0	0	0	0	0	0	0	0	0	0	0	0	0	0	0	0	0	0	0	0	0	0	0	0	0	0	0	0	0	0	0	0	0	0	0	0	0	0	0	0	0	0	0	0	0	0	0	0	0	0	0	0	0	0	0	0	0	0	0	0	0	0	0	0	0	0	0	0	0	0	0	0	0	0	0	144	149	72	89	88	81	51	127	35	71	74	18	146
0	0	0	0	0	0	0	0	0	0	0	0	0	0	0	0	0	0	0	0	0	0	0	0	0	0	0	0	0	0	0	0	0	0	0	0	0	0	0	0	0	0	0	0	0	0	0	0	0	0	0	0	0	0	0	0	0	0	0	0	0	0	0	0	0	0	0	0	0	0	0	0	0	0	0	0	0	0	0	0	0	0	0	0	0	0	0	0	0	0	0	0	0	0	0	0	0	0	0	0	0	0	0	0	0	0	0	0	0	0	0	0	0	0	0	0	117	119	32	117	138	76	52	158	48	124	143	18
0	0	0	0	0	0	0	0	0	0	0	0	0	0	0	0	0	0	0	0	0	0	0	0	0	0	0	0	0	0	0	0	0	0	0	0	0	0	0	0	0	0	0	0	0	0	0	0	0	0	0	0	0	0	0	0	0	0	0	0	0	0	0	0	0	0	0	0	0	0	0	0	0	0	0	0	0	0	0	0	0	0	0	0	0	0	0	0	0	0	0	0	0	0	0	0	0	0	0	0	0	0	0	0	0	0	0	0	0	0	0	0	0	0	0	0	0	176	129	73	146	173	154	194	55	67	91	135
0	0	0	0	0	0	0	0	0	0	0	0	0	0	0	0	0	0	0	0	0	0	0	0	0	0	0	0	0	0	0	0	0	0	0	0	0	0	0	0	0	0	0	0	0	0	0	0	0	0	0	0	0	0	0	0	0	0	0	0	0	0	0	0	0	0	0	0	0	0	0	0	0	0	0	0	0	0	0	0	0	0	0	0	0	0	0	0	0	0	0	0	0	0	0	0	0	0	0	0	0	0	0	0	0	0	0	0	0	0	0	0	0	0	0	0	0	0	110	180	139	179	108	180	134	175	110	81
0	0	0	0	0	0	0	0	0	0	0	0	0	0	0	0	0	0	0	0	0	0	0	0	0	0	0	0	0	0	0	0	0	0	0	0	0	0	0	0	0	0	0	0	0	0	0	0	0	0	0	0	0	0	0	0	0	0	0	0	0	0	0	0	0	0	0	0	0	0	0	0	0	0	0	0	0	0	0	0	0	0	0	0	0	0	0	0	0	0	0	0	0	0	0	0	0	0	0	0	0	0	0	0	0	0	0	0	0	0	0	0	0	0	0	0	0	0	0	34	52	11	45	119	158	112	208	152
0	0	0	0	0	0	0	0	0	0	0	0	0	0	0	0	0	0	0	0	0	0	0	0	0	0	0	0	0	0	0	0	0	0	0	0	0	0	0	0	0	0	0	0	0	0	0	0	0	0	0	0	0	0	0	0	0	0	0	0	0	0	0	0	0	0	0	0	0	0	0	0	0	0	0	0	0	0	0	0	0	0	0	0	0	0	0	0	0	0	0	0	0	0	0	0	0	0	0	0	0	0	0	0	0	0	0	0	0	0	0	0	0	0	0	0	0	0	0	0	110	214	39	136	111	144	183	186
0	0	0	0	0	0	0	0	0	0	0	0	0	0	0	0	0	0	0	0	0	0	0	0	0	0	0	0	0	0	0	0	0	0	0	0	0	0	0	0	0	0	0	0	0	0	0	0	0	0	0	0	0	0	0	0	0	0	0	0	0	0	0	0	0	0	0	0	0	0	0	0	0	0	0	0	0	0	0	0	0	0	0	0	0	0	0	0	0	0	0	0	0	0	0	0	0	0	0	0	0	0	0	0	0	0	0	0	0	0	0	0	0	0	0	0	0	0	0	0	0	191	64	181	198	177	203	22
0	0	0	0	0	0	0	0	0	0	0	0	0	0	0	0	0	0	0	0	0	0	0	0	0	0	0	0	0	0	0	0	0	0	0	0	0	0	0	0	0	0	0	0	0	0	0	0	0	0	0	0	0	0	0	0	0	0	0	0	0	0	0	0	0	0	0	0	0	0	0	0	0	0	0	0	0	0	0	0	0	0	0	0	0	0	0	0	0	0	0	0	0	0	0	0	0	0	0	0	0	0	0	0	0	0	0	0	0	0	0	0	0	0	0	0	0	0	0	0	0	0	122	97	116	103	49	117
0	0	0	0	0	0	0	0	0	0	0	0	0	0	0	0	0	0	0	0	0	0	0	0	0	0	0	0	0	0	0	0	0	0	0	0	0	0	0	0	0	0	0	0	0	0	0	0	0	0	0	0	0	0	0	0	0	0	0	0	0	0	0	0	0	0	0	0	0	0	0	0	0	0	0	0	0	0	0	0	0	0	0	0	0	0	0	0	0	0	0	0	0	0	0	0	0	0	0	0	0	0	0	0	0	0	0	0	0	0	0	0	0	0	0	0	0	0	0	0	0	0	0	118	173	152	197	164
0	0	0	0	0	0	0	0	0	0	0	0	0	0	0	0	0	0	0	0	0	0	0	0	0	0	0	0	0	0	0	0	0	0	0	0	0	0	0	0	0	0	0	0	0	0	0	0	0	0	0	0	0	0	0	0	0	0	0	0	0	0	0	0	0	0	0	0	0	0	0	0	0	0	0	0	0	0	0	0	0	0	0	0	0	0	0	0	0	0	0	0	0	0	0	0	0	0	0	0	0	0	0	0	0	0	0	0	0	0	0	0	0	0	0	0	0	0	0	0	0	0	0	0	198	148	189	92
0	0	0	0	0	0	0	0	0	0	0	0	0	0	0	0	0	0	0	0	0	0	0	0	0	0	0	0	0	0	0	0	0	0	0	0	0	0	0	0	0	0	0	0	0	0	0	0	0	0	0	0	0	0	0	0	0	0	0	0	0	0	0	0	0	0	0	0	0	0	0	0	0	0	0	0	0	0	0	0	0	0	0	0	0	0	0	0	0	0	0	0	0	0	0	0	0	0	0	0	0	0	0	0	0	0	0	0	0	0	0	0	0	0	0	0	0	0	0	0	0	0	0	0	0	90	138	15
0	0	0	0	0	0	0	0	0	0	0	0	0	0	0	0	0	0	0	0	0	0	0	0	0	0	0	0	0	0	0	0	0	0	0	0	0	0	0	0	0	0	0	0	0	0	0	0	0	0	0	0	0	0	0	0	0	0	0	0	0	0	0	0	0	0	0	0	0	0	0	0	0	0	0	0	0	0	0	0	0	0	0	0	0	0	0	0	0	0	0	0	0	0	0	0	0	0	0	0	0	0	0	0	0	0	0	0	0	0	0	0	0	0	0	0	0	0	0	0	0	0	0	0	0	0	83	199
0	0	0	0	0	0	0	0	0	0	0	0	0	0	0	0	0	0	0	0	0	0	0	0	0	0	0	0	0	0	0	0	0	0	0	0	0	0	0	0	0	0	0	0	0	0	0	0	0	0	0	0	0	0	0	0	0	0	0	0	0	0	0	0	0	0	0	0	0	0	0	0	0	0	0	0	0	0	0	0	0	0	0	0	0	0	0	0	0	0	0	0	0	0	0	0	0	0	0	0	0	0	0	0	0	0	0	0	0	0	0	0	0	0	0	0	0	0	0	0	0	0	0	0	0	0	0	51
0	0	0	0	0	0	0	0	0	0	0	0	0	0	0	0	0	0	0	0	0	0	0	0	0	0	0	0	0	0	0	0	0	0	0	0	0	0	0	0	0	0	0	0	0	0	0	0	0	0	0	0	0	0	0	0	0	0	0	0	0	0	0	0	0	0	0	0	0	0	0	0	0	0	0	0	0	0	0	0	0	0	0	0	0	0	0	0	0	0	0	0	0	0	0	0	0	0	0	0	0	0	0	0	0	0	0	0	0	0	0	0	0	0	0	0	0	0	0	0	0	0	0	0	0	0	0	0