0	91	42	11	122	2	29	98	10	91	72	86	72	14	62	96	75	19	73	12	88	25	80	65	99	90	3	99	111	95	23	99	48	116	60	95	80	100	54	124	62	86	18	62	59	73	94	16	80	50	39	101	74	45	64	124	7	90	2	18	79	49	87	83	98	40	9	91	104	14	65	30	66	56	32	91	92	42	28	6	70	110	54	13	99	32	8	10	84	58	3	85	32	11	98	117	71	89	113	19	8	100	100	70	46	5	10	125	64	125	124	59	122	77	99	55	91	129	96	73	72	48	29	63	62	46	129	37
0	0	62	59	34	20	116	35	13	32	125	85	32	31	116	3	22	96	110	4	35	77	51	21	111	127	104	64	97	68	4	100	49	28	86	5	97	99	4	117	112	123	120	116	59	10	46	41	85	119	37	105	8	35	8	4	31	28	11	6	61	14	21	84	102	35	55	4	7	6	99	6	83	26	109	118	97	90	81	64	3	23	99	44	43	10	18	16	95	122	90	95	127	78	29	10	120	26	100	107	94	130	67	80	120	8	81	47	18	48	96	21	16	108	16	95	115	120	88	11	70	85	108	117	78	65	123	35
0	0	0	31	6	97	94	115	84	90	8	130	17	87	44	127	8	103	111	80	75	32	112	82	128	29	75	77	111	125	47	61	13	13	17	61	74	68	9	52	4	60	104	124	86	32	123	126	125	90	22	9	74	113	103	84	44	83	29	115	15	69	50	62	5	32	23	96	87	37	128	17	103	106	90	21	8	83	90	59	120	40	120	24	128	104	108	41	18	121	110	5	123	126	77	85	68	62	4	77	109	96	92	12	72	5	13	121	87	28	110	114	28	14	67	66	69	46	45	70	92	38	121	111	87	108	48	30
0	0	0	0	26	125	5	31	18	81	4	84	59	12	35	15	41	106	4	123	30	12	36	10	7	36	52	129	125	18	131	99	104	102	58	120	31	105	97	45	129	50	128	23	127	35	28	18	88	68	95	13	6	102	31	20	84	74	66	105	15	107	107	119	80	71	27	63	66	108	65	108	44	83	103	81	23	23	31	123	38	70	46	127	74	128	84	128	79	40	42	72	62	60	67	42	128	56	116	23	74	30	55	26	21	8	69	51	19	64	130	92	34	70	109	53	39	128	4	98	92	125	76	41	58	86	17	72
0	0	0	0	0	52	39	129	58	7	92	33	34	16	20	82	96	33	94	84	119	91	69	113	85	69	121	119	72	57	34	81	89	87	12	111	119	127	66	94	128	128	19	7	30	65	128	84	28	60	6	69	85	84	105	42	7	95	93	47	47	68	26	83	117	115	89	131	100	119	91	82	67	74	113	100	82	54	67	21	33	94	21	47	12	109	5	44	117	118	25	82	37	86	103	26	48	65	91	22	131	106	101	71	101	88	90	109	87	37	72	97	62	129	61	122	102	78	29	30	111	64	38	129	62	43	83	12
0	0	0	0	0	0	20	17	121	14	111	71	3	7	10	71	80	25	25	103	18	25	32	51	118	38	48	63	115	16	90	57	26	73	128	121	4	48	49	32	10	130	59	127	85	84	109	58	11	121	120	25	131	83	9	126	31	54	39	78	55	93	50	63	38	44	74	59	118	17	49	100	95	67	34	51	83	11	38	8	85	48	71	19	92	14	79	35	115	124	115	70	47	41	62	114	130	62	41	75	20	21	113	14	95	36	84	64	107	19	67	63	107	38	97	76	54	58	12	26	45	66	122	78	117	23	117	69
0	0	0	0	0	0	0	83	112	108	128	14	58	79	98	46	94	20	26	103	25	102	110	124	74	108	39	96	23	7	59	102	45	19	110	42	7	47	85	105	75	80	101	115	124	70	85	72	29	127	122	132	103	36	95	19	80	114	93	17	121	34	48	116	63	67	9	53	92	30	20	40	104	120	39	31	102	116	109	48	40	125	69	34	51	61	56	103	82	24	73	37	62	47	80	118	44	83	105	81	31	68	23	17	82	129	115	129	57	47	41	70	28	93	78	65	102	73	49	67	98	76	64	102	91	56	26	48
0	0	0	0	0	0	0	0	13	75	101	117	85	36	97	27	51	20	84	101	56	119	83	59	121	118	52	44	102	45	37	27	48	113	54	118	7	107	34	120	98	128	47	38	88	13	34	19	42	118	57	57	43	9	114	56	54	112	22	98	108	37	11	101	34	103	87	11	88	20	83	30	80	27	79	28	25	125	47	116	118	83	35	107	55	21	3	23	89	38	73	125	99	43	84	51	99	87	111	97	105	10	128	134	94	63	45	11	62	74	125	101	94	21	23	18	30	99	108	37	121	17	56	117	14	99	123	44
0	0	0	0	0	0	0	0	0	37	35	125	86	15	126	82	120	117	130	75	114	107	71	47	21	79	116	68	97	20	128	120	59	13	126	41	114	130	36	56	79	68	27	125	17	82	23	23	97	58	90	4	46	4	52	23	23	67	116	119	71	63	93	123	120	64	52	104	72	71	114	86	19	62	9	68	98	23	26	34	39	98	40	62	78	81	111	16	98	96	35	105	27	77	118	17	60	107	46	89	77	31	55	63	83	118	37	28	35	46	127	95	132	113	17	44	73	23	45	108	104	29	46	11	39	90	60	40
0	0	0	0	0	0	0	0	0	0	30	72	126	110	34	127	42	85	132	14	75	42	72	13	122	88	9	91	41	28	86	47	125	56	11	28	72	118	114	56	123	46	114	40	18	52	37	134	97	70	22	105	97	51	75	76	63	126	85	36	56	58	14	47	103	51	128	30	128	25	74	77	91	24	34	29	95	120	68	84	108	78	91	46	110	26	12	133	109	39	19	59	8	67	23	15	40	25	60	38	69	93	58	23	37	94	106	120	51	47	28	73	18	71	48	94	88	9	34	26	9	74	116	72	129	26	39	47
0	0	0	0	0	0	0	0	0	0	0	129	86	32	105	94	117	49	86	74	33	87	3	124	46	41	31	12	37	125	71	107	128	105	58	20	3	120	50	102	57	112	84	85	31	116	123	33	118	62	65	12	85	12	127	10	55	9	116	118	118	69	20	44	119	11	55	88	37	20	80	6	83	137	123	96	127	92	101	65	55	112	54	54	3	134	89	113	18	52	94	119	35	106	34	124	137	41	28	86	94	64	14	101	72	129	79	28	17	118	112	89	78	97	92	97	95	37	100	116	80	44	62	55	100	53	97	60
0	0	0	0	0	0	0	0	0	0	0	0	110	52	55	83	77	114	11	114	28	105	112	84	72	25	89	91	119	73	75	56	107	70	29	103	31	72	21	107	108	126	138	20	29	29	75	134	54	26	89	76	39	61	61	20	110	50	55	125	48	92	121	32	67	66	42	18	36	126	16	55	33	86	36	59	17	96	11	61	49	100	68	33	73	34	35	56	135	48	7	71	127	102	91	68	82	21	50	125	45	42	20	49	81	105	43	56	93	25	60	56	61	92	125	121	108	96	112	62	55	99	104	63	44	33	118	77
0	0	0	0	0	0	0	0	0	0	0	0	0	50	77	19	70	31	45	75	36	6	87	92	79	132	53	109	25	98	126	95	50	88	11	137	134	62	119	84	108	82	109	83	59	128	96	126	38	108	93	60	29	127	14	31	113	126	41	86	75	133	37	90	18	49	26	81	47	110	44	62	36	41	52	101	127	61	45	48	107	66	7	83	102	106	108	36	42	112	68	135	91	36	86	38	52	110	133	53	48	54	51	114	56	40	25	78	127	125	60	57	12	26	39	137	85	55	101	85	35	117	19	6	132	139	59	83
0	0	0	0	0	0	0	0	0	0	0	0	0	0	28	30	70	44	116	55	55	114	37	82	49	43	74	76	123	107	35	121	48	130	59	76	16	108	57	94	55	50	132	40	66	85	40	80	28	46	96	15	34	46	89	123	101	112	14	76	99	16	40	58	132	54	61	121	26	90	103	130	18	19	118	103	103	33	58	55	37	11	28	111	25	71	132	89	100	132	31	123	47	38	45	103	46	111	5	56	90	121	38	48	18	108	76	105	116	68	14	35	104	74	53	8	129	133	120	99	35	39	17	73	141	62	133	27
0	0	0	0	0	0	0	0	0	0	0	0	0	0	0	12	35	19	56	135	27	54	94	106	46	60	48	70	126	62	129	18	81	82	115	60	66	133	62	115	109	44	49	115	106	71	108	25	94	11	108	26	80	24	19	66	55	89	65	111	29	18	40	32	25	58	117	115	31	136	101	97	92	61	97	40	105	118	32	135	130	102	115	73	55	100	106	98	53	37	41	91	23	36	84	93	108	46	36	121	96	61	38	73	130	48	76	26	126	4	51	37	65	100	27	30	37	90	36	92	97	92	103	135	124	37	84	130
0	0	0	0	0	0	0	0	0	0	0	0	0	0	0	0	51	63	38	143	12	76	51	31	34	130	92	124	115	111	29	114	46	59	74	89	87	123	133	38	43	17	47	92	23	35	33	116	78	54	36	96	142	107	127	119	8	94	79	67	18	32	34	14	62	99	121	92	17	47	134	36	52	138	129	83	104	97	24	97	81	26	13	70	45	102	64	130	58	56	23	12	25	57	103	119	45	118	73	67	7	12	61	23	32	91	62	44	47	129	131	73	20	109	64	22	125	121	44	86	89	104	87	65	89	30	79	106
0	0	0	0	0	0	0	0	0	0	0	0	0	0	0	0	0	22	44	24	88	75	130	32	127	126	91	33	114	92	52	77	130	46	77	72	44	116	12	127	77	115	135	56	64	51	68	54	114	134	117	70	85	92	90	88	17	33	90	112	53	113	47	38	81	84	98	138	77	33	16	104	117	91	69	8	19	27	114	138	114	98	27	129	6	133	125	26	16	100	27	109	53	131	73	23	92	42	120	51	52	42	15	123	31	32	94	27	45	99	88	88	28	17	9	76	101	96	49	50	7	79	14	27	71	22	90	9
0	0	0	0	0	0	0	0	0	0	0	0	0	0	0	0	0	0	128	123	123	82	27	108	131	111	108	30	61	121	106	61	51	126	42	111	46	51	46	132	62	134	58	66	66	25	37	10	61	104	34	132	48	86	80	14	106	82	93	25	139	32	49	71	34	40	125	80	122	44	61	54	111	39	116	18	87	14	18	102	21	119	90	50	84	126	44	119	130	135	112	19	43	127	111	100	62	34	86	127	10	58	107	109	112	15	123	116	76	77	123	14	35	11	47	113	129	98	56	100	12	84	8	19	51	35	19	14
0	0	0	0	0	0	0	0	0	0	0	0	0	0	0	0	0	0	0	104	22	77	97	102	70	101	107	16	129	30	55	71	131	44	122	89	122	104	59	98	92	51	120	84	29	7	34	132	68	103	127	45	51	10	39	51	60	69	73	27	110	25	49	87	61	56	119	53	108	96	63	32	112	81	26	74	27	89	35	20	33	40	112	78	137	74	122	94	119	51	53	134	97	49	111	89	130	79	109	23	65	24	62	126	50	138	114	127	47	16	127	37	69	57	35	30	23	49	67	24	118	43	33	18	60	71	73	40
0	0	0	0	0	0	0	0	0	0	0	0	0	0	0	0	0	0	0	0	97	48	81	34	97	111	22	43	33	66	67	94	47	30	59	33	82	72	66	101	50	121	25	82	25	49	100	124	20	23	31	51	18	30	66	53	18	24	31	61	27	18	63	32	112	95	133	32	135	13	67	86	8	100	30	62	24	126	41	76	49	68	126	41	41	130	138	34	83	116	47	121	75	73	125	125	32	135	145	42	69	24	88	144	131	148	94	48	81	103	69	25	139	77	31	60	53	107	14	123	75	105	11	54	42	56	84	68
0	0	0	0	0	0	0	0	0	0	0	0	0	0	0	0	0	0	0	0	0	24	86	4	113	62	122	106	132	43	74	24	54	39	107	102	16	20	48	11	41	121	130	109	86	24	128	102	8	116	102	24	22	86	108	126	92	114	83	123	100	51	108	100	44	16	21	123	54	49	100	93	17	111	76	55	120	121	21	88	75	54	59	69	102	52	25	8	24	101	108	126	56	77	88	133	105	91	28	51	69	134	93	56	129	5	38	48	134	17	21	24	85	44	4	29	63	108	94	140	113	112	89	35	16	56	64	76
0	0	0	0	0	0	0	0	0	0	0	0	0	0	0	0	0	0	0	0	0	0	107	80	39	78	107	20	94	129	95	139	68	22	14	125	43	138	140	16	110	40	24	65	56	69	110	121	35	49	96	17	65	31	133	77	34	126	124	12	38	30	79	68	72	37	118	142	146	117	119	74	71	102	92	66	135	75	110	61	118	124	108	16	104	118	7	129	92	16	11	69	66	94	80	93	14	8	57	61	113	122	107	31	59	136	110	87	41	139	32	46	71	111	46	32	16	79	115	21	122	96	123	24	106	55	119	57
0	0	0	0	0	0	0	0	0	0	0	0	0	0	0	0	0	0	0	0	0	0	0	82	18	42	60	89	19	125	79	63	68	30	65	148	54	123	81	115	104	131	82	62	87	79	88	106	36	120	70	99	43	40	98	93	28	26	68	18	76	23	48	54	133	45	40	93	136	62	130	137	20	71	33	120	104	104	88	58	130	33	77	70	121	45	90	52	123	28	129	24	61	85	77	43	61	74	121	49	88	25	80	48	55	110	93	134	84	111	58	93	78	13	34	89	101	63	44	82	120	138	107	37	23	107	130	112
0	0	0	0	0	0	0	0	0	0	0	0	0	0	0	0	0	0	0	0	0	0	0	0	109	14	135	42	130	52	85	18	107	90	17	119	108	32	57	126	110	113	95	83	102	62	103	84	22	81	126	103	40	98	103	78	117	55	126	62	70	64	80	143	82	125	33	81	34	45	143	79	49	79	25	74	127	136	23	45	62	120	24	131	128	31	53	64	71	45	26	69	129	38	52	105	64	26	86	120	31	84	70	56	91	65	92	122	28	63	22	82	77	31	23	52	14	25	113	124	79	92	69	113	26	24	102	24
0	0	0	0	0	0	0	0	0	0	0	0	0	0	0	0	0	0	0	0	0	0	0	0	0	35	67	30	23	17	140	115	49	74	76	100	97	145	30	98	53	31	92	50	20	70	41	70	104	96	75	96	139	96	77	62	131	35	92	53	73	143	33	96	60	146	70	45	34	54	30	65	39	31	112	24	38	65	81	46	110	58	56	14	54	78	82	25	81	101	62	76	26	16	147	129	45	19	32	85	69	41	62	41	121	112	24	84	36	26	80	41	43	130	127	75	98	88	27	49	140	70	88	132	24	88	72	94
0	0	0	0	0	0	0	0	0	0	0	0	0	0	0	0	0	0	0	0	0	0	0	0	0	0	63	43	9	116	136	143	126	27	81	57	74	142	54	124	76	66	110	82	124	35	24	82	93	123	115	140	21	42	119	73	24	141	36	24	143	90	112	84	99	13	38	124	112	112	73	36	14	98	55	45	137	94	88	107	50	40	116	129	128	79	80	68	126	126	114	64	99	118	148	107	79	14	66	71	91	50	140	26	80	142	14	118	56	35	103	96	132	132	61	90	99	72	45	64	25	63	92	119	77	77	130	90
0	0	0	0	0	0	0	0	0	0	0	0	0	0	0	0	0	0	0	0	0	0	0	0	0	0	0	154	20	30	108	121	53	68	27	90	36	29	95	130	52	142	90	67	43	86	56	114	97	72	112	65	42	125	59	70	93	132	10	54	122	133	129	140	34	132	20	49	70	59	116	58	124	144	63	92	30	87	82	36	135	46	121	137	48	57	16	59	94	80	120	95	134	84	34	24	142	107	113	40	122	46	27	90	82	80	128	117	92	53	99	115	97	114	28	108	72	39	124	39	133	104	35	124	13	90	107	34
0	0	0	0	0	0	0	0	0	0	0	0	0	0	0	0	0	0	0	0	0	0	0	0	0	0	0	0	91	77	8	75	39	103	62	25	72	71	139	138	30	86	113	99	18	113	132	81	102	104	146	99	49	127	62	38	33	140	88	72	24	29	127	138	98	45	141	104	128	59	89	39	90	112	149	37	44	76	131	30	64	92	145	118	59	45	31	50	80	94	45	84	71	150	13	141	88	37	132	78	84	43	143	57	147	55	63	96	141	113	72	125	54	99	25	37	61	81	52	104	64	25	78	144	86	76	64	65
0	0	0	0	0	0	0	0	0	0	0	0	0	0	0	0	0	0	0	0	0	0	0	0	0	0	0	0	0	133	78	91	144	102	124	128	97	41	44	27	28	122	105	124	19	100	84	129	80	106	130	63	145	108	89	96	121	128	44	96	94	16	46	55	45	91	127	137	9	48	51	8	86	50	110	72	91	31	84	47	47	14	20	135	145	127	134	140	132	124	70	8	131	43	114	46	121	114	91	98	106	141	67	20	105	78	36	112	135	86	46	38	8	49	108	133	147	102	120	108	54	103	53	35	33	52	134	93
0	0	0	0	0	0	0	0	0	0	0	0	0	0	0	0	0	0	0	0	0	0	0	0	0	0	0	0	0	0	55	95	98	119	131	93	92	108	38	132	63	16	59	123	124	144	35	50	57	78	134	86	67	59	133	116	125	108	113	54	100	51	60	141	123	117	62	60	65	100	101	19	109	75	44	85	48	76	99	62	150	73	19	93	29	100	116	92	27	10	90	76	91	76	40	127	146	62	139	29	105	93	53	67	16	88	18	86	56	35	133	110	120	124	144	135	61	56	138	83	87	67	112	102	65	97	125	108
0	0	0	0	0	0	0	0	0	0	0	0	0	0	0	0	0	0	0	0	0	0	0	0	0	0	0	0	0	0	0	103	75	52	88	105	38	19	68	129	73	114	56	146	55	71	32	144	31	96	54	63	32	119	121	103	72	40	96	136	143	59	98	42	9	62	98	64	115	114	21	149	149	115	143	51	17	92	110	105	119	127	89	149	130	114	22	47	128	44	138	113	102	53	43	85	51	90	4	134	28	131	82	53	112	57	45	103	106	98	128	53	109	61	57	41	43	82	91	41	121	152	146	135	120	68	105	44
0	0	0	0	0	0	0	0	0	0	0	0	0	0	0	0	0	0	0	0	0	0	0	0	0	0	0	0	0	0	0	0	24	54	47	33	19	96	39	55	131	71	22	44	144	120	37	86	51	70	102	93	87	89	88	66	21	93	44	29	27	145	140	105	33	131	126	36	35	122	77	52	82	50	132	48	99	81	145	71	27	97	62	95	83	83	55	48	152	87	115	103	96	54	114	85	24	66	126	94	24	116	114	22	92	35	47	6	19	23	65	7	83	87	16	123	133	93	73	17	82	16	60	146	11	86	93	88
0	0	0	0	0	0	0	0	0	0	0	0	0	0	0	0	0	0	0	0	0	0	0	0	0	0	0	0	0	0	0	0	0	66	33	96	119	52	102	67	121	55	109	32	67	95	88	27	68	119	142	59	7	145	36	110	79	31	140	84	140	107	20	136	25	71	57	41	134	105	105	82	118	25	134	40	75	91	77	147	130	144	107	100	73	103	44	149	120	80	78	92	56	70	92	46	71	71	18	97	42	112	61	97	66	40	87	131	55	117	60	79	47	94	130	76	132	98	63	89	60	24	123	10	125	26	103	76
0	0	0	0	0	0	0	0	0	0	0	0	0	0	0	0	0	0	0	0	0	0	0	0	0	0	0	0	0	0	0	0	0	0	35	136	48	128	110	26	36	76	15	37	39	35	46	24	101	43	55	150	106	85	49	73	16	54	109	102	54	50	39	11	114	38	132	84	95	99	152	83	153	119	79	22	138	108	83	117	139	73	111	77	99	59	35	39	78	137	91	134	128	41	58	54	47	119	146	71	67	19	77	16	119	32	112	107	78	91	66	41	42	105	96	78	20	54	24	96	36	50	120	126	17	46	123	86
0	0	0	0	0	0	0	0	0	0	0	0	0	0	0	0	0	0	0	0	0	0	0	0	0	0	0	0	0	0	0	0	0	0	0	87	84	51	13	95	91	52	96	135	118	100	99	135	40	101	109	155	75	44	117	69	108	104	87	47	45	101	58	74	105	65	113	53	137	88	41	94	43	112	90	81	130	74	63	35	136	46	157	75	67	83	72	95	100	80	82	74	134	48	44	129	133	58	50	43	90	98	134	59	79	81	105	58	59	133	28	70	38	147	131	145	61	87	158	55	89	49	49	87	149	81	127	106
0	0	0	0	0	0	0	0	0	0	0	0	0	0	0	0	0	0	0	0	0	0	0	0	0	0	0	0	0	0	0	0	0	0	0	0	95	49	44	69	106	89	39	35	59	129	61	42	74	147	68	51	65	19	37	24	124	79	28	88	130	111	39	129	96	68	28	78	122	27	57	64	77	25	31	95	85	131	63	100	81	97	127	67	109	37	82	120	43	72	105	91	70	76	131	147	107	40	61	122	58	38	120	130	132	68	45	16	86	72	50	73	50	99	143	34	32	63	132	79	93	134	42	133	117	65	101	30
0	0	0	0	0	0	0	0	0	0	0	0	0	0	0	0	0	0	0	0	0	0	0	0	0	0	0	0	0	0	0	0	0	0	0	0	0	68	84	73	133	32	59	82	122	108	41	66	12	63	71	48	52	40	31	83	35	61	53	148	35	140	136	44	85	15	57	143	108	65	83	134	115	55	38	118	116	134	62	65	48	110	121	135	163	144	29	130	89	127	36	129	117	37	37	96	34	43	107	77	99	125	59	116	139	61	9	123	50	96	40	57	49	117	153	118	115	117	131	139	69	81	85	63	78	53	34	135
0	0	0	0	0	0	0	0	0	0	0	0	0	0	0	0	0	0	0	0	0	0	0	0	0	0	0	0	0	0	0	0	0	0	0	0	0	0	24	64	45	85	34	93	136	30	62	42	113	24	37	19	15	70	51	39	104	46	46	49	116	148	98	84	111	51	25	130	85	84	118	80	101	126	57	103	64	104	151	101	148	41	132	132	156	62	139	117	96	117	57	75	128	121	120	110	55	134	101	116	36	23	137	68	104	85	56	134	36	131	37	90	34	136	22	78	133	102	85	63	53	90	102	29	49	148	51	114
0	0	0	0	0	0	0	0	0	0	0	0	0	0	0	0	0	0	0	0	0	0	0	0	0	0	0	0	0	0	0	0	0	0	0	0	0	0	0	8	84	36	86	91	9	41	119	84	52	92	62	120	113	35	20	93	75	40	57	73	32	134	141	46	84	18	74	37	140	127	36	110	96	120	127	127	50	64	24	12	58	119	36	129	84	62	101	44	52	151	135	167	122	88	102	25	106	51	104	134	84	101	22	62	46	47	151	80	53	80	69	62	69	90	151	90	84	138	85	73	113	45	61	78	136	116	46	83
0	0	0	0	0	0	0	0	0	0	0	0	0	0	0	0	0	0	0	0	0	0	0	0	0	0	0	0	0	0	0	0	0	0	0	0	0	0	0	0	72	132	84	46	113	10	19	127	119	27	135	147	50	62	57	78	100	105	94	104	47	103	127	146	123	118	96	123	29	59	71	19	54	73	121	43	126	102	116	71	112	35	11	39	41	129	88	47	120	105	113	96	32	28	47	53	20	26	97	105	54	141	78	95	60	149	45	92	82	105	18	113	92	90	121	61	28	139	59	142	46	132	46	37	90	134	163	96
0	0	0	0	0	0	0	0	0	0	0	0	0	0	0	0	0	0	0	0	0	0	0	0	0	0	0	0	0	0	0	0	0	0	0	0	0	0	0	0	0	89	140	113	115	83	129	26	34	38	128	79	131	144	58	37	11	19	160	66	64	68	120	103	123	58	109	130	123	72	78	26	117	32	67	74	83	127	118	74	23	41	39	72	111	50	128	95	74	71	142	53	40	76	76	152	122	63	125	67	137	76	129	111	137	90	86	45	123	123	161	116	108	89	110	90	130	87	38	61	141	44	107	49	58	161	32	139
0	0	0	0	0	0	0	0	0	0	0	0	0	0	0	0	0	0	0	0	0	0	0	0	0	0	0	0	0	0	0	0	0	0	0	0	0	0	0	0	0	0	154	60	86	45	169	58	80	118	60	54	62	143	25	84	56	84	70	64	88	62	101	33	74	120	15	69	140	69	81	119	78	26	45	60	108	14	103	115	102	135	140	147	141	67	129	66	145	6	140	125	52	13	148	28	50	129	108	95	109	118	135	111	120	164	72	54	140	79	134	71	76	71	76	33	98	70	47	126	67	108	28	139	46	140	77	151
0	0	0	0	0	0	0	0	0	0	0	0	0	0	0	0	0	0	0	0	0	0	0	0	0	0	0	0	0	0	0	0	0	0	0	0	0	0	0	0	0	0	0	11	35	134	95	46	69	40	97	58	100	112	82	113	131	87	20	93	125	25	55	159	65	33	139	69	41	100	32	23	34	112	42	119	112	100	108	93	36	97	77	111	106	126	139	113	13	138	150	144	76	87	128	71	49	65	141	94	106	136	124	83	74	48	146	76	52	49	96	53	92	36	67	113	89	62	98	69	67	46	135	58	29	36	62	34
0	0	0	0	0	0	0	0	0	0	0	0	0	0	0	0	0	0	0	0	0	0	0	0	0	0	0	0	0	0	0	0	0	0	0	0	0	0	0	0	0	0	0	0	54	103	132	79	67	112	53	83	132	123	151	24	72	138	69	103	136	120	36	63	93	92	59	66	89	151	139	14	54	86	32	93	37	73	50	95	39	154	39	127	110	131	92	165	20	142	36	84	82	91	106	43	132	46	122	123	20	130	51	42	135	115	70	128	43	137	19	157	47	42	22	114	8	106	109	49	89	94	110	32	51	146	95	43
0	0	0	0	0	0	0	0	0	0	0	0	0	0	0	0	0	0	0	0	0	0	0	0	0	0	0	0	0	0	0	0	0	0	0	0	0	0	0	0	0	0	0	0	0	124	87	67	70	61	106	132	26	75	21	75	89	37	11	91	100	38	44	89	103	158	123	120	97	127	138	152	111	33	61	128	130	82	5	110	68	64	35	15	68	121	121	94	125	128	97	48	128	128	42	111	130	144	154	118	163	105	103	52	101	36	101	124	42	53	120	90	104	85	118	114	71	114	64	19	42	92	48	90	52	34	55	61
0	0	0	0	0	0	0	0	0	0	0	0	0	0	0	0	0	0	0	0	0	0	0	0	0	0	0	0	0	0	0	0	0	0	0	0	0	0	0	0	0	0	0	0	0	0	48	91	121	97	73	61	135	100	156	58	150	168	112	38	101	57	38	151	95	75	96	97	73	30	85	115	90	99	107	120	13	120	130	20	81	165	42	100	98	107	143	126	169	39	23	115	137	120	80	110	148	128	10	97	58	48	90	61	60	24	98	117	106	10	40	144	26	106	113	70	126	42	75	46	138	95	57	120	20	126	36	69
0	0	0	0	0	0	0	0	0	0	0	0	0	0	0	0	0	0	0	0	0	0	0	0	0	0	0	0	0	0	0	0	0	0	0	0	0	0	0	0	0	0	0	0	0	0	0	37	161	129	101	44	54	103	28	102	64	93	54	75	26	82	11	142	89	123	129	125	98	93	53	34	87	36	48	143	131	44	85	143	94	87	105	151	25	130	151	91	9	172	62	110	116	30	133	72	113	98	54	47	112	135	71	21	61	55	124	54	136	99	140	139	103	128	135	67	121	113	99	7	42	121	152	148	75	57	127	150
0	0	0	0	0	0	0	0	0	0	0	0	0	0	0	0	0	0	0	0	0	0	0	0	0	0	0	0	0	0	0	0	0	0	0	0	0	0	0	0	0	0	0	0	0	0	0	0	106	117	103	78	49	59	63	160	42	61	106	46	139	165	143	110	122	40	153	90	108	4	108	117	147	168	106	155	145	101	136	108	76	112	95	41	83	103	121	115	45	39	130	70	9	101	160	115	112	138	39	30	113	141	56	154	50	97	84	115	48	66	133	24	46	112	99	126	32	119	68	55	115	136	115	8	51	129	48	71
0	0	0	0	0	0	0	0	0	0	0	0	0	0	0	0	0	0	0	0	0	0	0	0	0	0	0	0	0	0	0	0	0	0	0	0	0	0	0	0	0	0	0	0	0	0	0	0	0	93	108	119	115	80	90	81	101	118	113	38	24	24	143	93	108	119	41	44	81	79	19	98	120	31	75	76	33	112	132	154	52	52	52	27	138	48	73	31	135	93	98	110	69	107	136	77	59	112	38	117	144	57	69	100	30	46	67	54	68	109	96	72	39	119	43	128	103	145	115	126	22	96	46	115	74	48	114	106
0	0	0	0	0	0	0	0	0	0	0	0	0	0	0	0	0	0	0	0	0	0	0	0	0	0	0	0	0	0	0	0	0	0	0	0	0	0	0	0	0	0	0	0	0	0	0	0	0	0	131	147	159	110	134	42	25	77	52	131	18	52	147	112	100	112	89	118	52	80	28	27	74	108	50	72	83	107	62	109	85	51	141	108	72	109	165	95	130	97	128	41	102	166	132	152	40	53	125	90	156	54	134	68	90	133	125	171	93	65	106	48	101	25	41	97	92	42	108	87	54	115	108	55	92	158	97	102
0	0	0	0	0	0	0	0	0	0	0	0	0	0	0	0	0	0	0	0	0	0	0	0	0	0	0	0	0	0	0	0	0	0	0	0	0	0	0	0	0	0	0	0	0	0	0	0	0	0	0	55	110	138	67	154	113	80	52	150	126	115	155	92	123	14	29	42	101	44	54	94	119	144	37	89	128	98	73	70	101	81	29	95	40	118	39	79	133	118	107	108	98	79	37	164	173	42	74	110	35	29	76	46	84	124	161	152	167	141	31	60	122	83	91	130	121	56	90	95	70	48	95	137	106	102	111	97
0	0	0	0	0	0	0	0	0	0	0	0	0	0	0	0	0	0	0	0	0	0	0	0	0	0	0	0	0	0	0	0	0	0	0	0	0	0	0	0	0	0	0	0	0	0	0	0	0	0	0	0	43	117	81	162	132	66	38	49	145	122	56	148	109	111	42	36	109	172	110	116	41	53	47	100	167	77	84	135	90	63	80	53	119	79	165	108	153	98	46	86	129	112	159	74	102	96	54	114	82	51	97	126	25	69	135	101	137	31	59	101	121	80	127	84	105	156	64	51	78	96	88	42	93	111	55	23
0	0	0	0	0	0	0	0	0	0	0	0	0	0	0	0	0	0	0	0	0	0	0	0	0	0	0	0	0	0	0	0	0	0	0	0	0	0	0	0	0	0	0	0	0	0	0	0	0	0	0	0	0	132	103	86	103	26	60	99	110	134	43	155	118	10	38	39	34	163	169	116	39	88	110	83	74	128	114	142	56	69	141	153	68	36	36	76	59	76	139	122	17	161	156	70	142	178	38	34	142	57	132	59	86	54	82	138	146	39	71	102	91	148	59	27	156	83	100	163	130	115	115	63	137	48	69	64
0	0	0	0	0	0	0	0	0	0	0	0	0	0	0	0	0	0	0	0	0	0	0	0	0	0	0	0	0	0	0	0	0	0	0	0	0	0	0	0	0	0	0	0	0	0	0	0	0	0	0	0	0	0	37	56	108	88	118	168	19	125	60	82	98	110	64	118	81	115	36	62	43	175	34	130	94	103	119	78	144	89	142	134	81	163	178	32	91	90	65	128	139	172	63	86	144	78	79	145	82	127	9	132	13	69	127	134	56	71	135	126	58	58	50	152	163	39	54	73	99	144	138	54	116	80	122	51
0	0	0	0	0	0	0	0	0	0	0	0	0	0	0	0	0	0	0	0	0	0	0	0	0	0	0	0	0	0	0	0	0	0	0	0	0	0	0	0	0	0	0	0	0	0	0	0	0	0	0	0	0	0	0	17	50	67	98	15	74	125	63	90	55	74	145	155	117	161	33	69	96	37	64	89	36	94	33	123	167	103	27	110	119	62	156	120	88	144	54	71	98	112	113	134	51	131	80	37	56	86	30	47	133	78	129	173	150	169	125	33	67	157	85	59	140	81	26	112	168	38	36	28	26	107	66	67
0	0	0	0	0	0	0	0	0	0	0	0	0	0	0	0	0	0	0	0	0	0	0	0	0	0	0	0	0	0	0	0	0	0	0	0	0	0	0	0	0	0	0	0	0	0	0	0	0	0	0	0	0	0	0	0	92	117	66	124	33	99	140	80	34	114	75	122	105	143	145	100	98	23	119	147	123	93	56	71	176	86	74	49	91	154	110	17	91	130	136	171	146	134	128	105	91	179	40	113	80	51	62	165	170	141	108	52	41	57	112	45	171	119	125	56	80	137	149	113	89	68	92	119	52	39	96	106
0	0	0	0	0	0	0	0	0	0	0	0	0	0	0	0	0	0	0	0	0	0	0	0	0	0	0	0	0	0	0	0	0	0	0	0	0	0	0	0	0	0	0	0	0	0	0	0	0	0	0	0	0	0	0	0	0	66	32	44	119	156	33	77	131	167	81	30	106	138	179	115	40	81	108	19	139	170	103	60	54	126	149	128	45	131	103	63	20	138	19	6	91	77	120	155	44	111	119	95	95	157	57	149	106	112	36	17	161	62	111	161	82	135	58	85	82	160	135	67	122	49	84	102	98	27	77	96
0	0	0	0	0	0	0	0	0	0	0	0	0	0	0	0	0	0	0	0	0	0	0	0	0	0	0	0	0	0	0	0	0	0	0	0	0	0	0	0	0	0	0	0	0	0	0	0	0	0	0	0	0	0	0	0	0	0	27	158	92	115	80	101	119	163	147	135	121	121	139	55	77	120	108	72	66	40	77	97	83	132	63	49	98	76	134	53	129	142	48	145	9	152	89	116	86	87	90	107	141	42	75	149	66	42	38	147	51	112	124	78	142	18	113	161	56	65	48	43	47	101	65	54	132	53	102	131
0	0	0	0	0	0	0	0	0	0	0	0	0	0	0	0	0	0	0	0	0	0	0	0	0	0	0	0	0	0	0	0	0	0	0	0	0	0	0	0	0	0	0	0	0	0	0	0	0	0	0	0	0	0	0	0	0	0	0	135	79	8	95	88	160	165	113	165	21	50	67	186	156	157	144	120	56	161	105	115	29	121	137	76	56	64	87	95	76	65	48	14	60	144	49	131	44	71	116	100	111	137	174	117	127	96	94	120	114	76	78	126	174	70	151	119	120	113	74	141	12	42	71	81	20	84	146	62
0	0	0	0	0	0	0	0	0	0	0	0	0	0	0	0	0	0	0	0	0	0	0	0	0	0	0	0	0	0	0	0	0	0	0	0	0	0	0	0	0	0	0	0	0	0	0	0	0	0	0	0	0	0	0	0	0	0	0	0	125	123	10	60	87	33	35	115	85	86	163	136	99	150	133	156	152	120	165	109	49	73	84	78	117	116	102	166	157	118	60	34	48	53	75	90	22	169	45	107	125	78	160	37	144	68	111	154	128	67	144	22	67	131	74	155	131	56	103	136	70	134	107	39	86	121	109	114
0	0	0	0	0	0	0	0	0	0	0	0	0	0	0	0	0	0	0	0	0	0	0	0	0	0	0	0	0	0	0	0	0	0	0	0	0	0	0	0	0	0	0	0	0	0	0	0	0	0	0	0	0	0	0	0	0	0	0	0	0	116	31	67	122	85	91	140	73	41	127	40	99	17	140	148	153	101	71	121	102	144	86	82	100	118	46	25	68	133	160	126	91	45	145	76	22	125	46	22	152	82	95	132	154	75	61	135	141	90	109	104	136	55	115	45	88	155	106	121	112	95	174	53	37	59	78	141
0	0	0	0	0	0	0	0	0	0	0	0	0	0	0	0	0	0	0	0	0	0	0	0	0	0	0	0	0	0	0	0	0	0	0	0	0	0	0	0	0	0	0	0	0	0	0	0	0	0	0	0	0	0	0	0	0	0	0	0	0	0	29	89	151	101	165	10	79	165	63	22	86	158	104	94	61	150	127	167	35	70	141	2	120	124	50	123	131	60	125	167	79	115	76	71	35	130	68	88	104	58	76	45	32	67	82	85	52	104	80	22	82	18	71	106	69	89	31	105	86	70	24	61	94	23	145	134
0	0	0	0	0	0	0	0	0	0	0	0	0	0	0	0	0	0	0	0	0	0	0	0	0	0	0	0	0	0	0	0	0	0	0	0	0	0	0	0	0	0	0	0	0	0	0	0	0	0	0	0	0	0	0	0	0	0	0	0	0	0	0	57	68	50	12	106	39	70	103	105	181	54	160	147	66	78	141	138	88	126	95	132	12	118	130	177	84	80	46	107	124	131	149	147	139	105	120	66	85	88	139	168	75	69	40	39	96	66	135	149	85	117	160	57	64	133	134	22	22	108	68	136	61	62	116	82
0	0	0	0	0	0	0	0	0	0	0	0	0	0	0	0	0	0	0	0	0	0	0	0	0	0	0	0	0	0	0	0	0	0	0	0	0	0	0	0	0	0	0	0	0	0	0	0	0	0	0	0	0	0	0	0	0	0	0	0	0	0	0	0	129	46	62	71	86	104	63	171	41	79	90	129	159	37	180	144	54	154	73	114	84	172	172	71	70	50	47	66	49	78	85	79	21	113	115	89	158	110	81	78	99	94	82	154	50	59	102	140	78	165	89	41	49	122	105	108	98	120	95	144	125	122	52	48
0	0	0	0	0	0	0	0	0	0	0	0	0	0	0	0	0	0	0	0	0	0	0	0	0	0	0	0	0	0	0	0	0	0	0	0	0	0	0	0	0	0	0	0	0	0	0	0	0	0	0	0	0	0	0	0	0	0	0	0	0	0	0	0	0	44	84	131	105	99	59	71	71	115	154	53	73	82	89	141	135	145	126	125	78	45	134	97	146	177	74	153	103	137	59	150	61	136	67	95	161	38	83	77	147	80	58	108	20	155	136	125	145	142	44	133	54	177	170	159	95	138	163	59	63	74	37	117
0	0	0	0	0	0	0	0	0	0	0	0	0	0	0	0	0	0	0	0	0	0	0	0	0	0	0	0	0	0	0	0	0	0	0	0	0	0	0	0	0	0	0	0	0	0	0	0	0	0	0	0	0	0	0	0	0	0	0	0	0	0	0	0	0	0	41	123	11	103	14	106	156	67	80	132	115	60	92	87	24	83	101	35	119	161	128	87	79	109	160	124	138	59	106	65	151	103	125	41	143	58	47	171	62	6	149	95	58	100	50	72	139	85	117	41	130	20	97	76	3	104	163	86	35	70	137	80
0	0	0	0	0	0	0	0	0	0	0	0	0	0	0	0	0	0	0	0	0	0	0	0	0	0	0	0	0	0	0	0	0	0	0	0	0	0	0	0	0	0	0	0	0	0	0	0	0	0	0	0	0	0	0	0	0	0	0	0	0	0	0	0	0	0	0	40	158	165	160	26	161	145	72	155	119	88	127	121	76	148	125	118	116	81	114	192	102	117	161	127	36	131	97	72	104	24	126	166	128	174	90	125	71	117	86	60	149	87	153	156	67	85	65	16	122	43	83	153	58	154	146	112	61	110	135	78
0	0	0	0	0	0	0	0	0	0	0	0	0	0	0	0	0	0	0	0	0	0	0	0	0	0	0	0	0	0	0	0	0	0	0	0	0	0	0	0	0	0	0	0	0	0	0	0	0	0	0	0	0	0	0	0	0	0	0	0	0	0	0	0	0	0	0	0	98	55	104	78	153	151	135	111	60	116	141	158	13	129	46	99	157	105	173	151	78	144	155	74	146	157	57	81	135	141	123	132	88	120	42	157	119	146	90	20	118	117	49	73	86	40	40	114	66	140	129	125	81	105	105	79	168	158	105	173
0	0	0	0	0	0	0	0	0	0	0	0	0	0	0	0	0	0	0	0	0	0	0	0	0	0	0	0	0	0	0	0	0	0	0	0	0	0	0	0	0	0	0	0	0	0	0	0	0	0	0	0	0	0	0	0	0	0	0	0	0	0	0	0	0	0	0	0	0	21	36	88	135	72	92	99	93	100	61	67	55	129	76	157	130	177	147	20	54	67	46	173	111	123	129	73	123	28	93	119	130	57	131	138	97	121	140	86	118	50	107	105	156	120	129	159	98	119	121	70	103	159	110	138	187	123	161	82
0	0	0	0	0	0	0	0	0	0	0	0	0	0	0	0	0	0	0	0	0	0	0	0	0	0	0	0	0	0	0	0	0	0	0	0	0	0	0	0	0	0	0	0	0	0	0	0	0	0	0	0	0	0	0	0	0	0	0	0	0	0	0	0	0	0	0	0	0	0	112	112	119	103	85	80	105	179	83	129	94	150	50	50	23	140	104	100	74	59	33	122	83	92	75	141	154	66	156	104	127	106	74	78	84	119	49	82	64	132	76	122	89	147	64	32	25	151	138	95	73	119	111	126	69	98	142	115
0	0	0	0	0	0	0	0	0	0	0	0	0	0	0	0	0	0	0	0	0	0	0	0	0	0	0	0	0	0	0	0	0	0	0	0	0	0	0	0	0	0	0	0	0	0	0	0	0	0	0	0	0	0	0	0	0	0	0	0	0	0	0	0	0	0	0	0	0	0	0	68	107	136	112	19	126	52	38	144	113	120	93	103	111	112	162	173	164	169	103	143	118	81	124	116	165	142	85	38	96	163	93	106	71	101	66	23	143	70	121	56	40	168	145	81	163	149	78	60	119	151	70	76	81	108	120	43
0	0	0	0	0	0	0	0	0	0	0	0	0	0	0	0	0	0	0	0	0	0	0	0	0	0	0	0	0	0	0	0	0	0	0	0	0	0	0	0	0	0	0	0	0	0	0	0	0	0	0	0	0	0	0	0	0	0	0	0	0	0	0	0	0	0	0	0	0	0	0	0	121	184	82	137	86	89	77	152	105	130	130	153	25	37	146	163	151	60	30	173	28	138	101	119	97	34	56	70	23	94	61	120	164	118	108	62	123	155	132	97	122	69	44	58	146	130	73	88	126	28	145	31	112	46	60	102
0	0	0	0	0	0	0	0	0	0	0	0	0	0	0	0	0	0	0	0	0	0	0	0	0	0	0	0	0	0	0	0	0	0	0	0	0	0	0	0	0	0	0	0	0	0	0	0	0	0	0	0	0	0	0	0	0	0	0	0	0	0	0	0	0	0	0	0	0	0	0	0	0	165	125	61	42	126	74	96	85	103	121	38	57	110	146	91	42	167	39	21	117	108	99	102	128	28	127	69	58	25	91	94	54	82	35	155	120	58	68	175	82	194	125	74	134	124	81	76	110	75	129	134	156	159	77	152
0	0	0	0	0	0	0	0	0	0	0	0	0	0	0	0	0	0	0	0	0	0	0	0	0	0	0	0	0	0	0	0	0	0	0	0	0	0	0	0	0	0	0	0	0	0	0	0	0	0	0	0	0	0	0	0	0	0	0	0	0	0	0	0	0	0	0	0	0	0	0	0	0	0	65	144	132	116	135	137	80	83	94	51	66	174	98	107	81	84	122	33	67	153	93	127	95	167	114	138	138	77	99	75	103	79	114	40	138	130	63	145	124	51	92	8	146	94	63	139	66	136	63	171	85	151	122	159
0	0	0	0	0	0	0	0	0	0	0	0	0	0	0	0	0	0	0	0	0	0	0	0	0	0	0	0	0	0	0	0	0	0	0	0	0	0	0	0	0	0	0	0	0	0	0	0	0	0	0	0	0	0	0	0	0	0	0	0	0	0	0	0	0	0	0	0	0	0	0	0	0	0	0	57	87	41	149	113	80	130	78	108	141	63	87	105	91	77	101	120	178	111	17	39	123	117	185	67	126	103	25	93	102	156	138	133	128	24	133	88	91	197	107	16	129	105	59	126	113	136	74	73	85	162	151	139
0	0	0	0	0	0	0	0	0	0	0	0	0	0	0	0	0	0	0	0	0	0	0	0	0	0	0	0	0	0	0	0	0	0	0	0	0	0	0	0	0	0	0	0	0	0	0	0	0	0	0	0	0	0	0	0	0	0	0	0	0	0	0	0	0	0	0	0	0	0	0	0	0	0	0	0	27	150	107	81	169	123	98	92	51	15	150	36	63	114	136	153	166	38	125	131	37	112	22	56	131	109	50	182	99	153	94	37	140	140	134	101	148	71	35	75	127	135	153	67	154	35	9	19	28	35	126	150
0	0	0	0	0	0	0	0	0	0	0	0	0	0	0	0	0	0	0	0	0	0	0	0	0	0	0	0	0	0	0	0	0	0	0	0	0	0	0	0	0	0	0	0	0	0	0	0	0	0	0	0	0	0	0	0	0	0	0	0	0	0	0	0	0	0	0	0	0	0	0	0	0	0	0	0	0	95	52	22	36	45	106	163	100	128	137	145	110	165	149	104	87	187	136	175	126	79	53	97	76	170	167	69	169	129	38	136	164	65	96	83	130	83	68	116	166	84	67	102	109	155	39	89	37	95	69	155
0	0	0	0	0	0	0	0	0	0	0	0	0	0	0	0	0	0	0	0	0	0	0	0	0	0	0	0	0	0	0	0	0	0	0	0	0	0	0	0	0	0	0	0	0	0	0	0	0	0	0	0	0	0	0	0	0	0	0	0	0	0	0	0	0	0	0	0	0	0	0	0	0	0	0	0	0	0	82	127	102	106	129	96	21	109	90	79	71	118	64	95	133	44	187	107	56	72	63	117	40	140	134	82	54	132	140	178	159	74	160	108	130	46	127	200	89	111	84	62	150	194	38	72	111	58	88	151
0	0	0	0	0	0	0	0	0	0	0	0	0	0	0	0	0	0	0	0	0	0	0	0	0	0	0	0	0	0	0	0	0	0	0	0	0	0	0	0	0	0	0	0	0	0	0	0	0	0	0	0	0	0	0	0	0	0	0	0	0	0	0	0	0	0	0	0	0	0	0	0	0	0	0	0	0	0	0	67	125	157	78	94	95	103	74	27	109	121	80	63	103	166	121	100	29	85	131	87	91	19	112	124	80	108	95	31	104	152	35	115	70	67	71	89	113	41	151	186	48	52	68	49	87	152	101	109
0	0	0	0	0	0	0	0	0	0	0	0	0	0	0	0	0	0	0	0	0	0	0	0	0	0	0	0	0	0	0	0	0	0	0	0	0	0	0	0	0	0	0	0	0	0	0	0	0	0	0	0	0	0	0	0	0	0	0	0	0	0	0	0	0	0	0	0	0	0	0	0	0	0	0	0	0	0	0	0	39	69	72	138	25	28	93	186	69	71	127	145	41	83	82	165	138	112	87	154	59	161	145	149	168	135	102	98	76	52	86	84	87	75	157	81	78	72	82	104	157	93	181	4	122	71	151	133
0	0	0	0	0	0	0	0	0	0	0	0	0	0	0	0	0	0	0	0	0	0	0	0	0	0	0	0	0	0	0	0	0	0	0	0	0	0	0	0	0	0	0	0	0	0	0	0	0	0	0	0	0	0	0	0	0	0	0	0	0	0	0	0	0	0	0	0	0	0	0	0	0	0	0	0	0	0	0	0	0	49	171	139	70	166	39	161	79	72	68	120	149	52	111	52	37	105	31	114	55	133	16	179	90	131	33	83	140	97	188	118	65	97	96	137	182	126	90	114	50	181	82	57	114	57	184	181
0	0	0	0	0	0	0	0	0	0	0	0	0	0	0	0	0	0	0	0	0	0	0	0	0	0	0	0	0	0	0	0	0	0	0	0	0	0	0	0	0	0	0	0	0	0	0	0	0	0	0	0	0	0	0	0	0	0	0	0	0	0	0	0	0	0	0	0	0	0	0	0	0	0	0	0	0	0	0	0	0	0	61	129	156	75	99	146	48	47	187	131	78	122	99	177	149	38	111	108	60	75	117	146	37	57	193	84	117	87	113	141	103	156	109	88	177	29	56	52	85	119	60	63	65	186	138	162
0	0	0	0	0	0	0	0	0	0	0	0	0	0	0	0	0	0	0	0	0	0	0	0	0	0	0	0	0	0	0	0	0	0	0	0	0	0	0	0	0	0	0	0	0	0	0	0	0	0	0	0	0	0	0	0	0	0	0	0	0	0	0	0	0	0	0	0	0	0	0	0	0	0	0	0	0	0	0	0	0	0	0	135	143	153	63	103	114	124	112	199	111	76	175	106	55	82	82	112	103	186	152	156	86	181	143	152	50	25	119	29	161	52	103	58	36	89	123	126	103	119	66	39	36	59	148	100
0	0	0	0	0	0	0	0	0	0	0	0	0	0	0	0	0	0	0	0	0	0	0	0	0	0	0	0	0	0	0	0	0	0	0	0	0	0	0	0	0	0	0	0	0	0	0	0	0	0	0	0	0	0	0	0	0	0	0	0	0	0	0	0	0	0	0	0	0	0	0	0	0	0	0	0	0	0	0	0	0	0	0	0	79	110	109	90	34	109	124	123	33	98	156	111	83	144	128	103	73	182	85	82	56	166	41	58	79	131	155	156	70	50	68	73	136	181	97	170	94	155	59	81	16	144	76	93
0	0	0	0	0	0	0	0	0	0	0	0	0	0	0	0	0	0	0	0	0	0	0	0	0	0	0	0	0	0	0	0	0	0	0	0	0	0	0	0	0	0	0	0	0	0	0	0	0	0	0	0	0	0	0	0	0	0	0	0	0	0	0	0	0	0	0	0	0	0	0	0	0	0	0	0	0	0	0	0	0	0	0	0	0	110	86	143	168	132	108	111	138	35	109	18	100	134	98	100	91	134	54	123	62	158	188	78	79	96	20	142	109	12	119	149	123	82	88	154	196	104	134	124	34	178	21	77
0	0	0	0	0	0	0	0	0	0	0	0	0	0	0	0	0	0	0	0	0	0	0	0	0	0	0	0	0	0	0	0	0	0	0	0	0	0	0	0	0	0	0	0	0	0	0	0	0	0	0	0	0	0	0	0	0	0	0	0	0	0	0	0	0	0	0	0	0	0	0	0	0	0	0	0	0	0	0	0	0	0	0	0	0	0	154	20	88	107	177	146	147	107	139	43	93	148	74	114	46	149	106	171	150	115	90	67	68	59	133	47	22	47	96	185	83	145	65	29	35	176	109	89	19	168	78	138
0	0	0	0	0	0	0	0	0	0	0	0	0	0	0	0	0	0	0	0	0	0	0	0	0	0	0	0	0	0	0	0	0	0	0	0	0	0	0	0	0	0	0	0	0	0	0	0	0	0	0	0	0	0	0	0	0	0	0	0	0	0	0	0	0	0	0	0	0	0	0	0	0	0	0	0	0	0	0	0	0	0	0	0	0	0	0	195	48	118	44	150	198	59	51	114	54	126	135	94	33	156	156	110	39	70	72	58	22	160	51	183	51	30	128	132	44	62	179	68	52	196	169	132	159	146	132	60
0	0	0	0	0	0	0	0	0	0	0	0	0	0	0	0	0	0	0	0	0	0	0	0	0	0	0	0	0	0	0	0	0	0	0	0	0	0	0	0	0	0	0	0	0	0	0	0	0	0	0	0	0	0	0	0	0	0	0	0	0	0	0	0	0	0	0	0	0	0	0	0	0	0	0	0	0	0	0	0	0	0	0	0	0	0	0	0	141	115	139	113	166	6	109	188	132	85	129	98	129	134	86	181	71	86	48	55	106	90	128	30	103	176	54	151	96	198	95	95	89	104	148	50	159	125	171	104
0	0	0	0	0	0	0	0	0	0	0	0	0	0	0	0	0	0	0	0	0	0	0	0	0	0	0	0	0	0	0	0	0	0	0	0	0	0	0	0	0	0	0	0	0	0	0	0	0	0	0	0	0	0	0	0	0	0	0	0	0	0	0	0	0	0	0	0	0	0	0	0	0	0	0	0	0	0	0	0	0	0	0	0	0	0	0	0	0	166	97	159	62	96	49	74	103	133	61	127	108	25	80	74	136	71	113	111	98	82	109	86	75	108	178	22	138	147	146	61	56	149	71	124	53	157	134	76
0	0	0	0	0	0	0	0	0	0	0	0	0	0	0	0	0	0	0	0	0	0	0	0	0	0	0	0	0	0	0	0	0	0	0	0	0	0	0	0	0	0	0	0	0	0	0	0	0	0	0	0	0	0	0	0	0	0	0	0	0	0	0	0	0	0	0	0	0	0	0	0	0	0	0	0	0	0	0	0	0	0	0	0	0	0	0	0	0	0	38	156	97	165	78	146	155	127	43	52	131	119	72	129	162	125	165	144	134	187	79	106	145	89	71	67	132	166	181	83	202	30	24	52	119	69	26	98
0	0	0	0	0	0	0	0	0	0	0	0	0	0	0	0	0	0	0	0	0	0	0	0	0	0	0	0	0	0	0	0	0	0	0	0	0	0	0	0	0	0	0	0	0	0	0	0	0	0	0	0	0	0	0	0	0	0	0	0	0	0	0	0	0	0	0	0	0	0	0	0	0	0	0	0	0	0	0	0	0	0	0	0	0	0	0	0	0	0	0	199	30	69	48	62	54	148	86	69	130	33	111	141	179	94	131	119	87	68	144	61	163	120	108	127	16	134	113	92	120	175	61	124	97	74	117	78
0	0	0	0	0	0	0	0	0	0	0	0	0	0	0	0	0	0	0	0	0	0	0	0	0	0	0	0	0	0	0	0	0	0	0	0	0	0	0	0	0	0	0	0	0	0	0	0	0	0	0	0	0	0	0	0	0	0	0	0	0	0	0	0	0	0	0	0	0	0	0	0	0	0	0	0	0	0	0	0	0	0	0	0	0	0	0	0	0	0	0	0	139	108	68	93	70	61	167	179	109	86	179	79	96	168	87	159	112	79	78	149	48	91	156	153	109	107	148	81	118	140	89	121	107	117	164	122
0	0	0	0	0	0	0	0	0	0	0	0	0	0	0	0	0	0	0	0	0	0	0	0	0	0	0	0	0	0	0	0	0	0	0	0	0	0	0	0	0	0	0	0	0	0	0	0	0	0	0	0	0	0	0	0	0	0	0	0	0	0	0	0	0	0	0	0	0	0	0	0	0	0	0	0	0	0	0	0	0	0	0	0	0	0	0	0	0	0	0	0	0	40	214	158	84	30	17	167	42	66	126	89	96	119	72	73	73	95	63	71	181	72	63	138	126	37	152	32	124	93	113	23	115	154	143	119
0	0	0	0	0	0	0	0	0	0	0	0	0	0	0	0	0	0	0	0	0	0	0	0	0	0	0	0	0	0	0	0	0	0	0	0	0	0	0	0	0	0	0	0	0	0	0	0	0	0	0	0	0	0	0	0	0	0	0	0	0	0	0	0	0	0	0	0	0	0	0	0	0	0	0	0	0	0	0	0	0	0	0	0	0	0	0	0	0	0	0	0	0	0	130	125	156	25	67	131	197	91	130	142	176	147	148	39	188	128	115	196	103	184	40	132	165	171	105	80	162	187	72	197	149	30	72	193
0	0	0	0	0	0	0	0	0	0	0	0	0	0	0	0	0	0	0	0	0	0	0	0	0	0	0	0	0	0	0	0	0	0	0	0	0	0	0	0	0	0	0	0	0	0	0	0	0	0	0	0	0	0	0	0	0	0	0	0	0	0	0	0	0	0	0	0	0	0	0	0	0	0	0	0	0	0	0	0	0	0	0	0	0	0	0	0	0	0	0	0	0	0	0	141	35	33	94	18	79	189	73	127	125	189	61	156	53	183	176	66	102	72	135	118	165	134	159	130	137	139	73	215	67	221	70	86
0	0	0	0	0	0	0	0	0	0	0	0	0	0	0	0	0	0	0	0	0	0	0	0	0	0	0	0	0	0	0	0	0	0	0	0	0	0	0	0	0	0	0	0	0	0	0	0	0	0	0	0	0	0	0	0	0	0	0	0	0	0	0	0	0	0	0	0	0	0	0	0	0	0	0	0	0	0	0	0	0	0	0	0	0	0	0	0	0	0	0	0	0	0	0	0	9	103	66	164	101	221	99	169	148	72	82	195	119	87	88	72	168	146	114	123	18	109	103	138	109	166	64	107	88	68	113	190
0	0	0	0	0	0	0	0	0	0	0	0	0	0	0	0	0	0	0	0	0	0	0	0	0	0	0	0	0	0	0	0	0	0	0	0	0	0	0	0	0	0	0	0	0	0	0	0	0	0	0	0	0	0	0	0	0	0	0	0	0	0	0	0	0	0	0	0	0	0	0	0	0	0	0	0	0	0	0	0	0	0	0	0	0	0	0	0	0	0	0	0	0	0	0	0	0	168	198	70	191	147	114	124	167	192	202	132	163	209	80	139	149	120	169	147	174	53	70	12	155	33	21	120	162	85	137	130
0	0	0	0	0	0	0	0	0	0	0	0	0	0	0	0	0	0	0	0	0	0	0	0	0	0	0	0	0	0	0	0	0	0	0	0	0	0	0	0	0	0	0	0	0	0	0	0	0	0	0	0	0	0	0	0	0	0	0	0	0	0	0	0	0	0	0	0	0	0	0	0	0	0	0	0	0	0	0	0	0	0	0	0	0	0	0	0	0	0	0	0	0	0	0	0	0	0	150	85	34	88	61	130	55	175	8	113	186	45	21	102	141	133	142	108	130	110	181	205	114	69	162	126	156	48	129	200
0	0	0	0	0	0	0	0	0	0	0	0	0	0	0	0	0	0	0	0	0	0	0	0	0	0	0	0	0	0	0	0	0	0	0	0	0	0	0	0	0	0	0	0	0	0	0	0	0	0	0	0	0	0	0	0	0	0	0	0	0	0	0	0	0	0	0	0	0	0	0	0	0	0	0	0	0	0	0	0	0	0	0	0	0	0	0	0	0	0	0	0	0	0	0	0	0	0	0	198	214	77	107	127	80	97	86	123	79	134	94	144	160	176	146	123	128	136	46	158	79	114	47	146	92	190	41	209
0	0	0	0	0	0	0	0	0	0	0	0	0	0	0	0	0	0	0	0	0	0	0	0	0	0	0	0	0	0	0	0	0	0	0	0	0	0	0	0	0	0	0	0	0	0	0	0	0	0	0	0	0	0	0	0	0	0	0	0	0	0	0	0	0	0	0	0	0	0	0	0	0	0	0	0	0	0	0	0	0	0	0	0	0	0	0	0	0	0	0	0	0	0	0	0	0	0	0	0	136	172	47	96	47	160	102	96	65	146	109	49	70	129	67	73	128	111	42	181	120	32	129	205	69	92	147	35
0	0	0	0	0	0	0	0	0	0	0	0	0	0	0	0	0	0	0	0	0	0	0	0	0	0	0	0	0	0	0	0	0	0	0	0	0	0	0	0	0	0	0	0	0	0	0	0	0	0	0	0	0	0	0	0	0	0	0	0	0	0	0	0	0	0	0	0	0	0	0	0	0	0	0	0	0	0	0	0	0	0	0	0	0	0	0	0	0	0	0	0	0	0	0	0	0	0	0	0	0	34	150	65	33	112	106	51	139	158	165	60	78	78	96	104	207	117	122	76	40	98	49	90	220	139	192	102
0	0	0	0	0	0	0	0	0	0	0	0	0	0	0	0	0	0	0	0	0	0	0	0	0	0	0	0	0	0	0	0	0	0	0	0	0	0	0	0	0	0	0	0	0	0	0	0	0	0	0	0	0	0	0	0	0	0	0	0	0	0	0	0	0	0	0	0	0	0	0	0	0	0	0	0	0	0	0	0	0	0	0	0	0	0	0	0	0	0	0	0	0	0	0	0	0	0	0	0	0	0	11	37	95	85	63	13	64	45	28	105	150	113	89	191	88	102	103	203	171	8	48	114	146	69	103	121
0	0	0	0	0	0	0	0	0	0	0	0	0	0	0	0	0	0	0	0	0	0	0	0	0	0	0	0	0	0	0	0	0	0	0	0	0	0	0	0	0	0	0	0	0	0	0	0	0	0	0	0	0	0	0	0	0	0	0	0	0	0	0	0	0	0	0	0	0	0	0	0	0	0	0	0	0	0	0	0	0	0	0	0	0	0	0	0	0	0	0	0	0	0	0	0	0	0	0	0	0	0	0	115	71	102	70	61	120	118	77	204	104	73	38	85	86	43	189	60	21	77	92	187	103	152	174	197
0	0	0	0	0	0	0	0	0	0	0	0	0	0	0	0	0	0	0	0	0	0	0	0	0	0	0	0	0	0	0	0	0	0	0	0	0	0	0	0	0	0	0	0	0	0	0	0	0	0	0	0	0	0	0	0	0	0	0	0	0	0	0	0	0	0	0	0	0	0	0	0	0	0	0	0	0	0	0	0	0	0	0	0	0	0	0	0	0	0	0	0	0	0	0	0	0	0	0	0	0	0	0	0	209	110	78	51	146	31	181	107	75	145	156	55	128	158	181	209	110	103	95	126	124	214	105	97
0	0	0	0	0	0	0	0	0	0	0	0	0	0	0	0	0	0	0	0	0	0	0	0	0	0	0	0	0	0	0	0	0	0	0	0	0	0	0	0	0	0	0	0	0	0	0	0	0	0	0	0	0	0	0	0	0	0	0	0	0	0	0	0	0	0	0	0	0	0	0	0	0	0	0	0	0	0	0	0	0	0	0	0	0	0	0	0	0	0	0	0	0	0	0	0	0	0	0	0	0	0	0	0	0	110	66	172	115	126	131	126	118	26	79	47	131	123	178	110	150	108	48	85	169	137	127	80
0	0	0	0	0	0	0	0	0	0	0	0	0	0	0	0	0	0	0	0	0	0	0	0	0	0	0	0	0	0	0	0	0	0	0	0	0	0	0	0	0	0	0	0	0	0	0	0	0	0	0	0	0	0	0	0	0	0	0	0	0	0	0	0	0	0	0	0	0	0	0	0	0	0	0	0	0	0	0	0	0	0	0	0	0	0	0	0	0	0	0	0	0	0	0	0	0	0	0	0	0	0	0	0	0	0	154	197	163	95	78	196	57	86	141	73	192	99	124	9	66	128	86	73	142	112	82	100
0	0	0	0	0	0	0	0	0	0	0	0	0	0	0	0	0	0	0	0	0	0	0	0	0	0	0	0	0	0	0	0	0	0	0	0	0	0	0	0	0	0	0	0	0	0	0	0	0	0	0	0	0	0	0	0	0	0	0	0	0	0	0	0	0	0	0	0	0	0	0	0	0	0	0	0	0	0	0	0	0	0	0	0	0	0	0	0	0	0	0	0	0	0	0	0	0	0	0	0	0	0	0	0	0	0	0	102	141	28	127	91	91	50	106	143	102	88	129	206	173	182	25	109	138	135	32	120
0	0	0	0	0	0	0	0	0	0	0	0	0	0	0	0	0	0	0	0	0	0	0	0	0	0	0	0	0	0	0	0	0	0	0	0	0	0	0	0	0	0	0	0	0	0	0	0	0	0	0	0	0	0	0	0	0	0	0	0	0	0	0	0	0	0	0	0	0	0	0	0	0	0	0	0	0	0	0	0	0	0	0	0	0	0	0	0	0	0	0	0	0	0	0	0	0	0	0	0	0	0	0	0	0	0	0	0	166	127	119	59	130	117	159	221	100	169	172	119	51	150	91	121	195	146	126	111
0	0	0	0	0	0	0	0	0	0	0	0	0	0	0	0	0	0	0	0	0	0	0	0	0	0	0	0	0	0	0	0	0	0	0	0	0	0	0	0	0	0	0	0	0	0	0	0	0	0	0	0	0	0	0	0	0	0	0	0	0	0	0	0	0	0	0	0	0	0	0	0	0	0	0	0	0	0	0	0	0	0	0	0	0	0	0	0	0	0	0	0	0	0	0	0	0	0	0	0	0	0	0	0	0	0	0	0	0	21	52	185	122	113	80	115	139	131	147	209	96	122	203	191	191	12	146	126
0	0	0	0	0	0	0	0	0	0	0	0	0	0	0	0	0	0	0	0	0	0	0	0	0	0	0	0	0	0	0	0	0	0	0	0	0	0	0	0	0	0	0	0	0	0	0	0	0	0	0	0	0	0	0	0	0	0	0	0	0	0	0	0	0	0	0	0	0	0	0	0	0	0	0	0	0	0	0	0	0	0	0	0	0	0	0	0	0	0	0	0	0	0	0	0	0	0	0	0	0	0	0	0	0	0	0	0	0	0	189	119	143	88	106	111	123	114	83	95	170	97	122	85	141	148	99	46
0	0	0	0	0	0	0	0	0	0	0	0	0	0	0	0	0	0	0	0	0	0	0	0	0	0	0	0	0	0	0	0	0	0	0	0	0	0	0	0	0	0	0	0	0	0	0	0	0	0	0	0	0	0	0	0	0	0	0	0	0	0	0	0	0	0	0	0	0	0	0	0	0	0	0	0	0	0	0	0	0	0	0	0	0	0	0	0	0	0	0	0	0	0	0	0	0	0	0	0	0	0	0	0	0	0	0	0	0	0	0	158	105	55	103	33	97	112	191	163	64	215	143	162	190	78	137	74
0	0	0	0	0	0	0	0	0	0	0	0	0	0	0	0	0	0	0	0	0	0	0	0	0	0	0	0	0	0	0	0	0	0	0	0	0	0	0	0	0	0	0	0	0	0	0	0	0	0	0	0	0	0	0	0	0	0	0	0	0	0	0	0	0	0	0	0	0	0	0	0	0	0	0	0	0	0	0	0	0	0	0	0	0	0	0	0	0	0	0	0	0	0	0	0	0	0	0	0	0	0	0	0	0	0	0	0	0	0	0	0	103	201	99	192	63	23	129	131	169	178	76	156	90	134	124	198
0	0	0	0	0	0	0	0	0	0	0	0	0	0	0	0	0	0	0	0	0	0	0	0	0	0	0	0	0	0	0	0	0	0	0	0	0	0	0	0	0	0	0	0	0	0	0	0	0	0	0	0	0	0	0	0	0	0	0	0	0	0	0	0	0	0	0	0	0	0	0	0	0	0	0	0	0	0	0	0	0	0	0	0	0	0	0	0	0	0	0	0	0	0	0	0	0	0	0	0	0	0	0	0	0	0	0	0	0	0	0	0	0	98	155	64	118	181	104	106	9	119	123	182	97	219	37	132
0	0	0	0	0	0	0	0	0	0	0	0	0	0	0	0	0	0	0	0	0	0	0	0	0	0	0	0	0	0	0	0	0	0	0	0	0	0	0	0	0	0	0	0	0	0	0	0	0	0	0	0	0	0	0	0	0	0	0	0	0	0	0	0	0	0	0	0	0	0	0	0	0	0	0	0	0	0	0	0	0	0	0	0	0	0	0	0	0	0	0	0	0	0	0	0	0	0	0	0	0	0	0	0	0	0	0	0	0	0	0	0	0	0	216	63	32	86	154	201	155	77	89	23	74	197	194	177
0	0	0	0	0	0	0	0	0	0	0	0	0	0	0	0	0	0	0	0	0	0	0	0	0	0	0	0	0	0	0	0	0	0	0	0	0	0	0	0	0	0	0	0	0	0	0	0	0	0	0	0	0	0	0	0	0	0	0	0	0	0	0	0	0	0	0	0	0	0	0	0	0	0	0	0	0	0	0	0	0	0	0	0	0	0	0	0	0	0	0	0	0	0	0	0	0	0	0	0	0	0	0	0	0	0	0	0	0	0	0	0	0	0	0	164	131	105	91	68	105	135	141	101	152	150	70	115
0	0	0	0	0	0	0	0	0	0	0	0	0	0	0	0	0	0	0	0	0	0	0	0	0	0	0	0	0	0	0	0	0	0	0	0	0	0	0	0	0	0	0	0	0	0	0	0	0	0	0	0	0	0	0	0	0	0	0	0	0	0	0	0	0	0	0	0	0	0	0	0	0	0	0	0	0	0	0	0	0	0	0	0	0	0	0	0	0	0	0	0	0	0	0	0	0	0	0	0	0	0	0	0	0	0	0	0	0	0	0	0	0	0	0	0	187	17	100	171	141	197	48	152	107	212	116	76
0	0	0	0	0	0	0	0	0	0	0	0	0	0	0	0	0	0	0	0	0	0	0	0	0	0	0	0	0	0	0	0	0	0	0	0	0	0	0	0	0	0	0	0	0	0	0	0	0	0	0	0	0	0	0	0	0	0	0	0	0	0	0	0	0	0	0	0	0	0	0	0	0	0	0	0	0	0	0	0	0	0	0	0	0	0	0	0	0	0	0	0	0	0	0	0	0	0	0	0	0	0	0	0	0	0	0	0	0	0	0	0	0	0	0	0	0	121	56	141	118	77	27	168	77	43	92	18
0	0	0	0	0	0	0	0	0	0	0	0	0	0	0	0	0	0	0	0	0	0	0	0	0	0	0	0	0	0	0	0	0	0	0	0	0	0	0	0	0	0	0	0	0	0	0	0	0	0	0	0	0	0	0	0	0	0	0	0	0	0	0	0	0	0	0	0	0	0	0	0	0	0	0	0	0	0	0	0	0	0	0	0	0	0	0	0	0	0	0	0	0	0	0	0	0	0	0	0	0	0	0	0	0	0	0	0	0	0	0	0	0	0	0	0	0	0	159	53	207	162	123	142	111	135	142	128
0	0	0	0	0	0	0	0	0	0	0	0	0	0	0	0	0	0	0	0	0	0	0	0	0	0	0	0	0	0	0	0	0	0	0	0	0	0	0	0	0	0	0	0	0	0	0	0	0	0	0	0	0	0	0	0	0	0	0	0	0	0	0	0	0	0	0	0	0	0	0	0	0	0	0	0	0	0	0	0	0	0	0	0	0	0	0	0	0	0	0	0	0	0	0	0	0	0	0	0	0	0	0	0	0	0	0	0	0	0	0	0	0	0	0	0	0	0	0	72	179	46	113	73	185	67	133	172
0	0	0	0	0	0	0	0	0	0	0	0	0	0	0	0	0	0	0	0	0	0	0	0	0	0	0	0	0	0	0	0	0	0	0	0	0	0	0	0	0	0	0	0	0	0	0	0	0	0	0	0	0	0	0	0	0	0	0	0	0	0	0	0	0	0	0	0	0	0	0	0	0	0	0	0	0	0	0	0	0	0	0	0	0	0	0	0	0	0	0	0	0	0	0	0	0	0	0	0	0	0	0	0	0	0	0	0	0	0	0	0	0	0	0	0	0	0	0	0	141	48	93	157	166	144	38	174
0	0	0	0	0	0	0	0	0	0	0	0	0	0	0	0	0	0	0	0	0	0	0	0	0	0	0	0	0	0	0	0	0	0	0	0	0	0	0	0	0	0	0	0	0	0	0	0	0	0	0	0	0	0	0	0	0	0	0	0	0	0	0	0	0	0	0	0	0	0	0	0	0	0	0	0	0	0	0	0	0	0	0	0	0	0	0	0	0	0	0	0	0	0	0	0	0	0	0	0	0	0	0	0	0	0	0	0	0	0	0	0	0	0	0	0	0	0	0	0	0	76	87	55	36	113	93	60
0	0	0	0	0	0	0	0	0	0	0	0	0	0	0	0	0	0	0	0	0	0	0	0	0	0	0	0	0	0	0	0	0	0	0	0	0	0	0	0	0	0	0	0	0	0	0	0	0	0	0	0	0	0	0	0	0	0	0	0	0	0	0	0	0	0	0	0	0	0	0	0	0	0	0	0	0	0	0	0	0	0	0	0	0	0	0	0	0	0	0	0	0	0	0	0	0	0	0	0	0	0	0	0	0	0	0	0	0	0	0	0	0	0	0	0	0	0	0	0	0	0	29	65	33	90	32	195
0	0	0	0	0	0	0	0	0	0	0	0	0	0	0	0	0	0	0	0	0	0	0	0	0	0	0	0	0	0	0	0	0	0	0	0	0	0	0	0	0	0	0	0	0	0	0	0	0	0	0	0	0	0	0	0	0	0	0	0	0	0	0	0	0	0	0	0	0	0	0	0	0	0	0	0	0	0	0	0	0	0	0	0	0	0	0	0	0	0	0	0	0	0	0	0	0	0	0	0	0	0	0	0	0	0	0	0	0	0	0	0	0	0	0	0	0	0	0	0	0	0	0	90	159	30	71	174
0	0	0	0	0	0	0	0	0	0	0	0	0	0	0	0	0	0	0	0	0	0	0	0	0	0	0	0	0	0	0	0	0	0	0	0	0	0	0	0	0	0	0	0	0	0	0	0	0	0	0	0	0	0	0	0	0	0	0	0	0	0	0	0	0	0	0	0	0	0	0	0	0	0	0	0	0	0	0	0	0	0	0	0	0	0	0	0	0	0	0	0	0	0	0	0	0	0	0	0	0	0	0	0	0	0	0	0	0	0	0	0	0	0	0	0	0	0	0	0	0	0	0	0	98	131	203	122
0	0	0	0	0	0	0	0	0	0	0	0	0	0	0	0	0	0	0	0	0	0	0	0	0	0	0	0	0	0	0	0	0	0	0	0	0	0	0	0	0	0	0	0	0	0	0	0	0	0	0	0	0	0	0	0	0	0	0	0	0	0	0	0	0	0	0	0	0	0	0	0	0	0	0	0	0	0	0	0	0	0	0	0	0	0	0	0	0	0	0	0	0	0	0	0	0	0	0	0	0	0	0	0	0	0	0	0	0	0	0	0	0	0	0	0	0	0	0	0	0	0	0	0	0	156	173	143
0	0	0	0	0	0	0	0	0	0	0	0	0	0	0	0	0	0	0	0	0	0	0	0	0	0	0	0	0	0	0	0	0	0	0	0	0	0	0	0	0	0	0	0	0	0	0	0	0	0	0	0	0	0	0	0	0	0	0	0	0	0	0	0	0	0	0	0	0	0	0	0	0	0	0	0	0	0	0	0	0	0	0	0	0	0	0	0	0	0	0	0	0	0	0	0	0	0	0	0	0	0	0	0	0	0	0	0	0	0	0	0	0	0	0	0	0	0	0	0	0	0	0	0	0	0	171	53
0	0	0	0	0	0	0	0	0	0	0	0	0	0	0	0	0	0	0	0	0	0	0	0	0	0	0	0	0	0	0	0	0	0	0	0	0	0	0	0	0	0	0	0	0	0	0	0	0	0	0	0	0	0	0	0	0	0	0	0	0	0	0	0	0	0	0	0	0	0	0	0	0	0	0	0	0	0	0	0	0	0	0	0	0	0	0	0	0	0	0	0	0	0	0	0	0	0	0	0	0	0	0	0	0	0	0	0	0	0	0	0	0	0	0	0	0	0	0	0	0	0	0	0	0	0	0	74
0	0	0	0	0	0	0	0	0	0	0	0	0	0	0	0	0	0	0	0	0	0	0	0	0	0	0	0	0	0	0	0	0	0	0	0	0	0	0	0	0	0	0	0	0	0	0	0	0	0	0	0	0	0	0	0	0	0	0	0	0	0	0	0	0	0	0	0	0	0	0	0	0	0	0	0	0	0	0	0	0	0	0	0	0	0	0	0	0	0	0	0	0	0	0	0	0	0	0	0	0	0	0	0	0	0	0	0	0	0	0	0	0	0	0	0	0	0	0	0	0	0	0	0	0	0	0	0