0	92	95	48	102	123	55	33	62	114	110	120	54	4	123	101	62	68	34	39	120	92	102	12	16	32	82	40	61	69	32	89	105	2	2	49	23	116	79	63	120	55	125	113	90	3	98	64	31	53	40	40	90	80	41	47	62	29	10	82	16	26	98	5	116	77	38	34	81	68	109	44	55	75	92	118	44	111	36	123	125	109	109	69	54	114	65	90	38	116	111	77	16	33	44	68	113	120	73	22	64	46	117	64	60	71	86	113	38	43	80	11	20	65	78	94	71	61	102	13	123	12	26	5	96	48	122	60
0	0	15	16	6	66	25	95	117	84	42	104	57	79	18	39	54	16	52	36	40	83	5	3	89	16	100	21	68	40	22	20	32	46	73	34	10	80	82	43	61	20	73	118	128	81	19	99	48	49	52	120	40	123	77	50	98	62	30	102	77	29	87	74	5	18	13	63	16	55	42	107	29	8	86	79	57	34	87	28	8	102	77	89	45	117	58	6	54	58	109	124	87	53	71	41	123	8	14	127	51	68	116	13	16	73	57	9	26	53	116	65	31	61	71	114	80	111	117	95	14	84	38	82	42	96	37	24
0	0	0	111	18	19	40	76	123	15	4	72	65	76	46	45	113	13	113	94	8	34	57	56	115	14	40	44	44	11	103	4	46	124	102	34	14	125	34	92	30	88	43	72	106	12	4	46	114	39	28	117	94	31	79	92	67	5	4	28	119	48	14	124	20	33	39	22	60	60	117	62	130	90	123	60	24	83	91	19	4	110	37	110	54	36	86	117	81	67	109	75	108	120	53	30	5	25	18	77	54	59	35	122	122	96	69	116	116	120	36	105	81	128	16	96	80	50	108	100	121	121	81	16	92	93	54	62
0	0	0	0	68	125	53	77	14	71	44	63	6	127	92	119	124	105	53	38	13	110	124	11	116	4	8	105	91	75	75	20	121	24	5	117	126	28	90	117	5	124	129	101	9	101	56	74	106	76	55	64	41	131	84	14	83	11	130	57	102	99	48	79	27	92	59	118	36	94	8	98	84	69	17	41	36	23	45	91	73	11	6	101	126	121	68	16	27	88	80	71	76	89	93	65	124	73	98	16	107	53	48	20	41	48	70	117	99	22	28	53	114	77	91	51	53	104	6	120	100	100	76	84	90	83	58	27
0	0	0	0	0	83	86	69	89	96	84	85	76	39	35	48	32	28	31	77	99	114	49	99	84	103	59	70	128	37	19	23	99	18	107	68	128	24	19	55	96	19	80	111	83	104	104	16	39	85	59	86	28	26	123	69	9	94	63	100	61	115	90	35	116	12	36	12	29	30	120	43	90	99	62	12	90	78	70	39	14	45	31	64	110	7	65	131	46	14	125	118	111	33	86	106	78	4	50	4	78	114	44	94	5	75	68	99	48	124	78	125	15	80	22	84	99	30	126	68	36	122	78	19	57	101	97	82
0	0	0	0	0	0	120	11	116	114	66	12	32	33	123	67	49	129	74	25	123	120	59	99	129	65	37	11	119	102	97	47	127	48	23	73	29	109	105	111	22	43	71	61	68	13	99	57	16	92	78	123	109	103	35	12	56	88	71	95	94	100	106	83	64	130	112	103	88	15	113	28	32	35	56	128	95	105	70	48	119	100	110	11	113	12	122	104	78	61	126	27	115	28	125	119	79	85	115	79	97	62	22	131	42	65	55	128	130	79	84	49	76	61	103	120	34	120	11	53	79	91	9	47	42	105	114	48
0	0	0	0	0	0	0	73	71	63	118	117	129	116	79	20	41	51	23	36	38	52	67	54	83	127	69	74	102	47	35	99	59	110	55	110	22	50	88	98	30	123	7	118	69	82	87	95	57	52	15	51	10	72	123	55	83	57	62	102	35	14	133	45	105	47	107	95	50	119	12	14	33	78	34	90	17	14	103	69	15	33	130	91	130	61	74	68	51	5	56	95	107	96	74	54	8	93	42	77	90	63	12	72	102	73	10	92	111	126	128	119	83	16	94	33	60	67	67	50	41	95	14	78	14	29	69	73
0	0	0	0	0	0	0	0	95	128	62	43	107	47	84	46	23	37	20	129	120	74	38	47	44	97	99	116	3	126	86	46	68	25	33	118	38	80	133	129	79	59	90	66	110	75	59	127	76	124	108	11	75	78	64	55	9	117	11	82	69	14	55	85	105	123	131	30	59	128	117	89	82	90	25	5	18	126	56	80	26	16	62	25	82	28	25	113	44	74	26	74	85	35	38	94	110	129	69	110	34	68	75	112	88	70	16	96	12	72	135	27	23	20	90	131	127	106	28	119	67	85	29	8	120	5	111	20
0	0	0	0	0	0	0	0	0	59	84	121	44	108	46	52	40	99	28	119	31	42	103	55	68	115	43	51	61	50	40	43	115	33	25	135	60	85	116	69	87	36	115	57	43	111	116	105	5	57	20	9	120	43	46	22	35	87	55	66	68	117	43	117	79	34	39	62	58	83	60	77	50	29	16	30	70	109	121	99	59	80	111	19	40	20	17	4	45	18	116	37	91	12	49	5	117	117	39	73	35	95	55	68	85	129	17	110	85	113	78	97	21	3	4	100	94	113	61	29	128	93	127	61	41	89	123	94
0	0	0	0	0	0	0	0	0	0	86	74	41	18	60	32	25	18	88	65	94	12	100	39	123	108	76	67	123	98	96	81	9	87	17	69	62	119	85	55	121	97	108	105	5	117	96	70	19	136	102	50	36	106	62	129	131	96	89	119	19	44	60	117	129	124	13	123	49	76	132	60	38	41	34	44	38	86	31	75	32	119	54	57	57	23	26	37	33	99	75	29	109	59	45	100	75	92	58	109	63	48	22	99	103	109	7	69	100	66	91	61	98	59	126	119	107	84	76	77	57	34	120	122	102	29	108	109
0	0	0	0	0	0	0	0	0	0	0	66	134	14	70	38	117	104	3	52	6	34	9	16	36	57	88	24	124	131	21	49	86	68	48	51	126	92	123	84	120	62	98	66	127	77	26	129	38	22	41	63	69	119	59	102	16	32	77	43	47	112	103	33	70	114	80	121	129	18	114	137	96	67	77	77	129	68	45	32	41	93	33	55	105	71	93	26	97	114	15	123	127	105	136	78	104	72	130	126	74	19	111	121	89	80	124	43	23	19	103	64	136	26	55	10	20	55	126	15	121	52	108	97	49	37	13	88
0	0	0	0	0	0	0	0	0	0	0	0	81	65	68	61	28	105	15	95	40	129	117	15	115	35	55	16	21	57	92	105	12	79	134	79	73	81	31	84	66	109	72	79	64	136	54	110	85	66	10	80	88	126	32	22	114	104	24	113	122	115	17	131	103	71	13	132	22	135	128	136	107	7	66	127	64	69	45	50	39	33	28	62	19	113	23	55	66	107	45	26	97	20	32	49	37	46	84	98	103	52	54	113	68	77	33	138	72	16	122	82	67	126	53	104	101	136	15	67	33	34	110	106	134	32	35	107
0	0	0	0	0	0	0	0	0	0	0	0	0	47	138	9	92	85	48	9	46	93	36	70	19	49	82	121	20	114	30	129	51	140	141	32	46	49	109	114	50	47	131	101	34	60	23	125	13	108	20	30	41	49	70	113	57	131	36	26	77	105	74	46	84	31	107	71	55	22	82	24	100	25	36	16	99	109	26	98	40	61	13	68	89	93	41	30	20	122	9	83	34	93	93	84	15	18	44	84	72	96	32	94	53	99	118	114	135	99	89	76	39	25	74	81	9	53	103	120	55	131	32	76	61	38	103	27
0	0	0	0	0	0	0	0	0	0	0	0	0	0	85	28	130	56	59	3	103	31	126	11	101	99	76	123	106	51	128	56	36	128	7	30	129	79	7	99	66	112	93	32	62	20	67	109	49	49	106	100	20	94	68	80	41	97	73	99	128	53	80	105	113	101	69	33	73	82	61	100	101	140	49	76	11	28	113	35	104	102	48	64	135	19	33	71	103	23	89	94	10	39	26	130	94	134	52	42	129	133	80	71	43	123	100	134	56	56	69	20	118	31	43	133	92	25	64	18	102	9	90	74	104	107	73	46
0	0	0	0	0	0	0	0	0	0	0	0	0	0	0	76	109	87	28	8	97	116	38	9	108	116	35	140	28	81	83	115	74	99	93	69	124	88	120	115	8	6	108	28	112	63	93	31	10	23	57	130	81	26	31	117	113	136	118	101	31	84	66	45	96	27	42	30	91	68	77	24	61	79	9	22	73	79	86	24	12	125	85	11	20	93	62	88	52	80	96	11	88	121	16	126	114	86	102	22	122	107	33	98	54	71	68	74	79	94	21	25	41	60	103	122	116	56	88	51	101	97	72	75	112	58	106	114
0	0	0	0	0	0	0	0	0	0	0	0	0	0	0	0	86	130	93	73	11	115	80	74	126	118	87	126	59	129	123	129	117	49	114	32	42	84	56	65	46	78	38	22	118	116	97	110	20	66	105	27	83	44	107	127	106	16	86	16	42	134	113	27	72	60	82	82	141	55	76	124	53	142	124	40	110	9	105	132	105	23	117	52	103	111	90	128	130	11	93	85	126	89	35	108	80	98	17	72	41	67	65	83	4	75	119	89	87	108	53	96	133	23	20	73	118	93	39	83	123	90	134	78	49	23	55	100
0	0	0	0	0	0	0	0	0	0	0	0	0	0	0	0	0	123	76	26	79	47	62	62	51	31	79	101	19	9	41	102	16	105	66	61	138	70	122	11	43	107	17	99	126	63	20	89	80	33	50	35	53	80	118	25	67	99	17	87	135	125	123	85	36	73	129	136	122	119	67	114	34	23	62	35	30	136	88	13	21	61	28	21	8	98	106	80	22	109	97	115	23	123	102	127	23	33	94	75	78	114	24	22	111	58	26	144	57	7	80	13	19	73	38	108	98	45	24	49	97	52	128	97	47	83	113	113
0	0	0	0	0	0	0	0	0	0	0	0	0	0	0	0	0	0	72	53	125	19	96	34	120	26	108	66	70	120	54	86	118	35	68	93	132	116	126	15	119	32	99	86	85	49	35	49	59	56	64	132	63	11	25	18	36	63	31	123	47	87	58	47	77	122	20	87	39	78	126	44	14	121	129	72	67	55	93	77	53	61	104	107	71	39	124	52	79	94	124	74	24	111	138	40	82	128	45	130	26	41	75	42	118	64	87	52	87	26	30	39	126	119	138	17	54	32	111	57	69	23	94	31	38	140	20	87
0	0	0	0	0	0	0	0	0	0	0	0	0	0	0	0	0	0	0	71	67	51	102	47	97	43	108	26	119	69	39	42	19	123	114	46	79	70	108	109	106	105	19	106	40	87	45	109	29	54	84	85	120	125	46	64	135	131	54	108	76	53	138	49	44	67	45	130	125	125	108	42	56	128	74	114	117	122	41	67	28	29	92	115	15	78	83	79	100	112	83	114	44	48	10	15	98	85	21	114	42	90	58	20	54	126	69	72	72	94	138	88	87	49	110	95	48	84	112	24	76	29	38	41	95	129	86	32
0	0	0	0	0	0	0	0	0	0	0	0	0	0	0	0	0	0	0	0	110	57	111	14	119	34	21	36	112	124	109	54	37	123	26	18	25	117	56	104	62	89	53	25	66	19	85	96	65	37	81	79	81	69	83	101	37	94	32	35	110	16	141	25	51	48	92	30	18	37	99	64	120	56	122	116	15	133	109	34	100	85	54	62	17	112	120	139	57	66	89	5	131	17	60	83	100	76	123	86	77	36	93	114	136	101	60	16	108	98	125	51	85	59	89	98	39	130	77	80	93	112	21	132	28	105	78	55
0	0	0	0	0	0	0	0	0	0	0	0	0	0	0	0	0	0	0	0	0	15	29	71	45	107	115	85	111	78	93	38	63	81	38	20	98	109	84	35	78	93	92	129	132	43	89	45	43	127	92	67	16	110	128	100	141	59	42	44	115	148	38	122	83	108	34	62	64	112	47	7	107	45	111	29	17	129	78	46	18	89	59	15	70	22	33	34	116	63	57	52	128	35	68	70	99	90	111	86	115	105	127	10	98	8	94	41	103	79	134	62	50	118	94	82	122	115	24	120	22	32	95	127	93	77	13	64
0	0	0	0	0	0	0	0	0	0	0	0	0	0	0	0	0	0	0	0	0	0	69	117	140	74	106	102	144	11	25	27	104	29	139	31	125	53	62	29	52	132	29	67	7	63	103	6	103	116	112	136	93	29	104	24	106	55	56	64	102	95	48	139	53	86	121	40	88	39	88	91	71	91	136	64	40	138	135	116	76	103	101	143	29	99	94	33	126	104	148	105	89	117	44	9	30	50	32	117	127	40	30	102	37	18	129	111	83	56	125	82	125	140	79	46	24	87	54	149	120	47	121	24	108	63	53	128
0	0	0	0	0	0	0	0	0	0	0	0	0	0	0	0	0	0	0	0	0	0	0	42	34	14	132	134	128	17	79	137	27	36	70	100	89	83	17	51	121	21	118	65	32	78	91	37	93	56	129	37	116	121	144	68	26	21	68	58	29	113	108	69	60	83	118	130	38	33	37	112	44	98	17	13	89	59	119	33	36	128	43	37	29	38	38	35	112	5	49	80	130	126	133	65	51	75	70	80	94	106	114	121	93	83	143	112	64	136	83	85	32	9	103	88	85	98	37	22	110	19	104	100	88	85	107	67
0	0	0	0	0	0	0	0	0	0	0	0	0	0	0	0	0	0	0	0	0	0	0	0	135	128	32	58	66	140	45	89	25	134	85	69	34	56	48	128	116	53	22	107	79	56	98	45	105	68	36	51	77	32	84	44	105	71	127	81	84	22	29	33	26	69	90	121	48	62	51	79	68	87	100	107	88	14	81	49	70	77	74	116	114	124	46	18	78	85	137	18	102	122	30	60	75	95	104	128	64	25	111	119	65	108	117	14	60	35	106	71	94	59	97	110	123	76	87	27	25	35	111	75	92	45	40	125
0	0	0	0	0	0	0	0	0	0	0	0	0	0	0	0	0	0	0	0	0	0	0	0	0	42	29	96	34	60	65	30	39	75	52	46	65	71	75	38	89	24	33	96	89	30	103	40	91	57	93	105	89	107	20	81	62	142	64	40	41	147	64	17	109	57	70	111	53	22	73	83	10	98	74	83	11	62	38	130	119	39	65	81	29	30	56	90	42	50	137	22	84	145	114	45	118	141	18	59	149	113	20	103	84	30	85	94	125	25	121	77	111	38	81	35	117	109	19	53	78	133	66	20	77	76	15	110
0	0	0	0	0	0	0	0	0	0	0	0	0	0	0	0	0	0	0	0	0	0	0	0	0	0	43	51	147	115	14	117	33	103	48	36	22	130	55	30	12	78	50	123	85	136	43	135	123	79	44	129	44	24	104	103	143	47	79	98	60	122	125	52	88	140	130	34	104	34	30	84	62	54	85	14	57	125	88	18	133	97	127	33	32	72	96	106	43	29	137	57	54	78	27	30	66	17	136	19	66	137	12	61	70	90	33	38	136	149	112	96	23	34	22	36	140	29	123	95	131	97	90	95	123	127	25	54
0	0	0	0	0	0	0	0	0	0	0	0	0	0	0	0	0	0	0	0	0	0	0	0	0	0	0	55	120	17	22	44	121	33	36	25	98	116	118	69	105	113	7	71	70	3	33	89	47	96	27	99	81	130	29	75	84	107	118	124	97	47	86	13	62	96	128	59	107	91	101	43	12	115	107	102	115	101	133	47	60	16	87	26	119	75	67	65	78	36	92	17	91	139	27	25	34	133	109	116	137	109	124	146	80	84	102	135	90	89	47	10	92	109	137	68	134	46	22	126	117	132	19	142	95	60	127	73
0	0	0	0	0	0	0	0	0	0	0	0	0	0	0	0	0	0	0	0	0	0	0	0	0	0	0	0	119	146	88	65	23	83	80	59	74	22	91	16	74	122	38	124	130	74	37	37	24	123	96	88	125	19	24	133	82	21	8	144	148	126	98	118	39	84	82	129	119	6	132	148	72	72	138	97	127	55	35	101	70	24	73	99	118	58	59	130	17	114	126	116	77	60	66	127	117	91	100	47	77	126	48	88	52	105	96	122	118	91	120	98	95	107	65	37	26	126	31	119	16	126	105	100	20	37	106	88
0	0	0	0	0	0	0	0	0	0	0	0	0	0	0	0	0	0	0	0	0	0	0	0	0	0	0	0	0	58	56	110	29	137	69	93	103	31	116	38	126	32	29	76	129	104	107	89	114	62	31	121	25	87	40	68	92	49	36	57	138	31	22	135	78	138	125	103	101	140	45	69	116	72	76	105	124	45	10	63	64	98	86	136	61	151	67	48	29	132	36	65	59	113	123	120	131	45	22	116	22	23	72	95	38	81	85	130	114	108	60	94	119	54	124	33	14	102	98	18	61	129	104	126	109	129	141	120
0	0	0	0	0	0	0	0	0	0	0	0	0	0	0	0	0	0	0	0	0	0	0	0	0	0	0	0	0	0	100	63	48	127	100	105	83	50	63	54	123	137	62	38	75	22	84	121	80	101	49	15	91	38	122	76	88	103	61	75	101	71	134	111	97	116	108	52	32	43	50	61	107	86	23	153	114	84	116	140	106	110	39	75	20	108	91	104	118	95	63	104	98	38	98	77	55	47	147	124	83	92	30	114	54	72	107	48	54	133	57	155	100	37	95	62	109	107	33	120	110	126	25	112	43	107	53	110
0	0	0	0	0	0	0	0	0	0	0	0	0	0	0	0	0	0	0	0	0	0	0	0	0	0	0	0	0	0	0	130	83	64	98	70	141	67	36	26	99	31	94	37	125	72	59	20	77	83	73	66	34	39	59	109	25	85	66	102	71	89	84	136	119	66	22	122	81	75	56	75	34	76	144	102	138	104	87	56	139	102	60	98	29	132	117	67	70	91	9	117	75	106	115	48	128	71	133	138	95	8	122	17	133	109	61	85	145	66	63	12	58	115	81	77	58	18	25	98	99	36	82	80	20	99	30	24
0	0	0	0	0	0	0	0	0	0	0	0	0	0	0	0	0	0	0	0	0	0	0	0	0	0	0	0	0	0	0	0	129	81	54	149	84	9	119	52	149	138	40	117	62	105	41	75	56	119	58	139	123	146	43	103	86	93	145	69	116	68	122	129	119	146	46	76	47	103	104	26	115	65	25	71	16	57	38	122	124	69	120	8	128	80	68	70	133	32	103	145	30	49	93	103	46	27	14	94	51	121	46	33	57	125	69	107	22	114	122	61	64	76	105	68	36	61	25	43	71	66	82	39	77	83	54	117
0	0	0	0	0	0	0	0	0	0	0	0	0	0	0	0	0	0	0	0	0	0	0	0	0	0	0	0	0	0	0	0	0	101	34	75	56	91	67	127	122	135	68	46	72	74	75	96	119	95	90	64	44	71	96	35	73	23	65	79	112	40	40	67	118	105	111	53	95	9	100	109	109	106	103	150	31	144	25	16	87	54	66	18	82	29	35	125	115	32	132	122	62	140	47	114	44	150	22	135	16	16	77	17	60	126	106	59	27	87	44	95	24	109	147	5	111	84	73	106	128	136	110	103	63	133	107	33
0	0	0	0	0	0	0	0	0	0	0	0	0	0	0	0	0	0	0	0	0	0	0	0	0	0	0	0	0	0	0	0	0	0	145	88	69	85	98	73	70	100	88	77	82	19	129	156	131	124	113	128	51	104	106	135	129	91	137	137	131	130	27	90	41	104	116	88	75	35	125	71	111	109	119	86	68	65	71	119	110	116	115	39	106	70	92	127	59	144	90	25	47	74	132	73	73	73	118	37	105	7	12	69	61	75	125	22	128	125	114	51	109	70	124	5	89	141	131	73	108	50	38	20	118	80	105	91
0	0	0	0	0	0	0	0	0	0	0	0	0	0	0	0	0	0	0	0	0	0	0	0	0	0	0	0	0	0	0	0	0	0	0	39	19	53	139	110	67	54	35	38	54	83	47	129	134	147	61	17	88	109	115	102	19	103	131	59	80	71	98	112	15	61	150	119	63	101	35	117	57	106	30	60	120	118	119	104	6	89	18	59	78	35	54	64	56	137	114	25	121	130	155	90	18	64	149	106	42	53	47	67	2	123	83	108	47	80	75	45	144	106	105	133	52	92	53	25	144	75	151	56	112	133	116	47
0	0	0	0	0	0	0	0	0	0	0	0	0	0	0	0	0	0	0	0	0	0	0	0	0	0	0	0	0	0	0	0	0	0	0	0	148	126	38	88	13	16	18	63	57	122	117	152	49	80	87	24	57	109	43	89	127	37	133	156	128	104	90	129	130	157	130	39	116	52	110	66	42	34	49	33	34	109	95	51	38	125	65	42	149	34	107	73	105	105	88	118	46	70	66	137	54	149	76	124	86	135	13	36	62	74	51	146	115	44	129	142	84	48	39	33	121	115	92	59	122	135	131	116	5	106	73	69
0	0	0	0	0	0	0	0	0	0	0	0	0	0	0	0	0	0	0	0	0	0	0	0	0	0	0	0	0	0	0	0	0	0	0	0	0	119	63	56	35	54	119	40	55	71	43	43	64	3	56	118	64	115	67	140	137	78	134	111	58	27	114	53	43	47	124	105	96	102	118	51	103	85	125	15	39	84	132	111	46	32	108	21	38	24	82	73	19	85	163	56	124	85	97	44	39	83	36	126	84	50	47	85	61	98	122	134	97	76	103	141	115	96	60	90	150	116	68	100	27	79	88	117	140	54	31	98
0	0	0	0	0	0	0	0	0	0	0	0	0	0	0	0	0	0	0	0	0	0	0	0	0	0	0	0	0	0	0	0	0	0	0	0	0	0	111	85	111	123	30	95	106	37	59	148	86	149	150	120	87	89	33	147	135	102	84	21	131	67	68	156	39	83	73	136	129	32	131	52	93	44	71	101	20	14	75	51	31	53	124	78	40	24	132	109	138	46	108	93	121	152	131	39	135	70	106	89	99	33	39	86	127	145	163	105	89	78	82	127	83	140	135	125	57	84	125	137	121	21	114	48	128	105	152	88
0	0	0	0	0	0	0	0	0	0	0	0	0	0	0	0	0	0	0	0	0	0	0	0	0	0	0	0	0	0	0	0	0	0	0	0	0	0	0	133	95	29	106	111	77	159	43	113	87	63	101	28	117	131	88	73	99	81	72	129	140	43	78	68	105	58	20	85	98	140	55	30	44	125	71	106	104	47	26	70	28	108	15	75	27	52	107	112	125	99	132	147	85	35	49	26	96	87	83	118	46	37	143	29	83	81	112	103	92	36	40	116	63	80	98	137	79	32	34	68	38	23	77	138	94	34	146	107
0	0	0	0	0	0	0	0	0	0	0	0	0	0	0	0	0	0	0	0	0	0	0	0	0	0	0	0	0	0	0	0	0	0	0	0	0	0	0	0	96	67	31	140	147	89	27	84	101	124	77	72	51	16	15	113	121	86	149	54	78	99	93	77	84	36	141	114	45	96	75	37	50	59	15	146	150	131	89	102	69	72	155	121	67	49	141	64	109	93	149	40	140	37	61	162	48	74	97	48	55	105	60	137	30	123	96	34	9	134	133	141	74	42	105	136	36	142	133	46	37	166	135	141	139	139	70	105
0	0	0	0	0	0	0	0	0	0	0	0	0	0	0	0	0	0	0	0	0	0	0	0	0	0	0	0	0	0	0	0	0	0	0	0	0	0	0	0	0	43	94	125	33	136	99	103	76	51	154	92	83	81	54	82	123	31	74	79	75	125	80	110	77	106	53	79	79	114	141	113	70	121	107	37	131	30	81	59	66	141	45	124	126	70	53	95	8	138	114	109	72	125	90	53	70	111	64	49	127	100	127	116	90	83	85	100	37	32	46	127	137	62	95	90	123	66	123	125	141	22	47	30	90	138	163	69
0	0	0	0	0	0	0	0	0	0	0	0	0	0	0	0	0	0	0	0	0	0	0	0	0	0	0	0	0	0	0	0	0	0	0	0	0	0	0	0	0	0	43	33	147	56	131	140	67	57	126	82	35	54	114	34	69	90	151	105	82	147	59	126	41	126	49	27	136	48	68	135	36	120	159	2	73	14	159	117	57	50	25	113	66	50	38	169	100	24	88	50	103	91	76	116	70	53	97	51	31	130	107	115	56	127	67	34	127	45	69	140	86	143	51	48	142	100	131	87	38	81	137	116	162	18	84	109
0	0	0	0	0	0	0	0	0	0	0	0	0	0	0	0	0	0	0	0	0	0	0	0	0	0	0	0	0	0	0	0	0	0	0	0	0	0	0	0	0	0	0	29	121	132	36	32	73	26	122	131	139	24	143	42	141	136	154	85	18	39	84	73	116	101	135	25	127	136	160	147	164	86	53	53	110	140	14	93	9	78	143	120	66	59	106	97	46	41	41	120	112	138	157	71	54	115	36	46	53	59	124	60	65	95	129	124	39	140	128	127	166	74	127	153	64	87	140	121	87	65	101	140	71	64	128	124
0	0	0	0	0	0	0	0	0	0	0	0	0	0	0	0	0	0	0	0	0	0	0	0	0	0	0	0	0	0	0	0	0	0	0	0	0	0	0	0	0	0	0	0	88	135	146	41	93	153	108	96	74	162	131	72	104	80	57	129	11	45	144	98	111	44	102	50	91	43	71	108	13	43	119	133	27	71	29	137	45	41	114	112	96	55	131	116	44	29	81	115	160	105	79	67	124	97	148	59	89	50	130	116	63	84	61	95	85	79	75	60	74	72	116	84	88	99	28	31	62	58	113	126	158	51	56	124
0	0	0	0	0	0	0	0	0	0	0	0	0	0	0	0	0	0	0	0	0	0	0	0	0	0	0	0	0	0	0	0	0	0	0	0	0	0	0	0	0	0	0	0	0	135	111	63	51	57	136	68	119	163	139	60	66	41	147	63	63	70	154	42	110	120	67	147	77	87	132	53	130	127	92	112	108	88	75	44	121	109	51	30	46	119	93	36	3	106	126	36	86	103	45	144	121	77	44	107	69	141	73	98	56	105	152	54	105	77	131	47	68	29	78	41	109	113	101	30	7	79	81	62	55	76	111	93
0	0	0	0	0	0	0	0	0	0	0	0	0	0	0	0	0	0	0	0	0	0	0	0	0	0	0	0	0	0	0	0	0	0	0	0	0	0	0	0	0	0	0	0	0	0	115	41	128	48	65	103	86	127	60	79	60	41	31	63	133	122	48	98	119	159	108	164	155	56	141	93	102	48	49	33	137	127	79	61	27	95	9	61	109	68	54	58	70	122	38	65	104	81	44	114	103	37	78	26	87	133	100	28	104	37	34	69	38	102	125	94	68	129	55	20	66	149	98	94	136	92	55	48	115	126	26	86
0	0	0	0	0	0	0	0	0	0	0	0	0	0	0	0	0	0	0	0	0	0	0	0	0	0	0	0	0	0	0	0	0	0	0	0	0	0	0	0	0	0	0	0	0	0	0	114	80	54	54	24	37	87	86	70	91	133	81	169	149	89	158	95	119	154	18	51	74	51	106	60	130	136	45	128	28	147	107	97	70	114	86	92	97	122	109	91	47	85	16	104	133	130	24	126	106	91	90	113	87	121	38	85	48	15	128	62	77	51	31	158	17	119	144	116	58	150	55	89	119	72	64	58	37	53	65	128
0	0	0	0	0	0	0	0	0	0	0	0	0	0	0	0	0	0	0	0	0	0	0	0	0	0	0	0	0	0	0	0	0	0	0	0	0	0	0	0	0	0	0	0	0	0	0	0	153	18	101	73	47	111	81	48	27	33	47	79	66	66	140	120	94	109	119	88	91	134	124	142	27	71	27	125	69	40	124	51	120	27	18	86	102	107	36	132	157	122	121	69	96	46	117	76	130	74	74	134	82	105	30	102	47	155	86	117	52	135	80	167	139	31	92	93	30	51	74	16	111	30	100	104	48	144	35	131
0	0	0	0	0	0	0	0	0	0	0	0	0	0	0	0	0	0	0	0	0	0	0	0	0	0	0	0	0	0	0	0	0	0	0	0	0	0	0	0	0	0	0	0	0	0	0	0	0	160	48	94	40	128	108	122	154	60	52	82	25	121	82	26	98	84	149	43	113	31	142	99	139	30	100	132	62	82	39	62	103	33	26	131	92	35	52	91	147	53	119	30	28	37	127	100	59	49	47	160	43	93	72	35	97	14	35	96	102	30	76	119	45	95	82	50	159	29	97	152	54	63	125	64	87	143	100	75
0	0	0	0	0	0	0	0	0	0	0	0	0	0	0	0	0	0	0	0	0	0	0	0	0	0	0	0	0	0	0	0	0	0	0	0	0	0	0	0	0	0	0	0	0	0	0	0	0	0	101	75	92	119	17	141	30	58	119	44	141	43	33	109	33	87	73	31	41	49	103	152	59	64	146	133	167	50	59	113	28	62	68	97	173	130	93	45	85	49	34	123	156	140	41	35	119	95	43	65	134	99	83	41	157	122	47	74	173	33	130	115	76	78	94	38	104	114	127	54	101	143	103	156	118	101	140	69
0	0	0	0	0	0	0	0	0	0	0	0	0	0	0	0	0	0	0	0	0	0	0	0	0	0	0	0	0	0	0	0	0	0	0	0	0	0	0	0	0	0	0	0	0	0	0	0	0	0	0	165	90	70	33	81	27	153	40	37	60	139	34	89	50	75	34	63	82	41	41	127	78	172	149	76	70	91	117	149	68	64	157	157	82	105	105	130	139	127	104	135	3	58	123	82	125	118	84	124	127	119	129	43	97	35	24	66	105	100	64	133	119	112	109	121	133	96	50	110	68	93	138	126	112	98	89	105
0	0	0	0	0	0	0	0	0	0	0	0	0	0	0	0	0	0	0	0	0	0	0	0	0	0	0	0	0	0	0	0	0	0	0	0	0	0	0	0	0	0	0	0	0	0	0	0	0	0	0	0	100	82	3	106	58	7	122	55	117	98	155	101	53	93	11	41	129	164	71	161	71	140	73	103	146	72	66	50	67	148	95	38	116	124	37	86	46	132	36	103	44	62	113	108	51	78	61	79	86	108	51	145	103	50	74	102	94	110	66	125	45	95	135	85	101	48	80	162	93	51	151	89	113	162	55	119
0	0	0	0	0	0	0	0	0	0	0	0	0	0	0	0	0	0	0	0	0	0	0	0	0	0	0	0	0	0	0	0	0	0	0	0	0	0	0	0	0	0	0	0	0	0	0	0	0	0	0	0	0	43	151	58	24	133	12	93	46	30	136	47	152	84	61	69	19	94	117	135	127	48	49	131	98	160	106	37	45	159	139	108	104	103	59	82	132	108	107	113	105	162	22	175	85	117	47	85	17	33	32	143	107	24	84	149	52	83	38	131	22	149	122	123	88	95	80	122	114	81	126	77	105	93	145	119
0	0	0	0	0	0	0	0	0	0	0	0	0	0	0	0	0	0	0	0	0	0	0	0	0	0	0	0	0	0	0	0	0	0	0	0	0	0	0	0	0	0	0	0	0	0	0	0	0	0	0	0	0	0	83	75	65	168	76	79	87	68	13	86	83	146	178	53	81	106	43	164	72	169	92	82	57	55	74	178	99	135	9	144	70	127	75	62	88	33	91	165	148	33	51	73	158	10	50	52	143	63	38	115	61	72	107	80	106	104	102	173	58	160	114	59	135	126	107	94	141	82	95	45	63	52	133	37
0	0	0	0	0	0	0	0	0	0	0	0	0	0	0	0	0	0	0	0	0	0	0	0	0	0	0	0	0	0	0	0	0	0	0	0	0	0	0	0	0	0	0	0	0	0	0	0	0	0	0	0	0	0	0	62	130	142	120	77	55	46	27	148	45	89	88	104	151	103	49	109	90	18	128	138	96	70	48	160	41	117	105	153	146	28	57	56	13	101	126	68	140	92	61	168	137	39	109	107	78	154	130	153	53	140	116	124	77	67	42	70	64	121	125	54	138	61	131	136	41	122	150	90	103	132	171	52
0	0	0	0	0	0	0	0	0	0	0	0	0	0	0	0	0	0	0	0	0	0	0	0	0	0	0	0	0	0	0	0	0	0	0	0	0	0	0	0	0	0	0	0	0	0	0	0	0	0	0	0	0	0	0	0	83	134	128	52	55	78	56	101	106	45	109	67	152	62	36	164	53	140	65	96	53	25	48	133	123	151	49	137	118	101	162	56	42	105	20	60	131	74	104	41	30	67	134	136	58	83	130	173	44	73	86	61	135	143	175	137	65	38	133	88	125	153	115	133	138	84	47	103	127	141	110	172
0	0	0	0	0	0	0	0	0	0	0	0	0	0	0	0	0	0	0	0	0	0	0	0	0	0	0	0	0	0	0	0	0	0	0	0	0	0	0	0	0	0	0	0	0	0	0	0	0	0	0	0	0	0	0	0	0	180	82	157	127	97	133	72	72	96	85	117	108	52	92	170	57	99	151	48	96	141	15	87	42	133	151	109	41	159	147	58	116	128	156	82	103	43	86	56	87	121	141	138	57	68	93	130	101	75	152	113	157	62	111	90	85	69	123	56	83	114	99	31	107	83	49	22	87	83	45	136
0	0	0	0	0	0	0	0	0	0	0	0	0	0	0	0	0	0	0	0	0	0	0	0	0	0	0	0	0	0	0	0	0	0	0	0	0	0	0	0	0	0	0	0	0	0	0	0	0	0	0	0	0	0	0	0	0	0	92	89	115	153	103	78	92	118	26	171	14	133	80	133	118	79	136	176	43	84	30	99	142	124	168	103	61	166	81	114	60	76	106	81	28	75	78	98	177	119	43	139	70	120	145	134	51	139	109	115	88	110	137	82	86	164	99	115	80	57	138	139	65	156	120	78	24	128	49	112
0	0	0	0	0	0	0	0	0	0	0	0	0	0	0	0	0	0	0	0	0	0	0	0	0	0	0	0	0	0	0	0	0	0	0	0	0	0	0	0	0	0	0	0	0	0	0	0	0	0	0	0	0	0	0	0	0	0	0	134	28	105	91	58	92	76	27	129	172	117	116	102	23	39	142	20	36	126	39	111	178	74	163	44	159	64	93	91	22	131	56	134	76	91	144	157	136	91	116	51	139	73	40	134	67	86	37	98	135	34	157	111	95	88	114	153	48	114	178	98	175	62	73	76	110	40	87	58
0	0	0	0	0	0	0	0	0	0	0	0	0	0	0	0	0	0	0	0	0	0	0	0	0	0	0	0	0	0	0	0	0	0	0	0	0	0	0	0	0	0	0	0	0	0	0	0	0	0	0	0	0	0	0	0	0	0	0	0	142	142	55	85	141	115	85	42	75	45	44	15	81	67	100	149	22	145	170	139	93	32	37	50	132	127	118	148	122	29	31	177	88	151	127	127	43	78	54	137	48	40	45	50	143	111	116	63	110	92	108	111	160	71	116	63	161	165	103	169	64	80	48	114	137	96	35	83
0	0	0	0	0	0	0	0	0	0	0	0	0	0	0	0	0	0	0	0	0	0	0	0	0	0	0	0	0	0	0	0	0	0	0	0	0	0	0	0	0	0	0	0	0	0	0	0	0	0	0	0	0	0	0	0	0	0	0	0	0	146	142	150	40	98	113	155	151	120	71	99	150	143	145	66	64	93	119	86	75	68	94	64	123	177	73	142	114	20	94	97	152	39	135	130	90	63	153	146	65	65	100	111	108	139	108	61	113	37	61	154	90	144	123	38	75	76	160	38	104	144	75	165	53	97	67	87
0	0	0	0	0	0	0	0	0	0	0	0	0	0	0	0	0	0	0	0	0	0	0	0	0	0	0	0	0	0	0	0	0	0	0	0	0	0	0	0	0	0	0	0	0	0	0	0	0	0	0	0	0	0	0	0	0	0	0	0	0	0	66	82	109	57	109	123	67	111	47	99	45	128	81	72	77	39	114	148	107	58	22	117	92	113	48	141	162	93	93	11	123	89	112	18	93	110	50	124	89	93	99	48	90	22	53	28	59	53	118	33	60	101	108	151	114	81	137	42	171	182	129	157	76	119	177	128
0	0	0	0	0	0	0	0	0	0	0	0	0	0	0	0	0	0	0	0	0	0	0	0	0	0	0	0	0	0	0	0	0	0	0	0	0	0	0	0	0	0	0	0	0	0	0	0	0	0	0	0	0	0	0	0	0	0	0	0	0	0	0	97	152	68	129	113	117	113	104	68	56	77	140	75	131	145	140	77	162	55	128	76	83	69	43	142	63	136	120	129	58	75	34	39	71	3	83	55	112	83	97	21	50	60	104	77	49	122	60	119	55	43	73	67	89	34	103	127	66	102	178	132	148	118	136	69
0	0	0	0	0	0	0	0	0	0	0	0	0	0	0	0	0	0	0	0	0	0	0	0	0	0	0	0	0	0	0	0	0	0	0	0	0	0	0	0	0	0	0	0	0	0	0	0	0	0	0	0	0	0	0	0	0	0	0	0	0	0	0	0	115	95	98	36	82	95	138	54	119	152	85	151	87	125	172	119	87	50	109	77	190	188	117	57	34	54	32	137	155	78	64	137	97	69	136	161	12	129	82	79	57	34	45	45	60	104	83	82	94	58	142	35	53	115	94	116	25	74	131	91	37	153	136	107
0	0	0	0	0	0	0	0	0	0	0	0	0	0	0	0	0	0	0	0	0	0	0	0	0	0	0	0	0	0	0	0	0	0	0	0	0	0	0	0	0	0	0	0	0	0	0	0	0	0	0	0	0	0	0	0	0	0	0	0	0	0	0	0	0	62	45	84	183	77	115	97	113	101	108	155	39	66	139	161	105	66	96	42	82	95	132	96	70	115	39	47	84	56	90	151	34	102	47	147	65	125	95	65	109	133	71	69	138	135	113	83	141	63	143	90	119	73	56	79	118	108	145	64	175	120	43	155
0	0	0	0	0	0	0	0	0	0	0	0	0	0	0	0	0	0	0	0	0	0	0	0	0	0	0	0	0	0	0	0	0	0	0	0	0	0	0	0	0	0	0	0	0	0	0	0	0	0	0	0	0	0	0	0	0	0	0	0	0	0	0	0	0	0	133	79	151	82	124	86	136	126	75	174	134	69	81	152	105	122	118	94	78	51	49	152	57	98	69	122	142	186	106	96	160	67	131	121	69	45	44	43	41	43	84	134	52	34	44	91	139	109	70	43	95	75	50	65	150	89	136	101	129	82	75	98
0	0	0	0	0	0	0	0	0	0	0	0	0	0	0	0	0	0	0	0	0	0	0	0	0	0	0	0	0	0	0	0	0	0	0	0	0	0	0	0	0	0	0	0	0	0	0	0	0	0	0	0	0	0	0	0	0	0	0	0	0	0	0	0	0	0	0	62	48	149	104	66	181	94	164	138	119	133	108	126	111	88	32	126	103	125	54	132	125	79	81	70	49	81	66	46	13	109	158	23	146	100	102	100	121	69	143	118	30	172	162	153	158	67	112	104	139	157	118	157	142	18	133	135	88	73	93	32
0	0	0	0	0	0	0	0	0	0	0	0	0	0	0	0	0	0	0	0	0	0	0	0	0	0	0	0	0	0	0	0	0	0	0	0	0	0	0	0	0	0	0	0	0	0	0	0	0	0	0	0	0	0	0	0	0	0	0	0	0	0	0	0	0	0	0	0	93	142	108	77	136	110	63	58	106	55	181	107	68	25	169	123	111	147	70	62	46	105	28	74	38	92	109	56	130	95	145	105	103	135	152	40	82	70	164	97	114	189	126	74	47	91	57	82	130	136	159	134	120	103	11	173	55	20	30	114
0	0	0	0	0	0	0	0	0	0	0	0	0	0	0	0	0	0	0	0	0	0	0	0	0	0	0	0	0	0	0	0	0	0	0	0	0	0	0	0	0	0	0	0	0	0	0	0	0	0	0	0	0	0	0	0	0	0	0	0	0	0	0	0	0	0	0	0	0	157	64	46	122	31	98	164	124	32	146	105	28	120	136	156	80	35	58	35	84	127	157	50	80	58	63	133	118	75	37	188	165	19	36	84	88	69	10	60	144	126	91	74	46	128	191	28	130	80	84	106	93	22	144	81	119	137	27	91
0	0	0	0	0	0	0	0	0	0	0	0	0	0	0	0	0	0	0	0	0	0	0	0	0	0	0	0	0	0	0	0	0	0	0	0	0	0	0	0	0	0	0	0	0	0	0	0	0	0	0	0	0	0	0	0	0	0	0	0	0	0	0	0	0	0	0	0	0	0	22	3	92	56	139	119	73	146	158	130	97	146	145	119	114	139	77	55	169	88	60	85	67	117	137	82	70	60	78	109	150	182	91	154	79	102	77	179	130	33	85	139	43	107	176	142	143	99	136	132	56	154	139	146	49	114	92	132
0	0	0	0	0	0	0	0	0	0	0	0	0	0	0	0	0	0	0	0	0	0	0	0	0	0	0	0	0	0	0	0	0	0	0	0	0	0	0	0	0	0	0	0	0	0	0	0	0	0	0	0	0	0	0	0	0	0	0	0	0	0	0	0	0	0	0	0	0	0	0	175	76	119	145	118	78	167	164	107	66	62	123	105	80	152	160	42	67	20	89	133	169	42	33	30	64	126	32	63	33	86	28	90	64	150	88	70	64	74	111	50	93	25	116	89	115	118	154	43	180	74	83	79	140	112	74	89
0	0	0	0	0	0	0	0	0	0	0	0	0	0	0	0	0	0	0	0	0	0	0	0	0	0	0	0	0	0	0	0	0	0	0	0	0	0	0	0	0	0	0	0	0	0	0	0	0	0	0	0	0	0	0	0	0	0	0	0	0	0	0	0	0	0	0	0	0	0	0	0	96	31	141	70	50	141	85	77	47	154	66	167	43	127	118	146	113	51	41	56	158	41	84	122	72	143	112	135	28	36	95	124	107	78	61	81	108	90	79	83	154	56	115	92	129	156	107	126	84	127	62	90	154	81	167	177
0	0	0	0	0	0	0	0	0	0	0	0	0	0	0	0	0	0	0	0	0	0	0	0	0	0	0	0	0	0	0	0	0	0	0	0	0	0	0	0	0	0	0	0	0	0	0	0	0	0	0	0	0	0	0	0	0	0	0	0	0	0	0	0	0	0	0	0	0	0	0	0	0	54	50	107	163	119	72	53	125	151	140	135	92	63	99	90	99	88	70	131	103	86	63	91	144	124	77	88	173	70	117	137	31	101	166	114	156	148	36	81	94	103	34	137	53	159	102	188	137	67	43	83	98	58	22	84
0	0	0	0	0	0	0	0	0	0	0	0	0	0	0	0	0	0	0	0	0	0	0	0	0	0	0	0	0	0	0	0	0	0	0	0	0	0	0	0	0	0	0	0	0	0	0	0	0	0	0	0	0	0	0	0	0	0	0	0	0	0	0	0	0	0	0	0	0	0	0	0	0	0	119	74	117	62	42	76	142	81	100	119	50	152	96	89	65	127	78	170	124	147	149	55	111	50	100	118	117	30	61	119	58	83	153	81	96	127	78	135	136	83	55	89	161	99	130	117	87	128	48	97	79	129	129	49
0	0	0	0	0	0	0	0	0	0	0	0	0	0	0	0	0	0	0	0	0	0	0	0	0	0	0	0	0	0	0	0	0	0	0	0	0	0	0	0	0	0	0	0	0	0	0	0	0	0	0	0	0	0	0	0	0	0	0	0	0	0	0	0	0	0	0	0	0	0	0	0	0	0	0	112	145	48	127	78	12	103	70	29	51	122	67	147	74	122	158	114	73	32	74	180	193	148	63	64	13	150	107	166	33	158	136	86	75	117	156	141	199	182	187	125	41	96	148	51	156	162	97	136	38	145	35	33
0	0	0	0	0	0	0	0	0	0	0	0	0	0	0	0	0	0	0	0	0	0	0	0	0	0	0	0	0	0	0	0	0	0	0	0	0	0	0	0	0	0	0	0	0	0	0	0	0	0	0	0	0	0	0	0	0	0	0	0	0	0	0	0	0	0	0	0	0	0	0	0	0	0	0	0	105	61	131	150	66	199	118	133	54	103	135	91	95	143	119	168	137	68	171	160	148	105	117	127	127	116	146	142	137	28	49	121	56	11	101	163	77	66	124	94	141	93	124	132	66	91	102	119	113	139	132	31
0	0	0	0	0	0	0	0	0	0	0	0	0	0	0	0	0	0	0	0	0	0	0	0	0	0	0	0	0	0	0	0	0	0	0	0	0	0	0	0	0	0	0	0	0	0	0	0	0	0	0	0	0	0	0	0	0	0	0	0	0	0	0	0	0	0	0	0	0	0	0	0	0	0	0	0	0	75	105	78	168	156	154	31	180	103	55	176	67	48	83	122	68	159	33	123	160	131	75	33	30	71	195	68	62	95	100	60	179	96	54	174	98	30	129	102	40	128	44	85	138	83	98	139	65	153	58	77
0	0	0	0	0	0	0	0	0	0	0	0	0	0	0	0	0	0	0	0	0	0	0	0	0	0	0	0	0	0	0	0	0	0	0	0	0	0	0	0	0	0	0	0	0	0	0	0	0	0	0	0	0	0	0	0	0	0	0	0	0	0	0	0	0	0	0	0	0	0	0	0	0	0	0	0	0	0	131	184	146	138	126	168	100	71	85	155	107	142	64	51	182	85	93	35	157	110	107	84	85	23	39	62	37	170	166	156	149	128	30	69	192	102	153	50	27	118	49	181	155	172	172	59	163	107	121	56
0	0	0	0	0	0	0	0	0	0	0	0	0	0	0	0	0	0	0	0	0	0	0	0	0	0	0	0	0	0	0	0	0	0	0	0	0	0	0	0	0	0	0	0	0	0	0	0	0	0	0	0	0	0	0	0	0	0	0	0	0	0	0	0	0	0	0	0	0	0	0	0	0	0	0	0	0	0	0	57	88	71	134	4	48	120	133	104	85	63	133	108	141	143	109	95	123	127	58	121	81	64	87	144	83	118	162	117	179	101	64	177	134	126	51	168	123	39	22	133	63	107	91	100	151	119	102	147
0	0	0	0	0	0	0	0	0	0	0	0	0	0	0	0	0	0	0	0	0	0	0	0	0	0	0	0	0	0	0	0	0	0	0	0	0	0	0	0	0	0	0	0	0	0	0	0	0	0	0	0	0	0	0	0	0	0	0	0	0	0	0	0	0	0	0	0	0	0	0	0	0	0	0	0	0	0	0	0	60	153	149	106	142	121	111	52	42	94	148	69	144	81	167	183	89	163	59	116	49	85	153	54	129	64	44	113	55	113	167	87	90	73	159	162	32	99	95	32	161	147	109	126	153	48	140	101
0	0	0	0	0	0	0	0	0	0	0	0	0	0	0	0	0	0	0	0	0	0	0	0	0	0	0	0	0	0	0	0	0	0	0	0	0	0	0	0	0	0	0	0	0	0	0	0	0	0	0	0	0	0	0	0	0	0	0	0	0	0	0	0	0	0	0	0	0	0	0	0	0	0	0	0	0	0	0	0	0	44	40	115	123	92	138	58	105	94	47	83	127	114	137	143	44	53	121	97	62	47	88	128	95	46	138	79	156	118	89	104	106	136	171	130	88	162	84	89	101	129	144	131	82	167	39	149
0	0	0	0	0	0	0	0	0	0	0	0	0	0	0	0	0	0	0	0	0	0	0	0	0	0	0	0	0	0	0	0	0	0	0	0	0	0	0	0	0	0	0	0	0	0	0	0	0	0	0	0	0	0	0	0	0	0	0	0	0	0	0	0	0	0	0	0	0	0	0	0	0	0	0	0	0	0	0	0	0	0	136	167	80	104	151	72	148	30	83	67	156	112	60	158	66	123	98	106	155	142	158	125	55	87	57	154	37	70	108	65	136	124	84	20	79	105	114	102	170	32	180	88	121	193	172	159
0	0	0	0	0	0	0	0	0	0	0	0	0	0	0	0	0	0	0	0	0	0	0	0	0	0	0	0	0	0	0	0	0	0	0	0	0	0	0	0	0	0	0	0	0	0	0	0	0	0	0	0	0	0	0	0	0	0	0	0	0	0	0	0	0	0	0	0	0	0	0	0	0	0	0	0	0	0	0	0	0	0	0	46	168	102	149	131	162	92	67	135	155	147	110	122	138	80	49	60	149	60	160	102	73	141	93	90	98	181	30	33	37	86	120	106	33	83	117	50	166	142	99	137	125	96	89	27
0	0	0	0	0	0	0	0	0	0	0	0	0	0	0	0	0	0	0	0	0	0	0	0	0	0	0	0	0	0	0	0	0	0	0	0	0	0	0	0	0	0	0	0	0	0	0	0	0	0	0	0	0	0	0	0	0	0	0	0	0	0	0	0	0	0	0	0	0	0	0	0	0	0	0	0	0	0	0	0	0	0	0	0	73	171	135	104	123	60	166	117	179	166	94	106	180	99	46	79	122	98	146	175	42	107	134	134	83	53	73	62	114	123	10	79	138	109	54	59	114	93	166	126	72	97	131	210
0	0	0	0	0	0	0	0	0	0	0	0	0	0	0	0	0	0	0	0	0	0	0	0	0	0	0	0	0	0	0	0	0	0	0	0	0	0	0	0	0	0	0	0	0	0	0	0	0	0	0	0	0	0	0	0	0	0	0	0	0	0	0	0	0	0	0	0	0	0	0	0	0	0	0	0	0	0	0	0	0	0	0	0	0	159	69	104	78	119	84	94	81	144	124	41	114	26	81	58	108	46	135	90	147	34	109	63	183	22	78	27	50	147	126	114	76	131	115	92	195	103	68	77	106	96	70	122
0	0	0	0	0	0	0	0	0	0	0	0	0	0	0	0	0	0	0	0	0	0	0	0	0	0	0	0	0	0	0	0	0	0	0	0	0	0	0	0	0	0	0	0	0	0	0	0	0	0	0	0	0	0	0	0	0	0	0	0	0	0	0	0	0	0	0	0	0	0	0	0	0	0	0	0	0	0	0	0	0	0	0	0	0	0	160	103	146	145	81	122	153	109	106	63	102	167	140	140	113	38	107	122	60	101	140	74	46	108	136	134	58	117	82	123	96	156	112	125	65	115	110	53	78	79	47	106
0	0	0	0	0	0	0	0	0	0	0	0	0	0	0	0	0	0	0	0	0	0	0	0	0	0	0	0	0	0	0	0	0	0	0	0	0	0	0	0	0	0	0	0	0	0	0	0	0	0	0	0	0	0	0	0	0	0	0	0	0	0	0	0	0	0	0	0	0	0	0	0	0	0	0	0	0	0	0	0	0	0	0	0	0	0	0	171	38	150	61	26	132	65	105	131	134	161	88	86	146	66	165	62	106	112	108	130	160	178	44	77	138	167	128	131	84	44	40	82	83	104	111	180	93	95	126	93
0	0	0	0	0	0	0	0	0	0	0	0	0	0	0	0	0	0	0	0	0	0	0	0	0	0	0	0	0	0	0	0	0	0	0	0	0	0	0	0	0	0	0	0	0	0	0	0	0	0	0	0	0	0	0	0	0	0	0	0	0	0	0	0	0	0	0	0	0	0	0	0	0	0	0	0	0	0	0	0	0	0	0	0	0	0	0	0	99	76	62	134	49	88	37	124	120	91	114	59	130	144	169	136	136	181	127	51	132	164	182	46	172	57	116	106	150	59	32	33	77	97	187	41	140	46	116	105
0	0	0	0	0	0	0	0	0	0	0	0	0	0	0	0	0	0	0	0	0	0	0	0	0	0	0	0	0	0	0	0	0	0	0	0	0	0	0	0	0	0	0	0	0	0	0	0	0	0	0	0	0	0	0	0	0	0	0	0	0	0	0	0	0	0	0	0	0	0	0	0	0	0	0	0	0	0	0	0	0	0	0	0	0	0	0	0	0	80	67	84	106	150	103	125	84	178	167	77	133	124	118	90	124	114	165	127	120	105	79	35	64	34	153	174	89	81	96	129	153	133	66	81	155	63	134	133
0	0	0	0	0	0	0	0	0	0	0	0	0	0	0	0	0	0	0	0	0	0	0	0	0	0	0	0	0	0	0	0	0	0	0	0	0	0	0	0	0	0	0	0	0	0	0	0	0	0	0	0	0	0	0	0	0	0	0	0	0	0	0	0	0	0	0	0	0	0	0	0	0	0	0	0	0	0	0	0	0	0	0	0	0	0	0	0	0	0	50	173	149	87	103	155	109	130	131	176	49	144	119	99	123	171	132	111	105	44	128	42	133	121	108	125	67	114	79	105	132	118	162	46	45	100	50	123
0	0	0	0	0	0	0	0	0	0	0	0	0	0	0	0	0	0	0	0	0	0	0	0	0	0	0	0	0	0	0	0	0	0	0	0	0	0	0	0	0	0	0	0	0	0	0	0	0	0	0	0	0	0	0	0	0	0	0	0	0	0	0	0	0	0	0	0	0	0	0	0	0	0	0	0	0	0	0	0	0	0	0	0	0	0	0	0	0	0	0	131	107	81	97	108	69	175	164	59	76	16	190	88	141	73	129	104	147	80	136	130	128	146	70	96	179	125	133	157	110	103	134	132	53	48	203	113
0	0	0	0	0	0	0	0	0	0	0	0	0	0	0	0	0	0	0	0	0	0	0	0	0	0	0	0	0	0	0	0	0	0	0	0	0	0	0	0	0	0	0	0	0	0	0	0	0	0	0	0	0	0	0	0	0	0	0	0	0	0	0	0	0	0	0	0	0	0	0	0	0	0	0	0	0	0	0	0	0	0	0	0	0	0	0	0	0	0	0	0	82	41	76	144	72	142	159	107	115	93	60	128	105	74	92	118	61	106	142	70	55	164	119	149	96	96	92	61	132	170	105	148	21	88	89	80
0	0	0	0	0	0	0	0	0	0	0	0	0	0	0	0	0	0	0	0	0	0	0	0	0	0	0	0	0	0	0	0	0	0	0	0	0	0	0	0	0	0	0	0	0	0	0	0	0	0	0	0	0	0	0	0	0	0	0	0	0	0	0	0	0	0	0	0	0	0	0	0	0	0	0	0	0	0	0	0	0	0	0	0	0	0	0	0	0	0	0	0	0	166	54	78	137	130	136	143	129	47	155	165	48	137	197	94	186	142	56	88	166	194	128	184	135	104	139	118	163	212	70	23	174	41	108	128
0	0	0	0	0	0	0	0	0	0	0	0	0	0	0	0	0	0	0	0	0	0	0	0	0	0	0	0	0	0	0	0	0	0	0	0	0	0	0	0	0	0	0	0	0	0	0	0	0	0	0	0	0	0	0	0	0	0	0	0	0	0	0	0	0	0	0	0	0	0	0	0	0	0	0	0	0	0	0	0	0	0	0	0	0	0	0	0	0	0	0	0	0	0	80	70	81	142	94	16	137	101	84	178	143	26	64	100	89	191	73	80	55	121	149	136	121	207	137	111	199	96	62	154	44	97	129	57
0	0	0	0	0	0	0	0	0	0	0	0	0	0	0	0	0	0	0	0	0	0	0	0	0	0	0	0	0	0	0	0	0	0	0	0	0	0	0	0	0	0	0	0	0	0	0	0	0	0	0	0	0	0	0	0	0	0	0	0	0	0	0	0	0	0	0	0	0	0	0	0	0	0	0	0	0	0	0	0	0	0	0	0	0	0	0	0	0	0	0	0	0	0	0	131	134	85	134	126	113	64	110	136	80	181	107	110	116	27	54	118	125	132	98	65	100	186	152	96	156	38	43	88	36	75	88	169
0	0	0	0	0	0	0	0	0	0	0	0	0	0	0	0	0	0	0	0	0	0	0	0	0	0	0	0	0	0	0	0	0	0	0	0	0	0	0	0	0	0	0	0	0	0	0	0	0	0	0	0	0	0	0	0	0	0	0	0	0	0	0	0	0	0	0	0	0	0	0	0	0	0	0	0	0	0	0	0	0	0	0	0	0	0	0	0	0	0	0	0	0	0	0	0	138	95	95	206	98	33	97	168	107	116	101	143	55	65	97	140	75	101	195	131	119	126	81	73	97	49	67	39	53	153	62	22
0	0	0	0	0	0	0	0	0	0	0	0	0	0	0	0	0	0	0	0	0	0	0	0	0	0	0	0	0	0	0	0	0	0	0	0	0	0	0	0	0	0	0	0	0	0	0	0	0	0	0	0	0	0	0	0	0	0	0	0	0	0	0	0	0	0	0	0	0	0	0	0	0	0	0	0	0	0	0	0	0	0	0	0	0	0	0	0	0	0	0	0	0	0	0	0	0	104	84	51	94	145	81	73	31	79	106	96	157	141	98	154	62	74	154	54	154	49	136	162	98	111	35	70	70	169	55	82
0	0	0	0	0	0	0	0	0	0	0	0	0	0	0	0	0	0	0	0	0	0	0	0	0	0	0	0	0	0	0	0	0	0	0	0	0	0	0	0	0	0	0	0	0	0	0	0	0	0	0	0	0	0	0	0	0	0	0	0	0	0	0	0	0	0	0	0	0	0	0	0	0	0	0	0	0	0	0	0	0	0	0	0	0	0	0	0	0	0	0	0	0	0	0	0	0	0	185	191	28	48	38	165	149	188	31	148	69	191	103	66	111	137	47	111	77	61	175	104	48	60	70	93	88	160	129	40
0	0	0	0	0	0	0	0	0	0	0	0	0	0	0	0	0	0	0	0	0	0	0	0	0	0	0	0	0	0	0	0	0	0	0	0	0	0	0	0	0	0	0	0	0	0	0	0	0	0	0	0	0	0	0	0	0	0	0	0	0	0	0	0	0	0	0	0	0	0	0	0	0	0	0	0	0	0	0	0	0	0	0	0	0	0	0	0	0	0	0	0	0	0	0	0	0	0	0	40	55	157	138	70	95	109	163	134	98	157	141	80	177	47	108	90	113	129	108	63	77	107	96	124	28	79	123	136
0	0	0	0	0	0	0	0	0	0	0	0	0	0	0	0	0	0	0	0	0	0	0	0	0	0	0	0	0	0	0	0	0	0	0	0	0	0	0	0	0	0	0	0	0	0	0	0	0	0	0	0	0	0	0	0	0	0	0	0	0	0	0	0	0	0	0	0	0	0	0	0	0	0	0	0	0	0	0	0	0	0	0	0	0	0	0	0	0	0	0	0	0	0	0	0	0	0	0	0	45	98	70	127	132	145	97	90	133	157	26	118	29	188	197	96	101	196	36	167	181	149	104	84	67	177	121	205
0	0	0	0	0	0	0	0	0	0	0	0	0	0	0	0	0	0	0	0	0	0	0	0	0	0	0	0	0	0	0	0	0	0	0	0	0	0	0	0	0	0	0	0	0	0	0	0	0	0	0	0	0	0	0	0	0	0	0	0	0	0	0	0	0	0	0	0	0	0	0	0	0	0	0	0	0	0	0	0	0	0	0	0	0	0	0	0	0	0	0	0	0	0	0	0	0	0	0	0	0	58	104	77	68	145	16	111	164	45	139	146	110	109	99	163	203	142	75	112	45	131	190	107	88	116	99	130
0	0	0	0	0	0	0	0	0	0	0	0	0	0	0	0	0	0	0	0	0	0	0	0	0	0	0	0	0	0	0	0	0	0	0	0	0	0	0	0	0	0	0	0	0	0	0	0	0	0	0	0	0	0	0	0	0	0	0	0	0	0	0	0	0	0	0	0	0	0	0	0	0	0	0	0	0	0	0	0	0	0	0	0	0	0	0	0	0	0	0	0	0	0	0	0	0	0	0	0	0	0	135	90	147	134	31	92	218	142	92	94	162	63	131	132	27	110	128	167	44	185	102	52	97	139	147	105
0	0	0	0	0	0	0	0	0	0	0	0	0	0	0	0	0	0	0	0	0	0	0	0	0	0	0	0	0	0	0	0	0	0	0	0	0	0	0	0	0	0	0	0	0	0	0	0	0	0	0	0	0	0	0	0	0	0	0	0	0	0	0	0	0	0	0	0	0	0	0	0	0	0	0	0	0	0	0	0	0	0	0	0	0	0	0	0	0	0	0	0	0	0	0	0	0	0	0	0	0	0	0	173	79	98	93	171	111	120	106	36	58	83	20	187	155	68	86	110	73	105	170	102	158	171	151	167
0	0	0	0	0	0	0	0	0	0	0	0	0	0	0	0	0	0	0	0	0	0	0	0	0	0	0	0	0	0	0	0	0	0	0	0	0	0	0	0	0	0	0	0	0	0	0	0	0	0	0	0	0	0	0	0	0	0	0	0	0	0	0	0	0	0	0	0	0	0	0	0	0	0	0	0	0	0	0	0	0	0	0	0	0	0	0	0	0	0	0	0	0	0	0	0	0	0	0	0	0	0	0	0	182	196	144	134	72	119	91	139	193	126	86	82	153	153	111	88	186	65	54	89	80	105	86	90
0	0	0	0	0	0	0	0	0	0	0	0	0	0	0	0	0	0	0	0	0	0	0	0	0	0	0	0	0	0	0	0	0	0	0	0	0	0	0	0	0	0	0	0	0	0	0	0	0	0	0	0	0	0	0	0	0	0	0	0	0	0	0	0	0	0	0	0	0	0	0	0	0	0	0	0	0	0	0	0	0	0	0	0	0	0	0	0	0	0	0	0	0	0	0	0	0	0	0	0	0	0	0	0	0	205	202	82	118	110	120	106	125	145	60	228	175	80	97	83	177	90	138	93	173	150	114	111
0	0	0	0	0	0	0	0	0	0	0	0	0	0	0	0	0	0	0	0	0	0	0	0	0	0	0	0	0	0	0	0	0	0	0	0	0	0	0	0	0	0	0	0	0	0	0	0	0	0	0	0	0	0	0	0	0	0	0	0	0	0	0	0	0	0	0	0	0	0	0	0	0	0	0	0	0	0	0	0	0	0	0	0	0	0	0	0	0	0	0	0	0	0	0	0	0	0	0	0	0	0	0	0	0	0	73	56	117	122	36	100	143	119	66	180	97	94	138	134	48	207	140	198	67	203	82	16
0	0	0	0	0	0	0	0	0	0	0	0	0	0	0	0	0	0	0	0	0	0	0	0	0	0	0	0	0	0	0	0	0	0	0	0	0	0	0	0	0	0	0	0	0	0	0	0	0	0	0	0	0	0	0	0	0	0	0	0	0	0	0	0	0	0	0	0	0	0	0	0	0	0	0	0	0	0	0	0	0	0	0	0	0	0	0	0	0	0	0	0	0	0	0	0	0	0	0	0	0	0	0	0	0	0	0	95	50	174	119	77	132	131	110	109	215	82	122	119	90	93	109	152	138	117	197	133
0	0	0	0	0	0	0	0	0	0	0	0	0	0	0	0	0	0	0	0	0	0	0	0	0	0	0	0	0	0	0	0	0	0	0	0	0	0	0	0	0	0	0	0	0	0	0	0	0	0	0	0	0	0	0	0	0	0	0	0	0	0	0	0	0	0	0	0	0	0	0	0	0	0	0	0	0	0	0	0	0	0	0	0	0	0	0	0	0	0	0	0	0	0	0	0	0	0	0	0	0	0	0	0	0	0	0	0	126	82	160	58	144	210	143	48	100	132	105	159	168	158	118	131	92	50	124	177
0	0	0	0	0	0	0	0	0	0	0	0	0	0	0	0	0	0	0	0	0	0	0	0	0	0	0	0	0	0	0	0	0	0	0	0	0	0	0	0	0	0	0	0	0	0	0	0	0	0	0	0	0	0	0	0	0	0	0	0	0	0	0	0	0	0	0	0	0	0	0	0	0	0	0	0	0	0	0	0	0	0	0	0	0	0	0	0	0	0	0	0	0	0	0	0	0	0	0	0	0	0	0	0	0	0	0	0	0	93	56	141	165	150	86	201	59	134	188	200	94	63	147	54	129	129	72	128
0	0	0	0	0	0	0	0	0	0	0	0	0	0	0	0	0	0	0	0	0	0	0	0	0	0	0	0	0	0	0	0	0	0	0	0	0	0	0	0	0	0	0	0	0	0	0	0	0	0	0	0	0	0	0	0	0	0	0	0	0	0	0	0	0	0	0	0	0	0	0	0	0	0	0	0	0	0	0	0	0	0	0	0	0	0	0	0	0	0	0	0	0	0	0	0	0	0	0	0	0	0	0	0	0	0	0	0	0	0	155	82	202	52	89	128	77	144	113	32	161	64	139	197	132	58	83	104
0	0	0	0	0	0	0	0	0	0	0	0	0	0	0	0	0	0	0	0	0	0	0	0	0	0	0	0	0	0	0	0	0	0	0	0	0	0	0	0	0	0	0	0	0	0	0	0	0	0	0	0	0	0	0	0	0	0	0	0	0	0	0	0	0	0	0	0	0	0	0	0	0	0	0	0	0	0	0	0	0	0	0	0	0	0	0	0	0	0	0	0	0	0	0	0	0	0	0	0	0	0	0	0	0	0	0	0	0	0	0	115	43	28	177	190	132	110	52	149	61	81	52	145	178	74	34	34
0	0	0	0	0	0	0	0	0	0	0	0	0	0	0	0	0	0	0	0	0	0	0	0	0	0	0	0	0	0	0	0	0	0	0	0	0	0	0	0	0	0	0	0	0	0	0	0	0	0	0	0	0	0	0	0	0	0	0	0	0	0	0	0	0	0	0	0	0	0	0	0	0	0	0	0	0	0	0	0	0	0	0	0	0	0	0	0	0	0	0	0	0	0	0	0	0	0	0	0	0	0	0	0	0	0	0	0	0	0	0	0	173	178	225	115	55	30	130	175	97	131	53	36	130	70	118	57
0	0	0	0	0	0	0	0	0	0	0	0	0	0	0	0	0	0	0	0	0	0	0	0	0	0	0	0	0	0	0	0	0	0	0	0	0	0	0	0	0	0	0	0	0	0	0	0	0	0	0	0	0	0	0	0	0	0	0	0	0	0	0	0	0	0	0	0	0	0	0	0	0	0	0	0	0	0	0	0	0	0	0	0	0	0	0	0	0	0	0	0	0	0	0	0	0	0	0	0	0	0	0	0	0	0	0	0	0	0	0	0	0	188	77	152	169	116	124	109	202	105	164	80	89	182	90	53
0	0	0	0	0	0	0	0	0	0	0	0	0	0	0	0	0	0	0	0	0	0	0	0	0	0	0	0	0	0	0	0	0	0	0	0	0	0	0	0	0	0	0	0	0	0	0	0	0	0	0	0	0	0	0	0	0	0	0	0	0	0	0	0	0	0	0	0	0	0	0	0	0	0	0	0	0	0	0	0	0	0	0	0	0	0	0	0	0	0	0	0	0	0	0	0	0	0	0	0	0	0	0	0	0	0	0	0	0	0	0	0	0	0	142	148	206	154	137	138	162	132	137	91	129	111	66	128
0	0	0	0	0	0	0	0	0	0	0	0	0	0	0	0	0	0	0	0	0	0	0	0	0	0	0	0	0	0	0	0	0	0	0	0	0	0	0	0	0	0	0	0	0	0	0	0	0	0	0	0	0	0	0	0	0	0	0	0	0	0	0	0	0	0	0	0	0	0	0	0	0	0	0	0	0	0	0	0	0	0	0	0	0	0	0	0	0	0	0	0	0	0	0	0	0	0	0	0	0	0	0	0	0	0	0	0	0	0	0	0	0	0	0	142	73	97	61	37	145	116	232	80	66	64	29	85
0	0	0	0	0	0	0	0	0	0	0	0	0	0	0	0	0	0	0	0	0	0	0	0	0	0	0	0	0	0	0	0	0	0	0	0	0	0	0	0	0	0	0	0	0	0	0	0	0	0	0	0	0	0	0	0	0	0	0	0	0	0	0	0	0	0	0	0	0	0	0	0	0	0	0	0	0	0	0	0	0	0	0	0	0	0	0	0	0	0	0	0	0	0	0	0	0	0	0	0	0	0	0	0	0	0	0	0	0	0	0	0	0	0	0	0	198	130	43	202	119	119	164	198	88	76	103	154
0	0	0	0	0	0	0	0	0	0	0	0	0	0	0	0	0	0	0	0	0	0	0	0	0	0	0	0	0	0	0	0	0	0	0	0	0	0	0	0	0	0	0	0	0	0	0	0	0	0	0	0	0	0	0	0	0	0	0	0	0	0	0	0	0	0	0	0	0	0	0	0	0	0	0	0	0	0	0	0	0	0	0	0	0	0	0	0	0	0	0	0	0	0	0	0	0	0	0	0	0	0	0	0	0	0	0	0	0	0	0	0	0	0	0	0	0	83	215	114	152	138	95	138	160	114	144	231
0	0	0	0	0	0	0	0	0	0	0	0	0	0	0	0	0	0	0	0	0	0	0	0	0	0	0	0	0	0	0	0	0	0	0	0	0	0	0	0	0	0	0	0	0	0	0	0	0	0	0	0	0	0	0	0	0	0	0	0	0	0	0	0	0	0	0	0	0	0	0	0	0	0	0	0	0	0	0	0	0	0	0	0	0	0	0	0	0	0	0	0	0	0	0	0	0	0	0	0	0	0	0	0	0	0	0	0	0	0	0	0	0	0	0	0	0	0	84	59	92	173	126	137	56	138	20	145
0	0	0	0	0	0	0	0	0	0	0	0	0	0	0	0	0	0	0	0	0	0	0	0	0	0	0	0	0	0	0	0	0	0	0	0	0	0	0	0	0	0	0	0	0	0	0	0	0	0	0	0	0	0	0	0	0	0	0	0	0	0	0	0	0	0	0	0	0	0	0	0	0	0	0	0	0	0	0	0	0	0	0	0	0	0	0	0	0	0	0	0	0	0	0	0	0	0	0	0	0	0	0	0	0	0	0	0	0	0	0	0	0	0	0	0	0	0	0	197	89	108	105	192	125	217	124	135
0	0	0	0	0	0	0	0	0	0	0	0	0	0	0	0	0	0	0	0	0	0	0	0	0	0	0	0	0	0	0	0	0	0	0	0	0	0	0	0	0	0	0	0	0	0	0	0	0	0	0	0	0	0	0	0	0	0	0	0	0	0	0	0	0	0	0	0	0	0	0	0	0	0	0	0	0	0	0	0	0	0	0	0	0	0	0	0	0	0	0	0	0	0	0	0	0	0	0	0	0	0	0	0	0	0	0	0	0	0	0	0	0	0	0	0	0	0	0	0	120	75	33	207	132	120	149	155
0	0	0	0	0	0	0	0	0	0	0	0	0	0	0	0	0	0	0	0	0	0	0	0	0	0	0	0	0	0	0	0	0	0	0	0	0	0	0	0	0	0	0	0	0	0	0	0	0	0	0	0	0	0	0	0	0	0	0	0	0	0	0	0	0	0	0	0	0	0	0	0	0	0	0	0	0	0	0	0	0	0	0	0	0	0	0	0	0	0	0	0	0	0	0	0	0	0	0	0	0	0	0	0	0	0	0	0	0	0	0	0	0	0	0	0	0	0	0	0	0	178	177	113	118	160	97	58
0	0	0	0	0	0	0	0	0	0	0	0	0	0	0	0	0	0	0	0	0	0	0	0	0	0	0	0	0	0	0	0	0	0	0	0	0	0	0	0	0	0	0	0	0	0	0	0	0	0	0	0	0	0	0	0	0	0	0	0	0	0	0	0	0	0	0	0	0	0	0	0	0	0	0	0	0	0	0	0	0	0	0	0	0	0	0	0	0	0	0	0	0	0	0	0	0	0	0	0	0	0	0	0	0	0	0	0	0	0	0	0	0	0	0	0	0	0	0	0	0	0	118	237	233	98	109	90
0	0	0	0	0	0	0	0	0	0	0	0	0	0	0	0	0	0	0	0	0	0	0	0	0	0	0	0	0	0	0	0	0	0	0	0	0	0	0	0	0	0	0	0	0	0	0	0	0	0	0	0	0	0	0	0	0	0	0	0	0	0	0	0	0	0	0	0	0	0	0	0	0	0	0	0	0	0	0	0	0	0	0	0	0	0	0	0	0	0	0	0	0	0	0	0	0	0	0	0	0	0	0	0	0	0	0	0	0	0	0	0	0	0	0	0	0	0	0	0	0	0	0	64	160	107	132	32
0	0	0	0	0	0	0	0	0	0	0	0	0	0	0	0	0	0	0	0	0	0	0	0	0	0	0	0	0	0	0	0	0	0	0	0	0	0	0	0	0	0	0	0	0	0	0	0	0	0	0	0	0	0	0	0	0	0	0	0	0	0	0	0	0	0	0	0	0	0	0	0	0	0	0	0	0	0	0	0	0	0	0	0	0	0	0	0	0	0	0	0	0	0	0	0	0	0	0	0	0	0	0	0	0	0	0	0	0	0	0	0	0	0	0	0	0	0	0	0	0	0	0	0	109	107	139	102
0	0	0	0	0	0	0	0	0	0	0	0	0	0	0	0	0	0	0	0	0	0	0	0	0	0	0	0	0	0	0	0	0	0	0	0	0	0	0	0	0	0	0	0	0	0	0	0	0	0	0	0	0	0	0	0	0	0	0	0	0	0	0	0	0	0	0	0	0	0	0	0	0	0	0	0	0	0	0	0	0	0	0	0	0	0	0	0	0	0	0	0	0	0	0	0	0	0	0	0	0	0	0	0	0	0	0	0	0	0	0	0	0	0	0	0	0	0	0	0	0	0	0	0	0	200	142	30
0	0	0	0	0	0	0	0	0	0	0	0	0	0	0	0	0	0	0	0	0	0	0	0	0	0	0	0	0	0	0	0	0	0	0	0	0	0	0	0	0	0	0	0	0	0	0	0	0	0	0	0	0	0	0	0	0	0	0	0	0	0	0	0	0	0	0	0	0	0	0	0	0	0	0	0	0	0	0	0	0	0	0	0	0	0	0	0	0	0	0	0	0	0	0	0	0	0	0	0	0	0	0	0	0	0	0	0	0	0	0	0	0	0	0	0	0	0	0	0	0	0	0	0	0	0	142	152
0	0	0	0	0	0	0	0	0	0	0	0	0	0	0	0	0	0	0	0	0	0	0	0	0	0	0	0	0	0	0	0	0	0	0	0	0	0	0	0	0	0	0	0	0	0	0	0	0	0	0	0	0	0	0	0	0	0	0	0	0	0	0	0	0	0	0	0	0	0	0	0	0	0	0	0	0	0	0	0	0	0	0	0	0	0	0	0	0	0	0	0	0	0	0	0	0	0	0	0	0	0	0	0	0	0	0	0	0	0	0	0	0	0	0	0	0	0	0	0	0	0	0	0	0	0	0	105
0	0	0	0	0	0	0	0	0	0	0	0	0	0	0	0	0	0	0	0	0	0	0	0	0	0	0	0	0	0	0	0	0	0	0	0	0	0	0	0	0	0	0	0	0	0	0	0	0	0	0	0	0	0	0	0	0	0	0	0	0	0	0	0	0	0	0	0	0	0	0	0	0	0	0	0	0	0	0	0	0	0	0	0	0	0	0	0	0	0	0	0	0	0	0	0	0	0	0	0	0	0	0	0	0	0	0	0	0	0	0	0	0	0	0	0	0	0	0	0	0	0	0	0	0	0	0	0