0	103	115	51	40	44	47	94	96	76	118	57	107	62	94	6	100	34	123	44	69	12	87	95	27	18	5	12	57	2	34	53	94	21	98	65	48	35	64	98	59	43	61	121	101	124	88	15	2	92	64	58	77	31	116	115	74	54	25	44	11	103	53	46	128	105	88	14	2	90	44	19	118	106	32	107	54	55	51	116	47	97	109	58	82	27	127	52	30	113	58	125	12	112	16	95	98	80	62	2	81	119	32	120	31	45	36	53	113	33	38	58	21	23	62	7	60	87	77	69	104	84	24	12	51	32	65	43
0	0	25	74	20	71	99	100	93	5	126	108	129	3	20	55	108	110	99	22	99	129	84	55	22	97	49	36	29	19	69	28	57	89	127	60	6	89	18	106	25	90	88	11	85	58	67	27	25	11	38	78	92	51	118	32	3	126	24	28	109	7	127	117	72	12	119	75	58	54	22	33	94	53	64	130	12	32	49	69	28	72	126	77	87	50	51	128	86	23	92	57	42	84	123	47	14	8	81	70	44	125	18	112	25	42	104	125	105	119	85	67	60	114	122	119	62	76	4	36	67	18	107	3	119	124	99	62
0	0	0	111	3	120	9	92	103	69	61	4	92	78	79	18	107	9	110	113	55	124	101	41	11	47	103	115	110	18	51	99	77	70	91	126	72	23	41	73	29	82	63	47	130	118	101	112	78	96	36	86	8	52	47	100	118	51	89	34	63	46	30	72	82	60	93	100	35	69	22	68	40	111	29	113	102	44	122	44	48	94	106	40	27	18	106	7	19	67	124	118	4	34	103	74	25	21	18	105	119	30	32	50	66	85	131	47	22	33	23	16	51	37	56	128	89	93	79	103	117	89	41	53	76	18	104	76
0	0	0	0	65	9	6	41	65	100	54	72	110	86	32	62	43	110	8	13	116	60	130	18	41	66	90	34	53	84	54	66	121	117	79	86	9	9	105	27	122	52	66	120	86	105	96	23	14	70	15	22	127	73	81	51	53	93	90	91	8	29	34	112	37	121	26	30	11	13	13	68	123	79	54	86	63	104	4	84	39	105	73	89	12	79	88	54	124	26	24	107	123	67	131	103	45	122	129	62	129	126	65	69	56	87	89	69	77	6	72	33	107	20	67	123	17	19	30	20	61	37	25	6	14	66	23	24
0	0	0	0	0	53	42	53	19	46	23	119	96	66	121	18	8	101	27	90	36	91	95	2	133	31	129	16	128	111	118	65	103	106	38	72	124	35	50	83	131	54	101	54	95	10	20	101	15	87	128	118	107	22	74	42	30	43	29	59	92	132	115	63	110	104	94	21	118	47	56	82	120	69	22	31	85	64	77	7	103	68	44	83	47	114	124	65	93	113	36	110	80	32	44	22	39	52	32	77	14	42	5	8	73	95	68	74	131	110	63	38	18	34	109	31	53	86	43	96	30	123	81	99	61	3	26	77
0	0	0	0	0	0	54	56	86	127	76	101	10	90	49	106	131	100	79	74	10	34	100	47	98	96	80	7	91	132	29	84	126	48	82	114	23	131	30	71	124	49	62	9	117	88	111	38	33	60	101	76	68	81	24	62	69	7	104	40	50	94	48	16	109	101	87	31	72	125	36	80	15	21	110	61	22	124	73	117	11	65	33	18	58	134	15	73	89	43	26	26	89	57	60	59	102	61	23	38	14	10	32	8	32	47	38	125	51	27	110	125	82	119	5	48	98	82	128	80	13	103	33	46	106	6	97	58
0	0	0	0	0	0	0	67	116	90	82	134	46	59	91	71	61	79	56	49	53	114	15	14	32	126	123	65	98	12	63	66	53	33	41	24	103	29	53	59	112	45	74	8	123	69	30	60	44	34	99	40	117	131	81	111	2	18	17	76	95	71	46	84	55	44	9	111	40	110	7	43	51	117	114	44	87	55	111	72	104	28	24	127	113	17	66	133	63	126	84	85	38	66	113	128	122	45	34	59	127	96	23	127	79	101	18	27	48	119	14	22	91	26	34	131	105	21	78	93	129	51	82	58	115	63	66	94
0	0	0	0	0	0	0	0	124	80	29	36	17	99	26	28	110	20	109	59	49	125	98	124	53	61	70	33	29	84	130	16	16	66	84	83	11	125	63	25	54	28	81	35	26	44	5	27	41	66	67	54	60	100	19	39	112	25	58	77	75	95	30	70	52	110	18	11	86	116	117	54	41	65	117	91	72	14	128	83	64	129	128	108	60	89	44	39	30	117	116	104	76	78	41	116	96	130	48	30	17	14	64	74	42	12	75	64	52	90	80	129	98	98	58	52	8	131	35	8	105	129	9	31	66	63	23	25
0	0	0	0	0	0	0	0	0	62	52	100	29	71	109	69	100	127	117	107	56	30	99	92	40	9	125	78	120	115	93	55	87	100	28	77	78	94	121	121	23	59	66	65	56	12	104	17	61	84	107	108	50	34	123	128	33	54	50	62	62	130	72	74	73	124	103	77	129	115	103	114	12	64	68	71	46	92	36	115	115	53	5	29	79	57	58	116	51	117	51	16	69	22	120	62	25	89	128	70	12	127	60	16	15	104	82	78	20	96	35	84	105	60	62	117	54	22	45	49	28	71	65	22	50	102	32	12
0	0	0	0	0	0	0	0	0	0	30	66	126	37	99	120	98	105	88	61	36	62	39	11	81	59	91	76	6	40	24	81	27	77	107	103	103	93	78	37	100	55	76	48	29	43	77	15	55	74	87	100	91	40	61	20	115	59	81	55	19	9	52	65	18	68	37	125	16	113	58	58	103	72	66	59	31	27	69	81	76	106	98	89	13	30	20	77	112	27	35	20	15	48	18	117	32	36	87	113	36	25	83	18	102	28	48	7	48	62	117	18	120	100	66	48	96	87	119	123	121	38	114	94	137	90	110	127
0	0	0	0	0	0	0	0	0	0	0	68	112	25	39	71	136	25	81	99	56	26	131	54	45	132	81	120	123	92	46	117	12	94	15	68	132	41	133	21	45	36	60	74	94	85	88	81	26	57	19	108	91	44	61	96	22	89	104	129	38	43	16	122	77	85	127	54	75	81	7	56	57	109	41	34	89	47	71	63	51	71	29	116	17	65	104	56	32	32	87	76	125	22	49	27	75	33	59	90	75	88	124	46	111	24	94	52	28	25	13	63	126	81	36	90	85	31	13	58	70	99	94	97	125	71	26	13
0	0	0	0	0	0	0	0	0	0	0	0	42	114	101	67	26	29	7	39	22	90	82	20	58	79	31	128	28	28	86	88	106	114	82	33	132	124	120	100	76	33	133	14	11	125	41	82	73	40	15	39	43	100	60	44	19	43	122	73	32	48	26	10	71	13	27	23	76	43	81	36	37	70	115	120	78	75	69	71	38	97	36	130	100	73	105	15	73	82	74	59	124	53	100	7	39	127	58	27	124	108	66	80	12	75	71	58	31	134	27	31	81	28	69	86	59	95	131	57	53	32	34	104	119	118	130	35
0	0	0	0	0	0	0	0	0	0	0	0	0	91	92	89	91	133	27	23	59	27	58	27	47	108	104	115	76	45	59	84	123	106	14	121	33	35	34	98	93	76	95	86	27	136	102	10	72	78	134	69	115	18	137	27	42	53	68	102	23	57	136	33	86	79	93	83	125	117	120	82	105	101	65	72	91	76	47	132	64	28	13	125	89	43	47	47	31	58	39	121	75	46	75	72	130	18	74	120	119	82	82	91	36	136	62	93	19	117	93	33	14	78	99	54	93	45	65	104	103	28	31	71	68	41	64	13
0	0	0	0	0	0	0	0	0	0	0	0	0	0	124	51	104	59	116	131	133	47	127	107	46	111	28	131	46	15	44	86	123	91	56	31	24	24	67	82	86	87	113	33	111	54	53	65	45	101	66	65	61	92	131	124	59	61	70	111	60	43	68	34	79	75	84	114	46	100	83	78	53	116	59	63	36	22	20	119	41	11	48	89	113	59	114	48	68	14	120	63	32	60	44	101	42	29	45	30	92	93	19	91	81	89	135	125	106	76	50	88	125	125	104	132	54	56	63	31	128	91	128	55	56	20	27	44
0	0	0	0	0	0	0	0	0	0	0	0	0	0	0	61	118	17	62	132	21	128	87	65	61	30	29	134	59	94	50	63	13	31	98	102	80	29	100	123	35	130	110	117	12	127	65	31	57	115	28	41	54	83	45	102	24	29	98	20	125	60	103	121	78	13	41	109	99	43	96	62	20	79	25	33	131	45	52	101	130	105	111	49	17	107	119	128	22	127	44	25	43	92	54	48	131	134	64	94	102	56	67	50	122	70	84	53	105	33	70	50	28	24	69	21	117	101	88	22	28	27	48	15	46	68	117	73
0	0	0	0	0	0	0	0	0	0	0	0	0	0	0	0	49	35	32	58	38	39	94	86	62	128	23	43	15	28	126	70	45	113	20	43	74	136	91	77	115	100	45	120	75	57	116	117	73	93	88	69	132	27	58	127	86	113	22	134	90	104	125	33	52	130	30	12	78	127	112	10	94	128	28	13	124	116	72	35	125	65	32	53	95	71	17	51	32	61	85	104	17	33	62	101	26	120	23	18	113	25	38	89	116	40	19	139	38	93	42	106	13	95	81	98	5	71	122	135	108	68	54	101	63	126	118	114
0	0	0	0	0	0	0	0	0	0	0	0	0	0	0	0	0	123	74	137	43	36	23	90	85	47	73	102	81	53	131	38	117	14	114	5	86	104	88	129	23	93	137	75	125	39	60	11	67	127	75	108	72	103	108	91	138	121	124	92	132	104	96	129	114	51	101	67	47	106	92	141	19	66	110	23	36	131	130	114	67	69	79	141	126	74	109	23	97	47	38	124	65	128	130	136	98	24	61	7	83	139	76	95	106	15	12	122	139	124	112	26	90	130	130	96	36	52	116	22	126	94	32	77	125	88	31	89
0	0	0	0	0	0	0	0	0	0	0	0	0	0	0	0	0	0	34	89	83	139	136	57	78	44	65	128	69	28	14	62	86	39	70	123	105	60	122	106	65	44	35	119	89	16	53	86	66	24	58	59	113	36	119	80	100	86	95	39	79	17	117	99	22	108	52	111	58	140	23	49	37	133	104	71	85	120	91	28	107	18	97	128	74	39	89	62	116	23	120	75	46	86	8	73	113	94	90	96	115	86	24	74	106	62	55	101	25	105	115	72	58	37	76	26	108	38	30	24	28	16	46	134	136	19	55	112
0	0	0	0	0	0	0	0	0	0	0	0	0	0	0	0	0	0	0	90	30	15	119	79	138	21	39	124	42	50	109	130	55	81	114	36	102	110	87	87	134	147	68	70	47	121	128	96	75	109	99	118	16	75	72	118	70	52	91	106	24	107	133	82	77	41	51	117	64	96	135	109	113	114	69	58	84	38	89	69	80	140	129	147	99	78	42	140	53	41	16	8	61	22	101	26	87	128	80	21	56	109	43	38	88	65	61	106	92	21	111	87	63	45	79	52	120	55	67	90	60	109	15	12	132	115	63	97
0	0	0	0	0	0	0	0	0	0	0	0	0	0	0	0	0	0	0	0	54	80	91	50	85	56	72	47	124	91	34	42	127	13	16	42	82	120	46	65	129	134	84	102	55	95	61	23	28	122	67	24	95	30	85	139	34	65	61	60	98	13	103	26	43	33	92	33	28	92	75	49	51	99	51	105	123	8	21	130	106	38	77	139	38	14	138	74	98	44	27	76	78	78	50	62	55	132	84	127	139	90	131	16	55	111	109	89	62	123	110	132	56	56	50	102	37	92	93	67	76	26	30	54	46	41	116	22
0	0	0	0	0	0	0	0	0	0	0	0	0	0	0	0	0	0	0	0	0	88	63	53	94	119	136	42	118	60	88	49	144	130	16	140	112	49	41	59	133	88	124	128	18	32	58	112	98	83	127	122	35	92	105	121	87	87	48	25	51	72	80	21	76	116	102	66	96	89	53	91	46	126	120	139	116	82	9	29	86	107	43	66	91	119	138	24	103	28	127	50	70	79	12	118	120	77	141	53	83	126	106	109	53	26	56	7	105	111	72	86	26	106	68	130	70	82	39	46	47	28	96	20	64	111	126	138
0	0	0	0	0	0	0	0	0	0	0	0	0	0	0	0	0	0	0	0	0	0	44	97	139	78	5	29	90	56	116	18	23	14	44	45	68	101	76	134	28	73	56	51	53	93	74	87	80	43	124	100	71	55	130	82	85	39	131	55	37	16	75	101	68	35	103	58	23	33	83	135	20	109	43	45	131	56	53	106	97	102	118	66	65	141	59	68	138	124	34	11	19	109	43	92	48	130	29	126	125	27	102	25	36	71	84	129	144	105	32	124	34	24	79	37	139	37	112	64	59	100	128	34	87	74	45	25
0	0	0	0	0	0	0	0	0	0	0	0	0	0	0	0	0	0	0	0	0	0	0	18	128	57	46	134	68	46	49	65	134	14	23	125	7	50	122	108	58	35	132	78	62	141	134	15	122	12	105	104	20	112	77	116	105	37	149	96	112	22	134	125	29	129	57	34	91	96	84	70	79	111	117	119	99	26	130	106	26	67	105	31	113	118	89	6	136	40	36	121	93	38	87	138	122	56	98	87	59	106	73	35	55	81	27	103	30	107	90	72	114	110	81	24	114	110	13	100	93	112	58	112	23	71	110	115
0	0	0	0	0	0	0	0	0	0	0	0	0	0	0	0	0	0	0	0	0	0	0	0	74	119	63	125	129	136	26	56	104	12	58	48	129	148	33	87	137	116	86	44	47	49	118	36	109	131	87	99	81	57	114	74	108	66	21	128	116	139	63	102	14	80	54	22	40	41	119	147	106	15	128	140	130	43	123	61	24	137	124	81	19	56	102	112	39	35	39	100	55	83	131	128	111	65	89	35	31	102	84	106	76	90	68	60	91	69	61	73	123	124	144	88	106	99	21	107	39	122	56	95	23	118	134	73
0	0	0	0	0	0	0	0	0	0	0	0	0	0	0	0	0	0	0	0	0	0	0	0	0	38	47	24	110	92	122	84	115	108	91	80	69	128	5	67	93	56	52	44	43	56	59	104	70	62	62	87	119	118	70	91	141	81	47	149	92	100	101	122	100	36	83	117	40	110	109	44	119	141	74	67	16	149	74	119	99	120	109	17	90	26	49	106	97	68	71	111	142	12	56	71	41	114	38	56	116	57	104	91	116	107	63	106	88	12	110	94	50	85	34	79	120	40	137	95	25	36	59	55	60	48	25	35
0	0	0	0	0	0	0	0	0	0	0	0	0	0	0	0	0	0	0	0	0	0	0	0	0	0	67	65	46	59	73	107	49	144	69	119	145	97	76	75	93	73	129	34	40	73	125	77	124	125	21	84	88	52	40	90	50	47	23	89	116	67	33	126	133	98	86	82	136	11	53	139	122	130	142	89	119	118	85	108	130	47	124	23	46	91	85	104	44	95	44	43	149	40	12	137	82	55	37	82	41	29	96	126	130	101	110	116	90	140	91	49	31	130	26	137	84	119	125	124	63	24	50	145	108	70	80	86
0	0	0	0	0	0	0	0	0	0	0	0	0	0	0	0	0	0	0	0	0	0	0	0	0	0	0	120	5	75	101	138	18	51	68	84	84	129	113	90	32	108	42	55	90	99	49	111	50	108	127	20	56	67	76	52	50	95	66	26	106	37	34	114	65	62	17	149	104	108	24	65	120	30	47	31	31	98	136	89	48	85	126	62	63	74	85	48	75	44	125	108	135	114	99	76	111	45	58	28	105	112	72	98	123	113	78	12	44	20	66	129	53	48	138	63	47	78	110	30	39	74	100	136	104	120	64	137
0	0	0	0	0	0	0	0	0	0	0	0	0	0	0	0	0	0	0	0	0	0	0	0	0	0	0	0	32	96	63	125	81	74	58	48	70	71	27	75	109	92	74	98	95	133	100	9	42	50	39	121	114	104	18	38	140	46	79	126	50	102	126	102	111	79	63	34	98	77	91	96	66	21	54	89	20	32	20	124	114	82	120	64	86	145	67	61	17	61	27	15	119	37	66	76	57	106	40	77	61	35	77	87	131	121	104	30	53	120	129	53	22	20	95	95	77	75	134	132	80	94	70	107	58	102	63	55
0	0	0	0	0	0	0	0	0	0	0	0	0	0	0	0	0	0	0	0	0	0	0	0	0	0	0	0	0	90	64	104	44	147	27	128	155	66	110	57	21	72	48	62	109	137	62	18	115	116	79	75	72	139	126	124	62	88	95	115	123	118	47	114	23	16	71	125	10	103	69	108	48	136	68	129	38	62	96	48	124	36	46	3	51	73	128	128	140	49	123	126	107	107	52	122	61	113	119	28	31	70	105	30	146	68	90	92	49	112	115	133	88	111	87	43	98	19	93	73	69	97	109	53	92	39	60	14
0	0	0	0	0	0	0	0	0	0	0	0	0	0	0	0	0	0	0	0	0	0	0	0	0	0	0	0	0	0	71	27	76	62	75	74	60	103	14	83	148	70	134	64	132	135	81	114	57	39	51	50	36	83	66	141	114	105	90	132	19	109	130	29	81	123	28	41	38	98	133	99	74	56	114	105	97	130	80	65	64	36	132	34	64	78	70	42	126	67	54	153	19	126	136	121	136	12	26	107	17	84	42	141	103	134	61	130	134	46	80	77	107	58	43	103	54	14	87	31	34	45	82	33	59	84	138	119
0	0	0	0	0	0	0	0	0	0	0	0	0	0	0	0	0	0	0	0	0	0	0	0	0	0	0	0	0	0	0	129	52	10	83	122	88	73	114	129	109	80	98	126	32	10	82	88	76	60	62	56	51	103	135	92	29	71	92	134	50	95	36	57	94	37	105	140	82	105	108	56	137	42	97	66	120	120	85	97	36	147	139	137	52	19	57	91	74	37	81	116	154	92	80	39	54	74	89	111	128	22	52	150	14	85	46	40	98	79	63	110	109	33	119	52	59	53	36	54	134	29	110	132	120	40	75	129
0	0	0	0	0	0	0	0	0	0	0	0	0	0	0	0	0	0	0	0	0	0	0	0	0	0	0	0	0	0	0	0	62	116	63	72	137	53	77	130	144	62	22	111	36	126	127	82	100	4	82	77	56	24	43	105	136	113	132	94	50	107	9	48	109	66	108	47	126	49	59	32	46	105	46	41	43	26	118	32	24	39	92	98	112	54	92	121	52	21	42	49	146	146	95	144	34	78	14	93	103	71	133	51	41	28	62	49	66	87	48	125	64	70	110	48	102	102	24	115	103	38	45	37	82	145	53	118
0	0	0	0	0	0	0	0	0	0	0	0	0	0	0	0	0	0	0	0	0	0	0	0	0	0	0	0	0	0	0	0	0	106	97	108	62	92	122	94	54	51	105	130	97	87	38	7	133	108	51	40	149	148	49	33	101	93	78	53	92	36	9	108	105	53	69	61	31	151	29	17	87	102	62	136	135	123	96	143	12	121	47	114	117	90	133	30	29	130	70	46	123	44	48	39	134	39	61	41	24	54	113	127	79	98	125	106	87	78	53	125	35	130	73	125	150	70	160	73	97	95	15	105	24	48	89	20
0	0	0	0	0	0	0	0	0	0	0	0	0	0	0	0	0	0	0	0	0	0	0	0	0	0	0	0	0	0	0	0	0	0	101	114	101	48	32	131	18	125	133	61	75	66	105	41	54	100	95	114	118	69	51	37	21	125	72	122	72	68	51	13	37	92	126	67	146	82	55	107	70	13	150	68	59	131	64	79	32	88	118	51	132	84	91	113	79	100	68	89	91	27	83	32	91	35	117	51	39	33	60	105	84	43	113	96	34	127	104	99	37	21	102	52	134	113	110	132	135	63	149	35	56	79	70	125
0	0	0	0	0	0	0	0	0	0	0	0	0	0	0	0	0	0	0	0	0	0	0	0	0	0	0	0	0	0	0	0	0	0	0	100	22	103	127	20	42	56	88	110	38	125	13	60	102	122	142	85	129	23	105	102	23	50	114	110	128	44	30	141	121	42	137	119	63	80	132	83	23	84	79	55	26	55	115	63	25	104	45	63	40	89	129	90	95	30	41	133	68	105	151	58	61	41	146	44	138	17	33	113	71	41	100	40	57	65	91	114	64	69	87	91	19	25	91	15	95	151	45	107	91	120	103	153
0	0	0	0	0	0	0	0	0	0	0	0	0	0	0	0	0	0	0	0	0	0	0	0	0	0	0	0	0	0	0	0	0	0	0	0	142	34	134	69	140	86	145	89	74	144	16	79	47	136	131	116	38	139	67	123	26	18	75	17	120	109	53	147	22	72	53	24	95	133	113	101	97	70	105	100	136	59	137	95	116	115	58	45	47	52	138	111	26	84	34	105	83	136	27	78	50	50	74	123	51	109	119	120	105	137	103	14	101	103	61	53	48	36	129	123	64	25	52	50	38	120	78	48	50	42	45	67
0	0	0	0	0	0	0	0	0	0	0	0	0	0	0	0	0	0	0	0	0	0	0	0	0	0	0	0	0	0	0	0	0	0	0	0	0	87	115	55	91	86	70	63	101	33	43	56	160	150	85	159	39	65	44	108	57	85	86	75	115	81	156	74	32	59	138	18	37	114	47	101	102	93	143	126	86	92	42	96	50	133	155	33	107	71	115	91	103	122	113	45	112	78	150	61	50	90	103	62	75	69	87	54	31	147	84	25	126	104	31	139	157	86	63	107	124	97	109	39	28	126	39	90	131	77	52	42
0	0	0	0	0	0	0	0	0	0	0	0	0	0	0	0	0	0	0	0	0	0	0	0	0	0	0	0	0	0	0	0	0	0	0	0	0	0	93	72	29	32	50	68	135	119	65	118	53	143	18	128	105	64	42	78	133	129	67	36	90	103	127	99	135	111	103	32	11	49	62	116	32	131	104	53	128	132	45	78	136	130	85	117	92	79	51	54	85	26	39	57	21	72	71	26	50	145	41	56	22	105	37	111	75	91	61	43	24	103	54	68	95	88	69	47	45	113	134	53	60	97	35	26	53	79	58	52
0	0	0	0	0	0	0	0	0	0	0	0	0	0	0	0	0	0	0	0	0	0	0	0	0	0	0	0	0	0	0	0	0	0	0	0	0	0	0	83	78	104	12	63	49	134	148	117	146	119	115	125	135	119	79	37	152	150	101	142	77	111	21	51	26	145	76	42	123	119	144	91	42	145	49	70	124	162	156	160	21	60	56	140	45	52	141	45	75	36	114	61	148	91	97	47	57	61	92	40	118	84	43	130	116	72	80	15	134	53	17	129	115	120	135	78	69	102	81	64	23	59	49	101	102	73	93	50
0	0	0	0	0	0	0	0	0	0	0	0	0	0	0	0	0	0	0	0	0	0	0	0	0	0	0	0	0	0	0	0	0	0	0	0	0	0	0	0	52	58	147	133	134	82	105	128	98	47	55	135	94	126	128	56	72	51	73	147	75	89	120	39	56	51	25	124	36	47	111	32	61	52	102	69	26	126	90	110	107	80	40	32	78	19	124	142	59	134	53	146	87	120	52	87	13	116	98	127	65	22	71	48	135	96	118	12	70	77	80	55	56	95	59	140	92	155	103	91	48	65	109	72	80	129	54	131
0	0	0	0	0	0	0	0	0	0	0	0	0	0	0	0	0	0	0	0	0	0	0	0	0	0	0	0	0	0	0	0	0	0	0	0	0	0	0	0	0	95	112	88	71	130	157	72	109	83	72	47	74	103	132	96	98	137	44	113	101	16	70	116	36	63	29	19	141	93	25	117	49	155	98	97	27	88	99	74	120	71	55	111	53	144	81	58	31	11	25	144	118	83	117	51	140	122	138	95	154	99	102	165	114	47	122	142	150	56	68	134	72	84	86	114	30	117	117	103	69	127	4	52	77	83	79	92
0	0	0	0	0	0	0	0	0	0	0	0	0	0	0	0	0	0	0	0	0	0	0	0	0	0	0	0	0	0	0	0	0	0	0	0	0	0	0	0	0	0	124	117	87	90	47	74	143	55	65	119	33	100	49	48	19	61	80	109	104	44	146	106	151	20	95	102	161	70	68	101	54	167	98	42	75	57	156	156	86	63	107	20	62	123	23	21	65	40	43	44	114	56	140	71	126	69	67	75	123	44	111	141	55	60	69	39	108	122	71	100	100	84	17	46	42	26	139	77	131	22	45	126	81	132	67	141
0	0	0	0	0	0	0	0	0	0	0	0	0	0	0	0	0	0	0	0	0	0	0	0	0	0	0	0	0	0	0	0	0	0	0	0	0	0	0	0	0	0	0	32	81	107	14	47	45	64	27	39	152	117	44	69	123	11	112	143	34	91	109	20	113	85	54	117	49	50	92	49	81	121	38	100	130	91	25	132	134	69	155	47	139	40	61	90	62	119	21	103	54	94	127	99	157	35	138	114	63	88	38	74	75	12	112	96	145	127	127	133	100	91	40	33	133	164	118	74	95	115	106	133	76	104	120	72
0	0	0	0	0	0	0	0	0	0	0	0	0	0	0	0	0	0	0	0	0	0	0	0	0	0	0	0	0	0	0	0	0	0	0	0	0	0	0	0	0	0	0	0	24	54	52	102	39	64	42	8	49	125	18	47	126	16	6	115	139	72	164	117	124	62	108	103	38	61	104	61	55	86	67	47	69	47	124	110	75	126	118	84	25	97	119	132	98	57	9	84	80	100	127	100	119	54	164	130	146	16	82	21	112	108	113	122	126	130	34	105	109	121	67	152	19	138	70	77	157	73	62	26	46	99	122	42
0	0	0	0	0	0	0	0	0	0	0	0	0	0	0	0	0	0	0	0	0	0	0	0	0	0	0	0	0	0	0	0	0	0	0	0	0	0	0	0	0	0	0	0	0	109	149	96	125	133	77	141	63	79	43	127	84	79	94	101	80	49	28	47	16	79	105	120	105	118	111	125	104	97	134	23	92	136	131	105	138	36	56	118	78	22	32	151	108	48	123	116	112	48	125	129	147	138	19	105	61	126	120	126	65	78	45	158	136	83	104	105	118	90	127	38	45	33	76	111	89	61	47	66	107	48	57	111
0	0	0	0	0	0	0	0	0	0	0	0	0	0	0	0	0	0	0	0	0	0	0	0	0	0	0	0	0	0	0	0	0	0	0	0	0	0	0	0	0	0	0	0	0	0	99	91	117	22	28	62	80	53	105	97	129	108	73	90	55	103	33	105	97	125	63	116	45	49	124	147	79	63	133	82	156	89	77	70	123	109	92	109	82	14	78	34	104	127	107	51	81	115	44	39	106	112	56	120	96	74	56	73	76	93	35	107	98	140	62	21	40	73	149	49	124	149	45	55	105	38	132	83	49	54	125	117
0	0	0	0	0	0	0	0	0	0	0	0	0	0	0	0	0	0	0	0	0	0	0	0	0	0	0	0	0	0	0	0	0	0	0	0	0	0	0	0	0	0	0	0	0	0	0	76	97	157	80	140	42	75	70	99	80	72	25	101	74	125	2	15	162	98	118	111	59	160	61	52	66	139	31	54	129	102	47	126	141	107	125	90	117	102	33	65	33	25	135	122	43	84	137	104	60	125	54	116	119	49	26	43	126	66	69	109	61	85	155	27	117	105	86	91	133	123	142	150	86	34	49	135	72	104	44	39
0	0	0	0	0	0	0	0	0	0	0	0	0	0	0	0	0	0	0	0	0	0	0	0	0	0	0	0	0	0	0	0	0	0	0	0	0	0	0	0	0	0	0	0	0	0	0	0	82	142	117	91	27	52	56	26	138	67	117	22	136	27	80	153	37	99	85	120	144	27	84	138	110	49	55	92	99	115	108	51	127	129	122	130	76	112	114	145	105	156	34	89	123	141	81	132	60	6	160	75	65	47	113	101	72	59	157	60	94	102	20	35	118	16	93	106	83	124	138	144	43	104	39	86	122	55	29	168
0	0	0	0	0	0	0	0	0	0	0	0	0	0	0	0	0	0	0	0	0	0	0	0	0	0	0	0	0	0	0	0	0	0	0	0	0	0	0	0	0	0	0	0	0	0	0	0	0	138	57	97	144	136	66	68	111	116	140	43	53	79	110	69	125	148	142	58	46	36	46	35	76	49	80	100	81	130	41	63	40	149	152	72	55	116	72	130	120	102	61	89	67	19	89	80	31	164	141	86	139	88	101	59	34	88	57	86	67	48	91	140	67	105	71	156	116	113	108	102	25	86	79	56	88	63	111	70
0	0	0	0	0	0	0	0	0	0	0	0	0	0	0	0	0	0	0	0	0	0	0	0	0	0	0	0	0	0	0	0	0	0	0	0	0	0	0	0	0	0	0	0	0	0	0	0	0	0	115	53	138	63	69	96	32	79	145	127	61	81	82	39	84	25	78	114	25	109	114	127	36	129	125	98	47	49	75	68	67	44	80	136	41	63	128	159	110	56	43	76	109	71	150	93	63	128	78	63	63	142	25	7	33	55	112	131	152	80	112	49	111	127	104	20	41	127	148	27	121	65	165	60	130	47	69	64
0	0	0	0	0	0	0	0	0	0	0	0	0	0	0	0	0	0	0	0	0	0	0	0	0	0	0	0	0	0	0	0	0	0	0	0	0	0	0	0	0	0	0	0	0	0	0	0	0	0	0	89	84	76	43	115	133	84	140	102	90	104	168	84	67	149	44	116	131	111	175	79	14	153	91	59	95	109	50	138	114	19	111	152	56	131	99	110	134	108	65	95	64	139	68	98	116	155	21	150	97	83	50	58	122	53	122	123	30	130	41	50	172	78	73	92	91	92	41	100	70	101	61	83	58	88	115	134
0	0	0	0	0	0	0	0	0	0	0	0	0	0	0	0	0	0	0	0	0	0	0	0	0	0	0	0	0	0	0	0	0	0	0	0	0	0	0	0	0	0	0	0	0	0	0	0	0	0	0	0	162	75	79	61	174	71	84	138	56	74	61	91	61	98	111	86	99	154	107	110	140	30	71	48	98	94	32	79	68	127	50	37	152	45	121	44	141	112	99	120	156	48	111	98	167	34	122	71	58	130	53	134	160	38	99	156	93	98	59	109	132	10	152	89	139	94	99	75	143	43	57	86	80	22	104	154
0	0	0	0	0	0	0	0	0	0	0	0	0	0	0	0	0	0	0	0	0	0	0	0	0	0	0	0	0	0	0	0	0	0	0	0	0	0	0	0	0	0	0	0	0	0	0	0	0	0	0	0	0	119	90	91	99	98	101	91	20	75	8	61	86	74	97	48	121	71	143	134	168	70	136	65	127	50	154	141	76	45	110	170	45	158	113	46	84	60	102	85	82	123	26	38	36	133	45	76	141	31	79	65	133	60	153	55	58	50	95	30	120	67	128	158	86	132	98	88	40	84	59	71	170	89	130	54
0	0	0	0	0	0	0	0	0	0	0	0	0	0	0	0	0	0	0	0	0	0	0	0	0	0	0	0	0	0	0	0	0	0	0	0	0	0	0	0	0	0	0	0	0	0	0	0	0	0	0	0	0	0	28	115	46	102	59	57	32	99	45	36	146	62	71	139	75	113	83	50	114	104	44	172	35	77	83	17	24	140	60	128	159	92	63	108	80	66	127	59	117	155	133	87	72	45	37	130	87	75	17	147	158	130	126	4	62	40	55	104	4	97	104	137	82	95	38	151	122	70	79	52	90	25	106	93
0	0	0	0	0	0	0	0	0	0	0	0	0	0	0	0	0	0	0	0	0	0	0	0	0	0	0	0	0	0	0	0	0	0	0	0	0	0	0	0	0	0	0	0	0	0	0	0	0	0	0	0	0	0	0	109	140	23	36	148	158	124	105	51	47	59	161	133	75	51	80	21	142	121	80	72	92	111	130	101	67	133	85	169	87	126	88	33	106	22	165	136	135	59	114	87	90	58	137	130	57	3	85	8	67	61	59	105	62	102	132	115	75	31	137	37	27	111	121	132	83	151	102	50	42	132	14	120
0	0	0	0	0	0	0	0	0	0	0	0	0	0	0	0	0	0	0	0	0	0	0	0	0	0	0	0	0	0	0	0	0	0	0	0	0	0	0	0	0	0	0	0	0	0	0	0	0	0	0	0	0	0	0	0	116	108	55	68	106	180	128	82	124	50	23	127	124	9	114	167	91	42	69	86	67	154	100	89	79	140	55	148	18	90	68	36	33	34	77	152	93	137	96	127	117	142	110	141	130	35	116	62	94	139	45	57	65	148	25	81	58	81	121	97	93	57	62	174	55	27	59	112	92	152	136	125
0	0	0	0	0	0	0	0	0	0	0	0	0	0	0	0	0	0	0	0	0	0	0	0	0	0	0	0	0	0	0	0	0	0	0	0	0	0	0	0	0	0	0	0	0	0	0	0	0	0	0	0	0	0	0	0	0	123	53	94	107	90	84	93	62	139	106	116	94	68	122	82	81	155	139	14	85	95	105	142	56	70	100	158	63	59	63	49	134	135	136	76	34	108	71	131	82	77	159	44	70	114	48	146	70	135	122	117	103	62	106	159	54	108	86	137	36	62	122	113	140	40	46	88	96	42	91	99
0	0	0	0	0	0	0	0	0	0	0	0	0	0	0	0	0	0	0	0	0	0	0	0	0	0	0	0	0	0	0	0	0	0	0	0	0	0	0	0	0	0	0	0	0	0	0	0	0	0	0	0	0	0	0	0	0	0	71	107	155	128	158	108	70	91	33	67	74	58	65	28	104	106	105	122	48	104	52	144	136	102	99	82	103	97	42	128	174	112	97	119	78	42	98	63	63	109	58	103	103	71	149	60	132	25	136	32	154	131	132	29	63	114	113	129	71	126	71	51	34	36	51	154	175	144	74	79
0	0	0	0	0	0	0	0	0	0	0	0	0	0	0	0	0	0	0	0	0	0	0	0	0	0	0	0	0	0	0	0	0	0	0	0	0	0	0	0	0	0	0	0	0	0	0	0	0	0	0	0	0	0	0	0	0	0	0	82	69	99	113	50	126	113	131	35	142	81	43	129	161	42	85	100	101	154	83	152	55	116	62	159	175	106	36	98	124	165	93	83	148	162	53	117	147	153	23	108	163	111	124	94	106	62	118	31	84	145	41	99	123	89	73	171	124	65	36	113	121	28	55	69	84	128	77	132
0	0	0	0	0	0	0	0	0	0	0	0	0	0	0	0	0	0	0	0	0	0	0	0	0	0	0	0	0	0	0	0	0	0	0	0	0	0	0	0	0	0	0	0	0	0	0	0	0	0	0	0	0	0	0	0	0	0	0	0	7	141	55	133	97	46	158	52	84	116	47	128	80	7	109	122	135	44	80	33	3	77	148	77	85	129	114	78	87	166	58	134	107	64	131	92	138	93	70	99	54	26	49	67	62	135	92	147	67	162	139	84	68	78	46	83	119	158	152	111	74	165	129	142	41	70	126	169
0	0	0	0	0	0	0	0	0	0	0	0	0	0	0	0	0	0	0	0	0	0	0	0	0	0	0	0	0	0	0	0	0	0	0	0	0	0	0	0	0	0	0	0	0	0	0	0	0	0	0	0	0	0	0	0	0	0	0	0	0	123	101	109	39	112	92	96	100	98	68	49	82	127	127	60	125	173	170	130	91	91	107	154	73	126	125	72	86	65	58	67	147	112	24	97	143	79	42	14	111	64	134	61	95	70	94	86	22	161	117	68	154	58	34	146	64	116	87	125	30	98	127	76	132	94	152	171
0	0	0	0	0	0	0	0	0	0	0	0	0	0	0	0	0	0	0	0	0	0	0	0	0	0	0	0	0	0	0	0	0	0	0	0	0	0	0	0	0	0	0	0	0	0	0	0	0	0	0	0	0	0	0	0	0	0	0	0	0	0	84	70	60	140	53	60	124	84	34	137	149	129	60	167	144	105	14	122	61	117	124	131	140	80	46	31	78	143	79	40	89	158	110	126	71	128	118	30	63	144	159	115	127	129	119	38	34	126	73	89	139	45	55	60	115	77	159	131	131	108	173	158	136	108	132	81
0	0	0	0	0	0	0	0	0	0	0	0	0	0	0	0	0	0	0	0	0	0	0	0	0	0	0	0	0	0	0	0	0	0	0	0	0	0	0	0	0	0	0	0	0	0	0	0	0	0	0	0	0	0	0	0	0	0	0	0	0	0	0	115	71	94	144	57	82	153	98	122	118	67	86	95	72	143	50	81	11	85	148	105	95	134	126	92	27	137	94	157	27	89	87	40	120	65	68	83	127	163	147	132	104	153	80	30	83	123	76	80	154	136	68	59	129	13	165	127	169	41	152	96	144	140	75	52
0	0	0	0	0	0	0	0	0	0	0	0	0	0	0	0	0	0	0	0	0	0	0	0	0	0	0	0	0	0	0	0	0	0	0	0	0	0	0	0	0	0	0	0	0	0	0	0	0	0	0	0	0	0	0	0	0	0	0	0	0	0	0	0	125	94	126	137	45	102	184	55	159	130	132	34	52	88	77	77	76	101	29	20	128	45	146	102	60	120	77	28	82	67	40	138	45	90	122	124	66	63	131	34	137	56	102	61	105	78	118	161	171	93	105	144	104	76	100	50	24	95	38	74	63	115	35	150
0	0	0	0	0	0	0	0	0	0	0	0	0	0	0	0	0	0	0	0	0	0	0	0	0	0	0	0	0	0	0	0	0	0	0	0	0	0	0	0	0	0	0	0	0	0	0	0	0	0	0	0	0	0	0	0	0	0	0	0	0	0	0	0	0	97	68	109	105	97	166	77	66	34	106	111	87	142	43	89	168	76	122	42	126	71	138	167	139	56	130	149	140	86	24	104	92	140	131	176	158	144	91	110	112	65	146	30	71	183	153	117	85	158	91	158	54	89	85	80	169	7	93	157	36	99	116	119
0	0	0	0	0	0	0	0	0	0	0	0	0	0	0	0	0	0	0	0	0	0	0	0	0	0	0	0	0	0	0	0	0	0	0	0	0	0	0	0	0	0	0	0	0	0	0	0	0	0	0	0	0	0	0	0	0	0	0	0	0	0	0	0	0	0	126	129	6	178	146	158	73	119	149	123	122	82	52	163	107	157	100	70	70	134	143	83	125	120	61	89	88	111	136	87	39	118	78	54	58	43	92	118	110	14	19	46	86	127	49	155	174	64	122	88	49	67	116	150	167	53	129	116	146	30	128	67
0	0	0	0	0	0	0	0	0	0	0	0	0	0	0	0	0	0	0	0	0	0	0	0	0	0	0	0	0	0	0	0	0	0	0	0	0	0	0	0	0	0	0	0	0	0	0	0	0	0	0	0	0	0	0	0	0	0	0	0	0	0	0	0	0	0	0	97	130	164	99	103	78	18	101	103	140	137	54	141	138	174	60	64	141	82	76	97	74	159	7	96	56	84	160	40	114	114	39	67	112	57	75	61	159	85	94	132	53	40	32	99	131	76	35	58	109	109	106	63	80	129	37	124	147	112	176	125
0	0	0	0	0	0	0	0	0	0	0	0	0	0	0	0	0	0	0	0	0	0	0	0	0	0	0	0	0	0	0	0	0	0	0	0	0	0	0	0	0	0	0	0	0	0	0	0	0	0	0	0	0	0	0	0	0	0	0	0	0	0	0	0	0	0	0	0	62	139	130	132	47	109	148	10	75	158	87	25	136	64	72	140	139	122	137	49	13	152	20	20	79	50	77	103	121	24	85	77	81	139	48	45	14	170	54	115	119	81	103	90	68	83	27	58	175	150	153	98	109	49	42	50	55	134	85	123
0	0	0	0	0	0	0	0	0	0	0	0	0	0	0	0	0	0	0	0	0	0	0	0	0	0	0	0	0	0	0	0	0	0	0	0	0	0	0	0	0	0	0	0	0	0	0	0	0	0	0	0	0	0	0	0	0	0	0	0	0	0	0	0	0	0	0	0	0	123	78	87	84	116	55	88	78	45	123	141	139	79	110	50	53	24	86	155	140	163	49	75	61	74	191	181	114	76	195	145	137	156	117	126	101	75	44	160	102	129	94	122	152	56	33	163	32	85	171	82	35	58	95	40	93	100	4	40
0	0	0	0	0	0	0	0	0	0	0	0	0	0	0	0	0	0	0	0	0	0	0	0	0	0	0	0	0	0	0	0	0	0	0	0	0	0	0	0	0	0	0	0	0	0	0	0	0	0	0	0	0	0	0	0	0	0	0	0	0	0	0	0	0	0	0	0	0	0	72	52	64	111	131	106	33	65	126	44	154	99	172	98	102	90	72	121	24	69	81	139	108	67	47	120	143	36	110	52	120	90	77	63	35	29	88	136	114	130	54	69	17	87	95	78	84	23	154	65	48	113	43	32	60	118	128	59
0	0	0	0	0	0	0	0	0	0	0	0	0	0	0	0	0	0	0	0	0	0	0	0	0	0	0	0	0	0	0	0	0	0	0	0	0	0	0	0	0	0	0	0	0	0	0	0	0	0	0	0	0	0	0	0	0	0	0	0	0	0	0	0	0	0	0	0	0	0	0	175	103	128	164	146	158	75	84	101	118	108	163	149	129	95	90	104	144	157	160	161	131	43	105	65	137	58	136	73	133	14	132	80	154	5	152	81	95	94	130	170	152	137	77	96	181	104	42	31	157	126	59	75	124	46	63	133
0	0	0	0	0	0	0	0	0	0	0	0	0	0	0	0	0	0	0	0	0	0	0	0	0	0	0	0	0	0	0	0	0	0	0	0	0	0	0	0	0	0	0	0	0	0	0	0	0	0	0	0	0	0	0	0	0	0	0	0	0	0	0	0	0	0	0	0	0	0	0	0	152	136	74	78	71	59	133	91	87	127	39	69	136	110	115	87	144	150	43	55	124	47	115	106	126	117	107	65	178	84	48	188	79	96	115	36	26	197	133	92	139	75	144	100	124	106	128	135	72	100	84	44	102	68	32	70
0	0	0	0	0	0	0	0	0	0	0	0	0	0	0	0	0	0	0	0	0	0	0	0	0	0	0	0	0	0	0	0	0	0	0	0	0	0	0	0	0	0	0	0	0	0	0	0	0	0	0	0	0	0	0	0	0	0	0	0	0	0	0	0	0	0	0	0	0	0	0	0	0	120	170	171	101	79	83	130	152	42	68	90	109	72	127	122	147	55	89	146	98	153	71	71	109	102	97	120	66	117	60	110	96	125	146	146	125	41	158	181	82	108	84	144	133	145	57	101	59	55	87	114	182	80	80	47
0	0	0	0	0	0	0	0	0	0	0	0	0	0	0	0	0	0	0	0	0	0	0	0	0	0	0	0	0	0	0	0	0	0	0	0	0	0	0	0	0	0	0	0	0	0	0	0	0	0	0	0	0	0	0	0	0	0	0	0	0	0	0	0	0	0	0	0	0	0	0	0	0	0	97	9	113	116	154	117	118	84	129	27	138	171	83	116	38	46	118	34	143	130	93	42	105	53	116	31	170	99	148	132	91	97	158	172	94	34	110	110	29	45	91	82	55	155	105	28	126	126	32	82	125	77	31	105
0	0	0	0	0	0	0	0	0	0	0	0	0	0	0	0	0	0	0	0	0	0	0	0	0	0	0	0	0	0	0	0	0	0	0	0	0	0	0	0	0	0	0	0	0	0	0	0	0	0	0	0	0	0	0	0	0	0	0	0	0	0	0	0	0	0	0	0	0	0	0	0	0	0	0	32	179	55	82	88	76	119	123	152	81	99	150	139	37	44	157	82	29	46	33	130	45	129	23	127	135	33	111	78	75	116	141	155	133	48	88	144	137	102	86	155	121	28	57	109	142	72	159	82	72	184	135	86
0	0	0	0	0	0	0	0	0	0	0	0	0	0	0	0	0	0	0	0	0	0	0	0	0	0	0	0	0	0	0	0	0	0	0	0	0	0	0	0	0	0	0	0	0	0	0	0	0	0	0	0	0	0	0	0	0	0	0	0	0	0	0	0	0	0	0	0	0	0	0	0	0	0	0	0	115	162	132	90	127	115	129	158	185	148	137	81	42	18	91	119	107	142	90	167	84	92	103	37	127	63	89	177	115	33	139	126	99	150	88	114	99	64	49	67	123	24	123	110	104	29	162	159	76	66	164	45
0	0	0	0	0	0	0	0	0	0	0	0	0	0	0	0	0	0	0	0	0	0	0	0	0	0	0	0	0	0	0	0	0	0	0	0	0	0	0	0	0	0	0	0	0	0	0	0	0	0	0	0	0	0	0	0	0	0	0	0	0	0	0	0	0	0	0	0	0	0	0	0	0	0	0	0	0	88	95	106	54	158	129	184	105	141	37	57	91	118	91	45	122	64	49	75	167	41	138	150	94	118	68	94	125	97	37	169	147	125	69	155	165	142	189	125	50	145	64	87	169	155	50	79	128	153	121	153
0	0	0	0	0	0	0	0	0	0	0	0	0	0	0	0	0	0	0	0	0	0	0	0	0	0	0	0	0	0	0	0	0	0	0	0	0	0	0	0	0	0	0	0	0	0	0	0	0	0	0	0	0	0	0	0	0	0	0	0	0	0	0	0	0	0	0	0	0	0	0	0	0	0	0	0	0	0	72	88	193	125	83	154	50	169	139	115	177	166	100	115	65	95	39	125	152	91	59	110	132	50	96	119	79	88	180	133	61	124	148	129	131	63	50	73	150	4	113	24	105	135	163	104	101	106	101	165
0	0	0	0	0	0	0	0	0	0	0	0	0	0	0	0	0	0	0	0	0	0	0	0	0	0	0	0	0	0	0	0	0	0	0	0	0	0	0	0	0	0	0	0	0	0	0	0	0	0	0	0	0	0	0	0	0	0	0	0	0	0	0	0	0	0	0	0	0	0	0	0	0	0	0	0	0	0	0	108	154	145	57	199	161	48	113	100	79	86	78	140	152	32	103	104	30	85	150	68	81	176	104	88	125	123	109	143	169	105	67	158	153	95	86	103	191	154	90	77	106	155	11	106	102	92	71	45
0	0	0	0	0	0	0	0	0	0	0	0	0	0	0	0	0	0	0	0	0	0	0	0	0	0	0	0	0	0	0	0	0	0	0	0	0	0	0	0	0	0	0	0	0	0	0	0	0	0	0	0	0	0	0	0	0	0	0	0	0	0	0	0	0	0	0	0	0	0	0	0	0	0	0	0	0	0	0	0	65	78	57	50	131	46	113	143	58	85	132	119	132	125	71	117	113	98	161	144	121	94	17	56	93	88	95	96	174	111	106	139	127	187	82	166	38	63	163	90	115	165	172	86	14	57	170	52
0	0	0	0	0	0	0	0	0	0	0	0	0	0	0	0	0	0	0	0	0	0	0	0	0	0	0	0	0	0	0	0	0	0	0	0	0	0	0	0	0	0	0	0	0	0	0	0	0	0	0	0	0	0	0	0	0	0	0	0	0	0	0	0	0	0	0	0	0	0	0	0	0	0	0	0	0	0	0	0	0	57	114	115	173	115	127	83	28	70	50	162	78	151	105	138	154	158	82	142	165	165	181	53	178	185	69	123	64	99	127	69	98	111	140	32	115	96	115	127	33	112	88	192	139	88	164	158
0	0	0	0	0	0	0	0	0	0	0	0	0	0	0	0	0	0	0	0	0	0	0	0	0	0	0	0	0	0	0	0	0	0	0	0	0	0	0	0	0	0	0	0	0	0	0	0	0	0	0	0	0	0	0	0	0	0	0	0	0	0	0	0	0	0	0	0	0	0	0	0	0	0	0	0	0	0	0	0	0	0	138	78	132	135	96	60	151	101	158	98	16	82	128	78	124	175	109	173	55	166	97	74	103	193	118	30	98	171	151	163	195	143	191	142	193	84	127	143	148	127	100	94	186	98	34	83
0	0	0	0	0	0	0	0	0	0	0	0	0	0	0	0	0	0	0	0	0	0	0	0	0	0	0	0	0	0	0	0	0	0	0	0	0	0	0	0	0	0	0	0	0	0	0	0	0	0	0	0	0	0	0	0	0	0	0	0	0	0	0	0	0	0	0	0	0	0	0	0	0	0	0	0	0	0	0	0	0	0	0	4	151	147	123	121	86	182	112	47	88	25	93	97	122	63	100	123	126	175	92	61	35	126	140	58	146	124	175	17	119	169	147	32	151	116	137	160	150	146	72	168	185	96	138	168
0	0	0	0	0	0	0	0	0	0	0	0	0	0	0	0	0	0	0	0	0	0	0	0	0	0	0	0	0	0	0	0	0	0	0	0	0	0	0	0	0	0	0	0	0	0	0	0	0	0	0	0	0	0	0	0	0	0	0	0	0	0	0	0	0	0	0	0	0	0	0	0	0	0	0	0	0	0	0	0	0	0	0	0	104	40	100	116	98	123	151	95	110	27	126	75	104	65	111	76	124	138	44	41	166	134	170	170	88	115	152	169	112	73	99	70	62	86	67	160	100	172	40	140	94	173	102	104
0	0	0	0	0	0	0	0	0	0	0	0	0	0	0	0	0	0	0	0	0	0	0	0	0	0	0	0	0	0	0	0	0	0	0	0	0	0	0	0	0	0	0	0	0	0	0	0	0	0	0	0	0	0	0	0	0	0	0	0	0	0	0	0	0	0	0	0	0	0	0	0	0	0	0	0	0	0	0	0	0	0	0	0	0	87	67	139	33	127	133	92	166	76	140	63	130	59	108	173	89	130	167	18	154	119	139	83	90	173	102	36	120	168	150	118	92	48	49	138	124	126	12	127	155	144	102	168
0	0	0	0	0	0	0	0	0	0	0	0	0	0	0	0	0	0	0	0	0	0	0	0	0	0	0	0	0	0	0	0	0	0	0	0	0	0	0	0	0	0	0	0	0	0	0	0	0	0	0	0	0	0	0	0	0	0	0	0	0	0	0	0	0	0	0	0	0	0	0	0	0	0	0	0	0	0	0	0	0	0	0	0	0	0	100	63	49	169	71	166	108	134	173	79	195	80	82	123	191	16	139	78	156	101	165	111	127	139	52	31	70	119	20	127	158	78	45	96	126	135	104	84	169	113	157	26
0	0	0	0	0	0	0	0	0	0	0	0	0	0	0	0	0	0	0	0	0	0	0	0	0	0	0	0	0	0	0	0	0	0	0	0	0	0	0	0	0	0	0	0	0	0	0	0	0	0	0	0	0	0	0	0	0	0	0	0	0	0	0	0	0	0	0	0	0	0	0	0	0	0	0	0	0	0	0	0	0	0	0	0	0	0	0	26	77	87	116	166	53	101	72	18	80	54	116	27	113	40	80	80	85	143	159	81	64	87	147	136	103	180	175	79	142	92	64	131	77	149	167	45	144	81	171	99
0	0	0	0	0	0	0	0	0	0	0	0	0	0	0	0	0	0	0	0	0	0	0	0	0	0	0	0	0	0	0	0	0	0	0	0	0	0	0	0	0	0	0	0	0	0	0	0	0	0	0	0	0	0	0	0	0	0	0	0	0	0	0	0	0	0	0	0	0	0	0	0	0	0	0	0	0	0	0	0	0	0	0	0	0	0	0	0	131	145	98	131	28	141	89	128	112	53	85	117	92	132	76	176	135	113	191	148	103	61	79	205	166	134	42	118	52	160	32	141	107	60	118	108	127	137	115	214
0	0	0	0	0	0	0	0	0	0	0	0	0	0	0	0	0	0	0	0	0	0	0	0	0	0	0	0	0	0	0	0	0	0	0	0	0	0	0	0	0	0	0	0	0	0	0	0	0	0	0	0	0	0	0	0	0	0	0	0	0	0	0	0	0	0	0	0	0	0	0	0	0	0	0	0	0	0	0	0	0	0	0	0	0	0	0	0	0	65	18	165	24	195	103	56	61	169	131	52	123	150	64	138	167	150	190	128	108	189	162	112	87	137	99	49	127	100	111	84	134	83	124	140	137	162	132	149
0	0	0	0	0	0	0	0	0	0	0	0	0	0	0	0	0	0	0	0	0	0	0	0	0	0	0	0	0	0	0	0	0	0	0	0	0	0	0	0	0	0	0	0	0	0	0	0	0	0	0	0	0	0	0	0	0	0	0	0	0	0	0	0	0	0	0	0	0	0	0	0	0	0	0	0	0	0	0	0	0	0	0	0	0	0	0	0	0	0	72	142	92	122	76	181	134	181	143	41	148	62	187	134	33	171	157	120	46	128	94	150	130	70	146	28	120	128	157	85	125	39	161	159	72	136	157	140
0	0	0	0	0	0	0	0	0	0	0	0	0	0	0	0	0	0	0	0	0	0	0	0	0	0	0	0	0	0	0	0	0	0	0	0	0	0	0	0	0	0	0	0	0	0	0	0	0	0	0	0	0	0	0	0	0	0	0	0	0	0	0	0	0	0	0	0	0	0	0	0	0	0	0	0	0	0	0	0	0	0	0	0	0	0	0	0	0	0	0	105	98	53	152	146	13	133	55	87	110	163	105	80	167	137	109	174	157	100	73	85	120	132	113	149	172	88	199	143	123	75	182	159	36	94	185	35
0	0	0	0	0	0	0	0	0	0	0	0	0	0	0	0	0	0	0	0	0	0	0	0	0	0	0	0	0	0	0	0	0	0	0	0	0	0	0	0	0	0	0	0	0	0	0	0	0	0	0	0	0	0	0	0	0	0	0	0	0	0	0	0	0	0	0	0	0	0	0	0	0	0	0	0	0	0	0	0	0	0	0	0	0	0	0	0	0	0	0	0	106	75	104	59	123	83	179	35	87	137	98	102	108	62	72	107	101	192	76	89	89	78	127	86	63	175	154	82	186	102	56	114	37	147	96	162
0	0	0	0	0	0	0	0	0	0	0	0	0	0	0	0	0	0	0	0	0	0	0	0	0	0	0	0	0	0	0	0	0	0	0	0	0	0	0	0	0	0	0	0	0	0	0	0	0	0	0	0	0	0	0	0	0	0	0	0	0	0	0	0	0	0	0	0	0	0	0	0	0	0	0	0	0	0	0	0	0	0	0	0	0	0	0	0	0	0	0	0	0	122	107	61	140	139	150	86	94	188	214	156	127	75	56	133	36	97	150	39	148	112	152	140	122	147	34	121	111	164	137	80	80	121	123	126
0	0	0	0	0	0	0	0	0	0	0	0	0	0	0	0	0	0	0	0	0	0	0	0	0	0	0	0	0	0	0	0	0	0	0	0	0	0	0	0	0	0	0	0	0	0	0	0	0	0	0	0	0	0	0	0	0	0	0	0	0	0	0	0	0	0	0	0	0	0	0	0	0	0	0	0	0	0	0	0	0	0	0	0	0	0	0	0	0	0	0	0	0	0	129	192	73	200	167	206	105	135	112	105	128	148	151	155	175	131	81	128	152	115	52	38	141	195	94	165	154	167	191	183	180	132	105	138
0	0	0	0	0	0	0	0	0	0	0	0	0	0	0	0	0	0	0	0	0	0	0	0	0	0	0	0	0	0	0	0	0	0	0	0	0	0	0	0	0	0	0	0	0	0	0	0	0	0	0	0	0	0	0	0	0	0	0	0	0	0	0	0	0	0	0	0	0	0	0	0	0	0	0	0	0	0	0	0	0	0	0	0	0	0	0	0	0	0	0	0	0	0	0	118	120	126	37	140	193	87	114	114	59	139	157	33	146	19	66	136	166	48	108	86	27	170	136	135	181	130	70	61	164	98	129	138
0	0	0	0	0	0	0	0	0	0	0	0	0	0	0	0	0	0	0	0	0	0	0	0	0	0	0	0	0	0	0	0	0	0	0	0	0	0	0	0	0	0	0	0	0	0	0	0	0	0	0	0	0	0	0	0	0	0	0	0	0	0	0	0	0	0	0	0	0	0	0	0	0	0	0	0	0	0	0	0	0	0	0	0	0	0	0	0	0	0	0	0	0	0	0	0	45	118	160	161	108	36	156	91	117	125	39	65	101	147	130	133	108	110	144	92	194	137	26	84	139	100	171	120	105	76	111	65
0	0	0	0	0	0	0	0	0	0	0	0	0	0	0	0	0	0	0	0	0	0	0	0	0	0	0	0	0	0	0	0	0	0	0	0	0	0	0	0	0	0	0	0	0	0	0	0	0	0	0	0	0	0	0	0	0	0	0	0	0	0	0	0	0	0	0	0	0	0	0	0	0	0	0	0	0	0	0	0	0	0	0	0	0	0	0	0	0	0	0	0	0	0	0	0	0	54	22	180	110	179	123	117	120	61	117	51	140	177	121	57	124	55	92	46	106	48	41	78	48	141	75	70	175	54	101	74
0	0	0	0	0	0	0	0	0	0	0	0	0	0	0	0	0	0	0	0	0	0	0	0	0	0	0	0	0	0	0	0	0	0	0	0	0	0	0	0	0	0	0	0	0	0	0	0	0	0	0	0	0	0	0	0	0	0	0	0	0	0	0	0	0	0	0	0	0	0	0	0	0	0	0	0	0	0	0	0	0	0	0	0	0	0	0	0	0	0	0	0	0	0	0	0	0	0	172	28	118	74	113	106	207	124	156	143	181	110	180	120	92	101	73	83	89	86	158	88	182	136	114	39	112	70	176	32
0	0	0	0	0	0	0	0	0	0	0	0	0	0	0	0	0	0	0	0	0	0	0	0	0	0	0	0	0	0	0	0	0	0	0	0	0	0	0	0	0	0	0	0	0	0	0	0	0	0	0	0	0	0	0	0	0	0	0	0	0	0	0	0	0	0	0	0	0	0	0	0	0	0	0	0	0	0	0	0	0	0	0	0	0	0	0	0	0	0	0	0	0	0	0	0	0	0	0	82	62	88	37	184	101	127	134	75	192	79	116	71	147	139	159	131	117	113	205	108	153	164	111	109	36	117	147	162
0	0	0	0	0	0	0	0	0	0	0	0	0	0	0	0	0	0	0	0	0	0	0	0	0	0	0	0	0	0	0	0	0	0	0	0	0	0	0	0	0	0	0	0	0	0	0	0	0	0	0	0	0	0	0	0	0	0	0	0	0	0	0	0	0	0	0	0	0	0	0	0	0	0	0	0	0	0	0	0	0	0	0	0	0	0	0	0	0	0	0	0	0	0	0	0	0	0	0	0	159	115	53	148	76	154	67	144	183	215	205	39	147	117	120	145	107	64	140	110	103	112	160	167	90	134	154	16
0	0	0	0	0	0	0	0	0	0	0	0	0	0	0	0	0	0	0	0	0	0	0	0	0	0	0	0	0	0	0	0	0	0	0	0	0	0	0	0	0	0	0	0	0	0	0	0	0	0	0	0	0	0	0	0	0	0	0	0	0	0	0	0	0	0	0	0	0	0	0	0	0	0	0	0	0	0	0	0	0	0	0	0	0	0	0	0	0	0	0	0	0	0	0	0	0	0	0	0	0	112	188	78	48	144	146	94	134	155	143	66	177	171	94	74	119	114	72	127	105	116	73	113	135	98	141	39
0	0	0	0	0	0	0	0	0	0	0	0	0	0	0	0	0	0	0	0	0	0	0	0	0	0	0	0	0	0	0	0	0	0	0	0	0	0	0	0	0	0	0	0	0	0	0	0	0	0	0	0	0	0	0	0	0	0	0	0	0	0	0	0	0	0	0	0	0	0	0	0	0	0	0	0	0	0	0	0	0	0	0	0	0	0	0	0	0	0	0	0	0	0	0	0	0	0	0	0	0	0	75	120	182	73	168	83	91	84	97	111	138	40	90	160	167	63	163	28	149	146	179	43	113	115	187	78
0	0	0	0	0	0	0	0	0	0	0	0	0	0	0	0	0	0	0	0	0	0	0	0	0	0	0	0	0	0	0	0	0	0	0	0	0	0	0	0	0	0	0	0	0	0	0	0	0	0	0	0	0	0	0	0	0	0	0	0	0	0	0	0	0	0	0	0	0	0	0	0	0	0	0	0	0	0	0	0	0	0	0	0	0	0	0	0	0	0	0	0	0	0	0	0	0	0	0	0	0	0	0	121	72	142	130	96	174	36	202	117	126	119	138	58	175	178	46	90	172	121	83	103	66	76	148	142
0	0	0	0	0	0	0	0	0	0	0	0	0	0	0	0	0	0	0	0	0	0	0	0	0	0	0	0	0	0	0	0	0	0	0	0	0	0	0	0	0	0	0	0	0	0	0	0	0	0	0	0	0	0	0	0	0	0	0	0	0	0	0	0	0	0	0	0	0	0	0	0	0	0	0	0	0	0	0	0	0	0	0	0	0	0	0	0	0	0	0	0	0	0	0	0	0	0	0	0	0	0	0	0	100	101	20	93	148	198	202	181	63	205	142	22	129	212	66	149	144	207	109	127	153	206	184	128
0	0	0	0	0	0	0	0	0	0	0	0	0	0	0	0	0	0	0	0	0	0	0	0	0	0	0	0	0	0	0	0	0	0	0	0	0	0	0	0	0	0	0	0	0	0	0	0	0	0	0	0	0	0	0	0	0	0	0	0	0	0	0	0	0	0	0	0	0	0	0	0	0	0	0	0	0	0	0	0	0	0	0	0	0	0	0	0	0	0	0	0	0	0	0	0	0	0	0	0	0	0	0	0	0	98	111	73	60	104	41	124	129	142	114	129	116	147	141	153	132	37	161	141	140	84	115	32
0	0	0	0	0	0	0	0	0	0	0	0	0	0	0	0	0	0	0	0	0	0	0	0	0	0	0	0	0	0	0	0	0	0	0	0	0	0	0	0	0	0	0	0	0	0	0	0	0	0	0	0	0	0	0	0	0	0	0	0	0	0	0	0	0	0	0	0	0	0	0	0	0	0	0	0	0	0	0	0	0	0	0	0	0	0	0	0	0	0	0	0	0	0	0	0	0	0	0	0	0	0	0	0	0	0	125	137	103	128	84	137	123	35	148	93	121	87	158	134	157	162	118	173	81	106	76	33
0	0	0	0	0	0	0	0	0	0	0	0	0	0	0	0	0	0	0	0	0	0	0	0	0	0	0	0	0	0	0	0	0	0	0	0	0	0	0	0	0	0	0	0	0	0	0	0	0	0	0	0	0	0	0	0	0	0	0	0	0	0	0	0	0	0	0	0	0	0	0	0	0	0	0	0	0	0	0	0	0	0	0	0	0	0	0	0	0	0	0	0	0	0	0	0	0	0	0	0	0	0	0	0	0	0	0	34	180	127	39	172	104	112	211	99	77	169	126	159	71	152	122	148	93	109	57	157
0	0	0	0	0	0	0	0	0	0	0	0	0	0	0	0	0	0	0	0	0	0	0	0	0	0	0	0	0	0	0	0	0	0	0	0	0	0	0	0	0	0	0	0	0	0	0	0	0	0	0	0	0	0	0	0	0	0	0	0	0	0	0	0	0	0	0	0	0	0	0	0	0	0	0	0	0	0	0	0	0	0	0	0	0	0	0	0	0	0	0	0	0	0	0	0	0	0	0	0	0	0	0	0	0	0	0	0	126	186	105	31	97	217	110	160	184	188	61	190	181	152	119	131	125	148	83	187
0	0	0	0	0	0	0	0	0	0	0	0	0	0	0	0	0	0	0	0	0	0	0	0	0	0	0	0	0	0	0	0	0	0	0	0	0	0	0	0	0	0	0	0	0	0	0	0	0	0	0	0	0	0	0	0	0	0	0	0	0	0	0	0	0	0	0	0	0	0	0	0	0	0	0	0	0	0	0	0	0	0	0	0	0	0	0	0	0	0	0	0	0	0	0	0	0	0	0	0	0	0	0	0	0	0	0	0	0	131	107	155	115	208	61	114	116	122	105	97	135	180	56	66	73	154	124	127
0	0	0	0	0	0	0	0	0	0	0	0	0	0	0	0	0	0	0	0	0	0	0	0	0	0	0	0	0	0	0	0	0	0	0	0	0	0	0	0	0	0	0	0	0	0	0	0	0	0	0	0	0	0	0	0	0	0	0	0	0	0	0	0	0	0	0	0	0	0	0	0	0	0	0	0	0	0	0	0	0	0	0	0	0	0	0	0	0	0	0	0	0	0	0	0	0	0	0	0	0	0	0	0	0	0	0	0	0	0	176	78	168	95	151	39	198	114	154	152	90	137	210	214	125	52	188	120
0	0	0	0	0	0	0	0	0	0	0	0	0	0	0	0	0	0	0	0	0	0	0	0	0	0	0	0	0	0	0	0	0	0	0	0	0	0	0	0	0	0	0	0	0	0	0	0	0	0	0	0	0	0	0	0	0	0	0	0	0	0	0	0	0	0	0	0	0	0	0	0	0	0	0	0	0	0	0	0	0	0	0	0	0	0	0	0	0	0	0	0	0	0	0	0	0	0	0	0	0	0	0	0	0	0	0	0	0	0	0	111	192	177	104	90	51	89	95	161	175	91	92	153	130	130	152	48
0	0	0	0	0	0	0	0	0	0	0	0	0	0	0	0	0	0	0	0	0	0	0	0	0	0	0	0	0	0	0	0	0	0	0	0	0	0	0	0	0	0	0	0	0	0	0	0	0	0	0	0	0	0	0	0	0	0	0	0	0	0	0	0	0	0	0	0	0	0	0	0	0	0	0	0	0	0	0	0	0	0	0	0	0	0	0	0	0	0	0	0	0	0	0	0	0	0	0	0	0	0	0	0	0	0	0	0	0	0	0	0	73	103	153	129	58	139	63	79	122	87	97	147	111	103	120	140
0	0	0	0	0	0	0	0	0	0	0	0	0	0	0	0	0	0	0	0	0	0	0	0	0	0	0	0	0	0	0	0	0	0	0	0	0	0	0	0	0	0	0	0	0	0	0	0	0	0	0	0	0	0	0	0	0	0	0	0	0	0	0	0	0	0	0	0	0	0	0	0	0	0	0	0	0	0	0	0	0	0	0	0	0	0	0	0	0	0	0	0	0	0	0	0	0	0	0	0	0	0	0	0	0	0	0	0	0	0	0	0	0	106	59	159	89	168	150	170	45	168	170	129	38	99	113	231
0	0	0	0	0	0	0	0	0	0	0	0	0	0	0	0	0	0	0	0	0	0	0	0	0	0	0	0	0	0	0	0	0	0	0	0	0	0	0	0	0	0	0	0	0	0	0	0	0	0	0	0	0	0	0	0	0	0	0	0	0	0	0	0	0	0	0	0	0	0	0	0	0	0	0	0	0	0	0	0	0	0	0	0	0	0	0	0	0	0	0	0	0	0	0	0	0	0	0	0	0	0	0	0	0	0	0	0	0	0	0	0	0	0	124	150	139	168	96	165	131	89	53	96	166	89	105	175
0	0	0	0	0	0	0	0	0	0	0	0	0	0	0	0	0	0	0	0	0	0	0	0	0	0	0	0	0	0	0	0	0	0	0	0	0	0	0	0	0	0	0	0	0	0	0	0	0	0	0	0	0	0	0	0	0	0	0	0	0	0	0	0	0	0	0	0	0	0	0	0	0	0	0	0	0	0	0	0	0	0	0	0	0	0	0	0	0	0	0	0	0	0	0	0	0	0	0	0	0	0	0	0	0	0	0	0	0	0	0	0	0	0	0	46	230	96	92	126	151	86	178	137	60	95	74	13
0	0	0	0	0	0	0	0	0	0	0	0	0	0	0	0	0	0	0	0	0	0	0	0	0	0	0	0	0	0	0	0	0	0	0	0	0	0	0	0	0	0	0	0	0	0	0	0	0	0	0	0	0	0	0	0	0	0	0	0	0	0	0	0	0	0	0	0	0	0	0	0	0	0	0	0	0	0	0	0	0	0	0	0	0	0	0	0	0	0	0	0	0	0	0	0	0	0	0	0	0	0	0	0	0	0	0	0	0	0	0	0	0	0	0	0	148	61	29	147	103	133	123	123	186	204	89	200
0	0	0	0	0	0	0	0	0	0	0	0	0	0	0	0	0	0	0	0	0	0	0	0	0	0	0	0	0	0	0	0	0	0	0	0	0	0	0	0	0	0	0	0	0	0	0	0	0	0	0	0	0	0	0	0	0	0	0	0	0	0	0	0	0	0	0	0	0	0	0	0	0	0	0	0	0	0	0	0	0	0	0	0	0	0	0	0	0	0	0	0	0	0	0	0	0	0	0	0	0	0	0	0	0	0	0	0	0	0	0	0	0	0	0	0	0	175	113	170	99	101	161	189	57	124	108	89
0	0	0	0	0	0	0	0	0	0	0	0	0	0	0	0	0	0	0	0	0	0	0	0	0	0	0	0	0	0	0	0	0	0	0	0	0	0	0	0	0	0	0	0	0	0	0	0	0	0	0	0	0	0	0	0	0	0	0	0	0	0	0	0	0	0	0	0	0	0	0	0	0	0	0	0	0	0	0	0	0	0	0	0	0	0	0	0	0	0	0	0	0	0	0	0	0	0	0	0	0	0	0	0	0	0	0	0	0	0	0	0	0	0	0	0	0	0	176	92	51	158	149	183	57	121	77	100
0	0	0	0	0	0	0	0	0	0	0	0	0	0	0	0	0	0	0	0	0	0	0	0	0	0	0	0	0	0	0	0	0	0	0	0	0	0	0	0	0	0	0	0	0	0	0	0	0	0	0	0	0	0	0	0	0	0	0	0	0	0	0	0	0	0	0	0	0	0	0	0	0	0	0	0	0	0	0	0	0	0	0	0	0	0	0	0	0	0	0	0	0	0	0	0	0	0	0	0	0	0	0	0	0	0	0	0	0	0	0	0	0	0	0	0	0	0	0	157	156	88	168	56	50	166	28	136
0	0	0	0	0	0	0	0	0	0	0	0	0	0	0	0	0	0	0	0	0	0	0	0	0	0	0	0	0	0	0	0	0	0	0	0	0	0	0	0	0	0	0	0	0	0	0	0	0	0	0	0	0	0	0	0	0	0	0	0	0	0	0	0	0	0	0	0	0	0	0	0	0	0	0	0	0	0	0	0	0	0	0	0	0	0	0	0	0	0	0	0	0	0	0	0	0	0	0	0	0	0	0	0	0	0	0	0	0	0	0	0	0	0	0	0	0	0	0	0	101	130	211	220	163	103	102	95
0	0	0	0	0	0	0	0	0	0	0	0	0	0	0	0	0	0	0	0	0	0	0	0	0	0	0	0	0	0	0	0	0	0	0	0	0	0	0	0	0	0	0	0	0	0	0	0	0	0	0	0	0	0	0	0	0	0	0	0	0	0	0	0	0	0	0	0	0	0	0	0	0	0	0	0	0	0	0	0	0	0	0	0	0	0	0	0	0	0	0	0	0	0	0	0	0	0	0	0	0	0	0	0	0	0	0	0	0	0	0	0	0	0	0	0	0	0	0	0	0	204	170	37	94	130	87	163
0	0	0	0	0	0	0	0	0	0	0	0	0	0	0	0	0	0	0	0	0	0	0	0	0	0	0	0	0	0	0	0	0	0	0	0	0	0	0	0	0	0	0	0	0	0	0	0	0	0	0	0	0	0	0	0	0	0	0	0	0	0	0	0	0	0	0	0	0	0	0	0	0	0	0	0	0	0	0	0	0	0	0	0	0	0	0	0	0	0	0	0	0	0	0	0	0	0	0	0	0	0	0	0	0	0	0	0	0	0	0	0	0	0	0	0	0	0	0	0	0	0	87	129	201	68	87	133
0	0	0	0	0	0	0	0	0	0	0	0	0	0	0	0	0	0	0	0	0	0	0	0	0	0	0	0	0	0	0	0	0	0	0	0	0	0	0	0	0	0	0	0	0	0	0	0	0	0	0	0	0	0	0	0	0	0	0	0	0	0	0	0	0	0	0	0	0	0	0	0	0	0	0	0	0	0	0	0	0	0	0	0	0	0	0	0	0	0	0	0	0	0	0	0	0	0	0	0	0	0	0	0	0	0	0	0	0	0	0	0	0	0	0	0	0	0	0	0	0	0	0	200	143	111	147	53
0	0	0	0	0	0	0	0	0	0	0	0	0	0	0	0	0	0	0	0	0	0	0	0	0	0	0	0	0	0	0	0	0	0	0	0	0	0	0	0	0	0	0	0	0	0	0	0	0	0	0	0	0	0	0	0	0	0	0	0	0	0	0	0	0	0	0	0	0	0	0	0	0	0	0	0	0	0	0	0	0	0	0	0	0	0	0	0	0	0	0	0	0	0	0	0	0	0	0	0	0	0	0	0	0	0	0	0	0	0	0	0	0	0	0	0	0	0	0	0	0	0	0	0	177	59	63	70
0	0	0	0	0	0	0	0	0	0	0	0	0	0	0	0	0	0	0	0	0	0	0	0	0	0	0	0	0	0	0	0	0	0	0	0	0	0	0	0	0	0	0	0	0	0	0	0	0	0	0	0	0	0	0	0	0	0	0	0	0	0	0	0	0	0	0	0	0	0	0	0	0	0	0	0	0	0	0	0	0	0	0	0	0	0	0	0	0	0	0	0	0	0	0	0	0	0	0	0	0	0	0	0	0	0	0	0	0	0	0	0	0	0	0	0	0	0	0	0	0	0	0	0	0	113	149	135
0	0	0	0	0	0	0	0	0	0	0	0	0	0	0	0	0	0	0	0	0	0	0	0	0	0	0	0	0	0	0	0	0	0	0	0	0	0	0	0	0	0	0	0	0	0	0	0	0	0	0	0	0	0	0	0	0	0	0	0	0	0	0	0	0	0	0	0	0	0	0	0	0	0	0	0	0	0	0	0	0	0	0	0	0	0	0	0	0	0	0	0	0	0	0	0	0	0	0	0	0	0	0	0	0	0	0	0	0	0	0	0	0	0	0	0	0	0	0	0	0	0	0	0	0	0	90	114
0	0	0	0	0	0	0	0	0	0	0	0	0	0	0	0	0	0	0	0	0	0	0	0	0	0	0	0	0	0	0	0	0	0	0	0	0	0	0	0	0	0	0	0	0	0	0	0	0	0	0	0	0	0	0	0	0	0	0	0	0	0	0	0	0	0	0	0	0	0	0	0	0	0	0	0	0	0	0	0	0	0	0	0	0	0	0	0	0	0	0	0	0	0	0	0	0	0	0	0	0	0	0	0	0	0	0	0	0	0	0	0	0	0	0	0	0	0	0	0	0	0	0	0	0	0	0	231
0	0	0	0	0	0	0	0	0	0	0	0	0	0	0	0	0	0	0	0	0	0	0	0	0	0	0	0	0	0	0	0	0	0	0	0	0	0	0	0	0	0	0	0	0	0	0	0	0	0	0	0	0	0	0	0	0	0	0	0	0	0	0	0	0	0	0	0	0	0	0	0	0	0	0	0	0	0	0	0	0	0	0	0	0	0	0	0	0	0	0	0	0	0	0	0	0	0	0	0	0	0	0	0	0	0	0	0	0	0	0	0	0	0	0	0	0	0	0	0	0	0	0	0	0	0	0	0