0	41	100	56	38	15	117	36	108	119	99	110	111	50	27	103	86	91	60	126	110	7	17	110	43	1	56	57	119	86	30	19	70	14	59	34	128	118	110	2	37	127	3	62	61	91	37	64	69	81	73	83	95	15	106	5	98	13	6	29	35	20	32	44	42	66	11	20	112	64	70	74	111	14	65	62	48	96	105	98	45	115	114	22	49	42	37	12	56	83	73	63	123	109	49	27	59	36	6	60	39	76	23	12	22	26	68	4	65	86	88	108	15	115	69	89	14	36	59	102	23	96	126	80	23	21	108	87
0	0	8	71	84	117	58	34	24	40	104	30	39	32	87	97	108	114	29	120	50	38	120	83	11	86	110	113	7	127	17	89	37	52	106	86	110	54	103	92	128	11	15	106	64	4	123	7	65	63	18	69	111	8	58	56	76	19	38	83	29	44	60	48	45	56	44	3	61	117	13	46	4	66	65	51	41	29	69	29	22	55	13	83	62	15	70	1	128	94	78	31	73	118	60	118	59	65	57	96	125	74	36	7	27	18	39	87	60	103	58	81	120	119	27	66	57	12	122	4	28	48	87	50	70	126	63	113
0	0	0	72	120	76	17	64	114	106	53	97	11	103	119	29	66	56	56	50	95	94	124	81	76	60	50	107	118	34	27	16	49	124	88	80	47	24	97	113	76	11	42	64	77	64	91	17	7	110	48	30	11	84	59	26	1	79	24	71	118	57	52	87	87	90	84	62	50	125	39	43	42	108	10	101	105	52	12	84	1	127	126	28	53	62	39	40	6	79	84	71	86	12	13	25	125	42	58	119	38	58	37	127	110	19	71	10	30	2	74	25	79	4	34	53	10	102	75	60	115	84	121	14	44	73	25	38
0	0	0	0	77	68	28	113	39	65	119	12	10	64	34	118	15	82	98	77	15	42	9	67	41	101	42	119	27	19	80	5	58	4	70	12	35	63	117	32	122	10	45	94	57	118	23	57	78	105	58	92	82	42	53	109	39	19	115	92	88	113	62	56	28	121	42	95	121	76	109	89	62	18	127	69	19	38	70	119	60	92	44	120	113	16	93	54	41	114	114	9	64	85	125	79	66	96	50	69	95	38	62	27	128	7	10	93	108	69	16	93	68	47	50	47	20	67	87	81	95	111	52	58	88	13	100	75
0	0	0	0	0	7	48	123	83	115	90	56	121	121	40	67	25	23	50	46	123	82	47	73	23	29	83	94	94	98	15	94	64	10	109	49	128	91	87	48	9	70	109	29	9	52	127	121	47	127	88	46	42	121	11	101	14	106	38	105	3	61	74	65	40	113	122	95	39	67	90	63	9	72	107	127	81	121	73	91	87	16	101	17	124	69	112	44	47	75	31	87	71	37	82	108	102	71	127	16	125	17	81	111	23	19	78	99	72	28	122	74	28	110	100	107	70	74	88	12	14	72	67	79	81	53	89	42
0	0	0	0	0	0	74	118	65	60	128	51	96	99	116	1	64	102	91	51	122	98	38	113	60	43	127	80	124	110	59	7	13	23	74	97	104	74	100	37	82	43	91	58	112	23	17	18	89	60	126	64	98	53	89	51	60	110	86	105	128	41	99	47	49	39	87	63	86	50	49	10	58	60	64	38	25	53	37	41	67	14	115	32	92	119	57	78	113	18	3	64	124	50	37	36	94	126	54	51	39	40	48	99	96	5	15	35	92	19	80	66	118	54	87	127	22	69	13	47	61	90	115	11	78	44	92	121
0	0	0	0	0	0	0	68	75	36	112	34	73	68	63	8	57	34	5	59	122	80	106	58	91	28	100	33	95	122	107	116	97	101	110	113	56	91	81	42	18	54	83	40	70	83	117	73	67	2	62	108	41	102	66	3	64	11	126	98	10	36	89	46	121	76	92	52	125	79	48	16	50	114	25	76	117	91	74	78	65	86	14	7	3	15	27	20	83	91	55	76	20	47	39	95	70	28	23	82	23	50	106	124	57	17	79	107	12	15	48	67	70	58	95	11	117	99	25	23	41	22	7	24	62	11	70	62
0	0	0	0	0	0	0	0	128	126	24	18	60	27	56	54	104	45	84	86	61	21	113	119	102	43	50	125	4	50	36	120	71	121	24	93	40	79	98	108	19	28	90	114	43	83	4	27	101	102	12	16	124	16	119	10	62	80	119	31	59	5	42	12	22	49	103	80	79	112	67	100	106	89	15	14	70	40	102	74	98	113	18	31	82	60	21	124	97	113	53	45	105	103	20	62	92	97	78	105	57	128	73	46	51	54	26	37	108	1	5	114	66	112	42	81	64	8	85	110	122	32	16	26	12	38	37	5
0	0	0	0	0	0	0	0	0	63	33	18	64	51	103	103	29	6	33	117	102	6	61	97	70	122	44	122	57	16	25	119	14	110	1	63	47	51	25	120	88	93	58	72	37	88	98	60	37	70	98	23	51	42	18	43	19	123	97	109	48	88	72	89	10	8	61	95	44	108	12	68	20	56	72	92	122	60	16	66	108	52	56	78	113	22	56	45	114	14	99	69	94	92	68	44	119	30	71	119	61	106	24	127	115	11	55	18	101	96	110	116	43	115	88	37	73	74	122	10	95	92	123	67	11	17	28	80
0	0	0	0	0	0	0	0	0	0	62	24	101	71	15	24	50	72	17	14	71	2	65	78	128	89	42	34	53	76	87	84	23	18	48	60	14	109	21	77	107	71	3	125	16	62	39	78	124	31	20	37	37	73	92	105	103	61	104	72	109	40	19	26	17	90	30	31	108	49	109	122	104	118	101	93	10	75	84	104	5	93	20	35	17	103	88	128	83	99	36	106	102	53	119	81	59	64	19	62	85	12	100	27	111	82	102	104	29	123	34	27	65	127	124	10	24	38	102	91	60	60	38	15	29	104	85	92
0	0	0	0	0	0	0	0	0	0	0	88	127	2	35	10	61	15	42	16	46	64	68	28	125	58	36	102	59	15	77	70	89	94	97	89	124	80	120	9	15	12	87	13	20	75	88	47	118	55	61	91	43	78	8	9	64	13	97	120	99	93	117	45	77	25	41	123	103	97	80	24	16	100	10	33	33	89	93	43	121	97	20	127	3	126	37	126	95	46	22	12	19	56	103	67	47	49	91	69	118	41	4	34	120	96	63	108	102	46	22	14	103	36	67	107	107	56	103	9	94	72	90	87	110	95	126	123
0	0	0	0	0	0	0	0	0	0	0	0	57	101	20	64	100	77	12	40	8	44	31	118	77	20	11	88	112	66	68	64	56	121	52	73	112	66	15	41	7	119	83	72	119	78	56	98	56	86	71	82	88	26	26	17	96	88	106	34	69	29	55	114	52	37	1	88	78	18	82	10	22	24	108	41	106	11	30	38	102	31	124	7	49	34	4	29	54	105	26	26	11	18	61	106	71	109	21	40	5	31	17	1	24	120	103	127	77	25	64	93	2	32	73	64	56	16	112	3	38	69	76	100	38	88	36	70
0	0	0	0	0	0	0	0	0	0	0	0	0	19	73	41	44	24	63	98	30	52	123	45	107	115	122	92	90	98	55	71	79	79	36	69	15	54	105	52	119	66	62	116	57	121	111	102	95	22	104	2	125	18	118	39	65	58	68	18	89	82	42	64	119	101	117	34	118	69	82	74	21	125	121	88	53	119	49	110	69	116	33	53	49	114	31	67	96	70	20	107	77	15	117	110	102	57	101	26	32	49	11	117	96	120	108	69	115	99	45	70	94	57	63	3	49	18	47	85	103	48	74	22	51	113	98	35
0	0	0	0	0	0	0	0	0	0	0	0	0	0	67	104	64	21	49	79	26	35	44	27	37	31	21	60	99	74	40	57	111	14	80	105	59	92	35	125	8	104	90	68	43	91	24	61	93	113	42	59	51	68	79	17	103	31	121	25	47	83	63	96	80	44	34	33	116	44	8	26	96	52	20	70	56	24	87	23	108	75	91	13	45	49	22	61	35	124	114	29	27	58	76	61	54	78	59	19	76	89	126	69	32	48	11	41	125	85	81	15	86	34	124	118	116	37	49	86	119	55	5	104	60	111	73	95
0	0	0	0	0	0	0	0	0	0	0	0	0	0	0	18	28	10	120	2	39	65	104	6	116	120	90	121	48	103	91	9	10	61	95	30	21	58	68	28	114	96	56	16	17	81	102	12	49	87	127	96	92	46	39	10	117	74	28	125	1	83	29	74	62	57	109	29	125	28	107	59	52	61	94	127	97	117	92	53	59	116	12	66	53	79	74	1	119	98	41	22	87	94	109	14	34	83	28	111	87	26	123	115	18	121	13	110	5	107	23	101	107	58	16	47	37	117	52	10	13	17	15	8	24	73	54	118
0	0	0	0	0	0	0	0	0	0	0	0	0	0	0	0	103	1	94	75	42	89	42	90	29	67	122	92	21	70	60	72	33	51	82	126	76	61	99	5	12	99	34	59	121	54	12	98	86	36	40	123	85	102	53	109	98	39	127	16	19	21	63	118	47	16	21	16	118	13	15	32	5	19	67	84	88	25	56	2	24	29	34	77	58	127	36	33	69	126	102	121	99	39	110	34	51	110	21	80	27	117	7	97	39	14	78	72	108	103	85	128	91	2	89	42	21	85	107	71	114	76	41	110	81	68	57	105
0	0	0	0	0	0	0	0	0	0	0	0	0	0	0	0	0	48	92	99	106	26	73	90	34	58	17	118	10	36	118	94	13	20	125	74	55	24	18	33	61	10	91	25	32	72	7	1	102	124	89	92	128	111	97	103	57	71	68	59	101	105	69	22	76	34	33	44	8	7	15	55	46	46	11	37	58	104	60	102	83	95	104	29	92	53	126	96	71	124	58	65	107	62	105	20	31	84	118	17	108	76	73	36	16	101	83	61	96	43	19	52	63	31	68	77	38	32	78	13	70	63	51	10	89	74	70	80
0	0	0	0	0	0	0	0	0	0	0	0	0	0	0	0	0	0	89	37	64	97	124	104	48	4	107	113	26	113	27	101	97	98	117	94	112	34	119	92	114	27	56	42	66	29	112	105	45	7	65	70	83	83	79	45	28	77	123	77	6	75	97	8	15	73	17	84	41	126	8	52	78	125	74	35	66	99	34	90	67	127	81	14	18	101	121	27	70	78	49	18	118	120	18	52	87	66	21	37	116	121	42	68	28	73	101	15	96	17	48	42	62	123	38	29	103	90	31	39	38	22	2	115	94	6	58	67
0	0	0	0	0	0	0	0	0	0	0	0	0	0	0	0	0	0	0	65	83	90	4	58	108	86	61	115	80	50	51	54	97	24	72	110	23	84	81	100	96	59	45	112	103	113	121	25	50	98	82	71	67	74	46	113	117	43	38	23	91	94	63	62	45	90	36	74	93	98	63	64	21	71	76	64	109	109	28	14	65	50	71	33	99	104	5	20	63	74	57	12	18	16	92	49	80	28	97	55	53	43	63	118	100	39	20	47	44	4	27	64	81	68	83	15	49	16	96	113	109	100	9	93	109	42	123	43
0	0	0	0	0	0	0	0	0	0	0	0	0	0	0	0	0	0	0	0	89	111	51	29	106	25	115	43	13	121	113	84	82	99	121	86	95	11	21	4	27	80	68	97	126	104	44	29	42	22	42	30	5	114	80	67	29	81	112	20	101	14	113	33	114	12	51	9	58	40	30	108	60	23	58	47	13	69	17	45	20	53	41	28	31	108	47	12	48	90	17	68	62	94	33	71	43	44	37	90	122	126	8	47	122	1	37	84	124	46	21	16	19	21	31	33	17	42	123	79	87	103	105	88	81	18	5	76
0	0	0	0	0	0	0	0	0	0	0	0	0	0	0	0	0	0	0	0	0	16	15	7	18	126	82	98	121	124	119	55	125	31	54	114	15	36	105	55	105	118	47	31	49	92	98	91	32	12	81	112	18	19	10	38	74	23	23	113	43	73	89	8	117	71	25	118	57	15	3	56	103	1	29	81	47	79	93	44	105	114	5	17	37	73	10	93	13	22	90	35	77	59	36	53	49	128	127	43	9	78	109	94	111	103	1	127	101	24	73	42	120	67	94	24	65	33	30	67	124	30	94	21	106	114	94	41
0	0	0	0	0	0	0	0	0	0	0	0	0	0	0	0	0	0	0	0	0	0	100	9	50	65	103	4	87	48	120	23	84	65	67	80	66	37	102	118	50	23	19	20	44	63	105	13	62	67	71	33	103	121	9	71	115	109	84	95	5	123	88	87	54	34	3	109	62	83	25	9	22	30	62	65	61	113	96	110	20	67	52	56	48	23	95	29	24	62	107	52	50	63	114	127	5	118	84	35	96	70	3	23	81	41	75	64	22	75	60	9	92	92	21	112	96	14	59	102	128	30	58	101	119	1	6	128
0	0	0	0	0	0	0	0	0	0	0	0	0	0	0	0	0	0	0	0	0	0	0	102	48	94	87	127	73	84	109	87	127	87	127	58	75	105	31	42	127	60	5	33	118	15	47	101	31	90	21	98	121	36	121	88	3	115	17	2	71	15	104	29	26	87	95	63	105	105	94	15	18	30	51	62	41	30	87	47	92	83	79	107	41	37	107	114	43	4	112	65	103	26	18	37	39	98	34	115	51	49	47	113	91	104	64	97	84	117	128	115	124	93	66	124	118	25	105	9	34	11	103	78	99	68	107	123
0	0	0	0	0	0	0	0	0	0	0	0	0	0	0	0	0	0	0	0	0	0	0	0	82	37	14	31	27	46	62	71	25	99	125	11	47	116	23	34	88	5	60	124	47	111	18	72	88	60	10	74	73	54	19	40	45	79	99	34	18	123	97	95	33	5	126	115	31	5	42	111	72	19	16	101	68	74	31	103	122	57	89	63	59	72	126	54	110	109	14	112	15	98	55	36	35	72	28	66	60	112	110	70	116	79	111	21	27	53	18	10	62	69	94	119	114	8	23	91	117	73	103	109	98	127	39	80
0	0	0	0	0	0	0	0	0	0	0	0	0	0	0	0	0	0	0	0	0	0	0	0	0	74	3	99	114	47	1	113	29	2	18	2	115	68	19	29	32	27	54	62	36	88	51	86	52	7	123	43	123	31	14	80	6	88	30	104	107	100	97	94	13	72	41	79	60	114	51	18	96	42	31	12	100	111	98	122	43	63	92	92	63	55	21	75	105	111	81	64	51	65	106	97	31	10	75	51	38	49	38	67	80	88	72	105	12	45	96	100	72	60	108	115	46	31	37	60	94	35	41	3	35	13	125	49
0	0	0	0	0	0	0	0	0	0	0	0	0	0	0	0	0	0	0	0	0	0	0	0	0	0	20	70	65	110	83	119	7	85	26	57	87	96	75	41	38	93	77	60	122	4	53	64	96	22	116	103	111	24	1	107	109	76	117	20	117	21	44	52	27	91	17	73	76	55	74	88	63	105	118	95	62	18	8	82	47	69	33	27	105	47	42	86	93	64	56	16	71	46	106	30	1	21	6	16	75	126	22	96	101	10	63	77	51	62	60	112	15	98	126	95	112	42	128	55	91	101	61	76	72	121	95	6
0	0	0	0	0	0	0	0	0	0	0	0	0	0	0	0	0	0	0	0	0	0	0	0	0	0	0	78	97	87	2	79	115	105	7	28	78	23	86	57	40	112	119	8	35	28	10	125	31	91	10	69	1	82	65	128	4	101	13	9	56	39	57	27	73	69	112	106	45	88	25	38	85	77	31	56	53	74	86	64	18	16	78	73	125	1	27	112	78	60	113	99	110	123	42	85	123	98	59	55	31	123	24	92	105	28	97	87	89	58	40	51	77	64	44	32	105	24	47	65	104	100	118	46	7	113	29	31
0	0	0	0	0	0	0	0	0	0	0	0	0	0	0	0	0	0	0	0	0	0	0	0	0	0	0	0	82	47	94	105	106	110	32	69	122	64	96	111	93	28	103	18	110	75	76	42	73	76	41	23	81	27	9	115	68	78	18	15	113	16	34	33	73	83	64	115	23	125	11	9	16	54	113	89	37	128	90	83	97	47	14	28	7	13	54	120	77	74	41	21	99	61	94	73	89	94	11	57	37	94	104	124	91	128	121	109	54	24	107	104	38	115	3	77	127	84	33	46	66	96	18	2	62	25	11	43
0	0	0	0	0	0	0	0	0	0	0	0	0	0	0	0	0	0	0	0	0	0	0	0	0	0	0	0	0	13	53	114	69	69	12	78	43	47	125	25	108	99	53	107	58	61	5	14	86	7	44	42	110	94	85	45	10	106	81	67	70	121	48	122	30	52	49	100	50	5	108	29	10	95	18	92	60	58	124	36	12	36	76	25	6	31	85	52	102	17	117	6	115	90	114	80	49	83	77	104	101	18	112	102	43	14	28	72	18	117	128	12	72	50	123	80	10	14	51	96	38	21	110	80	17	52	6	14
0	0	0	0	0	0	0	0	0	0	0	0	0	0	0	0	0	0	0	0	0	0	0	0	0	0	0	0	0	0	102	102	30	46	74	50	97	1	83	32	30	8	30	30	30	13	72	52	60	41	121	77	81	65	81	116	15	23	47	109	121	60	11	62	117	57	35	25	22	27	21	102	110	9	30	79	29	122	115	27	124	119	51	3	84	21	107	57	53	21	101	57	76	10	38	86	100	39	73	51	83	5	64	2	77	99	89	43	89	15	126	85	60	71	90	12	2	4	51	42	56	112	13	111	90	14	85	115
0	0	0	0	0	0	0	0	0	0	0	0	0	0	0	0	0	0	0	0	0	0	0	0	0	0	0	0	0	0	0	27	15	108	37	14	79	84	109	11	75	111	128	87	124	123	124	104	55	110	108	61	125	33	99	49	35	11	78	45	64	100	52	60	72	57	54	10	120	116	113	65	81	26	86	124	57	48	31	6	23	46	126	118	64	4	31	103	31	46	87	61	55	38	5	7	55	12	66	64	7	3	60	82	41	15	125	126	73	37	26	25	1	41	92	43	77	125	14	82	116	9	9	36	115	69	37	57
0	0	0	0	0	0	0	0	0	0	0	0	0	0	0	0	0	0	0	0	0	0	0	0	0	0	0	0	0	0	0	0	88	98	35	85	21	8	95	43	72	68	124	114	16	83	30	28	36	99	67	100	93	22	18	49	40	6	19	105	127	118	43	90	25	1	35	85	74	106	12	78	122	62	124	115	102	119	97	14	83	58	74	125	127	93	61	114	64	85	3	68	117	121	11	52	107	4	108	108	103	32	107	45	13	33	59	33	16	75	67	20	22	16	11	104	82	85	128	98	93	92	26	79	48	93	98	27
0	0	0	0	0	0	0	0	0	0	0	0	0	0	0	0	0	0	0	0	0	0	0	0	0	0	0	0	0	0	0	0	0	73	127	79	105	19	109	100	50	5	50	121	73	89	76	92	103	16	67	116	21	45	124	18	39	49	65	128	30	110	26	19	13	15	48	114	103	23	70	94	116	96	21	118	3	74	53	63	67	47	43	88	118	97	127	94	65	74	40	95	42	16	40	67	63	82	1	118	18	7	76	113	75	63	58	96	68	78	70	73	59	116	65	67	87	106	63	33	15	36	82	46	50	60	98	119
0	0	0	0	0	0	0	0	0	0	0	0	0	0	0	0	0	0	0	0	0	0	0	0	0	0	0	0	0	0	0	0	0	0	27	81	92	7	110	60	32	52	111	3	39	79	18	25	57	84	103	7	60	25	78	12	26	10	59	99	40	9	1	56	23	119	106	54	29	102	11	52	122	7	113	63	14	50	24	26	62	115	126	112	123	7	118	46	65	10	99	57	58	84	8	86	21	59	83	96	124	95	34	79	21	77	127	37	22	48	22	80	22	121	69	108	56	124	72	54	25	33	103	102	22	12	86	42
0	0	0	0	0	0	0	0	0	0	0	0	0	0	0	0	0	0	0	0	0	0	0	0	0	0	0	0	0	0	0	0	0	0	0	74	114	81	9	91	54	35	90	62	49	21	67	16	116	94	116	19	79	105	128	73	66	124	121	103	116	122	88	23	45	7	116	102	36	7	20	89	34	42	103	18	40	9	30	79	111	100	30	18	71	16	31	128	103	77	47	99	124	48	126	111	10	125	68	81	36	61	57	97	106	91	85	29	14	16	78	2	111	59	16	51	88	68	120	67	106	82	79	123	104	117	15	51
0	0	0	0	0	0	0	0	0	0	0	0	0	0	0	0	0	0	0	0	0	0	0	0	0	0	0	0	0	0	0	0	0	0	0	0	14	39	13	68	28	5	97	38	22	11	28	78	88	101	79	41	91	33	124	93	19	125	126	119	9	37	102	52	38	52	35	106	41	30	43	51	22	100	27	68	18	68	4	116	8	1	69	77	53	99	104	34	80	90	84	39	50	35	84	34	117	67	109	6	2	116	12	74	17	104	11	59	91	42	32	127	64	27	122	62	78	60	6	63	119	30	11	71	62	62	9	71
0	0	0	0	0	0	0	0	0	0	0	0	0	0	0	0	0	0	0	0	0	0	0	0	0	0	0	0	0	0	0	0	0	0	0	0	0	74	24	21	103	101	40	53	90	75	51	60	116	12	81	86	76	36	68	82	124	91	58	118	28	60	75	52	119	46	75	8	84	33	24	34	82	107	1	80	50	118	1	33	32	113	99	58	45	33	40	103	5	14	53	8	87	119	66	98	13	71	9	89	1	69	83	100	3	124	64	70	18	7	45	123	124	11	86	70	89	63	46	61	41	69	47	87	82	67	52	70
0	0	0	0	0	0	0	0	0	0	0	0	0	0	0	0	0	0	0	0	0	0	0	0	0	0	0	0	0	0	0	0	0	0	0	0	0	0	32	86	127	58	110	128	61	11	128	32	1	46	92	57	92	19	21	60	26	71	55	53	82	83	63	78	2	65	31	77	128	73	22	16	46	81	69	78	71	33	124	3	39	59	23	56	90	68	11	22	64	10	36	64	74	24	52	42	8	112	120	3	67	72	8	104	108	102	30	33	77	117	111	112	68	4	52	25	103	70	7	89	101	81	76	104	76	67	75	14
0	0	0	0	0	0	0	0	0	0	0	0	0	0	0	0	0	0	0	0	0	0	0	0	0	0	0	0	0	0	0	0	0	0	0	0	0	0	0	56	6	19	96	26	17	109	127	65	80	124	63	92	22	99	122	71	122	102	8	12	87	78	114	93	29	121	3	41	48	54	122	78	109	17	99	75	74	125	119	82	18	118	39	88	11	15	16	56	20	37	48	50	65	67	90	119	22	23	128	12	3	51	37	94	120	55	116	15	21	8	120	127	11	7	62	119	48	113	4	16	28	16	74	40	115	74	128	7
0	0	0	0	0	0	0	0	0	0	0	0	0	0	0	0	0	0	0	0	0	0	0	0	0	0	0	0	0	0	0	0	0	0	0	0	0	0	0	0	103	27	65	62	123	116	91	44	93	40	75	67	71	63	55	38	13	63	100	104	58	37	106	20	124	83	107	6	13	84	90	1	119	78	1	73	62	2	112	125	20	38	35	30	72	3	123	72	65	52	96	128	105	23	14	106	114	82	12	11	38	12	30	17	120	72	82	84	77	83	67	73	121	106	84	51	74	99	45	66	1	11	13	80	14	121	16	101
0	0	0	0	0	0	0	0	0	0	0	0	0	0	0	0	0	0	0	0	0	0	0	0	0	0	0	0	0	0	0	0	0	0	0	0	0	0	0	0	0	29	28	25	73	104	84	95	110	41	53	18	37	59	44	114	68	41	45	106	121	115	118	43	56	91	84	16	84	44	6	75	125	3	73	71	94	88	82	122	13	124	93	81	106	119	121	44	124	7	68	21	48	60	122	75	11	7	62	110	47	31	43	97	46	119	62	111	101	40	18	115	12	42	101	44	106	46	100	72	64	8	40	22	13	119	40	34
0	0	0	0	0	0	0	0	0	0	0	0	0	0	0	0	0	0	0	0	0	0	0	0	0	0	0	0	0	0	0	0	0	0	0	0	0	0	0	0	0	0	60	121	30	30	122	107	52	67	34	99	53	53	20	102	73	42	64	88	35	101	65	69	8	116	90	28	121	63	31	128	117	24	78	58	12	108	64	109	73	73	55	127	124	21	101	9	74	94	94	73	127	1	50	13	73	65	112	5	60	41	27	27	103	123	92	65	98	36	3	24	22	67	54	107	53	18	11	33	77	23	2	20	71	99	41	42
0	0	0	0	0	0	0	0	0	0	0	0	0	0	0	0	0	0	0	0	0	0	0	0	0	0	0	0	0	0	0	0	0	0	0	0	0	0	0	0	0	0	0	31	33	58	16	46	111	1	63	58	42	25	119	71	86	56	90	95	88	115	25	86	44	51	86	38	82	22	54	19	61	5	11	68	72	30	28	75	41	103	18	90	95	115	12	123	18	51	35	48	32	38	27	97	22	10	105	38	17	124	6	44	108	5	1	120	97	128	34	92	63	116	79	74	66	29	41	113	12	42	116	87	58	64	48	93
0	0	0	0	0	0	0	0	0	0	0	0	0	0	0	0	0	0	0	0	0	0	0	0	0	0	0	0	0	0	0	0	0	0	0	0	0	0	0	0	0	0	0	0	18	55	44	100	57	87	39	20	88	52	8	123	42	107	100	66	33	30	86	103	50	37	112	39	110	105	20	98	61	81	82	68	123	8	70	56	60	97	88	49	112	46	120	100	50	17	53	44	28	59	61	93	110	53	100	87	86	113	6	1	13	125	42	21	109	95	119	100	40	18	31	14	105	96	78	42	104	106	106	31	128	122	65	18
0	0	0	0	0	0	0	0	0	0	0	0	0	0	0	0	0	0	0	0	0	0	0	0	0	0	0	0	0	0	0	0	0	0	0	0	0	0	0	0	0	0	0	0	0	11	128	126	37	24	123	88	61	127	28	14	48	37	86	34	103	53	118	117	94	55	35	106	50	92	110	79	77	63	65	23	13	127	15	75	33	6	109	14	5	15	95	13	103	2	59	21	90	101	106	25	87	24	88	46	49	88	63	128	120	8	38	6	95	69	108	31	24	119	27	109	46	48	97	7	122	120	53	73	25	48	65	29
0	0	0	0	0	0	0	0	0	0	0	0	0	0	0	0	0	0	0	0	0	0	0	0	0	0	0	0	0	0	0	0	0	0	0	0	0	0	0	0	0	0	0	0	0	0	114	104	13	41	119	88	66	6	34	106	38	40	47	70	57	74	119	80	73	38	76	5	13	99	119	27	68	122	15	85	81	40	128	46	16	7	87	102	82	102	21	58	111	95	18	89	64	119	121	26	24	7	83	38	82	1	103	64	21	95	70	18	2	92	26	54	127	91	44	53	111	62	102	108	114	7	91	38	104	114	50	34
0	0	0	0	0	0	0	0	0	0	0	0	0	0	0	0	0	0	0	0	0	0	0	0	0	0	0	0	0	0	0	0	0	0	0	0	0	0	0	0	0	0	0	0	0	0	0	52	60	88	4	91	40	116	39	57	91	57	43	52	126	126	78	126	39	57	87	62	107	6	70	62	43	14	5	60	61	41	94	46	103	6	21	100	102	99	61	84	128	92	76	16	127	59	81	69	14	81	6	69	125	57	55	109	125	7	14	91	115	63	55	30	93	81	53	33	48	96	13	38	59	21	70	103	13	8	40	55
0	0	0	0	0	0	0	0	0	0	0	0	0	0	0	0	0	0	0	0	0	0	0	0	0	0	0	0	0	0	0	0	0	0	0	0	0	0	0	0	0	0	0	0	0	0	0	0	4	105	41	76	74	27	42	109	84	66	40	128	53	81	27	28	89	94	30	55	87	6	78	47	56	107	56	36	53	76	61	66	44	85	120	27	119	116	7	30	17	94	39	58	69	73	13	83	8	124	13	56	101	58	110	87	36	2	4	26	44	45	67	73	59	114	103	110	65	8	54	70	99	70	94	38	15	42	99	67
0	0	0	0	0	0	0	0	0	0	0	0	0	0	0	0	0	0	0	0	0	0	0	0	0	0	0	0	0	0	0	0	0	0	0	0	0	0	0	0	0	0	0	0	0	0	0	0	0	26	79	106	88	103	110	74	125	100	44	79	86	92	25	102	6	29	90	78	99	68	18	95	46	103	51	72	37	99	89	93	82	110	114	18	98	70	47	59	3	16	50	102	42	16	125	38	90	38	118	65	91	96	62	52	78	3	19	101	106	59	42	14	112	2	61	65	59	29	16	71	74	20	22	70	85	64	98	100
0	0	0	0	0	0	0	0	0	0	0	0	0	0	0	0	0	0	0	0	0	0	0	0	0	0	0	0	0	0	0	0	0	0	0	0	0	0	0	0	0	0	0	0	0	0	0	0	0	0	11	120	27	6	1	102	40	50	5	97	9	48	34	56	117	27	101	1	44	7	54	86	42	52	19	91	93	51	50	104	60	33	4	97	22	38	54	8	87	36	31	43	74	40	60	37	63	59	113	51	58	28	55	94	35	62	114	73	67	122	82	105	90	19	94	18	6	85	48	34	57	85	121	41	23	33	65	105
0	0	0	0	0	0	0	0	0	0	0	0	0	0	0	0	0	0	0	0	0	0	0	0	0	0	0	0	0	0	0	0	0	0	0	0	0	0	0	0	0	0	0	0	0	0	0	0	0	0	0	82	13	78	45	104	29	99	25	109	16	55	17	84	19	35	29	2	31	96	59	5	75	9	80	119	100	120	4	24	22	57	94	111	67	1	16	123	92	101	9	42	16	18	48	84	65	63	67	65	125	107	10	15	103	15	99	62	119	51	128	112	4	126	44	48	88	29	9	48	116	44	5	9	111	54	124	22
0	0	0	0	0	0	0	0	0	0	0	0	0	0	0	0	0	0	0	0	0	0	0	0	0	0	0	0	0	0	0	0	0	0	0	0	0	0	0	0	0	0	0	0	0	0	0	0	0	0	0	0	121	114	3	44	28	39	92	79	7	94	39	121	55	93	73	82	24	45	119	28	54	16	24	112	63	69	106	38	97	36	31	43	48	126	2	23	34	97	81	15	74	71	42	111	54	67	107	71	123	92	101	72	22	78	73	67	29	93	16	89	51	123	3	36	104	42	9	37	29	56	32	64	6	64	40	19
0	0	0	0	0	0	0	0	0	0	0	0	0	0	0	0	0	0	0	0	0	0	0	0	0	0	0	0	0	0	0	0	0	0	0	0	0	0	0	0	0	0	0	0	0	0	0	0	0	0	0	0	0	13	121	99	104	64	63	31	54	91	58	9	70	44	103	57	105	39	1	15	11	112	36	70	116	48	28	47	11	57	94	66	2	49	21	51	83	51	125	49	31	31	78	22	71	70	62	77	112	103	76	32	10	26	109	3	2	47	29	35	95	120	51	85	53	47	60	54	70	1	102	51	44	108	58	105
0	0	0	0	0	0	0	0	0	0	0	0	0	0	0	0	0	0	0	0	0	0	0	0	0	0	0	0	0	0	0	0	0	0	0	0	0	0	0	0	0	0	0	0	0	0	0	0	0	0	0	0	0	0	65	37	21	111	79	3	63	41	100	26	52	108	69	35	125	12	70	118	2	110	22	93	111	26	22	39	15	38	76	26	115	69	21	49	79	87	111	67	62	51	80	31	63	7	127	21	66	41	26	11	9	120	105	75	34	65	43	17	50	32	87	61	71	34	61	82	15	57	111	98	4	81	39	18
0	0	0	0	0	0	0	0	0	0	0	0	0	0	0	0	0	0	0	0	0	0	0	0	0	0	0	0	0	0	0	0	0	0	0	0	0	0	0	0	0	0	0	0	0	0	0	0	0	0	0	0	0	0	0	119	61	102	49	12	44	123	72	111	24	40	116	12	104	112	32	106	45	74	57	118	32	97	43	19	87	87	60	5	73	53	15	17	117	38	87	46	13	8	18	16	57	24	35	23	120	16	106	45	102	32	57	119	74	63	54	73	89	42	27	59	4	55	105	43	19	40	22	67	46	107	72	78
0	0	0	0	0	0	0	0	0	0	0	0	0	0	0	0	0	0	0	0	0	0	0	0	0	0	0	0	0	0	0	0	0	0	0	0	0	0	0	0	0	0	0	0	0	0	0	0	0	0	0	0	0	0	0	0	14	20	117	118	85	59	116	91	97	25	72	27	49	35	119	92	85	57	86	78	30	55	69	20	44	96	102	5	66	105	45	17	63	50	81	53	95	50	28	36	13	96	44	115	65	23	85	38	5	124	84	48	83	9	93	35	38	32	96	49	119	80	12	1	22	1	83	49	67	49	128	23
0	0	0	0	0	0	0	0	0	0	0	0	0	0	0	0	0	0	0	0	0	0	0	0	0	0	0	0	0	0	0	0	0	0	0	0	0	0	0	0	0	0	0	0	0	0	0	0	0	0	0	0	0	0	0	0	0	47	74	63	51	7	27	33	47	29	25	26	127	115	64	89	88	86	119	126	4	45	98	126	8	86	58	59	127	52	17	59	65	76	50	37	55	4	33	122	69	111	5	100	87	32	80	45	57	55	124	100	7	101	126	114	23	92	99	77	59	49	118	80	81	114	46	109	44	110	94	29
0	0	0	0	0	0	0	0	0	0	0	0	0	0	0	0	0	0	0	0	0	0	0	0	0	0	0	0	0	0	0	0	0	0	0	0	0	0	0	0	0	0	0	0	0	0	0	0	0	0	0	0	0	0	0	0	0	0	6	51	79	31	15	94	91	20	46	3	106	70	124	119	76	94	101	37	98	83	16	46	10	109	52	9	51	24	103	92	107	116	107	4	70	14	5	103	59	87	123	81	53	113	72	71	101	123	79	38	72	36	98	26	13	73	46	2	77	3	86	74	13	115	50	112	16	6	121	125
0	0	0	0	0	0	0	0	0	0	0	0	0	0	0	0	0	0	0	0	0	0	0	0	0	0	0	0	0	0	0	0	0	0	0	0	0	0	0	0	0	0	0	0	0	0	0	0	0	0	0	0	0	0	0	0	0	0	0	38	20	112	4	31	103	21	32	70	7	83	53	79	108	66	5	85	56	65	88	95	94	6	42	19	34	2	10	16	126	86	23	108	9	54	90	107	57	6	21	55	95	103	106	77	92	126	64	30	38	47	50	53	105	118	49	111	58	48	55	116	80	40	32	21	118	52	23	123
0	0	0	0	0	0	0	0	0	0	0	0	0	0	0	0	0	0	0	0	0	0	0	0	0	0	0	0	0	0	0	0	0	0	0	0	0	0	0	0	0	0	0	0	0	0	0	0	0	0	0	0	0	0	0	0	0	0	0	0	108	92	99	35	108	111	52	24	48	78	49	108	75	1	86	25	4	31	18	14	3	79	10	83	48	60	97	50	85	10	11	75	17	119	51	98	125	80	102	56	72	8	68	45	10	113	30	4	79	114	93	110	9	52	101	29	71	114	92	52	58	77	24	94	86	26	103	122
0	0	0	0	0	0	0	0	0	0	0	0	0	0	0	0	0	0	0	0	0	0	0	0	0	0	0	0	0	0	0	0	0	0	0	0	0	0	0	0	0	0	0	0	0	0	0	0	0	0	0	0	0	0	0	0	0	0	0	0	0	68	33	21	34	17	127	24	58	39	41	33	97	56	54	106	109	71	107	52	69	107	55	13	29	42	48	15	36	69	108	127	5	107	71	52	14	33	14	68	3	51	3	48	90	79	71	84	4	119	46	23	55	21	83	35	106	109	118	56	46	21	121	41	57	96	8	24
0	0	0	0	0	0	0	0	0	0	0	0	0	0	0	0	0	0	0	0	0	0	0	0	0	0	0	0	0	0	0	0	0	0	0	0	0	0	0	0	0	0	0	0	0	0	0	0	0	0	0	0	0	0	0	0	0	0	0	0	0	0	60	32	34	65	126	51	53	127	26	100	118	2	72	121	13	15	38	52	79	67	67	71	98	12	100	86	70	74	109	76	3	25	86	55	52	46	22	105	13	81	77	19	94	91	44	121	120	24	63	108	10	4	113	16	102	111	16	127	44	22	57	50	99	6	33	98
0	0	0	0	0	0	0	0	0	0	0	0	0	0	0	0	0	0	0	0	0	0	0	0	0	0	0	0	0	0	0	0	0	0	0	0	0	0	0	0	0	0	0	0	0	0	0	0	0	0	0	0	0	0	0	0	0	0	0	0	0	0	0	25	7	124	66	23	32	61	95	30	1	2	50	1	39	65	54	35	71	98	58	124	103	25	113	99	105	15	8	9	82	28	23	63	127	102	120	102	69	126	2	107	3	43	66	98	55	85	64	66	9	121	93	3	69	11	128	125	8	113	50	104	92	63	107	113
0	0	0	0	0	0	0	0	0	0	0	0	0	0	0	0	0	0	0	0	0	0	0	0	0	0	0	0	0	0	0	0	0	0	0	0	0	0	0	0	0	0	0	0	0	0	0	0	0	0	0	0	0	0	0	0	0	0	0	0	0	0	0	0	72	88	124	46	126	114	62	39	15	76	48	83	71	95	101	9	37	1	89	91	110	3	109	77	2	80	78	95	97	94	1	21	96	58	51	88	123	30	60	81	45	18	92	51	36	99	35	73	87	61	68	107	67	53	1	39	65	5	16	40	126	58	79	2
0	0	0	0	0	0	0	0	0	0	0	0	0	0	0	0	0	0	0	0	0	0	0	0	0	0	0	0	0	0	0	0	0	0	0	0	0	0	0	0	0	0	0	0	0	0	0	0	0	0	0	0	0	0	0	0	0	0	0	0	0	0	0	0	0	121	29	65	55	78	18	100	92	3	49	63	120	18	72	30	71	38	128	117	116	73	50	27	19	93	68	109	70	27	49	44	39	83	97	101	34	49	75	92	120	69	33	19	12	33	103	38	107	78	16	17	67	40	54	125	13	13	52	46	67	117	71	56
0	0	0	0	0	0	0	0	0	0	0	0	0	0	0	0	0	0	0	0	0	0	0	0	0	0	0	0	0	0	0	0	0	0	0	0	0	0	0	0	0	0	0	0	0	0	0	0	0	0	0	0	0	0	0	0	0	0	0	0	0	0	0	0	0	0	46	125	6	114	108	58	109	90	68	74	3	32	95	65	44	108	80	96	89	39	35	118	128	64	115	10	86	48	90	78	14	29	85	119	17	89	61	97	57	17	10	8	22	68	118	99	124	60	38	89	54	82	117	17	5	21	64	22	61	91	46	64
0	0	0	0	0	0	0	0	0	0	0	0	0	0	0	0	0	0	0	0	0	0	0	0	0	0	0	0	0	0	0	0	0	0	0	0	0	0	0	0	0	0	0	0	0	0	0	0	0	0	0	0	0	0	0	0	0	0	0	0	0	0	0	0	0	0	0	45	80	121	13	51	88	67	64	127	103	2	13	73	25	7	44	85	117	20	119	49	9	89	105	128	18	61	33	17	121	50	6	27	114	92	81	108	31	47	120	73	28	127	54	76	125	120	112	89	112	112	10	76	83	6	49	106	97	73	7	119
0	0	0	0	0	0	0	0	0	0	0	0	0	0	0	0	0	0	0	0	0	0	0	0	0	0	0	0	0	0	0	0	0	0	0	0	0	0	0	0	0	0	0	0	0	0	0	0	0	0	0	0	0	0	0	0	0	0	0	0	0	0	0	0	0	0	0	0	32	75	54	98	16	43	68	95	7	40	92	75	113	30	19	98	104	112	80	89	5	85	128	29	120	92	122	88	127	119	103	50	34	39	27	87	54	34	87	3	75	123	29	44	103	15	11	30	128	81	56	84	35	77	58	31	31	82	83	18
0	0	0	0	0	0	0	0	0	0	0	0	0	0	0	0	0	0	0	0	0	0	0	0	0	0	0	0	0	0	0	0	0	0	0	0	0	0	0	0	0	0	0	0	0	0	0	0	0	0	0	0	0	0	0	0	0	0	0	0	0	0	0	0	0	0	0	0	0	78	93	125	39	74	70	107	24	107	49	80	34	96	39	58	58	128	26	1	93	86	123	34	1	37	21	108	9	16	58	49	28	38	97	121	35	47	32	103	27	110	107	77	70	17	72	84	90	16	46	119	13	17	113	92	56	99	61	113
0	0	0	0	0	0	0	0	0	0	0	0	0	0	0	0	0	0	0	0	0	0	0	0	0	0	0	0	0	0	0	0	0	0	0	0	0	0	0	0	0	0	0	0	0	0	0	0	0	0	0	0	0	0	0	0	0	0	0	0	0	0	0	0	0	0	0	0	0	0	82	97	88	16	63	88	67	49	43	89	80	69	104	58	26	96	10	110	85	81	30	81	57	15	118	52	108	77	96	109	32	12	53	104	115	90	63	3	118	61	86	34	54	9	119	115	83	96	36	82	48	37	57	42	104	80	66	91
0	0	0	0	0	0	0	0	0	0	0	0	0	0	0	0	0	0	0	0	0	0	0	0	0	0	0	0	0	0	0	0	0	0	0	0	0	0	0	0	0	0	0	0	0	0	0	0	0	0	0	0	0	0	0	0	0	0	0	0	0	0	0	0	0	0	0	0	0	0	0	64	105	62	38	39	3	6	119	10	86	122	107	102	41	12	49	84	38	91	7	48	120	34	53	17	17	84	93	69	32	123	105	100	128	51	112	23	33	55	117	72	66	109	100	2	72	48	118	43	127	39	12	95	74	100	62	114
0	0	0	0	0	0	0	0	0	0	0	0	0	0	0	0	0	0	0	0	0	0	0	0	0	0	0	0	0	0	0	0	0	0	0	0	0	0	0	0	0	0	0	0	0	0	0	0	0	0	0	0	0	0	0	0	0	0	0	0	0	0	0	0	0	0	0	0	0	0	0	0	14	23	17	38	73	44	124	20	38	23	66	23	53	3	118	101	90	3	83	42	70	12	56	104	3	12	121	72	16	108	4	103	116	63	100	115	71	24	112	107	6	68	104	47	39	10	35	9	45	92	91	127	42	100	112	90
0	0	0	0	0	0	0	0	0	0	0	0	0	0	0	0	0	0	0	0	0	0	0	0	0	0	0	0	0	0	0	0	0	0	0	0	0	0	0	0	0	0	0	0	0	0	0	0	0	0	0	0	0	0	0	0	0	0	0	0	0	0	0	0	0	0	0	0	0	0	0	0	0	7	38	73	118	30	59	62	83	33	95	113	125	66	44	26	16	75	64	5	8	92	113	122	83	121	86	5	114	106	101	57	109	34	21	68	31	84	94	26	114	128	97	56	56	40	66	87	20	40	10	70	123	126	112	25
0	0	0	0	0	0	0	0	0	0	0	0	0	0	0	0	0	0	0	0	0	0	0	0	0	0	0	0	0	0	0	0	0	0	0	0	0	0	0	0	0	0	0	0	0	0	0	0	0	0	0	0	0	0	0	0	0	0	0	0	0	0	0	0	0	0	0	0	0	0	0	0	0	0	122	71	6	19	88	106	60	119	89	53	51	49	72	83	114	114	110	127	32	18	58	121	104	2	78	127	57	53	91	121	40	32	105	74	22	91	12	34	100	24	62	25	40	10	126	24	34	127	43	100	105	107	56	25
0	0	0	0	0	0	0	0	0	0	0	0	0	0	0	0	0	0	0	0	0	0	0	0	0	0	0	0	0	0	0	0	0	0	0	0	0	0	0	0	0	0	0	0	0	0	0	0	0	0	0	0	0	0	0	0	0	0	0	0	0	0	0	0	0	0	0	0	0	0	0	0	0	0	0	70	37	17	101	105	65	1	124	49	26	82	22	83	126	118	40	34	125	9	72	44	54	109	12	108	38	119	83	8	2	103	115	77	97	18	70	86	57	37	127	15	116	17	60	80	103	86	104	99	46	78	54	107
0	0	0	0	0	0	0	0	0	0	0	0	0	0	0	0	0	0	0	0	0	0	0	0	0	0	0	0	0	0	0	0	0	0	0	0	0	0	0	0	0	0	0	0	0	0	0	0	0	0	0	0	0	0	0	0	0	0	0	0	0	0	0	0	0	0	0	0	0	0	0	0	0	0	0	0	29	57	95	116	63	96	73	109	68	86	107	35	33	41	92	23	127	27	8	50	96	49	33	84	57	124	16	76	90	113	120	8	49	5	106	100	14	39	26	123	107	25	85	111	10	82	118	77	95	105	10	90
0	0	0	0	0	0	0	0	0	0	0	0	0	0	0	0	0	0	0	0	0	0	0	0	0	0	0	0	0	0	0	0	0	0	0	0	0	0	0	0	0	0	0	0	0	0	0	0	0	0	0	0	0	0	0	0	0	0	0	0	0	0	0	0	0	0	0	0	0	0	0	0	0	0	0	0	0	91	34	46	21	114	76	10	95	33	75	12	63	2	33	16	96	88	98	113	1	109	61	91	68	46	89	6	4	8	55	81	18	30	59	118	82	76	121	71	77	32	17	85	5	62	120	122	16	61	10	65
0	0	0	0	0	0	0	0	0	0	0	0	0	0	0	0	0	0	0	0	0	0	0	0	0	0	0	0	0	0	0	0	0	0	0	0	0	0	0	0	0	0	0	0	0	0	0	0	0	0	0	0	0	0	0	0	0	0	0	0	0	0	0	0	0	0	0	0	0	0	0	0	0	0	0	0	0	0	107	36	108	43	14	72	75	28	6	13	89	64	124	57	13	53	81	118	93	111	40	9	124	6	38	117	51	72	121	21	114	71	90	65	24	73	91	125	70	126	106	47	124	61	103	36	58	34	94	43
0	0	0	0	0	0	0	0	0	0	0	0	0	0	0	0	0	0	0	0	0	0	0	0	0	0	0	0	0	0	0	0	0	0	0	0	0	0	0	0	0	0	0	0	0	0	0	0	0	0	0	0	0	0	0	0	0	0	0	0	0	0	0	0	0	0	0	0	0	0	0	0	0	0	0	0	0	0	0	55	59	25	34	96	65	74	67	66	51	94	54	77	27	62	94	60	111	19	66	70	99	26	114	126	5	98	126	35	119	62	124	44	75	26	45	120	35	101	117	119	46	96	100	93	2	6	42	50
0	0	0	0	0	0	0	0	0	0	0	0	0	0	0	0	0	0	0	0	0	0	0	0	0	0	0	0	0	0	0	0	0	0	0	0	0	0	0	0	0	0	0	0	0	0	0	0	0	0	0	0	0	0	0	0	0	0	0	0	0	0	0	0	0	0	0	0	0	0	0	0	0	0	0	0	0	0	0	0	111	105	39	19	4	35	112	5	62	17	2	68	118	11	19	81	5	91	111	73	95	116	85	121	44	126	57	55	12	65	101	14	61	107	37	28	90	69	85	17	106	39	88	7	17	128	107	43
0	0	0	0	0	0	0	0	0	0	0	0	0	0	0	0	0	0	0	0	0	0	0	0	0	0	0	0	0	0	0	0	0	0	0	0	0	0	0	0	0	0	0	0	0	0	0	0	0	0	0	0	0	0	0	0	0	0	0	0	0	0	0	0	0	0	0	0	0	0	0	0	0	0	0	0	0	0	0	0	0	107	45	24	105	75	60	85	20	98	48	104	126	14	13	87	33	72	8	99	39	65	57	93	67	38	51	90	83	116	75	98	20	33	5	35	23	17	70	33	125	61	111	82	31	113	9	99
0	0	0	0	0	0	0	0	0	0	0	0	0	0	0	0	0	0	0	0	0	0	0	0	0	0	0	0	0	0	0	0	0	0	0	0	0	0	0	0	0	0	0	0	0	0	0	0	0	0	0	0	0	0	0	0	0	0	0	0	0	0	0	0	0	0	0	0	0	0	0	0	0	0	0	0	0	0	0	0	0	0	27	97	22	78	86	93	78	107	30	18	43	29	125	121	75	68	19	66	10	100	3	125	54	31	104	94	51	13	105	71	19	22	18	33	113	99	31	123	75	56	30	1	125	112	33	111
0	0	0	0	0	0	0	0	0	0	0	0	0	0	0	0	0	0	0	0	0	0	0	0	0	0	0	0	0	0	0	0	0	0	0	0	0	0	0	0	0	0	0	0	0	0	0	0	0	0	0	0	0	0	0	0	0	0	0	0	0	0	0	0	0	0	0	0	0	0	0	0	0	0	0	0	0	0	0	0	0	0	0	48	40	112	44	76	71	50	87	111	60	59	61	76	37	118	104	118	87	108	105	54	5	87	11	57	64	79	96	103	115	41	68	113	87	83	63	35	89	42	32	52	29	98	94	42
0	0	0	0	0	0	0	0	0	0	0	0	0	0	0	0	0	0	0	0	0	0	0	0	0	0	0	0	0	0	0	0	0	0	0	0	0	0	0	0	0	0	0	0	0	0	0	0	0	0	0	0	0	0	0	0	0	0	0	0	0	0	0	0	0	0	0	0	0	0	0	0	0	0	0	0	0	0	0	0	0	0	0	0	98	98	57	124	47	43	13	104	92	11	98	82	92	81	62	25	13	122	54	6	34	10	15	101	61	127	41	7	90	65	37	87	92	9	120	108	72	2	112	10	51	115	98	103
0	0	0	0	0	0	0	0	0	0	0	0	0	0	0	0	0	0	0	0	0	0	0	0	0	0	0	0	0	0	0	0	0	0	0	0	0	0	0	0	0	0	0	0	0	0	0	0	0	0	0	0	0	0	0	0	0	0	0	0	0	0	0	0	0	0	0	0	0	0	0	0	0	0	0	0	0	0	0	0	0	0	0	0	0	6	87	15	26	43	93	54	128	110	5	57	67	10	5	121	128	94	57	97	113	79	58	114	54	106	50	55	108	83	112	112	109	119	8	94	119	104	50	34	34	6	6	47
0	0	0	0	0	0	0	0	0	0	0	0	0	0	0	0	0	0	0	0	0	0	0	0	0	0	0	0	0	0	0	0	0	0	0	0	0	0	0	0	0	0	0	0	0	0	0	0	0	0	0	0	0	0	0	0	0	0	0	0	0	0	0	0	0	0	0	0	0	0	0	0	0	0	0	0	0	0	0	0	0	0	0	0	0	0	21	97	65	6	106	30	108	7	54	83	115	118	114	88	50	49	14	91	83	51	71	64	55	23	38	65	83	26	83	80	37	25	50	24	111	53	37	64	22	79	65	48
0	0	0	0	0	0	0	0	0	0	0	0	0	0	0	0	0	0	0	0	0	0	0	0	0	0	0	0	0	0	0	0	0	0	0	0	0	0	0	0	0	0	0	0	0	0	0	0	0	0	0	0	0	0	0	0	0	0	0	0	0	0	0	0	0	0	0	0	0	0	0	0	0	0	0	0	0	0	0	0	0	0	0	0	0	0	0	8	72	24	12	62	3	14	17	67	31	17	25	46	89	32	64	54	106	69	85	99	36	29	96	90	114	32	30	24	15	84	67	104	118	26	56	96	37	4	107	110
0	0	0	0	0	0	0	0	0	0	0	0	0	0	0	0	0	0	0	0	0	0	0	0	0	0	0	0	0	0	0	0	0	0	0	0	0	0	0	0	0	0	0	0	0	0	0	0	0	0	0	0	0	0	0	0	0	0	0	0	0	0	0	0	0	0	0	0	0	0	0	0	0	0	0	0	0	0	0	0	0	0	0	0	0	0	0	0	27	122	11	19	123	50	4	128	61	67	101	90	82	81	107	17	28	11	111	89	32	6	96	56	5	12	76	113	109	118	108	96	60	120	113	44	41	9	30	20
0	0	0	0	0	0	0	0	0	0	0	0	0	0	0	0	0	0	0	0	0	0	0	0	0	0	0	0	0	0	0	0	0	0	0	0	0	0	0	0	0	0	0	0	0	0	0	0	0	0	0	0	0	0	0	0	0	0	0	0	0	0	0	0	0	0	0	0	0	0	0	0	0	0	0	0	0	0	0	0	0	0	0	0	0	0	0	0	0	50	127	68	110	67	77	25	32	122	120	83	34	90	124	102	31	42	93	79	34	66	66	122	30	1	50	7	117	62	113	91	115	22	122	17	24	117	102	18
0	0	0	0	0	0	0	0	0	0	0	0	0	0	0	0	0	0	0	0	0	0	0	0	0	0	0	0	0	0	0	0	0	0	0	0	0	0	0	0	0	0	0	0	0	0	0	0	0	0	0	0	0	0	0	0	0	0	0	0	0	0	0	0	0	0	0	0	0	0	0	0	0	0	0	0	0	0	0	0	0	0	0	0	0	0	0	0	0	0	106	47	24	21	102	112	125	119	101	33	65	6	17	6	15	94	112	94	91	12	118	78	42	104	22	25	52	76	19	113	58	17	58	119	102	88	28	29
0	0	0	0	0	0	0	0	0	0	0	0	0	0	0	0	0	0	0	0	0	0	0	0	0	0	0	0	0	0	0	0	0	0	0	0	0	0	0	0	0	0	0	0	0	0	0	0	0	0	0	0	0	0	0	0	0	0	0	0	0	0	0	0	0	0	0	0	0	0	0	0	0	0	0	0	0	0	0	0	0	0	0	0	0	0	0	0	0	0	0	25	42	115	94	42	80	61	82	37	120	71	95	112	23	32	123	33	82	13	82	70	81	7	55	63	111	5	55	3	118	2	14	35	68	96	6	99
0	0	0	0	0	0	0	0	0	0	0	0	0	0	0	0	0	0	0	0	0	0	0	0	0	0	0	0	0	0	0	0	0	0	0	0	0	0	0	0	0	0	0	0	0	0	0	0	0	0	0	0	0	0	0	0	0	0	0	0	0	0	0	0	0	0	0	0	0	0	0	0	0	0	0	0	0	0	0	0	0	0	0	0	0	0	0	0	0	0	0	0	122	83	50	104	124	105	103	12	109	87	36	90	117	117	115	51	107	72	92	103	67	66	115	31	1	24	45	81	92	112	1	21	109	104	88	68
0	0	0	0	0	0	0	0	0	0	0	0	0	0	0	0	0	0	0	0	0	0	0	0	0	0	0	0	0	0	0	0	0	0	0	0	0	0	0	0	0	0	0	0	0	0	0	0	0	0	0	0	0	0	0	0	0	0	0	0	0	0	0	0	0	0	0	0	0	0	0	0	0	0	0	0	0	0	0	0	0	0	0	0	0	0	0	0	0	0	0	0	0	68	92	112	107	124	85	127	54	23	4	70	31	117	78	51	126	53	34	100	47	6	70	73	54	63	58	24	24	5	95	58	113	20	14	48
0	0	0	0	0	0	0	0	0	0	0	0	0	0	0	0	0	0	0	0	0	0	0	0	0	0	0	0	0	0	0	0	0	0	0	0	0	0	0	0	0	0	0	0	0	0	0	0	0	0	0	0	0	0	0	0	0	0	0	0	0	0	0	0	0	0	0	0	0	0	0	0	0	0	0	0	0	0	0	0	0	0	0	0	0	0	0	0	0	0	0	0	0	0	56	102	52	108	102	74	92	46	13	94	105	106	94	37	51	70	76	45	128	116	95	13	89	77	112	27	61	107	41	6	113	5	126	92
0	0	0	0	0	0	0	0	0	0	0	0	0	0	0	0	0	0	0	0	0	0	0	0	0	0	0	0	0	0	0	0	0	0	0	0	0	0	0	0	0	0	0	0	0	0	0	0	0	0	0	0	0	0	0	0	0	0	0	0	0	0	0	0	0	0	0	0	0	0	0	0	0	0	0	0	0	0	0	0	0	0	0	0	0	0	0	0	0	0	0	0	0	0	0	38	88	37	123	47	86	1	116	72	72	48	99	106	113	80	119	1	35	31	71	78	118	36	22	18	47	61	2	25	116	89	78	38
0	0	0	0	0	0	0	0	0	0	0	0	0	0	0	0	0	0	0	0	0	0	0	0	0	0	0	0	0	0	0	0	0	0	0	0	0	0	0	0	0	0	0	0	0	0	0	0	0	0	0	0	0	0	0	0	0	0	0	0	0	0	0	0	0	0	0	0	0	0	0	0	0	0	0	0	0	0	0	0	0	0	0	0	0	0	0	0	0	0	0	0	0	0	0	0	36	65	63	126	1	36	27	95	58	95	62	2	20	125	125	39	97	56	108	109	23	33	106	110	46	63	66	12	21	41	26	45
0	0	0	0	0	0	0	0	0	0	0	0	0	0	0	0	0	0	0	0	0	0	0	0	0	0	0	0	0	0	0	0	0	0	0	0	0	0	0	0	0	0	0	0	0	0	0	0	0	0	0	0	0	0	0	0	0	0	0	0	0	0	0	0	0	0	0	0	0	0	0	0	0	0	0	0	0	0	0	0	0	0	0	0	0	0	0	0	0	0	0	0	0	0	0	0	0	35	43	80	107	5	127	29	113	23	25	116	7	38	128	93	10	91	7	85	76	79	46	111	9	43	22	14	94	52	94	42
0	0	0	0	0	0	0	0	0	0	0	0	0	0	0	0	0	0	0	0	0	0	0	0	0	0	0	0	0	0	0	0	0	0	0	0	0	0	0	0	0	0	0	0	0	0	0	0	0	0	0	0	0	0	0	0	0	0	0	0	0	0	0	0	0	0	0	0	0	0	0	0	0	0	0	0	0	0	0	0	0	0	0	0	0	0	0	0	0	0	0	0	0	0	0	0	0	0	29	10	16	5	85	33	50	59	72	73	126	66	95	77	18	24	1	123	2	16	111	72	128	35	55	101	1	113	2	31
0	0	0	0	0	0	0	0	0	0	0	0	0	0	0	0	0	0	0	0	0	0	0	0	0	0	0	0	0	0	0	0	0	0	0	0	0	0	0	0	0	0	0	0	0	0	0	0	0	0	0	0	0	0	0	0	0	0	0	0	0	0	0	0	0	0	0	0	0	0	0	0	0	0	0	0	0	0	0	0	0	0	0	0	0	0	0	0	0	0	0	0	0	0	0	0	0	0	0	114	67	84	120	70	103	74	83	109	14	35	25	120	122	23	17	24	19	46	116	105	91	80	107	14	84	77	41	94
0	0	0	0	0	0	0	0	0	0	0	0	0	0	0	0	0	0	0	0	0	0	0	0	0	0	0	0	0	0	0	0	0	0	0	0	0	0	0	0	0	0	0	0	0	0	0	0	0	0	0	0	0	0	0	0	0	0	0	0	0	0	0	0	0	0	0	0	0	0	0	0	0	0	0	0	0	0	0	0	0	0	0	0	0	0	0	0	0	0	0	0	0	0	0	0	0	0	0	0	21	87	49	68	30	76	43	73	72	125	110	97	2	94	115	41	29	83	46	86	32	1	33	2	52	96	80	89
0	0	0	0	0	0	0	0	0	0	0	0	0	0	0	0	0	0	0	0	0	0	0	0	0	0	0	0	0	0	0	0	0	0	0	0	0	0	0	0	0	0	0	0	0	0	0	0	0	0	0	0	0	0	0	0	0	0	0	0	0	0	0	0	0	0	0	0	0	0	0	0	0	0	0	0	0	0	0	0	0	0	0	0	0	0	0	0	0	0	0	0	0	0	0	0	0	0	0	0	0	63	113	69	50	29	57	121	99	64	101	12	87	16	24	115	77	22	127	121	125	42	112	120	5	51	128	56
0	0	0	0	0	0	0	0	0	0	0	0	0	0	0	0	0	0	0	0	0	0	0	0	0	0	0	0	0	0	0	0	0	0	0	0	0	0	0	0	0	0	0	0	0	0	0	0	0	0	0	0	0	0	0	0	0	0	0	0	0	0	0	0	0	0	0	0	0	0	0	0	0	0	0	0	0	0	0	0	0	0	0	0	0	0	0	0	0	0	0	0	0	0	0	0	0	0	0	0	0	0	51	17	121	32	38	74	67	118	33	3	118	125	104	109	57	28	95	70	121	53	72	54	58	46	92	127
0	0	0	0	0	0	0	0	0	0	0	0	0	0	0	0	0	0	0	0	0	0	0	0	0	0	0	0	0	0	0	0	0	0	0	0	0	0	0	0	0	0	0	0	0	0	0	0	0	0	0	0	0	0	0	0	0	0	0	0	0	0	0	0	0	0	0	0	0	0	0	0	0	0	0	0	0	0	0	0	0	0	0	0	0	0	0	0	0	0	0	0	0	0	0	0	0	0	0	0	0	0	0	61	128	108	86	86	93	19	68	61	89	56	102	113	87	17	85	54	4	4	25	30	41	33	50	87
0	0	0	0	0	0	0	0	0	0	0	0	0	0	0	0	0	0	0	0	0	0	0	0	0	0	0	0	0	0	0	0	0	0	0	0	0	0	0	0	0	0	0	0	0	0	0	0	0	0	0	0	0	0	0	0	0	0	0	0	0	0	0	0	0	0	0	0	0	0	0	0	0	0	0	0	0	0	0	0	0	0	0	0	0	0	0	0	0	0	0	0	0	0	0	0	0	0	0	0	0	0	0	0	73	127	59	77	67	63	72	104	96	39	26	99	53	39	61	88	86	41	12	125	72	9	18	104
0	0	0	0	0	0	0	0	0	0	0	0	0	0	0	0	0	0	0	0	0	0	0	0	0	0	0	0	0	0	0	0	0	0	0	0	0	0	0	0	0	0	0	0	0	0	0	0	0	0	0	0	0	0	0	0	0	0	0	0	0	0	0	0	0	0	0	0	0	0	0	0	0	0	0	0	0	0	0	0	0	0	0	0	0	0	0	0	0	0	0	0	0	0	0	0	0	0	0	0	0	0	0	0	0	79	11	28	67	21	26	91	51	117	105	14	21	78	19	98	117	93	64	28	14	110	14	107
0	0	0	0	0	0	0	0	0	0	0	0	0	0	0	0	0	0	0	0	0	0	0	0	0	0	0	0	0	0	0	0	0	0	0	0	0	0	0	0	0	0	0	0	0	0	0	0	0	0	0	0	0	0	0	0	0	0	0	0	0	0	0	0	0	0	0	0	0	0	0	0	0	0	0	0	0	0	0	0	0	0	0	0	0	0	0	0	0	0	0	0	0	0	0	0	0	0	0	0	0	0	0	0	0	0	120	46	48	69	66	97	22	10	18	125	111	43	106	126	28	100	54	105	48	119	113	56
0	0	0	0	0	0	0	0	0	0	0	0	0	0	0	0	0	0	0	0	0	0	0	0	0	0	0	0	0	0	0	0	0	0	0	0	0	0	0	0	0	0	0	0	0	0	0	0	0	0	0	0	0	0	0	0	0	0	0	0	0	0	0	0	0	0	0	0	0	0	0	0	0	0	0	0	0	0	0	0	0	0	0	0	0	0	0	0	0	0	0	0	0	0	0	0	0	0	0	0	0	0	0	0	0	0	0	114	12	20	42	1	8	67	42	14	1	51	87	40	42	76	84	3	88	101	67	60
0	0	0	0	0	0	0	0	0	0	0	0	0	0	0	0	0	0	0	0	0	0	0	0	0	0	0	0	0	0	0	0	0	0	0	0	0	0	0	0	0	0	0	0	0	0	0	0	0	0	0	0	0	0	0	0	0	0	0	0	0	0	0	0	0	0	0	0	0	0	0	0	0	0	0	0	0	0	0	0	0	0	0	0	0	0	0	0	0	0	0	0	0	0	0	0	0	0	0	0	0	0	0	0	0	0	0	0	24	101	39	26	97	95	104	64	103	63	17	17	72	21	41	18	83	18	91	72
0	0	0	0	0	0	0	0	0	0	0	0	0	0	0	0	0	0	0	0	0	0	0	0	0	0	0	0	0	0	0	0	0	0	0	0	0	0	0	0	0	0	0	0	0	0	0	0	0	0	0	0	0	0	0	0	0	0	0	0	0	0	0	0	0	0	0	0	0	0	0	0	0	0	0	0	0	0	0	0	0	0	0	0	0	0	0	0	0	0	0	0	0	0	0	0	0	0	0	0	0	0	0	0	0	0	0	0	0	51	73	44	121	1	12	22	121	15	15	97	79	57	118	88	92	56	39	26
0	0	0	0	0	0	0	0	0	0	0	0	0	0	0	0	0	0	0	0	0	0	0	0	0	0	0	0	0	0	0	0	0	0	0	0	0	0	0	0	0	0	0	0	0	0	0	0	0	0	0	0	0	0	0	0	0	0	0	0	0	0	0	0	0	0	0	0	0	0	0	0	0	0	0	0	0	0	0	0	0	0	0	0	0	0	0	0	0	0	0	0	0	0	0	0	0	0	0	0	0	0	0	0	0	0	0	0	0	0	15	12	6	24	76	33	5	128	100	40	45	10	48	69	2	16	60	126
0	0	0	0	0	0	0	0	0	0	0	0	0	0	0	0	0	0	0	0	0	0	0	0	0	0	0	0	0	0	0	0	0	0	0	0	0	0	0	0	0	0	0	0	0	0	0	0	0	0	0	0	0	0	0	0	0	0	0	0	0	0	0	0	0	0	0	0	0	0	0	0	0	0	0	0	0	0	0	0	0	0	0	0	0	0	0	0	0	0	0	0	0	0	0	0	0	0	0	0	0	0	0	0	0	0	0	0	0	0	0	78	2	45	62	79	2	75	32	102	46	122	16	17	93	124	2	88
0	0	0	0	0	0	0	0	0	0	0	0	0	0	0	0	0	0	0	0	0	0	0	0	0	0	0	0	0	0	0	0	0	0	0	0	0	0	0	0	0	0	0	0	0	0	0	0	0	0	0	0	0	0	0	0	0	0	0	0	0	0	0	0	0	0	0	0	0	0	0	0	0	0	0	0	0	0	0	0	0	0	0	0	0	0	0	0	0	0	0	0	0	0	0	0	0	0	0	0	0	0	0	0	0	0	0	0	0	0	0	0	16	91	68	44	98	32	47	5	18	89	61	104	84	100	49	4
0	0	0	0	0	0	0	0	0	0	0	0	0	0	0	0	0	0	0	0	0	0	0	0	0	0	0	0	0	0	0	0	0	0	0	0	0	0	0	0	0	0	0	0	0	0	0	0	0	0	0	0	0	0	0	0	0	0	0	0	0	0	0	0	0	0	0	0	0	0	0	0	0	0	0	0	0	0	0	0	0	0	0	0	0	0	0	0	0	0	0	0	0	0	0	0	0	0	0	0	0	0	0	0	0	0	0	0	0	0	0	0	0	88	49	16	100	68	37	103	66	74	45	33	32	126	77	102
0	0	0	0	0	0	0	0	0	0	0	0	0	0	0	0	0	0	0	0	0	0	0	0	0	0	0	0	0	0	0	0	0	0	0	0	0	0	0	0	0	0	0	0	0	0	0	0	0	0	0	0	0	0	0	0	0	0	0	0	0	0	0	0	0	0	0	0	0	0	0	0	0	0	0	0	0	0	0	0	0	0	0	0	0	0	0	0	0	0	0	0	0	0	0	0	0	0	0	0	0	0	0	0	0	0	0	0	0	0	0	0	0	0	63	13	116	109	95	79	92	53	52	45	72	32	20	118
0	0	0	0	0	0	0	0	0	0	0	0	0	0	0	0	0	0	0	0	0	0	0	0	0	0	0	0	0	0	0	0	0	0	0	0	0	0	0	0	0	0	0	0	0	0	0	0	0	0	0	0	0	0	0	0	0	0	0	0	0	0	0	0	0	0	0	0	0	0	0	0	0	0	0	0	0	0	0	0	0	0	0	0	0	0	0	0	0	0	0	0	0	0	0	0	0	0	0	0	0	0	0	0	0	0	0	0	0	0	0	0	0	0	0	124	70	91	6	108	77	100	13	68	3	81	101	113
0	0	0	0	0	0	0	0	0	0	0	0	0	0	0	0	0	0	0	0	0	0	0	0	0	0	0	0	0	0	0	0	0	0	0	0	0	0	0	0	0	0	0	0	0	0	0	0	0	0	0	0	0	0	0	0	0	0	0	0	0	0	0	0	0	0	0	0	0	0	0	0	0	0	0	0	0	0	0	0	0	0	0	0	0	0	0	0	0	0	0	0	0	0	0	0	0	0	0	0	0	0	0	0	0	0	0	0	0	0	0	0	0	0	0	0	33	53	108	111	17	14	6	36	58	17	36	58
0	0	0	0	0	0	0	0	0	0	0	0	0	0	0	0	0	0	0	0	0	0	0	0	0	0	0	0	0	0	0	0	0	0	0	0	0	0	0	0	0	0	0	0	0	0	0	0	0	0	0	0	0	0	0	0	0	0	0	0	0	0	0	0	0	0	0	0	0	0	0	0	0	0	0	0	0	0	0	0	0	0	0	0	0	0	0	0	0	0	0	0	0	0	0	0	0	0	0	0	0	0	0	0	0	0	0	0	0	0	0	0	0	0	0	0	0	98	95	77	63	56	40	94	46	14	1	128
0	0	0	0	0	0	0	0	0	0	0	0	0	0	0	0	0	0	0	0	0	0	0	0	0	0	0	0	0	0	0	0	0	0	0	0	0	0	0	0	0	0	0	0	0	0	0	0	0	0	0	0	0	0	0	0	0	0	0	0	0	0	0	0	0	0	0	0	0	0	0	0	0	0	0	0	0	0	0	0	0	0	0	0	0	0	0	0	0	0	0	0	0	0	0	0	0	0	0	0	0	0	0	0	0	0	0	0	0	0	0	0	0	0	0	0	0	0	105	22	15	17	39	48	122	5	72	85
0	0	0	0	0	0	0	0	0	0	0	0	0	0	0	0	0	0	0	0	0	0	0	0	0	0	0	0	0	0	0	0	0	0	0	0	0	0	0	0	0	0	0	0	0	0	0	0	0	0	0	0	0	0	0	0	0	0	0	0	0	0	0	0	0	0	0	0	0	0	0	0	0	0	0	0	0	0	0	0	0	0	0	0	0	0	0	0	0	0	0	0	0	0	0	0	0	0	0	0	0	0	0	0	0	0	0	0	0	0	0	0	0	0	0	0	0	0	0	30	42	61	61	31	40	92	16	16
0	0	0	0	0	0	0	0	0	0	0	0	0	0	0	0	0	0	0	0	0	0	0	0	0	0	0	0	0	0	0	0	0	0	0	0	0	0	0	0	0	0	0	0	0	0	0	0	0	0	0	0	0	0	0	0	0	0	0	0	0	0	0	0	0	0	0	0	0	0	0	0	0	0	0	0	0	0	0	0	0	0	0	0	0	0	0	0	0	0	0	0	0	0	0	0	0	0	0	0	0	0	0	0	0	0	0	0	0	0	0	0	0	0	0	0	0	0	0	0	2	102	100	110	89	10	114	33
0	0	0	0	0	0	0	0	0	0	0	0	0	0	0	0	0	0	0	0	0	0	0	0	0	0	0	0	0	0	0	0	0	0	0	0	0	0	0	0	0	0	0	0	0	0	0	0	0	0	0	0	0	0	0	0	0	0	0	0	0	0	0	0	0	0	0	0	0	0	0	0	0	0	0	0	0	0	0	0	0	0	0	0	0	0	0	0	0	0	0	0	0	0	0	0	0	0	0	0	0	0	0	0	0	0	0	0	0	0	0	0	0	0	0	0	0	0	0	0	0	23	23	60	94	70	71	8
0	0	0	0	0	0	0	0	0	0	0	0	0	0	0	0	0	0	0	0	0	0	0	0	0	0	0	0	0	0	0	0	0	0	0	0	0	0	0	0	0	0	0	0	0	0	0	0	0	0	0	0	0	0	0	0	0	0	0	0	0	0	0	0	0	0	0	0	0	0	0	0	0	0	0	0	0	0	0	0	0	0	0	0	0	0	0	0	0	0	0	0	0	0	0	0	0	0	0	0	0	0	0	0	0	0	0	0	0	0	0	0	0	0	0	0	0	0	0	0	0	0	19	21	86	8	62	67
0	0	0	0	0	0	0	0	0	0	0	0	0	0	0	0	0	0	0	0	0	0	0	0	0	0	0	0	0	0	0	0	0	0	0	0	0	0	0	0	0	0	0	0	0	0	0	0	0	0	0	0	0	0	0	0	0	0	0	0	0	0	0	0	0	0	0	0	0	0	0	0	0	0	0	0	0	0	0	0	0	0	0	0	0	0	0	0	0	0	0	0	0	0	0	0	0	0	0	0	0	0	0	0	0	0	0	0	0	0	0	0	0	0	0	0	0	0	0	0	0	0	0	32	78	110	112	54
0	0	0	0	0	0	0	0	0	0	0	0	0	0	0	0	0	0	0	0	0	0	0	0	0	0	0	0	0	0	0	0	0	0	0	0	0	0	0	0	0	0	0	0	0	0	0	0	0	0	0	0	0	0	0	0	0	0	0	0	0	0	0	0	0	0	0	0	0	0	0	0	0	0	0	0	0	0	0	0	0	0	0	0	0	0	0	0	0	0	0	0	0	0	0	0	0	0	0	0	0	0	0	0	0	0	0	0	0	0	0	0	0	0	0	0	0	0	0	0	0	0	0	0	82	123	53	64
0	0	0	0	0	0	0	0	0	0	0	0	0	0	0	0	0	0	0	0	0	0	0	0	0	0	0	0	0	0	0	0	0	0	0	0	0	0	0	0	0	0	0	0	0	0	0	0	0	0	0	0	0	0	0	0	0	0	0	0	0	0	0	0	0	0	0	0	0	0	0	0	0	0	0	0	0	0	0	0	0	0	0	0	0	0	0	0	0	0	0	0	0	0	0	0	0	0	0	0	0	0	0	0	0	0	0	0	0	0	0	0	0	0	0	0	0	0	0	0	0	0	0	0	0	113	104	74
0	0	0	0	0	0	0	0	0	0	0	0	0	0	0	0	0	0	0	0	0	0	0	0	0	0	0	0	0	0	0	0	0	0	0	0	0	0	0	0	0	0	0	0	0	0	0	0	0	0	0	0	0	0	0	0	0	0	0	0	0	0	0	0	0	0	0	0	0	0	0	0	0	0	0	0	0	0	0	0	0	0	0	0	0	0	0	0	0	0	0	0	0	0	0	0	0	0	0	0	0	0	0	0	0	0	0	0	0	0	0	0	0	0	0	0	0	0	0	0	0	0	0	0	0	0	118	111
0	0	0	0	0	0	0	0	0	0	0	0	0	0	0	0	0	0	0	0	0	0	0	0	0	0	0	0	0	0	0	0	0	0	0	0	0	0	0	0	0	0	0	0	0	0	0	0	0	0	0	0	0	0	0	0	0	0	0	0	0	0	0	0	0	0	0	0	0	0	0	0	0	0	0	0	0	0	0	0	0	0	0	0	0	0	0	0	0	0	0	0	0	0	0	0	0	0	0	0	0	0	0	0	0	0	0	0	0	0	0	0	0	0	0	0	0	0	0	0	0	0	0	0	0	0	0	30
0	0	0	0	0	0	0	0	0	0	0	0	0	0	0	0	0	0	0	0	0	0	0	0	0	0	0	0	0	0	0	0	0	0	0	0	0	0	0	0	0	0	0	0	0	0	0	0	0	0	0	0	0	0	0	0	0	0	0	0	0	0	0	0	0	0	0	0	0	0	0	0	0	0	0	0	0	0	0	0	0	0	0	0	0	0	0	0	0	0	0	0	0	0	0	0	0	0	0	0	0	0	0	0	0	0	0	0	0	0	0	0	0	0	0	0	0	0	0	0	0	0	0	0	0	0	0	0