0	67	87	117	115	28	106	122	108	4	127	78	103	123	36	75	51	28	40	35	15	68	88	86	56	82	85	94	4	32	13	41	4	125	59	43	16	124	6	96	126	83	21	71	47	65	42	23	104	42	92	83	41	46	113	127	16	52	67	8	28	92	6	78	7	94	118	82	32	115	21	6	79	24	126	28	51	102	27	60	25	109	69	69	99	12	39	10	1	113	35	52	46	117	99	98	77	5	98	124	99	60	23	54	59	50	32	83	37	117	59	60	75	81	76	26	38	3	128	15	59	60	114	102	118	95	95	114
0	0	128	68	62	125	12	117	24	76	121	36	19	83	18	89	69	90	117	32	104	26	75	14	115	115	41	20	75	126	74	106	33	9	76	37	108	60	80	20	7	111	32	43	38	10	51	4	8	114	100	50	85	21	79	126	27	101	59	16	52	90	100	11	96	35	73	61	115	55	3	44	35	77	26	75	113	91	118	23	91	46	91	58	49	100	123	27	126	6	80	40	88	33	57	118	87	114	52	37	32	48	49	124	44	72	1	57	53	102	62	18	115	91	114	123	38	91	80	105	33	83	18	52	31	19	48	70
0	0	0	113	43	66	58	86	66	15	86	19	91	69	106	69	113	26	17	114	33	75	107	11	16	14	1	59	61	84	65	32	93	33	93	33	52	68	103	49	58	20	80	114	82	12	89	82	55	98	19	39	84	89	106	22	123	16	4	78	1	71	75	8	24	52	82	122	39	40	3	55	79	4	56	107	5	33	121	47	103	80	107	97	43	8	16	58	40	85	122	34	128	71	124	90	106	47	110	47	57	17	65	14	67	45	83	19	47	84	105	87	122	38	102	18	72	123	79	119	55	61	127	29	81	71	86	63
0	0	0	0	123	50	95	124	75	41	95	101	84	107	46	34	96	71	35	23	100	45	75	27	124	66	4	13	40	76	31	71	93	119	105	19	116	88	9	98	80	119	64	40	102	127	71	78	59	36	128	63	87	123	4	101	22	25	72	56	23	57	7	71	75	30	6	84	127	7	77	111	128	12	44	126	108	68	115	49	76	52	82	126	82	77	64	19	38	11	81	87	28	103	83	36	44	27	28	48	100	54	21	127	16	32	54	61	42	74	101	51	118	123	72	11	104	89	36	12	97	103	91	61	12	28	37	49
0	0	0	0	0	97	76	96	39	85	109	44	76	10	34	15	33	20	46	80	101	27	89	103	44	61	116	77	80	93	53	76	6	60	102	31	120	48	70	54	31	86	10	110	89	72	19	38	69	40	33	63	53	10	25	81	101	116	72	123	106	51	118	45	17	59	109	6	50	37	113	120	46	40	19	45	117	78	103	128	98	80	34	42	115	30	59	121	74	7	89	111	128	98	98	27	14	27	117	8	70	34	47	84	56	34	68	126	4	111	81	59	103	128	56	55	3	50	26	11	126	104	108	37	40	112	55	62
0	0	0	0	0	0	28	92	96	58	1	71	7	45	90	121	117	24	22	94	107	20	110	72	75	118	6	97	104	36	77	127	67	54	17	93	76	45	70	47	21	92	119	125	124	31	128	16	122	25	54	68	50	19	117	60	73	112	32	76	3	30	94	8	120	128	65	61	104	42	80	13	24	109	89	37	32	39	88	104	76	50	108	73	66	81	105	5	100	85	12	16	32	77	128	92	45	100	84	90	54	15	24	110	116	116	38	25	15	23	21	28	1	105	57	33	46	74	117	18	9	87	50	10	102	127	1	40
0	0	0	0	0	0	0	82	4	57	9	101	101	96	1	64	91	91	117	73	18	119	19	41	71	101	75	59	47	80	15	28	113	49	23	23	109	89	78	1	30	89	121	22	3	70	126	4	90	31	50	99	114	49	34	83	73	41	49	90	30	128	118	107	71	85	69	11	114	4	45	36	32	74	16	87	8	92	29	127	5	57	39	121	56	14	104	74	128	84	6	29	12	61	76	118	9	3	103	109	123	68	74	84	24	35	54	26	14	100	43	38	88	116	127	8	80	126	51	111	117	24	61	87	92	12	51	52
0	0	0	0	0	0	0	0	59	117	82	39	3	83	23	84	107	2	118	26	118	31	125	125	78	21	16	103	51	93	39	28	22	64	88	42	32	88	120	64	85	29	76	13	65	122	9	128	52	27	58	16	113	14	63	18	49	25	97	15	104	89	49	20	22	62	53	106	90	61	124	100	6	11	121	119	61	17	107	15	84	78	93	31	97	79	104	69	82	119	113	33	64	9	70	114	96	62	89	110	18	44	74	84	60	83	124	16	101	93	55	29	35	117	8	29	11	87	84	81	28	16	36	59	24	115	88	42
0	0	0	0	0	0	0	0	0	46	50	111	92	7	3	27	71	37	58	29	111	86	24	19	110	121	34	29	6	9	18	96	121	31	29	52	11	126	10	102	106	75	82	49	89	99	39	3	100	81	96	104	72	65	1	13	96	119	69	24	99	122	49	68	102	49	87	105	91	79	73	72	67	67	56	102	59	71	94	99	123	63	125	57	119	95	68	123	104	64	128	2	120	55	128	93	53	85	107	127	22	78	111	54	75	10	26	115	28	75	88	123	116	91	82	43	125	48	58	27	101	18	101	36	30	53	111	25
0	0	0	0	0	0	0	0	0	0	110	92	44	124	113	117	125	32	74	84	23	14	66	38	33	98	63	53	45	65	37	26	57	17	57	96	52	46	33	74	40	52	15	51	26	47	32	116	107	6	7	15	1	118	50	117	56	106	30	44	33	40	53	113	101	117	123	4	11	101	62	71	80	107	68	60	109	70	14	73	110	110	28	57	59	72	38	102	16	69	65	16	9	11	53	38	64	104	29	21	114	30	4	89	1	50	49	43	62	128	4	105	16	42	123	56	89	26	9	115	30	122	11	51	102	111	99	50
0	0	0	0	0	0	0	0	0	0	0	56	52	78	42	43	109	113	40	100	3	55	77	65	106	21	101	18	45	80	71	101	75	100	34	102	23	46	115	39	88	46	40	124	122	2	36	104	11	123	114	3	44	118	71	10	17	105	66	88	28	70	96	93	38	87	53	7	56	37	54	103	14	42	108	84	41	13	29	125	99	95	4	18	123	67	51	44	90	94	74	125	62	121	126	84	45	51	67	1	91	54	12	75	71	102	43	103	51	113	6	60	95	19	62	72	10	29	26	24	69	76	81	93	77	69	4	92
0	0	0	0	0	0	0	0	0	0	0	0	36	20	66	118	54	111	82	52	104	81	4	74	45	86	38	62	114	94	125	43	14	107	9	110	17	55	67	37	119	118	112	123	15	29	15	46	4	48	12	57	110	51	68	17	45	81	88	19	120	68	98	30	26	91	39	5	100	93	57	113	6	61	75	126	53	72	78	20	118	61	118	56	111	92	5	114	1	115	2	77	80	50	15	74	61	102	62	17	67	18	10	103	52	12	100	65	3	64	78	101	63	117	1	93	121	105	76	36	126	14	3	64	11	67	97	15
0	0	0	0	0	0	0	0	0	0	0	0	0	21	47	92	106	45	62	28	111	29	100	43	40	35	108	74	32	42	55	54	36	39	79	15	1	23	96	10	37	39	12	104	61	19	29	35	104	74	117	104	94	36	45	33	123	26	74	19	79	112	99	70	56	22	125	72	12	78	96	64	13	11	91	56	41	49	94	122	100	66	117	45	77	113	40	19	24	74	114	51	113	33	13	66	51	10	99	112	118	11	89	97	74	31	96	112	82	1	105	57	115	34	94	6	116	27	38	1	75	13	37	33	113	39	101	22
0	0	0	0	0	0	0	0	0	0	0	0	0	0	123	80	90	47	84	35	36	24	40	106	60	58	90	85	128	96	64	49	79	3	39	66	102	84	30	37	96	85	18	33	118	28	68	106	121	60	44	56	9	119	38	54	77	52	84	15	32	76	121	93	86	101	2	63	42	128	6	119	2	97	16	98	38	41	38	5	12	71	106	64	11	105	121	109	78	90	74	86	38	79	73	44	55	7	127	50	33	16	29	52	87	4	42	19	16	95	114	13	5	93	109	7	74	39	22	121	63	6	98	18	23	108	90	16
0	0	0	0	0	0	0	0	0	0	0	0	0	0	0	94	127	42	102	81	45	3	49	75	103	28	104	90	108	44	74	121	99	105	22	75	81	14	69	90	35	26	99	39	121	59	10	12	2	6	114	28	65	48	102	73	60	73	22	43	97	105	63	84	66	53	13	114	42	127	61	127	30	115	61	108	77	111	51	90	7	7	117	65	36	19	112	126	88	73	27	119	63	78	73	27	51	95	64	41	105	57	119	108	3	6	45	120	106	92	88	71	104	128	90	12	24	26	49	81	21	1	10	115	15	96	95	50
0	0	0	0	0	0	0	0	0	0	0	0	0	0	0	0	93	66	107	76	106	62	121	111	96	88	104	123	87	103	52	47	1	85	51	40	111	47	102	8	55	128	38	90	73	75	76	42	66	58	65	104	78	49	103	14	19	42	57	81	18	92	118	47	113	37	17	77	80	112	106	98	29	104	41	103	88	92	41	109	55	92	32	71	33	1	22	71	110	14	3	125	59	71	116	59	88	124	107	42	30	47	39	56	62	68	61	117	104	101	38	118	82	8	28	24	79	90	97	102	31	89	110	89	79	68	102	116
0	0	0	0	0	0	0	0	0	0	0	0	0	0	0	0	0	14	87	19	72	56	26	31	2	29	65	84	83	94	3	126	74	106	35	57	6	94	78	77	91	52	104	54	114	52	78	59	63	20	125	64	93	103	98	12	117	18	79	11	44	110	10	5	78	14	124	35	68	29	102	6	21	67	103	56	4	21	24	16	57	2	17	7	35	83	109	10	37	8	59	114	60	8	112	24	23	72	44	59	114	5	100	81	128	82	9	31	30	11	15	51	115	6	45	63	128	114	80	47	31	38	84	84	24	93	83	57
0	0	0	0	0	0	0	0	0	0	0	0	0	0	0	0	0	0	28	78	57	69	90	80	110	94	35	96	18	53	121	22	92	80	64	124	9	73	8	12	52	35	58	20	65	124	62	38	76	13	40	92	118	40	56	18	42	28	79	66	66	97	31	6	68	9	20	98	37	44	70	120	126	55	64	127	61	128	72	122	102	60	64	11	97	51	94	76	30	106	57	33	36	124	26	125	88	106	20	48	89	54	114	22	25	56	41	99	100	43	56	5	71	75	52	117	63	105	64	58	60	114	66	3	10	70	8	66
0	0	0	0	0	0	0	0	0	0	0	0	0	0	0	0	0	0	0	124	18	47	108	40	20	57	32	42	77	86	50	65	95	86	88	60	80	53	108	126	87	2	127	47	38	45	102	84	121	29	6	40	74	51	60	27	67	45	5	92	76	20	4	30	44	6	57	11	31	55	52	49	45	33	29	107	125	44	10	73	82	59	119	78	80	51	67	34	103	65	37	89	107	1	47	96	72	67	53	67	65	83	60	36	128	46	55	91	16	105	109	108	3	82	91	25	121	119	5	73	8	50	89	128	24	76	1	47
0	0	0	0	0	0	0	0	0	0	0	0	0	0	0	0	0	0	0	0	114	109	14	65	3	12	37	26	54	18	51	89	62	14	13	33	1	93	43	16	28	25	65	108	98	91	20	61	3	86	52	4	45	59	87	28	78	41	78	96	54	30	23	119	74	75	63	60	16	90	113	95	88	25	34	68	31	86	76	82	119	66	56	11	36	121	27	29	104	85	3	121	24	53	7	127	90	57	7	3	43	47	83	22	118	26	9	111	69	86	110	47	72	97	92	95	96	42	66	13	73	95	37	10	58	57	100	100
0	0	0	0	0	0	0	0	0	0	0	0	0	0	0	0	0	0	0	0	0	101	57	127	19	40	37	31	112	51	15	99	104	63	3	37	49	89	115	21	115	13	76	92	80	64	2	67	119	127	60	14	16	47	108	16	15	80	26	128	102	52	86	93	92	85	27	40	1	88	37	21	104	54	111	60	104	16	16	5	116	93	124	44	66	66	23	78	76	123	67	5	62	114	15	38	21	57	45	91	18	71	37	1	108	43	7	119	102	97	33	49	33	29	28	50	19	13	79	113	91	119	112	80	26	111	47	81
0	0	0	0	0	0	0	0	0	0	0	0	0	0	0	0	0	0	0	0	0	0	104	98	91	56	80	12	35	113	113	98	48	70	56	17	112	115	101	3	128	105	84	7	7	109	124	80	78	116	67	113	89	87	110	12	44	86	127	7	116	67	47	6	17	44	67	17	71	19	67	6	116	41	48	114	21	118	95	77	63	97	44	107	71	13	112	54	128	75	40	88	25	82	121	68	59	119	6	96	92	38	26	114	57	104	58	116	44	35	69	56	97	8	19	6	125	84	15	88	99	45	97	105	19	108	56	9
0	0	0	0	0	0	0	0	0	0	0	0	0	0	0	0	0	0	0	0	0	0	0	86	98	55	52	23	15	15	74	75	3	110	97	98	47	71	70	69	118	59	76	73	11	32	51	85	106	68	106	6	23	9	123	11	11	115	12	93	24	79	126	59	10	17	66	85	86	16	53	66	46	120	109	53	128	9	113	91	102	125	69	13	2	71	57	72	20	22	43	106	31	87	110	110	79	23	40	94	3	34	127	57	8	87	97	39	122	108	21	16	96	69	41	59	127	125	84	121	103	111	7	68	122	63	93	78
0	0	0	0	0	0	0	0	0	0	0	0	0	0	0	0	0	0	0	0	0	0	0	0	40	120	105	51	88	74	62	110	67	123	67	44	88	6	38	106	70	17	65	22	40	106	127	112	100	54	72	35	128	72	7	28	28	62	112	118	41	59	24	2	66	97	76	29	21	63	10	71	87	3	77	30	58	81	49	58	63	105	51	77	10	18	92	125	66	92	22	37	23	125	78	60	113	81	26	2	61	29	82	27	111	120	67	54	59	42	59	18	55	121	104	35	20	91	17	74	58	59	105	103	58	40	63	103
0	0	0	0	0	0	0	0	0	0	0	0	0	0	0	0	0	0	0	0	0	0	0	0	0	121	77	44	56	75	107	111	3	110	90	117	103	56	62	105	2	93	89	99	87	57	60	19	50	33	105	3	105	14	22	3	102	15	31	103	37	16	122	57	8	84	42	56	35	54	66	115	108	60	79	20	22	110	125	13	43	99	43	48	128	73	60	122	46	85	52	72	32	101	19	13	109	38	18	54	82	69	76	93	108	16	50	109	40	118	13	124	64	47	112	39	89	101	77	79	113	94	80	94	43	47	64	56
0	0	0	0	0	0	0	0	0	0	0	0	0	0	0	0	0	0	0	0	0	0	0	0	0	0	27	20	75	68	12	50	65	107	115	78	30	85	123	71	36	11	10	67	93	118	38	121	105	55	84	98	5	25	45	94	125	10	61	93	31	127	84	57	87	71	112	104	90	4	118	106	66	89	54	33	41	67	14	128	108	54	111	119	50	113	103	82	32	105	53	24	50	113	76	121	98	52	56	23	7	94	25	36	11	25	78	93	70	45	21	52	101	12	91	126	55	16	25	15	75	40	71	27	124	55	46	122
0	0	0	0	0	0	0	0	0	0	0	0	0	0	0	0	0	0	0	0	0	0	0	0	0	0	0	70	15	5	104	98	35	125	91	53	63	88	20	64	89	88	110	79	28	35	23	118	88	36	26	83	12	72	104	16	13	39	71	104	72	26	49	44	77	6	116	62	15	20	17	33	47	49	110	29	10	54	40	6	127	12	36	69	78	15	100	103	4	64	25	38	123	70	84	72	95	120	77	33	113	98	117	128	60	104	55	116	27	73	28	55	37	87	77	87	27	47	3	53	4	31	79	13	10	2	103	27
0	0	0	0	0	0	0	0	0	0	0	0	0	0	0	0	0	0	0	0	0	0	0	0	0	0	0	0	121	20	55	57	80	44	49	23	86	21	40	65	71	127	66	100	103	91	35	87	124	65	108	93	88	39	95	89	10	42	94	90	31	45	101	92	112	102	64	87	109	89	116	87	103	38	2	22	96	104	114	110	9	5	23	107	34	40	96	77	5	58	82	31	82	70	74	47	5	113	58	76	18	48	120	120	101	115	125	115	116	30	84	74	35	14	45	8	37	68	24	45	63	84	32	39	127	114	105	67
0	0	0	0	0	0	0	0	0	0	0	0	0	0	0	0	0	0	0	0	0	0	0	0	0	0	0	0	0	112	69	35	65	124	55	34	106	26	5	43	91	58	33	54	15	36	13	61	106	77	124	14	3	14	103	125	19	114	113	61	96	35	5	36	94	81	41	124	108	125	117	28	106	78	36	56	89	26	46	70	110	116	105	49	6	87	86	28	11	37	87	63	56	1	116	71	115	79	111	93	61	84	7	104	126	94	19	46	64	123	24	6	110	32	123	82	87	123	109	83	121	63	7	31	67	44	39	26
0	0	0	0	0	0	0	0	0	0	0	0	0	0	0	0	0	0	0	0	0	0	0	0	0	0	0	0	0	0	32	17	16	94	26	93	25	79	49	23	9	34	121	58	27	79	5	109	106	19	127	101	119	118	116	20	66	49	124	19	69	95	14	25	72	39	5	52	31	75	17	120	99	125	16	10	87	46	19	127	61	15	40	92	52	77	90	126	17	47	62	38	128	35	97	115	60	87	56	112	119	59	53	98	116	7	27	91	55	56	34	57	60	76	82	23	99	10	123	74	6	64	111	27	43	90	59	106
0	0	0	0	0	0	0	0	0	0	0	0	0	0	0	0	0	0	0	0	0	0	0	0	0	0	0	0	0	0	0	62	54	98	45	50	19	115	1	101	81	75	67	58	64	54	63	43	34	28	31	53	49	50	48	1	121	6	6	53	27	110	105	73	90	125	21	61	28	56	60	61	41	2	97	88	4	74	78	83	101	68	24	53	100	113	61	104	48	18	92	103	30	91	65	11	126	103	123	19	96	45	92	118	57	16	57	124	41	91	93	3	24	38	96	77	123	56	60	109	4	51	123	30	15	70	126	113
0	0	0	0	0	0	0	0	0	0	0	0	0	0	0	0	0	0	0	0	0	0	0	0	0	0	0	0	0	0	0	0	113	82	94	86	36	127	26	4	56	18	48	49	102	61	77	104	126	103	99	25	119	7	7	51	6	115	40	127	40	24	122	96	11	79	56	39	120	37	47	111	72	121	93	105	20	13	79	50	18	114	121	59	74	87	38	66	35	11	16	30	60	76	86	87	112	92	71	128	28	81	118	46	5	50	31	74	14	11	3	44	60	113	100	54	63	16	69	1	17	93	19	50	51	86	127	16
0	0	0	0	0	0	0	0	0	0	0	0	0	0	0	0	0	0	0	0	0	0	0	0	0	0	0	0	0	0	0	0	0	80	110	120	93	73	61	102	17	104	25	62	31	62	85	73	115	13	55	112	67	26	118	66	91	99	59	72	34	77	128	93	16	37	82	15	111	71	62	14	12	56	65	60	14	12	80	10	40	43	23	26	116	10	108	109	74	31	4	22	8	90	7	2	70	101	55	81	119	67	109	96	120	105	70	50	59	56	77	31	122	31	2	60	54	87	23	103	19	27	64	24	114	8	120	123
0	0	0	0	0	0	0	0	0	0	0	0	0	0	0	0	0	0	0	0	0	0	0	0	0	0	0	0	0	0	0	0	0	0	122	79	46	33	101	106	67	93	87	34	77	2	10	27	78	26	79	117	10	31	63	42	81	71	1	15	57	109	18	109	5	25	11	46	43	31	32	81	115	6	61	125	37	47	65	34	20	42	111	14	71	34	11	105	28	40	53	72	57	78	94	42	15	91	77	64	2	125	124	97	128	126	29	114	112	85	13	75	128	5	80	111	112	31	58	114	101	35	116	57	25	123	111	51
0	0	0	0	0	0	0	0	0	0	0	0	0	0	0	0	0	0	0	0	0	0	0	0	0	0	0	0	0	0	0	0	0	0	0	111	49	16	57	68	94	70	39	6	100	31	31	35	54	107	27	102	7	53	123	84	70	95	113	71	108	85	5	121	62	7	41	1	75	113	58	67	2	8	92	103	77	69	104	32	17	100	53	6	34	71	19	5	29	43	77	88	92	9	78	98	16	55	45	10	65	84	34	1	74	47	9	18	56	18	71	80	54	117	56	100	83	6	109	58	92	118	69	94	114	88	44	43
0	0	0	0	0	0	0	0	0	0	0	0	0	0	0	0	0	0	0	0	0	0	0	0	0	0	0	0	0	0	0	0	0	0	0	0	89	82	40	98	45	49	8	45	10	19	33	111	45	15	43	15	120	121	57	18	46	103	86	37	63	117	76	64	84	86	86	83	47	51	59	5	94	35	117	31	79	115	16	111	46	92	69	88	5	90	68	36	35	35	43	74	5	105	86	106	101	103	118	6	125	7	23	45	104	56	99	46	30	78	3	45	30	69	18	112	60	83	3	120	64	42	44	25	67	97	54	30
0	0	0	0	0	0	0	0	0	0	0	0	0	0	0	0	0	0	0	0	0	0	0	0	0	0	0	0	0	0	0	0	0	0	0	0	0	82	6	59	96	54	90	23	118	56	55	75	109	22	21	52	19	59	110	113	101	62	114	20	33	91	104	25	10	125	73	28	49	84	108	2	117	67	67	30	25	61	44	47	115	36	18	89	128	63	81	73	107	3	83	119	24	82	44	104	19	3	124	51	128	21	22	76	67	97	35	42	66	66	73	37	15	37	42	111	118	91	64	103	12	65	122	85	104	51	125	56
0	0	0	0	0	0	0	0	0	0	0	0	0	0	0	0	0	0	0	0	0	0	0	0	0	0	0	0	0	0	0	0	0	0	0	0	0	0	51	17	55	116	32	22	107	75	93	32	53	104	101	44	118	71	28	48	20	68	37	53	122	112	100	98	9	103	44	9	97	122	86	105	58	29	109	23	77	34	45	110	104	90	89	30	18	58	73	3	15	54	106	15	81	102	13	7	60	59	33	55	98	41	67	19	64	56	37	3	99	60	105	13	35	27	28	89	61	128	46	67	78	77	124	103	100	67	4	52
0	0	0	0	0	0	0	0	0	0	0	0	0	0	0	0	0	0	0	0	0	0	0	0	0	0	0	0	0	0	0	0	0	0	0	0	0	0	0	116	44	75	111	90	53	36	125	11	5	32	31	23	47	25	120	35	83	4	46	62	60	126	56	75	57	117	118	111	48	49	111	98	93	91	28	98	122	81	121	74	8	11	73	58	84	105	107	40	1	45	70	112	86	71	17	107	127	24	65	37	3	113	78	123	81	58	45	111	74	82	40	1	115	128	86	49	15	107	97	39	47	38	82	118	119	31	82	123
0	0	0	0	0	0	0	0	0	0	0	0	0	0	0	0	0	0	0	0	0	0	0	0	0	0	0	0	0	0	0	0	0	0	0	0	0	0	0	0	12	14	117	89	15	80	97	21	99	104	49	6	79	121	20	58	16	65	23	49	119	58	104	126	112	115	41	70	15	24	58	55	114	48	58	127	102	74	41	118	83	91	5	80	52	127	24	81	10	87	121	58	38	111	63	117	2	87	3	28	96	112	87	10	52	35	124	33	92	120	68	50	37	34	44	68	67	76	128	124	83	57	36	117	31	3	15	111
0	0	0	0	0	0	0	0	0	0	0	0	0	0	0	0	0	0	0	0	0	0	0	0	0	0	0	0	0	0	0	0	0	0	0	0	0	0	0	0	0	75	76	11	92	114	101	119	105	110	107	77	101	29	76	43	17	54	111	119	112	57	13	117	71	29	33	79	65	95	44	76	83	65	7	124	9	50	102	90	39	73	52	124	28	82	89	57	41	23	123	94	20	8	94	10	125	18	68	105	91	6	88	45	25	117	102	128	95	11	58	88	119	101	14	45	95	28	64	79	12	85	116	88	46	118	2	53
0	0	0	0	0	0	0	0	0	0	0	0	0	0	0	0	0	0	0	0	0	0	0	0	0	0	0	0	0	0	0	0	0	0	0	0	0	0	0	0	0	0	90	42	99	90	35	108	14	8	90	84	121	54	114	33	77	58	62	12	120	98	96	112	33	96	82	41	44	5	52	77	51	45	48	105	106	114	18	87	55	128	59	31	20	7	115	89	43	6	118	12	81	104	63	110	124	14	90	35	3	69	49	31	62	120	50	117	14	121	119	122	15	57	116	102	62	114	87	99	11	71	57	23	11	118	63	29
0	0	0	0	0	0	0	0	0	0	0	0	0	0	0	0	0	0	0	0	0	0	0	0	0	0	0	0	0	0	0	0	0	0	0	0	0	0	0	0	0	0	0	37	100	23	14	7	16	51	43	117	33	44	68	81	21	16	23	17	58	73	52	70	127	26	61	80	121	60	25	69	6	71	106	17	34	5	97	68	82	2	59	109	106	3	1	35	59	109	116	81	89	90	120	65	104	93	16	90	103	20	114	21	123	30	31	49	9	14	75	30	113	18	103	20	103	96	92	68	6	37	48	115	90	92	84	121
0	0	0	0	0	0	0	0	0	0	0	0	0	0	0	0	0	0	0	0	0	0	0	0	0	0	0	0	0	0	0	0	0	0	0	0	0	0	0	0	0	0	0	0	37	73	40	44	126	109	76	64	111	9	82	85	104	110	83	82	63	106	56	11	112	62	81	66	56	54	67	35	105	26	24	10	114	46	24	127	120	78	49	23	9	7	18	74	118	104	99	93	64	8	91	47	57	19	109	116	46	6	27	119	31	32	33	3	81	13	12	85	27	62	84	127	7	23	49	61	28	71	18	123	12	84	37	86
0	0	0	0	0	0	0	0	0	0	0	0	0	0	0	0	0	0	0	0	0	0	0	0	0	0	0	0	0	0	0	0	0	0	0	0	0	0	0	0	0	0	0	0	0	116	27	95	67	91	24	109	22	106	91	30	128	122	70	119	22	64	93	98	4	34	50	91	83	109	117	19	77	85	6	78	114	33	84	81	28	126	34	105	80	60	67	74	84	81	123	127	105	89	81	70	51	85	54	54	64	26	55	82	20	127	32	25	11	62	117	16	112	118	78	45	102	97	31	97	50	49	107	117	5	68	8	59
0	0	0	0	0	0	0	0	0	0	0	0	0	0	0	0	0	0	0	0	0	0	0	0	0	0	0	0	0	0	0	0	0	0	0	0	0	0	0	0	0	0	0	0	0	0	127	3	120	17	116	118	107	90	19	27	109	4	62	69	110	94	93	97	104	15	119	34	65	42	111	80	34	103	100	110	56	34	14	99	79	127	60	13	80	124	11	84	126	13	68	70	57	26	10	10	92	89	24	66	61	22	111	17	124	96	17	9	11	92	10	105	46	37	23	113	38	37	95	33	7	82	1	56	106	63	36	112
0	0	0	0	0	0	0	0	0	0	0	0	0	0	0	0	0	0	0	0	0	0	0	0	0	0	0	0	0	0	0	0	0	0	0	0	0	0	0	0	0	0	0	0	0	0	0	8	12	50	54	54	120	102	32	17	10	73	116	116	112	5	96	40	75	76	51	52	72	126	17	13	112	47	116	114	48	10	22	47	60	28	19	12	120	102	89	100	16	48	95	28	33	114	80	85	92	99	27	50	50	126	5	86	105	104	125	113	102	66	18	68	14	14	13	62	21	90	30	45	75	78	57	28	97	98	57	110
0	0	0	0	0	0	0	0	0	0	0	0	0	0	0	0	0	0	0	0	0	0	0	0	0	0	0	0	0	0	0	0	0	0	0	0	0	0	0	0	0	0	0	0	0	0	0	0	37	49	114	30	7	38	1	84	2	108	15	94	20	43	83	53	63	94	118	25	116	4	37	33	32	16	23	63	61	35	60	81	30	86	79	2	101	41	88	87	24	96	89	8	59	58	20	14	42	48	36	73	107	115	40	43	120	1	124	57	29	2	94	58	41	8	120	47	92	48	19	89	58	78	3	122	111	12	46	125
0	0	0	0	0	0	0	0	0	0	0	0	0	0	0	0	0	0	0	0	0	0	0	0	0	0	0	0	0	0	0	0	0	0	0	0	0	0	0	0	0	0	0	0	0	0	0	0	0	123	6	128	113	83	98	117	88	42	49	117	69	79	40	9	44	21	56	6	42	7	9	40	59	57	57	1	26	8	109	11	60	112	35	6	18	37	41	108	67	58	42	97	22	2	100	32	57	19	50	64	18	21	97	106	26	40	50	113	34	90	109	15	1	30	58	58	41	7	41	104	1	77	100	24	75	95	114	3
0	0	0	0	0	0	0	0	0	0	0	0	0	0	0	0	0	0	0	0	0	0	0	0	0	0	0	0	0	0	0	0	0	0	0	0	0	0	0	0	0	0	0	0	0	0	0	0	0	0	73	64	38	27	54	18	43	27	107	25	81	69	17	7	24	59	17	96	70	65	4	91	115	48	76	70	105	52	17	22	30	121	8	74	57	29	81	116	31	83	51	116	121	36	80	61	32	20	43	99	108	107	64	41	70	119	79	78	25	94	76	20	68	40	22	104	111	119	120	89	32	23	58	2	11	80	122	72
0	0	0	0	0	0	0	0	0	0	0	0	0	0	0	0	0	0	0	0	0	0	0	0	0	0	0	0	0	0	0	0	0	0	0	0	0	0	0	0	0	0	0	0	0	0	0	0	0	0	0	26	105	117	48	3	105	104	43	54	97	79	88	68	123	59	98	70	90	122	11	40	66	77	81	109	16	36	98	32	71	57	80	102	60	44	115	113	89	84	95	23	56	8	63	87	25	76	32	35	102	79	36	52	21	98	75	122	73	85	81	124	119	102	123	76	44	104	100	121	10	127	104	32	49	15	123	17
0	0	0	0	0	0	0	0	0	0	0	0	0	0	0	0	0	0	0	0	0	0	0	0	0	0	0	0	0	0	0	0	0	0	0	0	0	0	0	0	0	0	0	0	0	0	0	0	0	0	0	0	27	89	62	104	19	100	94	20	103	82	7	12	46	105	107	61	21	54	109	79	27	88	33	89	21	115	34	124	107	71	29	41	2	74	114	92	51	37	12	19	125	30	119	81	75	15	59	105	91	117	127	66	102	64	10	70	13	107	110	128	104	58	95	66	54	7	26	56	63	12	56	44	102	34	110	122
0	0	0	0	0	0	0	0	0	0	0	0	0	0	0	0	0	0	0	0	0	0	0	0	0	0	0	0	0	0	0	0	0	0	0	0	0	0	0	0	0	0	0	0	0	0	0	0	0	0	0	0	0	1	88	4	71	25	80	99	102	9	23	125	111	78	73	34	97	69	126	54	89	55	59	74	28	90	54	70	32	29	67	11	116	105	50	91	26	97	77	106	51	125	40	74	2	95	100	119	93	29	78	21	4	41	108	89	49	106	117	62	56	127	116	92	70	43	44	64	121	83	114	111	121	91	44	128
0	0	0	0	0	0	0	0	0	0	0	0	0	0	0	0	0	0	0	0	0	0	0	0	0	0	0	0	0	0	0	0	0	0	0	0	0	0	0	0	0	0	0	0	0	0	0	0	0	0	0	0	0	0	56	92	67	40	114	98	40	113	67	12	101	51	74	117	122	46	41	106	105	58	108	9	5	107	32	82	38	122	95	89	41	82	3	11	51	58	52	14	99	61	2	119	54	54	76	26	42	2	52	21	18	72	105	1	55	124	125	41	103	81	105	51	38	12	9	118	61	3	72	68	65	70	80	86
0	0	0	0	0	0	0	0	0	0	0	0	0	0	0	0	0	0	0	0	0	0	0	0	0	0	0	0	0	0	0	0	0	0	0	0	0	0	0	0	0	0	0	0	0	0	0	0	0	0	0	0	0	0	0	16	111	44	103	48	30	47	23	77	127	77	71	14	36	125	55	8	34	2	104	54	41	114	1	66	125	78	113	13	35	106	86	45	80	126	117	62	50	16	64	87	109	57	87	9	116	13	10	105	53	44	127	117	111	118	90	79	63	48	88	66	95	27	119	46	42	49	14	97	115	68	77	128
0	0	0	0	0	0	0	0	0	0	0	0	0	0	0	0	0	0	0	0	0	0	0	0	0	0	0	0	0	0	0	0	0	0	0	0	0	0	0	0	0	0	0	0	0	0	0	0	0	0	0	0	0	0	0	0	22	65	33	91	100	53	24	6	46	35	35	94	3	118	101	99	19	115	24	88	106	25	96	81	16	15	110	9	88	26	104	24	90	43	117	1	88	47	42	77	99	99	55	60	94	105	33	14	113	22	39	35	85	60	18	46	42	103	55	62	77	80	53	127	28	122	127	117	6	56	84	85
0	0	0	0	0	0	0	0	0	0	0	0	0	0	0	0	0	0	0	0	0	0	0	0	0	0	0	0	0	0	0	0	0	0	0	0	0	0	0	0	0	0	0	0	0	0	0	0	0	0	0	0	0	0	0	0	0	14	107	44	77	50	39	107	73	44	67	70	126	16	77	96	110	62	41	115	92	106	55	67	37	109	20	100	16	94	36	107	58	33	2	120	17	35	55	108	32	60	61	5	121	11	97	57	97	91	83	57	33	63	75	53	47	9	6	71	110	50	26	113	22	121	92	87	39	78	67	10
0	0	0	0	0	0	0	0	0	0	0	0	0	0	0	0	0	0	0	0	0	0	0	0	0	0	0	0	0	0	0	0	0	0	0	0	0	0	0	0	0	0	0	0	0	0	0	0	0	0	0	0	0	0	0	0	0	0	44	26	28	82	75	14	26	17	116	106	114	121	78	88	38	124	122	112	97	25	60	34	38	77	55	64	44	33	97	12	21	80	17	18	5	64	118	99	54	39	102	61	46	71	75	60	50	24	44	103	15	1	64	43	89	76	91	74	123	85	62	62	120	42	91	13	73	63	5	80
0	0	0	0	0	0	0	0	0	0	0	0	0	0	0	0	0	0	0	0	0	0	0	0	0	0	0	0	0	0	0	0	0	0	0	0	0	0	0	0	0	0	0	0	0	0	0	0	0	0	0	0	0	0	0	0	0	0	0	19	14	87	79	107	58	101	9	100	3	70	57	72	104	20	4	35	72	21	5	43	50	39	4	112	43	101	5	55	98	75	83	41	72	50	53	74	122	103	44	41	3	87	45	10	31	8	104	8	60	47	56	73	13	76	103	91	85	94	96	102	2	86	84	17	29	6	127	30
0	0	0	0	0	0	0	0	0	0	0	0	0	0	0	0	0	0	0	0	0	0	0	0	0	0	0	0	0	0	0	0	0	0	0	0	0	0	0	0	0	0	0	0	0	0	0	0	0	0	0	0	0	0	0	0	0	0	0	0	48	32	51	87	80	3	52	115	20	81	99	85	12	113	106	38	26	27	16	44	96	69	96	72	52	87	128	75	108	110	45	13	25	42	88	93	39	125	13	75	77	50	37	53	108	112	22	18	25	107	91	16	90	91	37	125	115	12	127	102	42	113	75	11	88	15	66	95
0	0	0	0	0	0	0	0	0	0	0	0	0	0	0	0	0	0	0	0	0	0	0	0	0	0	0	0	0	0	0	0	0	0	0	0	0	0	0	0	0	0	0	0	0	0	0	0	0	0	0	0	0	0	0	0	0	0	0	0	0	81	8	96	56	95	14	2	88	73	87	27	117	64	59	74	116	96	102	13	58	60	60	125	64	88	81	20	4	111	124	108	74	40	29	83	92	89	5	116	34	94	6	45	76	124	95	59	35	5	49	80	64	71	41	70	8	112	109	12	75	33	103	110	28	66	84	101
0	0	0	0	0	0	0	0	0	0	0	0	0	0	0	0	0	0	0	0	0	0	0	0	0	0	0	0	0	0	0	0	0	0	0	0	0	0	0	0	0	0	0	0	0	0	0	0	0	0	0	0	0	0	0	0	0	0	0	0	0	0	22	65	56	123	7	120	38	9	112	37	81	123	49	14	69	31	55	67	122	81	115	119	118	66	39	36	93	84	59	117	42	112	90	123	29	111	65	5	51	34	68	39	15	22	22	38	54	17	78	27	115	40	80	81	60	118	117	55	105	12	90	101	59	125	120	3
0	0	0	0	0	0	0	0	0	0	0	0	0	0	0	0	0	0	0	0	0	0	0	0	0	0	0	0	0	0	0	0	0	0	0	0	0	0	0	0	0	0	0	0	0	0	0	0	0	0	0	0	0	0	0	0	0	0	0	0	0	0	0	23	11	81	71	125	82	79	94	57	78	77	57	102	114	42	59	24	54	61	87	67	77	11	105	68	73	55	18	79	89	69	46	120	36	120	85	24	84	64	110	20	2	11	45	10	127	22	91	107	24	76	38	90	23	36	54	105	20	92	60	31	100	112	96	77
0	0	0	0	0	0	0	0	0	0	0	0	0	0	0	0	0	0	0	0	0	0	0	0	0	0	0	0	0	0	0	0	0	0	0	0	0	0	0	0	0	0	0	0	0	0	0	0	0	0	0	0	0	0	0	0	0	0	0	0	0	0	0	0	10	53	45	36	49	109	10	18	11	108	64	54	58	111	81	78	114	76	75	27	120	124	42	117	13	12	117	120	99	73	66	108	12	6	36	37	2	56	97	123	68	114	97	43	57	8	12	5	4	128	75	121	6	104	54	9	67	19	83	65	39	66	108	80
0	0	0	0	0	0	0	0	0	0	0	0	0	0	0	0	0	0	0	0	0	0	0	0	0	0	0	0	0	0	0	0	0	0	0	0	0	0	0	0	0	0	0	0	0	0	0	0	0	0	0	0	0	0	0	0	0	0	0	0	0	0	0	0	0	57	95	41	52	43	46	57	53	43	122	30	90	107	94	29	20	84	12	119	107	118	25	60	22	2	127	124	16	30	5	41	106	26	53	86	46	38	19	80	58	91	29	100	97	27	62	91	6	98	18	78	126	100	107	62	22	92	9	125	31	125	83	60
0	0	0	0	0	0	0	0	0	0	0	0	0	0	0	0	0	0	0	0	0	0	0	0	0	0	0	0	0	0	0	0	0	0	0	0	0	0	0	0	0	0	0	0	0	0	0	0	0	0	0	0	0	0	0	0	0	0	0	0	0	0	0	0	0	0	26	103	76	18	38	121	81	12	126	51	121	49	10	42	67	98	53	33	128	123	15	86	42	121	101	18	72	1	50	121	58	107	5	44	88	10	56	100	1	126	125	5	9	48	84	94	74	94	85	2	27	93	95	127	92	99	93	81	109	103	98	107
0	0	0	0	0	0	0	0	0	0	0	0	0	0	0	0	0	0	0	0	0	0	0	0	0	0	0	0	0	0	0	0	0	0	0	0	0	0	0	0	0	0	0	0	0	0	0	0	0	0	0	0	0	0	0	0	0	0	0	0	0	0	0	0	0	0	0	99	100	87	32	35	128	60	62	49	79	59	50	26	123	119	113	102	19	104	18	126	86	106	127	93	5	72	120	1	96	56	123	38	84	24	80	97	117	52	72	101	34	36	88	26	124	20	99	110	12	60	25	113	101	61	96	69	29	47	89	91
0	0	0	0	0	0	0	0	0	0	0	0	0	0	0	0	0	0	0	0	0	0	0	0	0	0	0	0	0	0	0	0	0	0	0	0	0	0	0	0	0	0	0	0	0	0	0	0	0	0	0	0	0	0	0	0	0	0	0	0	0	0	0	0	0	0	0	0	128	122	73	80	7	86	76	128	79	88	14	11	85	70	36	8	40	53	115	36	37	83	39	36	89	19	6	28	118	65	67	119	35	16	46	97	3	105	116	124	65	32	47	65	60	82	11	61	114	41	126	62	14	53	35	37	21	56	41	126
0	0	0	0	0	0	0	0	0	0	0	0	0	0	0	0	0	0	0	0	0	0	0	0	0	0	0	0	0	0	0	0	0	0	0	0	0	0	0	0	0	0	0	0	0	0	0	0	0	0	0	0	0	0	0	0	0	0	0	0	0	0	0	0	0	0	0	0	0	29	82	27	92	80	84	90	76	32	37	78	94	118	67	73	46	44	62	14	51	8	127	5	42	64	101	119	118	11	42	124	10	75	75	79	43	125	109	82	71	69	79	34	57	68	3	88	104	70	49	89	125	104	100	31	111	74	33	1
0	0	0	0	0	0	0	0	0	0	0	0	0	0	0	0	0	0	0	0	0	0	0	0	0	0	0	0	0	0	0	0	0	0	0	0	0	0	0	0	0	0	0	0	0	0	0	0	0	0	0	0	0	0	0	0	0	0	0	0	0	0	0	0	0	0	0	0	0	0	100	53	18	121	6	116	3	64	120	19	87	82	45	70	116	11	52	54	64	119	72	93	74	96	73	50	36	9	63	45	80	36	70	56	83	96	97	30	105	22	88	14	101	114	128	108	95	39	47	72	51	111	70	56	13	118	35	43
0	0	0	0	0	0	0	0	0	0	0	0	0	0	0	0	0	0	0	0	0	0	0	0	0	0	0	0	0	0	0	0	0	0	0	0	0	0	0	0	0	0	0	0	0	0	0	0	0	0	0	0	0	0	0	0	0	0	0	0	0	0	0	0	0	0	0	0	0	0	0	80	79	104	8	40	68	72	45	45	28	112	85	10	96	40	84	4	120	91	19	20	69	125	117	97	67	5	97	44	3	43	90	19	106	79	6	81	14	88	108	39	112	90	112	71	114	34	125	13	2	120	119	13	101	22	100	52
0	0	0	0	0	0	0	0	0	0	0	0	0	0	0	0	0	0	0	0	0	0	0	0	0	0	0	0	0	0	0	0	0	0	0	0	0	0	0	0	0	0	0	0	0	0	0	0	0	0	0	0	0	0	0	0	0	0	0	0	0	0	0	0	0	0	0	0	0	0	0	0	55	108	117	22	57	114	34	116	36	73	42	102	75	65	116	105	115	56	3	37	29	94	42	126	122	25	19	103	27	91	66	44	9	21	7	97	86	122	17	124	108	95	67	26	78	103	63	58	1	21	108	106	63	114	96	59
0	0	0	0	0	0	0	0	0	0	0	0	0	0	0	0	0	0	0	0	0	0	0	0	0	0	0	0	0	0	0	0	0	0	0	0	0	0	0	0	0	0	0	0	0	0	0	0	0	0	0	0	0	0	0	0	0	0	0	0	0	0	0	0	0	0	0	0	0	0	0	0	0	119	7	123	81	10	30	51	9	117	126	8	54	50	116	87	6	109	96	88	30	119	121	42	54	71	115	127	90	126	9	38	13	128	128	84	63	96	6	64	58	65	10	122	120	58	61	40	13	127	88	96	87	94	75	94
0	0	0	0	0	0	0	0	0	0	0	0	0	0	0	0	0	0	0	0	0	0	0	0	0	0	0	0	0	0	0	0	0	0	0	0	0	0	0	0	0	0	0	0	0	0	0	0	0	0	0	0	0	0	0	0	0	0	0	0	0	0	0	0	0	0	0	0	0	0	0	0	0	0	54	21	49	66	82	120	61	122	112	122	20	13	24	62	18	90	121	118	89	44	27	120	88	76	13	18	27	31	25	119	117	89	61	85	102	35	9	32	61	112	71	8	26	49	98	3	13	116	45	4	44	110	36	60
0	0	0	0	0	0	0	0	0	0	0	0	0	0	0	0	0	0	0	0	0	0	0	0	0	0	0	0	0	0	0	0	0	0	0	0	0	0	0	0	0	0	0	0	0	0	0	0	0	0	0	0	0	0	0	0	0	0	0	0	0	0	0	0	0	0	0	0	0	0	0	0	0	0	0	113	74	61	85	20	46	120	74	27	45	23	23	14	5	102	75	57	55	5	77	33	33	9	78	118	68	121	50	128	117	50	11	13	37	99	84	41	19	32	111	18	10	48	4	2	112	92	35	67	28	21	38	90
0	0	0	0	0	0	0	0	0	0	0	0	0	0	0	0	0	0	0	0	0	0	0	0	0	0	0	0	0	0	0	0	0	0	0	0	0	0	0	0	0	0	0	0	0	0	0	0	0	0	0	0	0	0	0	0	0	0	0	0	0	0	0	0	0	0	0	0	0	0	0	0	0	0	0	0	96	106	112	68	32	110	121	112	27	113	58	54	37	111	83	48	15	100	29	37	78	90	3	63	126	63	103	99	111	23	109	96	68	79	33	67	6	4	2	66	18	28	98	51	75	58	36	13	98	44	7	114
0	0	0	0	0	0	0	0	0	0	0	0	0	0	0	0	0	0	0	0	0	0	0	0	0	0	0	0	0	0	0	0	0	0	0	0	0	0	0	0	0	0	0	0	0	0	0	0	0	0	0	0	0	0	0	0	0	0	0	0	0	0	0	0	0	0	0	0	0	0	0	0	0	0	0	0	0	112	117	97	94	12	6	98	115	36	20	90	114	120	68	42	91	111	59	34	14	101	115	97	99	80	95	94	72	108	98	113	10	25	91	118	114	50	59	24	4	19	57	88	15	9	44	55	89	91	50	82
0	0	0	0	0	0	0	0	0	0	0	0	0	0	0	0	0	0	0	0	0	0	0	0	0	0	0	0	0	0	0	0	0	0	0	0	0	0	0	0	0	0	0	0	0	0	0	0	0	0	0	0	0	0	0	0	0	0	0	0	0	0	0	0	0	0	0	0	0	0	0	0	0	0	0	0	0	0	64	4	60	67	106	62	104	61	5	38	17	46	111	101	90	45	119	63	58	59	124	55	54	46	111	12	76	41	100	128	73	65	125	51	71	125	68	15	90	51	42	127	81	5	68	85	65	112	10	52
0	0	0	0	0	0	0	0	0	0	0	0	0	0	0	0	0	0	0	0	0	0	0	0	0	0	0	0	0	0	0	0	0	0	0	0	0	0	0	0	0	0	0	0	0	0	0	0	0	0	0	0	0	0	0	0	0	0	0	0	0	0	0	0	0	0	0	0	0	0	0	0	0	0	0	0	0	0	0	52	31	100	24	15	5	128	69	50	101	59	40	4	24	7	12	43	22	48	79	105	75	70	8	79	74	26	38	24	55	118	30	60	80	44	81	41	72	120	50	41	29	41	37	42	37	64	49	15
0	0	0	0	0	0	0	0	0	0	0	0	0	0	0	0	0	0	0	0	0	0	0	0	0	0	0	0	0	0	0	0	0	0	0	0	0	0	0	0	0	0	0	0	0	0	0	0	0	0	0	0	0	0	0	0	0	0	0	0	0	0	0	0	0	0	0	0	0	0	0	0	0	0	0	0	0	0	0	0	104	81	42	21	14	81	122	5	9	106	29	98	80	2	48	97	106	93	50	70	124	82	27	6	97	26	30	116	104	27	25	125	65	125	13	25	26	74	97	16	57	87	87	115	69	11	100	70
0	0	0	0	0	0	0	0	0	0	0	0	0	0	0	0	0	0	0	0	0	0	0	0	0	0	0	0	0	0	0	0	0	0	0	0	0	0	0	0	0	0	0	0	0	0	0	0	0	0	0	0	0	0	0	0	0	0	0	0	0	0	0	0	0	0	0	0	0	0	0	0	0	0	0	0	0	0	0	0	0	72	43	28	68	77	82	53	36	87	92	74	119	22	46	117	111	121	40	49	83	115	60	119	109	88	106	122	38	29	125	42	88	19	97	103	93	2	14	73	36	10	47	44	101	21	94	119
0	0	0	0	0	0	0	0	0	0	0	0	0	0	0	0	0	0	0	0	0	0	0	0	0	0	0	0	0	0	0	0	0	0	0	0	0	0	0	0	0	0	0	0	0	0	0	0	0	0	0	0	0	0	0	0	0	0	0	0	0	0	0	0	0	0	0	0	0	0	0	0	0	0	0	0	0	0	0	0	0	0	81	118	5	23	120	57	39	111	82	81	67	74	78	60	108	67	4	42	88	57	58	54	102	72	48	14	73	19	62	119	27	48	51	102	10	91	20	126	107	50	55	96	68	42	63	59
0	0	0	0	0	0	0	0	0	0	0	0	0	0	0	0	0	0	0	0	0	0	0	0	0	0	0	0	0	0	0	0	0	0	0	0	0	0	0	0	0	0	0	0	0	0	0	0	0	0	0	0	0	0	0	0	0	0	0	0	0	0	0	0	0	0	0	0	0	0	0	0	0	0	0	0	0	0	0	0	0	0	0	24	7	45	41	93	71	40	61	25	69	64	92	34	7	16	121	56	99	2	119	119	5	87	66	84	12	104	107	27	77	16	104	62	74	22	14	23	22	4	62	74	54	69	66	92
0	0	0	0	0	0	0	0	0	0	0	0	0	0	0	0	0	0	0	0	0	0	0	0	0	0	0	0	0	0	0	0	0	0	0	0	0	0	0	0	0	0	0	0	0	0	0	0	0	0	0	0	0	0	0	0	0	0	0	0	0	0	0	0	0	0	0	0	0	0	0	0	0	0	0	0	0	0	0	0	0	0	0	0	109	90	9	121	126	8	65	65	16	120	6	70	45	14	82	109	39	39	108	117	18	106	20	44	55	85	125	67	71	11	2	37	6	54	9	44	71	4	112	27	31	31	99	8
0	0	0	0	0	0	0	0	0	0	0	0	0	0	0	0	0	0	0	0	0	0	0	0	0	0	0	0	0	0	0	0	0	0	0	0	0	0	0	0	0	0	0	0	0	0	0	0	0	0	0	0	0	0	0	0	0	0	0	0	0	0	0	0	0	0	0	0	0	0	0	0	0	0	0	0	0	0	0	0	0	0	0	0	0	65	107	14	24	104	67	43	69	38	1	26	112	94	19	30	126	81	91	115	57	32	127	30	99	20	119	122	116	71	17	113	109	19	35	127	119	107	106	123	96	52	48	17
0	0	0	0	0	0	0	0	0	0	0	0	0	0	0	0	0	0	0	0	0	0	0	0	0	0	0	0	0	0	0	0	0	0	0	0	0	0	0	0	0	0	0	0	0	0	0	0	0	0	0	0	0	0	0	0	0	0	0	0	0	0	0	0	0	0	0	0	0	0	0	0	0	0	0	0	0	0	0	0	0	0	0	0	0	0	57	68	91	69	2	7	79	5	80	55	45	102	93	22	75	28	36	119	117	32	102	12	111	74	14	41	30	72	54	65	7	115	53	106	17	22	119	13	95	6	19	6
0	0	0	0	0	0	0	0	0	0	0	0	0	0	0	0	0	0	0	0	0	0	0	0	0	0	0	0	0	0	0	0	0	0	0	0	0	0	0	0	0	0	0	0	0	0	0	0	0	0	0	0	0	0	0	0	0	0	0	0	0	0	0	0	0	0	0	0	0	0	0	0	0	0	0	0	0	0	0	0	0	0	0	0	0	0	0	90	37	73	27	86	55	71	96	124	91	110	114	34	52	103	116	24	34	39	13	73	38	88	119	60	15	52	3	45	12	86	11	19	115	109	122	45	35	80	120	64
0	0	0	0	0	0	0	0	0	0	0	0	0	0	0	0	0	0	0	0	0	0	0	0	0	0	0	0	0	0	0	0	0	0	0	0	0	0	0	0	0	0	0	0	0	0	0	0	0	0	0	0	0	0	0	0	0	0	0	0	0	0	0	0	0	0	0	0	0	0	0	0	0	0	0	0	0	0	0	0	0	0	0	0	0	0	0	0	47	38	106	77	50	36	5	122	3	59	76	100	45	55	65	58	88	49	13	7	21	11	86	9	99	9	79	33	69	39	69	105	70	16	30	73	109	24	116	1
0	0	0	0	0	0	0	0	0	0	0	0	0	0	0	0	0	0	0	0	0	0	0	0	0	0	0	0	0	0	0	0	0	0	0	0	0	0	0	0	0	0	0	0	0	0	0	0	0	0	0	0	0	0	0	0	0	0	0	0	0	0	0	0	0	0	0	0	0	0	0	0	0	0	0	0	0	0	0	0	0	0	0	0	0	0	0	0	0	98	57	66	67	87	114	127	9	59	58	110	75	112	121	3	76	121	99	117	31	24	73	98	102	24	32	16	121	55	36	118	122	17	109	24	69	117	56	69
0	0	0	0	0	0	0	0	0	0	0	0	0	0	0	0	0	0	0	0	0	0	0	0	0	0	0	0	0	0	0	0	0	0	0	0	0	0	0	0	0	0	0	0	0	0	0	0	0	0	0	0	0	0	0	0	0	0	0	0	0	0	0	0	0	0	0	0	0	0	0	0	0	0	0	0	0	0	0	0	0	0	0	0	0	0	0	0	0	0	109	85	37	74	76	33	62	43	16	78	74	67	64	36	82	25	106	45	110	86	87	2	47	100	11	49	121	76	30	43	102	126	6	91	5	111	71	54
0	0	0	0	0	0	0	0	0	0	0	0	0	0	0	0	0	0	0	0	0	0	0	0	0	0	0	0	0	0	0	0	0	0	0	0	0	0	0	0	0	0	0	0	0	0	0	0	0	0	0	0	0	0	0	0	0	0	0	0	0	0	0	0	0	0	0	0	0	0	0	0	0	0	0	0	0	0	0	0	0	0	0	0	0	0	0	0	0	0	0	1	21	108	97	59	88	44	89	48	38	99	19	18	8	19	103	6	42	52	64	48	83	96	70	14	65	39	13	85	124	66	75	52	59	79	67	72
0	0	0	0	0	0	0	0	0	0	0	0	0	0	0	0	0	0	0	0	0	0	0	0	0	0	0	0	0	0	0	0	0	0	0	0	0	0	0	0	0	0	0	0	0	0	0	0	0	0	0	0	0	0	0	0	0	0	0	0	0	0	0	0	0	0	0	0	0	0	0	0	0	0	0	0	0	0	0	0	0	0	0	0	0	0	0	0	0	0	0	0	58	80	6	119	25	110	12	14	110	91	67	83	22	125	8	2	66	95	49	16	90	46	25	101	9	65	110	17	51	48	9	34	10	77	54	125
0	0	0	0	0	0	0	0	0	0	0	0	0	0	0	0	0	0	0	0	0	0	0	0	0	0	0	0	0	0	0	0	0	0	0	0	0	0	0	0	0	0	0	0	0	0	0	0	0	0	0	0	0	0	0	0	0	0	0	0	0	0	0	0	0	0	0	0	0	0	0	0	0	0	0	0	0	0	0	0	0	0	0	0	0	0	0	0	0	0	0	0	0	65	117	118	86	68	108	20	50	110	25	11	10	11	3	12	12	49	96	113	49	30	108	16	81	22	85	9	55	40	121	42	115	7	49	33
0	0	0	0	0	0	0	0	0	0	0	0	0	0	0	0	0	0	0	0	0	0	0	0	0	0	0	0	0	0	0	0	0	0	0	0	0	0	0	0	0	0	0	0	0	0	0	0	0	0	0	0	0	0	0	0	0	0	0	0	0	0	0	0	0	0	0	0	0	0	0	0	0	0	0	0	0	0	0	0	0	0	0	0	0	0	0	0	0	0	0	0	0	0	123	90	15	29	45	66	79	28	47	91	20	82	61	21	48	2	86	17	52	74	23	57	120	61	73	76	86	89	42	107	95	128	17	85
0	0	0	0	0	0	0	0	0	0	0	0	0	0	0	0	0	0	0	0	0	0	0	0	0	0	0	0	0	0	0	0	0	0	0	0	0	0	0	0	0	0	0	0	0	0	0	0	0	0	0	0	0	0	0	0	0	0	0	0	0	0	0	0	0	0	0	0	0	0	0	0	0	0	0	0	0	0	0	0	0	0	0	0	0	0	0	0	0	0	0	0	0	0	0	80	3	73	110	76	57	29	22	17	54	35	54	12	28	10	17	105	126	111	2	99	116	9	89	3	4	52	97	50	77	57	14	4
0	0	0	0	0	0	0	0	0	0	0	0	0	0	0	0	0	0	0	0	0	0	0	0	0	0	0	0	0	0	0	0	0	0	0	0	0	0	0	0	0	0	0	0	0	0	0	0	0	0	0	0	0	0	0	0	0	0	0	0	0	0	0	0	0	0	0	0	0	0	0	0	0	0	0	0	0	0	0	0	0	0	0	0	0	0	0	0	0	0	0	0	0	0	0	0	89	27	21	19	105	74	7	60	91	70	115	13	68	110	73	37	4	67	60	92	48	82	37	6	117	44	28	104	17	113	75	2
0	0	0	0	0	0	0	0	0	0	0	0	0	0	0	0	0	0	0	0	0	0	0	0	0	0	0	0	0	0	0	0	0	0	0	0	0	0	0	0	0	0	0	0	0	0	0	0	0	0	0	0	0	0	0	0	0	0	0	0	0	0	0	0	0	0	0	0	0	0	0	0	0	0	0	0	0	0	0	0	0	0	0	0	0	0	0	0	0	0	0	0	0	0	0	0	0	31	125	67	40	103	7	94	93	86	8	35	84	109	46	4	3	68	53	110	62	99	81	35	17	93	6	114	100	13	41	36
0	0	0	0	0	0	0	0	0	0	0	0	0	0	0	0	0	0	0	0	0	0	0	0	0	0	0	0	0	0	0	0	0	0	0	0	0	0	0	0	0	0	0	0	0	0	0	0	0	0	0	0	0	0	0	0	0	0	0	0	0	0	0	0	0	0	0	0	0	0	0	0	0	0	0	0	0	0	0	0	0	0	0	0	0	0	0	0	0	0	0	0	0	0	0	0	0	0	69	18	7	81	113	64	17	45	118	41	23	24	82	100	31	9	99	115	36	37	9	34	113	77	14	82	127	48	47	119
0	0	0	0	0	0	0	0	0	0	0	0	0	0	0	0	0	0	0	0	0	0	0	0	0	0	0	0	0	0	0	0	0	0	0	0	0	0	0	0	0	0	0	0	0	0	0	0	0	0	0	0	0	0	0	0	0	0	0	0	0	0	0	0	0	0	0	0	0	0	0	0	0	0	0	0	0	0	0	0	0	0	0	0	0	0	0	0	0	0	0	0	0	0	0	0	0	0	0	62	103	40	102	122	42	123	127	57	20	69	53	8	101	107	120	90	8	89	109	97	13	20	95	13	22	56	110	60
0	0	0	0	0	0	0	0	0	0	0	0	0	0	0	0	0	0	0	0	0	0	0	0	0	0	0	0	0	0	0	0	0	0	0	0	0	0	0	0	0	0	0	0	0	0	0	0	0	0	0	0	0	0	0	0	0	0	0	0	0	0	0	0	0	0	0	0	0	0	0	0	0	0	0	0	0	0	0	0	0	0	0	0	0	0	0	0	0	0	0	0	0	0	0	0	0	0	0	0	6	72	79	72	40	3	20	118	2	95	24	26	1	100	84	3	17	39	1	46	41	125	19	21	52	79	80	46
0	0	0	0	0	0	0	0	0	0	0	0	0	0	0	0	0	0	0	0	0	0	0	0	0	0	0	0	0	0	0	0	0	0	0	0	0	0	0	0	0	0	0	0	0	0	0	0	0	0	0	0	0	0	0	0	0	0	0	0	0	0	0	0	0	0	0	0	0	0	0	0	0	0	0	0	0	0	0	0	0	0	0	0	0	0	0	0	0	0	0	0	0	0	0	0	0	0	0	0	0	22	24	92	42	107	2	128	68	82	105	38	10	55	27	23	86	97	54	108	85	15	21	6	120	47	47	11
0	0	0	0	0	0	0	0	0	0	0	0	0	0	0	0	0	0	0	0	0	0	0	0	0	0	0	0	0	0	0	0	0	0	0	0	0	0	0	0	0	0	0	0	0	0	0	0	0	0	0	0	0	0	0	0	0	0	0	0	0	0	0	0	0	0	0	0	0	0	0	0	0	0	0	0	0	0	0	0	0	0	0	0	0	0	0	0	0	0	0	0	0	0	0	0	0	0	0	0	0	0	120	79	85	71	109	93	50	108	115	126	9	60	4	69	2	14	122	58	63	11	64	118	93	107	82	78
0	0	0	0	0	0	0	0	0	0	0	0	0	0	0	0	0	0	0	0	0	0	0	0	0	0	0	0	0	0	0	0	0	0	0	0	0	0	0	0	0	0	0	0	0	0	0	0	0	0	0	0	0	0	0	0	0	0	0	0	0	0	0	0	0	0	0	0	0	0	0	0	0	0	0	0	0	0	0	0	0	0	0	0	0	0	0	0	0	0	0	0	0	0	0	0	0	0	0	0	0	0	0	65	76	59	67	59	37	126	25	61	95	20	99	104	96	87	119	12	117	70	32	80	8	21	80	2
0	0	0	0	0	0	0	0	0	0	0	0	0	0	0	0	0	0	0	0	0	0	0	0	0	0	0	0	0	0	0	0	0	0	0	0	0	0	0	0	0	0	0	0	0	0	0	0	0	0	0	0	0	0	0	0	0	0	0	0	0	0	0	0	0	0	0	0	0	0	0	0	0	0	0	0	0	0	0	0	0	0	0	0	0	0	0	0	0	0	0	0	0	0	0	0	0	0	0	0	0	0	0	0	56	47	113	46	16	13	125	30	42	14	54	96	26	63	123	96	46	35	37	51	60	19	102	119
0	0	0	0	0	0	0	0	0	0	0	0	0	0	0	0	0	0	0	0	0	0	0	0	0	0	0	0	0	0	0	0	0	0	0	0	0	0	0	0	0	0	0	0	0	0	0	0	0	0	0	0	0	0	0	0	0	0	0	0	0	0	0	0	0	0	0	0	0	0	0	0	0	0	0	0	0	0	0	0	0	0	0	0	0	0	0	0	0	0	0	0	0	0	0	0	0	0	0	0	0	0	0	0	0	60	31	69	51	63	21	92	38	63	86	30	72	27	105	63	31	10	66	15	93	11	78	81
0	0	0	0	0	0	0	0	0	0	0	0	0	0	0	0	0	0	0	0	0	0	0	0	0	0	0	0	0	0	0	0	0	0	0	0	0	0	0	0	0	0	0	0	0	0	0	0	0	0	0	0	0	0	0	0	0	0	0	0	0	0	0	0	0	0	0	0	0	0	0	0	0	0	0	0	0	0	0	0	0	0	0	0	0	0	0	0	0	0	0	0	0	0	0	0	0	0	0	0	0	0	0	0	0	0	34	34	55	105	58	77	105	42	122	6	102	60	35	26	50	17	113	105	39	112	10	96
0	0	0	0	0	0	0	0	0	0	0	0	0	0	0	0	0	0	0	0	0	0	0	0	0	0	0	0	0	0	0	0	0	0	0	0	0	0	0	0	0	0	0	0	0	0	0	0	0	0	0	0	0	0	0	0	0	0	0	0	0	0	0	0	0	0	0	0	0	0	0	0	0	0	0	0	0	0	0	0	0	0	0	0	0	0	0	0	0	0	0	0	0	0	0	0	0	0	0	0	0	0	0	0	0	0	0	65	116	11	120	105	104	7	15	121	15	74	54	82	123	95	23	61	15	20	75	72
0	0	0	0	0	0	0	0	0	0	0	0	0	0	0	0	0	0	0	0	0	0	0	0	0	0	0	0	0	0	0	0	0	0	0	0	0	0	0	0	0	0	0	0	0	0	0	0	0	0	0	0	0	0	0	0	0	0	0	0	0	0	0	0	0	0	0	0	0	0	0	0	0	0	0	0	0	0	0	0	0	0	0	0	0	0	0	0	0	0	0	0	0	0	0	0	0	0	0	0	0	0	0	0	0	0	0	0	99	92	24	69	81	22	88	37	16	57	16	58	80	62	105	121	85	63	119	106
0	0	0	0	0	0	0	0	0	0	0	0	0	0	0	0	0	0	0	0	0	0	0	0	0	0	0	0	0	0	0	0	0	0	0	0	0	0	0	0	0	0	0	0	0	0	0	0	0	0	0	0	0	0	0	0	0	0	0	0	0	0	0	0	0	0	0	0	0	0	0	0	0	0	0	0	0	0	0	0	0	0	0	0	0	0	0	0	0	0	0	0	0	0	0	0	0	0	0	0	0	0	0	0	0	0	0	0	0	122	22	106	80	41	78	42	44	11	11	100	24	110	1	23	120	13	108	98
0	0	0	0	0	0	0	0	0	0	0	0	0	0	0	0	0	0	0	0	0	0	0	0	0	0	0	0	0	0	0	0	0	0	0	0	0	0	0	0	0	0	0	0	0	0	0	0	0	0	0	0	0	0	0	0	0	0	0	0	0	0	0	0	0	0	0	0	0	0	0	0	0	0	0	0	0	0	0	0	0	0	0	0	0	0	0	0	0	0	0	0	0	0	0	0	0	0	0	0	0	0	0	0	0	0	0	0	0	0	10	90	90	116	14	123	106	33	24	88	38	76	51	30	100	72	10	96
0	0	0	0	0	0	0	0	0	0	0	0	0	0	0	0	0	0	0	0	0	0	0	0	0	0	0	0	0	0	0	0	0	0	0	0	0	0	0	0	0	0	0	0	0	0	0	0	0	0	0	0	0	0	0	0	0	0	0	0	0	0	0	0	0	0	0	0	0	0	0	0	0	0	0	0	0	0	0	0	0	0	0	0	0	0	0	0	0	0	0	0	0	0	0	0	0	0	0	0	0	0	0	0	0	0	0	0	0	0	0	64	115	49	122	122	15	43	121	73	125	10	66	9	50	29	107	16
0	0	0	0	0	0	0	0	0	0	0	0	0	0	0	0	0	0	0	0	0	0	0	0	0	0	0	0	0	0	0	0	0	0	0	0	0	0	0	0	0	0	0	0	0	0	0	0	0	0	0	0	0	0	0	0	0	0	0	0	0	0	0	0	0	0	0	0	0	0	0	0	0	0	0	0	0	0	0	0	0	0	0	0	0	0	0	0	0	0	0	0	0	0	0	0	0	0	0	0	0	0	0	0	0	0	0	0	0	0	0	0	115	54	10	17	43	74	15	84	82	46	62	11	17	85	92	23
0	0	0	0	0	0	0	0	0	0	0	0	0	0	0	0	0	0	0	0	0	0	0	0	0	0	0	0	0	0	0	0	0	0	0	0	0	0	0	0	0	0	0	0	0	0	0	0	0	0	0	0	0	0	0	0	0	0	0	0	0	0	0	0	0	0	0	0	0	0	0	0	0	0	0	0	0	0	0	0	0	0	0	0	0	0	0	0	0	0	0	0	0	0	0	0	0	0	0	0	0	0	0	0	0	0	0	0	0	0	0	0	0	31	104	105	57	21	80	109	78	78	108	6	27	96	39	4
0	0	0	0	0	0	0	0	0	0	0	0	0	0	0	0	0	0	0	0	0	0	0	0	0	0	0	0	0	0	0	0	0	0	0	0	0	0	0	0	0	0	0	0	0	0	0	0	0	0	0	0	0	0	0	0	0	0	0	0	0	0	0	0	0	0	0	0	0	0	0	0	0	0	0	0	0	0	0	0	0	0	0	0	0	0	0	0	0	0	0	0	0	0	0	0	0	0	0	0	0	0	0	0	0	0	0	0	0	0	0	0	0	0	11	114	106	38	28	90	52	112	5	77	43	116	51	66
0	0	0	0	0	0	0	0	0	0	0	0	0	0	0	0	0	0	0	0	0	0	0	0	0	0	0	0	0	0	0	0	0	0	0	0	0	0	0	0	0	0	0	0	0	0	0	0	0	0	0	0	0	0	0	0	0	0	0	0	0	0	0	0	0	0	0	0	0	0	0	0	0	0	0	0	0	0	0	0	0	0	0	0	0	0	0	0	0	0	0	0	0	0	0	0	0	0	0	0	0	0	0	0	0	0	0	0	0	0	0	0	0	0	0	76	55	52	100	38	37	47	48	13	68	60	118	74
0	0	0	0	0	0	0	0	0	0	0	0	0	0	0	0	0	0	0	0	0	0	0	0	0	0	0	0	0	0	0	0	0	0	0	0	0	0	0	0	0	0	0	0	0	0	0	0	0	0	0	0	0	0	0	0	0	0	0	0	0	0	0	0	0	0	0	0	0	0	0	0	0	0	0	0	0	0	0	0	0	0	0	0	0	0	0	0	0	0	0	0	0	0	0	0	0	0	0	0	0	0	0	0	0	0	0	0	0	0	0	0	0	0	0	0	13	29	20	54	59	127	104	107	74	18	63	105
0	0	0	0	0	0	0	0	0	0	0	0	0	0	0	0	0	0	0	0	0	0	0	0	0	0	0	0	0	0	0	0	0	0	0	0	0	0	0	0	0	0	0	0	0	0	0	0	0	0	0	0	0	0	0	0	0	0	0	0	0	0	0	0	0	0	0	0	0	0	0	0	0	0	0	0	0	0	0	0	0	0	0	0	0	0	0	0	0	0	0	0	0	0	0	0	0	0	0	0	0	0	0	0	0	0	0	0	0	0	0	0	0	0	0	0	0	94	5	104	85	22	103	73	56	51	73	2
0	0	0	0	0	0	0	0	0	0	0	0	0	0	0	0	0	0	0	0	0	0	0	0	0	0	0	0	0	0	0	0	0	0	0	0	0	0	0	0	0	0	0	0	0	0	0	0	0	0	0	0	0	0	0	0	0	0	0	0	0	0	0	0	0	0	0	0	0	0	0	0	0	0	0	0	0	0	0	0	0	0	0	0	0	0	0	0	0	0	0	0	0	0	0	0	0	0	0	0	0	0	0	0	0	0	0	0	0	0	0	0	0	0	0	0	0	0	33	90	11	90	58	125	113	98	92	57
0	0	0	0	0	0	0	0	0	0	0	0	0	0	0	0	0	0	0	0	0	0	0	0	0	0	0	0	0	0	0	0	0	0	0	0	0	0	0	0	0	0	0	0	0	0	0	0	0	0	0	0	0	0	0	0	0	0	0	0	0	0	0	0	0	0	0	0	0	0	0	0	0	0	0	0	0	0	0	0	0	0	0	0	0	0	0	0	0	0	0	0	0	0	0	0	0	0	0	0	0	0	0	0	0	0	0	0	0	0	0	0	0	0	0	0	0	0	0	107	20	69	48	103	5	34	54	124
0	0	0	0	0	0	0	0	0	0	0	0	0	0	0	0	0	0	0	0	0	0	0	0	0	0	0	0	0	0	0	0	0	0	0	0	0	0	0	0	0	0	0	0	0	0	0	0	0	0	0	0	0	0	0	0	0	0	0	0	0	0	0	0	0	0	0	0	0	0	0	0	0	0	0	0	0	0	0	0	0	0	0	0	0	0	0	0	0	0	0	0	0	0	0	0	0	0	0	0	0	0	0	0	0	0	0	0	0	0	0	0	0	0	0	0	0	0	0	0	62	127	12	15	91	53	46	72
0	0	0	0	0	0	0	0	0	0	0	0	0	0	0	0	0	0	0	0	0	0	0	0	0	0	0	0	0	0	0	0	0	0	0	0	0	0	0	0	0	0	0	0	0	0	0	0	0	0	0	0	0	0	0	0	0	0	0	0	0	0	0	0	0	0	0	0	0	0	0	0	0	0	0	0	0	0	0	0	0	0	0	0	0	0	0	0	0	0	0	0	0	0	0	0	0	0	0	0	0	0	0	0	0	0	0	0	0	0	0	0	0	0	0	0	0	0	0	0	0	20	74	65	99	15	61	114
0	0	0	0	0	0	0	0	0	0	0	0	0	0	0	0	0	0	0	0	0	0	0	0	0	0	0	0	0	0	0	0	0	0	0	0	0	0	0	0	0	0	0	0	0	0	0	0	0	0	0	0	0	0	0	0	0	0	0	0	0	0	0	0	0	0	0	0	0	0	0	0	0	0	0	0	0	0	0	0	0	0	0	0	0	0	0	0	0	0	0	0	0	0	0	0	0	0	0	0	0	0	0	0	0	0	0	0	0	0	0	0	0	0	0	0	0	0	0	0	0	0	102	115	53	22	1	52
0	0	0	0	0	0	0	0	0	0	0	0	0	0	0	0	0	0	0	0	0	0	0	0	0	0	0	0	0	0	0	0	0	0	0	0	0	0	0	0	0	0	0	0	0	0	0	0	0	0	0	0	0	0	0	0	0	0	0	0	0	0	0	0	0	0	0	0	0	0	0	0	0	0	0	0	0	0	0	0	0	0	0	0	0	0	0	0	0	0	0	0	0	0	0	0	0	0	0	0	0	0	0	0	0	0	0	0	0	0	0	0	0	0	0	0	0	0	0	0	0	0	0	95	109	126	28	2
0	0	0	0	0	0	0	0	0	0	0	0	0	0	0	0	0	0	0	0	0	0	0	0	0	0	0	0	0	0	0	0	0	0	0	0	0	0	0	0	0	0	0	0	0	0	0	0	0	0	0	0	0	0	0	0	0	0	0	0	0	0	0	0	0	0	0	0	0	0	0	0	0	0	0	0	0	0	0	0	0	0	0	0	0	0	0	0	0	0	0	0	0	0	0	0	0	0	0	0	0	0	0	0	0	0	0	0	0	0	0	0	0	0	0	0	0	0	0	0	0	0	0	0	71	108	60	64
0	0	0	0	0	0	0	0	0	0	0	0	0	0	0	0	0	0	0	0	0	0	0	0	0	0	0	0	0	0	0	0	0	0	0	0	0	0	0	0	0	0	0	0	0	0	0	0	0	0	0	0	0	0	0	0	0	0	0	0	0	0	0	0	0	0	0	0	0	0	0	0	0	0	0	0	0	0	0	0	0	0	0	0	0	0	0	0	0	0	0	0	0	0	0	0	0	0	0	0	0	0	0	0	0	0	0	0	0	0	0	0	0	0	0	0	0	0	0	0	0	0	0	0	0	118	38	44
0	0	0	0	0	0	0	0	0	0	0	0	0	0	0	0	0	0	0	0	0	0	0	0	0	0	0	0	0	0	0	0	0	0	0	0	0	0	0	0	0	0	0	0	0	0	0	0	0	0	0	0	0	0	0	0	0	0	0	0	0	0	0	0	0	0	0	0	0	0	0	0	0	0	0	0	0	0	0	0	0	0	0	0	0	0	0	0	0	0	0	0	0	0	0	0	0	0	0	0	0	0	0	0	0	0	0	0	0	0	0	0	0	0	0	0	0	0	0	0	0	0	0	0	0	0	63	102
0	0	0	0	0	0	0	0	0	0	0	0	0	0	0	0	0	0	0	0	0	0	0	0	0	0	0	0	0	0	0	0	0	0	0	0	0	0	0	0	0	0	0	0	0	0	0	0	0	0	0	0	0	0	0	0	0	0	0	0	0	0	0	0	0	0	0	0	0	0	0	0	0	0	0	0	0	0	0	0	0	0	0	0	0	0	0	0	0	0	0	0	0	0	0	0	0	0	0	0	0	0	0	0	0	0	0	0	0	0	0	0	0	0	0	0	0	0	0	0	0	0	0	0	0	0	0	42
0	0	0	0	0	0	0	0	0	0	0	0	0	0	0	0	0	0	0	0	0	0	0	0	0	0	0	0	0	0	0	0	0	0	0	0	0	0	0	0	0	0	0	0	0	0	0	0	0	0	0	0	0	0	0	0	0	0	0	0	0	0	0	0	0	0	0	0	0	0	0	0	0	0	0	0	0	0	0	0	0	0	0	0	0	0	0	0	0	0	0	0	0	0	0	0	0	0	0	0	0	0	0	0	0	0	0	0	0	0	0	0	0	0	0	0	0	0	0	0	0	0	0	0	0	0	0	0