0	36	46	47	94	126	30	125	52	90	11	39	37	62	20	16	124	99	83	117	9	15	25	39	103	64	123	80	45	122	56	127	18	84	69	108	86	103	53	48	71	69	82	114	13	14	108	26	51	83	76	77	6	60	70	16	85	62	70	61	92	46	89	39	126	69	72	60	72	78	77	28	16	126	94	18	102	9	15	6	124	89	98	111	121	92	69	42	32	110	43	53	97	11	124	53	45	110	88	82	14	30	83	121	69	102	41	87	18	9	83	73	101	13	47	117	12	112	79	22	71	120	122	128	35	43	62	44
0	0	86	77	62	95	123	59	8	114	97	84	94	124	99	123	36	117	43	85	90	35	45	18	66	96	101	89	5	124	38	83	35	80	99	51	124	105	59	80	113	95	98	39	117	27	105	116	78	115	96	98	61	90	109	64	58	127	105	83	44	39	46	40	6	6	58	109	22	62	37	13	16	82	7	100	49	120	89	73	39	48	2	57	1	36	117	119	41	113	113	63	8	82	119	80	18	30	21	101	107	51	113	4	34	86	65	57	37	101	123	48	123	106	30	98	92	3	15	27	20	105	95	32	8	15	60	26
0	0	0	25	56	95	56	61	104	69	47	41	119	116	71	37	106	31	46	75	17	105	106	115	107	28	27	125	76	63	89	45	117	98	13	105	74	72	77	34	112	79	128	114	75	85	27	42	32	64	79	102	85	1	47	86	13	94	40	90	121	71	102	27	43	67	31	85	47	72	128	63	116	100	84	17	11	100	14	12	76	38	119	30	19	118	24	24	28	106	34	67	101	85	12	58	42	17	80	59	38	86	95	87	11	45	24	111	4	23	54	49	126	31	5	117	16	61	26	29	40	124	53	86	87	83	125	24
0	0	0	0	63	23	122	6	105	6	89	42	124	87	13	77	85	64	119	56	10	126	39	121	115	105	98	106	99	6	35	120	51	104	18	45	108	73	33	50	71	5	65	104	101	92	55	86	78	36	98	128	71	15	12	33	44	36	88	97	83	98	120	30	42	82	23	113	11	94	73	124	72	36	17	121	108	76	65	104	121	75	33	110	114	115	72	126	116	47	15	30	7	57	81	109	73	106	118	7	108	104	4	82	2	75	76	44	108	79	31	118	119	113	94	63	76	42	41	41	66	119	104	102	8	49	70	51
0	0	0	0	0	48	89	93	81	31	108	98	96	41	123	58	31	114	47	59	91	1	64	97	27	77	42	61	92	2	97	68	5	4	19	73	9	81	6	80	125	94	63	115	75	25	52	35	2	33	32	71	124	108	94	41	2	52	5	47	61	2	18	88	61	89	120	22	100	11	86	17	7	39	91	87	74	126	27	41	84	47	53	22	76	30	15	37	73	83	55	85	88	110	115	21	24	54	51	107	17	35	115	113	30	41	119	83	120	38	115	103	26	11	113	32	6	21	76	116	51	61	82	74	82	39	20	53
0	0	0	0	0	0	93	99	22	11	75	104	51	119	112	87	57	125	19	91	124	106	47	89	109	101	5	96	7	56	46	56	16	96	56	112	73	101	19	113	42	48	87	46	100	128	50	60	107	87	99	83	84	40	116	70	81	3	14	115	112	11	71	58	91	5	86	97	16	103	35	49	3	94	16	16	44	101	61	97	115	1	90	57	76	99	114	107	60	8	32	35	94	52	113	75	35	52	83	59	67	107	95	125	78	126	61	124	66	77	109	128	127	112	94	123	25	106	46	67	125	45	64	57	10	60	63	50
0	0	0	0	0	0	0	98	80	7	7	17	79	85	4	71	33	50	65	127	95	38	35	78	98	66	77	42	50	7	77	67	76	59	126	104	20	50	4	13	118	67	121	115	19	12	71	80	56	29	48	47	111	53	68	111	88	14	76	12	75	96	76	119	108	70	24	11	39	77	54	83	32	112	109	88	84	13	44	111	107	124	80	93	36	106	80	28	7	18	122	52	98	123	16	52	15	23	115	126	20	32	105	58	59	26	55	58	44	70	64	111	78	69	49	102	128	32	88	111	98	108	13	8	73	33	91	124
0	0	0	0	0	0	0	0	49	71	49	118	32	6	11	39	92	119	10	128	49	107	106	116	13	122	96	21	121	27	54	99	89	22	32	41	7	12	119	4	113	99	29	15	31	55	52	26	88	43	89	33	62	19	58	109	27	91	63	56	96	66	67	12	39	58	57	86	38	20	29	115	63	31	62	81	104	125	124	79	87	43	22	105	97	128	127	28	51	116	83	13	81	14	66	18	88	19	78	94	68	119	33	44	68	71	15	1	51	81	122	41	51	16	38	24	85	24	17	6	73	97	123	47	59	15	93	109
0	0	0	0	0	0	0	0	0	87	32	121	28	1	114	105	94	29	29	123	82	11	59	74	41	83	73	66	83	11	22	106	1	63	89	51	10	65	29	76	108	74	12	109	4	32	101	96	117	65	9	46	18	113	45	29	77	51	63	96	64	56	21	31	58	16	30	58	95	34	95	15	44	19	2	79	58	38	117	119	12	6	89	65	75	39	106	76	60	91	106	53	109	91	103	49	122	60	91	21	124	106	37	118	87	42	19	12	75	79	57	104	37	102	30	41	108	99	18	72	58	88	20	28	2	24	29	11
0	0	0	0	0	0	0	0	0	0	106	86	67	35	65	90	97	72	87	4	1	113	3	74	90	83	55	64	108	51	55	15	79	70	123	34	52	5	22	74	125	47	45	16	19	48	67	6	111	63	21	17	72	29	110	61	116	106	94	89	5	38	47	94	31	115	118	35	110	47	76	117	7	46	71	108	86	70	105	31	112	59	93	4	59	29	31	103	107	72	53	45	30	40	9	81	71	57	103	123	69	72	89	18	50	63	27	125	110	102	121	106	107	101	26	117	90	49	95	23	37	70	86	116	101	10	42	11
0	0	0	0	0	0	0	0	0	0	0	86	4	31	59	84	61	126	60	123	77	95	61	73	45	106	73	8	40	70	6	112	89	21	72	5	127	107	12	95	24	115	117	40	93	120	125	108	119	97	80	122	81	127	60	71	103	44	78	86	46	12	86	9	26	98	69	16	100	124	93	13	10	17	127	111	108	124	119	53	11	1	88	48	73	56	59	75	85	83	76	78	115	34	61	128	7	22	4	56	14	3	21	118	74	56	48	112	123	90	86	114	15	84	21	8	2	71	25	33	64	68	63	87	10	93	4	89
0	0	0	0	0	0	0	0	0	0	0	0	58	78	44	77	28	46	102	118	28	45	51	85	122	52	8	97	107	88	3	128	90	99	31	3	13	48	99	23	111	35	113	80	116	24	95	88	104	33	11	98	127	46	30	52	31	88	116	106	123	35	98	68	16	50	128	24	2	38	82	71	119	23	105	72	40	123	10	47	63	32	7	41	76	116	29	66	102	69	32	18	22	119	56	7	103	120	4	121	19	25	7	90	115	78	112	113	9	66	116	64	126	120	7	72	65	76	82	31	9	84	96	56	60	105	48	57
0	0	0	0	0	0	0	0	0	0	0	0	0	122	58	125	123	90	10	1	25	54	41	81	25	34	8	33	120	98	50	96	89	84	44	51	43	68	49	38	123	106	110	85	73	71	13	87	51	92	94	21	78	50	28	106	87	88	54	9	102	54	100	33	17	87	124	125	69	115	32	25	72	74	94	109	95	63	13	33	107	103	45	79	11	8	49	121	115	96	8	74	68	57	70	48	73	97	25	62	122	113	26	52	110	95	107	67	74	19	89	48	59	34	62	39	9	38	70	86	113	10	74	114	86	94	116	126
0	0	0	0	0	0	0	0	0	0	0	0	0	0	33	80	25	114	124	106	38	96	91	40	99	88	5	113	72	111	95	125	75	14	17	75	8	122	9	66	1	17	44	34	5	81	67	52	83	128	82	17	18	61	6	46	41	57	86	4	63	101	78	123	59	98	47	72	71	76	57	84	107	120	116	14	4	43	121	7	67	115	123	21	8	32	55	12	4	111	92	6	121	96	38	36	26	28	57	102	104	74	29	105	19	102	39	112	116	57	35	52	60	89	92	112	114	12	29	15	43	81	70	44	122	47	33	66
0	0	0	0	0	0	0	0	0	0	0	0	0	0	0	96	52	11	57	80	63	126	19	54	19	80	124	121	84	92	70	68	3	41	5	11	13	76	23	28	15	79	104	20	101	111	120	16	81	88	113	122	66	8	26	71	83	8	44	42	37	114	23	53	123	25	47	112	94	64	18	120	67	12	99	45	94	21	4	48	72	125	15	96	94	22	77	89	81	96	85	63	103	89	43	22	69	68	90	116	126	15	32	112	121	33	71	69	61	104	93	49	44	51	79	113	122	81	7	24	40	25	84	99	30	121	55	45
0	0	0	0	0	0	0	0	0	0	0	0	0	0	0	0	61	30	61	43	80	1	38	115	95	62	57	69	21	45	103	43	88	126	94	116	98	26	117	40	28	63	19	46	52	116	122	90	22	40	12	68	26	17	31	17	108	6	122	45	118	102	53	97	115	117	107	14	7	56	11	100	51	109	76	30	28	93	66	46	58	119	113	34	121	91	73	3	19	92	48	118	66	40	91	76	106	42	72	23	71	107	2	115	40	74	40	11	20	82	62	81	101	87	115	71	55	38	6	87	39	40	93	33	45	125	76	56
0	0	0	0	0	0	0	0	0	0	0	0	0	0	0	0	0	66	99	15	39	109	110	112	115	51	45	119	85	62	2	36	28	3	54	106	90	89	27	60	51	78	72	116	8	37	11	73	13	74	1	92	102	74	19	84	82	7	79	61	112	116	61	50	85	124	109	25	16	70	32	73	74	122	123	48	111	98	66	41	30	8	24	73	84	108	19	101	84	58	92	51	3	29	115	58	14	64	37	72	86	16	105	54	53	121	21	109	32	78	1	74	46	114	22	22	106	123	87	83	62	53	68	72	47	42	42	21
0	0	0	0	0	0	0	0	0	0	0	0	0	0	0	0	0	0	37	21	4	64	111	7	35	16	87	29	110	81	33	102	81	73	85	77	53	44	120	63	35	123	2	79	82	54	10	127	116	54	12	34	92	2	47	45	70	85	35	123	83	24	74	81	3	99	4	34	127	9	68	67	81	20	126	5	34	101	63	48	99	116	44	37	40	48	75	63	43	85	18	127	63	43	64	67	79	74	58	128	56	16	7	40	2	113	101	27	14	45	55	84	38	44	23	60	101	40	25	95	11	117	63	99	46	115	51	45
0	0	0	0	0	0	0	0	0	0	0	0	0	0	0	0	0	0	0	18	77	4	86	99	22	86	53	13	15	117	84	65	12	52	96	7	58	44	51	114	102	49	118	65	105	75	7	102	122	47	101	5	113	3	64	98	41	89	84	94	125	58	45	78	81	90	11	42	113	90	69	66	22	86	79	16	23	116	5	72	33	41	52	30	19	40	45	67	125	54	68	55	4	125	52	54	15	125	32	62	102	120	95	124	2	29	38	56	105	73	98	50	75	87	42	87	5	71	119	114	29	57	41	21	11	62	28	26
0	0	0	0	0	0	0	0	0	0	0	0	0	0	0	0	0	0	0	0	30	119	58	125	34	29	16	60	49	108	103	103	126	125	32	24	67	70	61	69	107	72	84	87	46	49	83	45	97	112	21	109	17	8	31	119	92	68	43	93	128	124	68	56	21	22	120	86	21	41	48	98	27	57	51	99	108	43	51	84	27	125	10	106	42	28	53	28	87	70	24	72	112	16	108	39	112	92	80	40	81	115	126	60	45	73	36	25	26	7	114	119	79	78	25	11	68	32	90	5	83	108	62	72	24	47	63	106
0	0	0	0	0	0	0	0	0	0	0	0	0	0	0	0	0	0	0	0	0	112	97	48	113	18	8	62	7	103	115	119	76	128	98	91	2	88	53	94	59	65	61	42	112	38	20	48	124	90	97	3	102	82	16	51	110	114	105	51	123	35	103	63	103	74	114	14	91	111	93	90	53	82	102	17	105	107	101	108	123	84	64	13	76	82	10	29	25	38	56	56	119	111	95	81	44	52	123	92	4	21	92	119	108	95	20	70	86	101	97	35	119	6	60	76	25	26	65	85	84	2	98	49	35	41	126	119
0	0	0	0	0	0	0	0	0	0	0	0	0	0	0	0	0	0	0	0	0	0	24	74	29	125	9	27	116	70	82	58	4	31	60	6	105	110	115	43	120	60	108	124	8	36	95	36	119	77	102	56	55	12	91	32	89	117	75	103	80	6	49	59	73	95	58	74	39	67	14	5	72	74	125	37	86	113	103	87	81	78	38	47	6	86	104	106	27	61	4	47	16	9	23	111	20	77	107	115	61	79	36	125	115	100	46	49	73	95	116	100	122	24	29	87	116	76	99	24	40	96	39	119	61	4	36	23
0	0	0	0	0	0	0	0	0	0	0	0	0	0	0	0	0	0	0	0	0	0	0	6	65	106	113	50	51	46	126	109	95	43	92	88	101	83	38	76	41	72	9	123	32	99	6	57	29	94	77	26	118	13	72	62	97	30	8	107	17	17	14	86	80	128	18	56	35	33	29	18	56	14	44	55	16	113	87	1	19	64	110	18	44	89	2	76	49	109	128	3	38	100	58	20	95	54	20	3	69	19	78	38	114	3	1	39	88	34	102	1	96	121	58	44	87	37	89	76	32	115	25	92	19	18	23	98
0	0	0	0	0	0	0	0	0	0	0	0	0	0	0	0	0	0	0	0	0	0	0	0	75	123	109	59	18	72	60	76	66	58	64	82	54	126	36	125	71	126	72	42	109	59	84	103	63	125	88	128	99	73	90	58	71	1	24	87	66	64	108	94	84	81	31	24	87	24	126	7	90	38	59	111	73	81	69	51	36	91	54	45	65	46	106	87	128	13	66	18	92	29	78	59	87	76	81	107	7	79	64	11	106	42	101	16	57	81	83	74	35	120	108	45	19	102	120	57	49	5	4	91	126	17	126	7
0	0	0	0	0	0	0	0	0	0	0	0	0	0	0	0	0	0	0	0	0	0	0	0	0	116	31	6	8	101	78	48	109	8	46	102	76	100	56	115	119	100	52	52	34	86	70	89	80	60	45	57	87	36	64	6	63	35	118	78	38	70	54	58	110	100	40	95	100	49	12	60	95	77	11	67	53	123	5	24	104	118	25	73	12	113	111	119	20	87	118	7	126	79	14	119	114	34	58	94	57	28	49	68	37	38	88	47	116	81	127	11	27	6	23	59	25	19	125	103	121	29	56	44	10	64	87	52
0	0	0	0	0	0	0	0	0	0	0	0	0	0	0	0	0	0	0	0	0	0	0	0	0	0	31	119	45	112	99	85	33	114	77	121	35	104	48	53	116	64	82	110	81	88	25	62	68	54	67	86	79	1	15	71	80	26	9	71	5	42	36	67	113	32	79	86	2	81	80	17	35	68	31	17	79	49	85	23	104	89	81	10	45	27	4	9	72	101	6	44	35	17	85	8	61	11	47	115	35	72	70	6	105	64	29	100	11	53	68	36	6	12	101	26	76	45	95	102	127	62	128	72	104	71	61	115
0	0	0	0	0	0	0	0	0	0	0	0	0	0	0	0	0	0	0	0	0	0	0	0	0	0	0	83	66	63	69	20	12	33	58	95	60	84	1	17	127	108	4	128	106	115	17	57	83	34	51	128	60	14	123	123	97	109	51	113	9	16	78	19	5	123	3	71	88	18	127	60	15	4	46	39	17	86	125	21	115	60	112	57	44	52	76	64	123	19	52	114	117	43	38	69	1	58	62	58	49	2	74	78	111	44	58	101	91	101	20	108	8	103	77	51	12	6	128	106	102	84	28	55	13	62	24	44
0	0	0	0	0	0	0	0	0	0	0	0	0	0	0	0	0	0	0	0	0	0	0	0	0	0	0	0	13	58	86	85	28	126	47	99	86	57	123	119	74	33	59	30	12	75	126	28	102	90	6	103	49	13	48	117	63	116	124	75	4	22	124	40	58	89	37	104	94	2	26	78	65	30	88	7	68	14	58	48	91	32	123	24	56	58	96	54	119	112	117	38	13	48	21	128	123	109	45	5	42	78	29	111	37	35	21	99	90	122	108	13	112	85	106	48	21	95	31	81	6	108	71	93	125	53	77	70
0	0	0	0	0	0	0	0	0	0	0	0	0	0	0	0	0	0	0	0	0	0	0	0	0	0	0	0	0	24	40	61	6	39	36	63	58	67	88	39	1	43	91	38	52	86	69	73	74	36	21	43	28	35	90	63	123	96	30	116	22	44	128	51	69	31	47	45	108	9	43	35	69	59	22	63	86	71	57	108	69	62	21	35	2	64	4	18	50	110	95	124	55	54	46	14	5	32	7	59	60	64	108	40	87	117	57	69	65	51	65	41	13	58	71	10	88	114	28	95	98	128	111	89	2	116	50	29
0	0	0	0	0	0	0	0	0	0	0	0	0	0	0	0	0	0	0	0	0	0	0	0	0	0	0	0	0	0	108	27	116	7	1	70	45	39	84	7	18	102	36	96	22	29	117	8	82	46	10	45	66	30	52	54	123	48	110	125	28	8	51	11	15	48	110	90	74	120	78	95	50	36	27	56	20	115	96	75	54	69	74	90	86	107	97	39	73	22	80	114	109	20	45	108	107	8	83	92	55	80	114	44	112	73	76	118	58	111	91	53	88	104	82	25	50	96	104	116	128	36	22	73	51	125	52	53
0	0	0	0	0	0	0	0	0	0	0	0	0	0	0	0	0	0	0	0	0	0	0	0	0	0	0	0	0	0	0	39	110	85	76	18	23	113	10	32	64	57	58	11	1	3	18	11	82	44	2	48	76	120	21	89	29	57	25	34	68	92	55	25	83	122	125	97	59	122	69	32	90	32	117	107	58	61	103	17	83	28	120	13	22	70	76	66	66	57	50	51	104	104	54	16	5	3	23	5	85	56	77	66	92	76	6	114	51	76	60	7	37	46	6	81	67	33	107	5	79	90	40	27	17	21	95	7
0	0	0	0	0	0	0	0	0	0	0	0	0	0	0	0	0	0	0	0	0	0	0	0	0	0	0	0	0	0	0	0	18	31	88	82	88	89	18	58	63	46	22	12	3	61	106	33	42	124	27	32	13	67	105	3	41	27	119	11	38	12	54	5	84	86	120	9	81	40	32	109	26	6	118	74	52	97	92	100	125	75	92	112	98	85	95	57	115	20	10	31	121	70	11	104	53	22	81	43	15	113	40	11	47	104	19	123	80	16	115	92	10	64	103	49	96	107	126	41	48	121	75	62	115	79	9	41
0	0	0	0	0	0	0	0	0	0	0	0	0	0	0	0	0	0	0	0	0	0	0	0	0	0	0	0	0	0	0	0	0	10	28	21	9	4	4	87	36	99	73	83	121	2	95	110	50	128	88	117	25	66	94	59	90	59	121	90	58	92	46	111	96	92	14	112	3	5	10	113	96	72	82	30	107	22	110	6	114	72	1	31	31	60	60	28	99	58	46	128	64	37	15	96	6	31	125	85	117	79	118	82	102	99	31	92	106	59	32	102	14	25	99	77	60	62	90	24	116	10	79	114	30	53	74	103
0	0	0	0	0	0	0	0	0	0	0	0	0	0	0	0	0	0	0	0	0	0	0	0	0	0	0	0	0	0	0	0	0	0	87	17	15	90	71	17	101	71	66	80	58	120	126	23	18	21	86	116	81	82	19	36	11	46	27	121	128	47	112	125	121	112	68	23	4	93	94	105	85	24	77	96	87	10	42	118	25	52	50	15	119	105	73	88	66	39	53	19	96	120	83	8	1	55	111	95	65	87	54	4	20	95	82	44	38	109	85	40	75	86	1	23	27	125	111	35	50	109	104	64	14	5	92	9
0	0	0	0	0	0	0	0	0	0	0	0	0	0	0	0	0	0	0	0	0	0	0	0	0	0	0	0	0	0	0	0	0	0	0	35	80	99	11	49	31	34	5	7	67	116	38	55	32	80	104	112	56	39	9	58	126	119	35	65	31	108	26	112	53	109	20	41	60	63	38	83	46	63	25	9	117	106	123	93	30	115	40	15	27	51	111	56	51	59	20	81	25	28	121	6	69	87	63	52	101	35	14	122	90	110	60	33	35	86	75	28	23	90	123	119	8	55	128	107	75	19	54	21	98	112	56	97
0	0	0	0	0	0	0	0	0	0	0	0	0	0	0	0	0	0	0	0	0	0	0	0	0	0	0	0	0	0	0	0	0	0	0	0	81	5	116	2	25	120	11	12	58	84	123	75	106	52	57	87	8	122	99	18	84	59	26	50	93	93	113	128	55	75	109	79	36	47	101	80	33	43	93	96	40	58	42	106	69	61	5	121	106	15	112	108	91	76	93	48	16	36	43	44	59	69	89	110	64	125	89	92	53	60	37	36	72	67	103	30	66	24	10	105	4	123	63	81	18	11	12	125	74	36	80	33
0	0	0	0	0	0	0	0	0	0	0	0	0	0	0	0	0	0	0	0	0	0	0	0	0	0	0	0	0	0	0	0	0	0	0	0	0	32	40	126	52	4	30	66	55	66	25	29	5	41	99	103	108	38	36	101	120	127	79	42	31	3	97	37	87	47	59	126	10	95	85	57	16	92	77	28	69	69	108	42	123	79	3	52	99	45	1	84	123	80	39	115	26	80	73	31	13	7	94	108	113	33	78	121	78	118	24	33	44	38	105	24	54	50	128	79	114	27	37	64	35	90	111	113	110	97	40	39
0	0	0	0	0	0	0	0	0	0	0	0	0	0	0	0	0	0	0	0	0	0	0	0	0	0	0	0	0	0	0	0	0	0	0	0	0	0	123	21	97	62	121	20	104	59	1	112	107	126	20	23	31	56	96	99	108	84	84	22	49	122	25	80	82	34	3	112	118	74	79	60	29	37	19	95	27	40	87	29	29	108	87	86	59	52	103	118	52	77	83	110	83	2	108	34	26	87	88	91	41	77	21	96	114	28	33	104	32	50	100	64	123	41	50	66	84	3	47	41	77	87	102	12	89	83	14	73
0	0	0	0	0	0	0	0	0	0	0	0	0	0	0	0	0	0	0	0	0	0	0	0	0	0	0	0	0	0	0	0	0	0	0	0	0	0	0	127	16	105	61	113	125	68	29	36	49	10	122	93	98	108	115	30	38	85	111	32	110	10	79	67	122	107	18	109	78	9	52	36	125	23	107	104	101	65	3	53	62	54	5	112	122	75	32	75	117	66	84	33	50	46	30	105	18	105	53	120	87	60	21	106	81	24	19	30	15	90	68	25	87	36	19	81	32	118	26	90	84	23	58	91	112	32	59	119
0	0	0	0	0	0	0	0	0	0	0	0	0	0	0	0	0	0	0	0	0	0	0	0	0	0	0	0	0	0	0	0	0	0	0	0	0	0	0	0	107	117	76	52	97	65	110	58	65	53	66	111	2	102	103	29	67	119	100	69	4	83	106	103	49	38	10	61	76	80	87	103	58	101	10	93	26	84	6	64	18	47	64	37	4	117	120	108	59	60	75	46	3	76	82	30	118	111	2	121	127	5	21	88	104	30	4	99	10	48	57	56	65	118	60	84	13	52	38	66	56	90	71	77	60	50	105	65
0	0	0	0	0	0	0	0	0	0	0	0	0	0	0	0	0	0	0	0	0	0	0	0	0	0	0	0	0	0	0	0	0	0	0	0	0	0	0	0	0	45	39	43	43	103	24	66	38	65	42	81	36	81	27	97	24	16	127	90	41	6	36	104	119	92	66	74	75	89	40	101	108	54	119	105	22	49	41	98	10	6	75	71	42	17	81	92	107	88	113	24	118	15	56	125	77	62	41	12	47	122	26	17	69	117	84	2	95	35	120	122	23	50	14	11	83	76	43	10	60	114	35	32	37	84	82	25
0	0	0	0	0	0	0	0	0	0	0	0	0	0	0	0	0	0	0	0	0	0	0	0	0	0	0	0	0	0	0	0	0	0	0	0	0	0	0	0	0	0	2	121	94	110	69	47	22	120	103	34	99	74	14	22	100	107	14	112	16	118	7	127	29	14	126	118	10	15	74	100	121	66	11	126	1	66	48	107	36	71	64	73	19	116	39	37	4	8	53	97	105	5	39	53	14	43	108	41	20	32	49	28	94	32	117	125	110	120	9	93	82	88	64	44	41	86	32	3	29	23	1	42	63	111	93	81
0	0	0	0	0	0	0	0	0	0	0	0	0	0	0	0	0	0	0	0	0	0	0	0	0	0	0	0	0	0	0	0	0	0	0	0	0	0	0	0	0	0	0	65	53	16	77	77	80	3	95	114	52	45	61	127	44	69	94	105	100	85	65	99	31	45	109	124	83	87	62	124	55	67	33	7	45	124	78	69	79	24	128	32	13	92	75	3	114	53	112	16	105	53	3	24	55	77	68	66	68	4	18	58	124	120	74	115	115	118	106	20	105	10	43	12	28	53	101	116	123	118	127	109	107	39	42	45
0	0	0	0	0	0	0	0	0	0	0	0	0	0	0	0	0	0	0	0	0	0	0	0	0	0	0	0	0	0	0	0	0	0	0	0	0	0	0	0	0	0	0	0	93	82	79	23	16	111	20	103	29	70	104	40	92	69	56	106	2	106	102	64	119	9	100	59	111	100	60	66	13	101	56	68	20	14	112	89	72	33	125	48	55	44	16	95	38	61	4	94	47	99	47	92	22	50	114	102	6	126	4	39	99	111	99	13	124	53	74	55	101	75	37	61	11	26	105	90	39	38	78	29	15	50	30	59
0	0	0	0	0	0	0	0	0	0	0	0	0	0	0	0	0	0	0	0	0	0	0	0	0	0	0	0	0	0	0	0	0	0	0	0	0	0	0	0	0	0	0	0	0	14	128	124	48	80	68	54	33	42	26	88	8	79	105	14	71	34	110	89	44	59	3	10	88	50	28	119	44	26	1	123	49	24	82	116	88	77	77	6	27	59	128	92	85	116	72	100	57	15	59	106	115	77	78	128	24	115	85	127	51	55	65	119	36	37	50	39	30	53	45	103	87	5	17	2	47	73	85	23	19	28	30	58
0	0	0	0	0	0	0	0	0	0	0	0	0	0	0	0	0	0	0	0	0	0	0	0	0	0	0	0	0	0	0	0	0	0	0	0	0	0	0	0	0	0	0	0	0	0	25	13	113	37	60	48	30	11	17	38	58	24	127	41	57	29	117	7	86	71	117	83	107	45	69	119	28	46	87	118	127	58	17	59	67	76	17	107	103	94	96	75	28	47	107	75	108	52	66	123	89	123	22	97	119	20	62	69	23	13	44	125	92	10	109	13	112	106	72	117	30	112	14	126	67	37	82	87	127	45	113	71
0	0	0	0	0	0	0	0	0	0	0	0	0	0	0	0	0	0	0	0	0	0	0	0	0	0	0	0	0	0	0	0	0	0	0	0	0	0	0	0	0	0	0	0	0	0	0	114	33	117	71	93	45	105	17	40	32	105	127	25	10	89	11	18	8	106	36	80	101	31	86	46	18	42	116	65	108	119	68	62	93	34	39	114	76	66	46	75	124	13	121	11	105	82	52	14	123	31	69	40	118	34	90	17	50	15	22	11	126	12	103	97	2	6	64	39	106	67	10	59	3	98	77	25	54	32	27	122
0	0	0	0	0	0	0	0	0	0	0	0	0	0	0	0	0	0	0	0	0	0	0	0	0	0	0	0	0	0	0	0	0	0	0	0	0	0	0	0	0	0	0	0	0	0	0	0	79	27	91	54	51	30	16	95	10	42	128	35	100	119	48	93	83	20	84	3	105	100	87	73	90	30	123	60	93	103	25	83	46	106	39	105	85	68	39	19	107	95	105	24	76	38	63	20	81	45	32	50	66	100	112	19	126	74	63	121	11	113	66	52	64	79	114	36	109	57	71	23	28	56	33	77	30	38	57	58
0	0	0	0	0	0	0	0	0	0	0	0	0	0	0	0	0	0	0	0	0	0	0	0	0	0	0	0	0	0	0	0	0	0	0	0	0	0	0	0	0	0	0	0	0	0	0	0	0	50	101	103	2	74	110	70	60	100	18	73	48	37	4	76	65	65	2	120	24	13	75	32	5	128	51	93	123	33	83	1	128	60	44	85	6	126	90	16	6	68	108	17	28	27	49	12	19	56	16	70	9	15	55	45	94	76	109	98	28	101	13	114	47	9	83	91	70	35	85	85	28	61	74	112	69	5	123	116
0	0	0	0	0	0	0	0	0	0	0	0	0	0	0	0	0	0	0	0	0	0	0	0	0	0	0	0	0	0	0	0	0	0	0	0	0	0	0	0	0	0	0	0	0	0	0	0	0	0	4	89	62	84	30	75	52	123	11	124	71	54	100	80	71	15	11	72	86	61	96	5	62	17	98	110	75	121	77	20	6	85	24	23	127	114	44	67	22	6	67	11	25	1	4	33	50	94	96	93	35	56	31	16	23	120	48	96	16	89	76	2	6	97	92	42	93	18	24	98	111	8	71	47	13	19	109	58
0	0	0	0	0	0	0	0	0	0	0	0	0	0	0	0	0	0	0	0	0	0	0	0	0	0	0	0	0	0	0	0	0	0	0	0	0	0	0	0	0	0	0	0	0	0	0	0	0	0	0	76	40	61	82	74	30	34	42	108	98	119	43	87	94	127	41	7	77	41	37	46	98	17	73	109	4	1	72	2	15	111	31	17	66	21	90	24	98	122	127	66	8	101	79	88	42	116	38	97	6	76	95	6	44	13	44	3	26	51	112	7	90	16	11	90	20	40	92	31	40	92	115	27	125	106	11	5
0	0	0	0	0	0	0	0	0	0	0	0	0	0	0	0	0	0	0	0	0	0	0	0	0	0	0	0	0	0	0	0	0	0	0	0	0	0	0	0	0	0	0	0	0	0	0	0	0	0	0	0	80	125	64	21	6	96	48	32	54	20	28	94	54	72	46	101	41	59	21	8	13	112	32	41	4	41	21	126	81	42	49	50	69	50	37	8	48	111	25	109	44	63	59	109	115	69	108	74	108	59	33	70	1	92	23	20	8	35	66	128	95	4	4	68	5	80	122	21	118	48	29	30	92	71	23	114
0	0	0	0	0	0	0	0	0	0	0	0	0	0	0	0	0	0	0	0	0	0	0	0	0	0	0	0	0	0	0	0	0	0	0	0	0	0	0	0	0	0	0	0	0	0	0	0	0	0	0	0	0	45	108	53	22	46	126	39	6	35	29	3	50	45	66	37	14	108	60	40	88	22	96	38	8	118	124	27	76	116	53	4	89	4	89	120	105	110	59	112	20	91	26	34	56	37	113	98	54	103	122	79	20	92	74	71	106	37	88	54	106	100	103	6	51	103	62	127	47	10	14	121	114	120	23	10
0	0	0	0	0	0	0	0	0	0	0	0	0	0	0	0	0	0	0	0	0	0	0	0	0	0	0	0	0	0	0	0	0	0	0	0	0	0	0	0	0	0	0	0	0	0	0	0	0	0	0	0	0	0	40	45	38	121	107	32	66	40	77	76	124	4	51	89	117	42	16	76	30	100	75	46	80	94	117	122	102	16	42	122	78	10	88	37	113	26	111	107	2	124	29	47	40	51	118	85	2	73	122	57	83	87	45	115	59	25	6	122	32	128	12	106	90	71	98	97	67	35	121	87	5	44	125	105
0	0	0	0	0	0	0	0	0	0	0	0	0	0	0	0	0	0	0	0	0	0	0	0	0	0	0	0	0	0	0	0	0	0	0	0	0	0	0	0	0	0	0	0	0	0	0	0	0	0	0	0	0	0	0	61	117	47	79	51	79	124	88	62	102	54	42	70	37	104	128	44	102	41	72	95	56	112	118	16	96	51	33	54	55	56	34	101	21	109	71	117	26	73	102	67	9	39	34	101	109	9	89	114	69	115	105	84	73	40	107	77	81	114	102	100	60	36	22	11	53	3	2	87	114	127	11	89
0	0	0	0	0	0	0	0	0	0	0	0	0	0	0	0	0	0	0	0	0	0	0	0	0	0	0	0	0	0	0	0	0	0	0	0	0	0	0	0	0	0	0	0	0	0	0	0	0	0	0	0	0	0	0	0	13	79	108	40	118	14	46	90	99	122	42	61	118	77	9	7	51	98	102	41	122	11	1	72	73	64	25	102	42	28	119	111	96	85	23	2	14	113	108	32	74	46	16	30	12	50	95	55	32	65	121	105	26	73	44	33	42	118	33	10	74	95	42	17	91	79	48	55	16	63	98	64
0	0	0	0	0	0	0	0	0	0	0	0	0	0	0	0	0	0	0	0	0	0	0	0	0	0	0	0	0	0	0	0	0	0	0	0	0	0	0	0	0	0	0	0	0	0	0	0	0	0	0	0	0	0	0	0	0	28	25	47	127	7	69	105	127	34	126	81	55	46	104	112	4	109	82	30	52	15	86	91	46	4	45	49	55	18	32	102	14	122	1	40	68	44	70	87	73	106	44	62	110	30	35	82	106	23	12	24	88	43	64	16	5	13	26	32	2	101	121	92	44	53	78	59	16	113	34	40
0	0	0	0	0	0	0	0	0	0	0	0	0	0	0	0	0	0	0	0	0	0	0	0	0	0	0	0	0	0	0	0	0	0	0	0	0	0	0	0	0	0	0	0	0	0	0	0	0	0	0	0	0	0	0	0	0	0	34	88	80	2	111	5	99	115	105	44	122	28	31	94	128	13	87	60	12	6	75	77	36	43	12	11	10	84	103	100	117	45	61	35	127	25	107	25	27	116	90	83	63	86	4	47	102	115	75	31	86	94	89	106	122	104	68	71	100	93	33	3	26	12	52	46	48	17	53	103
0	0	0	0	0	0	0	0	0	0	0	0	0	0	0	0	0	0	0	0	0	0	0	0	0	0	0	0	0	0	0	0	0	0	0	0	0	0	0	0	0	0	0	0	0	0	0	0	0	0	0	0	0	0	0	0	0	0	0	13	82	38	88	128	125	13	60	79	76	116	60	44	32	111	20	53	39	48	117	116	128	14	84	10	26	6	52	124	63	64	14	127	86	62	1	97	65	8	86	14	75	40	71	94	51	42	117	123	70	51	95	64	104	24	100	50	115	104	57	111	90	128	126	104	31	37	10	38
0	0	0	0	0	0	0	0	0	0	0	0	0	0	0	0	0	0	0	0	0	0	0	0	0	0	0	0	0	0	0	0	0	0	0	0	0	0	0	0	0	0	0	0	0	0	0	0	0	0	0	0	0	0	0	0	0	0	0	0	57	61	55	31	126	110	97	8	78	8	88	52	65	120	108	126	115	80	107	74	13	69	62	85	88	65	86	18	82	107	7	21	100	42	96	91	96	111	101	71	91	107	80	8	117	108	101	81	83	91	110	73	75	80	9	127	67	7	68	48	53	55	68	115	111	16	83	124
0	0	0	0	0	0	0	0	0	0	0	0	0	0	0	0	0	0	0	0	0	0	0	0	0	0	0	0	0	0	0	0	0	0	0	0	0	0	0	0	0	0	0	0	0	0	0	0	0	0	0	0	0	0	0	0	0	0	0	0	0	61	116	47	114	6	108	16	113	112	123	39	102	95	74	68	100	36	62	17	4	107	3	96	99	80	45	20	45	36	86	9	27	28	96	60	16	45	3	127	77	105	82	35	9	63	59	15	60	34	44	81	74	78	84	94	117	31	79	16	27	102	105	106	33	86	63	72
0	0	0	0	0	0	0	0	0	0	0	0	0	0	0	0	0	0	0	0	0	0	0	0	0	0	0	0	0	0	0	0	0	0	0	0	0	0	0	0	0	0	0	0	0	0	0	0	0	0	0	0	0	0	0	0	0	0	0	0	0	0	55	97	96	64	53	41	100	3	42	3	114	6	25	51	51	72	95	10	103	112	118	95	78	85	34	70	119	89	104	12	60	124	88	99	23	29	113	74	55	11	29	46	14	60	124	93	19	95	105	31	68	57	72	56	86	88	67	40	102	64	1	25	25	116	27	120
0	0	0	0	0	0	0	0	0	0	0	0	0	0	0	0	0	0	0	0	0	0	0	0	0	0	0	0	0	0	0	0	0	0	0	0	0	0	0	0	0	0	0	0	0	0	0	0	0	0	0	0	0	0	0	0	0	0	0	0	0	0	0	95	27	5	117	3	117	8	1	12	126	61	3	53	126	4	128	72	86	15	102	55	85	60	100	62	123	92	112	41	56	30	106	107	50	32	52	123	59	25	43	71	38	12	70	116	82	64	75	73	114	2	18	8	126	26	74	10	92	39	53	52	8	109	90	21
0	0	0	0	0	0	0	0	0	0	0	0	0	0	0	0	0	0	0	0	0	0	0	0	0	0	0	0	0	0	0	0	0	0	0	0	0	0	0	0	0	0	0	0	0	0	0	0	0	0	0	0	0	0	0	0	0	0	0	0	0	0	0	0	49	25	85	124	3	77	87	47	33	70	17	97	104	14	118	56	7	69	78	44	109	46	38	13	59	98	89	107	127	104	115	98	20	42	27	38	121	111	25	38	49	91	67	118	108	59	30	60	44	25	80	25	16	98	106	71	72	106	20	45	72	85	100	59
0	0	0	0	0	0	0	0	0	0	0	0	0	0	0	0	0	0	0	0	0	0	0	0	0	0	0	0	0	0	0	0	0	0	0	0	0	0	0	0	0	0	0	0	0	0	0	0	0	0	0	0	0	0	0	0	0	0	0	0	0	0	0	0	0	101	120	52	93	3	78	114	6	16	109	16	114	125	88	25	98	101	114	70	25	108	17	36	14	53	3	52	88	92	27	62	44	4	127	78	8	71	73	81	84	57	39	82	55	3	54	111	81	60	111	58	60	4	69	114	43	110	38	127	27	67	33	34
0	0	0	0	0	0	0	0	0	0	0	0	0	0	0	0	0	0	0	0	0	0	0	0	0	0	0	0	0	0	0	0	0	0	0	0	0	0	0	0	0	0	0	0	0	0	0	0	0	0	0	0	0	0	0	0	0	0	0	0	0	0	0	0	0	0	65	45	32	46	65	41	36	104	74	128	34	27	60	44	125	33	56	50	74	85	101	84	87	110	56	122	22	101	101	25	90	16	29	74	66	62	17	114	119	42	37	61	93	114	36	128	79	112	50	98	57	105	69	91	98	49	42	65	55	23	2	20
0	0	0	0	0	0	0	0	0	0	0	0	0	0	0	0	0	0	0	0	0	0	0	0	0	0	0	0	0	0	0	0	0	0	0	0	0	0	0	0	0	0	0	0	0	0	0	0	0	0	0	0	0	0	0	0	0	0	0	0	0	0	0	0	0	0	0	31	46	117	18	64	13	128	107	106	52	112	2	54	49	32	110	86	41	83	60	14	90	128	32	120	24	61	108	97	64	37	98	88	96	32	2	54	38	44	117	62	62	116	113	93	23	10	126	33	93	8	7	61	122	50	36	105	106	30	12	118
0	0	0	0	0	0	0	0	0	0	0	0	0	0	0	0	0	0	0	0	0	0	0	0	0	0	0	0	0	0	0	0	0	0	0	0	0	0	0	0	0	0	0	0	0	0	0	0	0	0	0	0	0	0	0	0	0	0	0	0	0	0	0	0	0	0	0	0	51	9	62	65	122	8	83	9	42	97	63	54	34	17	85	43	106	74	26	26	123	57	6	24	73	4	122	9	35	109	85	116	103	52	28	51	27	49	19	25	71	72	124	121	68	40	25	120	41	27	36	73	40	45	6	7	67	9	58	75
0	0	0	0	0	0	0	0	0	0	0	0	0	0	0	0	0	0	0	0	0	0	0	0	0	0	0	0	0	0	0	0	0	0	0	0	0	0	0	0	0	0	0	0	0	0	0	0	0	0	0	0	0	0	0	0	0	0	0	0	0	0	0	0	0	0	0	0	0	93	54	30	64	97	108	89	18	69	76	64	97	106	125	70	30	34	86	71	43	76	61	17	37	103	5	124	117	117	101	7	50	39	42	47	100	81	78	87	86	104	84	14	48	100	111	54	76	24	61	80	53	34	7	18	127	87	84	127
0	0	0	0	0	0	0	0	0	0	0	0	0	0	0	0	0	0	0	0	0	0	0	0	0	0	0	0	0	0	0	0	0	0	0	0	0	0	0	0	0	0	0	0	0	0	0	0	0	0	0	0	0	0	0	0	0	0	0	0	0	0	0	0	0	0	0	0	0	0	96	40	36	4	126	48	100	4	69	6	16	53	122	99	64	2	86	125	85	32	124	10	15	21	75	66	24	53	38	70	86	121	126	65	71	39	71	57	45	35	118	62	12	13	26	7	39	63	87	76	41	114	33	108	34	109	87	2
0	0	0	0	0	0	0	0	0	0	0	0	0	0	0	0	0	0	0	0	0	0	0	0	0	0	0	0	0	0	0	0	0	0	0	0	0	0	0	0	0	0	0	0	0	0	0	0	0	0	0	0	0	0	0	0	0	0	0	0	0	0	0	0	0	0	0	0	0	0	0	98	11	121	44	86	72	82	41	66	65	58	115	38	128	116	61	44	120	113	26	93	91	31	15	100	23	22	110	74	56	95	127	37	46	37	80	114	108	122	63	18	109	52	64	77	10	37	115	46	29	42	75	19	35	39	104	114
0	0	0	0	0	0	0	0	0	0	0	0	0	0	0	0	0	0	0	0	0	0	0	0	0	0	0	0	0	0	0	0	0	0	0	0	0	0	0	0	0	0	0	0	0	0	0	0	0	0	0	0	0	0	0	0	0	0	0	0	0	0	0	0	0	0	0	0	0	0	0	0	43	5	48	40	121	54	84	116	69	103	114	91	126	34	57	56	43	67	61	123	63	87	18	16	103	40	112	58	85	13	92	56	115	103	3	98	107	99	27	124	66	91	61	76	94	40	76	26	64	11	102	48	92	100	8	41
0	0	0	0	0	0	0	0	0	0	0	0	0	0	0	0	0	0	0	0	0	0	0	0	0	0	0	0	0	0	0	0	0	0	0	0	0	0	0	0	0	0	0	0	0	0	0	0	0	0	0	0	0	0	0	0	0	0	0	0	0	0	0	0	0	0	0	0	0	0	0	0	0	32	11	4	13	100	128	64	5	111	28	35	59	31	14	70	102	56	70	9	35	2	67	85	111	84	115	98	32	108	69	26	88	46	80	12	9	81	2	72	101	26	107	4	19	60	68	52	34	18	79	43	127	33	40	36
0	0	0	0	0	0	0	0	0	0	0	0	0	0	0	0	0	0	0	0	0	0	0	0	0	0	0	0	0	0	0	0	0	0	0	0	0	0	0	0	0	0	0	0	0	0	0	0	0	0	0	0	0	0	0	0	0	0	0	0	0	0	0	0	0	0	0	0	0	0	0	0	0	0	101	44	103	73	108	40	108	27	58	11	73	80	78	44	114	63	47	70	18	95	50	84	10	72	87	50	101	95	47	45	114	55	1	106	5	50	97	41	87	16	15	83	23	52	3	13	75	117	108	106	66	114	108	42
0	0	0	0	0	0	0	0	0	0	0	0	0	0	0	0	0	0	0	0	0	0	0	0	0	0	0	0	0	0	0	0	0	0	0	0	0	0	0	0	0	0	0	0	0	0	0	0	0	0	0	0	0	0	0	0	0	0	0	0	0	0	0	0	0	0	0	0	0	0	0	0	0	0	0	97	1	71	30	84	73	73	92	127	106	115	29	5	104	126	1	69	121	19	106	128	5	3	89	48	121	81	84	125	52	63	116	54	56	88	22	101	68	81	44	63	48	20	81	57	56	60	65	127	78	65	34	6
0	0	0	0	0	0	0	0	0	0	0	0	0	0	0	0	0	0	0	0	0	0	0	0	0	0	0	0	0	0	0	0	0	0	0	0	0	0	0	0	0	0	0	0	0	0	0	0	0	0	0	0	0	0	0	0	0	0	0	0	0	0	0	0	0	0	0	0	0	0	0	0	0	0	0	0	76	88	104	94	93	34	39	20	65	43	107	16	40	53	57	14	77	38	92	117	44	118	13	75	8	116	48	106	18	83	125	82	7	117	27	61	70	19	54	11	56	120	25	108	98	83	113	4	66	26	21	23
0	0	0	0	0	0	0	0	0	0	0	0	0	0	0	0	0	0	0	0	0	0	0	0	0	0	0	0	0	0	0	0	0	0	0	0	0	0	0	0	0	0	0	0	0	0	0	0	0	0	0	0	0	0	0	0	0	0	0	0	0	0	0	0	0	0	0	0	0	0	0	0	0	0	0	0	0	12	106	22	73	6	94	51	51	5	107	108	29	8	44	54	85	80	6	113	2	67	103	118	81	106	110	22	104	7	6	98	114	36	106	128	74	53	121	6	105	15	75	87	54	34	100	80	47	95	110	74
0	0	0	0	0	0	0	0	0	0	0	0	0	0	0	0	0	0	0	0	0	0	0	0	0	0	0	0	0	0	0	0	0	0	0	0	0	0	0	0	0	0	0	0	0	0	0	0	0	0	0	0	0	0	0	0	0	0	0	0	0	0	0	0	0	0	0	0	0	0	0	0	0	0	0	0	0	0	79	36	14	39	38	102	66	115	92	117	28	93	52	49	2	53	3	26	54	110	100	30	106	15	104	18	70	113	104	70	95	73	26	53	125	106	59	102	65	40	103	70	27	119	74	93	48	73	119	83
0	0	0	0	0	0	0	0	0	0	0	0	0	0	0	0	0	0	0	0	0	0	0	0	0	0	0	0	0	0	0	0	0	0	0	0	0	0	0	0	0	0	0	0	0	0	0	0	0	0	0	0	0	0	0	0	0	0	0	0	0	0	0	0	0	0	0	0	0	0	0	0	0	0	0	0	0	0	0	99	17	46	96	122	100	16	57	127	24	70	17	90	41	33	91	113	44	92	59	99	98	120	33	124	126	78	3	105	37	42	109	45	121	73	61	10	44	41	59	68	11	72	102	68	1	102	82	20
0	0	0	0	0	0	0	0	0	0	0	0	0	0	0	0	0	0	0	0	0	0	0	0	0	0	0	0	0	0	0	0	0	0	0	0	0	0	0	0	0	0	0	0	0	0	0	0	0	0	0	0	0	0	0	0	0	0	0	0	0	0	0	0	0	0	0	0	0	0	0	0	0	0	0	0	0	0	0	0	28	63	41	90	56	96	39	109	21	67	53	118	81	93	91	109	7	68	109	6	29	48	40	98	84	114	9	32	68	70	25	107	24	92	72	86	72	80	25	54	124	86	45	76	55	44	93	21
0	0	0	0	0	0	0	0	0	0	0	0	0	0	0	0	0	0	0	0	0	0	0	0	0	0	0	0	0	0	0	0	0	0	0	0	0	0	0	0	0	0	0	0	0	0	0	0	0	0	0	0	0	0	0	0	0	0	0	0	0	0	0	0	0	0	0	0	0	0	0	0	0	0	0	0	0	0	0	0	0	105	77	101	83	71	73	79	35	96	51	95	45	43	33	27	73	39	42	82	20	14	116	6	82	1	41	102	59	48	99	108	83	70	111	102	114	79	108	1	66	6	26	14	109	101	17	127
0	0	0	0	0	0	0	0	0	0	0	0	0	0	0	0	0	0	0	0	0	0	0	0	0	0	0	0	0	0	0	0	0	0	0	0	0	0	0	0	0	0	0	0	0	0	0	0	0	0	0	0	0	0	0	0	0	0	0	0	0	0	0	0	0	0	0	0	0	0	0	0	0	0	0	0	0	0	0	0	0	0	92	64	68	85	1	107	33	49	55	12	11	81	101	126	7	102	101	25	128	85	107	101	72	98	47	65	93	30	107	36	41	112	39	26	88	10	94	49	121	9	52	120	68	27	46	80
0	0	0	0	0	0	0	0	0	0	0	0	0	0	0	0	0	0	0	0	0	0	0	0	0	0	0	0	0	0	0	0	0	0	0	0	0	0	0	0	0	0	0	0	0	0	0	0	0	0	0	0	0	0	0	0	0	0	0	0	0	0	0	0	0	0	0	0	0	0	0	0	0	0	0	0	0	0	0	0	0	0	0	104	126	38	28	22	105	49	31	94	81	100	37	29	19	29	67	4	50	13	29	3	118	71	15	30	29	103	4	118	120	43	103	79	85	40	67	17	75	18	4	83	103	60	20	124
0	0	0	0	0	0	0	0	0	0	0	0	0	0	0	0	0	0	0	0	0	0	0	0	0	0	0	0	0	0	0	0	0	0	0	0	0	0	0	0	0	0	0	0	0	0	0	0	0	0	0	0	0	0	0	0	0	0	0	0	0	0	0	0	0	0	0	0	0	0	0	0	0	0	0	0	0	0	0	0	0	0	0	0	127	101	102	16	84	71	32	120	1	79	24	23	61	101	5	112	6	25	103	48	14	24	31	74	14	109	75	26	38	89	59	94	118	75	33	107	23	78	71	67	30	124	84	24
0	0	0	0	0	0	0	0	0	0	0	0	0	0	0	0	0	0	0	0	0	0	0	0	0	0	0	0	0	0	0	0	0	0	0	0	0	0	0	0	0	0	0	0	0	0	0	0	0	0	0	0	0	0	0	0	0	0	0	0	0	0	0	0	0	0	0	0	0	0	0	0	0	0	0	0	0	0	0	0	0	0	0	0	0	40	32	17	23	32	49	63	53	48	13	34	67	5	39	15	110	100	122	92	101	113	17	9	71	25	18	52	13	11	116	65	86	30	17	78	35	63	58	109	79	74	125	51
0	0	0	0	0	0	0	0	0	0	0	0	0	0	0	0	0	0	0	0	0	0	0	0	0	0	0	0	0	0	0	0	0	0	0	0	0	0	0	0	0	0	0	0	0	0	0	0	0	0	0	0	0	0	0	0	0	0	0	0	0	0	0	0	0	0	0	0	0	0	0	0	0	0	0	0	0	0	0	0	0	0	0	0	0	0	21	57	67	66	75	113	117	53	114	127	62	100	29	69	16	76	55	110	86	48	31	1	125	82	105	33	67	80	27	69	82	127	13	52	92	57	11	54	5	73	84	45
0	0	0	0	0	0	0	0	0	0	0	0	0	0	0	0	0	0	0	0	0	0	0	0	0	0	0	0	0	0	0	0	0	0	0	0	0	0	0	0	0	0	0	0	0	0	0	0	0	0	0	0	0	0	0	0	0	0	0	0	0	0	0	0	0	0	0	0	0	0	0	0	0	0	0	0	0	0	0	0	0	0	0	0	0	0	0	54	100	54	55	93	14	32	100	58	25	69	85	65	80	24	63	105	53	52	84	106	10	114	74	80	124	103	41	72	10	55	103	119	22	90	108	78	112	45	84	4
0	0	0	0	0	0	0	0	0	0	0	0	0	0	0	0	0	0	0	0	0	0	0	0	0	0	0	0	0	0	0	0	0	0	0	0	0	0	0	0	0	0	0	0	0	0	0	0	0	0	0	0	0	0	0	0	0	0	0	0	0	0	0	0	0	0	0	0	0	0	0	0	0	0	0	0	0	0	0	0	0	0	0	0	0	0	0	0	10	115	91	106	46	17	76	87	57	14	31	60	37	37	38	30	96	115	63	79	78	99	12	100	43	79	109	6	93	66	111	25	108	107	81	78	5	93	80	68
0	0	0	0	0	0	0	0	0	0	0	0	0	0	0	0	0	0	0	0	0	0	0	0	0	0	0	0	0	0	0	0	0	0	0	0	0	0	0	0	0	0	0	0	0	0	0	0	0	0	0	0	0	0	0	0	0	0	0	0	0	0	0	0	0	0	0	0	0	0	0	0	0	0	0	0	0	0	0	0	0	0	0	0	0	0	0	0	0	48	107	62	98	83	121	30	74	79	109	33	86	29	84	27	19	19	55	114	86	101	38	18	101	81	66	95	53	78	96	106	71	65	13	90	83	88	32	128
0	0	0	0	0	0	0	0	0	0	0	0	0	0	0	0	0	0	0	0	0	0	0	0	0	0	0	0	0	0	0	0	0	0	0	0	0	0	0	0	0	0	0	0	0	0	0	0	0	0	0	0	0	0	0	0	0	0	0	0	0	0	0	0	0	0	0	0	0	0	0	0	0	0	0	0	0	0	0	0	0	0	0	0	0	0	0	0	0	0	102	75	53	109	79	75	77	48	40	7	76	53	75	28	104	66	77	58	39	62	32	120	118	121	101	57	126	87	70	20	99	87	77	55	95	115	77	102
0	0	0	0	0	0	0	0	0	0	0	0	0	0	0	0	0	0	0	0	0	0	0	0	0	0	0	0	0	0	0	0	0	0	0	0	0	0	0	0	0	0	0	0	0	0	0	0	0	0	0	0	0	0	0	0	0	0	0	0	0	0	0	0	0	0	0	0	0	0	0	0	0	0	0	0	0	0	0	0	0	0	0	0	0	0	0	0	0	0	0	102	23	73	9	8	36	40	73	107	52	33	126	124	70	1	114	16	31	39	95	85	17	113	124	45	27	99	109	116	73	13	78	118	127	60	3	9
0	0	0	0	0	0	0	0	0	0	0	0	0	0	0	0	0	0	0	0	0	0	0	0	0	0	0	0	0	0	0	0	0	0	0	0	0	0	0	0	0	0	0	0	0	0	0	0	0	0	0	0	0	0	0	0	0	0	0	0	0	0	0	0	0	0	0	0	0	0	0	0	0	0	0	0	0	0	0	0	0	0	0	0	0	0	0	0	0	0	0	0	128	82	121	10	95	118	4	81	88	128	72	70	84	109	116	16	90	61	73	104	122	90	87	1	9	75	12	26	26	68	106	35	121	31	84	57
0	0	0	0	0	0	0	0	0	0	0	0	0	0	0	0	0	0	0	0	0	0	0	0	0	0	0	0	0	0	0	0	0	0	0	0	0	0	0	0	0	0	0	0	0	0	0	0	0	0	0	0	0	0	0	0	0	0	0	0	0	0	0	0	0	0	0	0	0	0	0	0	0	0	0	0	0	0	0	0	0	0	0	0	0	0	0	0	0	0	0	0	0	118	110	28	109	79	78	13	82	84	75	115	76	103	35	73	45	72	17	24	114	101	45	108	14	35	93	80	68	1	10	68	73	59	115	56
0	0	0	0	0	0	0	0	0	0	0	0	0	0	0	0	0	0	0	0	0	0	0	0	0	0	0	0	0	0	0	0	0	0	0	0	0	0	0	0	0	0	0	0	0	0	0	0	0	0	0	0	0	0	0	0	0	0	0	0	0	0	0	0	0	0	0	0	0	0	0	0	0	0	0	0	0	0	0	0	0	0	0	0	0	0	0	0	0	0	0	0	0	0	72	11	98	7	92	18	50	93	118	26	109	81	98	2	24	91	119	71	78	107	119	101	87	88	43	13	111	47	51	27	107	114	112	44
0	0	0	0	0	0	0	0	0	0	0	0	0	0	0	0	0	0	0	0	0	0	0	0	0	0	0	0	0	0	0	0	0	0	0	0	0	0	0	0	0	0	0	0	0	0	0	0	0	0	0	0	0	0	0	0	0	0	0	0	0	0	0	0	0	0	0	0	0	0	0	0	0	0	0	0	0	0	0	0	0	0	0	0	0	0	0	0	0	0	0	0	0	0	0	120	59	19	118	33	6	83	6	105	36	119	63	61	78	15	84	23	1	59	73	49	124	45	21	14	2	21	61	14	102	72	13	10
0	0	0	0	0	0	0	0	0	0	0	0	0	0	0	0	0	0	0	0	0	0	0	0	0	0	0	0	0	0	0	0	0	0	0	0	0	0	0	0	0	0	0	0	0	0	0	0	0	0	0	0	0	0	0	0	0	0	0	0	0	0	0	0	0	0	0	0	0	0	0	0	0	0	0	0	0	0	0	0	0	0	0	0	0	0	0	0	0	0	0	0	0	0	0	0	100	127	36	53	107	28	5	77	82	62	74	75	72	29	103	34	80	14	97	101	104	89	123	55	45	66	75	116	123	91	44	123
0	0	0	0	0	0	0	0	0	0	0	0	0	0	0	0	0	0	0	0	0	0	0	0	0	0	0	0	0	0	0	0	0	0	0	0	0	0	0	0	0	0	0	0	0	0	0	0	0	0	0	0	0	0	0	0	0	0	0	0	0	0	0	0	0	0	0	0	0	0	0	0	0	0	0	0	0	0	0	0	0	0	0	0	0	0	0	0	0	0	0	0	0	0	0	0	0	55	55	69	89	99	39	97	2	76	59	32	66	105	127	93	4	47	94	103	1	20	110	47	71	9	48	110	75	30	107	86
0	0	0	0	0	0	0	0	0	0	0	0	0	0	0	0	0	0	0	0	0	0	0	0	0	0	0	0	0	0	0	0	0	0	0	0	0	0	0	0	0	0	0	0	0	0	0	0	0	0	0	0	0	0	0	0	0	0	0	0	0	0	0	0	0	0	0	0	0	0	0	0	0	0	0	0	0	0	0	0	0	0	0	0	0	0	0	0	0	0	0	0	0	0	0	0	0	0	72	115	55	103	72	25	119	39	101	89	30	22	87	19	4	112	101	105	111	64	85	6	39	121	86	90	18	123	80	92
0	0	0	0	0	0	0	0	0	0	0	0	0	0	0	0	0	0	0	0	0	0	0	0	0	0	0	0	0	0	0	0	0	0	0	0	0	0	0	0	0	0	0	0	0	0	0	0	0	0	0	0	0	0	0	0	0	0	0	0	0	0	0	0	0	0	0	0	0	0	0	0	0	0	0	0	0	0	0	0	0	0	0	0	0	0	0	0	0	0	0	0	0	0	0	0	0	0	0	87	77	111	116	44	54	94	77	10	12	49	46	26	94	63	114	57	13	71	13	18	84	13	33	28	88	48	114	64
0	0	0	0	0	0	0	0	0	0	0	0	0	0	0	0	0	0	0	0	0	0	0	0	0	0	0	0	0	0	0	0	0	0	0	0	0	0	0	0	0	0	0	0	0	0	0	0	0	0	0	0	0	0	0	0	0	0	0	0	0	0	0	0	0	0	0	0	0	0	0	0	0	0	0	0	0	0	0	0	0	0	0	0	0	0	0	0	0	0	0	0	0	0	0	0	0	0	0	0	112	105	102	20	7	26	25	67	126	9	2	27	117	9	24	1	31	64	51	12	4	11	120	30	100	1	1	65
0	0	0	0	0	0	0	0	0	0	0	0	0	0	0	0	0	0	0	0	0	0	0	0	0	0	0	0	0	0	0	0	0	0	0	0	0	0	0	0	0	0	0	0	0	0	0	0	0	0	0	0	0	0	0	0	0	0	0	0	0	0	0	0	0	0	0	0	0	0	0	0	0	0	0	0	0	0	0	0	0	0	0	0	0	0	0	0	0	0	0	0	0	0	0	0	0	0	0	0	0	6	73	70	30	16	123	57	35	91	30	39	81	5	22	94	64	26	127	89	55	30	29	84	113	16	42	111
0	0	0	0	0	0	0	0	0	0	0	0	0	0	0	0	0	0	0	0	0	0	0	0	0	0	0	0	0	0	0	0	0	0	0	0	0	0	0	0	0	0	0	0	0	0	0	0	0	0	0	0	0	0	0	0	0	0	0	0	0	0	0	0	0	0	0	0	0	0	0	0	0	0	0	0	0	0	0	0	0	0	0	0	0	0	0	0	0	0	0	0	0	0	0	0	0	0	0	0	0	0	88	10	8	7	57	13	49	65	54	64	107	113	21	118	5	127	51	96	93	84	32	123	80	111	84	119
0	0	0	0	0	0	0	0	0	0	0	0	0	0	0	0	0	0	0	0	0	0	0	0	0	0	0	0	0	0	0	0	0	0	0	0	0	0	0	0	0	0	0	0	0	0	0	0	0	0	0	0	0	0	0	0	0	0	0	0	0	0	0	0	0	0	0	0	0	0	0	0	0	0	0	0	0	0	0	0	0	0	0	0	0	0	0	0	0	0	0	0	0	0	0	0	0	0	0	0	0	0	0	109	10	32	82	98	96	10	2	18	54	5	52	58	49	1	93	124	88	31	109	82	43	75	66	80
0	0	0	0	0	0	0	0	0	0	0	0	0	0	0	0	0	0	0	0	0	0	0	0	0	0	0	0	0	0	0	0	0	0	0	0	0	0	0	0	0	0	0	0	0	0	0	0	0	0	0	0	0	0	0	0	0	0	0	0	0	0	0	0	0	0	0	0	0	0	0	0	0	0	0	0	0	0	0	0	0	0	0	0	0	0	0	0	0	0	0	0	0	0	0	0	0	0	0	0	0	0	0	0	95	77	75	59	128	76	67	128	113	23	96	115	57	12	122	33	5	40	55	23	48	71	17	121
0	0	0	0	0	0	0	0	0	0	0	0	0	0	0	0	0	0	0	0	0	0	0	0	0	0	0	0	0	0	0	0	0	0	0	0	0	0	0	0	0	0	0	0	0	0	0	0	0	0	0	0	0	0	0	0	0	0	0	0	0	0	0	0	0	0	0	0	0	0	0	0	0	0	0	0	0	0	0	0	0	0	0	0	0	0	0	0	0	0	0	0	0	0	0	0	0	0	0	0	0	0	0	0	0	12	122	87	128	117	59	118	18	124	48	90	46	99	48	21	80	31	22	91	64	66	79	65
0	0	0	0	0	0	0	0	0	0	0	0	0	0	0	0	0	0	0	0	0	0	0	0	0	0	0	0	0	0	0	0	0	0	0	0	0	0	0	0	0	0	0	0	0	0	0	0	0	0	0	0	0	0	0	0	0	0	0	0	0	0	0	0	0	0	0	0	0	0	0	0	0	0	0	0	0	0	0	0	0	0	0	0	0	0	0	0	0	0	0	0	0	0	0	0	0	0	0	0	0	0	0	0	0	0	64	46	22	55	116	107	51	89	52	98	50	17	108	31	7	67	37	40	44	66	22	27
0	0	0	0	0	0	0	0	0	0	0	0	0	0	0	0	0	0	0	0	0	0	0	0	0	0	0	0	0	0	0	0	0	0	0	0	0	0	0	0	0	0	0	0	0	0	0	0	0	0	0	0	0	0	0	0	0	0	0	0	0	0	0	0	0	0	0	0	0	0	0	0	0	0	0	0	0	0	0	0	0	0	0	0	0	0	0	0	0	0	0	0	0	0	0	0	0	0	0	0	0	0	0	0	0	0	0	52	53	103	79	39	107	20	122	17	124	45	86	44	41	19	89	101	118	86	102	105
0	0	0	0	0	0	0	0	0	0	0	0	0	0	0	0	0	0	0	0	0	0	0	0	0	0	0	0	0	0	0	0	0	0	0	0	0	0	0	0	0	0	0	0	0	0	0	0	0	0	0	0	0	0	0	0	0	0	0	0	0	0	0	0	0	0	0	0	0	0	0	0	0	0	0	0	0	0	0	0	0	0	0	0	0	0	0	0	0	0	0	0	0	0	0	0	0	0	0	0	0	0	0	0	0	0	0	0	89	4	63	81	44	113	41	24	12	61	84	125	36	74	7	96	32	56	116	124
0	0	0	0	0	0	0	0	0	0	0	0	0	0	0	0	0	0	0	0	0	0	0	0	0	0	0	0	0	0	0	0	0	0	0	0	0	0	0	0	0	0	0	0	0	0	0	0	0	0	0	0	0	0	0	0	0	0	0	0	0	0	0	0	0	0	0	0	0	0	0	0	0	0	0	0	0	0	0	0	0	0	0	0	0	0	0	0	0	0	0	0	0	0	0	0	0	0	0	0	0	0	0	0	0	0	0	0	0	38	51	39	78	113	11	111	88	107	61	108	90	27	105	80	56	95	111	112
0	0	0	0	0	0	0	0	0	0	0	0	0	0	0	0	0	0	0	0	0	0	0	0	0	0	0	0	0	0	0	0	0	0	0	0	0	0	0	0	0	0	0	0	0	0	0	0	0	0	0	0	0	0	0	0	0	0	0	0	0	0	0	0	0	0	0	0	0	0	0	0	0	0	0	0	0	0	0	0	0	0	0	0	0	0	0	0	0	0	0	0	0	0	0	0	0	0	0	0	0	0	0	0	0	0	0	0	0	0	116	38	125	110	97	116	116	105	88	14	1	30	34	62	70	126	81	81
0	0	0	0	0	0	0	0	0	0	0	0	0	0	0	0	0	0	0	0	0	0	0	0	0	0	0	0	0	0	0	0	0	0	0	0	0	0	0	0	0	0	0	0	0	0	0	0	0	0	0	0	0	0	0	0	0	0	0	0	0	0	0	0	0	0	0	0	0	0	0	0	0	0	0	0	0	0	0	0	0	0	0	0	0	0	0	0	0	0	0	0	0	0	0	0	0	0	0	0	0	0	0	0	0	0	0	0	0	0	0	71	18	49	56	30	36	21	50	104	3	70	46	47	71	105	82	54
0	0	0	0	0	0	0	0	0	0	0	0	0	0	0	0	0	0	0	0	0	0	0	0	0	0	0	0	0	0	0	0	0	0	0	0	0	0	0	0	0	0	0	0	0	0	0	0	0	0	0	0	0	0	0	0	0	0	0	0	0	0	0	0	0	0	0	0	0	0	0	0	0	0	0	0	0	0	0	0	0	0	0	0	0	0	0	0	0	0	0	0	0	0	0	0	0	0	0	0	0	0	0	0	0	0	0	0	0	0	0	0	35	23	99	103	79	38	108	81	53	94	117	128	46	50	91	65
0	0	0	0	0	0	0	0	0	0	0	0	0	0	0	0	0	0	0	0	0	0	0	0	0	0	0	0	0	0	0	0	0	0	0	0	0	0	0	0	0	0	0	0	0	0	0	0	0	0	0	0	0	0	0	0	0	0	0	0	0	0	0	0	0	0	0	0	0	0	0	0	0	0	0	0	0	0	0	0	0	0	0	0	0	0	0	0	0	0	0	0	0	0	0	0	0	0	0	0	0	0	0	0	0	0	0	0	0	0	0	0	0	41	22	65	28	38	42	106	103	101	2	26	26	124	53	59
0	0	0	0	0	0	0	0	0	0	0	0	0	0	0	0	0	0	0	0	0	0	0	0	0	0	0	0	0	0	0	0	0	0	0	0	0	0	0	0	0	0	0	0	0	0	0	0	0	0	0	0	0	0	0	0	0	0	0	0	0	0	0	0	0	0	0	0	0	0	0	0	0	0	0	0	0	0	0	0	0	0	0	0	0	0	0	0	0	0	0	0	0	0	0	0	0	0	0	0	0	0	0	0	0	0	0	0	0	0	0	0	0	0	50	99	5	79	14	123	122	4	25	36	3	30	100	77
0	0	0	0	0	0	0	0	0	0	0	0	0	0	0	0	0	0	0	0	0	0	0	0	0	0	0	0	0	0	0	0	0	0	0	0	0	0	0	0	0	0	0	0	0	0	0	0	0	0	0	0	0	0	0	0	0	0	0	0	0	0	0	0	0	0	0	0	0	0	0	0	0	0	0	0	0	0	0	0	0	0	0	0	0	0	0	0	0	0	0	0	0	0	0	0	0	0	0	0	0	0	0	0	0	0	0	0	0	0	0	0	0	0	0	106	112	103	68	123	39	11	30	106	20	24	17	25
0	0	0	0	0	0	0	0	0	0	0	0	0	0	0	0	0	0	0	0	0	0	0	0	0	0	0	0	0	0	0	0	0	0	0	0	0	0	0	0	0	0	0	0	0	0	0	0	0	0	0	0	0	0	0	0	0	0	0	0	0	0	0	0	0	0	0	0	0	0	0	0	0	0	0	0	0	0	0	0	0	0	0	0	0	0	0	0	0	0	0	0	0	0	0	0	0	0	0	0	0	0	0	0	0	0	0	0	0	0	0	0	0	0	0	0	34	73	33	81	81	62	27	63	43	108	70	13
0	0	0	0	0	0	0	0	0	0	0	0	0	0	0	0	0	0	0	0	0	0	0	0	0	0	0	0	0	0	0	0	0	0	0	0	0	0	0	0	0	0	0	0	0	0	0	0	0	0	0	0	0	0	0	0	0	0	0	0	0	0	0	0	0	0	0	0	0	0	0	0	0	0	0	0	0	0	0	0	0	0	0	0	0	0	0	0	0	0	0	0	0	0	0	0	0	0	0	0	0	0	0	0	0	0	0	0	0	0	0	0	0	0	0	0	0	31	90	43	114	72	58	16	53	18	45	12
0	0	0	0	0	0	0	0	0	0	0	0	0	0	0	0	0	0	0	0	0	0	0	0	0	0	0	0	0	0	0	0	0	0	0	0	0	0	0	0	0	0	0	0	0	0	0	0	0	0	0	0	0	0	0	0	0	0	0	0	0	0	0	0	0	0	0	0	0	0	0	0	0	0	0	0	0	0	0	0	0	0	0	0	0	0	0	0	0	0	0	0	0	0	0	0	0	0	0	0	0	0	0	0	0	0	0	0	0	0	0	0	0	0	0	0	0	0	102	100	80	18	27	128	60	104	95	67
0	0	0	0	0	0	0	0	0	0	0	0	0	0	0	0	0	0	0	0	0	0	0	0	0	0	0	0	0	0	0	0	0	0	0	0	0	0	0	0	0	0	0	0	0	0	0	0	0	0	0	0	0	0	0	0	0	0	0	0	0	0	0	0	0	0	0	0	0	0	0	0	0	0	0	0	0	0	0	0	0	0	0	0	0	0	0	0	0	0	0	0	0	0	0	0	0	0	0	0	0	0	0	0	0	0	0	0	0	0	0	0	0	0	0	0	0	0	0	24	86	9	108	126	27	81	29	6
0	0	0	0	0	0	0	0	0	0	0	0	0	0	0	0	0	0	0	0	0	0	0	0	0	0	0	0	0	0	0	0	0	0	0	0	0	0	0	0	0	0	0	0	0	0	0	0	0	0	0	0	0	0	0	0	0	0	0	0	0	0	0	0	0	0	0	0	0	0	0	0	0	0	0	0	0	0	0	0	0	0	0	0	0	0	0	0	0	0	0	0	0	0	0	0	0	0	0	0	0	0	0	0	0	0	0	0	0	0	0	0	0	0	0	0	0	0	0	0	125	47	72	34	40	45	71	49
0	0	0	0	0	0	0	0	0	0	0	0	0	0	0	0	0	0	0	0	0	0	0	0	0	0	0	0	0	0	0	0	0	0	0	0	0	0	0	0	0	0	0	0	0	0	0	0	0	0	0	0	0	0	0	0	0	0	0	0	0	0	0	0	0	0	0	0	0	0	0	0	0	0	0	0	0	0	0	0	0	0	0	0	0	0	0	0	0	0	0	0	0	0	0	0	0	0	0	0	0	0	0	0	0	0	0	0	0	0	0	0	0	0	0	0	0	0	0	0	0	72	32	26	29	29	31	18
0	0	0	0	0	0	0	0	0	0	0	0	0	0	0	0	0	0	0	0	0	0	0	0	0	0	0	0	0	0	0	0	0	0	0	0	0	0	0	0	0	0	0	0	0	0	0	0	0	0	0	0	0	0	0	0	0	0	0	0	0	0	0	0	0	0	0	0	0	0	0	0	0	0	0	0	0	0	0	0	0	0	0	0	0	0	0	0	0	0	0	0	0	0	0	0	0	0	0	0	0	0	0	0	0	0	0	0	0	0	0	0	0	0	0	0	0	0	0	0	0	0	77	122	108	112	55	37
0	0	0	0	0	0	0	0	0	0	0	0	0	0	0	0	0	0	0	0	0	0	0	0	0	0	0	0	0	0	0	0	0	0	0	0	0	0	0	0	0	0	0	0	0	0	0	0	0	0	0	0	0	0	0	0	0	0	0	0	0	0	0	0	0	0	0	0	0	0	0	0	0	0	0	0	0	0	0	0	0	0	0	0	0	0	0	0	0	0	0	0	0	0	0	0	0	0	0	0	0	0	0	0	0	0	0	0	0	0	0	0	0	0	0	0	0	0	0	0	0	0	0	124	89	123	9	121
0	0	0	0	0	0	0	0	0	0	0	0	0	0	0	0	0	0	0	0	0	0	0	0	0	0	0	0	0	0	0	0	0	0	0	0	0	0	0	0	0	0	0	0	0	0	0	0	0	0	0	0	0	0	0	0	0	0	0	0	0	0	0	0	0	0	0	0	0	0	0	0	0	0	0	0	0	0	0	0	0	0	0	0	0	0	0	0	0	0	0	0	0	0	0	0	0	0	0	0	0	0	0	0	0	0	0	0	0	0	0	0	0	0	0	0	0	0	0	0	0	0	0	0	113	108	14	31
0	0	0	0	0	0	0	0	0	0	0	0	0	0	0	0	0	0	0	0	0	0	0	0	0	0	0	0	0	0	0	0	0	0	0	0	0	0	0	0	0	0	0	0	0	0	0	0	0	0	0	0	0	0	0	0	0	0	0	0	0	0	0	0	0	0	0	0	0	0	0	0	0	0	0	0	0	0	0	0	0	0	0	0	0	0	0	0	0	0	0	0	0	0	0	0	0	0	0	0	0	0	0	0	0	0	0	0	0	0	0	0	0	0	0	0	0	0	0	0	0	0	0	0	0	104	89	118
0	0	0	0	0	0	0	0	0	0	0	0	0	0	0	0	0	0	0	0	0	0	0	0	0	0	0	0	0	0	0	0	0	0	0	0	0	0	0	0	0	0	0	0	0	0	0	0	0	0	0	0	0	0	0	0	0	0	0	0	0	0	0	0	0	0	0	0	0	0	0	0	0	0	0	0	0	0	0	0	0	0	0	0	0	0	0	0	0	0	0	0	0	0	0	0	0	0	0	0	0	0	0	0	0	0	0	0	0	0	0	0	0	0	0	0	0	0	0	0	0	0	0	0	0	0	77	91
0	0	0	0	0	0	0	0	0	0	0	0	0	0	0	0	0	0	0	0	0	0	0	0	0	0	0	0	0	0	0	0	0	0	0	0	0	0	0	0	0	0	0	0	0	0	0	0	0	0	0	0	0	0	0	0	0	0	0	0	0	0	0	0	0	0	0	0	0	0	0	0	0	0	0	0	0	0	0	0	0	0	0	0	0	0	0	0	0	0	0	0	0	0	0	0	0	0	0	0	0	0	0	0	0	0	0	0	0	0	0	0	0	0	0	0	0	0	0	0	0	0	0	0	0	0	0	1
0	0	0	0	0	0	0	0	0	0	0	0	0	0	0	0	0	0	0	0	0	0	0	0	0	0	0	0	0	0	0	0	0	0	0	0	0	0	0	0	0	0	0	0	0	0	0	0	0	0	0	0	0	0	0	0	0	0	0	0	0	0	0	0	0	0	0	0	0	0	0	0	0	0	0	0	0	0	0	0	0	0	0	0	0	0	0	0	0	0	0	0	0	0	0	0	0	0	0	0	0	0	0	0	0	0	0	0	0	0	0	0	0	0	0	0	0	0	0	0	0	0	0	0	0	0	0	0