0	51	126	3	96	36	14	121	51	69	5	62	22	96	55	97	91	15	108	59	91	82	63	18	48	42	72	100	45	74	51	29	56	125	65	9	100	1	33	64	4	14	39	122	86	75	117	53	117	42	43	122	20	23	69	81	111	23	97	123	43	84	66	126	33	52	92	65	30	124	31	92	98	77	4	34	62	60	115	93	13	17	85	43	73	85	37	15	125	102	126	6	75	90	17	6	45	112	22	17	122	125	17	119	3	1	111	3	123	54	49	21	50	71	33	26	123	84	94	97	16	61	24	1	120	107	71	99
0	0	26	82	17	50	16	68	65	110	12	59	59	98	8	46	77	1	113	83	105	25	76	119	86	56	52	92	68	60	108	34	103	63	70	74	49	45	17	67	11	36	27	43	99	97	81	51	5	6	31	110	7	76	81	49	16	49	36	75	101	101	37	56	111	41	27	123	79	1	20	97	90	64	125	50	116	79	80	34	62	85	77	82	96	67	73	17	11	114	55	107	86	105	38	29	72	71	96	13	112	114	6	35	115	41	8	117	82	92	92	57	97	53	116	77	93	84	109	88	20	73	36	80	58	75	128	60
0	0	0	49	21	113	121	49	64	24	93	8	57	80	60	46	60	21	57	36	118	5	112	125	24	91	31	81	83	22	18	74	106	70	127	8	82	74	94	43	59	69	126	99	109	99	88	46	84	108	117	118	34	119	107	1	29	56	9	56	4	93	16	23	61	50	82	52	8	38	28	21	65	110	75	103	30	30	50	104	114	112	8	54	6	38	41	101	108	51	44	10	91	65	50	26	27	119	1	18	107	122	31	4	16	35	113	20	41	31	64	57	89	110	95	73	59	42	34	120	106	65	38	4	52	81	74	20
0	0	0	0	44	57	26	34	64	19	16	94	55	6	28	18	63	2	2	66	99	36	96	26	114	47	50	57	7	103	55	18	56	65	101	83	73	20	128	115	116	35	43	124	75	75	78	65	44	34	30	20	72	3	50	123	11	122	76	37	9	110	74	127	39	42	113	33	84	55	19	68	38	84	65	53	92	90	117	64	49	120	106	81	12	57	12	46	58	115	68	82	115	107	69	5	95	103	101	98	29	31	125	12	117	29	100	48	79	23	79	6	93	123	94	99	68	115	63	95	92	122	33	30	83	34	104	30
0	0	0	0	0	34	119	48	28	76	48	113	9	120	56	47	56	45	99	56	76	97	5	94	80	86	31	56	28	68	113	73	95	85	81	19	90	18	97	102	45	56	7	44	30	104	60	59	8	16	2	60	90	67	127	22	7	125	38	34	73	21	47	119	15	91	97	35	57	8	69	28	4	68	57	66	114	47	38	82	9	19	118	39	10	103	69	110	28	103	38	3	96	6	36	106	111	76	84	73	43	41	29	96	7	65	114	45	44	126	39	3	55	5	32	46	124	112	37	24	52	47	7	53	107	9	113	6
0	0	0	0	0	0	117	95	16	118	107	23	96	98	102	125	16	1	126	47	73	127	60	123	6	37	40	108	45	11	96	13	68	83	20	111	34	101	6	98	65	45	87	117	7	65	30	39	35	34	119	70	59	113	126	107	108	65	21	85	26	27	53	77	114	36	105	87	30	1	55	44	6	33	37	117	6	7	93	75	31	14	35	49	102	31	52	26	15	5	86	53	68	101	53	6	101	102	17	50	52	35	28	60	10	43	98	89	79	113	66	82	26	36	95	74	22	126	47	115	55	60	75	31	4	51	100	3
0	0	0	0	0	0	0	122	114	109	23	120	41	112	13	7	37	17	84	44	85	93	5	109	14	63	97	81	90	57	108	127	89	116	51	73	34	91	68	62	121	103	62	108	103	66	76	25	47	32	71	61	78	29	114	128	80	6	14	15	34	19	14	32	40	71	11	53	74	128	21	41	47	74	120	121	71	31	84	46	44	29	106	1	108	127	111	36	51	70	91	9	64	47	16	78	103	76	121	118	10	6	20	103	94	102	77	16	61	125	120	61	72	65	64	29	47	9	82	37	17	80	103	82	101	122	79	67
0	0	0	0	0	0	0	0	35	69	27	34	102	12	94	101	74	49	119	55	105	78	70	7	87	76	120	95	42	88	68	64	54	99	89	116	9	62	9	5	68	87	43	123	53	28	94	117	6	121	76	65	73	128	104	8	34	65	58	57	21	118	5	15	91	33	17	19	107	127	4	39	33	87	101	29	62	10	79	94	86	112	128	45	84	121	77	99	20	62	82	107	124	10	16	51	63	57	120	112	80	107	36	83	32	108	66	63	32	57	28	9	71	113	72	38	4	122	67	22	81	9	15	110	120	85	31	65
0	0	0	0	0	0	0	0	0	82	111	98	78	20	112	51	10	82	65	91	79	48	67	9	72	25	3	9	7	26	112	118	121	113	5	53	88	117	128	84	15	16	124	89	14	25	70	123	33	59	88	115	33	31	69	105	27	62	116	73	123	83	17	78	127	88	8	28	42	1	45	85	91	77	22	121	15	75	83	113	82	15	34	97	100	85	70	35	16	71	24	10	94	42	58	71	81	6	91	93	30	116	69	35	85	114	82	17	108	17	111	40	33	102	69	47	123	5	31	55	15	83	97	126	58	10	91	18
0	0	0	0	0	0	0	0	0	0	95	105	73	52	98	66	128	97	61	51	22	17	115	55	27	112	76	17	82	55	41	65	73	65	23	46	114	22	89	30	20	17	21	106	7	2	51	128	6	119	4	5	70	103	14	95	113	70	6	113	127	46	53	126	42	12	90	124	10	12	89	41	102	38	75	17	97	92	116	32	70	113	114	2	86	120	80	48	95	65	6	91	13	53	110	31	23	68	112	45	2	54	81	21	93	91	121	90	35	15	105	78	61	124	16	70	105	54	99	112	5	105	71	25	117	40	100	112
0	0	0	0	0	0	0	0	0	0	0	6	104	81	126	119	125	45	66	94	63	45	66	71	61	44	119	13	6	9	13	48	118	5	80	99	97	60	54	42	23	1	24	43	52	45	124	79	14	7	13	78	1	24	99	5	92	76	61	14	54	3	36	127	62	93	8	117	99	4	49	44	128	50	53	80	85	125	117	38	127	82	97	99	70	111	11	48	121	68	126	31	97	19	104	86	41	31	5	25	6	64	15	24	56	100	11	70	7	5	126	24	92	86	24	79	108	90	43	21	40	117	47	16	80	58	67	106
0	0	0	0	0	0	0	0	0	0	0	0	80	32	46	123	39	99	42	48	64	15	39	85	70	90	84	104	95	38	103	83	35	34	101	46	86	85	18	119	122	124	14	17	50	13	112	120	3	48	66	81	107	124	66	118	92	97	103	12	86	12	17	104	113	105	15	38	117	31	8	9	123	92	124	55	63	128	94	15	117	3	28	40	89	110	15	10	123	4	114	69	44	38	115	105	121	124	57	5	74	9	110	90	81	67	115	109	11	49	125	4	5	69	20	115	93	112	17	111	45	50	120	114	99	109	14	40
0	0	0	0	0	0	0	0	0	0	0	0	0	116	108	43	38	41	56	102	15	21	59	128	122	110	61	77	128	28	81	123	57	17	38	35	69	99	70	16	121	104	70	48	78	103	56	101	30	26	26	20	65	16	36	94	17	29	112	116	25	64	62	24	31	55	62	63	101	75	31	67	93	21	83	16	45	17	61	27	81	101	66	115	109	115	29	8	102	115	98	99	3	80	121	40	54	112	10	108	82	13	110	107	71	66	74	11	45	7	96	63	96	1	111	67	59	21	43	118	104	37	35	62	124	48	16	20
0	0	0	0	0	0	0	0	0	0	0	0	0	0	25	100	32	47	40	48	64	105	93	7	69	80	123	118	115	18	104	80	111	22	43	34	73	11	93	9	34	96	103	103	116	2	57	72	120	89	113	38	94	16	85	3	42	95	11	1	85	119	128	121	55	90	35	103	43	80	124	120	110	103	25	47	52	38	113	70	75	58	57	124	69	12	113	42	12	10	80	117	65	95	26	4	122	24	61	62	80	23	120	75	118	91	40	105	89	91	20	34	46	113	91	2	97	9	122	122	108	110	5	80	68	4	69	78
0	0	0	0	0	0	0	0	0	0	0	0	0	0	0	41	51	110	27	60	47	124	48	28	29	100	66	51	22	32	46	16	8	47	48	66	119	10	5	39	42	17	63	11	58	70	120	60	40	67	67	101	66	1	110	16	103	106	125	94	106	87	83	18	118	2	5	88	40	58	14	117	103	117	37	20	126	87	53	111	50	25	105	13	110	110	58	44	122	73	35	116	69	66	26	90	118	107	49	107	24	40	23	16	76	85	86	30	123	1	4	47	100	57	15	74	2	21	67	12	37	57	7	81	7	25	70	110
0	0	0	0	0	0	0	0	0	0	0	0	0	0	0	0	98	124	91	109	98	27	28	38	128	21	128	37	125	56	109	25	16	63	74	29	106	128	123	125	83	34	21	41	78	29	4	116	106	97	45	75	19	34	62	19	87	83	34	40	44	5	26	96	128	38	122	53	114	51	79	35	115	38	22	24	60	123	100	74	55	76	34	8	92	41	42	45	128	23	72	42	20	29	29	24	86	92	123	4	111	31	127	109	2	11	32	90	21	123	19	3	110	122	40	60	70	14	43	13	28	90	20	54	83	61	72	83
0	0	0	0	0	0	0	0	0	0	0	0	0	0	0	0	0	94	36	88	92	61	51	84	15	37	58	11	38	119	34	53	53	98	18	56	69	76	16	48	109	121	2	80	23	101	79	78	65	74	125	111	39	74	100	91	73	102	73	3	65	77	68	32	128	78	77	54	114	83	40	45	92	120	116	100	91	93	35	73	115	27	33	100	72	88	29	85	92	106	99	31	104	97	13	103	29	84	37	110	6	41	27	67	112	51	44	14	42	41	6	80	76	38	88	122	13	49	116	100	118	48	91	12	8	24	63	107
0	0	0	0	0	0	0	0	0	0	0	0	0	0	0	0	0	0	124	123	29	84	92	9	11	95	104	88	19	115	71	118	58	121	52	126	15	65	121	18	124	87	10	10	101	44	56	8	14	98	24	49	128	53	99	45	128	96	5	92	31	49	53	56	27	119	89	96	21	21	102	37	55	77	42	18	122	62	31	46	10	87	70	86	97	84	95	64	82	10	57	82	116	122	27	62	101	51	81	93	64	102	128	120	94	114	55	94	114	80	78	26	10	122	91	115	6	36	98	58	6	7	95	111	44	64	8	43
0	0	0	0	0	0	0	0	0	0	0	0	0	0	0	0	0	0	0	30	11	124	11	61	65	123	60	113	29	10	37	99	19	76	74	102	9	73	18	20	28	2	78	74	21	53	103	97	113	37	55	79	80	128	21	92	23	27	27	128	44	18	115	41	103	6	16	8	50	95	43	96	124	61	49	10	13	28	17	93	45	95	11	88	7	27	49	13	54	1	113	50	25	109	55	97	16	128	29	115	22	19	64	100	4	127	115	14	120	119	111	96	30	6	96	23	89	16	124	121	78	90	97	22	80	32	45	63
0	0	0	0	0	0	0	0	0	0	0	0	0	0	0	0	0	0	0	0	121	36	29	94	55	123	34	36	37	65	98	71	117	92	113	89	22	102	97	62	17	11	95	95	89	22	23	55	32	87	55	54	39	16	20	82	124	62	69	33	20	84	48	102	40	101	100	20	27	19	75	71	4	108	6	46	47	60	14	103	112	48	9	55	47	94	126	19	5	70	93	2	9	80	34	38	36	125	112	87	82	37	91	67	114	121	10	17	80	53	118	24	62	23	83	87	41	21	1	126	47	102	20	51	24	74	7	55
0	0	0	0	0	0	0	0	0	0	0	0	0	0	0	0	0	0	0	0	0	95	128	104	100	54	97	66	54	59	36	103	128	127	97	74	3	108	31	118	1	29	35	48	14	83	3	29	92	20	72	86	73	61	44	56	58	17	51	40	98	98	61	57	37	18	112	27	9	123	57	5	23	52	34	13	67	87	58	43	116	103	40	7	125	124	8	67	19	49	32	87	10	64	89	64	118	10	53	88	102	49	21	6	108	49	51	113	29	42	94	117	97	128	111	19	115	71	47	120	94	93	109	121	127	91	57	109
0	0	0	0	0	0	0	0	0	0	0	0	0	0	0	0	0	0	0	0	0	0	33	36	14	31	88	9	108	69	96	96	91	88	97	25	41	5	101	21	7	68	91	116	125	55	43	63	92	71	75	1	58	28	78	71	125	128	43	9	119	124	120	103	115	14	57	80	24	17	59	32	109	118	8	4	117	92	112	128	87	28	93	122	113	59	22	98	45	1	107	10	71	79	39	82	34	83	103	26	37	58	42	113	73	85	43	45	93	42	1	59	35	92	88	32	4	26	9	31	3	120	69	2	92	75	83	31
0	0	0	0	0	0	0	0	0	0	0	0	0	0	0	0	0	0	0	0	0	0	0	115	37	98	95	21	94	66	5	4	13	10	6	38	22	121	10	5	45	102	92	32	125	61	8	27	77	114	33	48	105	75	20	97	34	61	123	48	40	92	107	96	69	98	47	56	32	77	26	21	59	32	116	4	61	81	18	22	19	17	63	78	24	15	23	28	23	102	90	85	2	121	13	52	84	75	125	3	96	110	54	20	38	80	25	24	35	126	26	119	7	88	74	36	119	48	127	72	67	36	6	12	118	3	107	112
0	0	0	0	0	0	0	0	0	0	0	0	0	0	0	0	0	0	0	0	0	0	0	0	30	13	44	97	15	83	65	107	5	73	106	121	122	58	67	125	95	122	4	112	91	63	22	65	39	90	5	124	4	108	89	64	28	95	54	125	49	48	105	97	76	103	98	70	31	123	51	39	50	90	68	23	119	25	32	26	49	100	99	28	95	66	19	109	16	53	55	50	41	41	80	79	3	52	122	28	21	114	11	55	50	115	90	112	111	113	104	68	41	109	11	90	60	115	24	101	72	101	48	20	95	29	59	71
0	0	0	0	0	0	0	0	0	0	0	0	0	0	0	0	0	0	0	0	0	0	0	0	0	62	94	80	105	103	122	95	39	24	93	44	124	78	57	41	66	86	78	33	60	1	30	17	121	98	11	108	61	45	98	26	73	2	45	20	13	127	72	114	23	117	68	100	3	84	66	94	74	7	118	107	115	42	16	59	123	45	106	114	46	46	2	40	73	57	112	74	32	63	64	106	8	82	23	97	34	106	108	100	107	13	104	101	72	78	24	122	116	20	12	110	87	89	111	32	3	54	49	101	26	2	21	25
0	0	0	0	0	0	0	0	0	0	0	0	0	0	0	0	0	0	0	0	0	0	0	0	0	0	26	25	110	89	92	126	75	11	12	72	94	110	2	27	110	9	61	52	7	15	75	83	109	126	87	6	5	33	79	48	94	39	128	102	66	94	26	63	32	14	62	41	35	75	64	110	107	99	48	34	107	18	78	92	15	45	46	64	5	88	125	11	95	98	86	4	71	57	109	44	90	96	106	68	121	84	6	114	30	119	29	119	21	95	6	34	27	97	67	46	62	75	32	61	51	49	32	111	88	39	29	106
0	0	0	0	0	0	0	0	0	0	0	0	0	0	0	0	0	0	0	0	0	0	0	0	0	0	0	6	72	91	70	89	31	94	94	117	106	33	100	21	126	124	34	79	32	120	12	76	23	120	23	59	69	8	10	116	3	15	127	43	73	34	117	49	117	104	20	103	60	105	84	118	18	119	45	124	87	121	22	1	104	55	15	114	10	44	83	90	106	84	92	124	67	60	39	96	17	103	79	24	44	96	26	9	23	56	106	4	31	81	125	111	65	80	61	68	105	113	115	35	33	106	115	21	44	11	115	47
0	0	0	0	0	0	0	0	0	0	0	0	0	0	0	0	0	0	0	0	0	0	0	0	0	0	0	0	4	42	126	81	85	13	53	95	52	20	127	3	104	125	27	63	60	97	27	94	88	31	18	21	35	99	115	4	18	80	66	82	79	53	44	17	18	36	82	63	126	2	34	84	6	74	42	23	117	36	83	108	79	27	103	18	67	108	45	103	3	105	81	75	33	124	66	6	47	122	90	26	5	68	51	108	22	93	91	31	117	54	105	12	54	71	35	45	34	10	43	9	82	6	72	65	79	79	2	59
0	0	0	0	0	0	0	0	0	0	0	0	0	0	0	0	0	0	0	0	0	0	0	0	0	0	0	0	0	88	21	10	51	119	27	109	54	13	125	90	124	13	84	95	37	15	102	46	127	100	22	58	94	95	37	20	34	120	80	127	31	126	52	122	79	18	117	14	103	81	69	29	23	84	80	52	67	78	99	92	72	22	55	50	5	104	52	110	31	95	55	13	5	28	70	41	99	57	106	35	76	55	69	10	122	107	127	107	22	17	18	20	57	8	20	42	86	104	2	50	105	57	71	18	40	56	121	74
0	0	0	0	0	0	0	0	0	0	0	0	0	0	0	0	0	0	0	0	0	0	0	0	0	0	0	0	0	0	98	60	49	110	78	3	74	22	3	12	29	74	33	50	97	96	101	44	22	111	106	83	127	14	18	76	39	58	86	68	18	51	11	82	62	76	13	128	100	115	117	11	30	17	92	8	101	103	22	73	121	31	105	66	73	62	96	122	99	86	121	119	25	113	50	56	109	26	78	75	96	61	52	58	3	96	64	42	6	61	70	65	111	16	47	72	127	105	26	44	72	42	117	101	16	122	55	98
0	0	0	0	0	0	0	0	0	0	0	0	0	0	0	0	0	0	0	0	0	0	0	0	0	0	0	0	0	0	0	53	110	45	56	128	52	20	27	71	31	117	102	116	126	65	103	86	105	39	119	7	52	45	122	57	51	55	1	10	12	121	93	78	79	75	128	88	46	41	79	41	80	55	104	113	18	98	128	23	57	33	79	4	128	74	93	77	116	68	97	31	109	111	65	14	9	104	59	38	104	5	7	64	74	18	21	104	117	82	114	103	117	71	103	33	3	24	78	111	55	60	87	71	1	52	104	29
0	0	0	0	0	0	0	0	0	0	0	0	0	0	0	0	0	0	0	0	0	0	0	0	0	0	0	0	0	0	0	0	18	14	44	84	117	120	89	79	109	105	83	16	121	121	49	5	124	19	122	127	83	6	26	39	72	30	14	115	64	78	109	116	87	96	90	42	91	50	98	69	79	93	80	92	92	109	16	98	103	34	89	96	72	125	124	66	80	33	33	34	69	75	118	113	120	59	101	69	52	91	72	66	32	111	23	82	99	6	2	89	85	127	17	120	40	46	101	94	117	92	9	34	81	73	46	90
0	0	0	0	0	0	0	0	0	0	0	0	0	0	0	0	0	0	0	0	0	0	0	0	0	0	0	0	0	0	0	0	0	73	79	60	112	125	120	35	111	22	71	96	55	37	47	31	38	58	84	112	65	97	60	2	22	114	32	108	95	59	109	109	44	109	67	56	88	34	83	64	60	75	88	57	16	62	8	27	84	64	41	75	12	94	110	117	118	79	13	125	111	14	27	62	46	16	34	83	67	99	128	70	108	45	35	55	103	87	63	83	128	123	116	24	107	13	67	72	123	121	5	113	39	91	59	100
0	0	0	0	0	0	0	0	0	0	0	0	0	0	0	0	0	0	0	0	0	0	0	0	0	0	0	0	0	0	0	0	0	0	30	89	16	52	35	53	7	13	122	57	66	72	72	121	25	39	63	52	122	26	87	67	68	120	119	38	2	3	27	105	125	128	2	99	67	107	63	95	67	70	90	128	99	122	98	108	87	23	112	9	99	95	68	82	31	112	76	102	14	44	58	74	113	125	31	26	81	3	23	40	35	86	13	56	61	53	32	104	122	72	47	18	60	87	14	106	82	20	37	108	85	90	72	42
0	0	0	0	0	0	0	0	0	0	0	0	0	0	0	0	0	0	0	0	0	0	0	0	0	0	0	0	0	0	0	0	0	0	0	57	46	102	61	96	113	116	113	44	108	100	28	51	56	41	71	87	67	86	86	79	82	58	73	39	36	41	58	73	65	7	3	12	27	72	128	107	78	21	126	10	62	67	13	4	53	87	69	39	119	91	106	56	26	113	14	106	96	88	108	102	118	127	58	53	45	67	27	25	88	102	20	89	110	120	56	52	21	76	35	17	12	121	101	35	99	103	89	86	89	109	81	107
0	0	0	0	0	0	0	0	0	0	0	0	0	0	0	0	0	0	0	0	0	0	0	0	0	0	0	0	0	0	0	0	0	0	0	0	76	114	102	88	114	11	97	3	18	92	127	14	121	43	20	54	47	110	92	92	40	72	26	49	5	31	65	58	13	111	50	79	32	14	56	23	61	49	119	77	87	30	92	116	68	72	112	70	51	104	62	112	73	7	53	9	74	37	51	18	128	33	55	45	18	102	16	41	1	96	115	105	92	107	116	7	113	44	29	31	107	18	98	79	91	106	26	32	70	96	97	63
0	0	0	0	0	0	0	0	0	0	0	0	0	0	0	0	0	0	0	0	0	0	0	0	0	0	0	0	0	0	0	0	0	0	0	0	0	106	75	114	8	6	52	97	94	55	3	50	118	69	44	55	88	103	23	17	18	108	20	95	46	101	46	3	10	113	93	59	62	82	126	95	8	10	37	94	50	94	29	113	53	119	63	35	82	26	21	57	74	68	126	108	92	55	61	75	13	93	35	20	12	86	105	31	14	69	68	11	83	34	50	90	25	124	28	42	109	113	60	99	59	87	82	38	98	30	7	127
0	0	0	0	0	0	0	0	0	0	0	0	0	0	0	0	0	0	0	0	0	0	0	0	0	0	0	0	0	0	0	0	0	0	0	0	0	0	4	48	14	63	12	45	90	30	125	15	55	88	74	42	50	34	112	97	64	15	31	35	116	24	113	107	98	70	41	55	24	59	101	84	42	109	107	49	5	25	4	2	79	117	88	63	59	74	66	124	75	64	19	84	19	4	30	88	72	114	78	83	20	117	35	26	44	128	60	61	15	82	87	85	5	95	15	14	121	4	102	91	13	56	61	25	56	11	72	73
0	0	0	0	0	0	0	0	0	0	0	0	0	0	0	0	0	0	0	0	0	0	0	0	0	0	0	0	0	0	0	0	0	0	0	0	0	0	0	95	112	17	2	102	75	96	39	51	83	72	86	21	6	51	39	12	117	127	128	59	39	117	94	124	62	39	47	9	78	71	81	35	7	95	60	21	61	76	114	97	81	98	97	63	38	11	73	47	86	28	63	98	32	99	102	48	21	33	52	35	79	39	50	112	74	31	90	112	78	111	103	84	108	23	118	6	110	56	106	108	60	71	86	53	73	9	38	128
0	0	0	0	0	0	0	0	0	0	0	0	0	0	0	0	0	0	0	0	0	0	0	0	0	0	0	0	0	0	0	0	0	0	0	0	0	0	0	0	106	5	26	96	95	110	107	88	67	1	44	60	73	2	58	86	105	78	76	61	8	50	57	10	91	103	22	85	49	12	34	113	26	36	111	19	106	90	100	49	37	14	66	60	16	92	123	45	80	87	13	49	123	96	89	97	52	115	32	111	91	71	57	35	5	17	77	94	78	26	45	84	46	101	6	50	1	107	88	97	65	94	113	46	109	83	100	10
0	0	0	0	0	0	0	0	0	0	0	0	0	0	0	0	0	0	0	0	0	0	0	0	0	0	0	0	0	0	0	0	0	0	0	0	0	0	0	0	0	68	58	55	16	80	93	76	26	60	62	60	45	107	94	74	36	109	9	64	52	24	93	50	2	73	110	22	64	109	38	52	31	121	44	12	17	97	71	9	86	102	57	16	69	21	107	71	44	77	55	66	117	30	110	81	124	113	101	14	34	7	43	2	2	77	117	88	11	119	22	87	53	74	42	37	63	42	79	47	69	46	111	90	65	41	69	80
0	0	0	0	0	0	0	0	0	0	0	0	0	0	0	0	0	0	0	0	0	0	0	0	0	0	0	0	0	0	0	0	0	0	0	0	0	0	0	0	0	0	128	105	42	99	62	36	99	70	95	14	110	90	70	81	87	10	87	122	19	54	51	68	118	107	6	16	61	24	97	30	43	34	44	114	68	128	46	93	50	15	37	15	60	74	87	40	105	16	122	18	101	41	17	113	61	85	26	85	116	43	49	100	55	2	35	20	62	46	109	110	62	37	86	30	72	48	2	117	50	37	36	19	121	20	55	38
0	0	0	0	0	0	0	0	0	0	0	0	0	0	0	0	0	0	0	0	0	0	0	0	0	0	0	0	0	0	0	0	0	0	0	0	0	0	0	0	0	0	0	51	34	87	51	94	112	58	34	52	65	106	108	44	102	30	44	32	27	72	12	115	88	13	102	17	127	114	84	22	54	19	72	25	46	7	44	67	20	56	37	124	56	99	115	17	67	31	20	105	17	126	29	53	12	25	11	8	82	111	11	20	69	76	53	33	10	106	46	67	55	10	104	60	76	70	25	37	126	1	69	127	3	42	107	45
0	0	0	0	0	0	0	0	0	0	0	0	0	0	0	0	0	0	0	0	0	0	0	0	0	0	0	0	0	0	0	0	0	0	0	0	0	0	0	0	0	0	0	0	19	75	123	15	117	125	125	34	66	108	11	38	108	68	52	50	64	20	113	54	93	80	67	83	121	65	56	93	67	112	92	32	75	104	70	60	75	79	68	23	117	97	68	103	100	4	41	115	40	85	100	102	1	50	57	40	1	113	98	115	87	127	72	36	105	44	51	91	26	31	36	81	18	123	45	39	71	91	116	41	33	62	109	27
0	0	0	0	0	0	0	0	0	0	0	0	0	0	0	0	0	0	0	0	0	0	0	0	0	0	0	0	0	0	0	0	0	0	0	0	0	0	0	0	0	0	0	0	0	92	73	25	84	69	72	1	105	74	12	72	86	69	67	117	102	102	13	45	118	100	31	18	9	8	111	43	37	6	71	63	94	89	17	117	95	23	87	77	84	38	96	22	127	54	93	59	92	58	3	94	49	8	38	17	15	29	65	112	33	11	102	69	43	11	113	26	38	28	58	126	10	69	89	72	8	19	65	77	128	16	13	106
0	0	0	0	0	0	0	0	0	0	0	0	0	0	0	0	0	0	0	0	0	0	0	0	0	0	0	0	0	0	0	0	0	0	0	0	0	0	0	0	0	0	0	0	0	0	87	128	7	111	101	41	96	122	98	77	85	23	67	86	48	34	46	71	50	100	40	84	29	128	32	105	17	82	80	109	80	77	8	78	12	38	24	40	13	46	90	87	64	103	120	13	64	104	94	102	87	54	68	122	7	60	36	120	88	106	115	56	4	5	60	25	42	2	25	103	79	12	72	62	116	94	13	104	25	77	70	42
0	0	0	0	0	0	0	0	0	0	0	0	0	0	0	0	0	0	0	0	0	0	0	0	0	0	0	0	0	0	0	0	0	0	0	0	0	0	0	0	0	0	0	0	0	0	0	89	21	80	23	57	103	56	1	62	46	119	121	2	78	28	29	85	127	27	14	50	63	64	104	44	40	37	79	116	6	34	19	110	47	67	9	47	109	27	92	50	18	39	31	94	33	74	122	47	100	101	55	84	1	91	54	50	60	61	96	127	27	102	99	62	3	79	14	43	93	83	121	104	47	59	1	16	75	16	60	6
0	0	0	0	0	0	0	0	0	0	0	0	0	0	0	0	0	0	0	0	0	0	0	0	0	0	0	0	0	0	0	0	0	0	0	0	0	0	0	0	0	0	0	0	0	0	0	0	75	44	36	82	109	64	60	62	100	35	51	50	18	125	82	43	42	42	10	45	91	43	18	80	39	6	51	51	120	101	33	49	104	101	54	94	87	92	55	120	47	67	60	125	4	13	79	22	119	91	51	10	9	15	113	94	111	37	10	60	92	85	35	105	126	96	101	90	37	31	126	47	124	83	97	26	128	90	35	123
0	0	0	0	0	0	0	0	0	0	0	0	0	0	0	0	0	0	0	0	0	0	0	0	0	0	0	0	0	0	0	0	0	0	0	0	0	0	0	0	0	0	0	0	0	0	0	0	0	1	11	127	3	60	72	84	84	17	21	62	78	128	30	75	17	107	112	120	90	33	85	50	20	123	89	15	55	18	29	53	125	113	71	99	30	22	25	119	27	58	98	72	84	60	110	36	70	48	6	2	5	63	44	48	52	75	56	6	5	101	118	23	75	80	10	72	95	102	74	116	111	95	56	76	113	68	67	61
0	0	0	0	0	0	0	0	0	0	0	0	0	0	0	0	0	0	0	0	0	0	0	0	0	0	0	0	0	0	0	0	0	0	0	0	0	0	0	0	0	0	0	0	0	0	0	0	0	0	31	121	2	1	38	55	74	61	83	23	59	40	110	103	75	16	52	3	15	86	1	22	20	46	58	96	53	14	100	121	39	102	12	106	111	110	73	92	16	93	18	65	86	125	113	108	16	68	19	124	35	42	117	95	122	98	59	20	117	27	26	18	17	73	42	109	95	80	127	90	39	93	10	57	2	85	5	103
0	0	0	0	0	0	0	0	0	0	0	0	0	0	0	0	0	0	0	0	0	0	0	0	0	0	0	0	0	0	0	0	0	0	0	0	0	0	0	0	0	0	0	0	0	0	0	0	0	0	0	57	25	123	25	31	13	23	16	77	112	30	69	62	81	112	11	106	113	54	86	3	35	31	38	44	116	117	38	80	35	72	34	126	115	1	29	49	3	38	97	118	23	10	4	24	63	16	26	26	122	85	87	29	50	109	71	113	35	88	53	24	116	116	22	68	90	122	123	112	109	14	18	118	63	107	53	126
0	0	0	0	0	0	0	0	0	0	0	0	0	0	0	0	0	0	0	0	0	0	0	0	0	0	0	0	0	0	0	0	0	0	0	0	0	0	0	0	0	0	0	0	0	0	0	0	0	0	0	0	45	106	2	51	36	14	82	64	109	32	21	20	69	51	40	48	102	96	26	82	103	100	89	96	24	125	99	29	66	74	51	123	7	2	66	37	14	73	42	88	38	20	103	112	35	8	51	16	24	21	107	113	105	13	8	35	19	38	101	1	107	17	40	51	97	98	71	89	8	37	72	19	18	42	111	77
0	0	0	0	0	0	0	0	0	0	0	0	0	0	0	0	0	0	0	0	0	0	0	0	0	0	0	0	0	0	0	0	0	0	0	0	0	0	0	0	0	0	0	0	0	0	0	0	0	0	0	0	0	34	111	98	45	29	7	112	64	92	100	47	15	109	38	33	16	63	73	72	40	85	91	69	11	34	96	84	69	27	96	123	99	46	105	102	126	83	46	124	22	24	58	52	76	31	22	73	71	12	41	71	120	123	48	125	28	113	57	97	116	2	54	125	101	10	57	24	80	114	100	72	89	40	84	36
0	0	0	0	0	0	0	0	0	0	0	0	0	0	0	0	0	0	0	0	0	0	0	0	0	0	0	0	0	0	0	0	0	0	0	0	0	0	0	0	0	0	0	0	0	0	0	0	0	0	0	0	0	0	55	6	119	35	113	121	17	124	100	86	7	69	37	19	19	68	9	53	118	3	78	83	77	78	8	21	95	105	85	93	68	101	66	12	102	60	124	90	32	85	15	114	104	114	54	100	31	5	28	2	55	14	60	23	25	18	128	98	90	89	6	76	68	52	56	91	10	16	18	107	4	67	76	24
0	0	0	0	0	0	0	0	0	0	0	0	0	0	0	0	0	0	0	0	0	0	0	0	0	0	0	0	0	0	0	0	0	0	0	0	0	0	0	0	0	0	0	0	0	0	0	0	0	0	0	0	0	0	0	59	32	62	9	87	40	89	63	117	82	72	113	13	112	112	36	54	3	51	7	69	17	89	112	28	102	47	68	56	14	111	120	21	29	10	125	67	58	85	25	110	22	95	2	67	68	29	106	108	81	18	4	103	107	105	68	22	63	52	111	50	30	94	120	33	125	3	27	110	112	114	60	45
0	0	0	0	0	0	0	0	0	0	0	0	0	0	0	0	0	0	0	0	0	0	0	0	0	0	0	0	0	0	0	0	0	0	0	0	0	0	0	0	0	0	0	0	0	0	0	0	0	0	0	0	0	0	0	0	78	37	21	118	121	118	36	51	84	14	6	19	45	74	62	117	32	45	120	95	82	94	43	36	68	120	113	80	81	68	62	114	12	49	56	20	1	40	70	91	11	95	46	11	24	68	68	40	112	117	21	120	10	114	54	21	113	102	90	97	50	25	47	39	84	121	45	62	41	70	31	6
0	0	0	0	0	0	0	0	0	0	0	0	0	0	0	0	0	0	0	0	0	0	0	0	0	0	0	0	0	0	0	0	0	0	0	0	0	0	0	0	0	0	0	0	0	0	0	0	0	0	0	0	0	0	0	0	0	116	116	28	6	87	113	24	13	111	105	17	92	10	17	97	124	57	99	21	36	4	1	119	28	70	39	13	61	121	26	97	106	96	42	72	93	4	19	10	35	24	79	40	70	59	20	66	111	12	51	75	21	110	5	71	84	64	119	128	47	101	30	62	61	8	44	23	118	104	75	54
0	0	0	0	0	0	0	0	0	0	0	0	0	0	0	0	0	0	0	0	0	0	0	0	0	0	0	0	0	0	0	0	0	0	0	0	0	0	0	0	0	0	0	0	0	0	0	0	0	0	0	0	0	0	0	0	0	0	59	41	84	85	62	74	127	120	112	68	75	15	101	51	21	1	9	7	77	99	94	56	117	44	29	49	53	27	5	51	49	122	73	20	20	128	23	60	82	128	17	38	23	57	21	36	105	50	60	83	128	125	57	39	22	25	21	95	28	78	120	95	5	19	56	118	51	18	97	82
0	0	0	0	0	0	0	0	0	0	0	0	0	0	0	0	0	0	0	0	0	0	0	0	0	0	0	0	0	0	0	0	0	0	0	0	0	0	0	0	0	0	0	0	0	0	0	0	0	0	0	0	0	0	0	0	0	0	0	90	79	88	101	94	65	8	80	3	125	127	53	128	123	125	112	47	97	38	97	74	51	39	9	99	38	66	73	16	63	58	106	4	88	58	114	119	96	82	32	32	27	9	84	54	127	89	8	99	63	67	126	39	68	99	73	105	85	47	2	97	117	64	76	40	73	29	123	20
0	0	0	0	0	0	0	0	0	0	0	0	0	0	0	0	0	0	0	0	0	0	0	0	0	0	0	0	0	0	0	0	0	0	0	0	0	0	0	0	0	0	0	0	0	0	0	0	0	0	0	0	0	0	0	0	0	0	0	0	81	80	22	57	126	91	69	111	25	57	15	87	35	60	49	78	105	75	79	41	63	115	102	25	73	98	90	118	17	73	100	34	62	117	15	76	27	16	21	43	109	43	127	66	52	56	99	1	30	86	126	3	79	8	71	99	123	104	70	90	14	114	29	109	71	124	31	115
0	0	0	0	0	0	0	0	0	0	0	0	0	0	0	0	0	0	0	0	0	0	0	0	0	0	0	0	0	0	0	0	0	0	0	0	0	0	0	0	0	0	0	0	0	0	0	0	0	0	0	0	0	0	0	0	0	0	0	0	0	75	52	29	33	53	5	38	36	85	113	67	3	33	54	49	28	104	8	86	10	119	87	36	46	87	89	40	75	31	118	10	53	20	107	37	58	80	75	78	35	105	88	51	128	124	111	12	52	119	64	70	101	19	84	4	71	86	63	87	116	13	72	38	63	73	15	16
0	0	0	0	0	0	0	0	0	0	0	0	0	0	0	0	0	0	0	0	0	0	0	0	0	0	0	0	0	0	0	0	0	0	0	0	0	0	0	0	0	0	0	0	0	0	0	0	0	0	0	0	0	0	0	0	0	0	0	0	0	0	105	26	102	41	107	5	128	69	64	20	93	28	73	37	44	35	113	51	103	71	7	78	127	108	6	74	125	27	50	32	28	86	115	50	120	43	17	120	116	24	64	112	56	67	2	14	119	111	60	58	28	33	44	5	72	57	104	62	93	124	27	22	83	18	20	50
0	0	0	0	0	0	0	0	0	0	0	0	0	0	0	0	0	0	0	0	0	0	0	0	0	0	0	0	0	0	0	0	0	0	0	0	0	0	0	0	0	0	0	0	0	0	0	0	0	0	0	0	0	0	0	0	0	0	0	0	0	0	0	92	13	50	39	112	51	33	105	83	3	68	52	114	100	118	60	93	88	110	3	87	111	55	106	30	125	125	20	8	32	37	59	31	106	13	37	6	117	45	52	25	120	5	73	51	125	15	117	99	10	15	113	65	23	43	46	71	52	128	33	90	73	56	115	53
0	0	0	0	0	0	0	0	0	0	0	0	0	0	0	0	0	0	0	0	0	0	0	0	0	0	0	0	0	0	0	0	0	0	0	0	0	0	0	0	0	0	0	0	0	0	0	0	0	0	0	0	0	0	0	0	0	0	0	0	0	0	0	0	99	25	94	82	24	122	119	108	99	58	47	77	103	44	77	6	103	18	80	126	61	31	113	95	77	51	116	33	54	76	73	51	116	64	95	29	94	4	62	73	121	71	10	88	59	49	25	84	97	64	13	23	108	92	104	42	105	108	106	25	108	75	34	119
0	0	0	0	0	0	0	0	0	0	0	0	0	0	0	0	0	0	0	0	0	0	0	0	0	0	0	0	0	0	0	0	0	0	0	0	0	0	0	0	0	0	0	0	0	0	0	0	0	0	0	0	0	0	0	0	0	0	0	0	0	0	0	0	0	106	82	25	83	72	18	36	77	92	83	50	84	112	68	53	101	34	111	121	45	46	111	96	55	71	89	69	2	98	81	87	89	11	117	97	39	23	99	67	33	21	81	55	14	10	80	14	124	58	12	120	123	22	79	125	89	97	109	78	112	92	96	17
0	0	0	0	0	0	0	0	0	0	0	0	0	0	0	0	0	0	0	0	0	0	0	0	0	0	0	0	0	0	0	0	0	0	0	0	0	0	0	0	0	0	0	0	0	0	0	0	0	0	0	0	0	0	0	0	0	0	0	0	0	0	0	0	0	0	16	128	65	56	95	59	25	82	34	2	118	116	75	113	29	100	71	96	116	44	32	80	123	102	39	80	32	64	1	86	74	84	5	99	44	115	72	103	118	33	56	75	62	7	82	75	32	7	23	77	28	30	118	37	115	110	79	115	39	64	43	73
0	0	0	0	0	0	0	0	0	0	0	0	0	0	0	0	0	0	0	0	0	0	0	0	0	0	0	0	0	0	0	0	0	0	0	0	0	0	0	0	0	0	0	0	0	0	0	0	0	0	0	0	0	0	0	0	0	0	0	0	0	0	0	0	0	0	0	25	18	114	15	17	16	51	15	127	118	28	123	28	89	108	41	19	75	51	6	61	124	83	71	90	94	71	38	28	24	98	82	52	111	37	25	20	118	67	74	95	43	24	116	87	74	8	11	50	6	52	109	71	94	79	38	42	61	105	93	26
0	0	0	0	0	0	0	0	0	0	0	0	0	0	0	0	0	0	0	0	0	0	0	0	0	0	0	0	0	0	0	0	0	0	0	0	0	0	0	0	0	0	0	0	0	0	0	0	0	0	0	0	0	0	0	0	0	0	0	0	0	0	0	0	0	0	0	0	80	81	93	83	26	72	61	64	48	66	120	93	69	97	89	94	27	16	74	41	86	113	49	125	5	47	60	81	47	121	14	42	11	67	104	38	109	44	119	77	61	126	101	2	49	9	114	21	77	80	16	72	94	27	76	127	111	97	12	35
0	0	0	0	0	0	0	0	0	0	0	0	0	0	0	0	0	0	0	0	0	0	0	0	0	0	0	0	0	0	0	0	0	0	0	0	0	0	0	0	0	0	0	0	0	0	0	0	0	0	0	0	0	0	0	0	0	0	0	0	0	0	0	0	0	0	0	0	0	89	32	90	22	86	84	58	125	92	73	22	120	111	116	119	32	43	9	34	42	59	48	14	107	66	91	49	8	119	95	18	33	99	13	14	95	127	96	79	37	20	121	80	88	31	110	67	43	37	45	58	41	92	15	108	109	47	26	33
0	0	0	0	0	0	0	0	0	0	0	0	0	0	0	0	0	0	0	0	0	0	0	0	0	0	0	0	0	0	0	0	0	0	0	0	0	0	0	0	0	0	0	0	0	0	0	0	0	0	0	0	0	0	0	0	0	0	0	0	0	0	0	0	0	0	0	0	0	0	43	99	62	108	69	127	15	115	26	98	45	37	52	51	27	55	83	98	27	15	7	117	86	42	74	57	110	15	117	94	126	6	71	115	123	1	57	35	113	98	127	100	98	52	49	4	34	108	124	98	36	74	66	60	109	4	47	68
0	0	0	0	0	0	0	0	0	0	0	0	0	0	0	0	0	0	0	0	0	0	0	0	0	0	0	0	0	0	0	0	0	0	0	0	0	0	0	0	0	0	0	0	0	0	0	0	0	0	0	0	0	0	0	0	0	0	0	0	0	0	0	0	0	0	0	0	0	0	0	110	65	68	18	17	99	112	22	25	128	8	114	102	85	19	32	60	45	11	29	87	88	13	125	28	90	75	3	32	111	74	13	92	76	128	24	62	99	72	84	99	80	105	33	52	105	82	75	19	47	89	3	106	11	121	67	31
0	0	0	0	0	0	0	0	0	0	0	0	0	0	0	0	0	0	0	0	0	0	0	0	0	0	0	0	0	0	0	0	0	0	0	0	0	0	0	0	0	0	0	0	0	0	0	0	0	0	0	0	0	0	0	0	0	0	0	0	0	0	0	0	0	0	0	0	0	0	0	0	7	60	114	68	107	102	95	78	25	55	58	39	42	25	62	60	59	43	72	32	63	29	70	82	112	106	31	106	119	90	115	61	98	68	128	8	107	26	20	90	29	87	99	96	104	110	104	10	32	49	63	106	6	20	20	33
0	0	0	0	0	0	0	0	0	0	0	0	0	0	0	0	0	0	0	0	0	0	0	0	0	0	0	0	0	0	0	0	0	0	0	0	0	0	0	0	0	0	0	0	0	0	0	0	0	0	0	0	0	0	0	0	0	0	0	0	0	0	0	0	0	0	0	0	0	0	0	0	0	43	91	115	5	19	98	101	111	20	23	81	44	81	109	91	22	51	77	70	63	70	22	112	91	73	46	110	72	14	111	15	94	71	31	104	18	84	75	108	41	13	20	42	92	105	71	92	34	117	106	55	3	104	86	101
0	0	0	0	0	0	0	0	0	0	0	0	0	0	0	0	0	0	0	0	0	0	0	0	0	0	0	0	0	0	0	0	0	0	0	0	0	0	0	0	0	0	0	0	0	0	0	0	0	0	0	0	0	0	0	0	0	0	0	0	0	0	0	0	0	0	0	0	0	0	0	0	0	0	66	54	5	106	122	87	111	120	43	128	75	94	81	63	67	78	4	71	40	91	107	28	41	96	82	80	83	58	70	72	111	93	100	43	41	89	79	40	38	47	108	8	80	110	55	46	35	12	51	29	91	17	111	65
0	0	0	0	0	0	0	0	0	0	0	0	0	0	0	0	0	0	0	0	0	0	0	0	0	0	0	0	0	0	0	0	0	0	0	0	0	0	0	0	0	0	0	0	0	0	0	0	0	0	0	0	0	0	0	0	0	0	0	0	0	0	0	0	0	0	0	0	0	0	0	0	0	0	0	50	128	100	38	45	56	2	95	124	113	74	19	49	107	65	43	70	13	85	125	36	98	56	108	30	25	73	21	120	90	77	84	33	10	71	110	128	111	34	52	110	127	126	71	119	117	87	58	118	18	33	38	113
0	0	0	0	0	0	0	0	0	0	0	0	0	0	0	0	0	0	0	0	0	0	0	0	0	0	0	0	0	0	0	0	0	0	0	0	0	0	0	0	0	0	0	0	0	0	0	0	0	0	0	0	0	0	0	0	0	0	0	0	0	0	0	0	0	0	0	0	0	0	0	0	0	0	0	0	104	113	123	95	61	108	36	72	76	64	51	58	39	85	58	21	41	5	35	108	113	97	97	7	107	54	30	22	20	35	61	55	73	81	81	39	11	125	122	80	47	110	105	65	32	18	112	45	31	95	115	106
0	0	0	0	0	0	0	0	0	0	0	0	0	0	0	0	0	0	0	0	0	0	0	0	0	0	0	0	0	0	0	0	0	0	0	0	0	0	0	0	0	0	0	0	0	0	0	0	0	0	0	0	0	0	0	0	0	0	0	0	0	0	0	0	0	0	0	0	0	0	0	0	0	0	0	0	0	94	116	52	76	2	71	110	35	122	42	114	46	70	80	76	81	61	120	70	30	16	105	104	117	66	80	96	6	20	103	43	97	32	85	61	37	38	116	69	73	24	113	33	76	80	27	1	79	55	1	20
0	0	0	0	0	0	0	0	0	0	0	0	0	0	0	0	0	0	0	0	0	0	0	0	0	0	0	0	0	0	0	0	0	0	0	0	0	0	0	0	0	0	0	0	0	0	0	0	0	0	0	0	0	0	0	0	0	0	0	0	0	0	0	0	0	0	0	0	0	0	0	0	0	0	0	0	0	0	117	5	107	50	95	26	75	4	117	62	54	14	101	23	15	75	81	124	86	6	45	80	75	75	68	101	101	36	39	7	3	113	29	126	87	9	45	46	23	91	81	85	126	20	112	50	19	88	106	91
0	0	0	0	0	0	0	0	0	0	0	0	0	0	0	0	0	0	0	0	0	0	0	0	0	0	0	0	0	0	0	0	0	0	0	0	0	0	0	0	0	0	0	0	0	0	0	0	0	0	0	0	0	0	0	0	0	0	0	0	0	0	0	0	0	0	0	0	0	0	0	0	0	0	0	0	0	0	0	100	89	10	124	84	70	70	73	125	17	2	113	55	110	54	102	67	59	99	9	44	24	4	81	29	91	50	55	28	70	25	75	72	85	22	71	89	7	118	40	1	102	47	119	101	68	31	55	48
0	0	0	0	0	0	0	0	0	0	0	0	0	0	0	0	0	0	0	0	0	0	0	0	0	0	0	0	0	0	0	0	0	0	0	0	0	0	0	0	0	0	0	0	0	0	0	0	0	0	0	0	0	0	0	0	0	0	0	0	0	0	0	0	0	0	0	0	0	0	0	0	0	0	0	0	0	0	0	0	117	4	83	9	120	126	106	6	14	118	31	61	58	33	49	7	126	67	108	60	114	128	77	116	48	91	86	92	128	22	123	40	22	50	53	54	3	53	121	109	123	112	10	37	59	79	40	53
0	0	0	0	0	0	0	0	0	0	0	0	0	0	0	0	0	0	0	0	0	0	0	0	0	0	0	0	0	0	0	0	0	0	0	0	0	0	0	0	0	0	0	0	0	0	0	0	0	0	0	0	0	0	0	0	0	0	0	0	0	0	0	0	0	0	0	0	0	0	0	0	0	0	0	0	0	0	0	0	0	108	78	49	122	24	17	109	50	33	24	42	38	69	86	11	98	77	124	26	127	4	21	5	102	16	81	117	111	85	13	67	35	47	4	81	48	98	77	15	114	31	46	31	4	40	3	35
0	0	0	0	0	0	0	0	0	0	0	0	0	0	0	0	0	0	0	0	0	0	0	0	0	0	0	0	0	0	0	0	0	0	0	0	0	0	0	0	0	0	0	0	0	0	0	0	0	0	0	0	0	0	0	0	0	0	0	0	0	0	0	0	0	0	0	0	0	0	0	0	0	0	0	0	0	0	0	0	0	0	79	2	6	42	108	53	104	85	81	113	28	121	81	52	8	14	92	43	49	11	59	60	55	63	49	36	82	34	46	106	29	64	111	97	33	61	44	25	75	28	22	48	115	51	93	89
0	0	0	0	0	0	0	0	0	0	0	0	0	0	0	0	0	0	0	0	0	0	0	0	0	0	0	0	0	0	0	0	0	0	0	0	0	0	0	0	0	0	0	0	0	0	0	0	0	0	0	0	0	0	0	0	0	0	0	0	0	0	0	0	0	0	0	0	0	0	0	0	0	0	0	0	0	0	0	0	0	0	0	19	106	46	90	19	11	7	46	41	42	34	86	6	20	61	125	98	92	79	8	4	104	74	62	47	22	67	99	76	70	83	89	30	7	97	37	35	29	73	57	43	120	29	115	126
0	0	0	0	0	0	0	0	0	0	0	0	0	0	0	0	0	0	0	0	0	0	0	0	0	0	0	0	0	0	0	0	0	0	0	0	0	0	0	0	0	0	0	0	0	0	0	0	0	0	0	0	0	0	0	0	0	0	0	0	0	0	0	0	0	0	0	0	0	0	0	0	0	0	0	0	0	0	0	0	0	0	0	0	74	90	19	94	45	101	1	104	50	30	6	73	33	82	68	74	127	12	105	86	108	91	9	107	50	49	92	56	74	14	31	55	45	77	117	120	49	87	62	109	76	82	32	122
0	0	0	0	0	0	0	0	0	0	0	0	0	0	0	0	0	0	0	0	0	0	0	0	0	0	0	0	0	0	0	0	0	0	0	0	0	0	0	0	0	0	0	0	0	0	0	0	0	0	0	0	0	0	0	0	0	0	0	0	0	0	0	0	0	0	0	0	0	0	0	0	0	0	0	0	0	0	0	0	0	0	0	0	0	47	61	126	17	67	31	97	113	23	53	65	123	92	39	126	28	37	107	84	109	109	62	41	33	9	10	21	82	15	88	112	82	109	94	121	117	53	81	107	88	53	96	112
0	0	0	0	0	0	0	0	0	0	0	0	0	0	0	0	0	0	0	0	0	0	0	0	0	0	0	0	0	0	0	0	0	0	0	0	0	0	0	0	0	0	0	0	0	0	0	0	0	0	0	0	0	0	0	0	0	0	0	0	0	0	0	0	0	0	0	0	0	0	0	0	0	0	0	0	0	0	0	0	0	0	0	0	0	0	118	108	38	74	64	48	64	86	47	1	45	45	19	15	118	64	27	83	70	19	12	61	57	81	12	82	24	52	122	56	87	123	89	11	22	66	98	2	120	97	17	116
0	0	0	0	0	0	0	0	0	0	0	0	0	0	0	0	0	0	0	0	0	0	0	0	0	0	0	0	0	0	0	0	0	0	0	0	0	0	0	0	0	0	0	0	0	0	0	0	0	0	0	0	0	0	0	0	0	0	0	0	0	0	0	0	0	0	0	0	0	0	0	0	0	0	0	0	0	0	0	0	0	0	0	0	0	0	0	6	2	109	123	97	81	112	38	51	85	53	37	47	108	44	98	94	10	28	77	120	83	7	70	19	60	92	11	42	48	25	34	67	26	126	46	105	112	23	101	97
0	0	0	0	0	0	0	0	0	0	0	0	0	0	0	0	0	0	0	0	0	0	0	0	0	0	0	0	0	0	0	0	0	0	0	0	0	0	0	0	0	0	0	0	0	0	0	0	0	0	0	0	0	0	0	0	0	0	0	0	0	0	0	0	0	0	0	0	0	0	0	0	0	0	0	0	0	0	0	0	0	0	0	0	0	0	0	0	118	55	38	79	104	14	4	69	21	76	88	102	122	68	59	109	77	26	27	11	5	93	57	107	3	107	49	116	18	42	127	83	5	120	86	37	71	100	62	3
0	0	0	0	0	0	0	0	0	0	0	0	0	0	0	0	0	0	0	0	0	0	0	0	0	0	0	0	0	0	0	0	0	0	0	0	0	0	0	0	0	0	0	0	0	0	0	0	0	0	0	0	0	0	0	0	0	0	0	0	0	0	0	0	0	0	0	0	0	0	0	0	0	0	0	0	0	0	0	0	0	0	0	0	0	0	0	0	0	44	12	84	21	92	55	11	72	100	56	82	85	27	55	1	123	48	35	67	6	28	52	56	78	120	25	84	35	90	74	4	60	17	127	73	125	93	24	125
0	0	0	0	0	0	0	0	0	0	0	0	0	0	0	0	0	0	0	0	0	0	0	0	0	0	0	0	0	0	0	0	0	0	0	0	0	0	0	0	0	0	0	0	0	0	0	0	0	0	0	0	0	0	0	0	0	0	0	0	0	0	0	0	0	0	0	0	0	0	0	0	0	0	0	0	0	0	0	0	0	0	0	0	0	0	0	0	0	0	27	47	61	113	117	93	68	76	52	61	57	114	71	1	60	113	115	24	80	62	31	57	40	73	107	83	2	4	42	26	96	54	127	18	38	117	101	22
0	0	0	0	0	0	0	0	0	0	0	0	0	0	0	0	0	0	0	0	0	0	0	0	0	0	0	0	0	0	0	0	0	0	0	0	0	0	0	0	0	0	0	0	0	0	0	0	0	0	0	0	0	0	0	0	0	0	0	0	0	0	0	0	0	0	0	0	0	0	0	0	0	0	0	0	0	0	0	0	0	0	0	0	0	0	0	0	0	0	0	21	94	108	12	73	31	28	66	43	12	57	31	11	125	19	5	34	24	80	30	52	51	61	83	116	40	97	71	56	28	66	3	71	14	19	35	42
0	0	0	0	0	0	0	0	0	0	0	0	0	0	0	0	0	0	0	0	0	0	0	0	0	0	0	0	0	0	0	0	0	0	0	0	0	0	0	0	0	0	0	0	0	0	0	0	0	0	0	0	0	0	0	0	0	0	0	0	0	0	0	0	0	0	0	0	0	0	0	0	0	0	0	0	0	0	0	0	0	0	0	0	0	0	0	0	0	0	0	0	95	56	81	10	73	119	86	127	121	32	118	65	99	12	101	38	7	55	110	110	101	5	65	25	104	47	121	44	99	16	34	62	122	84	11	20
0	0	0	0	0	0	0	0	0	0	0	0	0	0	0	0	0	0	0	0	0	0	0	0	0	0	0	0	0	0	0	0	0	0	0	0	0	0	0	0	0	0	0	0	0	0	0	0	0	0	0	0	0	0	0	0	0	0	0	0	0	0	0	0	0	0	0	0	0	0	0	0	0	0	0	0	0	0	0	0	0	0	0	0	0	0	0	0	0	0	0	0	0	29	64	44	120	127	38	12	60	127	53	100	41	80	24	32	100	99	105	90	55	33	79	21	15	112	62	67	62	70	127	63	8	110	17	54
0	0	0	0	0	0	0	0	0	0	0	0	0	0	0	0	0	0	0	0	0	0	0	0	0	0	0	0	0	0	0	0	0	0	0	0	0	0	0	0	0	0	0	0	0	0	0	0	0	0	0	0	0	0	0	0	0	0	0	0	0	0	0	0	0	0	0	0	0	0	0	0	0	0	0	0	0	0	0	0	0	0	0	0	0	0	0	0	0	0	0	0	0	0	106	37	62	50	56	93	7	102	24	111	7	34	60	24	54	89	64	64	52	70	11	103	17	24	100	34	11	37	26	22	8	61	116	114
0	0	0	0	0	0	0	0	0	0	0	0	0	0	0	0	0	0	0	0	0	0	0	0	0	0	0	0	0	0	0	0	0	0	0	0	0	0	0	0	0	0	0	0	0	0	0	0	0	0	0	0	0	0	0	0	0	0	0	0	0	0	0	0	0	0	0	0	0	0	0	0	0	0	0	0	0	0	0	0	0	0	0	0	0	0	0	0	0	0	0	0	0	0	0	94	125	28	24	116	123	8	56	28	41	76	89	32	62	7	77	61	27	101	1	31	117	126	17	35	115	47	37	33	21	14	44	84
0	0	0	0	0	0	0	0	0	0	0	0	0	0	0	0	0	0	0	0	0	0	0	0	0	0	0	0	0	0	0	0	0	0	0	0	0	0	0	0	0	0	0	0	0	0	0	0	0	0	0	0	0	0	0	0	0	0	0	0	0	0	0	0	0	0	0	0	0	0	0	0	0	0	0	0	0	0	0	0	0	0	0	0	0	0	0	0	0	0	0	0	0	0	0	0	107	94	127	65	91	1	102	82	117	117	55	26	97	44	10	84	93	118	62	1	39	75	79	79	18	12	104	24	92	32	83	120
0	0	0	0	0	0	0	0	0	0	0	0	0	0	0	0	0	0	0	0	0	0	0	0	0	0	0	0	0	0	0	0	0	0	0	0	0	0	0	0	0	0	0	0	0	0	0	0	0	0	0	0	0	0	0	0	0	0	0	0	0	0	0	0	0	0	0	0	0	0	0	0	0	0	0	0	0	0	0	0	0	0	0	0	0	0	0	0	0	0	0	0	0	0	0	0	0	52	4	17	77	59	80	7	108	85	70	36	97	101	119	48	80	21	92	23	10	78	1	7	111	126	57	84	55	21	57	38
0	0	0	0	0	0	0	0	0	0	0	0	0	0	0	0	0	0	0	0	0	0	0	0	0	0	0	0	0	0	0	0	0	0	0	0	0	0	0	0	0	0	0	0	0	0	0	0	0	0	0	0	0	0	0	0	0	0	0	0	0	0	0	0	0	0	0	0	0	0	0	0	0	0	0	0	0	0	0	0	0	0	0	0	0	0	0	0	0	0	0	0	0	0	0	0	0	0	126	98	48	68	50	94	114	99	5	109	86	32	28	56	124	4	91	109	43	71	33	24	25	79	120	108	43	76	49	125
0	0	0	0	0	0	0	0	0	0	0	0	0	0	0	0	0	0	0	0	0	0	0	0	0	0	0	0	0	0	0	0	0	0	0	0	0	0	0	0	0	0	0	0	0	0	0	0	0	0	0	0	0	0	0	0	0	0	0	0	0	0	0	0	0	0	0	0	0	0	0	0	0	0	0	0	0	0	0	0	0	0	0	0	0	0	0	0	0	0	0	0	0	0	0	0	0	0	0	3	76	46	40	6	105	24	94	45	48	128	11	64	56	4	78	127	44	17	3	75	78	81	45	117	30	42	31	117
0	0	0	0	0	0	0	0	0	0	0	0	0	0	0	0	0	0	0	0	0	0	0	0	0	0	0	0	0	0	0	0	0	0	0	0	0	0	0	0	0	0	0	0	0	0	0	0	0	0	0	0	0	0	0	0	0	0	0	0	0	0	0	0	0	0	0	0	0	0	0	0	0	0	0	0	0	0	0	0	0	0	0	0	0	0	0	0	0	0	0	0	0	0	0	0	0	0	0	0	38	85	40	87	91	13	65	58	75	65	116	11	87	85	92	57	15	120	128	108	72	21	102	68	73	22	57	94
0	0	0	0	0	0	0	0	0	0	0	0	0	0	0	0	0	0	0	0	0	0	0	0	0	0	0	0	0	0	0	0	0	0	0	0	0	0	0	0	0	0	0	0	0	0	0	0	0	0	0	0	0	0	0	0	0	0	0	0	0	0	0	0	0	0	0	0	0	0	0	0	0	0	0	0	0	0	0	0	0	0	0	0	0	0	0	0	0	0	0	0	0	0	0	0	0	0	0	0	0	118	79	64	100	72	16	127	127	99	64	76	43	33	32	103	71	59	91	37	113	36	97	90	47	85	34	34
0	0	0	0	0	0	0	0	0	0	0	0	0	0	0	0	0	0	0	0	0	0	0	0	0	0	0	0	0	0	0	0	0	0	0	0	0	0	0	0	0	0	0	0	0	0	0	0	0	0	0	0	0	0	0	0	0	0	0	0	0	0	0	0	0	0	0	0	0	0	0	0	0	0	0	0	0	0	0	0	0	0	0	0	0	0	0	0	0	0	0	0	0	0	0	0	0	0	0	0	0	0	85	3	34	101	85	15	124	99	3	128	11	33	86	128	28	18	68	50	40	61	29	54	45	32	80	76
0	0	0	0	0	0	0	0	0	0	0	0	0	0	0	0	0	0	0	0	0	0	0	0	0	0	0	0	0	0	0	0	0	0	0	0	0	0	0	0	0	0	0	0	0	0	0	0	0	0	0	0	0	0	0	0	0	0	0	0	0	0	0	0	0	0	0	0	0	0	0	0	0	0	0	0	0	0	0	0	0	0	0	0	0	0	0	0	0	0	0	0	0	0	0	0	0	0	0	0	0	0	0	26	107	108	72	44	104	44	70	99	8	114	34	64	13	49	49	96	49	66	79	37	82	29	28	55
0	0	0	0	0	0	0	0	0	0	0	0	0	0	0	0	0	0	0	0	0	0	0	0	0	0	0	0	0	0	0	0	0	0	0	0	0	0	0	0	0	0	0	0	0	0	0	0	0	0	0	0	0	0	0	0	0	0	0	0	0	0	0	0	0	0	0	0	0	0	0	0	0	0	0	0	0	0	0	0	0	0	0	0	0	0	0	0	0	0	0	0	0	0	0	0	0	0	0	0	0	0	0	0	34	83	92	88	102	103	6	118	30	96	6	124	25	21	56	42	113	105	40	39	93	32	87	1
0	0	0	0	0	0	0	0	0	0	0	0	0	0	0	0	0	0	0	0	0	0	0	0	0	0	0	0	0	0	0	0	0	0	0	0	0	0	0	0	0	0	0	0	0	0	0	0	0	0	0	0	0	0	0	0	0	0	0	0	0	0	0	0	0	0	0	0	0	0	0	0	0	0	0	0	0	0	0	0	0	0	0	0	0	0	0	0	0	0	0	0	0	0	0	0	0	0	0	0	0	0	0	0	0	41	103	81	113	34	27	5	93	123	127	93	66	77	72	110	68	32	78	31	84	66	72	28
0	0	0	0	0	0	0	0	0	0	0	0	0	0	0	0	0	0	0	0	0	0	0	0	0	0	0	0	0	0	0	0	0	0	0	0	0	0	0	0	0	0	0	0	0	0	0	0	0	0	0	0	0	0	0	0	0	0	0	0	0	0	0	0	0	0	0	0	0	0	0	0	0	0	0	0	0	0	0	0	0	0	0	0	0	0	0	0	0	0	0	0	0	0	0	0	0	0	0	0	0	0	0	0	0	0	10	76	61	14	54	63	51	61	13	109	48	84	61	60	42	82	49	124	65	117	108	55
0	0	0	0	0	0	0	0	0	0	0	0	0	0	0	0	0	0	0	0	0	0	0	0	0	0	0	0	0	0	0	0	0	0	0	0	0	0	0	0	0	0	0	0	0	0	0	0	0	0	0	0	0	0	0	0	0	0	0	0	0	0	0	0	0	0	0	0	0	0	0	0	0	0	0	0	0	0	0	0	0	0	0	0	0	0	0	0	0	0	0	0	0	0	0	0	0	0	0	0	0	0	0	0	0	0	0	19	90	94	81	121	69	124	95	63	99	4	14	24	114	81	95	97	125	14	94	105
0	0	0	0	0	0	0	0	0	0	0	0	0	0	0	0	0	0	0	0	0	0	0	0	0	0	0	0	0	0	0	0	0	0	0	0	0	0	0	0	0	0	0	0	0	0	0	0	0	0	0	0	0	0	0	0	0	0	0	0	0	0	0	0	0	0	0	0	0	0	0	0	0	0	0	0	0	0	0	0	0	0	0	0	0	0	0	0	0	0	0	0	0	0	0	0	0	0	0	0	0	0	0	0	0	0	0	0	60	96	95	79	53	87	58	72	2	22	52	41	17	116	98	98	99	105	64	83
0	0	0	0	0	0	0	0	0	0	0	0	0	0	0	0	0	0	0	0	0	0	0	0	0	0	0	0	0	0	0	0	0	0	0	0	0	0	0	0	0	0	0	0	0	0	0	0	0	0	0	0	0	0	0	0	0	0	0	0	0	0	0	0	0	0	0	0	0	0	0	0	0	0	0	0	0	0	0	0	0	0	0	0	0	0	0	0	0	0	0	0	0	0	0	0	0	0	0	0	0	0	0	0	0	0	0	0	0	107	10	114	48	29	85	119	14	43	14	2	25	81	27	51	31	18	50	84
0	0	0	0	0	0	0	0	0	0	0	0	0	0	0	0	0	0	0	0	0	0	0	0	0	0	0	0	0	0	0	0	0	0	0	0	0	0	0	0	0	0	0	0	0	0	0	0	0	0	0	0	0	0	0	0	0	0	0	0	0	0	0	0	0	0	0	0	0	0	0	0	0	0	0	0	0	0	0	0	0	0	0	0	0	0	0	0	0	0	0	0	0	0	0	0	0	0	0	0	0	0	0	0	0	0	0	0	0	0	22	54	117	81	76	125	10	60	120	58	127	71	29	83	33	36	5	113
0	0	0	0	0	0	0	0	0	0	0	0	0	0	0	0	0	0	0	0	0	0	0	0	0	0	0	0	0	0	0	0	0	0	0	0	0	0	0	0	0	0	0	0	0	0	0	0	0	0	0	0	0	0	0	0	0	0	0	0	0	0	0	0	0	0	0	0	0	0	0	0	0	0	0	0	0	0	0	0	0	0	0	0	0	0	0	0	0	0	0	0	0	0	0	0	0	0	0	0	0	0	0	0	0	0	0	0	0	0	0	119	78	44	23	16	67	40	63	40	120	39	108	73	84	12	15	46
0	0	0	0	0	0	0	0	0	0	0	0	0	0	0	0	0	0	0	0	0	0	0	0	0	0	0	0	0	0	0	0	0	0	0	0	0	0	0	0	0	0	0	0	0	0	0	0	0	0	0	0	0	0	0	0	0	0	0	0	0	0	0	0	0	0	0	0	0	0	0	0	0	0	0	0	0	0	0	0	0	0	0	0	0	0	0	0	0	0	0	0	0	0	0	0	0	0	0	0	0	0	0	0	0	0	0	0	0	0	0	0	98	46	110	37	115	52	75	111	124	93	103	114	108	32	95	121
0	0	0	0	0	0	0	0	0	0	0	0	0	0	0	0	0	0	0	0	0	0	0	0	0	0	0	0	0	0	0	0	0	0	0	0	0	0	0	0	0	0	0	0	0	0	0	0	0	0	0	0	0	0	0	0	0	0	0	0	0	0	0	0	0	0	0	0	0	0	0	0	0	0	0	0	0	0	0	0	0	0	0	0	0	0	0	0	0	0	0	0	0	0	0	0	0	0	0	0	0	0	0	0	0	0	0	0	0	0	0	0	0	33	64	30	117	20	54	114	61	117	128	80	89	55	33	117
0	0	0	0	0	0	0	0	0	0	0	0	0	0	0	0	0	0	0	0	0	0	0	0	0	0	0	0	0	0	0	0	0	0	0	0	0	0	0	0	0	0	0	0	0	0	0	0	0	0	0	0	0	0	0	0	0	0	0	0	0	0	0	0	0	0	0	0	0	0	0	0	0	0	0	0	0	0	0	0	0	0	0	0	0	0	0	0	0	0	0	0	0	0	0	0	0	0	0	0	0	0	0	0	0	0	0	0	0	0	0	0	0	0	94	5	73	109	70	34	74	49	93	38	3	102	87	60
0	0	0	0	0	0	0	0	0	0	0	0	0	0	0	0	0	0	0	0	0	0	0	0	0	0	0	0	0	0	0	0	0	0	0	0	0	0	0	0	0	0	0	0	0	0	0	0	0	0	0	0	0	0	0	0	0	0	0	0	0	0	0	0	0	0	0	0	0	0	0	0	0	0	0	0	0	0	0	0	0	0	0	0	0	0	0	0	0	0	0	0	0	0	0	0	0	0	0	0	0	0	0	0	0	0	0	0	0	0	0	0	0	0	0	65	74	105	38	32	44	119	63	110	113	24	5	30
0	0	0	0	0	0	0	0	0	0	0	0	0	0	0	0	0	0	0	0	0	0	0	0	0	0	0	0	0	0	0	0	0	0	0	0	0	0	0	0	0	0	0	0	0	0	0	0	0	0	0	0	0	0	0	0	0	0	0	0	0	0	0	0	0	0	0	0	0	0	0	0	0	0	0	0	0	0	0	0	0	0	0	0	0	0	0	0	0	0	0	0	0	0	0	0	0	0	0	0	0	0	0	0	0	0	0	0	0	0	0	0	0	0	0	0	85	18	18	111	113	128	86	118	94	49	44	9
0	0	0	0	0	0	0	0	0	0	0	0	0	0	0	0	0	0	0	0	0	0	0	0	0	0	0	0	0	0	0	0	0	0	0	0	0	0	0	0	0	0	0	0	0	0	0	0	0	0	0	0	0	0	0	0	0	0	0	0	0	0	0	0	0	0	0	0	0	0	0	0	0	0	0	0	0	0	0	0	0	0	0	0	0	0	0	0	0	0	0	0	0	0	0	0	0	0	0	0	0	0	0	0	0	0	0	0	0	0	0	0	0	0	0	0	0	7	75	114	65	98	10	64	41	115	59	58
0	0	0	0	0	0	0	0	0	0	0	0	0	0	0	0	0	0	0	0	0	0	0	0	0	0	0	0	0	0	0	0	0	0	0	0	0	0	0	0	0	0	0	0	0	0	0	0	0	0	0	0	0	0	0	0	0	0	0	0	0	0	0	0	0	0	0	0	0	0	0	0	0	0	0	0	0	0	0	0	0	0	0	0	0	0	0	0	0	0	0	0	0	0	0	0	0	0	0	0	0	0	0	0	0	0	0	0	0	0	0	0	0	0	0	0	0	0	77	47	128	37	31	69	74	125	39	98
0	0	0	0	0	0	0	0	0	0	0	0	0	0	0	0	0	0	0	0	0	0	0	0	0	0	0	0	0	0	0	0	0	0	0	0	0	0	0	0	0	0	0	0	0	0	0	0	0	0	0	0	0	0	0	0	0	0	0	0	0	0	0	0	0	0	0	0	0	0	0	0	0	0	0	0	0	0	0	0	0	0	0	0	0	0	0	0	0	0	0	0	0	0	0	0	0	0	0	0	0	0	0	0	0	0	0	0	0	0	0	0	0	0	0	0	0	0	0	99	28	102	61	72	87	61	11	97
0	0	0	0	0	0	0	0	0	0	0	0	0	0	0	0	0	0	0	0	0	0	0	0	0	0	0	0	0	0	0	0	0	0	0	0	0	0	0	0	0	0	0	0	0	0	0	0	0	0	0	0	0	0	0	0	0	0	0	0	0	0	0	0	0	0	0	0	0	0	0	0	0	0	0	0	0	0	0	0	0	0	0	0	0	0	0	0	0	0	0	0	0	0	0	0	0	0	0	0	0	0	0	0	0	0	0	0	0	0	0	0	0	0	0	0	0	0	0	0	76	109	77	125	87	99	59	78
0	0	0	0	0	0	0	0	0	0	0	0	0	0	0	0	0	0	0	0	0	0	0	0	0	0	0	0	0	0	0	0	0	0	0	0	0	0	0	0	0	0	0	0	0	0	0	0	0	0	0	0	0	0	0	0	0	0	0	0	0	0	0	0	0	0	0	0	0	0	0	0	0	0	0	0	0	0	0	0	0	0	0	0	0	0	0	0	0	0	0	0	0	0	0	0	0	0	0	0	0	0	0	0	0	0	0	0	0	0	0	0	0	0	0	0	0	0	0	0	0	106	110	87	48	99	85	4
0	0	0	0	0	0	0	0	0	0	0	0	0	0	0	0	0	0	0	0	0	0	0	0	0	0	0	0	0	0	0	0	0	0	0	0	0	0	0	0	0	0	0	0	0	0	0	0	0	0	0	0	0	0	0	0	0	0	0	0	0	0	0	0	0	0	0	0	0	0	0	0	0	0	0	0	0	0	0	0	0	0	0	0	0	0	0	0	0	0	0	0	0	0	0	0	0	0	0	0	0	0	0	0	0	0	0	0	0	0	0	0	0	0	0	0	0	0	0	0	0	0	119	43	101	41	82	34
0	0	0	0	0	0	0	0	0	0	0	0	0	0	0	0	0	0	0	0	0	0	0	0	0	0	0	0	0	0	0	0	0	0	0	0	0	0	0	0	0	0	0	0	0	0	0	0	0	0	0	0	0	0	0	0	0	0	0	0	0	0	0	0	0	0	0	0	0	0	0	0	0	0	0	0	0	0	0	0	0	0	0	0	0	0	0	0	0	0	0	0	0	0	0	0	0	0	0	0	0	0	0	0	0	0	0	0	0	0	0	0	0	0	0	0	0	0	0	0	0	0	0	8	95	2	30	58
0	0	0	0	0	0	0	0	0	0	0	0	0	0	0	0	0	0	0	0	0	0	0	0	0	0	0	0	0	0	0	0	0	0	0	0	0	0	0	0	0	0	0	0	0	0	0	0	0	0	0	0	0	0	0	0	0	0	0	0	0	0	0	0	0	0	0	0	0	0	0	0	0	0	0	0	0	0	0	0	0	0	0	0	0	0	0	0	0	0	0	0	0	0	0	0	0	0	0	0	0	0	0	0	0	0	0	0	0	0	0	0	0	0	0	0	0	0	0	0	0	0	0	0	74	109	10	19
0	0	0	0	0	0	0	0	0	0	0	0	0	0	0	0	0	0	0	0	0	0	0	0	0	0	0	0	0	0	0	0	0	0	0	0	0	0	0	0	0	0	0	0	0	0	0	0	0	0	0	0	0	0	0	0	0	0	0	0	0	0	0	0	0	0	0	0	0	0	0	0	0	0	0	0	0	0	0	0	0	0	0	0	0	0	0	0	0	0	0	0	0	0	0	0	0	0	0	0	0	0	0	0	0	0	0	0	0	0	0	0	0	0	0	0	0	0	0	0	0	0	0	0	0	123	23	65
0	0	0	0	0	0	0	0	0	0	0	0	0	0	0	0	0	0	0	0	0	0	0	0	0	0	0	0	0	0	0	0	0	0	0	0	0	0	0	0	0	0	0	0	0	0	0	0	0	0	0	0	0	0	0	0	0	0	0	0	0	0	0	0	0	0	0	0	0	0	0	0	0	0	0	0	0	0	0	0	0	0	0	0	0	0	0	0	0	0	0	0	0	0	0	0	0	0	0	0	0	0	0	0	0	0	0	0	0	0	0	0	0	0	0	0	0	0	0	0	0	0	0	0	0	0	72	32
0	0	0	0	0	0	0	0	0	0	0	0	0	0	0	0	0	0	0	0	0	0	0	0	0	0	0	0	0	0	0	0	0	0	0	0	0	0	0	0	0	0	0	0	0	0	0	0	0	0	0	0	0	0	0	0	0	0	0	0	0	0	0	0	0	0	0	0	0	0	0	0	0	0	0	0	0	0	0	0	0	0	0	0	0	0	0	0	0	0	0	0	0	0	0	0	0	0	0	0	0	0	0	0	0	0	0	0	0	0	0	0	0	0	0	0	0	0	0	0	0	0	0	0	0	0	0	23
0	0	0	0	0	0	0	0	0	0	0	0	0	0	0	0	0	0	0	0	0	0	0	0	0	0	0	0	0	0	0	0	0	0	0	0	0	0	0	0	0	0	0	0	0	0	0	0	0	0	0	0	0	0	0	0	0	0	0	0	0	0	0	0	0	0	0	0	0	0	0	0	0	0	0	0	0	0	0	0	0	0	0	0	0	0	0	0	0	0	0	0	0	0	0	0	0	0	0	0	0	0	0	0	0	0	0	0	0	0	0	0	0	0	0	0	0	0	0	0	0	0	0	0	0	0	0	0