0	41	116	102	43	113	88	58	9	80	109	109	102	63	78	105	71	112	55	32	97	127	16	118	54	92	4	89	66	78	24	38	87	44	69	63	75	34	59	123	35	42	16	68	2	9	79	112	111	2	78	11	91	67	36	78	64	69	4	123	44	12	46	81	17	74	76	67	75	31	33	36	13	99	51	123	79	76	126	10	113	106	120	58	75	54	40	69	42	21	63	51	87	42	109	87	68	5	2	98	88	98	25	30	13	33	20	38	82	8	71	119	10	84	83	31	25	74	70	17	74	21	72	96	14	126	101	105
0	0	81	21	5	6	120	16	80	17	42	26	48	36	100	79	84	46	22	58	98	69	7	127	89	76	102	101	43	95	90	8	16	74	50	37	127	113	63	114	33	97	97	48	113	89	107	8	119	73	94	9	92	127	103	69	126	89	86	67	26	101	79	96	12	27	107	79	15	20	123	73	77	40	35	107	29	52	55	100	53	109	109	69	59	58	21	73	92	35	111	76	28	103	44	97	127	112	34	93	84	118	76	97	46	53	25	8	79	57	74	121	88	86	26	79	33	93	127	113	95	95	8	84	69	107	72	11
0	0	0	37	108	36	46	97	114	41	126	64	69	109	44	91	12	30	14	19	24	104	111	68	112	6	60	13	26	42	102	24	2	68	104	68	7	90	126	91	57	57	23	126	84	58	79	52	82	87	104	63	21	3	120	27	69	2	74	123	53	68	78	119	43	122	117	100	13	4	109	103	68	38	114	57	108	126	85	12	46	111	57	95	79	94	44	84	125	7	79	8	27	77	10	124	92	74	46	75	11	69	36	19	56	96	126	53	48	82	59	111	12	103	1	128	59	97	31	66	48	13	51	56	127	124	128	28
0	0	0	0	66	116	8	81	98	62	82	49	127	1	50	31	24	114	45	89	61	23	72	38	96	49	5	54	113	73	69	53	35	23	60	40	114	46	61	47	102	107	52	46	29	79	21	98	71	25	2	89	120	54	120	33	113	122	34	115	127	72	23	110	71	120	49	25	30	78	102	72	87	55	125	93	19	79	38	1	43	14	112	87	60	1	18	66	3	78	71	24	115	23	127	97	77	102	55	53	11	20	35	75	80	127	86	119	121	106	80	123	74	49	11	128	8	17	71	45	68	115	10	65	78	56	10	127
0	0	0	0	0	33	105	121	102	113	87	18	32	12	73	38	9	46	34	97	125	96	119	29	81	114	91	66	51	43	30	12	94	70	54	7	56	78	91	10	118	49	62	31	16	52	82	86	122	2	86	32	1	99	26	116	62	41	35	25	97	64	25	107	48	21	12	43	105	92	49	6	88	27	107	82	122	58	83	10	127	60	66	31	35	29	49	110	37	15	67	109	9	111	44	43	100	112	105	26	4	7	105	117	18	71	33	85	107	4	16	16	74	31	43	74	110	25	108	59	110	26	95	85	83	122	98	39
0	0	0	0	0	0	76	128	49	78	72	108	36	79	40	47	84	70	78	74	106	120	61	64	48	72	26	5	23	35	27	120	125	105	1	58	25	46	107	123	36	20	49	4	23	40	106	90	81	38	109	4	58	117	120	70	124	40	65	35	18	120	114	5	22	91	25	7	84	23	40	112	10	2	31	106	116	45	114	52	49	96	108	45	102	58	4	25	57	40	122	93	73	111	7	50	64	126	98	49	15	5	111	81	61	118	125	76	10	69	34	80	37	89	33	68	74	13	59	78	61	4	12	35	94	6	31	77
0	0	0	0	0	0	0	14	89	97	98	116	64	44	128	61	121	108	59	62	59	60	47	70	106	46	63	118	67	96	12	7	76	22	94	111	119	79	73	21	120	45	6	112	13	12	1	37	13	47	37	50	93	38	70	116	73	69	18	108	62	79	66	16	59	35	44	36	19	106	69	114	113	43	69	93	39	98	124	43	14	106	125	108	92	83	98	93	95	2	79	110	73	35	56	118	36	43	116	13	25	24	97	19	2	118	92	33	35	47	105	58	110	54	36	15	115	29	126	36	79	107	113	85	35	50	122	44
0	0	0	0	0	0	0	0	43	33	87	126	114	30	47	124	10	15	56	1	8	80	111	14	37	85	77	43	57	107	101	44	10	128	69	27	52	8	88	31	61	5	15	112	19	68	57	93	109	71	69	62	95	45	113	123	71	40	11	5	109	87	46	87	11	51	61	98	112	98	128	102	80	40	83	58	115	33	104	73	43	57	127	121	78	58	117	41	19	39	53	74	36	36	91	128	42	44	5	109	1	64	103	55	54	60	120	10	122	100	73	101	86	82	102	47	59	42	66	2	24	5	118	42	87	3	125	102
0	0	0	0	0	0	0	0	0	110	93	73	42	74	122	23	95	38	92	85	21	111	102	66	121	77	52	94	119	63	72	52	61	76	36	91	109	87	20	38	73	101	116	43	30	9	120	5	66	45	62	88	16	35	103	11	86	109	80	89	120	63	44	77	97	59	95	9	105	16	2	4	75	109	52	97	123	105	55	70	70	117	112	67	108	94	108	109	51	49	40	74	61	114	25	120	89	19	108	114	47	91	65	47	90	73	31	21	67	30	23	15	115	68	76	98	106	90	40	45	45	121	31	25	86	22	74	65
0	0	0	0	0	0	0	0	0	0	95	80	72	3	49	5	28	75	90	84	48	106	54	115	85	61	63	124	104	12	53	14	29	15	21	116	120	125	115	109	51	48	101	2	48	52	96	67	77	55	108	32	6	55	32	65	61	102	64	98	40	83	30	40	33	17	76	125	23	94	98	120	109	97	65	57	76	49	90	40	79	45	114	86	55	85	87	23	26	33	4	126	77	32	123	32	96	123	16	107	107	56	99	44	40	128	58	55	22	10	32	47	45	54	4	78	21	83	13	58	30	126	21	90	73	56	37	44
0	0	0	0	0	0	0	0	0	0	0	69	30	49	123	25	101	120	9	102	81	97	55	108	97	58	120	44	128	81	124	64	18	2	18	56	50	88	79	121	124	108	41	62	51	126	96	101	113	97	37	47	30	38	4	39	22	11	55	85	88	71	116	118	19	59	33	51	118	65	109	10	111	127	45	62	64	45	9	68	95	29	35	35	128	127	69	96	63	106	61	86	101	10	122	105	17	74	33	40	30	119	77	79	55	98	5	26	114	45	86	61	2	48	49	22	56	13	118	41	94	37	38	120	54	42	113	91
0	0	0	0	0	0	0	0	0	0	0	0	43	102	103	5	2	16	75	85	75	47	22	53	28	9	10	119	116	114	113	70	78	111	18	118	88	71	47	74	62	118	118	14	123	83	97	46	90	121	110	83	127	52	42	78	13	47	38	127	116	47	87	18	59	55	15	41	126	94	66	90	18	45	75	41	12	27	95	109	61	81	9	125	75	56	61	119	53	126	26	93	39	117	1	69	2	92	23	110	26	103	73	120	88	104	36	91	57	54	112	72	121	78	57	77	5	122	57	112	29	114	5	79	41	33	115	82
0	0	0	0	0	0	0	0	0	0	0	0	0	8	48	44	15	31	39	70	45	72	29	120	15	20	60	28	51	81	77	73	85	53	48	24	68	80	114	96	91	94	109	42	65	46	4	24	86	55	48	50	65	84	57	17	108	54	117	51	106	4	62	85	85	61	47	108	38	24	80	94	1	61	41	55	90	49	86	9	59	8	96	3	94	91	2	105	41	70	93	7	1	32	25	18	5	68	82	38	100	18	39	13	93	108	62	84	113	12	79	111	79	11	109	14	22	95	124	66	75	34	68	15	43	70	99	7
0	0	0	0	0	0	0	0	0	0	0	0	0	0	117	37	91	39	85	80	14	123	95	106	61	2	112	6	4	45	80	43	25	10	3	7	70	126	30	43	47	32	122	60	20	41	85	124	95	47	20	8	23	35	34	26	109	39	125	74	116	81	5	100	91	39	39	14	82	122	100	92	68	64	103	125	70	7	93	35	109	42	77	5	27	107	120	111	3	2	113	20	3	57	85	125	84	77	125	18	29	126	14	91	114	111	125	43	47	29	21	74	42	107	77	69	48	20	41	5	114	3	52	113	59	47	93	17
0	0	0	0	0	0	0	0	0	0	0	0	0	0	0	55	52	111	12	13	74	95	103	65	127	114	78	97	56	44	57	123	46	1	59	97	114	92	37	74	73	88	5	111	49	24	46	12	22	81	86	95	42	103	115	74	73	21	79	93	72	101	64	24	38	42	99	107	57	1	123	23	8	42	2	6	82	7	47	101	54	16	81	85	76	12	82	112	108	110	81	35	116	74	9	124	30	112	97	30	51	93	75	67	124	82	95	14	53	73	79	101	55	109	117	97	73	128	127	73	68	56	44	123	120	15	128	57
0	0	0	0	0	0	0	0	0	0	0	0	0	0	0	0	117	115	79	86	45	67	17	106	126	30	26	2	29	35	118	21	116	71	46	85	82	67	105	78	103	75	62	127	70	42	59	81	25	30	88	14	22	70	61	43	83	97	48	127	75	61	86	3	72	97	40	29	118	46	65	57	9	124	2	18	121	123	53	75	124	113	114	63	30	69	63	58	115	90	39	6	88	96	13	71	41	53	26	103	80	43	106	40	37	127	32	71	9	23	22	49	28	62	100	37	118	119	36	62	11	28	63	113	101	42	30	120
0	0	0	0	0	0	0	0	0	0	0	0	0	0	0	0	0	46	101	119	58	83	88	124	88	121	103	70	75	46	53	58	29	90	76	100	114	120	30	58	7	93	80	62	126	18	97	56	57	97	110	4	80	53	105	75	50	60	29	119	35	83	56	95	35	42	50	62	96	23	128	9	86	69	32	29	75	104	22	87	102	42	79	69	94	16	14	27	11	47	81	111	19	114	101	80	50	33	45	38	98	128	111	5	37	2	12	4	96	66	126	55	53	44	49	3	50	121	7	108	65	78	4	9	74	20	94	60
0	0	0	0	0	0	0	0	0	0	0	0	0	0	0	0	0	0	114	16	74	89	32	110	31	76	5	95	80	4	60	123	85	72	3	46	34	34	91	30	12	50	24	5	79	9	26	92	46	109	55	19	124	52	111	125	109	45	28	37	16	24	28	74	119	70	9	20	79	1	83	63	121	53	15	62	117	33	74	108	103	106	23	95	127	69	56	25	113	69	2	112	53	71	62	100	94	87	74	58	8	38	102	85	76	21	6	110	50	79	71	61	122	51	99	18	6	90	99	77	35	123	45	79	10	68	20	71
0	0	0	0	0	0	0	0	0	0	0	0	0	0	0	0	0	0	0	36	128	27	7	18	25	109	16	28	102	75	101	110	25	101	6	15	6	16	43	32	114	111	69	26	48	45	64	71	48	82	62	114	39	24	97	64	31	44	20	100	59	68	41	50	19	118	113	125	104	73	46	12	4	34	16	62	127	15	87	59	82	43	100	111	123	24	102	33	127	112	4	4	78	53	102	65	39	125	97	99	75	75	62	96	54	29	65	49	32	35	77	80	44	121	97	36	3	96	24	36	43	5	43	112	96	60	109	63
0	0	0	0	0	0	0	0	0	0	0	0	0	0	0	0	0	0	0	0	118	19	95	90	54	120	97	104	63	9	128	25	13	17	22	116	111	67	51	93	70	59	111	90	22	8	124	55	11	2	21	70	69	38	49	42	9	104	89	90	53	41	107	81	16	126	15	80	55	14	18	29	54	82	72	74	118	38	51	127	38	99	57	31	83	15	30	72	75	41	99	3	112	98	116	67	3	56	106	51	91	35	7	116	69	68	22	97	112	109	8	25	80	9	103	57	102	68	28	16	119	26	12	79	123	26	93	49
0	0	0	0	0	0	0	0	0	0	0	0	0	0	0	0	0	0	0	0	0	57	92	85	111	22	27	14	63	110	13	94	29	94	42	50	84	39	6	1	67	120	77	16	104	40	80	66	110	73	121	83	44	99	116	24	32	4	5	85	8	122	116	19	90	17	17	50	30	5	109	17	43	73	22	114	62	122	27	42	27	121	62	8	30	121	85	14	31	118	78	117	87	114	72	24	83	92	4	103	96	113	53	1	99	103	81	109	22	53	49	109	17	42	104	29	80	126	28	108	12	121	79	28	100	19	58	64
0	0	0	0	0	0	0	0	0	0	0	0	0	0	0	0	0	0	0	0	0	0	110	123	65	93	94	54	17	87	12	110	83	92	94	124	45	25	121	124	96	58	98	42	101	71	119	86	81	97	85	35	125	40	5	120	90	116	84	64	91	54	22	94	121	50	49	14	26	17	9	4	45	74	53	107	23	43	100	76	27	73	19	22	74	4	99	110	2	104	102	98	15	118	122	29	50	16	124	78	117	18	78	66	48	66	115	35	71	34	24	51	14	104	28	25	70	75	29	64	46	28	2	78	115	23	54	3
0	0	0	0	0	0	0	0	0	0	0	0	0	0	0	0	0	0	0	0	0	0	0	35	14	27	55	51	67	13	108	85	108	36	67	105	36	89	57	11	65	23	76	86	9	33	37	71	17	91	18	25	8	42	39	117	102	33	106	28	52	1	105	44	5	19	14	74	76	9	65	60	30	74	81	98	102	34	49	94	69	83	45	51	54	34	82	25	19	127	65	107	54	83	108	103	120	87	1	121	25	21	59	36	82	71	96	63	25	109	102	3	118	8	12	123	94	75	76	59	112	42	113	67	25	12	89	7
0	0	0	0	0	0	0	0	0	0	0	0	0	0	0	0	0	0	0	0	0	0	0	0	61	105	51	107	44	60	122	127	69	82	91	14	127	72	56	110	106	96	94	34	113	27	27	57	110	19	69	37	11	68	14	14	99	37	59	107	9	64	1	3	48	119	117	116	128	115	84	125	21	78	93	17	108	84	33	115	36	33	36	21	87	23	113	98	76	41	66	25	88	121	78	102	101	28	104	85	10	56	81	13	54	91	26	17	96	79	87	56	70	43	46	69	84	124	97	3	25	87	55	125	31	13	40	75
0	0	0	0	0	0	0	0	0	0	0	0	0	0	0	0	0	0	0	0	0	0	0	0	0	15	21	112	126	8	49	83	59	100	31	116	60	38	18	58	49	1	51	40	51	9	12	103	112	4	127	6	105	15	97	88	18	121	72	5	27	118	14	14	2	55	45	89	65	34	1	13	124	3	95	9	46	38	19	96	22	92	96	62	97	112	98	33	61	117	116	120	93	42	21	106	60	94	92	94	84	78	9	3	100	110	108	80	5	57	115	67	104	115	31	68	65	121	90	51	127	21	59	52	23	120	85	59
0	0	0	0	0	0	0	0	0	0	0	0	0	0	0	0	0	0	0	0	0	0	0	0	0	0	115	93	62	16	4	118	60	95	1	67	27	52	93	118	38	48	18	98	81	20	54	34	30	103	70	57	77	117	65	87	10	40	44	48	114	43	38	26	102	30	73	71	64	6	37	73	101	2	76	91	46	27	57	3	45	3	105	9	96	100	63	28	56	11	20	2	6	19	59	64	77	101	127	37	58	9	128	21	65	77	30	17	70	84	26	25	57	107	18	69	87	73	6	120	74	69	63	34	15	103	126	21
0	0	0	0	0	0	0	0	0	0	0	0	0	0	0	0	0	0	0	0	0	0	0	0	0	0	0	31	52	120	70	117	81	1	77	99	53	107	23	3	76	87	67	34	108	60	9	52	96	91	128	74	65	94	36	104	67	109	41	45	25	41	93	95	61	15	67	47	54	1	46	110	59	88	9	67	19	35	101	38	46	30	56	23	45	21	85	72	51	40	35	5	80	20	115	48	104	38	63	62	78	18	42	11	12	109	33	68	110	31	114	124	90	17	65	106	117	13	89	2	36	60	21	16	97	27	37	41
0	0	0	0	0	0	0	0	0	0	0	0	0	0	0	0	0	0	0	0	0	0	0	0	0	0	0	0	74	98	124	65	12	76	19	25	71	104	46	111	29	59	116	22	84	73	5	24	56	107	32	7	121	84	81	14	10	14	42	113	67	118	101	74	5	91	102	11	46	114	23	46	94	54	98	79	88	91	20	52	112	3	43	120	93	57	125	63	24	8	92	107	7	25	5	21	26	12	112	71	26	30	71	14	79	88	19	25	107	77	10	33	26	12	10	5	86	19	127	94	57	101	17	77	95	108	95	123
0	0	0	0	0	0	0	0	0	0	0	0	0	0	0	0	0	0	0	0	0	0	0	0	0	0	0	0	0	1	51	115	26	23	35	29	75	69	32	86	83	41	128	109	56	107	23	40	70	121	27	54	67	13	24	34	111	102	52	74	20	117	53	121	92	68	124	48	88	17	32	16	125	51	52	112	59	58	28	7	28	8	99	118	77	18	40	100	72	75	118	124	36	36	95	8	118	7	27	69	43	80	84	12	40	100	89	75	44	15	15	74	128	53	16	53	47	111	79	41	76	27	112	105	67	58	5	46
0	0	0	0	0	0	0	0	0	0	0	0	0	0	0	0	0	0	0	0	0	0	0	0	0	0	0	0	0	0	51	4	77	63	15	14	68	120	99	96	112	80	99	66	40	124	14	82	28	44	102	64	85	25	65	72	37	51	9	29	59	84	101	47	118	35	62	34	64	78	9	80	123	92	97	16	123	2	66	67	23	70	97	81	40	82	41	107	44	7	113	114	38	1	117	123	123	14	18	98	69	34	23	8	21	64	43	116	41	92	109	29	62	19	92	49	84	70	119	114	95	63	14	8	26	4	119	114
0	0	0	0	0	0	0	0	0	0	0	0	0	0	0	0	0	0	0	0	0	0	0	0	0	0	0	0	0	0	0	3	122	31	50	63	30	64	91	111	52	59	106	70	18	100	55	82	64	47	34	32	116	128	108	58	65	71	98	51	8	96	4	30	99	118	121	68	50	76	121	86	82	4	114	51	12	128	63	100	26	4	45	27	41	100	87	85	21	122	123	100	30	77	19	8	114	76	61	56	95	104	24	18	97	76	105	31	77	46	104	110	19	61	34	51	57	93	35	33	74	49	14	15	34	124	60	51
0	0	0	0	0	0	0	0	0	0	0	0	0	0	0	0	0	0	0	0	0	0	0	0	0	0	0	0	0	0	0	0	29	73	73	97	35	58	77	2	61	124	108	18	35	44	12	70	94	15	45	87	109	6	15	38	76	51	125	21	23	8	57	117	36	123	88	74	27	75	119	46	23	72	60	119	96	116	48	12	2	49	71	120	114	46	2	114	116	95	76	90	128	15	68	92	35	67	11	48	123	33	91	48	123	70	42	38	126	36	9	4	104	96	106	47	100	105	22	14	16	87	28	60	90	47	107	92
0	0	0	0	0	0	0	0	0	0	0	0	0	0	0	0	0	0	0	0	0	0	0	0	0	0	0	0	0	0	0	0	0	22	38	11	21	124	84	54	108	45	114	54	70	10	72	105	121	11	103	76	89	56	110	95	45	90	46	128	19	98	92	39	26	27	122	51	1	2	36	98	111	59	94	4	7	123	77	61	73	31	56	31	80	109	112	33	20	7	116	107	111	59	5	60	33	25	17	4	46	21	26	73	116	114	2	120	79	12	80	30	86	58	112	77	86	52	46	102	75	17	73	9	106	55	26	106
0	0	0	0	0	0	0	0	0	0	0	0	0	0	0	0	0	0	0	0	0	0	0	0	0	0	0	0	0	0	0	0	0	0	51	117	5	124	122	127	24	80	61	42	112	99	7	21	27	97	48	51	106	66	105	108	66	45	92	16	49	6	101	105	115	56	108	27	12	42	57	26	8	73	9	68	46	3	10	120	94	85	101	117	113	124	88	57	14	4	98	60	5	27	105	29	79	21	8	34	98	94	116	86	8	58	14	90	72	90	124	66	17	93	70	4	126	30	19	121	118	44	119	3	89	89	35	5
0	0	0	0	0	0	0	0	0	0	0	0	0	0	0	0	0	0	0	0	0	0	0	0	0	0	0	0	0	0	0	0	0	0	0	53	82	111	14	128	42	35	92	95	77	20	3	14	57	101	122	73	123	63	102	128	69	121	79	119	13	111	41	93	64	10	115	90	127	51	101	16	87	98	89	21	16	9	13	69	57	40	75	30	98	70	72	122	6	39	2	122	53	3	71	120	12	115	128	55	77	89	36	36	45	122	73	122	9	98	1	53	118	5	30	123	127	20	24	17	60	23	105	31	57	10	63	93
0	0	0	0	0	0	0	0	0	0	0	0	0	0	0	0	0	0	0	0	0	0	0	0	0	0	0	0	0	0	0	0	0	0	0	0	51	33	45	69	111	57	104	93	108	95	33	21	28	70	120	13	4	51	126	26	56	99	54	120	128	118	35	18	37	57	109	70	49	12	97	11	109	60	115	10	49	80	126	32	43	37	47	44	118	106	107	66	101	51	51	11	40	19	55	39	53	11	22	128	14	49	35	18	92	127	37	12	71	103	89	23	51	14	69	77	56	88	39	17	76	92	16	78	33	87	64	105
0	0	0	0	0	0	0	0	0	0	0	0	0	0	0	0	0	0	0	0	0	0	0	0	0	0	0	0	0	0	0	0	0	0	0	0	0	117	20	110	31	40	38	113	37	99	17	47	15	49	39	24	33	47	60	34	126	118	7	59	113	113	28	44	128	78	17	51	60	124	105	28	70	36	88	49	11	29	104	6	74	77	54	2	10	123	76	30	7	25	90	76	96	51	107	98	67	110	83	89	119	21	20	48	76	119	122	115	45	25	121	27	89	103	17	85	14	83	104	65	9	54	104	79	79	70	94	7
0	0	0	0	0	0	0	0	0	0	0	0	0	0	0	0	0	0	0	0	0	0	0	0	0	0	0	0	0	0	0	0	0	0	0	0	0	0	96	44	34	14	4	119	95	105	52	64	83	114	86	76	111	44	61	109	91	111	48	10	86	107	66	76	22	56	61	108	104	5	84	47	86	6	124	7	124	68	82	97	82	56	81	97	123	5	67	57	40	23	112	61	93	120	87	105	24	29	116	55	106	3	113	27	118	91	122	90	92	28	15	95	92	50	124	5	46	77	25	11	43	82	110	113	44	81	114	119
0	0	0	0	0	0	0	0	0	0	0	0	0	0	0	0	0	0	0	0	0	0	0	0	0	0	0	0	0	0	0	0	0	0	0	0	0	0	0	122	64	93	74	58	44	33	45	17	83	82	41	58	3	38	116	16	20	5	69	82	29	49	43	51	118	36	28	90	89	52	72	67	102	26	11	57	4	38	67	100	4	50	64	13	63	52	60	41	83	72	95	67	32	89	107	26	37	72	31	99	96	27	32	59	27	69	32	62	34	17	76	20	114	11	73	114	26	51	3	123	85	59	17	83	123	10	41	63
0	0	0	0	0	0	0	0	0	0	0	0	0	0	0	0	0	0	0	0	0	0	0	0	0	0	0	0	0	0	0	0	0	0	0	0	0	0	0	0	109	65	124	32	114	20	92	49	100	1	54	85	94	121	107	93	108	34	122	76	1	36	77	119	42	25	23	103	96	73	98	100	81	127	21	43	128	36	20	108	111	121	110	81	8	6	23	45	39	65	51	79	122	47	9	110	77	115	60	45	90	45	71	55	123	10	21	76	78	48	111	110	120	84	95	116	88	64	100	59	18	22	99	16	83	61	23	18
0	0	0	0	0	0	0	0	0	0	0	0	0	0	0	0	0	0	0	0	0	0	0	0	0	0	0	0	0	0	0	0	0	0	0	0	0	0	0	0	0	15	112	29	4	77	84	72	44	58	82	32	27	87	16	36	74	90	82	82	33	62	2	14	97	24	105	113	86	104	51	114	120	111	74	110	100	55	54	122	26	20	84	79	40	97	45	26	100	98	10	8	86	74	30	89	91	110	93	113	23	39	3	107	92	22	104	41	62	118	46	30	55	5	85	28	90	2	85	81	82	51	113	38	32	120	113	87
0	0	0	0	0	0	0	0	0	0	0	0	0	0	0	0	0	0	0	0	0	0	0	0	0	0	0	0	0	0	0	0	0	0	0	0	0	0	0	0	0	0	83	123	38	81	17	95	51	41	72	113	107	123	14	65	39	126	78	120	119	70	124	74	119	98	73	115	97	63	110	30	4	60	105	16	36	21	126	37	8	116	101	48	80	7	18	12	73	117	10	6	2	9	2	17	1	84	67	92	25	18	94	21	66	90	107	91	37	79	21	34	59	115	107	36	110	110	53	40	111	73	75	62	54	58	64	7
0	0	0	0	0	0	0	0	0	0	0	0	0	0	0	0	0	0	0	0	0	0	0	0	0	0	0	0	0	0	0	0	0	0	0	0	0	0	0	0	0	0	0	93	95	115	27	77	82	56	70	44	29	103	31	64	17	64	21	26	17	17	55	73	115	90	82	56	59	103	56	99	119	114	93	71	65	5	86	11	116	48	30	1	123	92	60	71	39	36	49	118	4	112	61	51	121	21	121	20	21	121	122	126	56	107	95	10	53	38	59	70	44	15	51	111	110	38	113	92	46	24	22	121	91	38	115	119
0	0	0	0	0	0	0	0	0	0	0	0	0	0	0	0	0	0	0	0	0	0	0	0	0	0	0	0	0	0	0	0	0	0	0	0	0	0	0	0	0	0	0	0	113	33	61	126	73	19	13	98	128	59	58	72	13	127	52	11	92	46	60	45	81	30	91	43	14	93	36	23	34	85	102	99	55	98	88	78	127	105	47	6	20	57	58	73	54	13	39	36	112	36	28	22	111	76	82	93	53	43	54	37	43	61	35	16	101	28	12	17	10	86	28	84	51	49	65	46	89	8	29	99	5	89	89	102
0	0	0	0	0	0	0	0	0	0	0	0	0	0	0	0	0	0	0	0	0	0	0	0	0	0	0	0	0	0	0	0	0	0	0	0	0	0	0	0	0	0	0	0	0	75	57	11	96	44	87	31	86	121	107	5	65	96	50	31	53	73	4	93	88	15	87	31	113	83	30	25	58	17	10	68	33	4	77	114	53	88	99	84	13	110	126	34	17	35	18	55	40	64	97	90	54	36	8	12	104	38	114	128	63	49	70	33	33	46	29	99	1	2	39	95	5	23	59	28	53	112	62	8	106	122	44	114
0	0	0	0	0	0	0	0	0	0	0	0	0	0	0	0	0	0	0	0	0	0	0	0	0	0	0	0	0	0	0	0	0	0	0	0	0	0	0	0	0	0	0	0	0	0	83	29	34	15	109	86	3	110	13	93	127	89	11	57	98	120	88	75	117	124	14	53	62	118	85	23	42	40	9	127	126	68	108	46	24	23	82	19	21	34	37	28	68	8	107	27	25	55	63	108	19	126	108	99	25	62	45	57	127	14	7	118	128	17	120	3	40	25	81	118	62	66	64	48	46	87	12	45	45	128	104	84
0	0	0	0	0	0	0	0	0	0	0	0	0	0	0	0	0	0	0	0	0	0	0	0	0	0	0	0	0	0	0	0	0	0	0	0	0	0	0	0	0	0	0	0	0	0	0	51	98	96	107	113	96	84	80	69	25	17	58	123	104	80	46	108	98	92	4	105	49	118	2	57	3	102	1	93	43	87	74	33	118	113	54	101	70	58	127	61	30	84	104	33	32	13	128	105	94	5	74	92	47	70	121	71	64	117	9	10	52	30	107	46	76	65	52	121	41	75	25	9	62	97	75	123	95	85	91	7
0	0	0	0	0	0	0	0	0	0	0	0	0	0	0	0	0	0	0	0	0	0	0	0	0	0	0	0	0	0	0	0	0	0	0	0	0	0	0	0	0	0	0	0	0	0	0	0	52	127	119	119	103	116	91	74	57	83	36	108	81	61	96	12	28	103	100	33	69	61	4	73	109	56	76	60	48	119	100	62	83	102	47	60	1	82	100	17	18	45	10	100	71	44	38	18	23	38	60	57	113	109	101	128	70	56	20	100	70	99	111	127	125	74	96	81	77	100	121	84	85	47	1	40	114	41	74	92
0	0	0	0	0	0	0	0	0	0	0	0	0	0	0	0	0	0	0	0	0	0	0	0	0	0	0	0	0	0	0	0	0	0	0	0	0	0	0	0	0	0	0	0	0	0	0	0	0	124	115	26	6	125	47	56	24	35	30	69	111	32	18	106	7	11	54	59	51	80	12	100	106	110	59	103	92	91	40	120	78	64	61	48	55	125	102	56	4	109	71	50	76	19	95	26	18	126	4	39	128	124	37	36	40	62	56	84	67	14	128	23	48	85	80	27	37	47	8	7	26	41	28	66	74	116	3	24
0	0	0	0	0	0	0	0	0	0	0	0	0	0	0	0	0	0	0	0	0	0	0	0	0	0	0	0	0	0	0	0	0	0	0	0	0	0	0	0	0	0	0	0	0	0	0	0	0	0	38	63	36	45	50	88	81	100	65	15	33	88	76	103	3	102	117	110	119	121	116	64	112	30	29	21	46	102	40	83	52	98	39	34	38	116	18	10	108	97	70	107	98	91	7	60	102	74	10	123	76	105	108	13	65	44	27	113	24	35	98	20	111	5	51	4	116	45	104	117	27	8	96	31	21	61	37	109
0	0	0	0	0	0	0	0	0	0	0	0	0	0	0	0	0	0	0	0	0	0	0	0	0	0	0	0	0	0	0	0	0	0	0	0	0	0	0	0	0	0	0	0	0	0	0	0	0	0	0	85	68	69	38	116	36	75	21	14	111	3	111	46	55	95	109	9	23	12	35	60	4	125	49	104	90	27	44	58	84	99	23	36	127	24	5	81	117	100	35	4	67	34	52	23	86	18	15	128	27	44	76	112	45	111	11	50	109	83	7	122	25	73	108	32	62	84	77	117	2	127	122	57	52	72	30	6
0	0	0	0	0	0	0	0	0	0	0	0	0	0	0	0	0	0	0	0	0	0	0	0	0	0	0	0	0	0	0	0	0	0	0	0	0	0	0	0	0	0	0	0	0	0	0	0	0	0	0	0	94	32	17	62	88	21	73	56	13	62	25	24	3	102	112	1	106	70	24	67	74	94	61	19	90	17	5	12	119	12	68	1	121	1	87	69	22	21	29	42	75	48	113	44	108	47	111	70	113	24	52	89	31	55	18	69	9	112	108	1	43	70	63	89	98	42	28	3	20	114	105	91	93	122	87	98
0	0	0	0	0	0	0	0	0	0	0	0	0	0	0	0	0	0	0	0	0	0	0	0	0	0	0	0	0	0	0	0	0	0	0	0	0	0	0	0	0	0	0	0	0	0	0	0	0	0	0	0	0	40	40	67	90	121	89	72	70	95	119	79	96	14	96	107	10	77	70	9	109	12	88	33	20	89	5	73	117	122	14	108	106	45	96	118	123	118	116	46	33	103	75	86	32	99	4	9	103	59	88	112	81	33	76	38	29	119	84	97	27	89	90	80	65	49	104	124	99	4	72	56	22	41	114	42
0	0	0	0	0	0	0	0	0	0	0	0	0	0	0	0	0	0	0	0	0	0	0	0	0	0	0	0	0	0	0	0	0	0	0	0	0	0	0	0	0	0	0	0	0	0	0	0	0	0	0	0	0	0	103	37	37	22	48	97	61	91	66	79	101	91	112	16	51	43	121	6	30	74	8	82	125	64	69	33	59	53	82	52	10	33	25	80	9	118	46	22	70	122	84	123	76	71	47	47	59	65	121	68	37	52	66	73	58	105	92	51	78	38	53	89	105	121	76	28	34	106	36	23	42	125	124	87
0	0	0	0	0	0	0	0	0	0	0	0	0	0	0	0	0	0	0	0	0	0	0	0	0	0	0	0	0	0	0	0	0	0	0	0	0	0	0	0	0	0	0	0	0	0	0	0	0	0	0	0	0	0	0	126	57	47	72	1	31	61	115	115	115	94	113	92	77	118	3	3	44	4	36	65	104	123	22	113	41	110	58	81	89	107	93	34	120	102	19	2	28	86	78	93	10	128	51	50	122	99	22	35	8	28	99	128	37	41	59	102	31	40	116	43	12	65	93	59	82	116	16	124	43	32	38	25
0	0	0	0	0	0	0	0	0	0	0	0	0	0	0	0	0	0	0	0	0	0	0	0	0	0	0	0	0	0	0	0	0	0	0	0	0	0	0	0	0	0	0	0	0	0	0	0	0	0	0	0	0	0	0	0	78	45	43	77	65	74	126	68	33	45	19	29	113	126	83	65	4	106	85	83	124	119	59	54	9	70	73	85	31	80	53	99	32	125	45	23	49	127	2	17	77	108	4	33	34	75	61	102	61	47	92	101	70	59	102	106	16	107	92	52	19	75	124	62	77	59	108	48	61	101	106	55
0	0	0	0	0	0	0	0	0	0	0	0	0	0	0	0	0	0	0	0	0	0	0	0	0	0	0	0	0	0	0	0	0	0	0	0	0	0	0	0	0	0	0	0	0	0	0	0	0	0	0	0	0	0	0	0	0	103	112	100	64	12	4	42	33	128	73	69	5	112	10	56	45	42	99	122	79	115	79	5	17	53	100	26	86	12	31	17	115	106	15	4	57	29	61	121	122	91	91	69	37	110	35	27	40	105	49	120	87	86	25	122	71	110	86	80	40	14	128	76	77	121	77	86	54	73	79	79
0	0	0	0	0	0	0	0	0	0	0	0	0	0	0	0	0	0	0	0	0	0	0	0	0	0	0	0	0	0	0	0	0	0	0	0	0	0	0	0	0	0	0	0	0	0	0	0	0	0	0	0	0	0	0	0	0	0	48	86	101	110	6	71	87	49	9	34	117	20	116	123	28	17	63	4	37	102	62	9	58	25	19	62	52	40	9	87	31	87	82	81	106	104	118	47	76	80	32	110	57	38	43	125	108	1	64	96	45	53	50	82	78	42	73	109	49	47	27	104	15	93	69	113	46	28	4	10
0	0	0	0	0	0	0	0	0	0	0	0	0	0	0	0	0	0	0	0	0	0	0	0	0	0	0	0	0	0	0	0	0	0	0	0	0	0	0	0	0	0	0	0	0	0	0	0	0	0	0	0	0	0	0	0	0	0	0	59	22	111	112	9	2	104	45	72	120	23	108	44	69	67	82	94	94	19	57	47	88	118	62	89	82	83	4	94	69	28	40	114	30	49	13	70	100	98	67	23	37	123	19	115	1	119	42	104	45	93	33	41	128	37	72	7	61	97	56	4	20	90	44	112	30	30	103	30
0	0	0	0	0	0	0	0	0	0	0	0	0	0	0	0	0	0	0	0	0	0	0	0	0	0	0	0	0	0	0	0	0	0	0	0	0	0	0	0	0	0	0	0	0	0	0	0	0	0	0	0	0	0	0	0	0	0	0	0	83	26	38	114	89	86	68	56	21	68	36	61	45	29	119	19	54	118	81	101	79	115	90	120	4	50	118	108	21	64	61	101	34	51	116	40	96	65	128	67	45	76	16	68	112	48	58	88	128	126	48	125	28	90	103	3	125	24	33	11	23	124	21	22	106	88	40	17
0	0	0	0	0	0	0	0	0	0	0	0	0	0	0	0	0	0	0	0	0	0	0	0	0	0	0	0	0	0	0	0	0	0	0	0	0	0	0	0	0	0	0	0	0	0	0	0	0	0	0	0	0	0	0	0	0	0	0	0	0	58	46	46	32	72	33	5	126	8	81	95	117	120	55	113	92	45	2	3	44	95	116	113	83	17	32	115	3	22	13	116	31	81	99	65	66	60	60	60	54	32	39	19	73	11	17	125	114	51	20	16	5	95	127	96	48	66	53	108	125	36	4	67	97	3	11	14
0	0	0	0	0	0	0	0	0	0	0	0	0	0	0	0	0	0	0	0	0	0	0	0	0	0	0	0	0	0	0	0	0	0	0	0	0	0	0	0	0	0	0	0	0	0	0	0	0	0	0	0	0	0	0	0	0	0	0	0	0	0	64	9	59	93	16	37	72	68	55	40	75	24	101	116	106	125	88	71	38	78	39	62	58	80	74	6	19	76	98	26	48	89	106	98	31	85	50	9	70	93	94	75	118	93	64	28	63	48	38	20	76	95	94	107	54	22	76	73	90	32	115	30	35	71	31	87
0	0	0	0	0	0	0	0	0	0	0	0	0	0	0	0	0	0	0	0	0	0	0	0	0	0	0	0	0	0	0	0	0	0	0	0	0	0	0	0	0	0	0	0	0	0	0	0	0	0	0	0	0	0	0	0	0	0	0	0	0	0	0	14	8	70	60	13	70	127	114	82	120	82	80	18	6	67	18	112	21	99	76	93	73	95	76	103	87	66	2	87	30	126	44	14	97	40	70	16	107	41	85	54	5	16	41	37	71	102	5	57	20	113	61	80	28	92	119	28	31	64	69	95	19	83	60	100
0	0	0	0	0	0	0	0	0	0	0	0	0	0	0	0	0	0	0	0	0	0	0	0	0	0	0	0	0	0	0	0	0	0	0	0	0	0	0	0	0	0	0	0	0	0	0	0	0	0	0	0	0	0	0	0	0	0	0	0	0	0	0	0	100	5	121	14	52	66	3	35	5	99	18	110	7	54	127	118	45	101	110	25	60	17	35	108	13	90	39	5	93	54	126	102	22	119	9	25	33	116	1	61	76	60	24	18	65	35	70	118	96	97	49	91	111	100	112	128	19	62	67	72	102	58	69	116
0	0	0	0	0	0	0	0	0	0	0	0	0	0	0	0	0	0	0	0	0	0	0	0	0	0	0	0	0	0	0	0	0	0	0	0	0	0	0	0	0	0	0	0	0	0	0	0	0	0	0	0	0	0	0	0	0	0	0	0	0	0	0	0	0	44	86	90	25	93	116	39	64	38	90	86	8	18	74	7	9	27	91	7	65	22	127	116	88	57	12	78	20	103	97	3	79	93	29	23	126	119	16	111	38	79	33	19	41	53	25	15	28	113	32	116	84	31	20	112	123	78	106	92	62	80	36	45
0	0	0	0	0	0	0	0	0	0	0	0	0	0	0	0	0	0	0	0	0	0	0	0	0	0	0	0	0	0	0	0	0	0	0	0	0	0	0	0	0	0	0	0	0	0	0	0	0	0	0	0	0	0	0	0	0	0	0	0	0	0	0	0	0	0	65	82	19	78	36	92	19	44	35	81	44	64	14	48	87	112	69	30	110	24	127	108	72	26	46	77	20	36	106	69	77	44	1	44	17	121	86	117	69	110	96	63	117	64	61	18	90	82	63	9	52	88	52	21	22	119	55	119	48	7	81	113
0	0	0	0	0	0	0	0	0	0	0	0	0	0	0	0	0	0	0	0	0	0	0	0	0	0	0	0	0	0	0	0	0	0	0	0	0	0	0	0	0	0	0	0	0	0	0	0	0	0	0	0	0	0	0	0	0	0	0	0	0	0	0	0	0	0	0	68	45	4	91	94	57	105	23	123	41	65	116	127	72	100	68	38	85	14	84	49	2	24	89	1	71	10	110	88	26	87	7	8	74	20	29	56	118	79	107	6	107	58	13	2	79	39	31	4	72	105	3	77	128	57	123	3	71	110	120	94
0	0	0	0	0	0	0	0	0	0	0	0	0	0	0	0	0	0	0	0	0	0	0	0	0	0	0	0	0	0	0	0	0	0	0	0	0	0	0	0	0	0	0	0	0	0	0	0	0	0	0	0	0	0	0	0	0	0	0	0	0	0	0	0	0	0	0	0	83	35	51	73	43	125	125	79	3	113	86	96	106	33	101	71	39	121	127	96	96	67	56	72	27	41	122	63	72	19	108	36	20	88	30	87	60	127	57	93	118	29	77	38	32	18	93	54	59	119	101	58	125	105	124	54	12	124	75	40
0	0	0	0	0	0	0	0	0	0	0	0	0	0	0	0	0	0	0	0	0	0	0	0	0	0	0	0	0	0	0	0	0	0	0	0	0	0	0	0	0	0	0	0	0	0	0	0	0	0	0	0	0	0	0	0	0	0	0	0	0	0	0	0	0	0	0	0	0	54	21	26	97	101	73	15	20	117	127	128	109	126	68	59	47	24	13	73	107	53	30	36	112	6	113	107	128	89	119	18	107	28	66	51	41	97	76	65	57	61	94	91	55	88	48	15	13	82	128	19	8	72	73	66	124	10	59	11
0	0	0	0	0	0	0	0	0	0	0	0	0	0	0	0	0	0	0	0	0	0	0	0	0	0	0	0	0	0	0	0	0	0	0	0	0	0	0	0	0	0	0	0	0	0	0	0	0	0	0	0	0	0	0	0	0	0	0	0	0	0	0	0	0	0	0	0	0	0	40	93	11	27	111	81	19	106	105	32	5	37	123	47	21	119	90	112	89	16	113	109	124	10	49	87	49	16	10	90	37	54	94	44	91	10	73	54	5	11	72	98	110	40	62	119	43	25	18	4	89	119	27	107	91	70	74	32
0	0	0	0	0	0	0	0	0	0	0	0	0	0	0	0	0	0	0	0	0	0	0	0	0	0	0	0	0	0	0	0	0	0	0	0	0	0	0	0	0	0	0	0	0	0	0	0	0	0	0	0	0	0	0	0	0	0	0	0	0	0	0	0	0	0	0	0	0	0	0	48	90	47	66	98	49	92	108	93	11	39	77	111	99	73	27	98	96	53	78	117	82	23	18	94	90	109	76	60	48	94	7	93	12	120	77	96	52	56	56	60	124	123	80	6	21	81	41	100	3	118	72	91	32	115	1	97
0	0	0	0	0	0	0	0	0	0	0	0	0	0	0	0	0	0	0	0	0	0	0	0	0	0	0	0	0	0	0	0	0	0	0	0	0	0	0	0	0	0	0	0	0	0	0	0	0	0	0	0	0	0	0	0	0	0	0	0	0	0	0	0	0	0	0	0	0	0	0	0	92	29	89	1	52	74	42	79	95	43	43	127	125	25	33	109	19	41	36	35	6	22	56	56	108	50	25	56	100	66	64	70	115	86	48	58	123	95	125	47	68	23	45	61	43	21	11	75	6	20	88	124	19	51	37	59
0	0	0	0	0	0	0	0	0	0	0	0	0	0	0	0	0	0	0	0	0	0	0	0	0	0	0	0	0	0	0	0	0	0	0	0	0	0	0	0	0	0	0	0	0	0	0	0	0	0	0	0	0	0	0	0	0	0	0	0	0	0	0	0	0	0	0	0	0	0	0	0	0	86	56	94	84	4	96	79	40	128	25	40	54	33	103	35	70	119	43	48	5	67	68	111	11	95	122	44	15	57	64	50	38	94	115	66	10	77	78	61	86	91	9	76	127	38	93	17	52	6	114	42	87	55	111	1
0	0	0	0	0	0	0	0	0	0	0	0	0	0	0	0	0	0	0	0	0	0	0	0	0	0	0	0	0	0	0	0	0	0	0	0	0	0	0	0	0	0	0	0	0	0	0	0	0	0	0	0	0	0	0	0	0	0	0	0	0	0	0	0	0	0	0	0	0	0	0	0	0	0	20	95	122	43	54	94	29	31	13	13	36	5	67	102	63	77	91	84	104	91	12	81	60	38	127	5	70	61	69	109	60	3	60	47	71	58	101	78	45	89	111	53	80	44	34	4	60	6	92	69	49	2	117	76
0	0	0	0	0	0	0	0	0	0	0	0	0	0	0	0	0	0	0	0	0	0	0	0	0	0	0	0	0	0	0	0	0	0	0	0	0	0	0	0	0	0	0	0	0	0	0	0	0	0	0	0	0	0	0	0	0	0	0	0	0	0	0	0	0	0	0	0	0	0	0	0	0	0	0	48	39	41	87	25	47	59	59	88	56	86	104	31	119	23	118	105	128	62	91	18	54	45	82	35	19	49	22	33	80	57	93	44	28	93	91	102	17	13	99	109	100	1	5	12	85	38	80	117	32	123	50	77
0	0	0	0	0	0	0	0	0	0	0	0	0	0	0	0	0	0	0	0	0	0	0	0	0	0	0	0	0	0	0	0	0	0	0	0	0	0	0	0	0	0	0	0	0	0	0	0	0	0	0	0	0	0	0	0	0	0	0	0	0	0	0	0	0	0	0	0	0	0	0	0	0	0	0	0	117	30	66	86	98	74	20	62	10	63	38	50	24	118	42	110	119	110	35	40	4	114	17	93	48	8	65	4	15	106	63	53	22	40	128	77	100	21	43	48	44	73	18	97	75	44	114	76	7	10	101	65
0	0	0	0	0	0	0	0	0	0	0	0	0	0	0	0	0	0	0	0	0	0	0	0	0	0	0	0	0	0	0	0	0	0	0	0	0	0	0	0	0	0	0	0	0	0	0	0	0	0	0	0	0	0	0	0	0	0	0	0	0	0	0	0	0	0	0	0	0	0	0	0	0	0	0	0	0	49	90	91	92	111	50	74	89	103	39	94	116	81	82	106	40	66	22	109	61	99	67	69	6	122	106	7	10	83	18	18	74	85	40	39	90	59	14	117	16	40	14	25	56	38	2	120	42	25	68	10
0	0	0	0	0	0	0	0	0	0	0	0	0	0	0	0	0	0	0	0	0	0	0	0	0	0	0	0	0	0	0	0	0	0	0	0	0	0	0	0	0	0	0	0	0	0	0	0	0	0	0	0	0	0	0	0	0	0	0	0	0	0	0	0	0	0	0	0	0	0	0	0	0	0	0	0	0	0	29	98	56	102	115	46	67	38	54	86	81	111	24	62	81	4	37	95	47	41	24	28	68	77	87	47	47	35	21	5	91	103	85	82	39	76	93	10	3	38	92	63	42	4	112	10	25	124	11	52
0	0	0	0	0	0	0	0	0	0	0	0	0	0	0	0	0	0	0	0	0	0	0	0	0	0	0	0	0	0	0	0	0	0	0	0	0	0	0	0	0	0	0	0	0	0	0	0	0	0	0	0	0	0	0	0	0	0	0	0	0	0	0	0	0	0	0	0	0	0	0	0	0	0	0	0	0	0	0	15	2	63	127	39	42	14	77	86	34	3	81	92	105	111	87	32	59	33	92	57	61	56	85	12	128	82	1	119	106	63	21	43	100	43	83	15	111	26	105	117	71	84	71	52	78	18	107	59
0	0	0	0	0	0	0	0	0	0	0	0	0	0	0	0	0	0	0	0	0	0	0	0	0	0	0	0	0	0	0	0	0	0	0	0	0	0	0	0	0	0	0	0	0	0	0	0	0	0	0	0	0	0	0	0	0	0	0	0	0	0	0	0	0	0	0	0	0	0	0	0	0	0	0	0	0	0	0	0	102	26	87	19	91	75	30	122	35	62	44	60	55	65	7	104	60	47	33	45	25	42	114	127	110	44	108	68	15	128	121	43	34	30	70	125	34	100	30	118	78	115	21	5	49	91	126	6
0	0	0	0	0	0	0	0	0	0	0	0	0	0	0	0	0	0	0	0	0	0	0	0	0	0	0	0	0	0	0	0	0	0	0	0	0	0	0	0	0	0	0	0	0	0	0	0	0	0	0	0	0	0	0	0	0	0	0	0	0	0	0	0	0	0	0	0	0	0	0	0	0	0	0	0	0	0	0	0	0	125	24	16	90	86	116	90	109	46	86	43	33	112	17	88	30	3	95	36	4	69	42	24	49	32	123	62	104	70	49	31	104	93	109	24	54	52	30	39	22	82	13	82	61	107	26	82
0	0	0	0	0	0	0	0	0	0	0	0	0	0	0	0	0	0	0	0	0	0	0	0	0	0	0	0	0	0	0	0	0	0	0	0	0	0	0	0	0	0	0	0	0	0	0	0	0	0	0	0	0	0	0	0	0	0	0	0	0	0	0	0	0	0	0	0	0	0	0	0	0	0	0	0	0	0	0	0	0	0	58	4	51	49	111	72	102	48	110	51	54	15	7	94	56	13	83	100	12	32	101	5	55	39	24	119	43	12	46	11	126	26	25	127	69	72	85	86	33	87	100	82	15	49	55	67
0	0	0	0	0	0	0	0	0	0	0	0	0	0	0	0	0	0	0	0	0	0	0	0	0	0	0	0	0	0	0	0	0	0	0	0	0	0	0	0	0	0	0	0	0	0	0	0	0	0	0	0	0	0	0	0	0	0	0	0	0	0	0	0	0	0	0	0	0	0	0	0	0	0	0	0	0	0	0	0	0	0	0	105	58	46	66	121	74	46	20	25	25	79	75	116	69	73	5	66	16	76	2	98	45	8	41	17	111	98	57	85	38	44	49	28	101	102	117	70	86	36	21	28	9	37	52	11
0	0	0	0	0	0	0	0	0	0	0	0	0	0	0	0	0	0	0	0	0	0	0	0	0	0	0	0	0	0	0	0	0	0	0	0	0	0	0	0	0	0	0	0	0	0	0	0	0	0	0	0	0	0	0	0	0	0	0	0	0	0	0	0	0	0	0	0	0	0	0	0	0	0	0	0	0	0	0	0	0	0	0	0	14	100	21	30	51	88	21	51	11	88	74	106	46	111	41	101	88	33	57	115	64	127	46	39	41	97	45	81	46	49	86	14	60	104	34	18	66	81	28	19	74	12	98	13
0	0	0	0	0	0	0	0	0	0	0	0	0	0	0	0	0	0	0	0	0	0	0	0	0	0	0	0	0	0	0	0	0	0	0	0	0	0	0	0	0	0	0	0	0	0	0	0	0	0	0	0	0	0	0	0	0	0	0	0	0	0	0	0	0	0	0	0	0	0	0	0	0	0	0	0	0	0	0	0	0	0	0	0	0	122	54	33	76	20	79	71	74	6	61	110	21	49	99	117	32	81	85	53	79	111	32	124	114	119	106	73	128	95	54	108	91	91	117	72	119	12	64	61	16	4	64	22
0	0	0	0	0	0	0	0	0	0	0	0	0	0	0	0	0	0	0	0	0	0	0	0	0	0	0	0	0	0	0	0	0	0	0	0	0	0	0	0	0	0	0	0	0	0	0	0	0	0	0	0	0	0	0	0	0	0	0	0	0	0	0	0	0	0	0	0	0	0	0	0	0	0	0	0	0	0	0	0	0	0	0	0	0	0	44	116	37	59	27	42	4	88	25	30	116	38	4	28	37	83	19	31	33	100	3	6	15	67	102	113	62	94	103	80	40	105	81	51	58	114	115	119	82	86	65	65
0	0	0	0	0	0	0	0	0	0	0	0	0	0	0	0	0	0	0	0	0	0	0	0	0	0	0	0	0	0	0	0	0	0	0	0	0	0	0	0	0	0	0	0	0	0	0	0	0	0	0	0	0	0	0	0	0	0	0	0	0	0	0	0	0	0	0	0	0	0	0	0	0	0	0	0	0	0	0	0	0	0	0	0	0	0	0	87	10	49	70	121	114	40	78	89	124	84	111	121	69	78	48	124	46	64	39	15	23	52	14	7	1	81	15	59	21	12	20	116	46	36	55	43	3	18	8	109
0	0	0	0	0	0	0	0	0	0	0	0	0	0	0	0	0	0	0	0	0	0	0	0	0	0	0	0	0	0	0	0	0	0	0	0	0	0	0	0	0	0	0	0	0	0	0	0	0	0	0	0	0	0	0	0	0	0	0	0	0	0	0	0	0	0	0	0	0	0	0	0	0	0	0	0	0	0	0	0	0	0	0	0	0	0	0	0	19	128	68	47	71	32	62	98	120	49	31	101	81	38	106	18	10	43	121	107	100	67	5	103	16	39	85	90	56	104	61	28	87	16	79	45	64	118	55	20
0	0	0	0	0	0	0	0	0	0	0	0	0	0	0	0	0	0	0	0	0	0	0	0	0	0	0	0	0	0	0	0	0	0	0	0	0	0	0	0	0	0	0	0	0	0	0	0	0	0	0	0	0	0	0	0	0	0	0	0	0	0	0	0	0	0	0	0	0	0	0	0	0	0	0	0	0	0	0	0	0	0	0	0	0	0	0	0	0	17	13	45	13	78	30	72	101	9	26	65	125	47	25	6	33	67	28	69	5	25	46	111	75	50	65	10	30	47	79	35	107	122	54	61	51	64	84	111
0	0	0	0	0	0	0	0	0	0	0	0	0	0	0	0	0	0	0	0	0	0	0	0	0	0	0	0	0	0	0	0	0	0	0	0	0	0	0	0	0	0	0	0	0	0	0	0	0	0	0	0	0	0	0	0	0	0	0	0	0	0	0	0	0	0	0	0	0	0	0	0	0	0	0	0	0	0	0	0	0	0	0	0	0	0	0	0	0	0	78	11	82	64	66	88	12	50	17	17	32	77	49	31	120	19	108	64	103	97	44	69	76	99	68	82	48	97	31	53	3	53	110	127	111	45	7	47
0	0	0	0	0	0	0	0	0	0	0	0	0	0	0	0	0	0	0	0	0	0	0	0	0	0	0	0	0	0	0	0	0	0	0	0	0	0	0	0	0	0	0	0	0	0	0	0	0	0	0	0	0	0	0	0	0	0	0	0	0	0	0	0	0	0	0	0	0	0	0	0	0	0	0	0	0	0	0	0	0	0	0	0	0	0	0	0	0	0	0	10	10	38	25	100	40	121	30	97	81	44	19	107	106	7	69	120	79	22	67	97	78	103	55	108	43	66	121	24	44	47	36	36	39	65	26	25
0	0	0	0	0	0	0	0	0	0	0	0	0	0	0	0	0	0	0	0	0	0	0	0	0	0	0	0	0	0	0	0	0	0	0	0	0	0	0	0	0	0	0	0	0	0	0	0	0	0	0	0	0	0	0	0	0	0	0	0	0	0	0	0	0	0	0	0	0	0	0	0	0	0	0	0	0	0	0	0	0	0	0	0	0	0	0	0	0	0	0	0	39	120	121	103	121	122	113	21	114	122	38	88	92	10	40	46	96	81	106	36	40	78	98	67	89	64	53	49	35	7	19	62	72	60	81	14
0	0	0	0	0	0	0	0	0	0	0	0	0	0	0	0	0	0	0	0	0	0	0	0	0	0	0	0	0	0	0	0	0	0	0	0	0	0	0	0	0	0	0	0	0	0	0	0	0	0	0	0	0	0	0	0	0	0	0	0	0	0	0	0	0	0	0	0	0	0	0	0	0	0	0	0	0	0	0	0	0	0	0	0	0	0	0	0	0	0	0	0	0	2	94	4	108	113	30	22	24	112	31	120	22	9	36	8	27	68	22	49	64	2	123	56	15	108	39	109	114	102	98	15	82	114	49	60
0	0	0	0	0	0	0	0	0	0	0	0	0	0	0	0	0	0	0	0	0	0	0	0	0	0	0	0	0	0	0	0	0	0	0	0	0	0	0	0	0	0	0	0	0	0	0	0	0	0	0	0	0	0	0	0	0	0	0	0	0	0	0	0	0	0	0	0	0	0	0	0	0	0	0	0	0	0	0	0	0	0	0	0	0	0	0	0	0	0	0	0	0	0	84	52	100	2	128	26	35	41	50	96	60	14	48	60	27	92	106	26	50	40	22	121	102	46	36	66	29	109	49	10	92	69	108	92
0	0	0	0	0	0	0	0	0	0	0	0	0	0	0	0	0	0	0	0	0	0	0	0	0	0	0	0	0	0	0	0	0	0	0	0	0	0	0	0	0	0	0	0	0	0	0	0	0	0	0	0	0	0	0	0	0	0	0	0	0	0	0	0	0	0	0	0	0	0	0	0	0	0	0	0	0	0	0	0	0	0	0	0	0	0	0	0	0	0	0	0	0	0	0	48	86	78	16	95	127	14	27	112	75	88	87	117	35	82	80	86	47	78	69	107	53	124	111	85	118	125	98	48	35	80	12	103
0	0	0	0	0	0	0	0	0	0	0	0	0	0	0	0	0	0	0	0	0	0	0	0	0	0	0	0	0	0	0	0	0	0	0	0	0	0	0	0	0	0	0	0	0	0	0	0	0	0	0	0	0	0	0	0	0	0	0	0	0	0	0	0	0	0	0	0	0	0	0	0	0	0	0	0	0	0	0	0	0	0	0	0	0	0	0	0	0	0	0	0	0	0	0	0	18	88	19	26	30	83	108	22	34	106	85	78	86	76	65	108	55	8	94	9	10	106	70	102	123	66	25	80	40	61	40	92
0	0	0	0	0	0	0	0	0	0	0	0	0	0	0	0	0	0	0	0	0	0	0	0	0	0	0	0	0	0	0	0	0	0	0	0	0	0	0	0	0	0	0	0	0	0	0	0	0	0	0	0	0	0	0	0	0	0	0	0	0	0	0	0	0	0	0	0	0	0	0	0	0	0	0	0	0	0	0	0	0	0	0	0	0	0	0	0	0	0	0	0	0	0	0	0	0	49	49	62	104	11	7	36	120	81	65	127	8	91	59	36	113	25	24	99	121	52	101	78	79	16	96	31	115	84	119	62
0	0	0	0	0	0	0	0	0	0	0	0	0	0	0	0	0	0	0	0	0	0	0	0	0	0	0	0	0	0	0	0	0	0	0	0	0	0	0	0	0	0	0	0	0	0	0	0	0	0	0	0	0	0	0	0	0	0	0	0	0	0	0	0	0	0	0	0	0	0	0	0	0	0	0	0	0	0	0	0	0	0	0	0	0	0	0	0	0	0	0	0	0	0	0	0	0	0	3	113	70	55	20	57	37	110	42	10	60	95	72	121	20	128	6	92	23	82	19	42	113	113	21	116	111	35	67	11
0	0	0	0	0	0	0	0	0	0	0	0	0	0	0	0	0	0	0	0	0	0	0	0	0	0	0	0	0	0	0	0	0	0	0	0	0	0	0	0	0	0	0	0	0	0	0	0	0	0	0	0	0	0	0	0	0	0	0	0	0	0	0	0	0	0	0	0	0	0	0	0	0	0	0	0	0	0	0	0	0	0	0	0	0	0	0	0	0	0	0	0	0	0	0	0	0	0	0	124	56	105	18	76	108	108	88	31	14	9	35	69	38	83	63	99	10	101	19	21	119	74	82	13	29	11	78	103
0	0	0	0	0	0	0	0	0	0	0	0	0	0	0	0	0	0	0	0	0	0	0	0	0	0	0	0	0	0	0	0	0	0	0	0	0	0	0	0	0	0	0	0	0	0	0	0	0	0	0	0	0	0	0	0	0	0	0	0	0	0	0	0	0	0	0	0	0	0	0	0	0	0	0	0	0	0	0	0	0	0	0	0	0	0	0	0	0	0	0	0	0	0	0	0	0	0	0	0	92	14	120	95	29	58	31	72	63	57	22	46	37	114	33	77	102	102	113	115	93	65	89	57	68	5	64	112
0	0	0	0	0	0	0	0	0	0	0	0	0	0	0	0	0	0	0	0	0	0	0	0	0	0	0	0	0	0	0	0	0	0	0	0	0	0	0	0	0	0	0	0	0	0	0	0	0	0	0	0	0	0	0	0	0	0	0	0	0	0	0	0	0	0	0	0	0	0	0	0	0	0	0	0	0	0	0	0	0	0	0	0	0	0	0	0	0	0	0	0	0	0	0	0	0	0	0	0	0	119	29	104	7	50	115	4	31	34	5	115	109	16	103	47	36	108	88	91	86	79	21	3	50	62	81	1
0	0	0	0	0	0	0	0	0	0	0	0	0	0	0	0	0	0	0	0	0	0	0	0	0	0	0	0	0	0	0	0	0	0	0	0	0	0	0	0	0	0	0	0	0	0	0	0	0	0	0	0	0	0	0	0	0	0	0	0	0	0	0	0	0	0	0	0	0	0	0	0	0	0	0	0	0	0	0	0	0	0	0	0	0	0	0	0	0	0	0	0	0	0	0	0	0	0	0	0	0	0	85	92	64	63	4	41	37	38	59	13	89	33	105	44	62	37	72	31	116	17	54	81	35	27	68	13
0	0	0	0	0	0	0	0	0	0	0	0	0	0	0	0	0	0	0	0	0	0	0	0	0	0	0	0	0	0	0	0	0	0	0	0	0	0	0	0	0	0	0	0	0	0	0	0	0	0	0	0	0	0	0	0	0	0	0	0	0	0	0	0	0	0	0	0	0	0	0	0	0	0	0	0	0	0	0	0	0	0	0	0	0	0	0	0	0	0	0	0	0	0	0	0	0	0	0	0	0	0	0	60	38	63	99	32	81	113	127	76	98	125	50	41	127	51	107	128	42	29	84	15	84	84	9	30
0	0	0	0	0	0	0	0	0	0	0	0	0	0	0	0	0	0	0	0	0	0	0	0	0	0	0	0	0	0	0	0	0	0	0	0	0	0	0	0	0	0	0	0	0	0	0	0	0	0	0	0	0	0	0	0	0	0	0	0	0	0	0	0	0	0	0	0	0	0	0	0	0	0	0	0	0	0	0	0	0	0	0	0	0	0	0	0	0	0	0	0	0	0	0	0	0	0	0	0	0	0	0	0	94	61	29	121	19	102	3	30	25	11	10	28	117	3	90	28	3	2	54	40	23	62	50	76
0	0	0	0	0	0	0	0	0	0	0	0	0	0	0	0	0	0	0	0	0	0	0	0	0	0	0	0	0	0	0	0	0	0	0	0	0	0	0	0	0	0	0	0	0	0	0	0	0	0	0	0	0	0	0	0	0	0	0	0	0	0	0	0	0	0	0	0	0	0	0	0	0	0	0	0	0	0	0	0	0	0	0	0	0	0	0	0	0	0	0	0	0	0	0	0	0	0	0	0	0	0	0	0	0	123	5	27	118	109	94	51	31	34	52	37	81	76	64	113	8	49	49	93	1	66	8	105
0	0	0	0	0	0	0	0	0	0	0	0	0	0	0	0	0	0	0	0	0	0	0	0	0	0	0	0	0	0	0	0	0	0	0	0	0	0	0	0	0	0	0	0	0	0	0	0	0	0	0	0	0	0	0	0	0	0	0	0	0	0	0	0	0	0	0	0	0	0	0	0	0	0	0	0	0	0	0	0	0	0	0	0	0	0	0	0	0	0	0	0	0	0	0	0	0	0	0	0	0	0	0	0	0	0	91	59	37	52	38	87	91	62	55	20	109	63	5	89	52	77	106	17	37	39	111	101
0	0	0	0	0	0	0	0	0	0	0	0	0	0	0	0	0	0	0	0	0	0	0	0	0	0	0	0	0	0	0	0	0	0	0	0	0	0	0	0	0	0	0	0	0	0	0	0	0	0	0	0	0	0	0	0	0	0	0	0	0	0	0	0	0	0	0	0	0	0	0	0	0	0	0	0	0	0	0	0	0	0	0	0	0	0	0	0	0	0	0	0	0	0	0	0	0	0	0	0	0	0	0	0	0	0	0	40	109	35	33	82	95	2	127	40	47	93	35	52	84	123	37	75	14	11	22	75
0	0	0	0	0	0	0	0	0	0	0	0	0	0	0	0	0	0	0	0	0	0	0	0	0	0	0	0	0	0	0	0	0	0	0	0	0	0	0	0	0	0	0	0	0	0	0	0	0	0	0	0	0	0	0	0	0	0	0	0	0	0	0	0	0	0	0	0	0	0	0	0	0	0	0	0	0	0	0	0	0	0	0	0	0	0	0	0	0	0	0	0	0	0	0	0	0	0	0	0	0	0	0	0	0	0	0	0	14	15	81	6	64	54	126	37	22	59	76	90	91	73	55	36	77	124	47	102
0	0	0	0	0	0	0	0	0	0	0	0	0	0	0	0	0	0	0	0	0	0	0	0	0	0	0	0	0	0	0	0	0	0	0	0	0	0	0	0	0	0	0	0	0	0	0	0	0	0	0	0	0	0	0	0	0	0	0	0	0	0	0	0	0	0	0	0	0	0	0	0	0	0	0	0	0	0	0	0	0	0	0	0	0	0	0	0	0	0	0	0	0	0	0	0	0	0	0	0	0	0	0	0	0	0	0	0	0	123	34	91	122	39	89	10	24	54	39	118	99	67	80	86	67	74	44	75
0	0	0	0	0	0	0	0	0	0	0	0	0	0	0	0	0	0	0	0	0	0	0	0	0	0	0	0	0	0	0	0	0	0	0	0	0	0	0	0	0	0	0	0	0	0	0	0	0	0	0	0	0	0	0	0	0	0	0	0	0	0	0	0	0	0	0	0	0	0	0	0	0	0	0	0	0	0	0	0	0	0	0	0	0	0	0	0	0	0	0	0	0	0	0	0	0	0	0	0	0	0	0	0	0	0	0	0	0	0	86	54	66	94	86	35	22	54	97	30	13	5	75	63	70	37	110	78
0	0	0	0	0	0	0	0	0	0	0	0	0	0	0	0	0	0	0	0	0	0	0	0	0	0	0	0	0	0	0	0	0	0	0	0	0	0	0	0	0	0	0	0	0	0	0	0	0	0	0	0	0	0	0	0	0	0	0	0	0	0	0	0	0	0	0	0	0	0	0	0	0	0	0	0	0	0	0	0	0	0	0	0	0	0	0	0	0	0	0	0	0	0	0	0	0	0	0	0	0	0	0	0	0	0	0	0	0	0	0	78	3	71	85	3	44	100	117	95	35	92	91	109	49	82	83	88
0	0	0	0	0	0	0	0	0	0	0	0	0	0	0	0	0	0	0	0	0	0	0	0	0	0	0	0	0	0	0	0	0	0	0	0	0	0	0	0	0	0	0	0	0	0	0	0	0	0	0	0	0	0	0	0	0	0	0	0	0	0	0	0	0	0	0	0	0	0	0	0	0	0	0	0	0	0	0	0	0	0	0	0	0	0	0	0	0	0	0	0	0	0	0	0	0	0	0	0	0	0	0	0	0	0	0	0	0	0	0	0	16	93	93	125	89	3	111	55	90	8	76	68	103	71	123	62
0	0	0	0	0	0	0	0	0	0	0	0	0	0	0	0	0	0	0	0	0	0	0	0	0	0	0	0	0	0	0	0	0	0	0	0	0	0	0	0	0	0	0	0	0	0	0	0	0	0	0	0	0	0	0	0	0	0	0	0	0	0	0	0	0	0	0	0	0	0	0	0	0	0	0	0	0	0	0	0	0	0	0	0	0	0	0	0	0	0	0	0	0	0	0	0	0	0	0	0	0	0	0	0	0	0	0	0	0	0	0	0	0	127	117	93	128	117	66	4	68	56	33	72	53	115	44	52
0	0	0	0	0	0	0	0	0	0	0	0	0	0	0	0	0	0	0	0	0	0	0	0	0	0	0	0	0	0	0	0	0	0	0	0	0	0	0	0	0	0	0	0	0	0	0	0	0	0	0	0	0	0	0	0	0	0	0	0	0	0	0	0	0	0	0	0	0	0	0	0	0	0	0	0	0	0	0	0	0	0	0	0	0	0	0	0	0	0	0	0	0	0	0	0	0	0	0	0	0	0	0	0	0	0	0	0	0	0	0	0	0	0	117	69	65	51	101	78	111	109	54	80	93	7	76	24
0	0	0	0	0	0	0	0	0	0	0	0	0	0	0	0	0	0	0	0	0	0	0	0	0	0	0	0	0	0	0	0	0	0	0	0	0	0	0	0	0	0	0	0	0	0	0	0	0	0	0	0	0	0	0	0	0	0	0	0	0	0	0	0	0	0	0	0	0	0	0	0	0	0	0	0	0	0	0	0	0	0	0	0	0	0	0	0	0	0	0	0	0	0	0	0	0	0	0	0	0	0	0	0	0	0	0	0	0	0	0	0	0	0	0	86	57	74	102	18	125	25	50	44	64	120	104	23
0	0	0	0	0	0	0	0	0	0	0	0	0	0	0	0	0	0	0	0	0	0	0	0	0	0	0	0	0	0	0	0	0	0	0	0	0	0	0	0	0	0	0	0	0	0	0	0	0	0	0	0	0	0	0	0	0	0	0	0	0	0	0	0	0	0	0	0	0	0	0	0	0	0	0	0	0	0	0	0	0	0	0	0	0	0	0	0	0	0	0	0	0	0	0	0	0	0	0	0	0	0	0	0	0	0	0	0	0	0	0	0	0	0	0	0	32	89	45	9	107	59	87	2	27	36	124	1
0	0	0	0	0	0	0	0	0	0	0	0	0	0	0	0	0	0	0	0	0	0	0	0	0	0	0	0	0	0	0	0	0	0	0	0	0	0	0	0	0	0	0	0	0	0	0	0	0	0	0	0	0	0	0	0	0	0	0	0	0	0	0	0	0	0	0	0	0	0	0	0	0	0	0	0	0	0	0	0	0	0	0	0	0	0	0	0	0	0	0	0	0	0	0	0	0	0	0	0	0	0	0	0	0	0	0	0	0	0	0	0	0	0	0	0	0	61	69	33	97	127	35	39	44	11	20	60
0	0	0	0	0	0	0	0	0	0	0	0	0	0	0	0	0	0	0	0	0	0	0	0	0	0	0	0	0	0	0	0	0	0	0	0	0	0	0	0	0	0	0	0	0	0	0	0	0	0	0	0	0	0	0	0	0	0	0	0	0	0	0	0	0	0	0	0	0	0	0	0	0	0	0	0	0	0	0	0	0	0	0	0	0	0	0	0	0	0	0	0	0	0	0	0	0	0	0	0	0	0	0	0	0	0	0	0	0	0	0	0	0	0	0	0	0	0	9	1	124	84	106	57	32	59	8	107
0	0	0	0	0	0	0	0	0	0	0	0	0	0	0	0	0	0	0	0	0	0	0	0	0	0	0	0	0	0	0	0	0	0	0	0	0	0	0	0	0	0	0	0	0	0	0	0	0	0	0	0	0	0	0	0	0	0	0	0	0	0	0	0	0	0	0	0	0	0	0	0	0	0	0	0	0	0	0	0	0	0	0	0	0	0	0	0	0	0	0	0	0	0	0	0	0	0	0	0	0	0	0	0	0	0	0	0	0	0	0	0	0	0	0	0	0	0	0	1	60	92	80	47	57	50	85	40
0	0	0	0	0	0	0	0	0	0	0	0	0	0	0	0	0	0	0	0	0	0	0	0	0	0	0	0	0	0	0	0	0	0	0	0	0	0	0	0	0	0	0	0	0	0	0	0	0	0	0	0	0	0	0	0	0	0	0	0	0	0	0	0	0	0	0	0	0	0	0	0	0	0	0	0	0	0	0	0	0	0	0	0	0	0	0	0	0	0	0	0	0	0	0	0	0	0	0	0	0	0	0	0	0	0	0	0	0	0	0	0	0	0	0	0	0	0	0	0	9	66	61	7	69	103	119	92
0	0	0	0	0	0	0	0	0	0	0	0	0	0	0	0	0	0	0	0	0	0	0	0	0	0	0	0	0	0	0	0	0	0	0	0	0	0	0	0	0	0	0	0	0	0	0	0	0	0	0	0	0	0	0	0	0	0	0	0	0	0	0	0	0	0	0	0	0	0	0	0	0	0	0	0	0	0	0	0	0	0	0	0	0	0	0	0	0	0	0	0	0	0	0	0	0	0	0	0	0	0	0	0	0	0	0	0	0	0	0	0	0	0	0	0	0	0	0	0	0	13	13	11	10	85	7	76
0	0	0	0	0	0	0	0	0	0	0	0	0	0	0	0	0	0	0	0	0	0	0	0	0	0	0	0	0	0	0	0	0	0	0	0	0	0	0	0	0	0	0	0	0	0	0	0	0	0	0	0	0	0	0	0	0	0	0	0	0	0	0	0	0	0	0	0	0	0	0	0	0	0	0	0	0	0	0	0	0	0	0	0	0	0	0	0	0	0	0	0	0	0	0	0	0	0	0	0	0	0	0	0	0	0	0	0	0	0	0	0	0	0	0	0	0	0	0	0	0	0	24	13	119	121	4	111
0	0	0	0	0	0	0	0	0	0	0	0	0	0	0	0	0	0	0	0	0	0	0	0	0	0	0	0	0	0	0	0	0	0	0	0	0	0	0	0	0	0	0	0	0	0	0	0	0	0	0	0	0	0	0	0	0	0	0	0	0	0	0	0	0	0	0	0	0	0	0	0	0	0	0	0	0	0	0	0	0	0	0	0	0	0	0	0	0	0	0	0	0	0	0	0	0	0	0	0	0	0	0	0	0	0	0	0	0	0	0	0	0	0	0	0	0	0	0	0	0	0	0	28	37	60	71	44
0	0	0	0	0	0	0	0	0	0	0	0	0	0	0	0	0	0	0	0	0	0	0	0	0	0	0	0	0	0	0	0	0	0	0	0	0	0	0	0	0	0	0	0	0	0	0	0	0	0	0	0	0	0	0	0	0	0	0	0	0	0	0	0	0	0	0	0	0	0	0	0	0	0	0	0	0	0	0	0	0	0	0	0	0	0	0	0	0	0	0	0	0	0	0	0	0	0	0	0	0	0	0	0	0	0	0	0	0	0	0	0	0	0	0	0	0	0	0	0	0	0	0	0	4	101	79	58
0	0	0	0	0	0	0	0	0	0	0	0	0	0	0	0	0	0	0	0	0	0	0	0	0	0	0	0	0	0	0	0	0	0	0	0	0	0	0	0	0	0	0	0	0	0	0	0	0	0	0	0	0	0	0	0	0	0	0	0	0	0	0	0	0	0	0	0	0	0	0	0	0	0	0	0	0	0	0	0	0	0	0	0	0	0	0	0	0	0	0	0	0	0	0	0	0	0	0	0	0	0	0	0	0	0	0	0	0	0	0	0	0	0	0	0	0	0	0	0	0	0	0	0	0	118	36	110
0	0	0	0	0	0	0	0	0	0	0	0	0	0	0	0	0	0	0	0	0	0	0	0	0	0	0	0	0	0	0	0	0	0	0	0	0	0	0	0	0	0	0	0	0	0	0	0	0	0	0	0	0	0	0	0	0	0	0	0	0	0	0	0	0	0	0	0	0	0	0	0	0	0	0	0	0	0	0	0	0	0	0	0	0	0	0	0	0	0	0	0	0	0	0	0	0	0	0	0	0	0	0	0	0	0	0	0	0	0	0	0	0	0	0	0	0	0	0	0	0	0	0	0	0	0	110	67
0	0	0	0	0	0	0	0	0	0	0	0	0	0	0	0	0	0	0	0	0	0	0	0	0	0	0	0	0	0	0	0	0	0	0	0	0	0	0	0	0	0	0	0	0	0	0	0	0	0	0	0	0	0	0	0	0	0	0	0	0	0	0	0	0	0	0	0	0	0	0	0	0	0	0	0	0	0	0	0	0	0	0	0	0	0	0	0	0	0	0	0	0	0	0	0	0	0	0	0	0	0	0	0	0	0	0	0	0	0	0	0	0	0	0	0	0	0	0	0	0	0	0	0	0	0	0	34
0	0	0	0	0	0	0	0	0	0	0	0	0	0	0	0	0	0	0	0	0	0	0	0	0	0	0	0	0	0	0	0	0	0	0	0	0	0	0	0	0	0	0	0	0	0	0	0	0	0	0	0	0	0	0	0	0	0	0	0	0	0	0	0	0	0	0	0	0	0	0	0	0	0	0	0	0	0	0	0	0	0	0	0	0	0	0	0	0	0	0	0	0	0	0	0	0	0	0	0	0	0	0	0	0	0	0	0	0	0	0	0	0	0	0	0	0	0	0	0	0	0	0	0	0	0	0	0