0	62	21	32	100	8	80	31	73	116	11	74	7	100	89	82	22	88	74	105	85	112	98	80	64	61	73	76	40	118	101	63	14	66	10	101	47	59	21	24	51	35	68	78	126	90	55	67	101	109	89	13	91	95	19	22	67	57	89	48	18	33	86	12	69	127	105	69	66	109	94	79	62	55	90	50	96	68	26	50	2	50	71	45	92	115	13	103	121	85	69	71	50	55	77	17	35	7	54	41	98	16	102	11	75	41	27	102	117	84	61	8	44	25	128	77	86	7	32	94	24	44	82	11	100	59	116	18
0	0	14	41	33	73	45	32	74	96	61	51	114	52	97	65	12	76	26	35	47	33	45	37	51	84	108	99	109	7	108	62	65	42	101	34	113	24	81	107	14	28	83	58	56	42	15	18	59	95	125	57	8	9	77	8	8	37	54	53	127	64	25	118	36	75	128	108	84	61	114	70	35	96	94	4	3	2	116	112	45	41	38	44	14	33	97	4	101	15	43	61	24	102	113	41	117	62	7	73	69	14	48	28	41	38	51	114	103	92	31	81	120	91	100	4	3	3	81	64	35	64	97	38	114	122	14	81
0	0	0	62	51	9	88	56	123	8	21	82	26	16	72	89	89	86	35	118	96	102	34	6	36	36	112	68	84	55	42	58	115	73	1	8	9	53	21	13	128	74	106	1	43	10	45	80	23	47	20	36	7	82	13	107	111	85	76	110	68	64	31	33	61	13	109	110	109	17	103	15	71	94	105	10	87	40	91	113	110	39	87	93	114	106	123	35	5	31	78	93	39	75	44	65	123	84	43	72	54	107	48	88	118	54	89	50	126	43	30	36	101	126	12	65	65	86	21	51	70	67	38	52	2	115	21	7
0	0	0	0	49	71	82	93	35	59	112	52	3	74	100	116	28	128	41	125	93	63	114	104	97	97	4	83	117	23	63	7	60	124	6	19	111	33	125	34	9	52	47	67	9	76	69	54	66	79	80	49	62	79	60	102	57	9	70	65	80	10	127	46	25	1	97	93	100	128	77	51	119	63	54	6	114	64	97	11	20	80	25	2	118	11	108	57	100	33	67	90	19	99	90	19	26	122	30	4	39	8	17	59	45	85	27	1	128	43	105	120	61	74	120	121	102	89	35	75	76	110	90	99	2	106	47	70
0	0	0	0	0	17	28	111	104	83	13	123	82	32	21	14	47	122	25	36	106	50	12	43	112	72	3	116	79	121	106	104	43	52	79	8	26	93	63	55	103	94	44	13	107	106	11	8	19	125	124	77	105	115	120	68	68	67	119	46	44	104	31	35	128	41	35	85	20	62	89	121	115	113	41	123	9	30	76	48	44	119	48	85	74	29	100	117	95	119	73	47	112	66	48	38	38	69	71	22	25	122	85	7	48	15	34	65	5	35	103	113	4	47	92	35	10	45	28	99	19	118	65	83	72	4	102	97
0	0	0	0	0	0	7	105	90	13	106	20	92	122	38	21	124	77	107	40	114	89	124	56	127	110	52	32	112	65	119	67	73	36	7	59	120	127	45	63	38	86	27	85	77	58	78	14	85	35	60	127	95	57	91	30	84	89	69	74	96	60	64	82	125	66	3	46	41	23	20	105	83	31	123	73	77	106	118	96	28	88	98	124	34	47	60	47	100	97	59	26	84	125	123	69	60	72	87	96	13	57	31	36	92	120	100	117	119	116	15	82	93	98	12	46	4	21	9	117	113	86	75	41	22	108	24	18
0	0	0	0	0	0	0	29	28	40	49	68	53	26	97	16	116	71	46	97	127	41	115	100	86	109	99	128	125	74	31	60	17	58	21	120	94	93	72	55	81	67	2	28	111	36	121	103	72	76	44	80	20	97	95	51	67	21	76	65	42	2	100	73	83	93	109	70	73	24	108	107	114	110	20	47	68	14	93	29	43	88	22	74	91	3	13	62	57	1	9	124	12	109	114	107	14	122	8	64	123	98	71	5	49	57	95	84	92	112	35	19	105	89	9	57	34	60	18	98	123	111	16	53	21	89	65	123
0	0	0	0	0	0	0	0	86	66	126	35	38	59	33	19	57	26	59	28	115	66	109	98	119	65	25	95	28	64	128	86	105	71	11	22	41	123	78	123	36	49	60	35	107	5	16	72	124	110	60	78	29	114	30	98	47	41	43	120	68	121	77	92	2	33	103	34	17	119	56	51	92	11	79	88	52	76	108	126	99	52	73	37	50	66	20	120	46	104	102	80	117	30	32	104	65	61	10	54	47	93	9	81	98	65	58	87	20	63	112	73	29	67	122	40	96	127	116	59	125	88	97	5	69	64	7	104
0	0	0	0	0	0	0	0	0	90	113	92	97	85	54	68	89	128	76	46	72	87	105	32	20	9	98	7	45	119	49	11	116	23	89	111	17	8	26	84	46	33	18	47	84	62	18	17	109	96	99	104	103	38	26	37	23	64	114	119	23	119	82	1	91	96	30	69	96	45	12	76	82	37	12	87	42	122	16	108	55	5	100	64	57	100	5	38	31	75	116	40	9	106	48	62	32	56	3	109	37	54	78	79	83	125	85	108	15	31	108	39	22	9	106	20	4	26	60	103	89	122	101	48	77	39	64	56
0	0	0	0	0	0	0	0	0	0	91	106	35	101	22	67	41	38	80	101	85	88	9	11	110	128	67	60	71	100	65	100	98	67	45	73	82	127	49	33	104	34	104	19	28	9	88	111	55	114	6	66	35	107	115	103	48	68	15	80	10	81	43	128	34	50	7	19	75	45	92	73	107	24	107	33	119	3	18	75	43	25	83	58	42	19	128	17	69	83	62	44	60	120	120	20	48	53	33	33	98	53	70	5	27	102	113	52	94	41	9	75	120	93	69	69	17	118	57	72	112	33	118	45	10	92	63	50
0	0	0	0	0	0	0	0	0	0	0	18	115	90	38	69	58	4	43	71	127	47	53	10	1	89	110	85	12	127	29	62	88	72	107	51	17	8	25	7	104	108	52	26	23	67	16	118	61	114	125	59	72	39	38	78	77	90	70	21	98	90	5	111	119	32	76	89	46	35	27	116	112	87	108	49	72	5	98	67	116	3	60	14	67	48	126	110	29	59	72	76	119	83	30	32	1	114	97	85	126	101	99	60	34	27	62	57	19	111	53	22	118	83	102	103	25	127	59	98	75	101	44	85	114	34	21	122
0	0	0	0	0	0	0	0	0	0	0	0	83	53	87	127	110	112	108	9	30	25	67	126	112	92	33	44	118	73	93	53	3	120	69	67	124	77	80	60	114	121	117	36	122	36	22	33	80	67	109	65	39	36	103	42	89	30	67	34	95	86	42	41	106	16	14	109	35	96	57	13	75	75	31	7	60	10	30	115	118	75	103	34	2	59	56	85	27	5	32	35	73	86	29	121	71	127	17	56	17	8	11	45	45	36	45	44	115	34	128	77	91	121	116	63	127	32	35	2	27	22	12	25	113	84	97	122
0	0	0	0	0	0	0	0	0	0	0	0	0	50	65	52	116	121	25	105	69	113	2	13	64	47	18	62	45	107	14	98	122	30	84	16	37	106	52	39	51	86	63	53	26	82	32	22	53	28	114	34	79	49	60	103	87	103	99	12	31	58	123	51	8	19	47	17	16	3	8	80	25	125	118	110	18	3	121	14	48	111	70	117	39	71	111	60	32	48	72	96	94	92	15	99	89	44	95	76	42	18	54	99	27	83	2	97	96	60	112	127	11	60	55	44	22	17	46	116	2	98	39	32	11	42	50	35
0	0	0	0	0	0	0	0	0	0	0	0	0	0	118	11	72	24	21	106	116	35	19	126	127	39	122	3	1	59	46	26	33	68	84	105	104	49	80	50	116	30	75	49	106	71	40	5	10	3	49	78	74	12	26	78	7	30	90	82	24	2	124	116	101	74	2	69	46	56	113	46	67	19	67	83	24	7	106	104	111	59	64	5	87	40	23	100	21	6	119	122	79	97	125	87	115	84	12	3	12	45	56	76	7	60	52	38	81	42	41	81	76	49	112	24	96	12	82	34	56	49	108	55	88	42	126	116
0	0	0	0	0	0	0	0	0	0	0	0	0	0	0	2	77	11	56	29	121	70	42	61	3	19	100	23	62	119	2	115	30	90	8	31	56	89	65	102	112	36	37	110	46	27	72	114	121	57	10	36	8	83	123	40	118	45	88	80	46	93	31	65	15	31	112	104	74	97	20	74	63	89	14	14	89	47	125	49	99	21	101	57	94	84	125	73	93	125	104	91	26	45	26	23	14	106	92	108	83	125	10	28	49	16	124	119	7	81	126	6	61	48	118	54	53	93	71	100	69	15	39	64	111	43	88	68
0	0	0	0	0	0	0	0	0	0	0	0	0	0	0	0	50	50	62	106	124	16	24	71	4	3	126	94	95	128	102	98	53	72	57	125	70	109	31	113	50	2	113	1	91	113	125	62	21	51	19	87	72	11	15	16	35	27	25	84	25	88	42	14	16	68	69	71	4	16	53	2	52	28	72	99	27	44	123	44	33	40	95	114	112	67	15	112	106	58	122	65	77	48	91	26	5	98	61	39	23	96	94	121	127	78	96	78	97	10	98	105	29	14	43	9	64	128	8	121	65	128	79	65	13	73	46	12
0	0	0	0	0	0	0	0	0	0	0	0	0	0	0	0	0	25	72	90	119	89	79	28	55	41	30	120	51	121	122	15	124	34	112	115	28	12	45	108	61	44	32	22	4	103	4	112	104	13	29	10	46	19	70	54	53	12	79	30	57	99	12	98	128	58	82	58	49	58	68	23	111	96	25	56	12	123	9	82	120	127	41	117	16	53	57	114	20	31	104	96	27	68	90	74	9	11	96	92	57	13	43	63	107	95	83	52	44	23	103	30	104	110	41	42	3	24	84	119	117	83	47	110	117	92	23	39
0	0	0	0	0	0	0	0	0	0	0	0	0	0	0	0	0	0	18	87	59	21	7	123	94	102	113	20	16	97	104	38	111	109	69	54	76	34	79	85	118	7	128	104	41	29	26	3	86	2	8	36	14	54	93	14	64	18	80	65	15	119	60	18	90	101	53	49	40	27	110	1	121	38	126	97	25	90	27	42	78	114	120	82	40	15	116	90	92	52	72	65	8	92	91	115	50	87	86	95	96	82	14	91	120	77	62	115	115	31	74	44	39	65	32	76	65	10	86	108	10	117	22	44	8	56	54	19
0	0	0	0	0	0	0	0	0	0	0	0	0	0	0	0	0	0	0	117	74	1	74	99	87	67	25	19	35	82	111	52	17	53	15	119	18	104	57	114	71	55	100	90	26	55	117	60	69	42	83	90	35	33	17	29	106	29	69	23	44	98	88	106	28	69	5	122	1	40	70	123	111	67	57	113	6	119	59	34	92	13	83	50	25	51	3	44	15	74	44	8	37	69	24	76	24	64	70	97	49	98	122	115	92	9	46	114	125	80	123	46	2	106	89	38	49	98	9	36	107	61	14	97	45	59	87	97
0	0	0	0	0	0	0	0	0	0	0	0	0	0	0	0	0	0	0	0	28	23	48	100	25	117	61	90	100	94	113	38	48	53	76	117	124	113	16	41	17	124	95	16	84	69	11	67	35	114	12	58	102	101	5	76	119	78	46	67	33	109	80	55	72	83	44	31	27	27	50	60	57	103	81	110	124	7	48	26	100	64	29	112	80	93	21	5	128	95	105	89	117	62	101	21	107	28	86	56	25	56	60	8	46	50	108	75	2	8	83	93	3	76	56	26	20	77	53	43	104	101	50	21	5	8	95	75
0	0	0	0	0	0	0	0	0	0	0	0	0	0	0	0	0	0	0	0	0	108	96	88	34	48	36	84	69	121	120	58	84	86	123	16	56	13	47	65	64	122	103	116	22	69	77	57	35	9	30	39	115	116	108	101	75	1	88	52	105	56	25	48	23	116	11	110	128	51	88	77	98	53	2	124	71	89	63	54	6	113	76	21	117	113	2	53	84	15	10	109	100	3	7	92	63	73	68	103	45	40	10	37	71	110	85	109	74	95	12	38	1	18	43	97	105	45	80	73	19	83	8	29	67	39	66	50
0	0	0	0	0	0	0	0	0	0	0	0	0	0	0	0	0	0	0	0	0	0	44	21	99	42	92	93	92	39	42	95	32	2	123	66	65	29	68	25	100	28	20	89	114	107	70	90	120	123	108	95	50	26	39	79	105	4	75	38	55	122	113	23	77	122	49	80	4	56	112	16	49	2	53	73	25	103	37	114	61	84	73	74	93	110	120	99	15	22	49	109	4	36	107	123	11	81	116	92	5	121	53	50	119	4	123	107	63	76	60	89	101	122	73	87	43	93	27	59	66	125	91	80	46	113	20	68
0	0	0	0	0	0	0	0	0	0	0	0	0	0	0	0	0	0	0	0	0	0	0	97	49	85	83	124	37	42	3	33	87	29	52	74	23	78	69	17	114	36	73	32	5	52	44	102	118	83	116	58	15	48	20	9	72	15	77	81	122	96	43	10	64	113	54	73	100	76	5	90	65	55	100	41	56	19	3	8	28	41	75	108	127	27	77	6	43	76	55	56	86	49	39	43	33	33	76	127	80	116	46	102	121	103	59	11	13	36	54	8	86	125	108	127	16	85	91	93	73	128	111	105	7	37	2	125
0	0	0	0	0	0	0	0	0	0	0	0	0	0	0	0	0	0	0	0	0	0	0	0	53	55	30	34	49	11	10	53	115	2	112	121	51	113	46	113	22	106	57	25	110	19	78	105	93	99	5	38	7	22	14	2	94	73	26	21	57	101	94	39	68	78	42	80	60	18	125	55	107	34	83	14	104	61	56	106	108	72	59	111	8	67	95	103	29	78	40	5	40	64	103	121	45	95	47	31	68	63	59	72	55	51	105	82	118	51	91	72	121	104	83	11	97	71	62	22	127	14	123	42	72	53	11	103
0	0	0	0	0	0	0	0	0	0	0	0	0	0	0	0	0	0	0	0	0	0	0	0	0	37	47	68	54	54	128	103	103	75	49	62	92	63	61	111	60	33	63	94	76	89	7	19	124	42	28	12	11	109	98	17	47	107	83	98	78	106	47	76	109	55	84	44	64	51	75	109	118	70	111	64	48	46	86	80	3	104	56	62	40	60	98	68	1	76	108	2	45	32	43	4	57	81	7	72	63	44	121	109	5	24	23	91	127	2	57	21	40	91	37	112	58	52	101	34	50	77	11	123	44	102	8	100
0	0	0	0	0	0	0	0	0	0	0	0	0	0	0	0	0	0	0	0	0	0	0	0	0	0	91	6	62	36	80	118	95	51	48	13	20	46	9	82	99	91	122	69	36	60	39	83	10	45	10	27	1	29	99	109	124	84	89	10	105	17	122	110	58	79	43	115	97	104	76	123	96	51	53	67	80	3	128	80	36	31	122	50	61	4	116	18	32	22	24	90	88	51	76	20	92	3	12	54	90	46	126	105	116	92	80	24	102	104	89	83	84	19	104	115	14	60	125	96	121	75	107	105	13	60	68	121
0	0	0	0	0	0	0	0	0	0	0	0	0	0	0	0	0	0	0	0	0	0	0	0	0	0	0	4	108	25	103	31	32	39	112	114	11	82	74	61	48	44	24	109	76	79	105	92	36	20	62	102	108	118	30	21	61	46	22	73	42	76	33	43	65	126	86	91	51	42	111	117	43	11	54	52	91	58	60	88	66	120	32	84	78	99	37	122	121	90	89	51	126	74	73	94	13	109	102	12	77	112	112	35	93	99	74	3	37	76	66	15	127	28	126	62	88	104	56	66	15	96	97	71	67	104	64	116
0	0	0	0	0	0	0	0	0	0	0	0	0	0	0	0	0	0	0	0	0	0	0	0	0	0	0	0	37	42	68	71	23	44	118	120	92	113	118	65	63	13	2	102	4	55	82	30	116	104	48	63	66	11	120	23	63	22	37	12	91	120	94	62	11	73	14	68	68	40	45	42	61	72	92	52	34	25	90	75	79	70	66	92	115	18	62	24	14	54	62	93	58	21	86	112	51	57	84	78	75	53	102	66	54	13	22	51	89	97	79	81	113	126	38	100	15	84	127	89	9	35	52	103	77	76	34	77
0	0	0	0	0	0	0	0	0	0	0	0	0	0	0	0	0	0	0	0	0	0	0	0	0	0	0	0	0	84	77	85	89	29	122	4	26	41	57	121	62	17	11	65	14	106	51	62	70	17	100	127	43	84	93	128	54	112	114	45	49	105	81	3	83	84	109	8	32	42	45	113	81	125	102	70	116	80	48	26	105	51	10	50	90	104	112	7	86	60	49	15	35	79	46	89	121	11	44	94	101	110	82	113	55	99	11	41	109	70	15	1	82	114	48	2	54	8	88	32	93	79	117	105	21	58	25	82
0	0	0	0	0	0	0	0	0	0	0	0	0	0	0	0	0	0	0	0	0	0	0	0	0	0	0	0	0	0	17	58	108	84	71	31	100	52	34	74	10	111	107	30	44	48	40	86	58	57	31	100	23	43	21	31	41	17	7	8	7	9	101	17	101	73	39	4	114	5	7	48	103	78	80	108	26	26	66	73	106	108	58	37	58	105	104	77	40	6	78	62	104	54	44	14	45	66	105	6	42	26	50	36	78	4	127	106	55	86	42	92	68	124	113	31	24	17	48	102	39	53	17	89	72	16	30	65
0	0	0	0	0	0	0	0	0	0	0	0	0	0	0	0	0	0	0	0	0	0	0	0	0	0	0	0	0	0	0	77	43	123	54	97	10	44	100	65	60	30	64	63	108	103	71	119	46	89	26	57	12	8	85	118	97	50	30	20	15	18	90	86	97	60	1	50	24	54	118	80	29	42	41	87	5	32	76	119	13	53	42	35	89	96	71	76	51	76	43	104	54	8	60	51	102	55	30	92	114	102	44	123	69	97	38	14	57	19	75	120	76	15	58	30	38	94	93	22	61	52	103	53	24	32	53	41
0	0	0	0	0	0	0	0	0	0	0	0	0	0	0	0	0	0	0	0	0	0	0	0	0	0	0	0	0	0	0	0	30	34	127	117	51	32	3	1	118	4	102	95	126	6	70	111	23	5	111	65	99	65	8	59	61	9	111	11	39	59	28	29	3	81	123	107	102	120	98	122	37	54	85	126	62	84	13	71	27	31	28	42	125	71	88	125	9	37	80	23	37	64	90	23	51	24	51	22	57	45	123	37	111	68	116	75	78	118	14	49	24	11	40	112	1	4	102	101	100	3	70	69	49	13	28	63
0	0	0	0	0	0	0	0	0	0	0	0	0	0	0	0	0	0	0	0	0	0	0	0	0	0	0	0	0	0	0	0	0	39	36	64	122	52	14	117	114	55	64	51	122	117	2	122	56	98	30	24	123	106	49	76	112	2	31	41	108	45	65	92	1	86	110	46	10	121	87	89	61	89	105	126	106	19	72	9	87	118	18	123	101	67	86	58	111	80	20	120	11	44	27	64	16	16	50	120	15	96	48	83	126	115	47	127	116	57	72	108	69	120	25	62	24	68	90	13	85	24	106	44	52	34	1	46
0	0	0	0	0	0	0	0	0	0	0	0	0	0	0	0	0	0	0	0	0	0	0	0	0	0	0	0	0	0	0	0	0	0	64	15	32	61	67	16	40	25	61	18	104	40	119	107	33	73	75	10	41	56	67	86	109	83	72	77	93	55	27	90	82	42	40	81	123	122	27	109	125	78	37	109	20	3	83	48	58	59	122	94	55	80	8	74	90	37	39	47	59	96	34	124	4	106	109	16	45	69	66	20	39	108	63	111	46	1	31	125	12	7	67	70	114	70	51	59	36	30	11	103	116	62	54	99
0	0	0	0	0	0	0	0	0	0	0	0	0	0	0	0	0	0	0	0	0	0	0	0	0	0	0	0	0	0	0	0	0	0	0	90	125	1	37	12	120	96	59	46	108	121	75	106	55	5	104	102	72	104	56	125	120	35	1	29	119	121	99	105	8	37	53	33	42	92	33	76	12	128	26	65	81	96	64	42	122	29	84	47	93	86	21	46	60	90	127	19	32	95	47	50	16	15	106	73	38	49	65	38	98	100	6	11	16	49	128	100	40	74	36	93	24	34	24	64	113	61	52	10	19	117	31	93
0	0	0	0	0	0	0	0	0	0	0	0	0	0	0	0	0	0	0	0	0	0	0	0	0	0	0	0	0	0	0	0	0	0	0	0	17	13	83	64	127	31	68	86	91	16	89	16	27	105	47	62	38	60	122	120	128	6	100	95	36	15	2	104	113	120	92	40	88	83	33	61	111	116	40	104	35	81	58	15	87	106	50	70	67	98	7	40	33	55	33	38	25	67	118	126	113	118	120	41	46	124	83	105	45	125	75	42	55	61	14	66	105	55	30	10	34	67	67	48	39	118	94	117	34	76	57	29
0	0	0	0	0	0	0	0	0	0	0	0	0	0	0	0	0	0	0	0	0	0	0	0	0	0	0	0	0	0	0	0	0	0	0	0	0	125	18	100	117	31	20	125	79	1	76	45	103	5	8	113	9	79	128	27	110	55	9	7	16	128	29	119	7	26	117	43	107	111	33	126	24	4	100	13	112	61	34	101	84	73	41	21	47	86	100	45	73	35	55	116	5	97	28	44	14	122	101	67	10	26	113	37	64	80	2	52	63	49	9	117	61	115	114	32	39	32	23	27	84	2	10	20	124	3	96	59
0	0	0	0	0	0	0	0	0	0	0	0	0	0	0	0	0	0	0	0	0	0	0	0	0	0	0	0	0	0	0	0	0	0	0	0	0	0	80	23	116	101	47	36	99	30	1	50	70	82	27	45	93	54	54	114	113	88	28	41	35	92	73	95	88	10	9	82	55	16	12	22	107	49	19	120	61	59	108	42	7	122	29	128	121	60	27	23	125	113	97	75	79	122	68	76	37	128	46	86	54	34	23	86	123	3	107	45	75	2	84	49	95	110	40	112	10	112	104	22	72	124	80	82	66	36	111	108
0	0	0	0	0	0	0	0	0	0	0	0	0	0	0	0	0	0	0	0	0	0	0	0	0	0	0	0	0	0	0	0	0	0	0	0	0	0	0	65	53	99	114	19	44	101	78	77	96	122	3	69	43	35	117	75	10	124	115	11	56	28	90	107	3	50	115	16	21	20	121	32	102	36	9	84	93	27	16	37	26	42	6	15	31	36	18	121	29	96	118	52	27	8	20	64	65	124	72	54	4	25	119	45	86	36	21	43	128	91	66	107	69	63	26	30	118	101	63	32	75	67	80	85	50	117	79	117
0	0	0	0	0	0	0	0	0	0	0	0	0	0	0	0	0	0	0	0	0	0	0	0	0	0	0	0	0	0	0	0	0	0	0	0	0	0	0	0	56	6	114	92	35	124	43	54	29	2	65	113	5	79	110	94	106	54	95	101	8	12	126	69	92	56	68	108	1	34	10	86	11	44	53	58	76	16	86	72	11	33	115	109	117	90	27	4	59	24	120	37	71	115	32	45	104	73	70	110	9	37	54	38	28	54	25	75	115	82	32	75	27	110	35	98	92	127	113	125	107	113	88	76	83	84	22	127
0	0	0	0	0	0	0	0	0	0	0	0	0	0	0	0	0	0	0	0	0	0	0	0	0	0	0	0	0	0	0	0	0	0	0	0	0	0	0	0	0	126	87	90	77	115	115	121	47	108	97	29	16	56	22	18	49	105	39	120	114	37	123	27	24	82	9	83	75	105	10	61	39	9	29	71	25	109	92	88	23	66	113	72	103	126	86	53	9	121	10	28	99	4	127	41	104	58	46	65	64	8	54	123	26	102	83	75	9	60	28	93	84	29	125	127	106	56	121	66	12	42	18	118	69	34	111	115
0	0	0	0	0	0	0	0	0	0	0	0	0	0	0	0	0	0	0	0	0	0	0	0	0	0	0	0	0	0	0	0	0	0	0	0	0	0	0	0	0	0	38	107	71	107	1	48	12	5	4	64	122	30	106	75	104	97	63	114	48	102	121	27	19	3	98	108	85	123	75	116	2	43	58	41	22	18	82	100	79	102	127	12	97	50	64	127	87	124	94	12	56	114	15	45	84	70	82	32	113	121	45	47	86	42	27	107	110	43	96	7	87	13	72	121	76	118	1	40	4	111	95	85	99	12	102	51
0	0	0	0	0	0	0	0	0	0	0	0	0	0	0	0	0	0	0	0	0	0	0	0	0	0	0	0	0	0	0	0	0	0	0	0	0	0	0	0	0	0	0	70	70	83	115	43	8	60	101	116	38	65	47	110	50	98	10	50	59	108	58	108	71	37	126	103	77	124	24	79	104	107	120	102	4	3	85	87	54	32	15	103	13	77	10	69	101	108	61	102	126	90	119	26	20	40	103	117	50	114	38	119	92	114	84	80	116	109	8	72	53	81	86	7	60	43	126	90	3	122	34	84	50	31	40	81
0	0	0	0	0	0	0	0	0	0	0	0	0	0	0	0	0	0	0	0	0	0	0	0	0	0	0	0	0	0	0	0	0	0	0	0	0	0	0	0	0	0	0	0	66	94	60	23	90	98	20	61	120	87	122	41	91	113	88	75	109	104	26	88	14	62	72	38	6	122	49	23	29	50	22	107	16	87	48	74	127	48	120	23	75	38	34	2	22	120	31	95	9	18	16	85	16	44	23	117	113	127	20	8	110	79	96	57	31	105	24	2	57	41	24	105	86	91	40	44	89	17	120	115	101	66	30	101
0	0	0	0	0	0	0	0	0	0	0	0	0	0	0	0	0	0	0	0	0	0	0	0	0	0	0	0	0	0	0	0	0	0	0	0	0	0	0	0	0	0	0	0	0	2	72	124	23	37	18	30	110	19	34	115	30	127	90	100	37	16	96	61	127	128	36	85	94	31	106	60	48	89	124	102	64	60	34	62	116	88	109	20	115	17	73	100	108	105	12	26	12	61	13	47	121	5	46	67	50	17	80	115	75	19	57	104	41	110	10	90	71	59	111	112	88	91	67	52	52	42	109	50	42	73	3	120
0	0	0	0	0	0	0	0	0	0	0	0	0	0	0	0	0	0	0	0	0	0	0	0	0	0	0	0	0	0	0	0	0	0	0	0	0	0	0	0	0	0	0	0	0	0	93	114	85	107	44	53	116	14	29	12	15	80	82	67	13	112	3	22	122	33	10	16	17	53	18	86	20	83	126	10	24	78	31	20	3	52	55	68	107	19	9	83	8	67	16	91	114	76	123	45	21	25	90	91	28	15	84	43	105	63	23	102	2	58	20	76	39	92	64	56	126	35	80	106	50	109	48	7	48	10	16	125
0	0	0	0	0	0	0	0	0	0	0	0	0	0	0	0	0	0	0	0	0	0	0	0	0	0	0	0	0	0	0	0	0	0	0	0	0	0	0	0	0	0	0	0	0	0	0	128	68	24	63	54	109	7	64	46	25	36	25	32	92	11	71	48	88	53	45	5	37	90	106	93	26	46	14	39	47	31	45	21	111	35	47	19	42	34	128	99	14	40	66	9	104	50	35	50	114	39	112	78	80	48	114	58	99	23	59	2	84	40	90	1	109	38	57	13	125	43	103	83	3	21	57	45	81	76	41	98
0	0	0	0	0	0	0	0	0	0	0	0	0	0	0	0	0	0	0	0	0	0	0	0	0	0	0	0	0	0	0	0	0	0	0	0	0	0	0	0	0	0	0	0	0	0	0	0	37	65	91	56	13	70	24	100	60	65	77	51	49	105	29	87	108	39	22	88	71	102	20	83	105	102	4	29	101	47	25	32	84	40	128	54	115	91	96	22	107	110	16	81	110	90	112	78	43	90	116	52	109	24	53	39	102	44	97	111	65	28	18	54	80	16	52	61	82	97	57	60	23	113	14	100	61	31	30	122
0	0	0	0	0	0	0	0	0	0	0	0	0	0	0	0	0	0	0	0	0	0	0	0	0	0	0	0	0	0	0	0	0	0	0	0	0	0	0	0	0	0	0	0	0	0	0	0	0	71	78	74	51	81	113	52	90	52	128	19	126	109	60	47	75	125	11	4	92	5	114	107	73	44	126	111	58	5	11	29	115	100	91	115	26	62	19	102	36	17	110	78	13	126	83	30	54	25	26	87	54	124	59	73	29	109	102	70	90	114	42	105	90	8	122	4	86	9	83	40	92	61	55	80	1	48	6	21
0	0	0	0	0	0	0	0	0	0	0	0	0	0	0	0	0	0	0	0	0	0	0	0	0	0	0	0	0	0	0	0	0	0	0	0	0	0	0	0	0	0	0	0	0	0	0	0	0	0	13	26	68	21	86	46	44	31	42	41	63	115	97	102	105	33	86	91	66	58	85	94	27	22	44	65	91	110	42	88	69	120	88	84	33	45	10	118	95	36	78	126	62	120	112	91	32	44	126	52	74	71	13	54	52	37	33	98	101	5	25	20	34	105	56	76	107	66	4	113	34	9	26	50	10	106	116	74
0	0	0	0	0	0	0	0	0	0	0	0	0	0	0	0	0	0	0	0	0	0	0	0	0	0	0	0	0	0	0	0	0	0	0	0	0	0	0	0	0	0	0	0	0	0	0	0	0	0	0	44	18	100	74	92	27	70	13	73	109	9	16	11	14	109	14	4	113	115	93	48	28	12	123	58	118	88	32	72	87	65	72	106	4	97	17	120	17	87	52	121	106	65	110	85	49	44	9	51	31	124	48	34	6	111	53	45	118	42	119	88	41	91	60	83	88	109	56	108	93	26	80	120	27	15	70	62
0	0	0	0	0	0	0	0	0	0	0	0	0	0	0	0	0	0	0	0	0	0	0	0	0	0	0	0	0	0	0	0	0	0	0	0	0	0	0	0	0	0	0	0	0	0	0	0	0	0	0	0	6	58	50	36	72	95	15	17	16	96	122	69	71	87	88	2	5	14	27	109	4	105	116	59	26	91	27	66	5	53	3	112	35	38	124	10	114	101	102	122	95	12	58	50	35	62	17	11	45	9	1	55	10	43	51	127	102	65	59	120	113	117	50	30	79	113	127	71	71	85	25	13	95	35	114	48
0	0	0	0	0	0	0	0	0	0	0	0	0	0	0	0	0	0	0	0	0	0	0	0	0	0	0	0	0	0	0	0	0	0	0	0	0	0	0	0	0	0	0	0	0	0	0	0	0	0	0	0	0	54	6	72	58	79	9	13	77	7	106	36	83	40	67	102	39	3	115	118	102	110	90	46	105	33	35	31	111	33	44	95	26	25	106	20	93	30	9	1	84	113	81	91	41	35	118	39	104	30	47	115	4	127	46	21	87	6	6	31	105	105	80	48	82	45	38	50	97	116	121	66	68	120	6	21
0	0	0	0	0	0	0	0	0	0	0	0	0	0	0	0	0	0	0	0	0	0	0	0	0	0	0	0	0	0	0	0	0	0	0	0	0	0	0	0	0	0	0	0	0	0	0	0	0	0	0	0	0	0	81	113	68	71	14	101	82	80	2	51	29	34	107	123	68	31	46	83	9	41	39	74	9	63	1	108	113	48	9	44	114	36	29	23	100	6	4	80	61	100	54	33	53	104	10	37	98	8	10	55	19	26	109	127	123	24	93	127	104	95	106	14	24	28	109	33	77	30	125	7	112	29	43	58
0	0	0	0	0	0	0	0	0	0	0	0	0	0	0	0	0	0	0	0	0	0	0	0	0	0	0	0	0	0	0	0	0	0	0	0	0	0	0	0	0	0	0	0	0	0	0	0	0	0	0	0	0	0	0	15	115	119	43	86	86	94	24	36	1	57	54	126	44	46	118	12	48	17	76	101	114	121	87	73	89	100	20	21	21	55	15	97	55	43	124	7	70	127	41	79	124	33	118	40	23	10	43	6	68	90	126	53	57	54	16	64	71	38	31	38	18	88	128	67	30	14	11	52	18	29	40	73
0	0	0	0	0	0	0	0	0	0	0	0	0	0	0	0	0	0	0	0	0	0	0	0	0	0	0	0	0	0	0	0	0	0	0	0	0	0	0	0	0	0	0	0	0	0	0	0	0	0	0	0	0	0	0	0	112	1	3	73	73	34	53	86	26	72	48	121	14	43	113	123	16	71	100	47	4	71	46	119	55	21	49	30	104	7	48	121	15	114	94	24	33	18	126	30	117	79	38	124	69	4	89	39	56	23	23	38	72	12	100	2	103	76	126	101	76	91	87	19	112	54	19	41	48	110	33	64
0	0	0	0	0	0	0	0	0	0	0	0	0	0	0	0	0	0	0	0	0	0	0	0	0	0	0	0	0	0	0	0	0	0	0	0	0	0	0	0	0	0	0	0	0	0	0	0	0	0	0	0	0	0	0	0	0	112	34	119	8	6	85	101	115	100	91	72	47	39	125	28	28	38	89	116	47	90	64	94	80	15	26	110	75	94	39	124	104	41	76	79	7	34	83	74	92	100	100	121	47	37	79	112	70	127	62	91	125	101	19	52	43	9	42	16	46	57	85	18	79	117	68	44	45	61	52	7
0	0	0	0	0	0	0	0	0	0	0	0	0	0	0	0	0	0	0	0	0	0	0	0	0	0	0	0	0	0	0	0	0	0	0	0	0	0	0	0	0	0	0	0	0	0	0	0	0	0	0	0	0	0	0	0	0	0	121	10	20	88	79	31	85	12	40	61	45	122	90	55	52	18	91	48	102	69	105	37	32	14	87	80	128	67	119	23	102	9	33	85	31	126	63	96	113	29	56	110	56	33	28	40	29	117	99	82	119	17	49	119	4	65	5	100	72	108	105	42	38	70	29	122	91	74	49	7
0	0	0	0	0	0	0	0	0	0	0	0	0	0	0	0	0	0	0	0	0	0	0	0	0	0	0	0	0	0	0	0	0	0	0	0	0	0	0	0	0	0	0	0	0	0	0	0	0	0	0	0	0	0	0	0	0	0	0	52	8	122	126	110	107	81	33	24	69	91	50	91	58	11	117	82	118	39	34	127	115	80	109	13	13	36	21	61	59	124	51	14	117	3	3	19	8	84	65	37	83	80	108	125	113	50	96	108	3	21	116	97	70	4	53	42	109	18	21	125	74	109	89	114	118	95	81	28
0	0	0	0	0	0	0	0	0	0	0	0	0	0	0	0	0	0	0	0	0	0	0	0	0	0	0	0	0	0	0	0	0	0	0	0	0	0	0	0	0	0	0	0	0	0	0	0	0	0	0	0	0	0	0	0	0	0	0	0	108	125	45	117	18	81	33	52	70	28	111	6	122	80	32	18	55	46	59	99	128	50	17	113	114	36	112	62	82	60	78	65	4	56	21	24	117	104	29	105	58	89	69	116	67	41	34	22	18	69	7	69	97	128	46	113	14	33	12	41	92	18	75	103	4	20	118	121
0	0	0	0	0	0	0	0	0	0	0	0	0	0	0	0	0	0	0	0	0	0	0	0	0	0	0	0	0	0	0	0	0	0	0	0	0	0	0	0	0	0	0	0	0	0	0	0	0	0	0	0	0	0	0	0	0	0	0	0	0	36	29	19	43	110	7	64	95	24	91	20	7	60	47	101	57	123	71	77	113	85	28	49	29	67	1	95	29	123	65	73	46	55	100	122	39	15	117	99	50	91	86	24	87	48	115	6	25	108	103	4	18	10	98	48	37	78	15	77	21	51	81	64	105	67	121	111
0	0	0	0	0	0	0	0	0	0	0	0	0	0	0	0	0	0	0	0	0	0	0	0	0	0	0	0	0	0	0	0	0	0	0	0	0	0	0	0	0	0	0	0	0	0	0	0	0	0	0	0	0	0	0	0	0	0	0	0	0	0	42	112	41	3	62	95	85	38	43	21	35	115	102	59	58	66	125	10	104	67	94	103	107	11	11	13	99	38	47	38	111	104	5	104	26	33	30	72	93	84	80	20	96	11	65	75	65	10	4	125	36	7	14	39	104	21	74	82	72	119	37	98	85	39	77	37
0	0	0	0	0	0	0	0	0	0	0	0	0	0	0	0	0	0	0	0	0	0	0	0	0	0	0	0	0	0	0	0	0	0	0	0	0	0	0	0	0	0	0	0	0	0	0	0	0	0	0	0	0	0	0	0	0	0	0	0	0	0	0	49	85	81	25	59	85	43	107	79	97	47	92	127	39	61	96	90	97	7	99	59	41	29	12	119	70	45	30	82	79	59	54	127	31	79	88	119	100	7	110	114	8	42	101	12	94	114	55	117	32	65	63	75	113	36	35	94	103	6	126	37	128	25	14	49
0	0	0	0	0	0	0	0	0	0	0	0	0	0	0	0	0	0	0	0	0	0	0	0	0	0	0	0	0	0	0	0	0	0	0	0	0	0	0	0	0	0	0	0	0	0	0	0	0	0	0	0	0	0	0	0	0	0	0	0	0	0	0	0	11	96	101	50	122	120	86	26	50	26	81	123	115	107	16	80	107	29	128	71	22	47	115	42	71	97	113	107	1	102	109	100	3	8	76	39	115	101	48	10	2	110	75	69	110	99	19	114	98	100	20	33	52	19	50	99	17	96	37	62	87	119	45	89
0	0	0	0	0	0	0	0	0	0	0	0	0	0	0	0	0	0	0	0	0	0	0	0	0	0	0	0	0	0	0	0	0	0	0	0	0	0	0	0	0	0	0	0	0	0	0	0	0	0	0	0	0	0	0	0	0	0	0	0	0	0	0	0	0	72	80	3	10	60	34	126	58	63	123	86	45	83	47	63	18	121	114	68	29	61	58	73	71	46	33	22	71	120	38	127	25	96	11	24	92	2	124	128	46	53	120	111	81	23	87	88	3	28	4	123	72	21	97	86	43	18	36	31	113	106	18	59
0	0	0	0	0	0	0	0	0	0	0	0	0	0	0	0	0	0	0	0	0	0	0	0	0	0	0	0	0	0	0	0	0	0	0	0	0	0	0	0	0	0	0	0	0	0	0	0	0	0	0	0	0	0	0	0	0	0	0	0	0	0	0	0	0	0	127	70	6	86	86	4	116	51	117	54	29	8	17	111	74	9	80	28	81	18	56	109	88	76	87	15	36	103	36	57	29	124	108	72	22	33	114	51	18	2	95	118	19	1	77	96	58	43	75	58	116	97	81	63	24	55	6	65	87	121	30	58
0	0	0	0	0	0	0	0	0	0	0	0	0	0	0	0	0	0	0	0	0	0	0	0	0	0	0	0	0	0	0	0	0	0	0	0	0	0	0	0	0	0	0	0	0	0	0	0	0	0	0	0	0	0	0	0	0	0	0	0	0	0	0	0	0	0	0	81	32	9	97	55	115	57	34	47	5	4	13	11	79	40	120	15	44	73	79	95	85	61	105	15	30	95	73	102	1	87	116	58	108	63	22	102	50	112	56	27	49	46	4	99	118	84	60	77	40	25	9	92	110	14	92	58	65	35	120	87
0	0	0	0	0	0	0	0	0	0	0	0	0	0	0	0	0	0	0	0	0	0	0	0	0	0	0	0	0	0	0	0	0	0	0	0	0	0	0	0	0	0	0	0	0	0	0	0	0	0	0	0	0	0	0	0	0	0	0	0	0	0	0	0	0	0	0	0	78	126	49	90	114	54	115	8	114	4	104	78	54	108	77	67	64	4	45	30	18	79	2	104	48	128	18	14	43	83	113	115	23	3	46	28	58	88	45	59	122	55	24	87	58	78	4	128	106	76	100	109	84	84	14	86	71	102	45	128
0	0	0	0	0	0	0	0	0	0	0	0	0	0	0	0	0	0	0	0	0	0	0	0	0	0	0	0	0	0	0	0	0	0	0	0	0	0	0	0	0	0	0	0	0	0	0	0	0	0	0	0	0	0	0	0	0	0	0	0	0	0	0	0	0	0	0	0	0	17	43	84	124	46	6	36	107	71	123	109	112	109	51	121	85	90	95	59	57	101	67	42	88	92	44	77	110	106	56	14	78	119	58	42	80	31	80	22	112	9	118	62	31	6	64	91	18	9	117	82	15	66	42	27	85	54	79	122
0	0	0	0	0	0	0	0	0	0	0	0	0	0	0	0	0	0	0	0	0	0	0	0	0	0	0	0	0	0	0	0	0	0	0	0	0	0	0	0	0	0	0	0	0	0	0	0	0	0	0	0	0	0	0	0	0	0	0	0	0	0	0	0	0	0	0	0	0	0	45	118	77	41	84	16	15	123	55	47	57	17	127	8	26	70	51	33	4	57	106	49	25	53	115	95	101	45	57	67	47	2	123	52	10	50	118	44	70	31	28	57	55	80	51	113	126	54	79	116	89	34	52	82	98	111	108	53
0	0	0	0	0	0	0	0	0	0	0	0	0	0	0	0	0	0	0	0	0	0	0	0	0	0	0	0	0	0	0	0	0	0	0	0	0	0	0	0	0	0	0	0	0	0	0	0	0	0	0	0	0	0	0	0	0	0	0	0	0	0	0	0	0	0	0	0	0	0	0	36	34	122	77	108	98	30	107	91	50	46	59	18	14	78	1	117	83	94	124	64	92	19	71	68	93	64	51	80	55	119	88	43	33	48	22	53	5	11	65	18	92	102	8	72	72	97	15	22	86	60	85	43	94	94	6	51
0	0	0	0	0	0	0	0	0	0	0	0	0	0	0	0	0	0	0	0	0	0	0	0	0	0	0	0	0	0	0	0	0	0	0	0	0	0	0	0	0	0	0	0	0	0	0	0	0	0	0	0	0	0	0	0	0	0	0	0	0	0	0	0	0	0	0	0	0	0	0	0	116	48	38	23	37	89	33	99	64	61	119	33	15	54	18	101	77	90	65	87	126	71	13	76	71	80	88	12	102	74	76	47	58	125	73	125	72	27	11	120	42	2	38	32	39	118	23	32	31	30	46	122	78	94	53	64
0	0	0	0	0	0	0	0	0	0	0	0	0	0	0	0	0	0	0	0	0	0	0	0	0	0	0	0	0	0	0	0	0	0	0	0	0	0	0	0	0	0	0	0	0	0	0	0	0	0	0	0	0	0	0	0	0	0	0	0	0	0	0	0	0	0	0	0	0	0	0	0	0	9	31	69	62	31	67	64	117	30	78	41	106	96	5	90	89	24	16	40	74	125	102	17	48	75	116	95	16	38	92	8	88	85	86	10	119	76	75	128	37	11	65	20	79	68	37	120	8	75	68	92	25	8	32	99
0	0	0	0	0	0	0	0	0	0	0	0	0	0	0	0	0	0	0	0	0	0	0	0	0	0	0	0	0	0	0	0	0	0	0	0	0	0	0	0	0	0	0	0	0	0	0	0	0	0	0	0	0	0	0	0	0	0	0	0	0	0	0	0	0	0	0	0	0	0	0	0	0	0	120	120	100	103	107	76	74	53	55	118	96	60	88	28	115	109	30	45	72	62	103	6	101	94	80	89	5	121	108	72	37	53	90	70	52	87	94	68	62	62	78	28	85	118	41	108	2	113	124	113	33	104	3	49
0	0	0	0	0	0	0	0	0	0	0	0	0	0	0	0	0	0	0	0	0	0	0	0	0	0	0	0	0	0	0	0	0	0	0	0	0	0	0	0	0	0	0	0	0	0	0	0	0	0	0	0	0	0	0	0	0	0	0	0	0	0	0	0	0	0	0	0	0	0	0	0	0	0	0	22	46	63	89	125	124	117	59	118	103	81	58	41	116	33	28	124	93	30	22	57	44	22	12	126	15	101	115	21	12	39	75	48	18	35	87	59	107	70	126	18	77	41	108	12	77	71	29	34	84	84	122	62
0	0	0	0	0	0	0	0	0	0	0	0	0	0	0	0	0	0	0	0	0	0	0	0	0	0	0	0	0	0	0	0	0	0	0	0	0	0	0	0	0	0	0	0	0	0	0	0	0	0	0	0	0	0	0	0	0	0	0	0	0	0	0	0	0	0	0	0	0	0	0	0	0	0	0	0	76	126	31	22	50	128	37	122	4	14	5	21	61	66	64	120	128	54	39	48	55	32	33	56	34	27	1	6	9	60	55	79	34	23	45	114	105	6	85	54	50	100	1	77	112	6	66	34	25	42	4	32
0	0	0	0	0	0	0	0	0	0	0	0	0	0	0	0	0	0	0	0	0	0	0	0	0	0	0	0	0	0	0	0	0	0	0	0	0	0	0	0	0	0	0	0	0	0	0	0	0	0	0	0	0	0	0	0	0	0	0	0	0	0	0	0	0	0	0	0	0	0	0	0	0	0	0	0	0	81	45	97	85	15	30	46	14	66	118	121	16	86	38	33	29	81	83	80	97	51	105	122	84	116	113	51	86	26	69	25	33	99	41	63	22	92	2	18	76	37	55	61	93	100	113	31	54	5	31	92
0	0	0	0	0	0	0	0	0	0	0	0	0	0	0	0	0	0	0	0	0	0	0	0	0	0	0	0	0	0	0	0	0	0	0	0	0	0	0	0	0	0	0	0	0	0	0	0	0	0	0	0	0	0	0	0	0	0	0	0	0	0	0	0	0	0	0	0	0	0	0	0	0	0	0	0	0	0	72	38	73	56	78	80	4	64	24	26	28	115	95	60	62	55	52	101	53	64	60	36	126	5	76	40	119	12	33	64	96	86	68	116	93	57	27	89	85	103	8	31	106	110	29	31	118	51	111	48
0	0	0	0	0	0	0	0	0	0	0	0	0	0	0	0	0	0	0	0	0	0	0	0	0	0	0	0	0	0	0	0	0	0	0	0	0	0	0	0	0	0	0	0	0	0	0	0	0	0	0	0	0	0	0	0	0	0	0	0	0	0	0	0	0	0	0	0	0	0	0	0	0	0	0	0	0	0	0	106	86	123	25	84	1	17	96	38	75	105	83	8	29	65	55	48	21	84	6	13	51	128	48	79	63	104	99	103	112	97	100	121	45	9	123	128	50	96	48	7	26	86	38	44	3	102	72	18
0	0	0	0	0	0	0	0	0	0	0	0	0	0	0	0	0	0	0	0	0	0	0	0	0	0	0	0	0	0	0	0	0	0	0	0	0	0	0	0	0	0	0	0	0	0	0	0	0	0	0	0	0	0	0	0	0	0	0	0	0	0	0	0	0	0	0	0	0	0	0	0	0	0	0	0	0	0	0	0	33	24	14	76	115	110	43	108	40	72	112	44	12	57	113	51	22	100	97	24	122	128	9	83	36	90	74	60	54	105	59	60	104	96	48	39	81	59	96	16	112	13	87	99	23	113	119	126
0	0	0	0	0	0	0	0	0	0	0	0	0	0	0	0	0	0	0	0	0	0	0	0	0	0	0	0	0	0	0	0	0	0	0	0	0	0	0	0	0	0	0	0	0	0	0	0	0	0	0	0	0	0	0	0	0	0	0	0	0	0	0	0	0	0	0	0	0	0	0	0	0	0	0	0	0	0	0	0	0	43	115	47	100	119	125	114	115	6	70	24	10	74	40	95	111	56	85	40	95	62	2	15	67	111	64	36	31	94	15	10	56	69	22	114	42	102	83	10	93	94	82	2	44	127	28	87
0	0	0	0	0	0	0	0	0	0	0	0	0	0	0	0	0	0	0	0	0	0	0	0	0	0	0	0	0	0	0	0	0	0	0	0	0	0	0	0	0	0	0	0	0	0	0	0	0	0	0	0	0	0	0	0	0	0	0	0	0	0	0	0	0	0	0	0	0	0	0	0	0	0	0	0	0	0	0	0	0	0	85	39	16	56	35	56	46	102	27	44	13	45	15	34	45	71	71	11	53	19	128	43	28	20	11	30	55	55	38	26	83	114	102	60	75	117	12	8	93	23	72	63	57	79	36	46
0	0	0	0	0	0	0	0	0	0	0	0	0	0	0	0	0	0	0	0	0	0	0	0	0	0	0	0	0	0	0	0	0	0	0	0	0	0	0	0	0	0	0	0	0	0	0	0	0	0	0	0	0	0	0	0	0	0	0	0	0	0	0	0	0	0	0	0	0	0	0	0	0	0	0	0	0	0	0	0	0	0	0	16	29	93	78	37	4	60	106	94	33	4	58	48	21	64	70	43	38	3	23	41	19	127	35	94	126	45	77	66	108	127	81	64	69	56	76	109	54	45	123	49	94	42	26	99
0	0	0	0	0	0	0	0	0	0	0	0	0	0	0	0	0	0	0	0	0	0	0	0	0	0	0	0	0	0	0	0	0	0	0	0	0	0	0	0	0	0	0	0	0	0	0	0	0	0	0	0	0	0	0	0	0	0	0	0	0	0	0	0	0	0	0	0	0	0	0	0	0	0	0	0	0	0	0	0	0	0	0	0	27	5	83	31	6	12	41	22	5	113	34	38	116	96	99	80	60	74	28	111	85	123	57	75	70	128	78	4	75	109	125	106	29	60	81	53	14	110	2	48	33	9	122	56
0	0	0	0	0	0	0	0	0	0	0	0	0	0	0	0	0	0	0	0	0	0	0	0	0	0	0	0	0	0	0	0	0	0	0	0	0	0	0	0	0	0	0	0	0	0	0	0	0	0	0	0	0	0	0	0	0	0	0	0	0	0	0	0	0	0	0	0	0	0	0	0	0	0	0	0	0	0	0	0	0	0	0	0	0	97	99	83	6	115	9	44	53	1	16	65	77	103	46	28	20	91	117	63	96	11	33	23	126	113	46	17	15	28	84	125	124	118	17	113	2	68	17	42	46	60	77	87
0	0	0	0	0	0	0	0	0	0	0	0	0	0	0	0	0	0	0	0	0	0	0	0	0	0	0	0	0	0	0	0	0	0	0	0	0	0	0	0	0	0	0	0	0	0	0	0	0	0	0	0	0	0	0	0	0	0	0	0	0	0	0	0	0	0	0	0	0	0	0	0	0	0	0	0	0	0	0	0	0	0	0	0	0	0	6	26	128	121	104	116	45	6	119	94	52	46	50	30	17	66	41	91	110	124	36	127	103	111	32	50	125	92	119	115	56	62	10	23	42	88	126	29	62	124	66	92
0	0	0	0	0	0	0	0	0	0	0	0	0	0	0	0	0	0	0	0	0	0	0	0	0	0	0	0	0	0	0	0	0	0	0	0	0	0	0	0	0	0	0	0	0	0	0	0	0	0	0	0	0	0	0	0	0	0	0	0	0	0	0	0	0	0	0	0	0	0	0	0	0	0	0	0	0	0	0	0	0	0	0	0	0	0	0	82	9	2	113	52	80	128	3	31	118	62	6	49	60	89	89	15	94	101	22	86	32	67	16	78	74	5	75	75	67	77	106	103	110	74	126	69	64	101	42	14
0	0	0	0	0	0	0	0	0	0	0	0	0	0	0	0	0	0	0	0	0	0	0	0	0	0	0	0	0	0	0	0	0	0	0	0	0	0	0	0	0	0	0	0	0	0	0	0	0	0	0	0	0	0	0	0	0	0	0	0	0	0	0	0	0	0	0	0	0	0	0	0	0	0	0	0	0	0	0	0	0	0	0	0	0	0	0	0	101	10	82	56	10	108	47	80	121	52	87	62	123	79	128	33	40	82	28	18	70	123	73	28	4	102	102	126	113	60	57	20	81	127	93	61	72	18	118	81
0	0	0	0	0	0	0	0	0	0	0	0	0	0	0	0	0	0	0	0	0	0	0	0	0	0	0	0	0	0	0	0	0	0	0	0	0	0	0	0	0	0	0	0	0	0	0	0	0	0	0	0	0	0	0	0	0	0	0	0	0	0	0	0	0	0	0	0	0	0	0	0	0	0	0	0	0	0	0	0	0	0	0	0	0	0	0	0	0	34	21	53	64	6	24	106	71	59	113	60	126	125	107	21	12	81	9	67	85	63	43	41	85	38	72	73	10	120	46	104	21	57	95	33	90	93	111	16
0	0	0	0	0	0	0	0	0	0	0	0	0	0	0	0	0	0	0	0	0	0	0	0	0	0	0	0	0	0	0	0	0	0	0	0	0	0	0	0	0	0	0	0	0	0	0	0	0	0	0	0	0	0	0	0	0	0	0	0	0	0	0	0	0	0	0	0	0	0	0	0	0	0	0	0	0	0	0	0	0	0	0	0	0	0	0	0	0	0	127	24	82	108	73	58	67	112	35	38	103	111	113	24	87	117	122	68	43	71	20	8	78	36	14	25	71	61	19	98	106	78	25	94	101	32	3	86
0	0	0	0	0	0	0	0	0	0	0	0	0	0	0	0	0	0	0	0	0	0	0	0	0	0	0	0	0	0	0	0	0	0	0	0	0	0	0	0	0	0	0	0	0	0	0	0	0	0	0	0	0	0	0	0	0	0	0	0	0	0	0	0	0	0	0	0	0	0	0	0	0	0	0	0	0	0	0	0	0	0	0	0	0	0	0	0	0	0	0	1	12	14	13	128	84	20	6	33	32	45	90	104	13	18	118	51	59	110	17	102	75	78	105	37	48	79	109	83	38	63	58	76	89	15	12	68
0	0	0	0	0	0	0	0	0	0	0	0	0	0	0	0	0	0	0	0	0	0	0	0	0	0	0	0	0	0	0	0	0	0	0	0	0	0	0	0	0	0	0	0	0	0	0	0	0	0	0	0	0	0	0	0	0	0	0	0	0	0	0	0	0	0	0	0	0	0	0	0	0	0	0	0	0	0	0	0	0	0	0	0	0	0	0	0	0	0	0	0	10	29	57	104	97	108	123	106	72	96	9	125	18	70	102	122	109	110	66	76	90	41	70	115	97	95	20	63	48	127	102	122	37	55	3	21
0	0	0	0	0	0	0	0	0	0	0	0	0	0	0	0	0	0	0	0	0	0	0	0	0	0	0	0	0	0	0	0	0	0	0	0	0	0	0	0	0	0	0	0	0	0	0	0	0	0	0	0	0	0	0	0	0	0	0	0	0	0	0	0	0	0	0	0	0	0	0	0	0	0	0	0	0	0	0	0	0	0	0	0	0	0	0	0	0	0	0	0	0	46	109	23	102	127	22	122	105	122	31	97	79	57	106	20	127	116	65	85	81	78	85	60	55	117	29	71	21	118	21	53	124	122	60	120
0	0	0	0	0	0	0	0	0	0	0	0	0	0	0	0	0	0	0	0	0	0	0	0	0	0	0	0	0	0	0	0	0	0	0	0	0	0	0	0	0	0	0	0	0	0	0	0	0	0	0	0	0	0	0	0	0	0	0	0	0	0	0	0	0	0	0	0	0	0	0	0	0	0	0	0	0	0	0	0	0	0	0	0	0	0	0	0	0	0	0	0	0	0	44	27	121	75	14	91	44	52	9	15	21	43	52	69	50	118	73	50	87	88	51	50	117	2	7	32	105	17	54	117	80	125	28	33
0	0	0	0	0	0	0	0	0	0	0	0	0	0	0	0	0	0	0	0	0	0	0	0	0	0	0	0	0	0	0	0	0	0	0	0	0	0	0	0	0	0	0	0	0	0	0	0	0	0	0	0	0	0	0	0	0	0	0	0	0	0	0	0	0	0	0	0	0	0	0	0	0	0	0	0	0	0	0	0	0	0	0	0	0	0	0	0	0	0	0	0	0	0	0	2	51	62	24	111	31	76	20	57	15	4	98	73	1	94	13	59	87	53	49	20	26	70	45	64	4	58	22	119	113	74	117	103
0	0	0	0	0	0	0	0	0	0	0	0	0	0	0	0	0	0	0	0	0	0	0	0	0	0	0	0	0	0	0	0	0	0	0	0	0	0	0	0	0	0	0	0	0	0	0	0	0	0	0	0	0	0	0	0	0	0	0	0	0	0	0	0	0	0	0	0	0	0	0	0	0	0	0	0	0	0	0	0	0	0	0	0	0	0	0	0	0	0	0	0	0	0	0	0	96	82	9	116	82	32	105	93	61	111	41	128	33	64	88	122	97	94	96	61	17	53	56	92	20	68	51	57	40	71	128	41
0	0	0	0	0	0	0	0	0	0	0	0	0	0	0	0	0	0	0	0	0	0	0	0	0	0	0	0	0	0	0	0	0	0	0	0	0	0	0	0	0	0	0	0	0	0	0	0	0	0	0	0	0	0	0	0	0	0	0	0	0	0	0	0	0	0	0	0	0	0	0	0	0	0	0	0	0	0	0	0	0	0	0	0	0	0	0	0	0	0	0	0	0	0	0	0	0	107	46	108	78	67	7	128	17	45	81	8	46	28	75	39	54	12	115	53	116	25	14	83	44	108	48	37	112	88	126	123
0	0	0	0	0	0	0	0	0	0	0	0	0	0	0	0	0	0	0	0	0	0	0	0	0	0	0	0	0	0	0	0	0	0	0	0	0	0	0	0	0	0	0	0	0	0	0	0	0	0	0	0	0	0	0	0	0	0	0	0	0	0	0	0	0	0	0	0	0	0	0	0	0	0	0	0	0	0	0	0	0	0	0	0	0	0	0	0	0	0	0	0	0	0	0	0	0	0	67	53	106	44	75	51	18	122	119	43	71	96	86	15	20	30	4	117	122	20	111	38	98	113	73	55	63	46	10	29
0	0	0	0	0	0	0	0	0	0	0	0	0	0	0	0	0	0	0	0	0	0	0	0	0	0	0	0	0	0	0	0	0	0	0	0	0	0	0	0	0	0	0	0	0	0	0	0	0	0	0	0	0	0	0	0	0	0	0	0	0	0	0	0	0	0	0	0	0	0	0	0	0	0	0	0	0	0	0	0	0	0	0	0	0	0	0	0	0	0	0	0	0	0	0	0	0	0	0	109	102	63	52	47	19	74	115	3	73	86	37	42	66	109	19	98	77	41	86	108	61	17	24	65	69	38	54	63
0	0	0	0	0	0	0	0	0	0	0	0	0	0	0	0	0	0	0	0	0	0	0	0	0	0	0	0	0	0	0	0	0	0	0	0	0	0	0	0	0	0	0	0	0	0	0	0	0	0	0	0	0	0	0	0	0	0	0	0	0	0	0	0	0	0	0	0	0	0	0	0	0	0	0	0	0	0	0	0	0	0	0	0	0	0	0	0	0	0	0	0	0	0	0	0	0	0	0	0	101	10	21	104	29	26	68	4	36	108	8	83	21	73	53	18	126	65	19	96	21	116	115	113	63	34	13	60
0	0	0	0	0	0	0	0	0	0	0	0	0	0	0	0	0	0	0	0	0	0	0	0	0	0	0	0	0	0	0	0	0	0	0	0	0	0	0	0	0	0	0	0	0	0	0	0	0	0	0	0	0	0	0	0	0	0	0	0	0	0	0	0	0	0	0	0	0	0	0	0	0	0	0	0	0	0	0	0	0	0	0	0	0	0	0	0	0	0	0	0	0	0	0	0	0	0	0	0	0	10	50	127	91	120	47	29	26	18	98	112	98	65	36	58	39	93	115	72	112	31	113	51	9	61	104	109
0	0	0	0	0	0	0	0	0	0	0	0	0	0	0	0	0	0	0	0	0	0	0	0	0	0	0	0	0	0	0	0	0	0	0	0	0	0	0	0	0	0	0	0	0	0	0	0	0	0	0	0	0	0	0	0	0	0	0	0	0	0	0	0	0	0	0	0	0	0	0	0	0	0	0	0	0	0	0	0	0	0	0	0	0	0	0	0	0	0	0	0	0	0	0	0	0	0	0	0	0	0	21	12	15	82	52	63	122	11	9	69	42	62	60	84	35	5	65	46	8	113	51	124	117	122	93	125
0	0	0	0	0	0	0	0	0	0	0	0	0	0	0	0	0	0	0	0	0	0	0	0	0	0	0	0	0	0	0	0	0	0	0	0	0	0	0	0	0	0	0	0	0	0	0	0	0	0	0	0	0	0	0	0	0	0	0	0	0	0	0	0	0	0	0	0	0	0	0	0	0	0	0	0	0	0	0	0	0	0	0	0	0	0	0	0	0	0	0	0	0	0	0	0	0	0	0	0	0	0	0	69	8	114	42	37	28	22	121	109	126	49	64	37	61	8	5	53	79	39	4	26	56	126	48	115
0	0	0	0	0	0	0	0	0	0	0	0	0	0	0	0	0	0	0	0	0	0	0	0	0	0	0	0	0	0	0	0	0	0	0	0	0	0	0	0	0	0	0	0	0	0	0	0	0	0	0	0	0	0	0	0	0	0	0	0	0	0	0	0	0	0	0	0	0	0	0	0	0	0	0	0	0	0	0	0	0	0	0	0	0	0	0	0	0	0	0	0	0	0	0	0	0	0	0	0	0	0	0	0	102	119	60	97	7	21	53	16	93	105	82	34	54	3	79	119	45	23	21	73	32	84	72	124
0	0	0	0	0	0	0	0	0	0	0	0	0	0	0	0	0	0	0	0	0	0	0	0	0	0	0	0	0	0	0	0	0	0	0	0	0	0	0	0	0	0	0	0	0	0	0	0	0	0	0	0	0	0	0	0	0	0	0	0	0	0	0	0	0	0	0	0	0	0	0	0	0	0	0	0	0	0	0	0	0	0	0	0	0	0	0	0	0	0	0	0	0	0	0	0	0	0	0	0	0	0	0	0	0	116	50	53	58	109	71	20	23	12	61	46	29	120	32	14	79	22	38	95	115	27	118	119
0	0	0	0	0	0	0	0	0	0	0	0	0	0	0	0	0	0	0	0	0	0	0	0	0	0	0	0	0	0	0	0	0	0	0	0	0	0	0	0	0	0	0	0	0	0	0	0	0	0	0	0	0	0	0	0	0	0	0	0	0	0	0	0	0	0	0	0	0	0	0	0	0	0	0	0	0	0	0	0	0	0	0	0	0	0	0	0	0	0	0	0	0	0	0	0	0	0	0	0	0	0	0	0	0	0	47	112	8	23	127	109	72	54	45	43	70	106	93	94	90	28	93	17	44	34	3	63
0	0	0	0	0	0	0	0	0	0	0	0	0	0	0	0	0	0	0	0	0	0	0	0	0	0	0	0	0	0	0	0	0	0	0	0	0	0	0	0	0	0	0	0	0	0	0	0	0	0	0	0	0	0	0	0	0	0	0	0	0	0	0	0	0	0	0	0	0	0	0	0	0	0	0	0	0	0	0	0	0	0	0	0	0	0	0	0	0	0	0	0	0	0	0	0	0	0	0	0	0	0	0	0	0	0	0	95	115	117	95	10	30	102	12	113	21	115	112	47	27	120	103	49	21	48	46	10
0	0	0	0	0	0	0	0	0	0	0	0	0	0	0	0	0	0	0	0	0	0	0	0	0	0	0	0	0	0	0	0	0	0	0	0	0	0	0	0	0	0	0	0	0	0	0	0	0	0	0	0	0	0	0	0	0	0	0	0	0	0	0	0	0	0	0	0	0	0	0	0	0	0	0	0	0	0	0	0	0	0	0	0	0	0	0	0	0	0	0	0	0	0	0	0	0	0	0	0	0	0	0	0	0	0	0	0	36	92	94	69	118	114	85	24	17	126	48	7	83	36	113	115	11	43	17	1
0	0	0	0	0	0	0	0	0	0	0	0	0	0	0	0	0	0	0	0	0	0	0	0	0	0	0	0	0	0	0	0	0	0	0	0	0	0	0	0	0	0	0	0	0	0	0	0	0	0	0	0	0	0	0	0	0	0	0	0	0	0	0	0	0	0	0	0	0	0	0	0	0	0	0	0	0	0	0	0	0	0	0	0	0	0	0	0	0	0	0	0	0	0	0	0	0	0	0	0	0	0	0	0	0	0	0	0	0	83	26	83	6	18	21	116	1	9	106	38	119	107	45	84	59	45	90	57
0	0	0	0	0	0	0	0	0	0	0	0	0	0	0	0	0	0	0	0	0	0	0	0	0	0	0	0	0	0	0	0	0	0	0	0	0	0	0	0	0	0	0	0	0	0	0	0	0	0	0	0	0	0	0	0	0	0	0	0	0	0	0	0	0	0	0	0	0	0	0	0	0	0	0	0	0	0	0	0	0	0	0	0	0	0	0	0	0	0	0	0	0	0	0	0	0	0	0	0	0	0	0	0	0	0	0	0	0	0	53	111	15	86	54	113	105	122	118	13	45	125	102	46	8	49	22	96
0	0	0	0	0	0	0	0	0	0	0	0	0	0	0	0	0	0	0	0	0	0	0	0	0	0	0	0	0	0	0	0	0	0	0	0	0	0	0	0	0	0	0	0	0	0	0	0	0	0	0	0	0	0	0	0	0	0	0	0	0	0	0	0	0	0	0	0	0	0	0	0	0	0	0	0	0	0	0	0	0	0	0	0	0	0	0	0	0	0	0	0	0	0	0	0	0	0	0	0	0	0	0	0	0	0	0	0	0	0	0	76	94	87	87	49	51	80	93	52	54	30	54	51	65	36	66	104
0	0	0	0	0	0	0	0	0	0	0	0	0	0	0	0	0	0	0	0	0	0	0	0	0	0	0	0	0	0	0	0	0	0	0	0	0	0	0	0	0	0	0	0	0	0	0	0	0	0	0	0	0	0	0	0	0	0	0	0	0	0	0	0	0	0	0	0	0	0	0	0	0	0	0	0	0	0	0	0	0	0	0	0	0	0	0	0	0	0	0	0	0	0	0	0	0	0	0	0	0	0	0	0	0	0	0	0	0	0	0	0	69	96	116	7	12	71	54	106	96	22	59	11	59	47	57	76
0	0	0	0	0	0	0	0	0	0	0	0	0	0	0	0	0	0	0	0	0	0	0	0	0	0	0	0	0	0	0	0	0	0	0	0	0	0	0	0	0	0	0	0	0	0	0	0	0	0	0	0	0	0	0	0	0	0	0	0	0	0	0	0	0	0	0	0	0	0	0	0	0	0	0	0	0	0	0	0	0	0	0	0	0	0	0	0	0	0	0	0	0	0	0	0	0	0	0	0	0	0	0	0	0	0	0	0	0	0	0	0	0	99	58	46	21	75	77	105	112	41	14	114	1	49	24	26
0	0	0	0	0	0	0	0	0	0	0	0	0	0	0	0	0	0	0	0	0	0	0	0	0	0	0	0	0	0	0	0	0	0	0	0	0	0	0	0	0	0	0	0	0	0	0	0	0	0	0	0	0	0	0	0	0	0	0	0	0	0	0	0	0	0	0	0	0	0	0	0	0	0	0	0	0	0	0	0	0	0	0	0	0	0	0	0	0	0	0	0	0	0	0	0	0	0	0	0	0	0	0	0	0	0	0	0	0	0	0	0	0	0	65	109	45	58	55	85	48	106	108	104	91	120	76	8
0	0	0	0	0	0	0	0	0	0	0	0	0	0	0	0	0	0	0	0	0	0	0	0	0	0	0	0	0	0	0	0	0	0	0	0	0	0	0	0	0	0	0	0	0	0	0	0	0	0	0	0	0	0	0	0	0	0	0	0	0	0	0	0	0	0	0	0	0	0	0	0	0	0	0	0	0	0	0	0	0	0	0	0	0	0	0	0	0	0	0	0	0	0	0	0	0	0	0	0	0	0	0	0	0	0	0	0	0	0	0	0	0	0	0	111	30	18	69	14	124	66	71	123	112	17	54	127
0	0	0	0	0	0	0	0	0	0	0	0	0	0	0	0	0	0	0	0	0	0	0	0	0	0	0	0	0	0	0	0	0	0	0	0	0	0	0	0	0	0	0	0	0	0	0	0	0	0	0	0	0	0	0	0	0	0	0	0	0	0	0	0	0	0	0	0	0	0	0	0	0	0	0	0	0	0	0	0	0	0	0	0	0	0	0	0	0	0	0	0	0	0	0	0	0	0	0	0	0	0	0	0	0	0	0	0	0	0	0	0	0	0	0	0	126	10	2	7	78	10	91	127	11	121	72	122
0	0	0	0	0	0	0	0	0	0	0	0	0	0	0	0	0	0	0	0	0	0	0	0	0	0	0	0	0	0	0	0	0	0	0	0	0	0	0	0	0	0	0	0	0	0	0	0	0	0	0	0	0	0	0	0	0	0	0	0	0	0	0	0	0	0	0	0	0	0	0	0	0	0	0	0	0	0	0	0	0	0	0	0	0	0	0	0	0	0	0	0	0	0	0	0	0	0	0	0	0	0	0	0	0	0	0	0	0	0	0	0	0	0	0	0	0	65	24	44	66	121	84	47	73	90	21	109
0	0	0	0	0	0	0	0	0	0	0	0	0	0	0	0	0	0	0	0	0	0	0	0	0	0	0	0	0	0	0	0	0	0	0	0	0	0	0	0	0	0	0	0	0	0	0	0	0	0	0	0	0	0	0	0	0	0	0	0	0	0	0	0	0	0	0	0	0	0	0	0	0	0	0	0	0	0	0	0	0	0	0	0	0	0	0	0	0	0	0	0	0	0	0	0	0	0	0	0	0	0	0	0	0	0	0	0	0	0	0	0	0	0	0	0	0	0	63	27	33	26	80	115	120	103	60	67
0	0	0	0	0	0	0	0	0	0	0	0	0	0	0	0	0	0	0	0	0	0	0	0	0	0	0	0	0	0	0	0	0	0	0	0	0	0	0	0	0	0	0	0	0	0	0	0	0	0	0	0	0	0	0	0	0	0	0	0	0	0	0	0	0	0	0	0	0	0	0	0	0	0	0	0	0	0	0	0	0	0	0	0	0	0	0	0	0	0	0	0	0	0	0	0	0	0	0	0	0	0	0	0	0	0	0	0	0	0	0	0	0	0	0	0	0	0	0	31	93	67	100	107	41	57	66	98
0	0	0	0	0	0	0	0	0	0	0	0	0	0	0	0	0	0	0	0	0	0	0	0	0	0	0	0	0	0	0	0	0	0	0	0	0	0	0	0	0	0	0	0	0	0	0	0	0	0	0	0	0	0	0	0	0	0	0	0	0	0	0	0	0	0	0	0	0	0	0	0	0	0	0	0	0	0	0	0	0	0	0	0	0	0	0	0	0	0	0	0	0	0	0	0	0	0	0	0	0	0	0	0	0	0	0	0	0	0	0	0	0	0	0	0	0	0	0	0	94	60	20	54	68	82	98	96
0	0	0	0	0	0	0	0	0	0	0	0	0	0	0	0	0	0	0	0	0	0	0	0	0	0	0	0	0	0	0	0	0	0	0	0	0	0	0	0	0	0	0	0	0	0	0	0	0	0	0	0	0	0	0	0	0	0	0	0	0	0	0	0	0	0	0	0	0	0	0	0	0	0	0	0	0	0	0	0	0	0	0	0	0	0	0	0	0	0	0	0	0	0	0	0	0	0	0	0	0	0	0	0	0	0	0	0	0	0	0	0	0	0	0	0	0	0	0	0	0	60	40	107	79	57	12	7
0	0	0	0	0	0	0	0	0	0	0	0	0	0	0	0	0	0	0	0	0	0	0	0	0	0	0	0	0	0	0	0	0	0	0	0	0	0	0	0	0	0	0	0	0	0	0	0	0	0	0	0	0	0	0	0	0	0	0	0	0	0	0	0	0	0	0	0	0	0	0	0	0	0	0	0	0	0	0	0	0	0	0	0	0	0	0	0	0	0	0	0	0	0	0	0	0	0	0	0	0	0	0	0	0	0	0	0	0	0	0	0	0	0	0	0	0	0	0	0	0	0	93	32	12	24	20	21
0	0	0	0	0	0	0	0	0	0	0	0	0	0	0	0	0	0	0	0	0	0	0	0	0	0	0	0	0	0	0	0	0	0	0	0	0	0	0	0	0	0	0	0	0	0	0	0	0	0	0	0	0	0	0	0	0	0	0	0	0	0	0	0	0	0	0	0	0	0	0	0	0	0	0	0	0	0	0	0	0	0	0	0	0	0	0	0	0	0	0	0	0	0	0	0	0	0	0	0	0	0	0	0	0	0	0	0	0	0	0	0	0	0	0	0	0	0	0	0	0	0	0	22	61	25	100	2
0	0	0	0	0	0	0	0	0	0	0	0	0	0	0	0	0	0	0	0	0	0	0	0	0	0	0	0	0	0	0	0	0	0	0	0	0	0	0	0	0	0	0	0	0	0	0	0	0	0	0	0	0	0	0	0	0	0	0	0	0	0	0	0	0	0	0	0	0	0	0	0	0	0	0	0	0	0	0	0	0	0	0	0	0	0	0	0	0	0	0	0	0	0	0	0	0	0	0	0	0	0	0	0	0	0	0	0	0	0	0	0	0	0	0	0	0	0	0	0	0	0	0	0	30	43	113	86
0	0	0	0	0	0	0	0	0	0	0	0	0	0	0	0	0	0	0	0	0	0	0	0	0	0	0	0	0	0	0	0	0	0	0	0	0	0	0	0	0	0	0	0	0	0	0	0	0	0	0	0	0	0	0	0	0	0	0	0	0	0	0	0	0	0	0	0	0	0	0	0	0	0	0	0	0	0	0	0	0	0	0	0	0	0	0	0	0	0	0	0	0	0	0	0	0	0	0	0	0	0	0	0	0	0	0	0	0	0	0	0	0	0	0	0	0	0	0	0	0	0	0	0	0	34	67	91
0	0	0	0	0	0	0	0	0	0	0	0	0	0	0	0	0	0	0	0	0	0	0	0	0	0	0	0	0	0	0	0	0	0	0	0	0	0	0	0	0	0	0	0	0	0	0	0	0	0	0	0	0	0	0	0	0	0	0	0	0	0	0	0	0	0	0	0	0	0	0	0	0	0	0	0	0	0	0	0	0	0	0	0	0	0	0	0	0	0	0	0	0	0	0	0	0	0	0	0	0	0	0	0	0	0	0	0	0	0	0	0	0	0	0	0	0	0	0	0	0	0	0	0	0	0	97	92
0	0	0	0	0	0	0	0	0	0	0	0	0	0	0	0	0	0	0	0	0	0	0	0	0	0	0	0	0	0	0	0	0	0	0	0	0	0	0	0	0	0	0	0	0	0	0	0	0	0	0	0	0	0	0	0	0	0	0	0	0	0	0	0	0	0	0	0	0	0	0	0	0	0	0	0	0	0	0	0	0	0	0	0	0	0	0	0	0	0	0	0	0	0	0	0	0	0	0	0	0	0	0	0	0	0	0	0	0	0	0	0	0	0	0	0	0	0	0	0	0	0	0	0	0	0	0	6
0	0	0	0	0	0	0	0	0	0	0	0	0	0	0	0	0	0	0	0	0	0	0	0	0	0	0	0	0	0	0	0	0	0	0	0	0	0	0	0	0	0	0	0	0	0	0	0	0	0	0	0	0	0	0	0	0	0	0	0	0	0	0	0	0	0	0	0	0	0	0	0	0	0	0	0	0	0	0	0	0	0	0	0	0	0	0	0	0	0	0	0	0	0	0	0	0	0	0	0	0	0	0	0	0	0	0	0	0	0	0	0	0	0	0	0	0	0	0	0	0	0	0	0	0	0	0	0