0	43	126	37	31	125	66	2	87	124	30	61	14	74	8	78	115	94	117	84	106	106	22	89	49	100	6	51	93	53	38	48	4	83	64	113	23	107	5	37	50	41	19	114	13	60	122	118	106	46	3	60	50	12	86	106	44	16	50	17	40	109	111	29	12	125	85	102	74	101	88	111	29	18	36	22	14	81	41	109	121	18	72	30	110	19	103	4	107	124	80	29	32	87	4	93	119	30	66	125	20	76	93	15	19	103	58	107	23	22	117	79	99	112	118	99	83	63	90	33	88	118	86	26	50	49	128	68
0	0	77	124	116	84	12	23	30	70	96	99	29	42	31	45	120	3	55	58	119	103	24	46	68	37	72	119	85	115	40	76	74	127	95	20	11	91	37	57	98	28	3	62	21	8	64	66	25	37	11	24	110	63	93	14	71	46	125	111	19	126	55	115	45	93	32	49	105	15	1	112	34	50	51	56	88	81	56	64	75	97	85	105	73	27	6	110	43	61	31	99	68	75	84	71	12	54	8	28	53	44	27	31	122	30	114	124	6	36	35	105	98	99	83	104	98	128	63	13	21	35	75	68	26	32	116	42
0	0	0	81	60	13	56	110	46	38	106	109	113	78	117	112	50	83	60	60	28	81	50	58	38	118	86	71	89	33	57	5	104	124	15	126	110	69	115	57	95	26	114	104	45	60	97	42	48	16	59	39	73	128	7	83	78	70	7	5	42	30	22	78	101	9	57	93	7	76	18	114	125	99	110	113	97	125	36	1	34	57	124	58	108	56	25	75	5	43	32	52	87	50	15	8	27	23	86	41	76	116	81	11	73	94	127	32	15	84	67	36	51	6	21	76	110	93	116	29	32	117	125	65	43	27	59	16
0	0	0	0	104	89	87	37	64	108	126	63	120	37	98	41	90	46	61	4	20	127	87	41	73	76	37	64	78	97	32	9	65	121	98	28	40	19	110	37	103	102	34	4	47	91	11	4	124	60	18	97	111	86	52	18	94	97	39	102	33	119	103	46	106	92	84	12	47	59	16	60	53	67	56	71	76	77	112	120	47	10	58	18	39	115	78	112	26	79	15	83	4	80	69	28	40	33	92	59	25	85	26	68	74	52	126	126	121	35	84	50	111	120	40	81	74	122	14	21	78	7	21	7	74	115	123	63
0	0	0	0	0	15	100	104	12	104	84	99	41	94	98	13	26	128	78	90	27	123	24	37	1	103	84	51	66	78	53	107	40	108	79	70	87	91	63	116	59	114	113	59	104	96	86	29	100	19	38	93	27	84	32	30	30	80	119	118	98	45	113	18	57	127	63	97	50	56	2	69	88	99	87	26	60	73	51	7	7	112	4	113	60	26	10	72	86	125	14	63	110	37	64	11	84	81	113	38	52	103	50	99	71	101	63	69	58	35	109	5	61	38	110	92	117	2	30	26	105	2	28	66	114	128	23	31
0	0	0	0	0	0	110	59	85	11	45	4	40	19	34	42	72	127	92	89	10	94	3	31	54	125	55	34	42	44	17	95	59	12	37	30	18	100	82	115	43	27	13	78	63	12	78	45	84	35	117	124	3	112	30	74	53	99	85	94	60	104	79	118	13	100	72	29	14	59	52	41	72	35	105	87	62	55	81	24	127	11	1	93	36	77	112	52	97	128	104	7	47	58	72	101	41	61	56	30	3	19	117	13	125	95	76	101	100	4	55	15	65	53	76	3	16	55	126	40	89	17	23	117	75	28	113	6
0	0	0	0	0	0	0	83	63	85	36	24	124	61	1	123	42	91	58	42	4	30	39	3	8	89	77	88	72	124	94	15	1	103	37	91	44	76	117	99	7	34	127	111	11	23	121	3	67	6	34	39	87	64	31	100	18	50	55	81	9	28	127	34	96	117	32	93	123	99	118	60	116	43	74	12	11	14	35	64	15	54	108	106	123	92	96	35	118	75	63	110	114	44	56	121	76	66	95	93	13	71	3	48	40	44	111	94	13	49	126	13	102	127	81	21	6	107	47	51	115	121	4	89	44	34	93	106
0	0	0	0	0	0	0	0	50	51	47	54	106	94	17	59	82	6	35	83	25	39	62	4	33	108	15	10	80	110	126	94	87	5	24	55	101	104	49	69	78	23	17	26	1	48	74	22	85	116	116	48	4	80	69	12	125	104	73	45	116	18	124	34	30	1	9	30	12	102	29	52	128	80	33	2	83	118	78	15	35	101	59	114	37	89	34	88	26	101	35	22	114	122	62	27	97	25	86	33	113	55	80	75	3	41	44	55	92	120	45	34	25	40	19	97	61	106	69	111	53	122	64	16	37	120	22	103
0	0	0	0	0	0	0	0	0	16	39	57	75	22	83	45	106	120	126	35	122	33	83	13	124	117	10	23	51	107	34	50	77	26	15	40	26	19	30	7	11	124	46	93	16	116	79	69	5	12	96	128	1	17	50	37	90	11	80	105	62	93	46	126	117	32	109	121	127	68	5	121	94	44	75	112	100	98	35	104	10	114	53	30	51	18	108	90	58	29	69	33	45	1	59	81	42	63	32	7	110	31	122	84	98	44	102	119	111	37	27	113	24	59	16	120	79	18	89	107	106	108	87	109	82	98	38	110
0	0	0	0	0	0	0	0	0	0	46	35	98	5	41	51	18	38	71	110	3	56	84	18	33	7	23	2	79	45	28	110	77	101	95	78	61	15	102	119	31	108	7	96	45	29	17	88	33	8	117	31	103	83	10	58	1	64	100	79	41	37	116	119	119	23	101	101	81	77	84	124	56	27	124	5	103	102	61	43	77	24	74	70	120	41	50	55	56	5	58	123	50	83	112	88	31	97	18	29	74	57	16	100	108	62	48	99	27	78	44	65	16	24	89	63	71	25	124	7	28	79	38	62	19	106	125	108
0	0	0	0	0	0	0	0	0	0	0	87	31	114	101	127	50	97	54	50	20	70	52	42	16	11	76	82	44	65	97	24	87	97	6	63	21	37	21	67	14	31	31	19	68	62	113	105	68	98	115	60	101	30	118	75	24	3	66	41	104	45	27	87	121	65	113	56	86	112	126	77	23	118	20	59	115	46	86	63	73	22	118	122	100	85	107	124	22	36	90	40	90	56	71	24	5	47	60	26	83	113	32	61	125	46	102	10	123	26	115	94	48	34	46	42	28	34	75	36	51	67	45	44	110	96	53	58
0	0	0	0	0	0	0	0	0	0	0	0	9	127	40	31	12	54	96	54	29	55	44	82	96	55	64	116	24	70	123	70	118	34	52	96	127	20	13	11	40	55	115	49	38	123	113	19	52	102	34	31	58	35	87	117	34	24	17	36	81	123	10	1	114	49	72	59	87	59	91	111	75	33	43	58	37	68	44	127	109	109	63	37	69	99	49	81	90	83	14	118	2	60	80	94	69	103	36	5	74	43	7	122	3	58	78	18	86	109	5	53	84	11	28	38	69	102	58	91	84	42	86	32	62	103	4	48
0	0	0	0	0	0	0	0	0	0	0	0	0	23	42	5	36	99	18	28	94	99	63	44	30	19	23	102	4	39	14	52	66	27	84	77	127	109	103	122	31	59	32	91	33	101	118	56	3	116	120	40	4	50	68	19	46	101	119	68	25	103	78	7	43	95	49	9	18	37	83	39	11	88	53	77	117	125	55	125	81	6	13	43	98	86	29	37	65	120	50	107	98	17	100	118	84	99	52	123	77	120	56	57	122	15	6	18	101	78	22	104	88	126	88	47	62	46	91	100	118	77	25	80	90	38	12	110
0	0	0	0	0	0	0	0	0	0	0	0	0	0	53	61	76	88	122	50	97	99	95	80	64	10	45	21	83	92	86	73	108	33	81	13	76	60	9	77	97	127	110	103	47	27	103	60	109	115	113	122	14	51	87	72	4	59	56	39	100	36	86	38	51	48	114	48	9	33	81	44	96	3	71	94	54	23	16	23	66	87	77	64	100	10	3	26	126	30	47	108	117	23	102	93	31	93	57	118	6	95	114	18	30	112	115	128	128	8	10	63	85	50	61	119	10	108	7	50	33	100	106	66	12	86	38	85
0	0	0	0	0	0	0	0	0	0	0	0	0	0	0	96	121	32	16	83	116	34	15	54	57	56	21	76	92	98	126	59	81	112	26	14	112	43	89	47	124	56	116	104	49	19	9	18	28	8	42	12	9	107	19	106	3	54	82	86	2	20	65	12	5	2	81	101	127	98	117	72	10	40	11	12	40	1	60	12	74	74	120	106	15	110	37	37	28	56	45	120	56	111	93	71	73	9	24	38	74	121	109	8	28	89	84	52	94	56	110	10	106	64	69	117	66	82	76	82	17	44	81	91	98	94	29	122
0	0	0	0	0	0	0	0	0	0	0	0	0	0	0	0	124	65	103	89	33	88	31	41	85	82	52	50	112	62	64	43	53	105	88	1	41	68	19	107	41	8	83	127	25	42	72	43	63	118	13	10	22	76	106	127	37	92	113	101	100	35	77	91	11	12	51	48	128	120	29	2	61	90	106	92	32	94	10	121	32	23	41	120	49	20	26	109	40	95	79	59	46	116	32	83	102	54	81	85	2	44	68	19	125	35	7	85	111	56	78	116	101	112	77	101	113	52	62	110	2	2	93	35	81	64	39	72
0	0	0	0	0	0	0	0	0	0	0	0	0	0	0	0	0	123	124	114	80	114	25	81	59	61	108	29	13	102	22	65	23	108	87	75	53	102	106	21	99	7	7	104	88	37	121	30	117	97	112	104	62	38	59	100	23	86	7	3	53	51	111	63	8	18	14	84	32	31	83	109	62	32	33	78	96	17	16	83	14	54	117	98	125	62	123	61	98	22	27	74	11	55	33	19	124	14	56	33	59	45	19	89	45	31	78	125	10	113	55	2	113	21	103	62	122	115	76	121	102	27	111	57	33	66	115	31
0	0	0	0	0	0	0	0	0	0	0	0	0	0	0	0	0	0	80	25	69	108	48	35	69	50	62	61	36	118	121	87	117	32	114	9	109	13	63	86	52	96	70	19	127	70	116	60	113	67	45	111	77	26	38	49	96	85	105	39	13	46	21	82	16	28	46	122	93	71	9	35	4	17	35	33	33	48	34	70	123	115	113	50	63	80	88	31	34	95	100	2	26	110	8	86	34	124	86	122	81	128	4	14	24	18	69	68	38	51	75	66	96	99	41	83	114	6	48	112	93	7	29	34	85	48	28	22
0	0	0	0	0	0	0	0	0	0	0	0	0	0	0	0	0	0	0	118	98	83	56	25	104	47	128	4	14	105	63	114	23	45	114	23	113	85	100	106	62	46	120	115	2	64	55	89	101	101	103	79	19	18	14	116	27	110	91	85	70	93	104	42	109	28	31	56	47	37	28	106	26	17	66	63	78	53	1	61	2	121	107	107	5	82	72	61	43	119	68	16	108	71	80	30	127	56	11	121	125	59	91	106	52	69	124	16	60	55	11	19	113	8	60	81	31	35	97	42	107	83	124	21	101	112	109	26
0	0	0	0	0	0	0	0	0	0	0	0	0	0	0	0	0	0	0	0	55	121	60	117	30	16	22	7	109	75	115	12	47	13	69	30	126	101	54	25	116	40	18	113	50	67	31	123	60	44	119	91	121	32	25	92	66	34	4	41	116	80	21	83	89	3	87	50	31	32	93	27	94	25	39	79	85	9	10	47	93	37	107	56	58	53	58	17	77	37	43	33	53	112	45	128	121	23	62	90	62	37	112	102	3	65	6	1	94	27	113	123	120	26	2	120	26	19	63	107	124	97	6	51	27	116	71	38
0	0	0	0	0	0	0	0	0	0	0	0	0	0	0	0	0	0	0	0	0	105	93	85	123	47	34	72	45	71	116	77	110	24	60	88	79	20	76	89	48	107	128	81	50	106	28	65	27	64	11	23	40	49	61	58	84	66	63	18	2	68	17	77	28	117	31	119	44	4	55	3	91	56	91	106	120	58	13	100	100	99	103	63	93	40	58	93	34	113	79	41	23	79	19	85	123	110	24	32	40	15	20	54	54	25	75	57	67	56	121	60	12	20	34	66	98	81	69	23	85	27	98	126	91	111	58	61
0	0	0	0	0	0	0	0	0	0	0	0	0	0	0	0	0	0	0	0	0	0	52	46	125	48	115	115	103	122	17	94	103	4	63	4	108	105	106	127	61	42	68	36	119	32	63	97	62	62	50	90	69	127	82	70	12	30	98	26	124	54	120	17	49	16	124	27	39	122	49	18	96	49	99	6	83	116	116	104	9	119	100	111	81	19	103	88	19	110	24	18	44	112	89	96	104	110	93	39	65	20	30	91	56	6	24	127	12	63	2	58	118	2	68	115	17	85	11	82	74	66	123	68	36	8	59	114
0	0	0	0	0	0	0	0	0	0	0	0	0	0	0	0	0	0	0	0	0	0	0	109	73	37	77	6	87	60	73	97	25	59	39	63	10	124	26	9	46	77	92	69	19	82	60	65	14	45	126	77	16	95	106	82	46	22	48	105	115	50	83	21	8	4	23	121	40	44	2	66	27	96	119	30	105	45	27	1	17	45	82	33	92	72	110	45	56	42	91	12	49	98	86	97	101	58	33	4	59	96	34	20	95	27	21	82	65	87	49	42	100	1	56	26	48	45	37	55	52	111	84	35	101	39	38	54
0	0	0	0	0	0	0	0	0	0	0	0	0	0	0	0	0	0	0	0	0	0	0	0	95	91	104	87	70	57	120	125	127	106	109	75	125	16	60	64	62	35	127	90	14	40	44	50	18	26	99	61	85	89	1	4	47	45	15	81	20	72	5	35	68	94	108	103	36	72	99	115	23	37	59	123	65	81	95	93	96	49	26	62	85	68	50	64	69	10	69	51	40	108	114	6	70	114	121	96	91	68	82	11	128	58	128	96	30	104	17	87	23	20	49	117	7	66	12	8	4	29	22	98	124	88	11	8
0	0	0	0	0	0	0	0	0	0	0	0	0	0	0	0	0	0	0	0	0	0	0	0	0	106	10	58	68	65	43	67	43	104	82	23	114	3	38	14	32	72	10	83	112	103	119	119	81	72	59	7	66	100	43	118	7	126	9	110	15	66	15	124	104	82	86	112	62	93	45	43	67	86	115	108	46	29	45	99	59	9	7	56	58	113	119	26	103	93	5	100	98	84	112	19	68	93	60	19	38	43	48	37	75	124	88	4	21	72	51	114	45	16	98	23	95	70	47	94	35	117	127	4	109	60	57	107
0	0	0	0	0	0	0	0	0	0	0	0	0	0	0	0	0	0	0	0	0	0	0	0	0	0	122	90	99	110	23	61	113	67	9	101	15	109	16	33	66	32	111	20	109	98	1	37	61	20	124	31	105	105	49	20	19	123	28	83	40	5	66	6	68	44	89	62	87	73	16	44	50	59	49	49	73	127	51	92	22	91	37	38	117	40	77	64	28	66	125	121	120	35	39	32	55	84	87	76	99	49	111	19	83	59	118	40	71	43	47	56	49	6	110	73	107	18	89	62	47	85	15	25	66	111	15	38
0	0	0	0	0	0	0	0	0	0	0	0	0	0	0	0	0	0	0	0	0	0	0	0	0	0	0	45	50	24	47	97	71	116	66	83	19	114	54	36	38	53	12	45	53	27	57	75	34	39	2	106	74	69	77	102	47	91	9	18	5	63	83	94	47	21	105	17	89	75	20	71	39	85	10	100	15	97	93	102	96	38	35	13	31	112	45	50	99	101	61	93	67	77	3	80	68	76	89	119	65	80	10	107	4	121	81	14	58	89	61	43	74	67	103	115	75	86	121	24	102	73	76	110	84	75	70	46
0	0	0	0	0	0	0	0	0	0	0	0	0	0	0	0	0	0	0	0	0	0	0	0	0	0	0	0	46	12	37	13	53	23	124	2	86	75	113	28	98	128	85	41	39	123	127	56	19	62	24	94	125	112	61	3	117	107	62	64	127	89	117	74	101	9	59	119	79	1	64	55	119	113	72	111	40	58	123	11	53	38	25	108	32	117	81	42	113	49	127	80	74	28	89	84	115	113	124	111	35	28	56	81	97	71	44	76	66	29	17	110	69	111	112	109	72	35	64	99	3	54	65	94	78	21	115	104
0	0	0	0	0	0	0	0	0	0	0	0	0	0	0	0	0	0	0	0	0	0	0	0	0	0	0	0	0	38	112	25	73	20	108	26	87	88	48	82	76	111	112	82	91	44	109	48	103	74	102	117	72	90	9	96	67	89	7	105	72	38	77	45	83	10	20	4	43	19	41	9	21	13	37	113	69	119	103	56	44	80	75	79	101	58	72	102	55	109	16	109	64	60	33	32	4	59	119	53	84	122	86	62	101	77	102	52	46	23	77	53	123	102	23	54	79	49	44	82	34	54	100	113	63	48	124	95
0	0	0	0	0	0	0	0	0	0	0	0	0	0	0	0	0	0	0	0	0	0	0	0	0	0	0	0	0	0	100	115	91	104	125	24	107	11	72	18	124	20	89	29	82	60	128	104	102	35	7	65	43	68	30	85	77	124	2	68	68	60	42	44	39	50	78	63	46	126	125	8	9	31	7	33	65	25	89	9	120	33	44	7	31	46	82	44	66	29	47	95	10	25	1	90	91	18	45	76	57	2	10	108	41	34	75	92	98	27	73	32	69	60	23	113	89	69	23	75	30	93	28	11	5	11	61	16
0	0	0	0	0	0	0	0	0	0	0	0	0	0	0	0	0	0	0	0	0	0	0	0	0	0	0	0	0	0	0	48	12	76	54	100	65	38	21	83	32	98	122	128	69	12	25	44	124	107	109	86	20	108	4	40	99	116	25	112	48	35	2	116	47	115	59	5	106	28	112	39	96	103	84	41	22	116	3	69	67	114	27	5	57	78	89	84	35	20	52	18	61	118	74	90	112	104	45	80	29	100	35	56	39	85	91	73	35	99	62	100	52	89	3	34	42	73	87	82	82	18	9	92	43	67	42	60
0	0	0	0	0	0	0	0	0	0	0	0	0	0	0	0	0	0	0	0	0	0	0	0	0	0	0	0	0	0	0	0	8	69	115	38	5	69	126	104	15	14	45	107	98	121	9	112	123	23	43	61	123	5	97	42	10	61	94	30	91	49	56	119	29	58	115	112	91	64	106	102	99	87	2	53	25	46	15	72	12	35	37	41	15	122	21	9	109	82	115	108	64	29	27	30	105	61	78	97	113	24	7	5	114	74	39	125	64	9	5	12	85	33	93	74	97	50	63	13	48	84	101	89	12	94	109	14
0	0	0	0	0	0	0	0	0	0	0	0	0	0	0	0	0	0	0	0	0	0	0	0	0	0	0	0	0	0	0	0	0	15	94	40	103	30	26	52	38	87	113	128	109	68	43	36	32	92	88	12	64	24	10	6	11	92	43	25	67	125	87	27	104	27	26	108	99	100	70	70	69	104	56	27	1	36	81	48	121	113	24	70	21	33	64	103	34	115	7	114	4	35	81	8	39	37	92	9	83	44	75	119	117	59	128	74	52	113	10	90	107	43	97	64	123	85	85	70	88	123	59	55	14	24	127	98
0	0	0	0	0	0	0	0	0	0	0	0	0	0	0	0	0	0	0	0	0	0	0	0	0	0	0	0	0	0	0	0	0	0	90	126	89	110	4	34	54	74	48	70	1	97	80	113	127	85	3	63	114	69	20	58	62	41	114	69	111	70	18	28	94	43	29	43	49	96	75	19	113	109	120	22	87	114	40	5	29	64	31	47	9	97	119	74	117	113	54	104	87	17	106	19	52	33	113	89	95	46	80	71	93	3	75	73	111	13	61	104	55	98	30	1	30	51	78	39	19	69	128	117	121	88	48	107
0	0	0	0	0	0	0	0	0	0	0	0	0	0	0	0	0	0	0	0	0	0	0	0	0	0	0	0	0	0	0	0	0	0	0	51	43	118	117	107	15	115	101	3	58	65	53	40	35	72	19	102	38	42	113	115	31	20	37	105	92	64	88	13	125	26	21	40	41	1	80	73	60	76	100	64	109	76	5	116	92	93	95	44	24	124	53	118	27	60	106	32	82	82	119	72	118	126	74	127	6	103	68	93	71	25	16	19	108	14	123	107	14	33	88	59	55	8	98	6	39	91	54	2	104	118	9	9
0	0	0	0	0	0	0	0	0	0	0	0	0	0	0	0	0	0	0	0	0	0	0	0	0	0	0	0	0	0	0	0	0	0	0	0	102	34	69	85	62	123	65	92	99	80	98	36	7	98	53	99	90	106	11	20	62	53	106	52	16	93	99	88	9	69	107	119	74	121	47	10	59	7	83	63	96	40	101	69	85	101	10	55	62	16	70	101	23	109	84	113	7	109	125	31	80	81	26	39	115	63	38	20	28	12	89	33	30	1	30	12	113	63	106	96	79	94	76	38	4	17	74	32	3	87	62	70
0	0	0	0	0	0	0	0	0	0	0	0	0	0	0	0	0	0	0	0	0	0	0	0	0	0	0	0	0	0	0	0	0	0	0	0	0	7	55	7	7	98	116	34	99	92	51	82	110	95	36	116	127	29	86	46	121	13	71	41	20	18	127	15	48	7	2	56	70	18	40	14	111	23	80	96	17	17	100	92	128	82	40	126	44	18	81	44	27	33	17	104	63	35	125	49	42	73	88	29	17	108	79	81	17	115	7	104	77	124	127	65	96	35	43	31	23	28	57	43	90	96	25	71	91	101	77	90
0	0	0	0	0	0	0	0	0	0	0	0	0	0	0	0	0	0	0	0	0	0	0	0	0	0	0	0	0	0	0	0	0	0	0	0	0	0	54	76	19	42	80	126	100	37	121	107	99	37	109	109	124	99	47	60	5	5	83	11	51	99	96	112	120	36	125	13	32	37	5	61	36	56	92	33	52	102	60	83	90	121	23	58	95	69	76	82	101	60	24	17	116	73	38	104	36	121	89	19	105	15	4	107	42	114	104	84	30	11	125	69	90	113	124	24	34	126	68	27	91	110	105	63	64	111	75	62
0	0	0	0	0	0	0	0	0	0	0	0	0	0	0	0	0	0	0	0	0	0	0	0	0	0	0	0	0	0	0	0	0	0	0	0	0	0	0	68	46	32	42	12	3	26	3	40	77	62	104	115	94	49	9	23	120	74	124	52	2	113	11	115	99	36	17	124	20	60	77	20	14	4	113	84	63	62	77	66	34	27	124	71	68	93	114	80	96	56	48	88	49	82	52	48	56	61	6	106	60	89	111	31	58	82	110	48	13	126	122	108	78	36	31	48	61	47	5	51	11	103	55	72	73	113	61	69
0	0	0	0	0	0	0	0	0	0	0	0	0	0	0	0	0	0	0	0	0	0	0	0	0	0	0	0	0	0	0	0	0	0	0	0	0	0	0	0	109	68	19	84	48	80	81	85	106	68	113	59	2	66	46	49	55	89	55	78	27	46	42	100	64	125	122	48	108	71	79	51	112	35	20	95	61	22	127	87	31	8	16	40	53	90	60	31	18	74	95	65	74	53	116	7	56	60	31	84	112	86	104	67	107	10	8	120	4	16	34	111	41	108	27	88	42	115	59	70	45	18	66	59	66	47	27	72
0	0	0	0	0	0	0	0	0	0	0	0	0	0	0	0	0	0	0	0	0	0	0	0	0	0	0	0	0	0	0	0	0	0	0	0	0	0	0	0	0	121	28	45	85	88	22	81	106	65	84	110	52	80	8	94	117	16	36	100	35	118	2	7	123	8	107	54	75	72	111	49	97	87	45	76	49	90	39	111	109	40	65	97	26	70	34	8	11	22	26	103	115	94	24	111	35	60	102	99	23	92	125	2	10	72	21	80	45	5	26	124	46	104	95	96	45	8	40	44	83	36	107	59	79	62	110	45
0	0	0	0	0	0	0	0	0	0	0	0	0	0	0	0	0	0	0	0	0	0	0	0	0	0	0	0	0	0	0	0	0	0	0	0	0	0	0	0	0	0	31	57	51	89	20	76	9	84	29	81	42	122	31	102	82	68	35	48	13	32	23	80	62	112	119	22	100	118	125	7	115	119	91	1	69	79	93	80	49	20	105	81	36	94	70	81	122	22	116	71	44	54	15	84	124	95	77	60	79	22	89	71	50	76	120	62	52	24	73	110	58	62	50	7	90	30	22	35	74	47	123	41	30	82	99	76
0	0	0	0	0	0	0	0	0	0	0	0	0	0	0	0	0	0	0	0	0	0	0	0	0	0	0	0	0	0	0	0	0	0	0	0	0	0	0	0	0	0	0	35	126	55	83	103	53	64	42	62	51	70	17	123	67	45	43	116	57	69	84	78	7	93	90	55	9	2	123	85	98	106	65	73	124	93	58	42	56	11	128	77	74	24	109	18	53	20	45	59	69	50	48	109	49	27	65	112	77	117	82	94	111	54	57	37	36	72	73	107	59	32	77	63	113	78	120	64	98	60	99	79	94	30	41	88
0	0	0	0	0	0	0	0	0	0	0	0	0	0	0	0	0	0	0	0	0	0	0	0	0	0	0	0	0	0	0	0	0	0	0	0	0	0	0	0	0	0	0	0	101	104	48	8	20	31	69	60	106	59	6	20	24	52	126	77	102	64	8	2	87	66	23	41	2	16	65	128	20	120	81	19	115	15	60	116	38	115	107	12	39	8	63	110	45	51	102	6	36	14	117	65	12	104	20	82	44	77	12	115	95	115	55	31	2	119	4	80	41	91	63	61	127	92	38	101	97	118	6	88	88	30	40	89
0	0	0	0	0	0	0	0	0	0	0	0	0	0	0	0	0	0	0	0	0	0	0	0	0	0	0	0	0	0	0	0	0	0	0	0	0	0	0	0	0	0	0	0	0	61	123	125	30	117	34	94	120	23	32	115	45	3	5	88	27	10	1	14	47	124	94	69	20	27	21	14	62	62	56	81	56	54	13	80	46	63	114	75	114	119	50	76	82	5	74	35	84	63	76	86	9	82	4	47	47	72	123	121	66	60	23	89	76	126	20	17	87	114	51	100	20	31	114	30	95	122	115	74	125	74	73	22
0	0	0	0	0	0	0	0	0	0	0	0	0	0	0	0	0	0	0	0	0	0	0	0	0	0	0	0	0	0	0	0	0	0	0	0	0	0	0	0	0	0	0	0	0	0	60	94	106	40	10	35	69	89	24	35	83	6	4	41	95	40	13	65	58	82	53	107	4	11	103	110	39	79	11	118	107	93	103	97	42	118	121	77	51	23	26	62	86	94	15	2	57	28	97	86	83	20	38	117	65	83	126	44	96	35	81	56	21	21	73	27	89	125	98	103	110	92	112	97	61	107	86	16	7	23	75	30
0	0	0	0	0	0	0	0	0	0	0	0	0	0	0	0	0	0	0	0	0	0	0	0	0	0	0	0	0	0	0	0	0	0	0	0	0	0	0	0	0	0	0	0	0	0	0	70	10	126	75	34	51	110	119	13	86	41	115	24	122	29	104	67	111	8	108	21	12	49	41	114	58	128	32	8	119	30	107	20	19	20	82	71	27	67	23	34	95	84	51	23	53	106	128	61	73	74	24	52	43	11	4	2	63	12	120	123	67	65	121	105	5	94	24	100	79	98	28	107	42	96	18	88	94	45	43	12
0	0	0	0	0	0	0	0	0	0	0	0	0	0	0	0	0	0	0	0	0	0	0	0	0	0	0	0	0	0	0	0	0	0	0	0	0	0	0	0	0	0	0	0	0	0	0	0	104	96	77	63	114	98	83	79	59	78	114	48	86	126	100	14	105	98	33	27	81	120	89	95	102	67	123	118	104	37	15	111	31	16	23	74	65	83	39	91	38	7	65	50	115	20	113	117	89	127	15	72	98	5	111	102	87	31	97	97	116	46	56	34	64	54	13	10	103	90	6	115	97	30	39	107	108	25	26	87
0	0	0	0	0	0	0	0	0	0	0	0	0	0	0	0	0	0	0	0	0	0	0	0	0	0	0	0	0	0	0	0	0	0	0	0	0	0	0	0	0	0	0	0	0	0	0	0	0	70	31	25	54	52	40	7	101	59	78	24	57	26	78	37	10	46	15	117	120	13	69	77	70	104	92	73	83	30	44	50	76	9	80	115	46	27	68	74	17	97	101	27	123	29	95	65	91	103	96	2	50	23	95	16	91	14	43	53	87	17	85	28	48	58	28	75	71	61	46	26	53	8	118	93	4	98	108	108
0	0	0	0	0	0	0	0	0	0	0	0	0	0	0	0	0	0	0	0	0	0	0	0	0	0	0	0	0	0	0	0	0	0	0	0	0	0	0	0	0	0	0	0	0	0	0	0	0	0	5	57	67	71	71	30	60	115	28	28	4	23	53	19	90	50	65	1	46	40	107	107	111	85	57	109	98	7	116	94	80	81	84	65	89	68	94	100	113	88	86	105	119	39	69	86	57	12	14	108	50	22	116	49	8	52	50	81	36	72	126	23	109	41	112	56	13	104	75	36	57	68	38	1	118	121	77	128
0	0	0	0	0	0	0	0	0	0	0	0	0	0	0	0	0	0	0	0	0	0	0	0	0	0	0	0	0	0	0	0	0	0	0	0	0	0	0	0	0	0	0	0	0	0	0	0	0	0	0	18	8	111	60	62	99	20	5	80	49	40	122	61	98	97	56	67	127	104	117	54	75	107	72	52	102	99	125	60	66	26	70	17	107	104	122	116	5	25	23	5	17	79	63	9	59	101	30	77	26	41	110	78	15	10	91	55	11	50	67	36	23	62	98	2	32	41	63	2	116	41	94	103	123	34	22	47
0	0	0	0	0	0	0	0	0	0	0	0	0	0	0	0	0	0	0	0	0	0	0	0	0	0	0	0	0	0	0	0	0	0	0	0	0	0	0	0	0	0	0	0	0	0	0	0	0	0	0	0	99	85	69	122	128	127	39	77	39	68	124	12	125	55	18	16	52	96	120	58	58	57	111	54	99	110	87	53	52	25	49	11	65	47	34	23	114	119	43	89	83	105	41	97	106	120	55	1	25	103	71	97	46	6	76	99	120	85	2	34	86	73	125	25	69	128	48	59	3	51	17	25	80	96	29	60
0	0	0	0	0	0	0	0	0	0	0	0	0	0	0	0	0	0	0	0	0	0	0	0	0	0	0	0	0	0	0	0	0	0	0	0	0	0	0	0	0	0	0	0	0	0	0	0	0	0	0	0	0	75	19	86	91	46	122	92	90	69	28	86	65	31	35	12	79	22	67	36	82	4	102	3	65	126	49	125	123	45	80	28	82	109	73	108	36	96	67	30	71	92	19	119	121	111	12	64	47	5	44	8	10	97	33	5	14	96	114	40	54	65	85	71	123	54	93	55	64	93	62	115	107	97	65	62
0	0	0	0	0	0	0	0	0	0	0	0	0	0	0	0	0	0	0	0	0	0	0	0	0	0	0	0	0	0	0	0	0	0	0	0	0	0	0	0	0	0	0	0	0	0	0	0	0	0	0	0	0	0	8	79	51	43	77	8	84	13	62	111	14	66	121	102	124	118	80	110	12	72	18	37	81	79	9	126	117	68	75	64	126	19	78	35	27	56	38	104	31	90	101	50	18	40	7	71	111	96	128	124	65	6	54	27	39	65	31	94	103	128	122	51	35	126	51	2	83	40	20	119	117	79	118	31
0	0	0	0	0	0	0	0	0	0	0	0	0	0	0	0	0	0	0	0	0	0	0	0	0	0	0	0	0	0	0	0	0	0	0	0	0	0	0	0	0	0	0	0	0	0	0	0	0	0	0	0	0	0	0	78	27	101	59	111	123	17	31	56	36	18	33	80	116	44	4	30	54	102	108	47	63	96	113	47	114	83	25	110	90	52	59	60	113	69	2	125	33	61	2	117	7	77	112	100	116	16	30	117	7	83	84	82	43	127	56	53	56	127	128	51	51	70	48	27	63	49	1	48	50	18	78	90
0	0	0	0	0	0	0	0	0	0	0	0	0	0	0	0	0	0	0	0	0	0	0	0	0	0	0	0	0	0	0	0	0	0	0	0	0	0	0	0	0	0	0	0	0	0	0	0	0	0	0	0	0	0	0	0	117	54	78	119	3	125	64	87	41	30	128	6	102	102	103	95	14	54	113	35	115	88	101	124	7	43	9	35	107	79	55	117	63	64	66	31	61	24	75	119	89	115	32	70	27	13	4	72	55	29	113	108	54	115	5	68	110	31	20	107	43	119	36	104	5	27	8	93	88	13	28	20
0	0	0	0	0	0	0	0	0	0	0	0	0	0	0	0	0	0	0	0	0	0	0	0	0	0	0	0	0	0	0	0	0	0	0	0	0	0	0	0	0	0	0	0	0	0	0	0	0	0	0	0	0	0	0	0	0	46	10	58	51	120	25	68	103	14	125	43	49	77	121	98	120	18	57	124	53	121	2	7	71	77	81	90	111	68	11	10	70	87	39	95	25	52	76	70	68	122	78	53	52	100	28	7	66	24	93	61	50	76	38	126	3	128	55	68	102	98	66	119	71	76	44	122	84	10	128	61
0	0	0	0	0	0	0	0	0	0	0	0	0	0	0	0	0	0	0	0	0	0	0	0	0	0	0	0	0	0	0	0	0	0	0	0	0	0	0	0	0	0	0	0	0	0	0	0	0	0	0	0	0	0	0	0	0	0	88	101	6	7	25	97	24	43	56	12	111	82	120	87	5	26	41	110	29	13	72	62	95	85	16	54	114	6	96	59	13	9	86	82	30	122	27	27	68	86	29	17	8	106	1	24	79	14	103	109	10	35	52	89	11	53	100	87	41	45	66	39	39	70	78	86	13	113	64	71
0	0	0	0	0	0	0	0	0	0	0	0	0	0	0	0	0	0	0	0	0	0	0	0	0	0	0	0	0	0	0	0	0	0	0	0	0	0	0	0	0	0	0	0	0	0	0	0	0	0	0	0	0	0	0	0	0	0	0	1	31	98	22	22	62	56	57	84	127	67	113	126	22	16	88	75	114	49	74	28	45	94	114	40	6	103	7	48	89	83	71	49	1	128	52	72	94	116	3	71	74	128	78	59	13	40	72	2	73	2	80	56	41	33	16	111	90	108	28	63	43	8	103	20	87	67	112	44
0	0	0	0	0	0	0	0	0	0	0	0	0	0	0	0	0	0	0	0	0	0	0	0	0	0	0	0	0	0	0	0	0	0	0	0	0	0	0	0	0	0	0	0	0	0	0	0	0	0	0	0	0	0	0	0	0	0	0	0	74	122	15	85	116	31	78	25	74	112	31	70	107	42	20	1	110	102	33	102	127	75	114	29	106	18	128	45	106	128	81	116	14	39	27	68	69	123	93	17	57	126	121	30	121	31	123	81	127	108	62	126	38	72	100	31	35	49	18	63	71	41	65	44	19	110	5	29
0	0	0	0	0	0	0	0	0	0	0	0	0	0	0	0	0	0	0	0	0	0	0	0	0	0	0	0	0	0	0	0	0	0	0	0	0	0	0	0	0	0	0	0	0	0	0	0	0	0	0	0	0	0	0	0	0	0	0	0	0	75	112	38	53	29	38	94	49	61	127	124	125	66	95	26	29	35	22	16	113	18	86	39	70	92	127	70	44	80	17	33	82	1	24	108	105	2	60	43	1	5	19	71	89	27	73	88	66	85	83	1	14	87	126	111	35	46	53	76	15	127	68	83	55	55	38	11
0	0	0	0	0	0	0	0	0	0	0	0	0	0	0	0	0	0	0	0	0	0	0	0	0	0	0	0	0	0	0	0	0	0	0	0	0	0	0	0	0	0	0	0	0	0	0	0	0	0	0	0	0	0	0	0	0	0	0	0	0	0	41	16	52	16	78	4	103	4	88	84	46	64	27	48	76	79	67	58	76	34	1	81	80	101	93	121	76	120	79	104	105	2	126	48	6	21	104	24	96	76	45	115	95	53	74	104	125	126	69	109	48	105	48	2	71	100	114	112	38	64	25	82	48	24	106	46
0	0	0	0	0	0	0	0	0	0	0	0	0	0	0	0	0	0	0	0	0	0	0	0	0	0	0	0	0	0	0	0	0	0	0	0	0	0	0	0	0	0	0	0	0	0	0	0	0	0	0	0	0	0	0	0	0	0	0	0	0	0	0	120	64	84	77	85	29	116	93	102	8	111	40	74	121	92	95	88	31	51	76	20	18	26	61	86	80	84	15	120	103	31	52	64	38	62	4	84	61	118	115	19	27	3	87	7	37	84	92	19	22	96	67	98	65	115	23	38	60	59	99	46	93	20	56	69
0	0	0	0	0	0	0	0	0	0	0	0	0	0	0	0	0	0	0	0	0	0	0	0	0	0	0	0	0	0	0	0	0	0	0	0	0	0	0	0	0	0	0	0	0	0	0	0	0	0	0	0	0	0	0	0	0	0	0	0	0	0	0	0	31	35	64	10	26	90	100	1	119	103	39	101	121	95	120	39	57	2	99	49	72	14	38	24	31	32	102	102	11	54	69	102	113	38	54	94	59	76	86	27	84	98	120	54	86	56	123	29	33	57	124	45	115	94	24	94	100	121	17	61	87	18	111	101
0	0	0	0	0	0	0	0	0	0	0	0	0	0	0	0	0	0	0	0	0	0	0	0	0	0	0	0	0	0	0	0	0	0	0	0	0	0	0	0	0	0	0	0	0	0	0	0	0	0	0	0	0	0	0	0	0	0	0	0	0	0	0	0	0	72	12	19	121	56	62	121	1	69	118	47	23	106	46	62	33	107	84	126	116	41	8	3	115	103	103	18	10	70	64	60	107	58	64	92	103	60	1	106	70	122	3	29	99	69	33	21	97	112	28	57	32	117	51	22	44	36	40	68	127	34	48	60
0	0	0	0	0	0	0	0	0	0	0	0	0	0	0	0	0	0	0	0	0	0	0	0	0	0	0	0	0	0	0	0	0	0	0	0	0	0	0	0	0	0	0	0	0	0	0	0	0	0	0	0	0	0	0	0	0	0	0	0	0	0	0	0	0	0	116	120	62	72	52	127	74	27	103	12	101	115	28	46	124	99	5	68	104	5	17	123	97	40	114	61	52	78	90	31	64	12	33	52	62	39	86	125	33	76	102	89	124	123	14	108	19	5	96	68	43	92	127	34	27	24	118	68	46	34	19	35
0	0	0	0	0	0	0	0	0	0	0	0	0	0	0	0	0	0	0	0	0	0	0	0	0	0	0	0	0	0	0	0	0	0	0	0	0	0	0	0	0	0	0	0	0	0	0	0	0	0	0	0	0	0	0	0	0	0	0	0	0	0	0	0	0	0	0	74	55	9	55	98	60	49	43	52	52	6	105	123	43	96	98	124	44	79	98	51	72	110	35	49	65	43	84	100	107	3	101	54	41	27	10	32	89	70	48	26	6	40	49	118	97	128	54	12	105	69	43	19	105	16	84	84	55	71	108	55
0	0	0	0	0	0	0	0	0	0	0	0	0	0	0	0	0	0	0	0	0	0	0	0	0	0	0	0	0	0	0	0	0	0	0	0	0	0	0	0	0	0	0	0	0	0	0	0	0	0	0	0	0	0	0	0	0	0	0	0	0	0	0	0	0	0	0	0	42	34	53	108	28	3	65	111	124	93	45	88	41	19	121	114	36	19	17	107	87	85	55	66	74	23	56	115	42	128	75	100	32	10	14	79	55	114	126	65	54	97	5	119	107	51	48	117	99	122	29	5	29	119	73	88	121	82	126	33
0	0	0	0	0	0	0	0	0	0	0	0	0	0	0	0	0	0	0	0	0	0	0	0	0	0	0	0	0	0	0	0	0	0	0	0	0	0	0	0	0	0	0	0	0	0	0	0	0	0	0	0	0	0	0	0	0	0	0	0	0	0	0	0	0	0	0	0	0	61	70	93	25	27	76	90	48	84	76	34	29	60	5	111	5	123	2	16	97	89	19	75	66	104	63	101	112	69	108	33	86	36	104	69	37	2	125	42	79	128	50	99	115	97	41	39	64	63	14	32	47	25	54	127	48	104	65	111
0	0	0	0	0	0	0	0	0	0	0	0	0	0	0	0	0	0	0	0	0	0	0	0	0	0	0	0	0	0	0	0	0	0	0	0	0	0	0	0	0	0	0	0	0	0	0	0	0	0	0	0	0	0	0	0	0	0	0	0	0	0	0	0	0	0	0	0	0	0	109	95	45	46	1	51	107	101	35	103	60	61	108	5	108	40	67	125	89	72	81	65	113	89	109	52	25	105	65	91	121	47	41	66	101	36	51	109	26	102	65	2	93	108	111	26	71	99	110	75	50	45	51	15	25	38	33	59
0	0	0	0	0	0	0	0	0	0	0	0	0	0	0	0	0	0	0	0	0	0	0	0	0	0	0	0	0	0	0	0	0	0	0	0	0	0	0	0	0	0	0	0	0	0	0	0	0	0	0	0	0	0	0	0	0	0	0	0	0	0	0	0	0	0	0	0	0	0	0	119	37	46	117	28	103	28	83	83	30	25	36	125	8	100	57	30	87	13	120	37	55	21	71	61	87	104	63	126	82	90	67	118	5	15	84	69	48	90	92	95	42	82	54	97	95	110	9	7	122	63	57	19	20	43	77	16
0	0	0	0	0	0	0	0	0	0	0	0	0	0	0	0	0	0	0	0	0	0	0	0	0	0	0	0	0	0	0	0	0	0	0	0	0	0	0	0	0	0	0	0	0	0	0	0	0	0	0	0	0	0	0	0	0	0	0	0	0	0	0	0	0	0	0	0	0	0	0	0	36	16	6	25	80	65	48	54	64	45	61	66	73	81	80	2	23	91	2	58	38	20	119	34	79	81	72	127	123	81	82	121	14	6	6	70	32	1	81	94	97	18	28	102	1	11	71	92	71	80	42	68	33	95	1	32
0	0	0	0	0	0	0	0	0	0	0	0	0	0	0	0	0	0	0	0	0	0	0	0	0	0	0	0	0	0	0	0	0	0	0	0	0	0	0	0	0	0	0	0	0	0	0	0	0	0	0	0	0	0	0	0	0	0	0	0	0	0	0	0	0	0	0	0	0	0	0	0	0	69	67	94	52	119	109	114	124	63	128	48	37	127	57	15	16	80	111	65	38	19	40	63	37	98	99	6	34	64	28	123	10	20	39	61	28	77	116	125	123	28	30	58	72	15	43	71	90	75	46	42	48	108	22	10
0	0	0	0	0	0	0	0	0	0	0	0	0	0	0	0	0	0	0	0	0	0	0	0	0	0	0	0	0	0	0	0	0	0	0	0	0	0	0	0	0	0	0	0	0	0	0	0	0	0	0	0	0	0	0	0	0	0	0	0	0	0	0	0	0	0	0	0	0	0	0	0	0	0	67	93	73	25	1	42	43	32	59	61	92	80	66	116	77	84	100	22	59	57	16	66	14	12	121	24	94	78	41	69	106	63	2	62	71	43	102	87	94	6	82	110	5	23	49	13	128	49	109	6	50	87	84	48
0	0	0	0	0	0	0	0	0	0	0	0	0	0	0	0	0	0	0	0	0	0	0	0	0	0	0	0	0	0	0	0	0	0	0	0	0	0	0	0	0	0	0	0	0	0	0	0	0	0	0	0	0	0	0	0	0	0	0	0	0	0	0	0	0	0	0	0	0	0	0	0	0	0	0	103	26	108	111	108	127	53	79	111	12	117	68	60	119	45	75	66	9	112	74	10	127	77	9	32	27	123	34	29	59	124	45	113	50	107	42	69	13	67	19	26	110	68	52	21	50	85	126	61	26	60	48	102
0	0	0	0	0	0	0	0	0	0	0	0	0	0	0	0	0	0	0	0	0	0	0	0	0	0	0	0	0	0	0	0	0	0	0	0	0	0	0	0	0	0	0	0	0	0	0	0	0	0	0	0	0	0	0	0	0	0	0	0	0	0	0	0	0	0	0	0	0	0	0	0	0	0	0	0	89	112	77	29	17	62	9	112	105	101	29	20	59	48	61	44	14	102	2	51	112	65	83	106	108	79	23	91	50	87	54	110	100	34	3	9	41	62	101	108	42	26	109	24	69	56	46	66	67	89	126	116
0	0	0	0	0	0	0	0	0	0	0	0	0	0	0	0	0	0	0	0	0	0	0	0	0	0	0	0	0	0	0	0	0	0	0	0	0	0	0	0	0	0	0	0	0	0	0	0	0	0	0	0	0	0	0	0	0	0	0	0	0	0	0	0	0	0	0	0	0	0	0	0	0	0	0	0	0	21	68	91	85	72	70	110	23	43	7	75	124	20	13	58	40	86	103	51	41	14	52	81	107	43	115	12	116	28	81	111	30	43	15	85	110	4	95	99	119	41	81	64	76	5	116	106	82	19	58	87
0	0	0	0	0	0	0	0	0	0	0	0	0	0	0	0	0	0	0	0	0	0	0	0	0	0	0	0	0	0	0	0	0	0	0	0	0	0	0	0	0	0	0	0	0	0	0	0	0	0	0	0	0	0	0	0	0	0	0	0	0	0	0	0	0	0	0	0	0	0	0	0	0	0	0	0	0	0	11	78	86	15	20	67	15	123	53	2	69	122	25	114	39	118	86	101	17	121	104	14	118	92	40	36	93	83	92	59	5	84	127	83	64	38	14	44	28	57	55	67	95	107	88	105	60	84	2	3
0	0	0	0	0	0	0	0	0	0	0	0	0	0	0	0	0	0	0	0	0	0	0	0	0	0	0	0	0	0	0	0	0	0	0	0	0	0	0	0	0	0	0	0	0	0	0	0	0	0	0	0	0	0	0	0	0	0	0	0	0	0	0	0	0	0	0	0	0	0	0	0	0	0	0	0	0	0	0	103	78	99	64	93	120	31	80	126	89	77	6	95	50	122	91	27	92	59	62	30	110	69	58	31	18	115	61	106	81	109	53	35	28	83	70	115	125	37	11	9	42	2	97	41	96	28	31	36
0	0	0	0	0	0	0	0	0	0	0	0	0	0	0	0	0	0	0	0	0	0	0	0	0	0	0	0	0	0	0	0	0	0	0	0	0	0	0	0	0	0	0	0	0	0	0	0	0	0	0	0	0	0	0	0	0	0	0	0	0	0	0	0	0	0	0	0	0	0	0	0	0	0	0	0	0	0	0	0	70	71	64	78	2	113	109	46	127	36	49	26	34	53	118	61	53	11	65	104	98	113	10	47	30	31	41	52	14	4	95	101	58	98	121	87	92	56	64	33	37	2	6	16	109	127	104	87
0	0	0	0	0	0	0	0	0	0	0	0	0	0	0	0	0	0	0	0	0	0	0	0	0	0	0	0	0	0	0	0	0	0	0	0	0	0	0	0	0	0	0	0	0	0	0	0	0	0	0	0	0	0	0	0	0	0	0	0	0	0	0	0	0	0	0	0	0	0	0	0	0	0	0	0	0	0	0	0	0	54	17	75	117	26	19	82	65	117	95	125	12	3	71	47	117	93	63	102	111	49	32	54	68	14	78	24	22	94	55	2	82	80	11	80	76	83	82	84	49	27	41	105	66	105	17	95
0	0	0	0	0	0	0	0	0	0	0	0	0	0	0	0	0	0	0	0	0	0	0	0	0	0	0	0	0	0	0	0	0	0	0	0	0	0	0	0	0	0	0	0	0	0	0	0	0	0	0	0	0	0	0	0	0	0	0	0	0	0	0	0	0	0	0	0	0	0	0	0	0	0	0	0	0	0	0	0	0	0	56	92	57	36	72	123	108	41	98	53	39	56	84	31	87	53	38	56	56	85	44	76	13	23	128	113	73	82	115	125	117	82	65	18	114	71	75	114	66	105	65	103	37	31	6	122
0	0	0	0	0	0	0	0	0	0	0	0	0	0	0	0	0	0	0	0	0	0	0	0	0	0	0	0	0	0	0	0	0	0	0	0	0	0	0	0	0	0	0	0	0	0	0	0	0	0	0	0	0	0	0	0	0	0	0	0	0	0	0	0	0	0	0	0	0	0	0	0	0	0	0	0	0	0	0	0	0	0	0	93	35	51	76	55	68	119	112	36	98	109	10	52	98	62	69	68	91	115	105	110	88	95	18	59	83	53	28	52	91	22	72	21	73	121	50	75	127	58	46	58	114	120	53	62
0	0	0	0	0	0	0	0	0	0	0	0	0	0	0	0	0	0	0	0	0	0	0	0	0	0	0	0	0	0	0	0	0	0	0	0	0	0	0	0	0	0	0	0	0	0	0	0	0	0	0	0	0	0	0	0	0	0	0	0	0	0	0	0	0	0	0	0	0	0	0	0	0	0	0	0	0	0	0	0	0	0	0	0	57	123	121	30	25	89	107	106	56	92	107	30	86	24	92	33	65	70	103	127	99	9	31	109	122	80	80	67	64	92	111	83	99	79	76	99	45	21	76	60	47	34	101	26
0	0	0	0	0	0	0	0	0	0	0	0	0	0	0	0	0	0	0	0	0	0	0	0	0	0	0	0	0	0	0	0	0	0	0	0	0	0	0	0	0	0	0	0	0	0	0	0	0	0	0	0	0	0	0	0	0	0	0	0	0	0	0	0	0	0	0	0	0	0	0	0	0	0	0	0	0	0	0	0	0	0	0	0	0	9	53	39	56	80	80	79	28	16	105	92	69	9	10	20	61	3	48	109	65	112	45	94	69	97	119	122	89	57	106	26	91	116	127	11	62	58	72	96	62	80	23	53
0	0	0	0	0	0	0	0	0	0	0	0	0	0	0	0	0	0	0	0	0	0	0	0	0	0	0	0	0	0	0	0	0	0	0	0	0	0	0	0	0	0	0	0	0	0	0	0	0	0	0	0	0	0	0	0	0	0	0	0	0	0	0	0	0	0	0	0	0	0	0	0	0	0	0	0	0	0	0	0	0	0	0	0	0	0	15	107	41	127	64	104	104	126	29	47	100	2	15	111	103	108	1	122	38	112	56	123	81	128	111	14	109	128	103	115	103	19	125	87	31	51	56	108	122	26	3	110
0	0	0	0	0	0	0	0	0	0	0	0	0	0	0	0	0	0	0	0	0	0	0	0	0	0	0	0	0	0	0	0	0	0	0	0	0	0	0	0	0	0	0	0	0	0	0	0	0	0	0	0	0	0	0	0	0	0	0	0	0	0	0	0	0	0	0	0	0	0	0	0	0	0	0	0	0	0	0	0	0	0	0	0	0	0	0	119	124	121	119	9	33	93	73	79	36	91	21	91	22	89	112	77	106	41	7	11	7	123	89	23	8	11	96	49	71	12	35	77	42	90	97	58	34	9	53	48
0	0	0	0	0	0	0	0	0	0	0	0	0	0	0	0	0	0	0	0	0	0	0	0	0	0	0	0	0	0	0	0	0	0	0	0	0	0	0	0	0	0	0	0	0	0	0	0	0	0	0	0	0	0	0	0	0	0	0	0	0	0	0	0	0	0	0	0	0	0	0	0	0	0	0	0	0	0	0	0	0	0	0	0	0	0	0	0	118	1	69	82	42	7	101	8	50	92	106	5	111	46	52	82	128	93	75	99	59	117	49	33	76	20	71	107	62	122	38	112	12	74	30	40	99	106	1	112
0	0	0	0	0	0	0	0	0	0	0	0	0	0	0	0	0	0	0	0	0	0	0	0	0	0	0	0	0	0	0	0	0	0	0	0	0	0	0	0	0	0	0	0	0	0	0	0	0	0	0	0	0	0	0	0	0	0	0	0	0	0	0	0	0	0	0	0	0	0	0	0	0	0	0	0	0	0	0	0	0	0	0	0	0	0	0	0	0	29	45	44	116	71	68	115	122	6	71	45	48	127	84	23	1	97	4	26	112	108	99	105	48	90	8	61	42	13	111	80	9	91	11	81	31	17	33	80
0	0	0	0	0	0	0	0	0	0	0	0	0	0	0	0	0	0	0	0	0	0	0	0	0	0	0	0	0	0	0	0	0	0	0	0	0	0	0	0	0	0	0	0	0	0	0	0	0	0	0	0	0	0	0	0	0	0	0	0	0	0	0	0	0	0	0	0	0	0	0	0	0	0	0	0	0	0	0	0	0	0	0	0	0	0	0	0	0	0	52	125	44	86	1	75	59	92	70	77	77	67	11	44	54	127	43	66	80	96	18	44	77	79	41	11	28	96	31	126	96	114	11	94	10	25	128	63
0	0	0	0	0	0	0	0	0	0	0	0	0	0	0	0	0	0	0	0	0	0	0	0	0	0	0	0	0	0	0	0	0	0	0	0	0	0	0	0	0	0	0	0	0	0	0	0	0	0	0	0	0	0	0	0	0	0	0	0	0	0	0	0	0	0	0	0	0	0	0	0	0	0	0	0	0	0	0	0	0	0	0	0	0	0	0	0	0	0	0	68	5	107	87	107	121	32	39	85	126	114	124	106	77	4	53	2	26	108	81	55	103	105	92	34	86	109	63	18	73	39	107	62	101	123	50	61
0	0	0	0	0	0	0	0	0	0	0	0	0	0	0	0	0	0	0	0	0	0	0	0	0	0	0	0	0	0	0	0	0	0	0	0	0	0	0	0	0	0	0	0	0	0	0	0	0	0	0	0	0	0	0	0	0	0	0	0	0	0	0	0	0	0	0	0	0	0	0	0	0	0	0	0	0	0	0	0	0	0	0	0	0	0	0	0	0	0	0	0	82	10	64	12	89	10	50	12	107	94	74	60	101	40	56	52	34	68	58	44	74	47	81	87	11	61	51	45	23	36	1	89	57	1	101	86
0	0	0	0	0	0	0	0	0	0	0	0	0	0	0	0	0	0	0	0	0	0	0	0	0	0	0	0	0	0	0	0	0	0	0	0	0	0	0	0	0	0	0	0	0	0	0	0	0	0	0	0	0	0	0	0	0	0	0	0	0	0	0	0	0	0	0	0	0	0	0	0	0	0	0	0	0	0	0	0	0	0	0	0	0	0	0	0	0	0	0	0	0	76	72	16	29	114	49	121	120	48	43	37	96	78	113	108	117	103	29	113	100	49	89	11	82	32	119	126	17	71	108	48	57	58	12	100
0	0	0	0	0	0	0	0	0	0	0	0	0	0	0	0	0	0	0	0	0	0	0	0	0	0	0	0	0	0	0	0	0	0	0	0	0	0	0	0	0	0	0	0	0	0	0	0	0	0	0	0	0	0	0	0	0	0	0	0	0	0	0	0	0	0	0	0	0	0	0	0	0	0	0	0	0	0	0	0	0	0	0	0	0	0	0	0	0	0	0	0	0	0	33	62	34	25	127	92	7	128	58	113	55	73	58	57	11	103	104	101	48	125	85	82	57	77	112	33	114	35	1	98	52	111	91	109
0	0	0	0	0	0	0	0	0	0	0	0	0	0	0	0	0	0	0	0	0	0	0	0	0	0	0	0	0	0	0	0	0	0	0	0	0	0	0	0	0	0	0	0	0	0	0	0	0	0	0	0	0	0	0	0	0	0	0	0	0	0	0	0	0	0	0	0	0	0	0	0	0	0	0	0	0	0	0	0	0	0	0	0	0	0	0	0	0	0	0	0	0	0	0	81	14	18	98	24	46	30	47	35	23	124	103	115	18	66	78	123	107	3	64	32	89	10	20	99	18	86	72	118	78	114	28	47
0	0	0	0	0	0	0	0	0	0	0	0	0	0	0	0	0	0	0	0	0	0	0	0	0	0	0	0	0	0	0	0	0	0	0	0	0	0	0	0	0	0	0	0	0	0	0	0	0	0	0	0	0	0	0	0	0	0	0	0	0	0	0	0	0	0	0	0	0	0	0	0	0	0	0	0	0	0	0	0	0	0	0	0	0	0	0	0	0	0	0	0	0	0	0	0	23	75	43	86	8	31	107	109	72	26	105	72	11	69	20	42	64	104	90	8	4	127	47	118	1	81	41	69	72	94	113	35
0	0	0	0	0	0	0	0	0	0	0	0	0	0	0	0	0	0	0	0	0	0	0	0	0	0	0	0	0	0	0	0	0	0	0	0	0	0	0	0	0	0	0	0	0	0	0	0	0	0	0	0	0	0	0	0	0	0	0	0	0	0	0	0	0	0	0	0	0	0	0	0	0	0	0	0	0	0	0	0	0	0	0	0	0	0	0	0	0	0	0	0	0	0	0	0	0	126	16	92	75	124	114	125	6	126	31	2	97	79	89	116	100	102	57	35	64	58	124	117	7	83	14	107	126	114	21	98
0	0	0	0	0	0	0	0	0	0	0	0	0	0	0	0	0	0	0	0	0	0	0	0	0	0	0	0	0	0	0	0	0	0	0	0	0	0	0	0	0	0	0	0	0	0	0	0	0	0	0	0	0	0	0	0	0	0	0	0	0	0	0	0	0	0	0	0	0	0	0	0	0	0	0	0	0	0	0	0	0	0	0	0	0	0	0	0	0	0	0	0	0	0	0	0	0	0	123	1	102	13	101	103	40	63	12	55	18	20	57	37	30	109	74	41	114	73	44	29	128	5	99	48	81	99	5	106
0	0	0	0	0	0	0	0	0	0	0	0	0	0	0	0	0	0	0	0	0	0	0	0	0	0	0	0	0	0	0	0	0	0	0	0	0	0	0	0	0	0	0	0	0	0	0	0	0	0	0	0	0	0	0	0	0	0	0	0	0	0	0	0	0	0	0	0	0	0	0	0	0	0	0	0	0	0	0	0	0	0	0	0	0	0	0	0	0	0	0	0	0	0	0	0	0	0	0	104	57	115	119	116	9	82	83	102	88	55	117	118	47	42	66	122	62	52	79	54	107	96	123	77	97	93	92	53
0	0	0	0	0	0	0	0	0	0	0	0	0	0	0	0	0	0	0	0	0	0	0	0	0	0	0	0	0	0	0	0	0	0	0	0	0	0	0	0	0	0	0	0	0	0	0	0	0	0	0	0	0	0	0	0	0	0	0	0	0	0	0	0	0	0	0	0	0	0	0	0	0	0	0	0	0	0	0	0	0	0	0	0	0	0	0	0	0	0	0	0	0	0	0	0	0	0	0	0	28	42	119	41	116	42	78	84	26	107	78	61	53	4	26	53	55	89	76	98	74	120	116	23	97	84	28	36
0	0	0	0	0	0	0	0	0	0	0	0	0	0	0	0	0	0	0	0	0	0	0	0	0	0	0	0	0	0	0	0	0	0	0	0	0	0	0	0	0	0	0	0	0	0	0	0	0	0	0	0	0	0	0	0	0	0	0	0	0	0	0	0	0	0	0	0	0	0	0	0	0	0	0	0	0	0	0	0	0	0	0	0	0	0	0	0	0	0	0	0	0	0	0	0	0	0	0	0	0	126	61	99	47	86	13	43	16	85	111	33	60	123	89	17	99	38	64	71	2	124	110	91	66	26	25	44
0	0	0	0	0	0	0	0	0	0	0	0	0	0	0	0	0	0	0	0	0	0	0	0	0	0	0	0	0	0	0	0	0	0	0	0	0	0	0	0	0	0	0	0	0	0	0	0	0	0	0	0	0	0	0	0	0	0	0	0	0	0	0	0	0	0	0	0	0	0	0	0	0	0	0	0	0	0	0	0	0	0	0	0	0	0	0	0	0	0	0	0	0	0	0	0	0	0	0	0	0	0	78	55	94	71	70	103	45	20	26	88	7	103	104	15	84	66	29	48	1	27	27	48	71	77	42	23
0	0	0	0	0	0	0	0	0	0	0	0	0	0	0	0	0	0	0	0	0	0	0	0	0	0	0	0	0	0	0	0	0	0	0	0	0	0	0	0	0	0	0	0	0	0	0	0	0	0	0	0	0	0	0	0	0	0	0	0	0	0	0	0	0	0	0	0	0	0	0	0	0	0	0	0	0	0	0	0	0	0	0	0	0	0	0	0	0	0	0	0	0	0	0	0	0	0	0	0	0	0	0	68	3	37	98	16	123	38	32	66	13	38	97	17	17	89	7	72	124	117	14	50	29	22	62	30
0	0	0	0	0	0	0	0	0	0	0	0	0	0	0	0	0	0	0	0	0	0	0	0	0	0	0	0	0	0	0	0	0	0	0	0	0	0	0	0	0	0	0	0	0	0	0	0	0	0	0	0	0	0	0	0	0	0	0	0	0	0	0	0	0	0	0	0	0	0	0	0	0	0	0	0	0	0	0	0	0	0	0	0	0	0	0	0	0	0	0	0	0	0	0	0	0	0	0	0	0	0	0	0	57	19	25	46	127	30	69	48	122	97	115	80	87	116	22	60	110	32	28	82	114	101	126	80
0	0	0	0	0	0	0	0	0	0	0	0	0	0	0	0	0	0	0	0	0	0	0	0	0	0	0	0	0	0	0	0	0	0	0	0	0	0	0	0	0	0	0	0	0	0	0	0	0	0	0	0	0	0	0	0	0	0	0	0	0	0	0	0	0	0	0	0	0	0	0	0	0	0	0	0	0	0	0	0	0	0	0	0	0	0	0	0	0	0	0	0	0	0	0	0	0	0	0	0	0	0	0	0	0	68	112	42	42	112	40	81	40	23	76	105	102	28	98	56	105	63	106	46	106	69	107	91
0	0	0	0	0	0	0	0	0	0	0	0	0	0	0	0	0	0	0	0	0	0	0	0	0	0	0	0	0	0	0	0	0	0	0	0	0	0	0	0	0	0	0	0	0	0	0	0	0	0	0	0	0	0	0	0	0	0	0	0	0	0	0	0	0	0	0	0	0	0	0	0	0	0	0	0	0	0	0	0	0	0	0	0	0	0	0	0	0	0	0	0	0	0	0	0	0	0	0	0	0	0	0	0	0	0	79	31	56	77	91	14	72	13	72	101	18	10	96	38	118	25	123	60	96	80	71	57
0	0	0	0	0	0	0	0	0	0	0	0	0	0	0	0	0	0	0	0	0	0	0	0	0	0	0	0	0	0	0	0	0	0	0	0	0	0	0	0	0	0	0	0	0	0	0	0	0	0	0	0	0	0	0	0	0	0	0	0	0	0	0	0	0	0	0	0	0	0	0	0	0	0	0	0	0	0	0	0	0	0	0	0	0	0	0	0	0	0	0	0	0	0	0	0	0	0	0	0	0	0	0	0	0	0	0	74	47	107	117	70	63	110	10	82	50	94	17	44	117	28	15	83	33	125	120	2
0	0	0	0	0	0	0	0	0	0	0	0	0	0	0	0	0	0	0	0	0	0	0	0	0	0	0	0	0	0	0	0	0	0	0	0	0	0	0	0	0	0	0	0	0	0	0	0	0	0	0	0	0	0	0	0	0	0	0	0	0	0	0	0	0	0	0	0	0	0	0	0	0	0	0	0	0	0	0	0	0	0	0	0	0	0	0	0	0	0	0	0	0	0	0	0	0	0	0	0	0	0	0	0	0	0	0	0	39	42	23	84	100	73	100	126	82	31	43	116	98	89	83	98	34	94	52	93
0	0	0	0	0	0	0	0	0	0	0	0	0	0	0	0	0	0	0	0	0	0	0	0	0	0	0	0	0	0	0	0	0	0	0	0	0	0	0	0	0	0	0	0	0	0	0	0	0	0	0	0	0	0	0	0	0	0	0	0	0	0	0	0	0	0	0	0	0	0	0	0	0	0	0	0	0	0	0	0	0	0	0	0	0	0	0	0	0	0	0	0	0	0	0	0	0	0	0	0	0	0	0	0	0	0	0	0	0	68	71	59	52	94	85	47	30	86	5	33	81	99	85	71	84	87	4	126
0	0	0	0	0	0	0	0	0	0	0	0	0	0	0	0	0	0	0	0	0	0	0	0	0	0	0	0	0	0	0	0	0	0	0	0	0	0	0	0	0	0	0	0	0	0	0	0	0	0	0	0	0	0	0	0	0	0	0	0	0	0	0	0	0	0	0	0	0	0	0	0	0	0	0	0	0	0	0	0	0	0	0	0	0	0	0	0	0	0	0	0	0	0	0	0	0	0	0	0	0	0	0	0	0	0	0	0	0	0	42	10	22	9	19	125	12	113	67	84	30	9	14	17	72	6	98	2
0	0	0	0	0	0	0	0	0	0	0	0	0	0	0	0	0	0	0	0	0	0	0	0	0	0	0	0	0	0	0	0	0	0	0	0	0	0	0	0	0	0	0	0	0	0	0	0	0	0	0	0	0	0	0	0	0	0	0	0	0	0	0	0	0	0	0	0	0	0	0	0	0	0	0	0	0	0	0	0	0	0	0	0	0	0	0	0	0	0	0	0	0	0	0	0	0	0	0	0	0	0	0	0	0	0	0	0	0	0	0	78	92	55	25	97	45	110	41	65	17	84	84	2	56	100	63	45
0	0	0	0	0	0	0	0	0	0	0	0	0	0	0	0	0	0	0	0	0	0	0	0	0	0	0	0	0	0	0	0	0	0	0	0	0	0	0	0	0	0	0	0	0	0	0	0	0	0	0	0	0	0	0	0	0	0	0	0	0	0	0	0	0	0	0	0	0	0	0	0	0	0	0	0	0	0	0	0	0	0	0	0	0	0	0	0	0	0	0	0	0	0	0	0	0	0	0	0	0	0	0	0	0	0	0	0	0	0	0	0	125	43	4	104	23	38	39	21	39	36	79	73	35	114	11	4
0	0	0	0	0	0	0	0	0	0	0	0	0	0	0	0	0	0	0	0	0	0	0	0	0	0	0	0	0	0	0	0	0	0	0	0	0	0	0	0	0	0	0	0	0	0	0	0	0	0	0	0	0	0	0	0	0	0	0	0	0	0	0	0	0	0	0	0	0	0	0	0	0	0	0	0	0	0	0	0	0	0	0	0	0	0	0	0	0	0	0	0	0	0	0	0	0	0	0	0	0	0	0	0	0	0	0	0	0	0	0	0	0	12	48	13	29	10	110	115	84	126	7	113	126	33	71	105
0	0	0	0	0	0	0	0	0	0	0	0	0	0	0	0	0	0	0	0	0	0	0	0	0	0	0	0	0	0	0	0	0	0	0	0	0	0	0	0	0	0	0	0	0	0	0	0	0	0	0	0	0	0	0	0	0	0	0	0	0	0	0	0	0	0	0	0	0	0	0	0	0	0	0	0	0	0	0	0	0	0	0	0	0	0	0	0	0	0	0	0	0	0	0	0	0	0	0	0	0	0	0	0	0	0	0	0	0	0	0	0	0	0	39	83	11	117	67	52	25	106	120	24	50	44	43	121
0	0	0	0	0	0	0	0	0	0	0	0	0	0	0	0	0	0	0	0	0	0	0	0	0	0	0	0	0	0	0	0	0	0	0	0	0	0	0	0	0	0	0	0	0	0	0	0	0	0	0	0	0	0	0	0	0	0	0	0	0	0	0	0	0	0	0	0	0	0	0	0	0	0	0	0	0	0	0	0	0	0	0	0	0	0	0	0	0	0	0	0	0	0	0	0	0	0	0	0	0	0	0	0	0	0	0	0	0	0	0	0	0	0	0	105	13	39	28	7	91	120	51	67	45	69	23	29
0	0	0	0	0	0	0	0	0	0	0	0	0	0	0	0	0	0	0	0	0	0	0	0	0	0	0	0	0	0	0	0	0	0	0	0	0	0	0	0	0	0	0	0	0	0	0	0	0	0	0	0	0	0	0	0	0	0	0	0	0	0	0	0	0	0	0	0	0	0	0	0	0	0	0	0	0	0	0	0	0	0	0	0	0	0	0	0	0	0	0	0	0	0	0	0	0	0	0	0	0	0	0	0	0	0	0	0	0	0	0	0	0	0	0	0	109	18	48	87	38	15	3	40	37	122	45	46
0	0	0	0	0	0	0	0	0	0	0	0	0	0	0	0	0	0	0	0	0	0	0	0	0	0	0	0	0	0	0	0	0	0	0	0	0	0	0	0	0	0	0	0	0	0	0	0	0	0	0	0	0	0	0	0	0	0	0	0	0	0	0	0	0	0	0	0	0	0	0	0	0	0	0	0	0	0	0	0	0	0	0	0	0	0	0	0	0	0	0	0	0	0	0	0	0	0	0	0	0	0	0	0	0	0	0	0	0	0	0	0	0	0	0	0	0	48	91	40	103	98	78	21	105	58	75	43
0	0	0	0	0	0	0	0	0	0	0	0	0	0	0	0	0	0	0	0	0	0	0	0	0	0	0	0	0	0	0	0	0	0	0	0	0	0	0	0	0	0	0	0	0	0	0	0	0	0	0	0	0	0	0	0	0	0	0	0	0	0	0	0	0	0	0	0	0	0	0	0	0	0	0	0	0	0	0	0	0	0	0	0	0	0	0	0	0	0	0	0	0	0	0	0	0	0	0	0	0	0	0	0	0	0	0	0	0	0	0	0	0	0	0	0	0	0	63	19	9	66	33	24	64	117	28	90
0	0	0	0	0	0	0	0	0	0	0	0	0	0	0	0	0	0	0	0	0	0	0	0	0	0	0	0	0	0	0	0	0	0	0	0	0	0	0	0	0	0	0	0	0	0	0	0	0	0	0	0	0	0	0	0	0	0	0	0	0	0	0	0	0	0	0	0	0	0	0	0	0	0	0	0	0	0	0	0	0	0	0	0	0	0	0	0	0	0	0	0	0	0	0	0	0	0	0	0	0	0	0	0	0	0	0	0	0	0	0	0	0	0	0	0	0	0	0	115	68	122	88	91	73	46	1	83
0	0	0	0	0	0	0	0	0	0	0	0	0	0	0	0	0	0	0	0	0	0	0	0	0	0	0	0	0	0	0	0	0	0	0	0	0	0	0	0	0	0	0	0	0	0	0	0	0	0	0	0	0	0	0	0	0	0	0	0	0	0	0	0	0	0	0	0	0	0	0	0	0	0	0	0	0	0	0	0	0	0	0	0	0	0	0	0	0	0	0	0	0	0	0	0	0	0	0	0	0	0	0	0	0	0	0	0	0	0	0	0	0	0	0	0	0	0	0	0	110	112	36	39	2	45	34	31
0	0	0	0	0	0	0	0	0	0	0	0	0	0	0	0	0	0	0	0	0	0	0	0	0	0	0	0	0	0	0	0	0	0	0	0	0	0	0	0	0	0	0	0	0	0	0	0	0	0	0	0	0	0	0	0	0	0	0	0	0	0	0	0	0	0	0	0	0	0	0	0	0	0	0	0	0	0	0	0	0	0	0	0	0	0	0	0	0	0	0	0	0	0	0	0	0	0	0	0	0	0	0	0	0	0	0	0	0	0	0	0	0	0	0	0	0	0	0	0	0	31	92	80	103	97	122	13
0	0	0	0	0	0	0	0	0	0	0	0	0	0	0	0	0	0	0	0	0	0	0	0	0	0	0	0	0	0	0	0	0	0	0	0	0	0	0	0	0	0	0	0	0	0	0	0	0	0	0	0	0	0	0	0	0	0	0	0	0	0	0	0	0	0	0	0	0	0	0	0	0	0	0	0	0	0	0	0	0	0	0	0	0	0	0	0	0	0	0	0	0	0	0	0	0	0	0	0	0	0	0	0	0	0	0	0	0	0	0	0	0	0	0	0	0	0	0	0	0	0	15	66	101	32	12	65
0	0	0	0	0	0	0	0	0	0	0	0	0	0	0	0	0	0	0	0	0	0	0	0	0	0	0	0	0	0	0	0	0	0	0	0	0	0	0	0	0	0	0	0	0	0	0	0	0	0	0	0	0	0	0	0	0	0	0	0	0	0	0	0	0	0	0	0	0	0	0	0	0	0	0	0	0	0	0	0	0	0	0	0	0	0	0	0	0	0	0	0	0	0	0	0	0	0	0	0	0	0	0	0	0	0	0	0	0	0	0	0	0	0	0	0	0	0	0	0	0	0	0	127	23	39	127	45
0	0	0	0	0	0	0	0	0	0	0	0	0	0	0	0	0	0	0	0	0	0	0	0	0	0	0	0	0	0	0	0	0	0	0	0	0	0	0	0	0	0	0	0	0	0	0	0	0	0	0	0	0	0	0	0	0	0	0	0	0	0	0	0	0	0	0	0	0	0	0	0	0	0	0	0	0	0	0	0	0	0	0	0	0	0	0	0	0	0	0	0	0	0	0	0	0	0	0	0	0	0	0	0	0	0	0	0	0	0	0	0	0	0	0	0	0	0	0	0	0	0	0	0	75	37	120	112
0	0	0	0	0	0	0	0	0	0	0	0	0	0	0	0	0	0	0	0	0	0	0	0	0	0	0	0	0	0	0	0	0	0	0	0	0	0	0	0	0	0	0	0	0	0	0	0	0	0	0	0	0	0	0	0	0	0	0	0	0	0	0	0	0	0	0	0	0	0	0	0	0	0	0	0	0	0	0	0	0	0	0	0	0	0	0	0	0	0	0	0	0	0	0	0	0	0	0	0	0	0	0	0	0	0	0	0	0	0	0	0	0	0	0	0	0	0	0	0	0	0	0	0	0	107	45	38
0	0	0	0	0	0	0	0	0	0	0	0	0	0	0	0	0	0	0	0	0	0	0	0	0	0	0	0	0	0	0	0	0	0	0	0	0	0	0	0	0	0	0	0	0	0	0	0	0	0	0	0	0	0	0	0	0	0	0	0	0	0	0	0	0	0	0	0	0	0	0	0	0	0	0	0	0	0	0	0	0	0	0	0	0	0	0	0	0	0	0	0	0	0	0	0	0	0	0	0	0	0	0	0	0	0	0	0	0	0	0	0	0	0	0	0	0	0	0	0	0	0	0	0	0	0	99	125
0	0	0	0	0	0	0	0	0	0	0	0	0	0	0	0	0	0	0	0	0	0	0	0	0	0	0	0	0	0	0	0	0	0	0	0	0	0	0	0	0	0	0	0	0	0	0	0	0	0	0	0	0	0	0	0	0	0	0	0	0	0	0	0	0	0	0	0	0	0	0	0	0	0	0	0	0	0	0	0	0	0	0	0	0	0	0	0	0	0	0	0	0	0	0	0	0	0	0	0	0	0	0	0	0	0	0	0	0	0	0	0	0	0	0	0	0	0	0	0	0	0	0	0	0	0	0	83
0	0	0	0	0	0	0	0	0	0	0	0	0	0	0	0	0	0	0	0	0	0	0	0	0	0	0	0	0	0	0	0	0	0	0	0	0	0	0	0	0	0	0	0	0	0	0	0	0	0	0	0	0	0	0	0	0	0	0	0	0	0	0	0	0	0	0	0	0	0	0	0	0	0	0	0	0	0	0	0	0	0	0	0	0	0	0	0	0	0	0	0	0	0	0	0	0	0	0	0	0	0	0	0	0	0	0	0	0	0	0	0	0	0	0	0	0	0	0	0	0	0	0	0	0	0	0	0