0	26	70	37	19	72	95	75	49	116	29	58	84	64	99	31	106	111	96	44	50	52	29	30	59	38	100	2	98	27	63	110	20	102	16	116	127	73	29	94	38	109	35	7	69	64	34	104	5	50	80	27	37	18	114	57	63	63	126	35	62	32	70	12	47	45	6	114	35	27	108	41	33	71	84	7	60	85	8	39	41	21	9	27	27	1	92	73	52	29	63	19	110	43	42	64	70	100	78	9	96	2	32	2	57	85	30	95	91	13	52	123	32	78	77	115	81	126	40	23	30	72	45	78	95	22	72	25
0	0	23	56	55	60	75	123	31	115	56	40	36	1	34	13	42	122	123	121	40	50	47	76	86	101	81	29	34	43	58	97	14	123	30	72	5	41	101	104	57	36	87	47	123	39	119	11	96	90	5	94	43	119	16	20	47	121	88	78	70	39	31	29	87	7	102	33	83	85	128	45	95	122	38	117	24	11	83	20	123	40	21	22	32	111	42	25	101	82	116	76	3	87	49	53	14	36	104	66	13	76	20	69	65	75	118	58	38	50	88	26	42	18	118	19	41	23	50	117	66	71	6	20	16	85	48	10
0	0	0	58	78	19	52	88	36	18	7	112	78	79	24	13	110	80	103	99	72	70	50	40	124	59	6	34	37	88	113	101	23	42	115	89	103	50	32	21	41	47	116	128	75	85	114	4	16	123	17	76	77	94	74	107	19	73	18	44	53	121	7	95	52	124	125	39	18	61	121	57	111	93	104	60	55	75	124	19	12	20	107	44	34	41	81	83	56	68	45	99	62	116	59	20	10	123	59	2	43	85	60	38	119	11	99	57	34	39	116	34	51	84	63	84	84	53	127	103	85	14	21	30	19	21	118	73
0	0	0	0	43	16	50	51	70	19	103	41	119	52	116	99	20	1	59	97	51	87	44	80	3	21	75	121	55	110	38	79	103	7	56	118	27	15	17	48	31	111	34	21	25	2	31	60	122	69	72	79	44	126	86	96	43	28	51	73	41	33	127	51	78	85	29	46	14	102	30	101	44	58	81	71	108	2	37	31	5	120	110	63	86	99	114	11	90	5	83	104	78	49	47	95	48	10	63	52	107	30	74	27	103	66	73	26	128	125	85	53	67	74	42	100	118	105	83	111	118	42	67	92	8	108	111	100
0	0	0	0	0	108	98	47	126	32	48	26	3	17	37	30	67	82	29	3	57	71	55	43	122	49	65	42	1	83	38	4	96	11	10	27	72	97	34	99	69	26	125	82	101	120	30	87	121	111	12	43	35	74	103	108	61	25	88	48	17	66	62	123	48	30	94	64	81	60	28	11	81	17	90	40	98	38	90	68	61	101	88	104	124	41	67	2	80	119	44	34	75	125	95	95	57	95	79	51	35	27	54	93	110	88	94	39	19	78	20	76	14	56	97	119	35	9	19	82	58	85	88	61	60	8	22	62
0	0	0	0	0	0	64	93	31	122	50	72	21	49	17	120	95	122	1	100	56	38	5	50	25	101	75	33	110	96	11	5	71	114	128	68	47	34	51	103	18	104	24	89	82	22	31	24	12	96	119	121	39	24	50	23	17	64	38	105	107	102	64	99	116	2	28	29	69	112	59	2	23	119	67	85	108	118	54	90	40	29	47	48	75	116	12	63	101	55	69	12	61	113	5	69	108	32	18	96	96	85	97	96	37	59	82	50	93	8	74	86	100	111	96	65	40	24	89	85	93	63	80	38	15	109	6	9
0	0	0	0	0	0	0	91	39	54	94	31	46	36	59	101	101	9	62	24	6	81	66	54	114	80	35	32	79	17	77	117	54	9	10	102	86	82	112	22	118	56	82	37	68	43	30	36	39	117	100	58	111	112	72	112	126	121	27	35	69	113	11	4	110	99	14	49	81	110	128	30	2	7	3	32	95	105	67	61	116	116	43	69	83	5	46	99	5	42	57	125	39	48	33	118	35	82	82	117	27	115	119	3	85	82	115	93	53	38	53	29	46	34	73	45	39	102	12	126	72	118	125	28	120	78	57	50
0	0	0	0	0	0	0	0	124	22	24	90	101	21	125	36	39	6	29	53	53	37	54	56	55	2	118	92	7	6	43	81	109	43	76	53	77	78	4	92	41	67	91	53	111	60	97	106	86	9	81	72	111	67	34	23	14	109	85	88	97	89	42	81	45	2	69	20	43	93	11	120	47	31	9	61	7	115	20	98	69	24	70	80	72	25	91	9	21	46	76	7	19	58	46	34	49	104	71	26	26	17	100	71	63	73	89	49	11	18	23	89	71	57	52	126	36	2	57	25	13	69	64	21	58	78	84	2
0	0	0	0	0	0	0	0	0	89	22	21	62	37	74	54	67	9	79	56	78	34	94	29	12	108	59	82	45	21	69	111	93	62	42	65	2	61	13	92	66	125	50	121	32	43	8	53	32	53	67	50	41	23	122	93	71	104	65	96	82	37	76	4	110	35	123	23	119	55	38	16	89	99	15	113	17	41	37	36	113	55	81	42	11	125	1	63	19	12	48	68	82	39	118	39	87	50	54	110	8	89	5	92	110	123	61	33	75	90	59	34	112	49	49	104	100	24	22	124	87	69	38	26	45	122	64	54
0	0	0	0	0	0	0	0	0	0	125	23	1	108	2	30	126	29	33	90	87	111	27	15	101	51	21	125	86	113	67	71	118	100	2	43	104	67	45	71	94	20	4	63	109	49	1	58	81	97	58	31	70	121	84	51	39	120	29	6	27	99	80	73	105	28	2	126	20	39	5	29	110	99	90	67	86	50	2	112	105	39	40	115	22	71	50	121	40	111	7	39	34	101	44	126	30	88	93	6	116	31	71	54	101	73	69	51	77	83	119	125	93	5	14	21	115	70	34	26	71	65	73	126	86	54	60	128
0	0	0	0	0	0	0	0	0	0	0	13	94	30	50	109	65	86	59	68	91	105	41	65	5	93	13	108	65	99	45	41	53	80	74	74	70	118	39	17	77	46	3	70	46	101	100	30	90	58	24	78	50	100	31	105	85	83	58	68	103	22	74	59	56	55	99	10	7	35	116	116	55	6	47	44	89	75	122	100	35	68	103	14	3	2	78	66	61	7	56	67	70	119	93	51	120	42	85	50	81	89	97	95	70	111	27	91	51	7	119	91	121	47	5	82	19	118	19	110	103	65	6	95	42	7	81	79
0	0	0	0	0	0	0	0	0	0	0	0	39	101	69	84	122	85	86	75	117	99	33	126	20	117	93	88	11	109	117	87	82	127	1	97	109	15	59	2	1	40	118	93	3	59	122	3	92	119	126	98	101	21	94	43	15	61	2	112	125	117	61	72	60	87	26	121	57	7	47	17	89	83	107	60	30	1	8	15	87	73	81	71	79	111	70	114	91	20	92	110	58	53	113	102	123	34	95	127	15	67	46	35	13	24	44	86	35	74	98	1	63	17	39	61	7	12	122	19	1	107	89	120	102	74	84	115
0	0	0	0	0	0	0	0	0	0	0	0	0	92	86	25	111	9	9	87	105	127	50	86	69	39	68	49	43	122	107	17	36	46	89	72	30	17	118	28	61	66	28	21	108	60	43	2	99	86	35	53	127	110	6	63	10	114	53	85	4	34	93	28	51	73	91	69	12	77	33	57	103	106	122	108	16	15	101	118	87	39	76	29	101	115	116	118	22	80	79	113	59	25	62	124	74	88	77	25	74	83	119	123	117	89	107	30	112	39	78	19	95	57	60	113	108	88	47	55	125	79	29	5	102	19	122	113
0	0	0	0	0	0	0	0	0	0	0	0	0	0	112	10	90	33	59	4	22	116	1	52	43	55	111	106	65	90	14	104	60	121	2	108	1	68	49	120	123	75	21	122	127	43	79	57	41	23	34	73	90	99	123	22	20	22	106	70	126	92	29	30	9	40	9	47	10	45	95	86	1	91	90	104	35	49	57	119	58	86	127	53	33	102	65	48	20	51	110	38	97	9	127	118	8	81	25	6	122	87	7	74	42	65	74	128	26	93	67	85	48	81	105	6	91	10	47	57	5	9	28	108	68	40	66	100
0	0	0	0	0	0	0	0	0	0	0	0	0	0	0	88	57	52	27	105	78	104	36	21	5	25	123	54	1	65	38	110	28	47	98	1	22	112	35	58	41	4	17	22	3	101	100	92	36	76	100	66	115	126	24	26	66	19	46	123	87	82	37	46	13	38	10	58	76	98	78	20	44	76	29	62	60	71	63	83	88	110	98	63	34	63	63	76	113	42	76	53	26	113	117	101	33	50	112	4	104	68	1	11	124	118	59	55	42	69	109	125	62	45	104	47	34	19	43	32	96	116	81	116	113	12	61	106
0	0	0	0	0	0	0	0	0	0	0	0	0	0	0	0	43	97	72	59	80	56	110	13	75	3	97	5	61	24	68	66	50	61	49	61	2	125	31	93	85	113	60	116	1	66	15	27	83	15	4	51	128	80	23	48	10	53	102	36	28	93	39	106	6	49	5	88	22	17	126	97	51	28	122	117	16	75	79	27	27	36	41	11	71	68	55	37	30	26	13	105	122	15	20	128	40	68	45	55	55	91	80	96	67	69	52	124	102	45	110	118	114	55	122	99	59	67	6	33	53	7	2	86	102	47	95	28
0	0	0	0	0	0	0	0	0	0	0	0	0	0	0	0	0	88	123	64	57	58	61	84	51	61	20	116	86	76	65	113	22	79	64	106	102	41	25	18	29	14	6	88	117	122	3	81	32	11	20	69	127	117	99	71	31	39	117	22	43	90	33	51	64	105	89	124	91	116	105	1	89	68	19	76	28	60	95	23	6	115	108	110	40	62	82	81	125	116	73	91	120	18	125	121	112	18	33	28	42	52	124	17	109	66	95	112	6	84	117	99	66	56	97	98	51	23	64	42	18	90	39	79	49	61	10	52
0	0	0	0	0	0	0	0	0	0	0	0	0	0	0	0	0	0	16	7	92	108	118	6	63	83	93	60	53	27	42	47	68	9	121	17	49	72	8	30	25	33	68	80	95	29	19	28	8	58	96	1	101	108	105	68	79	78	12	61	93	15	16	19	57	122	96	56	117	46	119	111	72	18	57	117	42	64	71	72	55	47	1	45	64	83	37	121	37	121	85	111	125	46	13	36	16	59	122	2	24	32	2	57	53	5	56	93	19	41	117	121	126	113	111	109	101	79	79	90	54	28	110	69	57	98	8	2
0	0	0	0	0	0	0	0	0	0	0	0	0	0	0	0	0	0	0	17	110	21	90	94	122	51	50	61	102	46	2	96	44	12	10	106	30	36	99	94	62	88	23	101	121	96	124	10	68	20	126	34	34	77	89	7	127	16	61	128	98	31	122	2	10	22	41	7	40	84	105	103	58	32	45	84	93	110	32	15	33	9	50	60	110	1	17	39	118	91	79	47	83	121	36	16	65	1	36	34	39	117	64	30	29	56	100	87	70	15	54	15	14	79	108	18	14	27	93	70	57	115	63	52	93	76	6	93
0	0	0	0	0	0	0	0	0	0	0	0	0	0	0	0	0	0	0	0	7	93	82	23	27	59	116	83	69	102	62	20	32	62	109	49	94	126	81	25	67	8	12	4	18	120	18	39	64	16	92	104	33	41	59	14	22	100	117	34	79	103	3	47	105	102	91	12	47	96	6	73	8	76	49	77	17	115	98	23	108	72	80	35	18	32	1	46	57	7	81	108	11	64	110	103	41	15	18	76	113	92	26	25	118	26	56	36	95	7	112	70	72	28	16	67	71	71	23	97	33	4	7	48	36	85	48	66
0	0	0	0	0	0	0	0	0	0	0	0	0	0	0	0	0	0	0	0	0	3	43	70	19	103	22	126	66	52	31	109	76	9	28	127	85	30	119	114	59	46	121	87	97	45	125	110	53	75	78	116	83	15	28	45	19	89	77	15	5	37	116	69	32	6	128	86	20	87	75	42	41	84	39	75	54	128	112	63	127	74	80	19	76	92	49	27	13	120	7	36	37	105	63	55	61	25	51	55	55	58	66	75	55	60	105	68	58	48	76	69	95	86	10	37	118	80	113	71	123	126	128	44	27	114	28	86
0	0	0	0	0	0	0	0	0	0	0	0	0	0	0	0	0	0	0	0	0	0	73	110	2	5	101	40	37	39	82	57	100	32	40	13	89	121	107	65	90	108	78	109	1	106	72	29	3	92	36	36	28	124	28	13	14	45	124	60	49	91	50	74	94	32	113	87	17	74	14	80	30	3	96	85	40	24	111	64	92	6	106	8	87	86	104	94	2	4	127	101	1	79	54	107	62	75	25	110	11	128	111	47	39	35	102	96	121	121	49	126	38	107	15	66	89	93	42	24	115	102	81	56	104	24	37	60
0	0	0	0	0	0	0	0	0	0	0	0	0	0	0	0	0	0	0	0	0	0	0	71	124	69	110	78	82	93	125	4	110	39	8	93	28	82	64	4	118	52	82	2	100	40	26	25	100	23	23	5	6	86	51	100	56	58	42	70	70	27	61	98	24	90	19	20	82	1	32	53	118	26	14	40	71	10	28	74	15	31	98	57	41	91	113	99	110	45	118	48	67	102	55	26	100	21	54	41	56	71	83	33	40	47	29	37	104	105	98	69	66	20	86	26	28	15	83	41	66	21	109	13	108	115	23	117
0	0	0	0	0	0	0	0	0	0	0	0	0	0	0	0	0	0	0	0	0	0	0	0	107	48	4	3	119	74	117	13	33	25	113	127	71	18	87	54	65	97	36	115	86	81	111	40	17	71	104	71	31	53	91	52	13	49	118	97	111	4	122	114	13	110	8	71	104	66	33	43	33	65	112	7	50	16	124	92	84	113	118	43	90	11	120	80	51	3	7	107	91	56	45	90	70	23	83	1	17	114	127	116	95	26	31	30	93	67	93	7	68	112	115	56	20	6	17	81	103	126	31	89	24	83	41	117
0	0	0	0	0	0	0	0	0	0	0	0	0	0	0	0	0	0	0	0	0	0	0	0	0	102	94	69	46	103	104	49	100	95	42	19	41	12	111	19	84	122	42	25	76	93	126	83	100	119	5	63	29	94	12	4	67	128	81	105	113	72	96	96	31	85	88	3	71	92	99	68	84	62	35	23	60	50	109	74	71	41	32	111	68	19	90	101	101	105	65	91	2	50	95	56	3	17	100	61	101	56	56	52	64	66	82	128	100	106	103	105	97	16	85	34	100	16	41	43	68	16	113	56	56	27	95	118
0	0	0	0	0	0	0	0	0	0	0	0	0	0	0	0	0	0	0	0	0	0	0	0	0	0	35	69	79	48	13	90	73	108	51	16	104	22	9	16	78	49	45	59	54	117	72	105	74	1	54	122	120	117	113	102	33	112	1	99	61	89	49	34	34	124	105	47	106	76	123	25	2	52	67	10	39	115	114	72	37	96	117	24	77	13	125	92	107	54	95	71	12	20	16	94	121	115	10	71	1	59	11	43	124	82	94	10	114	39	44	71	63	53	127	67	15	7	84	71	51	58	34	118	100	56	55	23
0	0	0	0	0	0	0	0	0	0	0	0	0	0	0	0	0	0	0	0	0	0	0	0	0	0	0	98	47	110	18	53	65	51	86	80	122	32	28	118	47	34	38	105	5	50	29	107	31	41	62	125	102	75	119	59	74	58	40	121	101	46	32	114	16	29	24	47	22	16	19	8	112	67	113	74	124	45	110	18	116	52	76	128	114	62	4	124	107	35	92	53	87	54	120	103	65	53	36	90	95	41	10	121	63	71	89	111	89	78	108	113	71	124	37	31	114	49	24	38	53	15	26	94	11	111	47	113
0	0	0	0	0	0	0	0	0	0	0	0	0	0	0	0	0	0	0	0	0	0	0	0	0	0	0	0	88	46	87	86	68	94	58	70	23	32	67	61	96	126	27	44	110	114	98	83	12	27	73	97	12	67	46	111	92	9	96	64	11	38	51	50	58	54	7	77	17	33	95	4	119	64	4	112	56	124	29	27	53	50	117	116	10	128	104	23	66	52	101	75	99	124	89	69	105	40	15	14	11	96	98	36	83	18	26	21	80	99	122	85	93	13	60	7	111	48	107	56	102	1	86	73	32	117	128	55
0	0	0	0	0	0	0	0	0	0	0	0	0	0	0	0	0	0	0	0	0	0	0	0	0	0	0	0	0	52	23	17	5	71	109	45	72	45	63	68	85	108	73	65	68	18	27	113	20	123	19	19	54	1	118	102	78	43	99	118	91	113	2	112	82	122	41	100	80	105	72	7	10	118	61	80	75	38	79	49	70	30	39	2	39	82	106	38	24	82	56	122	45	36	42	111	66	82	31	17	94	69	44	11	69	64	120	102	117	115	44	38	67	48	42	121	36	112	82	123	33	105	111	94	36	126	14	61
0	0	0	0	0	0	0	0	0	0	0	0	0	0	0	0	0	0	0	0	0	0	0	0	0	0	0	0	0	0	51	73	89	72	43	106	8	84	121	13	113	66	105	111	115	78	84	48	65	17	12	34	125	41	50	124	15	108	11	66	79	125	42	109	76	85	21	97	99	64	32	33	93	77	22	40	79	113	75	112	76	93	79	33	99	86	100	97	78	6	105	84	41	33	109	100	4	19	88	52	83	65	55	38	25	70	37	103	36	81	97	126	120	105	49	89	84	51	97	51	34	17	42	58	51	114	80	23
0	0	0	0	0	0	0	0	0	0	0	0	0	0	0	0	0	0	0	0	0	0	0	0	0	0	0	0	0	0	0	87	55	119	10	86	94	85	103	31	25	40	12	88	104	104	21	125	123	102	60	32	70	104	126	126	106	72	90	65	110	51	3	33	122	72	25	125	51	27	121	30	43	15	4	115	78	125	13	109	62	95	76	45	41	24	113	50	25	17	20	27	79	87	67	100	75	26	59	4	117	68	101	32	35	127	101	92	117	26	65	109	64	117	112	43	113	86	59	86	92	102	99	94	56	122	123	85
0	0	0	0	0	0	0	0	0	0	0	0	0	0	0	0	0	0	0	0	0	0	0	0	0	0	0	0	0	0	0	0	23	17	73	79	36	75	81	96	66	106	33	125	114	81	72	60	98	110	16	106	109	52	109	34	26	35	79	21	98	66	70	90	82	41	112	65	91	74	101	26	60	85	56	12	6	2	15	126	53	61	106	93	101	5	16	117	16	122	21	47	40	112	85	54	109	90	14	32	57	41	49	121	127	67	50	93	51	122	33	112	25	58	24	125	74	60	74	46	74	41	73	87	108	38	64	61
0	0	0	0	0	0	0	0	0	0	0	0	0	0	0	0	0	0	0	0	0	0	0	0	0	0	0	0	0	0	0	0	0	24	21	93	21	108	23	120	99	105	6	67	17	90	57	106	98	98	98	6	25	4	66	120	67	23	100	80	7	65	5	50	15	13	16	97	15	21	63	8	64	75	18	18	109	66	99	49	105	86	107	124	107	106	19	106	59	13	96	125	27	5	123	8	64	87	110	48	111	27	14	13	46	29	73	101	30	50	110	97	49	37	112	91	47	80	1	108	19	44	82	43	117	72	77	88
0	0	0	0	0	0	0	0	0	0	0	0	0	0	0	0	0	0	0	0	0	0	0	0	0	0	0	0	0	0	0	0	0	0	82	121	60	85	5	107	115	74	106	70	118	60	17	74	52	30	43	13	90	35	94	35	5	93	41	127	19	21	104	94	72	28	124	44	97	21	85	2	1	106	31	101	114	125	54	69	19	75	88	107	92	54	30	85	103	87	43	111	36	39	71	90	119	113	58	45	7	29	3	97	31	119	32	69	115	93	110	32	103	63	1	30	120	5	25	58	38	8	37	20	74	32	54	43
0	0	0	0	0	0	0	0	0	0	0	0	0	0	0	0	0	0	0	0	0	0	0	0	0	0	0	0	0	0	0	0	0	0	0	24	24	7	16	70	7	110	118	7	53	43	44	7	37	51	15	83	89	50	118	6	67	57	79	20	2	117	64	34	20	10	19	88	124	38	58	38	73	51	122	69	25	104	74	120	65	117	117	55	77	14	105	39	95	122	11	3	113	76	33	118	88	81	126	20	106	122	86	29	1	128	65	111	70	71	2	44	97	119	95	86	84	80	2	103	57	68	51	54	28	36	62	78
0	0	0	0	0	0	0	0	0	0	0	0	0	0	0	0	0	0	0	0	0	0	0	0	0	0	0	0	0	0	0	0	0	0	0	0	82	124	95	35	32	87	6	126	121	80	17	120	75	34	55	18	19	82	72	80	116	84	64	55	11	43	88	80	37	108	116	124	34	5	90	97	66	29	4	57	104	126	116	33	98	14	37	126	34	14	5	20	4	92	63	18	114	114	118	17	73	51	47	47	14	46	12	128	46	33	106	36	15	4	104	94	95	2	49	12	113	63	2	32	113	21	79	73	39	28	93	80
0	0	0	0	0	0	0	0	0	0	0	0	0	0	0	0	0	0	0	0	0	0	0	0	0	0	0	0	0	0	0	0	0	0	0	0	0	10	98	15	90	19	84	41	93	33	9	39	118	113	72	47	1	30	17	43	70	107	23	87	5	89	26	54	15	52	35	12	6	106	107	38	42	31	54	71	108	58	86	67	93	124	71	19	20	49	86	23	122	93	65	92	61	9	39	55	35	52	72	32	85	108	65	102	89	65	23	117	37	119	34	63	46	20	89	41	31	49	16	86	49	4	120	124	22	4	75	106
0	0	0	0	0	0	0	0	0	0	0	0	0	0	0	0	0	0	0	0	0	0	0	0	0	0	0	0	0	0	0	0	0	0	0	0	0	0	42	9	54	93	35	110	75	62	55	73	49	64	91	37	82	106	44	22	103	107	31	17	52	103	121	68	54	34	48	8	118	88	69	25	69	55	41	7	85	52	78	113	62	96	8	18	66	93	70	104	30	40	58	40	99	108	22	97	86	51	95	64	113	75	36	33	89	50	28	120	115	71	122	18	81	18	11	58	107	59	60	128	23	44	11	49	86	66	53	114
0	0	0	0	0	0	0	0	0	0	0	0	0	0	0	0	0	0	0	0	0	0	0	0	0	0	0	0	0	0	0	0	0	0	0	0	0	0	0	17	95	56	70	20	84	52	83	100	26	109	63	59	29	105	72	28	69	31	108	21	101	54	126	71	18	4	5	82	72	43	17	18	87	109	16	32	98	83	65	3	120	4	99	125	5	35	26	36	66	41	82	105	16	37	58	75	121	7	123	63	13	113	44	115	74	36	66	14	55	59	48	58	37	82	64	23	56	82	68	23	61	113	30	60	16	25	34	110
0	0	0	0	0	0	0	0	0	0	0	0	0	0	0	0	0	0	0	0	0	0	0	0	0	0	0	0	0	0	0	0	0	0	0	0	0	0	0	0	36	53	38	36	90	102	108	104	73	36	17	54	39	8	9	45	112	36	36	77	13	59	73	82	41	17	85	90	2	87	79	84	123	72	117	36	23	6	79	57	25	10	41	116	38	46	101	30	124	73	76	87	15	7	61	62	55	53	103	82	121	11	55	45	122	33	38	39	44	18	52	86	75	87	104	14	29	96	45	118	37	34	46	102	83	7	7	8
0	0	0	0	0	0	0	0	0	0	0	0	0	0	0	0	0	0	0	0	0	0	0	0	0	0	0	0	0	0	0	0	0	0	0	0	0	0	0	0	0	86	41	11	17	92	59	59	15	70	60	104	53	37	128	71	5	76	82	102	57	5	86	95	74	55	34	10	9	50	122	96	67	112	70	73	86	85	51	10	19	47	122	10	96	62	21	13	28	116	11	61	96	70	106	122	91	125	45	29	4	57	102	68	88	79	31	13	127	33	62	112	18	12	77	61	45	42	76	87	43	50	120	61	70	89	36	110
0	0	0	0	0	0	0	0	0	0	0	0	0	0	0	0	0	0	0	0	0	0	0	0	0	0	0	0	0	0	0	0	0	0	0	0	0	0	0	0	0	0	42	18	39	114	10	16	17	53	120	47	3	69	7	45	118	102	120	8	80	13	123	113	107	79	39	111	5	30	122	91	54	10	7	67	37	66	28	33	93	127	92	96	38	7	98	23	68	21	107	77	96	123	55	42	46	127	56	82	29	122	119	10	51	30	28	63	1	28	83	103	122	80	55	1	38	42	116	83	36	14	88	61	27	74	128	23
0	0	0	0	0	0	0	0	0	0	0	0	0	0	0	0	0	0	0	0	0	0	0	0	0	0	0	0	0	0	0	0	0	0	0	0	0	0	0	0	0	0	0	60	102	92	4	76	85	117	78	70	117	100	49	106	126	112	96	99	20	31	83	71	76	42	19	99	51	8	101	4	109	49	11	15	48	108	45	124	98	59	11	82	114	85	103	15	49	30	81	122	2	25	43	38	75	127	30	113	109	49	79	32	70	113	71	78	66	15	74	36	38	104	95	88	98	29	14	63	70	25	24	67	5	50	17	108
0	0	0	0	0	0	0	0	0	0	0	0	0	0	0	0	0	0	0	0	0	0	0	0	0	0	0	0	0	0	0	0	0	0	0	0	0	0	0	0	0	0	0	0	107	30	29	1	91	27	18	55	49	125	41	50	46	40	98	102	102	118	20	25	66	1	28	90	110	84	49	123	54	126	115	68	103	122	28	6	46	92	79	125	66	38	126	118	8	10	11	114	37	106	18	6	109	2	40	118	56	114	73	112	42	95	72	62	55	45	110	9	50	32	115	92	34	108	15	94	16	26	128	39	95	12	86	10
0	0	0	0	0	0	0	0	0	0	0	0	0	0	0	0	0	0	0	0	0	0	0	0	0	0	0	0	0	0	0	0	0	0	0	0	0	0	0	0	0	0	0	0	0	25	123	1	40	15	98	12	110	95	90	102	81	94	67	126	47	117	9	104	5	90	126	73	50	56	124	9	101	114	92	83	24	74	23	88	80	6	16	74	90	11	1	50	109	15	37	66	3	23	3	31	97	13	79	23	10	91	65	14	63	118	66	7	3	39	33	96	101	52	5	24	109	71	95	90	89	78	115	68	14	37	5	73
0	0	0	0	0	0	0	0	0	0	0	0	0	0	0	0	0	0	0	0	0	0	0	0	0	0	0	0	0	0	0	0	0	0	0	0	0	0	0	0	0	0	0	0	0	0	69	2	80	113	117	9	100	102	65	106	6	16	53	119	15	119	93	10	103	102	27	43	28	93	119	92	123	104	34	19	9	104	96	71	3	61	13	26	37	69	90	11	105	100	68	46	108	85	66	55	4	48	95	41	75	111	58	22	75	57	111	111	124	10	14	8	53	20	87	124	2	18	90	96	56	79	24	123	100	86	110	66
0	0	0	0	0	0	0	0	0	0	0	0	0	0	0	0	0	0	0	0	0	0	0	0	0	0	0	0	0	0	0	0	0	0	0	0	0	0	0	0	0	0	0	0	0	0	0	83	65	95	59	88	54	50	87	45	46	25	102	42	12	104	92	43	101	121	117	4	95	112	38	34	49	106	34	96	66	40	41	51	91	92	11	15	111	65	56	112	65	127	10	18	24	87	22	69	91	97	44	9	83	8	96	98	95	45	115	19	125	127	4	55	49	24	109	21	110	50	115	78	108	98	30	47	63	18	58	42
0	0	0	0	0	0	0	0	0	0	0	0	0	0	0	0	0	0	0	0	0	0	0	0	0	0	0	0	0	0	0	0	0	0	0	0	0	0	0	0	0	0	0	0	0	0	0	0	126	125	21	86	26	95	25	102	45	102	100	24	31	65	31	36	97	7	87	114	56	41	79	43	116	105	10	45	7	9	124	86	22	25	83	59	52	3	65	12	10	21	48	63	68	99	128	107	95	61	47	120	92	63	75	41	1	119	127	107	9	15	103	127	28	30	43	2	34	85	118	54	3	71	40	56	74	99	72	66
0	0	0	0	0	0	0	0	0	0	0	0	0	0	0	0	0	0	0	0	0	0	0	0	0	0	0	0	0	0	0	0	0	0	0	0	0	0	0	0	0	0	0	0	0	0	0	0	0	77	41	28	72	62	73	31	17	5	14	19	66	54	116	10	8	66	22	50	84	48	66	52	25	54	57	60	127	75	94	44	115	36	74	96	105	85	48	17	28	61	101	58	108	98	45	40	67	71	20	23	58	13	26	18	61	13	59	93	58	70	114	72	25	4	61	51	16	41	75	19	82	75	10	7	67	51	36	54
0	0	0	0	0	0	0	0	0	0	0	0	0	0	0	0	0	0	0	0	0	0	0	0	0	0	0	0	0	0	0	0	0	0	0	0	0	0	0	0	0	0	0	0	0	0	0	0	0	0	50	127	54	106	7	86	96	30	110	90	11	14	77	62	46	6	73	57	106	8	118	95	118	77	125	107	50	39	101	117	73	33	17	1	93	85	63	52	32	75	85	81	18	90	51	76	43	89	99	48	53	84	121	56	82	29	65	53	98	55	56	118	34	80	124	109	19	108	52	109	14	3	80	11	85	72	2	128
0	0	0	0	0	0	0	0	0	0	0	0	0	0	0	0	0	0	0	0	0	0	0	0	0	0	0	0	0	0	0	0	0	0	0	0	0	0	0	0	0	0	0	0	0	0	0	0	0	0	0	5	121	35	7	52	68	34	42	41	67	26	23	31	99	41	95	5	101	7	122	109	76	21	128	112	20	49	5	84	16	70	56	1	115	69	37	60	45	58	21	124	41	14	71	116	119	86	86	99	108	109	66	103	37	46	18	68	125	70	28	27	109	3	115	92	24	19	116	46	114	36	35	122	125	110	45	11
0	0	0	0	0	0	0	0	0	0	0	0	0	0	0	0	0	0	0	0	0	0	0	0	0	0	0	0	0	0	0	0	0	0	0	0	0	0	0	0	0	0	0	0	0	0	0	0	0	0	0	0	92	111	4	92	98	37	5	88	32	90	84	96	36	115	31	94	46	75	64	53	83	60	46	100	48	9	97	52	53	126	46	12	81	106	91	80	84	125	105	2	3	93	46	25	65	71	119	116	111	19	1	113	74	79	49	23	82	64	59	122	71	126	120	12	66	34	124	59	35	105	35	120	100	48	16	65
0	0	0	0	0	0	0	0	0	0	0	0	0	0	0	0	0	0	0	0	0	0	0	0	0	0	0	0	0	0	0	0	0	0	0	0	0	0	0	0	0	0	0	0	0	0	0	0	0	0	0	0	0	109	3	119	126	10	87	118	76	103	21	77	103	22	48	104	94	82	107	34	8	82	20	44	87	32	19	64	105	21	67	51	14	11	83	17	6	55	121	38	102	106	104	4	109	52	109	87	119	58	50	44	108	58	84	117	36	55	7	91	73	57	125	127	29	73	53	32	101	58	128	109	84	87	89	25
0	0	0	0	0	0	0	0	0	0	0	0	0	0	0	0	0	0	0	0	0	0	0	0	0	0	0	0	0	0	0	0	0	0	0	0	0	0	0	0	0	0	0	0	0	0	0	0	0	0	0	0	0	0	87	121	96	33	71	27	76	29	20	123	61	39	50	36	105	127	77	34	57	98	122	88	105	49	91	7	37	111	125	56	111	28	100	61	37	112	110	71	46	74	9	109	39	72	128	2	75	22	9	103	22	62	13	14	4	55	123	63	5	12	111	27	5	15	24	50	51	3	98	116	91	77	102	77
0	0	0	0	0	0	0	0	0	0	0	0	0	0	0	0	0	0	0	0	0	0	0	0	0	0	0	0	0	0	0	0	0	0	0	0	0	0	0	0	0	0	0	0	0	0	0	0	0	0	0	0	0	0	0	51	54	25	61	51	111	7	34	49	45	21	63	32	61	29	20	98	96	25	46	127	92	9	92	53	120	101	58	51	52	55	1	101	116	11	122	105	80	83	122	102	74	21	67	112	12	4	72	86	85	118	112	3	68	125	76	17	123	11	58	11	72	4	20	86	51	80	99	8	114	48	110	127
0	0	0	0	0	0	0	0	0	0	0	0	0	0	0	0	0	0	0	0	0	0	0	0	0	0	0	0	0	0	0	0	0	0	0	0	0	0	0	0	0	0	0	0	0	0	0	0	0	0	0	0	0	0	0	0	63	31	87	119	87	121	111	68	99	40	50	32	4	115	66	55	19	15	32	96	3	103	26	54	5	21	48	76	54	53	100	4	43	12	19	40	16	76	47	36	14	106	121	121	7	82	41	114	56	14	124	128	8	56	78	106	58	100	21	13	53	46	75	23	93	3	88	59	65	87	115	19
0	0	0	0	0	0	0	0	0	0	0	0	0	0	0	0	0	0	0	0	0	0	0	0	0	0	0	0	0	0	0	0	0	0	0	0	0	0	0	0	0	0	0	0	0	0	0	0	0	0	0	0	0	0	0	0	0	34	29	48	90	102	92	90	49	120	94	127	121	88	1	39	84	118	50	54	71	22	53	22	101	112	107	18	7	23	97	12	64	112	112	74	108	128	34	77	1	82	46	45	90	30	118	104	116	108	57	109	117	103	17	12	3	46	84	5	30	103	108	15	125	14	47	13	48	110	72	37
0	0	0	0	0	0	0	0	0	0	0	0	0	0	0	0	0	0	0	0	0	0	0	0	0	0	0	0	0	0	0	0	0	0	0	0	0	0	0	0	0	0	0	0	0	0	0	0	0	0	0	0	0	0	0	0	0	0	98	45	14	121	123	85	112	21	22	28	86	103	116	103	80	109	77	127	30	41	111	77	30	43	26	50	76	89	114	42	6	33	14	116	125	56	65	81	99	27	95	2	125	28	85	12	121	4	110	116	16	41	17	75	38	125	54	107	17	90	62	71	19	81	10	128	81	103	45	108
0	0	0	0	0	0	0	0	0	0	0	0	0	0	0	0	0	0	0	0	0	0	0	0	0	0	0	0	0	0	0	0	0	0	0	0	0	0	0	0	0	0	0	0	0	0	0	0	0	0	0	0	0	0	0	0	0	0	0	88	112	32	59	101	41	38	103	25	17	34	43	36	55	28	21	94	27	83	111	126	67	89	48	92	86	60	122	100	64	68	122	122	20	98	56	89	84	77	54	65	125	8	121	78	72	40	32	86	3	62	9	15	103	58	65	39	83	110	101	96	118	17	112	11	16	108	56	127
0	0	0	0	0	0	0	0	0	0	0	0	0	0	0	0	0	0	0	0	0	0	0	0	0	0	0	0	0	0	0	0	0	0	0	0	0	0	0	0	0	0	0	0	0	0	0	0	0	0	0	0	0	0	0	0	0	0	0	0	26	73	21	104	63	107	42	3	16	127	22	66	112	97	24	119	124	98	11	126	5	82	119	56	32	23	112	110	13	29	58	57	94	28	94	40	127	44	73	54	85	96	72	76	116	69	59	9	110	113	4	101	7	90	12	79	16	125	122	63	35	3	21	123	12	88	106	65
0	0	0	0	0	0	0	0	0	0	0	0	0	0	0	0	0	0	0	0	0	0	0	0	0	0	0	0	0	0	0	0	0	0	0	0	0	0	0	0	0	0	0	0	0	0	0	0	0	0	0	0	0	0	0	0	0	0	0	0	0	117	90	67	15	72	9	53	9	81	115	4	81	3	71	74	44	103	120	40	80	54	17	70	68	117	31	112	5	41	46	92	126	72	34	24	84	58	73	120	10	76	86	12	69	53	47	70	47	19	6	81	8	44	19	4	32	29	91	17	27	29	30	120	10	62	112	101
0	0	0	0	0	0	0	0	0	0	0	0	0	0	0	0	0	0	0	0	0	0	0	0	0	0	0	0	0	0	0	0	0	0	0	0	0	0	0	0	0	0	0	0	0	0	0	0	0	0	0	0	0	0	0	0	0	0	0	0	0	0	10	20	120	38	6	79	97	11	65	29	1	10	107	59	81	56	112	92	84	1	87	38	68	110	5	125	21	13	67	37	115	41	105	1	32	63	74	35	118	44	82	51	68	87	8	65	22	36	26	25	71	99	12	87	112	15	55	52	55	61	108	79	35	59	81	79
0	0	0	0	0	0	0	0	0	0	0	0	0	0	0	0	0	0	0	0	0	0	0	0	0	0	0	0	0	0	0	0	0	0	0	0	0	0	0	0	0	0	0	0	0	0	0	0	0	0	0	0	0	0	0	0	0	0	0	0	0	0	0	83	39	58	109	67	91	121	92	107	12	71	3	23	20	45	43	88	28	63	126	30	108	47	84	77	65	121	59	21	103	34	26	83	71	36	125	29	75	77	83	39	96	117	75	18	104	46	1	111	111	119	69	51	79	19	124	17	69	99	120	100	117	121	28	106
0	0	0	0	0	0	0	0	0	0	0	0	0	0	0	0	0	0	0	0	0	0	0	0	0	0	0	0	0	0	0	0	0	0	0	0	0	0	0	0	0	0	0	0	0	0	0	0	0	0	0	0	0	0	0	0	0	0	0	0	0	0	0	0	43	14	54	107	7	96	15	70	112	12	85	8	37	20	82	78	19	80	113	61	57	121	123	54	108	91	37	34	73	75	66	53	111	95	119	1	117	59	122	9	9	109	125	44	93	43	62	19	98	84	97	80	49	26	53	1	10	117	39	106	115	45	103	62
0	0	0	0	0	0	0	0	0	0	0	0	0	0	0	0	0	0	0	0	0	0	0	0	0	0	0	0	0	0	0	0	0	0	0	0	0	0	0	0	0	0	0	0	0	0	0	0	0	0	0	0	0	0	0	0	0	0	0	0	0	0	0	0	0	33	127	48	69	119	75	59	90	88	115	126	128	68	34	98	122	104	67	94	79	66	62	72	14	79	76	101	61	53	35	70	27	47	61	111	16	12	100	116	77	21	3	13	9	70	44	62	119	127	10	8	56	69	94	113	62	112	52	43	78	115	90	118
0	0	0	0	0	0	0	0	0	0	0	0	0	0	0	0	0	0	0	0	0	0	0	0	0	0	0	0	0	0	0	0	0	0	0	0	0	0	0	0	0	0	0	0	0	0	0	0	0	0	0	0	0	0	0	0	0	0	0	0	0	0	0	0	0	0	21	54	53	5	109	99	66	105	15	24	98	119	123	124	101	2	109	48	58	14	22	51	39	12	122	108	61	38	101	6	47	104	6	89	116	106	74	16	43	27	48	21	54	32	38	128	98	18	122	84	111	25	47	5	57	108	83	118	101	20	127	56
0	0	0	0	0	0	0	0	0	0	0	0	0	0	0	0	0	0	0	0	0	0	0	0	0	0	0	0	0	0	0	0	0	0	0	0	0	0	0	0	0	0	0	0	0	0	0	0	0	0	0	0	0	0	0	0	0	0	0	0	0	0	0	0	0	0	0	93	106	77	10	72	89	37	25	97	66	106	2	59	117	45	29	66	51	64	96	106	66	10	6	104	113	79	56	50	26	16	100	5	36	21	72	92	98	42	35	20	110	117	94	99	124	120	9	71	10	21	28	86	16	44	104	75	69	21	75	43
0	0	0	0	0	0	0	0	0	0	0	0	0	0	0	0	0	0	0	0	0	0	0	0	0	0	0	0	0	0	0	0	0	0	0	0	0	0	0	0	0	0	0	0	0	0	0	0	0	0	0	0	0	0	0	0	0	0	0	0	0	0	0	0	0	0	0	0	1	95	116	56	21	34	56	97	39	32	57	111	71	86	32	42	83	75	109	36	92	92	55	120	90	12	5	30	60	76	21	76	25	52	2	91	80	115	105	127	82	121	88	56	8	74	44	122	2	2	116	14	14	46	124	116	111	28	45	10
0	0	0	0	0	0	0	0	0	0	0	0	0	0	0	0	0	0	0	0	0	0	0	0	0	0	0	0	0	0	0	0	0	0	0	0	0	0	0	0	0	0	0	0	0	0	0	0	0	0	0	0	0	0	0	0	0	0	0	0	0	0	0	0	0	0	0	0	0	40	91	16	107	8	43	23	29	40	91	28	105	30	116	55	53	43	75	43	44	50	36	50	22	106	109	45	44	110	116	107	127	86	36	47	52	10	81	17	33	3	42	106	29	30	31	111	67	34	124	47	41	17	107	112	69	93	80	122
0	0	0	0	0	0	0	0	0	0	0	0	0	0	0	0	0	0	0	0	0	0	0	0	0	0	0	0	0	0	0	0	0	0	0	0	0	0	0	0	0	0	0	0	0	0	0	0	0	0	0	0	0	0	0	0	0	0	0	0	0	0	0	0	0	0	0	0	0	0	100	41	24	96	112	57	21	39	82	91	123	30	100	14	65	15	85	31	108	35	95	14	32	53	48	69	63	100	80	113	55	108	119	69	65	125	128	42	19	13	21	20	122	125	124	50	17	75	42	13	118	76	127	56	58	104	42	12
0	0	0	0	0	0	0	0	0	0	0	0	0	0	0	0	0	0	0	0	0	0	0	0	0	0	0	0	0	0	0	0	0	0	0	0	0	0	0	0	0	0	0	0	0	0	0	0	0	0	0	0	0	0	0	0	0	0	0	0	0	0	0	0	0	0	0	0	0	0	0	27	11	49	90	38	30	3	115	107	61	104	12	95	24	15	44	91	52	128	13	86	124	90	55	70	20	125	36	86	29	1	123	29	1	58	79	59	121	116	100	70	20	41	64	12	128	60	32	35	125	83	75	6	56	96	12	21
0	0	0	0	0	0	0	0	0	0	0	0	0	0	0	0	0	0	0	0	0	0	0	0	0	0	0	0	0	0	0	0	0	0	0	0	0	0	0	0	0	0	0	0	0	0	0	0	0	0	0	0	0	0	0	0	0	0	0	0	0	0	0	0	0	0	0	0	0	0	0	0	2	69	97	71	35	10	43	33	74	42	63	119	106	76	88	100	72	36	7	17	19	77	25	63	100	100	115	96	126	126	80	44	39	20	13	105	126	44	29	109	122	44	77	54	120	19	3	115	108	28	54	58	98	117	115	29
0	0	0	0	0	0	0	0	0	0	0	0	0	0	0	0	0	0	0	0	0	0	0	0	0	0	0	0	0	0	0	0	0	0	0	0	0	0	0	0	0	0	0	0	0	0	0	0	0	0	0	0	0	0	0	0	0	0	0	0	0	0	0	0	0	0	0	0	0	0	0	0	0	113	73	110	48	89	60	29	128	55	26	100	122	45	6	3	7	128	15	62	24	33	59	64	33	104	65	103	18	81	2	98	4	127	19	9	48	48	36	69	104	35	105	72	52	120	7	16	16	62	18	68	36	4	91	72
0	0	0	0	0	0	0	0	0	0	0	0	0	0	0	0	0	0	0	0	0	0	0	0	0	0	0	0	0	0	0	0	0	0	0	0	0	0	0	0	0	0	0	0	0	0	0	0	0	0	0	0	0	0	0	0	0	0	0	0	0	0	0	0	0	0	0	0	0	0	0	0	0	0	118	49	47	14	89	121	5	50	74	12	24	65	122	105	99	101	20	98	78	79	69	81	20	45	37	46	35	28	16	24	100	18	98	3	121	70	20	46	41	28	20	119	43	72	13	51	88	5	111	48	30	45	113	18
0	0	0	0	0	0	0	0	0	0	0	0	0	0	0	0	0	0	0	0	0	0	0	0	0	0	0	0	0	0	0	0	0	0	0	0	0	0	0	0	0	0	0	0	0	0	0	0	0	0	0	0	0	0	0	0	0	0	0	0	0	0	0	0	0	0	0	0	0	0	0	0	0	0	0	43	85	102	35	80	78	108	16	109	37	67	10	47	34	128	92	27	45	88	103	107	89	107	52	42	66	46	98	28	122	84	104	77	22	88	27	83	78	70	77	116	8	50	44	72	106	128	7	127	45	110	1	30
0	0	0	0	0	0	0	0	0	0	0	0	0	0	0	0	0	0	0	0	0	0	0	0	0	0	0	0	0	0	0	0	0	0	0	0	0	0	0	0	0	0	0	0	0	0	0	0	0	0	0	0	0	0	0	0	0	0	0	0	0	0	0	0	0	0	0	0	0	0	0	0	0	0	0	0	56	41	74	54	23	114	4	9	98	124	19	67	113	47	102	79	18	53	59	73	68	39	96	42	106	26	91	20	100	33	123	22	59	36	61	94	42	56	115	90	99	61	31	71	28	6	90	93	20	117	70	19
0	0	0	0	0	0	0	0	0	0	0	0	0	0	0	0	0	0	0	0	0	0	0	0	0	0	0	0	0	0	0	0	0	0	0	0	0	0	0	0	0	0	0	0	0	0	0	0	0	0	0	0	0	0	0	0	0	0	0	0	0	0	0	0	0	0	0	0	0	0	0	0	0	0	0	0	0	62	52	109	67	3	127	15	116	67	33	96	41	13	86	18	101	98	108	16	3	108	16	125	46	26	49	100	17	22	54	120	10	42	104	120	90	120	70	54	29	54	72	120	128	71	109	96	89	31	92	119
0	0	0	0	0	0	0	0	0	0	0	0	0	0	0	0	0	0	0	0	0	0	0	0	0	0	0	0	0	0	0	0	0	0	0	0	0	0	0	0	0	0	0	0	0	0	0	0	0	0	0	0	0	0	0	0	0	0	0	0	0	0	0	0	0	0	0	0	0	0	0	0	0	0	0	0	0	0	120	6	114	65	93	92	17	104	59	57	126	81	29	118	115	34	62	80	40	51	63	126	78	46	61	76	31	66	67	66	91	112	126	54	88	10	71	72	102	58	102	120	98	25	84	28	54	81	128	44
0	0	0	0	0	0	0	0	0	0	0	0	0	0	0	0	0	0	0	0	0	0	0	0	0	0	0	0	0	0	0	0	0	0	0	0	0	0	0	0	0	0	0	0	0	0	0	0	0	0	0	0	0	0	0	0	0	0	0	0	0	0	0	0	0	0	0	0	0	0	0	0	0	0	0	0	0	0	0	48	36	72	105	13	94	54	115	96	80	84	48	64	69	109	8	9	55	128	124	37	94	124	59	113	83	27	109	118	12	96	31	108	89	88	80	46	59	45	67	67	37	100	108	67	28	2	93	125
0	0	0	0	0	0	0	0	0	0	0	0	0	0	0	0	0	0	0	0	0	0	0	0	0	0	0	0	0	0	0	0	0	0	0	0	0	0	0	0	0	0	0	0	0	0	0	0	0	0	0	0	0	0	0	0	0	0	0	0	0	0	0	0	0	0	0	0	0	0	0	0	0	0	0	0	0	0	0	0	114	83	126	91	90	88	109	69	106	89	50	17	119	110	106	117	122	73	115	80	1	50	23	104	88	119	3	106	46	105	41	10	5	123	78	15	68	121	93	61	106	100	100	41	81	88	126	10
0	0	0	0	0	0	0	0	0	0	0	0	0	0	0	0	0	0	0	0	0	0	0	0	0	0	0	0	0	0	0	0	0	0	0	0	0	0	0	0	0	0	0	0	0	0	0	0	0	0	0	0	0	0	0	0	0	0	0	0	0	0	0	0	0	0	0	0	0	0	0	0	0	0	0	0	0	0	0	0	0	70	83	14	70	123	66	29	111	12	82	114	117	6	10	114	116	92	113	101	37	21	49	113	30	88	6	63	120	119	78	7	99	62	128	114	83	8	64	23	58	117	115	5	50	24	87	75
0	0	0	0	0	0	0	0	0	0	0	0	0	0	0	0	0	0	0	0	0	0	0	0	0	0	0	0	0	0	0	0	0	0	0	0	0	0	0	0	0	0	0	0	0	0	0	0	0	0	0	0	0	0	0	0	0	0	0	0	0	0	0	0	0	0	0	0	0	0	0	0	0	0	0	0	0	0	0	0	0	0	65	56	69	88	78	31	64	102	118	65	32	63	126	9	36	49	66	86	65	28	107	9	86	87	2	1	9	120	14	96	25	60	78	35	59	48	24	36	65	75	28	10	71	83	68	111
0	0	0	0	0	0	0	0	0	0	0	0	0	0	0	0	0	0	0	0	0	0	0	0	0	0	0	0	0	0	0	0	0	0	0	0	0	0	0	0	0	0	0	0	0	0	0	0	0	0	0	0	0	0	0	0	0	0	0	0	0	0	0	0	0	0	0	0	0	0	0	0	0	0	0	0	0	0	0	0	0	0	0	1	55	104	27	120	12	60	89	12	25	93	18	14	55	3	121	29	22	46	111	109	95	76	70	95	114	98	67	102	122	13	126	10	23	35	100	117	84	60	89	22	7	124	44	37
0	0	0	0	0	0	0	0	0	0	0	0	0	0	0	0	0	0	0	0	0	0	0	0	0	0	0	0	0	0	0	0	0	0	0	0	0	0	0	0	0	0	0	0	0	0	0	0	0	0	0	0	0	0	0	0	0	0	0	0	0	0	0	0	0	0	0	0	0	0	0	0	0	0	0	0	0	0	0	0	0	0	0	0	108	52	109	96	18	104	68	57	81	64	26	116	49	104	98	71	36	88	20	30	9	84	28	47	18	89	105	65	85	40	70	32	116	42	55	51	81	102	35	87	27	4	125	55
0	0	0	0	0	0	0	0	0	0	0	0	0	0	0	0	0	0	0	0	0	0	0	0	0	0	0	0	0	0	0	0	0	0	0	0	0	0	0	0	0	0	0	0	0	0	0	0	0	0	0	0	0	0	0	0	0	0	0	0	0	0	0	0	0	0	0	0	0	0	0	0	0	0	0	0	0	0	0	0	0	0	0	0	0	126	27	36	111	74	81	23	82	20	38	70	74	122	45	21	29	57	41	76	95	39	91	58	94	45	13	48	120	31	53	84	77	36	123	117	16	64	21	122	21	16	62	80
0	0	0	0	0	0	0	0	0	0	0	0	0	0	0	0	0	0	0	0	0	0	0	0	0	0	0	0	0	0	0	0	0	0	0	0	0	0	0	0	0	0	0	0	0	0	0	0	0	0	0	0	0	0	0	0	0	0	0	0	0	0	0	0	0	0	0	0	0	0	0	0	0	0	0	0	0	0	0	0	0	0	0	0	0	0	97	78	11	95	96	51	84	122	25	46	122	13	117	45	60	80	19	97	126	7	36	35	40	5	33	21	31	63	3	50	46	20	66	16	116	14	74	126	35	43	24	47
0	0	0	0	0	0	0	0	0	0	0	0	0	0	0	0	0	0	0	0	0	0	0	0	0	0	0	0	0	0	0	0	0	0	0	0	0	0	0	0	0	0	0	0	0	0	0	0	0	0	0	0	0	0	0	0	0	0	0	0	0	0	0	0	0	0	0	0	0	0	0	0	0	0	0	0	0	0	0	0	0	0	0	0	0	0	0	44	83	124	23	102	123	19	18	82	104	85	72	106	58	120	69	48	39	95	93	35	4	109	4	101	124	71	13	51	16	31	6	85	13	58	45	99	113	127	22	54
0	0	0	0	0	0	0	0	0	0	0	0	0	0	0	0	0	0	0	0	0	0	0	0	0	0	0	0	0	0	0	0	0	0	0	0	0	0	0	0	0	0	0	0	0	0	0	0	0	0	0	0	0	0	0	0	0	0	0	0	0	0	0	0	0	0	0	0	0	0	0	0	0	0	0	0	0	0	0	0	0	0	0	0	0	0	0	0	98	107	70	97	110	19	35	23	107	96	63	12	40	111	128	93	101	24	92	113	17	52	49	123	78	23	80	67	50	36	2	99	97	75	72	29	105	117	58	124
0	0	0	0	0	0	0	0	0	0	0	0	0	0	0	0	0	0	0	0	0	0	0	0	0	0	0	0	0	0	0	0	0	0	0	0	0	0	0	0	0	0	0	0	0	0	0	0	0	0	0	0	0	0	0	0	0	0	0	0	0	0	0	0	0	0	0	0	0	0	0	0	0	0	0	0	0	0	0	0	0	0	0	0	0	0	0	0	0	62	89	75	117	81	37	34	87	33	43	23	46	69	13	30	92	14	18	40	85	46	25	115	37	125	127	52	90	88	15	117	30	52	125	49	37	68	34	118
0	0	0	0	0	0	0	0	0	0	0	0	0	0	0	0	0	0	0	0	0	0	0	0	0	0	0	0	0	0	0	0	0	0	0	0	0	0	0	0	0	0	0	0	0	0	0	0	0	0	0	0	0	0	0	0	0	0	0	0	0	0	0	0	0	0	0	0	0	0	0	0	0	0	0	0	0	0	0	0	0	0	0	0	0	0	0	0	0	0	121	45	123	114	79	21	15	83	18	98	78	20	54	42	87	104	78	109	24	77	50	20	100	19	60	74	81	39	93	113	24	69	93	25	73	119	32	25
0	0	0	0	0	0	0	0	0	0	0	0	0	0	0	0	0	0	0	0	0	0	0	0	0	0	0	0	0	0	0	0	0	0	0	0	0	0	0	0	0	0	0	0	0	0	0	0	0	0	0	0	0	0	0	0	0	0	0	0	0	0	0	0	0	0	0	0	0	0	0	0	0	0	0	0	0	0	0	0	0	0	0	0	0	0	0	0	0	0	0	96	85	116	106	114	94	101	102	121	21	44	110	34	119	70	87	69	101	62	69	83	64	60	53	44	57	76	94	62	33	64	55	16	40	93	108	96
0	0	0	0	0	0	0	0	0	0	0	0	0	0	0	0	0	0	0	0	0	0	0	0	0	0	0	0	0	0	0	0	0	0	0	0	0	0	0	0	0	0	0	0	0	0	0	0	0	0	0	0	0	0	0	0	0	0	0	0	0	0	0	0	0	0	0	0	0	0	0	0	0	0	0	0	0	0	0	0	0	0	0	0	0	0	0	0	0	0	0	0	5	78	25	110	62	99	87	44	71	57	97	35	28	36	74	93	36	91	76	7	19	5	11	52	52	110	74	124	31	25	60	20	11	77	58	119
0	0	0	0	0	0	0	0	0	0	0	0	0	0	0	0	0	0	0	0	0	0	0	0	0	0	0	0	0	0	0	0	0	0	0	0	0	0	0	0	0	0	0	0	0	0	0	0	0	0	0	0	0	0	0	0	0	0	0	0	0	0	0	0	0	0	0	0	0	0	0	0	0	0	0	0	0	0	0	0	0	0	0	0	0	0	0	0	0	0	0	0	0	102	23	72	105	49	31	89	101	26	4	24	6	21	35	82	47	48	110	71	46	32	35	5	96	93	67	54	9	78	84	102	114	15	100	55
0	0	0	0	0	0	0	0	0	0	0	0	0	0	0	0	0	0	0	0	0	0	0	0	0	0	0	0	0	0	0	0	0	0	0	0	0	0	0	0	0	0	0	0	0	0	0	0	0	0	0	0	0	0	0	0	0	0	0	0	0	0	0	0	0	0	0	0	0	0	0	0	0	0	0	0	0	0	0	0	0	0	0	0	0	0	0	0	0	0	0	0	0	0	122	30	7	116	123	103	22	39	110	28	116	18	1	76	73	96	103	53	25	94	72	79	90	123	14	62	124	22	61	24	30	32	119	121
0	0	0	0	0	0	0	0	0	0	0	0	0	0	0	0	0	0	0	0	0	0	0	0	0	0	0	0	0	0	0	0	0	0	0	0	0	0	0	0	0	0	0	0	0	0	0	0	0	0	0	0	0	0	0	0	0	0	0	0	0	0	0	0	0	0	0	0	0	0	0	0	0	0	0	0	0	0	0	0	0	0	0	0	0	0	0	0	0	0	0	0	0	0	0	58	8	40	9	122	59	111	123	2	112	15	81	29	25	47	104	58	69	35	62	89	87	94	21	106	30	99	91	83	12	13	42	86
0	0	0	0	0	0	0	0	0	0	0	0	0	0	0	0	0	0	0	0	0	0	0	0	0	0	0	0	0	0	0	0	0	0	0	0	0	0	0	0	0	0	0	0	0	0	0	0	0	0	0	0	0	0	0	0	0	0	0	0	0	0	0	0	0	0	0	0	0	0	0	0	0	0	0	0	0	0	0	0	0	0	0	0	0	0	0	0	0	0	0	0	0	0	0	0	19	89	128	107	53	109	32	45	53	103	20	57	128	114	17	22	119	75	120	116	97	116	98	92	118	103	78	99	79	7	109	72
0	0	0	0	0	0	0	0	0	0	0	0	0	0	0	0	0	0	0	0	0	0	0	0	0	0	0	0	0	0	0	0	0	0	0	0	0	0	0	0	0	0	0	0	0	0	0	0	0	0	0	0	0	0	0	0	0	0	0	0	0	0	0	0	0	0	0	0	0	0	0	0	0	0	0	0	0	0	0	0	0	0	0	0	0	0	0	0	0	0	0	0	0	0	0	0	0	33	32	30	54	58	93	100	101	71	20	25	29	8	63	66	18	3	91	83	31	84	86	8	23	22	5	109	1	19	34	92
0	0	0	0	0	0	0	0	0	0	0	0	0	0	0	0	0	0	0	0	0	0	0	0	0	0	0	0	0	0	0	0	0	0	0	0	0	0	0	0	0	0	0	0	0	0	0	0	0	0	0	0	0	0	0	0	0	0	0	0	0	0	0	0	0	0	0	0	0	0	0	0	0	0	0	0	0	0	0	0	0	0	0	0	0	0	0	0	0	0	0	0	0	0	0	0	0	0	10	121	100	96	68	51	109	116	102	41	12	62	120	108	69	45	124	74	21	53	120	60	107	3	47	38	30	8	60	50
0	0	0	0	0	0	0	0	0	0	0	0	0	0	0	0	0	0	0	0	0	0	0	0	0	0	0	0	0	0	0	0	0	0	0	0	0	0	0	0	0	0	0	0	0	0	0	0	0	0	0	0	0	0	0	0	0	0	0	0	0	0	0	0	0	0	0	0	0	0	0	0	0	0	0	0	0	0	0	0	0	0	0	0	0	0	0	0	0	0	0	0	0	0	0	0	0	0	0	106	56	124	76	1	111	95	50	36	100	119	74	43	62	7	50	62	16	99	67	122	86	125	119	15	113	81	29	75
0	0	0	0	0	0	0	0	0	0	0	0	0	0	0	0	0	0	0	0	0	0	0	0	0	0	0	0	0	0	0	0	0	0	0	0	0	0	0	0	0	0	0	0	0	0	0	0	0	0	0	0	0	0	0	0	0	0	0	0	0	0	0	0	0	0	0	0	0	0	0	0	0	0	0	0	0	0	0	0	0	0	0	0	0	0	0	0	0	0	0	0	0	0	0	0	0	0	0	0	82	44	124	111	92	76	14	97	60	105	7	56	27	114	99	20	47	78	127	114	1	120	104	109	104	25	16	98
0	0	0	0	0	0	0	0	0	0	0	0	0	0	0	0	0	0	0	0	0	0	0	0	0	0	0	0	0	0	0	0	0	0	0	0	0	0	0	0	0	0	0	0	0	0	0	0	0	0	0	0	0	0	0	0	0	0	0	0	0	0	0	0	0	0	0	0	0	0	0	0	0	0	0	0	0	0	0	0	0	0	0	0	0	0	0	0	0	0	0	0	0	0	0	0	0	0	0	0	0	28	123	111	34	14	111	81	18	99	67	85	84	112	80	23	118	53	109	50	121	8	1	15	90	62	114	35
0	0	0	0	0	0	0	0	0	0	0	0	0	0	0	0	0	0	0	0	0	0	0	0	0	0	0	0	0	0	0	0	0	0	0	0	0	0	0	0	0	0	0	0	0	0	0	0	0	0	0	0	0	0	0	0	0	0	0	0	0	0	0	0	0	0	0	0	0	0	0	0	0	0	0	0	0	0	0	0	0	0	0	0	0	0	0	0	0	0	0	0	0	0	0	0	0	0	0	0	0	0	35	29	119	123	94	58	65	2	71	108	4	26	45	114	60	40	115	104	58	96	90	43	79	11	101	69
0	0	0	0	0	0	0	0	0	0	0	0	0	0	0	0	0	0	0	0	0	0	0	0	0	0	0	0	0	0	0	0	0	0	0	0	0	0	0	0	0	0	0	0	0	0	0	0	0	0	0	0	0	0	0	0	0	0	0	0	0	0	0	0	0	0	0	0	0	0	0	0	0	0	0	0	0	0	0	0	0	0	0	0	0	0	0	0	0	0	0	0	0	0	0	0	0	0	0	0	0	0	0	104	59	6	122	69	104	126	58	50	123	16	28	98	83	90	119	34	107	50	40	8	88	123	115	54
0	0	0	0	0	0	0	0	0	0	0	0	0	0	0	0	0	0	0	0	0	0	0	0	0	0	0	0	0	0	0	0	0	0	0	0	0	0	0	0	0	0	0	0	0	0	0	0	0	0	0	0	0	0	0	0	0	0	0	0	0	0	0	0	0	0	0	0	0	0	0	0	0	0	0	0	0	0	0	0	0	0	0	0	0	0	0	0	0	0	0	0	0	0	0	0	0	0	0	0	0	0	0	0	48	116	94	6	99	13	64	3	14	100	104	61	8	9	87	102	76	52	41	101	70	60	31	78
0	0	0	0	0	0	0	0	0	0	0	0	0	0	0	0	0	0	0	0	0	0	0	0	0	0	0	0	0	0	0	0	0	0	0	0	0	0	0	0	0	0	0	0	0	0	0	0	0	0	0	0	0	0	0	0	0	0	0	0	0	0	0	0	0	0	0	0	0	0	0	0	0	0	0	0	0	0	0	0	0	0	0	0	0	0	0	0	0	0	0	0	0	0	0	0	0	0	0	0	0	0	0	0	0	96	76	1	73	11	14	87	8	126	72	79	102	75	65	29	84	18	110	28	18	11	122	56
0	0	0	0	0	0	0	0	0	0	0	0	0	0	0	0	0	0	0	0	0	0	0	0	0	0	0	0	0	0	0	0	0	0	0	0	0	0	0	0	0	0	0	0	0	0	0	0	0	0	0	0	0	0	0	0	0	0	0	0	0	0	0	0	0	0	0	0	0	0	0	0	0	0	0	0	0	0	0	0	0	0	0	0	0	0	0	0	0	0	0	0	0	0	0	0	0	0	0	0	0	0	0	0	0	0	4	55	83	40	11	67	6	95	50	113	58	109	108	53	84	125	3	5	88	105	30	22
0	0	0	0	0	0	0	0	0	0	0	0	0	0	0	0	0	0	0	0	0	0	0	0	0	0	0	0	0	0	0	0	0	0	0	0	0	0	0	0	0	0	0	0	0	0	0	0	0	0	0	0	0	0	0	0	0	0	0	0	0	0	0	0	0	0	0	0	0	0	0	0	0	0	0	0	0	0	0	0	0	0	0	0	0	0	0	0	0	0	0	0	0	0	0	0	0	0	0	0	0	0	0	0	0	0	0	121	115	6	88	61	49	84	17	41	86	39	64	50	8	126	6	11	79	41	56	109
0	0	0	0	0	0	0	0	0	0	0	0	0	0	0	0	0	0	0	0	0	0	0	0	0	0	0	0	0	0	0	0	0	0	0	0	0	0	0	0	0	0	0	0	0	0	0	0	0	0	0	0	0	0	0	0	0	0	0	0	0	0	0	0	0	0	0	0	0	0	0	0	0	0	0	0	0	0	0	0	0	0	0	0	0	0	0	0	0	0	0	0	0	0	0	0	0	0	0	0	0	0	0	0	0	0	0	0	78	76	24	118	101	4	127	15	24	49	76	13	127	73	44	59	100	5	98	2
0	0	0	0	0	0	0	0	0	0	0	0	0	0	0	0	0	0	0	0	0	0	0	0	0	0	0	0	0	0	0	0	0	0	0	0	0	0	0	0	0	0	0	0	0	0	0	0	0	0	0	0	0	0	0	0	0	0	0	0	0	0	0	0	0	0	0	0	0	0	0	0	0	0	0	0	0	0	0	0	0	0	0	0	0	0	0	0	0	0	0	0	0	0	0	0	0	0	0	0	0	0	0	0	0	0	0	0	0	92	120	60	87	2	99	35	18	5	43	40	97	70	9	18	30	16	116	27
0	0	0	0	0	0	0	0	0	0	0	0	0	0	0	0	0	0	0	0	0	0	0	0	0	0	0	0	0	0	0	0	0	0	0	0	0	0	0	0	0	0	0	0	0	0	0	0	0	0	0	0	0	0	0	0	0	0	0	0	0	0	0	0	0	0	0	0	0	0	0	0	0	0	0	0	0	0	0	0	0	0	0	0	0	0	0	0	0	0	0	0	0	0	0	0	0	0	0	0	0	0	0	0	0	0	0	0	0	0	22	15	109	111	105	69	126	16	51	116	15	78	101	29	15	88	121	14
0	0	0	0	0	0	0	0	0	0	0	0	0	0	0	0	0	0	0	0	0	0	0	0	0	0	0	0	0	0	0	0	0	0	0	0	0	0	0	0	0	0	0	0	0	0	0	0	0	0	0	0	0	0	0	0	0	0	0	0	0	0	0	0	0	0	0	0	0	0	0	0	0	0	0	0	0	0	0	0	0	0	0	0	0	0	0	0	0	0	0	0	0	0	0	0	0	0	0	0	0	0	0	0	0	0	0	0	0	0	0	23	72	16	14	13	80	3	75	31	82	87	20	116	120	109	97	20
0	0	0	0	0	0	0	0	0	0	0	0	0	0	0	0	0	0	0	0	0	0	0	0	0	0	0	0	0	0	0	0	0	0	0	0	0	0	0	0	0	0	0	0	0	0	0	0	0	0	0	0	0	0	0	0	0	0	0	0	0	0	0	0	0	0	0	0	0	0	0	0	0	0	0	0	0	0	0	0	0	0	0	0	0	0	0	0	0	0	0	0	0	0	0	0	0	0	0	0	0	0	0	0	0	0	0	0	0	0	0	0	94	39	111	102	123	120	67	122	16	126	90	128	109	77	22	108
0	0	0	0	0	0	0	0	0	0	0	0	0	0	0	0	0	0	0	0	0	0	0	0	0	0	0	0	0	0	0	0	0	0	0	0	0	0	0	0	0	0	0	0	0	0	0	0	0	0	0	0	0	0	0	0	0	0	0	0	0	0	0	0	0	0	0	0	0	0	0	0	0	0	0	0	0	0	0	0	0	0	0	0	0	0	0	0	0	0	0	0	0	0	0	0	0	0	0	0	0	0	0	0	0	0	0	0	0	0	0	0	0	55	99	108	112	15	29	126	84	84	67	13	124	67	85	61
0	0	0	0	0	0	0	0	0	0	0	0	0	0	0	0	0	0	0	0	0	0	0	0	0	0	0	0	0	0	0	0	0	0	0	0	0	0	0	0	0	0	0	0	0	0	0	0	0	0	0	0	0	0	0	0	0	0	0	0	0	0	0	0	0	0	0	0	0	0	0	0	0	0	0	0	0	0	0	0	0	0	0	0	0	0	0	0	0	0	0	0	0	0	0	0	0	0	0	0	0	0	0	0	0	0	0	0	0	0	0	0	0	0	64	62	24	73	61	118	94	93	13	114	51	74	25	76
0	0	0	0	0	0	0	0	0	0	0	0	0	0	0	0	0	0	0	0	0	0	0	0	0	0	0	0	0	0	0	0	0	0	0	0	0	0	0	0	0	0	0	0	0	0	0	0	0	0	0	0	0	0	0	0	0	0	0	0	0	0	0	0	0	0	0	0	0	0	0	0	0	0	0	0	0	0	0	0	0	0	0	0	0	0	0	0	0	0	0	0	0	0	0	0	0	0	0	0	0	0	0	0	0	0	0	0	0	0	0	0	0	0	0	100	62	101	6	109	72	78	81	23	20	2	82	24
0	0	0	0	0	0	0	0	0	0	0	0	0	0	0	0	0	0	0	0	0	0	0	0	0	0	0	0	0	0	0	0	0	0	0	0	0	0	0	0	0	0	0	0	0	0	0	0	0	0	0	0	0	0	0	0	0	0	0	0	0	0	0	0	0	0	0	0	0	0	0	0	0	0	0	0	0	0	0	0	0	0	0	0	0	0	0	0	0	0	0	0	0	0	0	0	0	0	0	0	0	0	0	0	0	0	0	0	0	0	0	0	0	0	0	0	66	28	46	33	34	21	104	40	122	98	13	109
0	0	0	0	0	0	0	0	0	0	0	0	0	0	0	0	0	0	0	0	0	0	0	0	0	0	0	0	0	0	0	0	0	0	0	0	0	0	0	0	0	0	0	0	0	0	0	0	0	0	0	0	0	0	0	0	0	0	0	0	0	0	0	0	0	0	0	0	0	0	0	0	0	0	0	0	0	0	0	0	0	0	0	0	0	0	0	0	0	0	0	0	0	0	0	0	0	0	0	0	0	0	0	0	0	0	0	0	0	0	0	0	0	0	0	0	0	31	78	92	47	55	92	69	100	124	41	66
0	0	0	0	0	0	0	0	0	0	0	0	0	0	0	0	0	0	0	0	0	0	0	0	0	0	0	0	0	0	0	0	0	0	0	0	0	0	0	0	0	0	0	0	0	0	0	0	0	0	0	0	0	0	0	0	0	0	0	0	0	0	0	0	0	0	0	0	0	0	0	0	0	0	0	0	0	0	0	0	0	0	0	0	0	0	0	0	0	0	0	0	0	0	0	0	0	0	0	0	0	0	0	0	0	0	0	0	0	0	0	0	0	0	0	0	0	0	18	3	115	123	54	98	29	127	33	29
0	0	0	0	0	0	0	0	0	0	0	0	0	0	0	0	0	0	0	0	0	0	0	0	0	0	0	0	0	0	0	0	0	0	0	0	0	0	0	0	0	0	0	0	0	0	0	0	0	0	0	0	0	0	0	0	0	0	0	0	0	0	0	0	0	0	0	0	0	0	0	0	0	0	0	0	0	0	0	0	0	0	0	0	0	0	0	0	0	0	0	0	0	0	0	0	0	0	0	0	0	0	0	0	0	0	0	0	0	0	0	0	0	0	0	0	0	0	0	122	29	77	97	72	123	115	36	105
0	0	0	0	0	0	0	0	0	0	0	0	0	0	0	0	0	0	0	0	0	0	0	0	0	0	0	0	0	0	0	0	0	0	0	0	0	0	0	0	0	0	0	0	0	0	0	0	0	0	0	0	0	0	0	0	0	0	0	0	0	0	0	0	0	0	0	0	0	0	0	0	0	0	0	0	0	0	0	0	0	0	0	0	0	0	0	0	0	0	0	0	0	0	0	0	0	0	0	0	0	0	0	0	0	0	0	0	0	0	0	0	0	0	0	0	0	0	0	0	119	103	104	76	59	121	100	117
0	0	0	0	0	0	0	0	0	0	0	0	0	0	0	0	0	0	0	0	0	0	0	0	0	0	0	0	0	0	0	0	0	0	0	0	0	0	0	0	0	0	0	0	0	0	0	0	0	0	0	0	0	0	0	0	0	0	0	0	0	0	0	0	0	0	0	0	0	0	0	0	0	0	0	0	0	0	0	0	0	0	0	0	0	0	0	0	0	0	0	0	0	0	0	0	0	0	0	0	0	0	0	0	0	0	0	0	0	0	0	0	0	0	0	0	0	0	0	0	0	33	27	24	58	111	14	107
0	0	0	0	0	0	0	0	0	0	0	0	0	0	0	0	0	0	0	0	0	0	0	0	0	0	0	0	0	0	0	0	0	0	0	0	0	0	0	0	0	0	0	0	0	0	0	0	0	0	0	0	0	0	0	0	0	0	0	0	0	0	0	0	0	0	0	0	0	0	0	0	0	0	0	0	0	0	0	0	0	0	0	0	0	0	0	0	0	0	0	0	0	0	0	0	0	0	0	0	0	0	0	0	0	0	0	0	0	0	0	0	0	0	0	0	0	0	0	0	0	0	111	68	71	122	28	26
0	0	0	0	0	0	0	0	0	0	0	0	0	0	0	0	0	0	0	0	0	0	0	0	0	0	0	0	0	0	0	0	0	0	0	0	0	0	0	0	0	0	0	0	0	0	0	0	0	0	0	0	0	0	0	0	0	0	0	0	0	0	0	0	0	0	0	0	0	0	0	0	0	0	0	0	0	0	0	0	0	0	0	0	0	0	0	0	0	0	0	0	0	0	0	0	0	0	0	0	0	0	0	0	0	0	0	0	0	0	0	0	0	0	0	0	0	0	0	0	0	0	0	94	34	56	8	19
0	0	0	0	0	0	0	0	0	0	0	0	0	0	0	0	0	0	0	0	0	0	0	0	0	0	0	0	0	0	0	0	0	0	0	0	0	0	0	0	0	0	0	0	0	0	0	0	0	0	0	0	0	0	0	0	0	0	0	0	0	0	0	0	0	0	0	0	0	0	0	0	0	0	0	0	0	0	0	0	0	0	0	0	0	0	0	0	0	0	0	0	0	0	0	0	0	0	0	0	0	0	0	0	0	0	0	0	0	0	0	0	0	0	0	0	0	0	0	0	0	0	0	0	44	78	4	80
0	0	0	0	0	0	0	0	0	0	0	0	0	0	0	0	0	0	0	0	0	0	0	0	0	0	0	0	0	0	0	0	0	0	0	0	0	0	0	0	0	0	0	0	0	0	0	0	0	0	0	0	0	0	0	0	0	0	0	0	0	0	0	0	0	0	0	0	0	0	0	0	0	0	0	0	0	0	0	0	0	0	0	0	0	0	0	0	0	0	0	0	0	0	0	0	0	0	0	0	0	0	0	0	0	0	0	0	0	0	0	0	0	0	0	0	0	0	0	0	0	0	0	0	0	13	118	5
0	0	0	0	0	0	0	0	0	0	0	0	0	0	0	0	0	0	0	0	0	0	0	0	0	0	0	0	0	0	0	0	0	0	0	0	0	0	0	0	0	0	0	0	0	0	0	0	0	0	0	0	0	0	0	0	0	0	0	0	0	0	0	0	0	0	0	0	0	0	0	0	0	0	0	0	0	0	0	0	0	0	0	0	0	0	0	0	0	0	0	0	0	0	0	0	0	0	0	0	0	0	0	0	0	0	0	0	0	0	0	0	0	0	0	0	0	0	0	0	0	0	0	0	0	0	74	70
0	0	0	0	0	0	0	0	0	0	0	0	0	0	0	0	0	0	0	0	0	0	0	0	0	0	0	0	0	0	0	0	0	0	0	0	0	0	0	0	0	0	0	0	0	0	0	0	0	0	0	0	0	0	0	0	0	0	0	0	0	0	0	0	0	0	0	0	0	0	0	0	0	0	0	0	0	0	0	0	0	0	0	0	0	0	0	0	0	0	0	0	0	0	0	0	0	0	0	0	0	0	0	0	0	0	0	0	0	0	0	0	0	0	0	0	0	0	0	0	0	0	0	0	0	0	0	96
0	0	0	0	0	0	0	0	0	0	0	0	0	0	0	0	0	0	0	0	0	0	0	0	0	0	0	0	0	0	0	0	0	0	0	0	0	0	0	0	0	0	0	0	0	0	0	0	0	0	0	0	0	0	0	0	0	0	0	0	0	0	0	0	0	0	0	0	0	0	0	0	0	0	0	0	0	0	0	0	0	0	0	0	0	0	0	0	0	0	0	0	0	0	0	0	0	0	0	0	0	0	0	0	0	0	0	0	0	0	0	0	0	0	0	0	0	0	0	0	0	0	0	0	0	0	0	0