0	33	44	25	58	39	38	79	125	56	105	26	122	88	59	104	102	121	92	65	107	120	35	80	14	11	104	40	58	13	26	85	104	52	55	74	80	26	102	49	55	109	35	25	78	69	28	87	99	12	93	37	113	71	17	114	13	14	34	96	70	62	68	73	32	34	62	109	46	112	74	6	101	57	60	81	6	48	88	119	80	103	96	107	87	53	73	113	101	5	31	114	31	31	117	88	10	50	80	93	20	41	31	121	86	49	54	35	38	82	13	9	105	102	61	64	35	82	123	79	125	87	46	58	11	57	102	122
0	0	3	10	40	98	66	9	62	20	116	98	74	87	119	71	86	5	28	69	91	31	3	61	73	49	89	81	48	107	45	29	93	5	37	110	124	66	50	116	109	47	35	57	103	94	114	40	26	51	20	21	75	4	35	21	91	42	116	109	27	125	66	69	49	78	27	28	103	93	122	44	65	91	115	111	89	82	36	43	50	9	78	15	74	25	88	118	109	23	13	13	95	47	28	95	28	128	116	90	42	54	25	21	56	82	82	61	115	84	119	115	89	59	8	2	100	15	19	79	34	13	104	8	30	108	70	86
0	0	0	1	42	21	39	36	120	45	81	72	17	78	105	84	5	44	91	36	10	84	38	94	76	33	103	73	75	36	51	65	93	96	85	87	80	65	45	95	17	108	125	84	90	37	24	32	22	17	84	72	112	19	27	25	9	9	6	99	111	71	91	46	28	47	16	111	29	65	30	89	19	65	9	75	108	110	81	60	30	4	43	128	90	96	122	79	12	46	27	33	69	25	11	94	13	83	37	55	9	94	32	31	3	49	1	85	66	88	6	55	61	120	54	116	60	5	13	117	78	24	45	10	13	23	42	50
0	0	0	0	97	101	48	64	106	93	69	37	4	76	41	47	20	24	99	42	27	3	12	80	68	84	39	79	95	21	118	93	52	47	33	7	82	53	125	123	104	3	41	75	12	73	65	73	22	92	63	111	56	1	82	126	92	40	30	80	52	120	108	119	6	77	88	3	47	4	92	50	41	65	17	127	16	69	93	105	6	25	54	31	89	67	42	13	104	19	63	74	112	68	51	80	95	97	88	110	49	29	65	106	23	86	119	51	48	91	56	8	24	55	59	56	112	51	110	48	79	11	21	113	63	1	53	51
0	0	0	0	0	52	77	60	117	119	70	41	97	60	68	11	16	48	126	117	102	95	121	56	13	12	43	89	94	36	10	46	25	11	77	19	118	91	93	47	93	1	43	69	107	83	115	30	62	25	43	77	125	101	92	103	38	12	16	95	40	91	72	102	53	126	74	76	50	44	90	58	125	9	94	60	26	113	124	113	27	59	35	125	44	83	105	37	13	57	43	47	22	32	79	45	103	118	63	59	92	124	17	81	13	56	70	69	38	46	122	51	85	75	65	18	64	108	48	69	120	124	120	107	85	26	25	31
0	0	0	0	0	0	4	19	27	105	106	5	57	2	78	75	97	27	95	128	14	64	5	50	91	5	76	23	68	78	117	26	110	4	127	57	76	117	50	11	38	12	53	65	19	59	106	98	74	108	105	116	37	75	85	85	108	104	98	41	114	46	117	3	2	73	13	128	96	56	6	34	27	76	5	16	2	16	62	66	67	5	95	33	87	72	77	78	24	56	52	105	45	78	69	44	30	7	97	24	61	27	68	51	32	125	77	20	44	94	58	12	25	74	44	24	107	70	108	76	126	51	46	98	21	99	77	8
0	0	0	0	0	0	0	128	15	67	50	103	39	11	23	36	36	106	34	114	18	51	108	95	117	1	52	112	33	50	84	84	7	106	64	68	1	77	90	5	98	59	15	46	107	12	10	52	43	93	123	125	31	106	23	126	65	36	104	91	43	74	105	118	17	82	88	42	34	17	92	14	12	47	45	65	119	97	62	54	73	5	115	109	52	22	1	104	71	99	62	27	94	12	29	119	39	104	128	38	34	127	77	123	35	87	102	48	21	42	43	55	76	65	13	127	3	37	16	45	19	127	50	98	54	76	29	126
0	0	0	0	0	0	0	0	120	105	30	68	52	56	57	118	7	53	35	91	79	9	38	45	9	29	32	91	41	103	92	77	81	21	122	94	116	12	34	23	75	50	110	118	97	52	41	72	53	34	65	101	23	83	36	90	107	4	97	72	1	20	23	92	58	72	6	99	113	122	7	41	118	41	42	95	35	104	114	68	58	9	37	128	6	120	15	85	78	25	39	12	31	67	24	52	62	3	29	71	126	42	48	87	65	127	51	49	80	93	58	27	15	37	63	91	88	50	77	62	67	105	78	87	93	64	50	79
0	0	0	0	0	0	0	0	0	64	81	90	4	63	74	84	46	28	66	83	6	125	126	82	16	2	98	51	77	26	72	68	73	15	95	42	94	12	32	111	25	58	96	125	23	104	27	40	68	66	77	17	107	23	33	43	126	34	67	94	125	92	77	113	103	60	113	127	126	45	19	71	97	65	99	19	16	72	29	16	54	108	2	126	36	85	114	111	8	125	64	113	5	118	1	19	2	64	4	29	44	115	66	17	22	109	1	74	34	4	63	21	91	73	15	50	8	54	13	54	1	6	82	89	128	55	54	124
0	0	0	0	0	0	0	0	0	0	81	123	88	105	21	35	61	113	18	79	72	110	53	105	85	107	36	72	62	39	103	111	88	6	127	72	106	27	73	119	79	33	107	59	102	40	24	29	75	57	113	77	26	123	73	37	2	124	6	105	37	99	88	17	11	37	89	11	56	61	70	2	20	73	26	126	122	16	19	84	39	88	65	57	125	56	44	118	46	53	57	109	42	12	86	37	84	55	4	125	63	85	117	92	72	33	32	106	103	57	20	55	39	67	51	60	48	122	107	72	49	15	69	51	11	118	44	89
0	0	0	0	0	0	0	0	0	0	0	74	31	42	74	74	110	112	88	47	105	78	117	113	19	69	72	75	10	26	9	122	112	7	119	71	30	11	70	126	77	75	40	93	94	94	99	88	25	104	52	108	88	25	71	11	118	29	127	16	30	89	88	45	103	35	107	118	127	73	46	111	54	107	65	32	21	117	121	83	43	9	84	95	57	22	116	48	18	73	75	125	18	85	80	46	24	22	117	64	53	42	106	34	108	122	121	37	31	83	73	89	41	39	22	76	26	26	89	122	127	31	23	123	111	16	91	93
0	0	0	0	0	0	0	0	0	0	0	0	57	57	99	17	114	114	23	38	92	82	19	49	15	120	55	93	87	120	71	86	71	103	16	60	2	110	13	75	44	60	86	55	46	47	60	60	31	106	52	101	7	104	19	23	87	124	97	79	85	72	96	57	126	126	33	27	26	82	116	27	7	79	30	108	51	24	62	123	121	49	53	59	15	90	18	95	75	112	105	70	88	12	127	101	110	119	5	110	89	117	41	126	42	12	76	114	38	123	119	113	104	69	22	46	25	45	110	89	35	124	11	114	88	102	114	119
0	0	0	0	0	0	0	0	0	0	0	0	0	15	66	125	1	44	84	25	66	127	90	118	24	40	28	102	4	35	51	35	53	112	96	30	5	42	8	3	24	15	4	56	112	10	12	26	101	51	127	80	8	109	37	35	49	34	90	90	8	55	55	44	127	30	108	25	61	81	101	57	34	40	114	127	128	40	11	36	31	122	77	95	127	106	94	113	47	75	34	50	71	62	2	78	55	107	18	122	116	81	41	17	104	69	114	110	91	100	45	14	54	125	126	11	85	8	29	87	54	30	39	106	96	19	25	32
0	0	0	0	0	0	0	0	0	0	0	0	0	0	82	70	73	84	66	22	9	63	89	121	33	24	57	49	15	13	107	102	12	125	117	50	122	107	28	95	19	36	39	17	54	84	55	68	65	47	84	72	122	77	114	2	24	82	29	121	53	54	59	60	93	41	49	6	53	92	18	91	24	43	102	100	24	50	90	98	75	110	13	33	48	110	14	101	66	88	11	48	100	42	36	63	69	122	55	77	13	19	124	41	79	84	124	52	38	43	104	12	53	35	18	88	40	55	15	7	73	57	36	5	116	121	19	8
0	0	0	0	0	0	0	0	0	0	0	0	0	0	0	85	85	12	58	110	103	36	72	87	17	42	67	71	14	14	127	4	100	91	10	36	15	33	94	62	109	89	4	103	78	95	35	66	76	82	35	79	84	16	118	48	121	96	64	64	82	1	73	84	121	94	113	109	54	110	37	119	83	108	120	34	71	111	49	119	76	65	81	81	126	39	61	104	112	101	124	88	84	115	104	83	116	102	43	60	118	50	124	10	125	52	59	25	33	51	57	114	117	61	9	71	29	57	116	6	80	120	90	40	79	52	82	22
0	0	0	0	0	0	0	0	0	0	0	0	0	0	0	0	122	51	20	7	30	103	42	21	33	8	50	86	85	116	45	39	67	23	48	11	120	5	84	123	48	112	59	97	22	101	2	105	69	50	10	125	7	81	41	65	11	20	62	111	125	56	116	107	2	86	65	109	29	10	22	115	105	44	103	61	82	6	7	125	126	20	119	12	13	20	109	35	98	76	8	11	78	121	63	114	46	31	64	20	61	112	83	118	31	75	123	18	39	121	107	97	67	27	74	104	19	56	105	35	88	97	91	38	52	79	83	29
0	0	0	0	0	0	0	0	0	0	0	0	0	0	0	0	0	43	122	107	27	105	59	108	26	61	27	57	101	113	90	16	35	87	7	71	112	128	5	68	78	104	116	31	17	34	27	23	57	28	90	81	54	17	92	82	105	71	29	63	112	38	18	33	82	126	59	123	112	77	107	101	101	1	11	75	108	111	116	30	31	7	28	116	37	128	114	75	128	83	105	3	37	72	111	73	3	73	23	27	96	17	80	45	71	110	101	98	103	123	17	1	82	125	21	114	72	59	15	24	9	66	34	84	46	103	34	56
0	0	0	0	0	0	0	0	0	0	0	0	0	0	0	0	0	0	45	28	103	24	95	48	2	23	16	120	36	23	77	53	3	101	33	10	31	15	14	121	100	8	76	115	118	70	88	125	58	72	60	84	45	41	41	67	27	127	48	60	86	13	76	112	30	12	116	68	43	56	34	52	1	69	51	47	28	5	127	72	40	102	70	102	29	111	71	86	84	92	76	115	45	60	93	21	85	93	109	124	21	70	79	124	26	109	108	39	16	48	44	26	126	97	69	50	110	110	45	5	90	85	41	63	115	73	49	91
0	0	0	0	0	0	0	0	0	0	0	0	0	0	0	0	0	0	0	55	82	21	120	13	27	52	17	17	89	114	16	38	126	60	109	125	104	73	2	59	56	48	48	2	30	71	95	70	58	69	46	54	61	69	66	88	34	72	57	58	77	42	66	112	14	118	39	52	6	86	57	52	22	24	102	84	50	113	115	16	77	92	109	91	3	122	33	13	25	22	65	35	8	30	128	94	50	105	44	54	34	49	31	78	74	48	62	102	19	3	75	88	100	86	120	106	61	57	123	67	50	96	1	116	27	63	52	64
0	0	0	0	0	0	0	0	0	0	0	0	0	0	0	0	0	0	0	0	81	47	128	21	38	49	35	11	52	13	98	60	69	109	103	71	105	8	19	123	73	19	91	98	81	116	51	24	65	41	37	96	57	116	86	66	102	103	31	62	116	56	108	37	22	74	61	48	25	4	71	14	21	12	16	111	90	7	48	74	115	124	93	82	54	58	8	24	12	106	92	47	60	1	10	100	85	96	45	78	98	26	38	68	29	119	105	104	30	42	98	12	104	122	43	101	2	97	12	19	72	73	61	56	90	43	85	49
0	0	0	0	0	0	0	0	0	0	0	0	0	0	0	0	0	0	0	0	0	98	39	107	42	12	41	105	62	100	13	34	35	36	6	107	5	53	105	64	22	101	81	9	33	6	53	109	74	57	17	80	124	14	124	19	45	22	77	128	88	46	109	67	54	53	119	75	59	65	124	11	50	17	118	43	112	7	1	125	47	48	54	28	27	41	43	75	95	57	11	100	127	60	43	84	71	6	44	75	87	122	54	103	52	114	70	105	78	14	17	53	52	91	11	92	21	102	10	79	123	14	2	12	127	81	6	82
0	0	0	0	0	0	0	0	0	0	0	0	0	0	0	0	0	0	0	0	0	0	100	69	116	25	44	103	26	96	5	122	14	72	85	92	88	64	10	100	16	26	77	95	18	25	85	98	62	110	72	111	79	29	1	31	26	102	12	94	6	78	87	114	3	104	33	33	34	34	13	35	45	69	1	32	79	16	83	23	96	41	24	80	108	93	44	83	57	23	22	84	120	73	114	32	42	46	29	43	111	7	74	55	83	84	81	107	9	126	101	106	59	17	94	121	70	90	50	51	14	42	31	34	116	110	70	56
0	0	0	0	0	0	0	0	0	0	0	0	0	0	0	0	0	0	0	0	0	0	0	33	96	12	17	100	74	19	41	30	22	114	90	85	120	126	35	124	4	59	115	81	37	114	32	6	88	70	44	92	93	50	88	8	51	9	36	85	54	99	41	23	6	29	12	41	88	32	123	107	27	80	103	50	80	15	75	57	125	12	9	104	126	88	106	9	80	64	49	119	14	111	63	110	96	73	49	89	31	115	86	58	96	104	117	106	113	11	80	8	30	109	28	17	26	109	48	17	127	57	44	41	116	126	105	39
0	0	0	0	0	0	0	0	0	0	0	0	0	0	0	0	0	0	0	0	0	0	0	0	97	27	1	124	25	44	39	30	31	77	58	83	99	33	120	119	68	56	87	61	25	125	82	96	61	45	6	76	47	106	94	84	62	63	100	73	39	79	100	122	23	77	87	62	126	120	84	28	120	41	94	55	72	103	34	122	12	45	123	12	114	95	23	35	63	85	33	60	69	101	44	74	73	58	109	23	40	13	74	35	91	71	25	10	47	116	18	116	1	66	52	31	127	61	118	59	73	92	97	70	30	47	67	105
0	0	0	0	0	0	0	0	0	0	0	0	0	0	0	0	0	0	0	0	0	0	0	0	0	100	80	123	63	60	108	19	93	8	69	59	70	65	82	87	76	104	106	56	15	125	36	83	6	85	69	16	15	109	128	81	106	94	17	89	90	120	9	108	76	9	31	56	79	113	16	72	72	62	38	119	117	27	22	103	47	85	113	123	36	121	107	10	19	73	6	71	21	87	122	36	124	53	97	3	111	52	115	63	94	115	77	113	64	127	38	19	95	54	69	24	80	107	128	87	96	32	119	122	101	79	74	7
0	0	0	0	0	0	0	0	0	0	0	0	0	0	0	0	0	0	0	0	0	0	0	0	0	0	29	112	76	57	57	127	5	111	50	93	128	39	114	53	42	121	13	93	86	14	78	125	86	29	88	91	48	113	87	96	45	25	53	72	44	102	93	25	21	116	2	51	87	24	77	57	62	74	94	104	17	111	8	16	32	118	20	79	59	60	14	99	87	45	43	14	51	81	28	80	5	53	123	18	40	105	36	29	43	26	60	115	31	62	7	105	117	123	89	121	114	12	55	107	101	5	104	41	105	105	118	8
0	0	0	0	0	0	0	0	0	0	0	0	0	0	0	0	0	0	0	0	0	0	0	0	0	0	0	126	64	43	71	65	26	89	79	100	99	48	20	61	93	123	78	73	91	17	81	103	93	84	8	123	102	29	88	35	102	50	110	75	25	98	31	112	79	15	23	78	45	42	37	24	36	128	82	6	35	69	124	105	98	55	24	58	126	71	128	52	93	110	68	27	80	116	118	128	38	13	63	108	118	12	34	13	46	33	24	49	60	73	16	106	42	25	97	23	6	64	111	8	85	82	81	41	93	5	110	115
0	0	0	0	0	0	0	0	0	0	0	0	0	0	0	0	0	0	0	0	0	0	0	0	0	0	0	0	122	128	4	81	75	98	37	73	48	99	1	85	4	51	39	24	10	117	63	97	97	80	123	28	33	122	9	87	17	44	72	23	60	80	70	9	81	74	67	33	23	40	122	123	26	16	107	77	58	15	101	30	60	50	79	20	50	54	96	91	31	44	118	56	60	67	115	79	97	95	3	6	13	6	48	4	120	9	43	16	32	63	61	11	128	69	78	33	111	8	103	59	47	17	55	96	48	44	30	29
0	0	0	0	0	0	0	0	0	0	0	0	0	0	0	0	0	0	0	0	0	0	0	0	0	0	0	0	0	6	13	89	15	16	79	18	30	111	74	102	11	7	120	55	118	67	1	24	69	14	79	76	117	118	113	124	68	20	115	43	80	52	6	12	10	92	103	107	96	108	35	84	84	126	43	38	68	28	92	101	53	8	30	87	128	102	87	108	12	93	20	8	87	55	2	26	62	68	80	104	122	69	30	50	52	8	25	68	21	35	126	70	37	36	81	95	126	90	21	98	78	84	43	106	65	54	60	20
0	0	0	0	0	0	0	0	0	0	0	0	0	0	0	0	0	0	0	0	0	0	0	0	0	0	0	0	0	0	78	28	39	6	14	109	86	119	71	22	53	15	11	26	14	106	113	105	19	28	20	22	4	63	3	43	68	114	128	105	124	18	108	16	46	121	70	76	110	46	115	17	52	6	83	81	67	128	38	8	37	30	91	36	16	107	67	33	68	115	65	62	76	32	49	123	69	100	29	60	119	6	117	123	101	112	25	64	87	71	35	112	9	59	58	35	58	68	122	63	9	76	68	29	53	80	24	22
0	0	0	0	0	0	0	0	0	0	0	0	0	0	0	0	0	0	0	0	0	0	0	0	0	0	0	0	0	0	0	52	87	123	65	94	11	37	87	66	35	39	35	97	1	54	36	84	58	81	8	98	17	28	9	117	112	80	58	72	27	95	45	113	109	128	119	62	60	30	77	82	36	59	120	103	85	43	104	112	61	114	80	94	104	51	61	16	38	59	29	47	17	39	121	111	109	125	27	15	70	22	74	74	66	55	38	83	104	92	52	9	102	33	116	15	77	19	38	59	58	44	37	34	90	18	96	124
0	0	0	0	0	0	0	0	0	0	0	0	0	0	0	0	0	0	0	0	0	0	0	0	0	0	0	0	0	0	0	0	35	123	14	82	57	38	77	40	3	113	4	122	21	48	99	92	99	33	37	24	36	16	118	95	83	86	53	47	3	92	63	110	64	97	92	101	128	91	58	77	50	50	16	54	35	11	99	8	97	28	43	123	29	14	40	34	28	105	115	82	25	108	105	71	72	14	101	88	52	74	56	37	42	13	106	18	40	64	31	78	71	107	12	65	73	98	96	43	104	40	105	7	20	28	117	52
0	0	0	0	0	0	0	0	0	0	0	0	0	0	0	0	0	0	0	0	0	0	0	0	0	0	0	0	0	0	0	0	0	67	103	123	22	106	65	50	30	73	64	47	94	98	84	56	59	78	1	12	73	54	29	1	120	46	21	37	88	54	48	81	123	19	93	56	91	105	128	120	71	49	31	97	52	117	116	40	43	39	80	74	67	2	18	94	23	49	81	110	86	10	49	8	84	101	29	1	108	116	102	18	120	116	14	70	56	56	110	11	8	56	119	6	113	55	99	35	62	28	57	6	11	7	10	70
0	0	0	0	0	0	0	0	0	0	0	0	0	0	0	0	0	0	0	0	0	0	0	0	0	0	0	0	0	0	0	0	0	0	24	117	60	37	23	102	12	75	78	108	86	118	83	7	106	43	68	78	108	116	112	100	2	58	24	72	100	10	65	55	18	61	29	108	53	60	35	13	114	24	107	50	79	92	80	124	52	93	70	26	84	97	97	99	6	114	123	53	86	9	66	113	2	85	7	110	45	3	15	53	110	86	123	21	93	66	27	79	31	108	44	19	112	115	125	39	108	54	51	61	112	43	27	35
0	0	0	0	0	0	0	0	0	0	0	0	0	0	0	0	0	0	0	0	0	0	0	0	0	0	0	0	0	0	0	0	0	0	0	23	94	3	53	6	103	121	57	70	105	113	70	102	98	35	96	12	43	41	121	48	23	102	4	39	50	82	99	49	91	25	24	64	119	77	59	93	41	63	31	88	17	29	21	97	56	34	23	108	112	110	25	57	24	51	104	28	114	52	33	23	74	80	59	23	70	57	97	98	48	8	67	55	127	77	95	62	6	45	72	8	97	73	39	125	28	42	18	73	118	10	24	14
0	0	0	0	0	0	0	0	0	0	0	0	0	0	0	0	0	0	0	0	0	0	0	0	0	0	0	0	0	0	0	0	0	0	0	0	85	126	6	50	113	68	9	16	38	81	90	120	11	53	50	78	13	66	119	93	6	33	100	30	117	122	18	11	17	70	28	22	18	119	68	104	123	22	48	115	94	61	101	5	79	72	126	126	36	42	105	6	93	24	41	18	81	77	59	104	42	50	13	22	97	36	65	40	38	17	18	119	107	57	121	49	118	99	4	22	25	8	21	26	82	41	90	26	116	91	35	20
0	0	0	0	0	0	0	0	0	0	0	0	0	0	0	0	0	0	0	0	0	0	0	0	0	0	0	0	0	0	0	0	0	0	0	0	0	63	55	122	19	94	117	92	42	74	119	21	39	61	93	112	85	45	109	98	61	61	85	60	94	121	17	58	121	12	15	74	83	46	80	113	31	62	10	21	80	33	6	38	82	71	39	70	41	56	43	93	17	125	112	26	55	60	104	18	62	14	24	88	112	123	28	37	101	118	43	123	83	87	92	35	19	113	99	5	64	79	86	8	64	58	93	46	66	77	54	84
0	0	0	0	0	0	0	0	0	0	0	0	0	0	0	0	0	0	0	0	0	0	0	0	0	0	0	0	0	0	0	0	0	0	0	0	0	0	12	64	31	71	57	98	18	50	68	127	115	61	128	102	37	96	25	43	1	111	59	113	8	29	54	128	97	87	108	49	81	24	57	77	57	57	4	60	71	23	19	125	48	46	19	90	97	41	27	67	43	66	50	105	92	20	106	20	69	18	21	63	92	44	6	112	29	57	36	26	16	114	33	121	90	74	86	11	98	5	42	30	29	65	38	124	89	31	75	8
0	0	0	0	0	0	0	0	0	0	0	0	0	0	0	0	0	0	0	0	0	0	0	0	0	0	0	0	0	0	0	0	0	0	0	0	0	0	0	73	44	50	110	34	119	8	68	125	66	35	5	104	114	49	122	108	2	45	31	86	3	6	120	20	43	90	123	92	102	62	43	109	36	49	68	100	120	67	48	37	80	53	98	76	17	57	56	69	60	49	97	13	48	25	101	51	13	72	125	12	122	81	44	23	104	80	98	53	38	55	32	14	83	18	69	28	70	10	69	124	86	62	15	99	79	58	48	84
0	0	0	0	0	0	0	0	0	0	0	0	0	0	0	0	0	0	0	0	0	0	0	0	0	0	0	0	0	0	0	0	0	0	0	0	0	0	0	0	108	5	128	42	49	102	124	62	120	29	51	41	96	5	40	60	90	88	93	92	22	87	54	18	19	31	1	42	43	97	121	100	56	66	82	23	7	10	74	20	92	113	39	59	15	91	62	89	63	66	23	101	89	47	32	20	7	95	57	48	96	5	15	90	121	31	73	77	127	112	100	36	79	111	93	64	24	6	18	62	113	6	84	106	48	122	41	78
0	0	0	0	0	0	0	0	0	0	0	0	0	0	0	0	0	0	0	0	0	0	0	0	0	0	0	0	0	0	0	0	0	0	0	0	0	0	0	0	0	102	95	26	91	120	120	7	30	17	64	10	57	72	14	53	119	72	16	78	93	117	32	33	85	7	39	47	123	5	90	73	12	77	4	94	98	58	95	72	79	3	116	88	53	87	98	56	57	112	45	47	43	111	52	46	1	43	93	83	15	88	127	98	50	107	78	10	75	108	74	5	51	51	31	128	65	48	4	101	124	72	74	37	95	49	2	62
0	0	0	0	0	0	0	0	0	0	0	0	0	0	0	0	0	0	0	0	0	0	0	0	0	0	0	0	0	0	0	0	0	0	0	0	0	0	0	0	0	0	92	118	114	101	22	121	118	71	55	31	46	9	79	41	101	71	81	89	80	89	1	9	45	24	58	61	16	57	116	109	89	74	14	9	118	92	92	83	94	52	71	88	4	66	33	113	70	74	116	90	67	66	28	80	58	121	11	126	32	88	115	29	5	34	17	28	67	84	59	84	34	12	18	126	99	72	33	50	46	84	63	103	59	116	73	40
0	0	0	0	0	0	0	0	0	0	0	0	0	0	0	0	0	0	0	0	0	0	0	0	0	0	0	0	0	0	0	0	0	0	0	0	0	0	0	0	0	0	0	91	44	110	35	29	26	104	110	81	110	93	28	87	30	1	127	74	32	9	106	41	23	119	99	96	92	14	30	99	103	40	97	74	64	32	104	68	95	110	11	46	53	30	3	123	97	76	63	34	83	96	77	99	128	30	50	14	80	123	122	35	21	35	86	100	71	60	21	13	115	68	28	99	84	98	32	124	128	6	118	54	20	81	23	68
0	0	0	0	0	0	0	0	0	0	0	0	0	0	0	0	0	0	0	0	0	0	0	0	0	0	0	0	0	0	0	0	0	0	0	0	0	0	0	0	0	0	0	0	3	24	41	57	63	21	37	37	24	108	80	77	19	28	75	56	42	99	95	75	60	89	81	57	119	34	51	55	57	17	116	65	122	81	50	101	42	48	13	106	65	56	93	19	1	94	114	77	24	1	27	100	95	27	6	43	78	14	32	44	69	69	106	47	113	77	58	41	119	3	77	42	38	29	75	105	123	123	15	112	121	76	64	76
0	0	0	0	0	0	0	0	0	0	0	0	0	0	0	0	0	0	0	0	0	0	0	0	0	0	0	0	0	0	0	0	0	0	0	0	0	0	0	0	0	0	0	0	0	11	84	37	86	42	126	103	103	16	24	119	108	65	84	59	40	57	54	116	107	89	102	9	76	34	23	25	33	99	118	73	49	123	113	83	94	71	119	51	44	105	100	8	80	50	52	18	18	92	127	55	85	114	31	120	86	39	86	73	82	25	100	4	28	119	94	16	68	104	40	2	43	112	8	94	31	28	77	39	19	124	101	33
0	0	0	0	0	0	0	0	0	0	0	0	0	0	0	0	0	0	0	0	0	0	0	0	0	0	0	0	0	0	0	0	0	0	0	0	0	0	0	0	0	0	0	0	0	0	78	11	114	37	96	87	108	124	71	73	122	118	72	45	95	123	42	23	91	119	113	83	74	6	108	122	86	109	73	30	52	68	75	102	45	84	88	51	38	65	38	112	101	55	81	37	26	89	40	9	21	98	98	110	39	16	62	5	85	55	40	66	66	82	47	97	63	54	22	108	43	94	35	119	35	52	54	95	70	96	113	40
0	0	0	0	0	0	0	0	0	0	0	0	0	0	0	0	0	0	0	0	0	0	0	0	0	0	0	0	0	0	0	0	0	0	0	0	0	0	0	0	0	0	0	0	0	0	0	51	123	112	38	86	104	15	58	72	54	121	29	45	103	123	5	112	8	26	77	32	21	30	12	128	84	87	66	80	113	81	3	53	121	94	122	93	72	3	103	8	9	102	121	26	14	16	36	123	98	72	16	25	92	76	115	81	36	19	11	94	66	73	81	45	59	60	22	124	53	10	43	74	107	27	87	10	35	44	56	110
0	0	0	0	0	0	0	0	0	0	0	0	0	0	0	0	0	0	0	0	0	0	0	0	0	0	0	0	0	0	0	0	0	0	0	0	0	0	0	0	0	0	0	0	0	0	0	0	47	2	41	13	68	39	75	71	40	54	108	4	9	21	12	109	63	31	46	38	55	85	62	103	68	31	37	86	95	63	12	120	86	60	56	86	35	22	122	75	38	17	119	31	90	68	68	50	112	7	19	119	35	93	39	1	93	47	124	84	84	18	43	95	19	107	86	53	17	80	71	76	103	65	55	126	103	66	32	115
0	0	0	0	0	0	0	0	0	0	0	0	0	0	0	0	0	0	0	0	0	0	0	0	0	0	0	0	0	0	0	0	0	0	0	0	0	0	0	0	0	0	0	0	0	0	0	0	0	22	3	59	39	24	68	90	25	126	17	66	45	27	43	13	89	74	117	76	75	84	62	94	59	127	126	26	48	56	127	22	58	106	52	74	127	78	48	77	119	118	55	72	84	8	123	10	51	95	17	21	69	46	114	104	109	117	94	72	111	46	117	38	82	70	103	43	19	66	67	34	23	119	88	9	80	38	34	87
0	0	0	0	0	0	0	0	0	0	0	0	0	0	0	0	0	0	0	0	0	0	0	0	0	0	0	0	0	0	0	0	0	0	0	0	0	0	0	0	0	0	0	0	0	0	0	0	0	0	112	88	12	90	91	58	70	74	118	36	52	73	6	83	62	15	27	127	58	127	103	125	26	101	20	98	24	49	64	32	46	64	95	50	56	80	120	109	56	115	48	112	122	111	24	41	48	2	52	68	8	122	61	78	15	65	31	111	80	42	94	106	68	67	102	60	61	11	105	107	53	88	103	109	93	45	37	38
0	0	0	0	0	0	0	0	0	0	0	0	0	0	0	0	0	0	0	0	0	0	0	0	0	0	0	0	0	0	0	0	0	0	0	0	0	0	0	0	0	0	0	0	0	0	0	0	0	0	0	93	119	2	17	10	90	63	57	38	105	122	71	20	12	126	80	116	82	35	16	113	3	67	94	47	16	116	107	8	83	4	42	22	78	44	90	38	19	8	12	5	27	31	79	96	38	34	52	3	27	117	13	57	91	112	69	11	104	108	13	105	7	77	115	65	74	87	94	69	32	68	80	73	67	71	69	126
0	0	0	0	0	0	0	0	0	0	0	0	0	0	0	0	0	0	0	0	0	0	0	0	0	0	0	0	0	0	0	0	0	0	0	0	0	0	0	0	0	0	0	0	0	0	0	0	0	0	0	0	5	53	67	89	83	78	11	88	9	70	65	85	68	113	28	122	9	37	30	39	78	95	53	21	83	115	41	5	23	21	107	103	103	75	100	70	46	14	111	50	68	104	120	38	22	122	12	61	15	105	56	29	6	82	93	124	88	55	118	16	72	119	127	51	4	100	51	14	75	110	89	12	16	88	15	47
0	0	0	0	0	0	0	0	0	0	0	0	0	0	0	0	0	0	0	0	0	0	0	0	0	0	0	0	0	0	0	0	0	0	0	0	0	0	0	0	0	0	0	0	0	0	0	0	0	0	0	0	0	95	12	11	125	74	106	48	125	35	51	74	48	91	5	48	78	23	41	15	12	41	43	53	17	10	17	15	9	118	87	77	31	73	59	83	120	58	85	48	80	112	108	91	104	66	6	95	2	59	117	29	92	21	122	58	77	118	105	32	9	62	111	11	21	4	49	108	73	60	105	120	90	87	75	71
0	0	0	0	0	0	0	0	0	0	0	0	0	0	0	0	0	0	0	0	0	0	0	0	0	0	0	0	0	0	0	0	0	0	0	0	0	0	0	0	0	0	0	0	0	0	0	0	0	0	0	0	0	0	122	88	106	106	97	7	36	93	12	6	9	119	120	32	18	97	16	121	22	57	90	66	66	124	32	120	60	28	32	50	44	109	33	104	23	121	107	69	49	43	50	11	103	57	71	104	84	2	77	26	41	69	125	86	114	31	49	86	121	13	66	65	20	101	95	85	1	23	36	100	110	30	13	79
0	0	0	0	0	0	0	0	0	0	0	0	0	0	0	0	0	0	0	0	0	0	0	0	0	0	0	0	0	0	0	0	0	0	0	0	0	0	0	0	0	0	0	0	0	0	0	0	0	0	0	0	0	0	0	23	93	73	93	9	62	11	22	11	2	40	15	57	50	45	53	67	30	90	105	73	26	117	31	31	124	65	11	68	104	100	48	25	118	106	37	121	65	76	9	3	106	3	127	72	38	87	7	28	7	94	5	68	99	33	114	125	50	47	15	31	63	42	88	12	102	35	100	113	98	47	128	123
0	0	0	0	0	0	0	0	0	0	0	0	0	0	0	0	0	0	0	0	0	0	0	0	0	0	0	0	0	0	0	0	0	0	0	0	0	0	0	0	0	0	0	0	0	0	0	0	0	0	0	0	0	0	0	0	54	78	63	109	100	122	61	126	7	23	26	19	19	84	47	93	98	14	5	57	98	53	73	68	28	59	108	51	101	60	95	26	113	93	45	88	124	43	44	4	112	64	40	113	71	53	118	64	91	21	67	49	24	88	7	4	99	45	40	83	49	128	55	77	110	20	40	9	127	72	62	43
0	0	0	0	0	0	0	0	0	0	0	0	0	0	0	0	0	0	0	0	0	0	0	0	0	0	0	0	0	0	0	0	0	0	0	0	0	0	0	0	0	0	0	0	0	0	0	0	0	0	0	0	0	0	0	0	0	36	50	2	17	26	45	30	74	39	22	26	62	16	25	116	63	90	86	32	54	29	37	61	61	44	71	128	74	55	37	22	102	5	3	40	38	67	99	110	85	113	69	59	31	6	12	68	3	30	3	123	73	61	76	52	53	29	52	91	106	40	54	75	124	121	34	74	19	117	36	39
0	0	0	0	0	0	0	0	0	0	0	0	0	0	0	0	0	0	0	0	0	0	0	0	0	0	0	0	0	0	0	0	0	0	0	0	0	0	0	0	0	0	0	0	0	0	0	0	0	0	0	0	0	0	0	0	0	0	84	116	5	34	90	43	92	82	42	83	63	27	118	95	108	87	59	57	114	102	107	81	106	74	63	117	78	102	17	117	3	1	67	113	128	58	7	111	88	75	100	112	80	20	104	122	114	119	32	87	73	105	99	116	1	77	94	22	10	105	118	10	20	57	92	28	25	11	30	21
0	0	0	0	0	0	0	0	0	0	0	0	0	0	0	0	0	0	0	0	0	0	0	0	0	0	0	0	0	0	0	0	0	0	0	0	0	0	0	0	0	0	0	0	0	0	0	0	0	0	0	0	0	0	0	0	0	0	0	90	2	9	81	62	26	16	49	128	61	71	6	103	88	46	86	66	28	113	95	83	46	115	70	1	37	119	38	101	122	65	16	25	80	56	29	94	71	88	69	9	5	71	33	89	95	86	43	114	124	89	60	31	14	70	95	36	84	29	62	65	112	94	95	40	44	110	49	18
0	0	0	0	0	0	0	0	0	0	0	0	0	0	0	0	0	0	0	0	0	0	0	0	0	0	0	0	0	0	0	0	0	0	0	0	0	0	0	0	0	0	0	0	0	0	0	0	0	0	0	0	0	0	0	0	0	0	0	0	76	53	123	116	118	17	3	61	73	41	101	101	48	120	10	8	88	47	4	53	105	81	92	34	118	25	108	53	126	118	109	115	121	40	105	49	84	13	94	94	128	29	1	61	27	20	71	28	108	83	64	41	71	123	7	82	3	77	6	66	22	32	41	42	111	76	108	56
0	0	0	0	0	0	0	0	0	0	0	0	0	0	0	0	0	0	0	0	0	0	0	0	0	0	0	0	0	0	0	0	0	0	0	0	0	0	0	0	0	0	0	0	0	0	0	0	0	0	0	0	0	0	0	0	0	0	0	0	0	50	28	18	66	44	108	25	23	117	84	8	95	110	98	71	66	90	111	54	71	27	86	34	15	114	116	85	23	84	66	35	93	116	110	47	54	32	42	31	115	101	90	104	106	68	28	94	65	56	104	34	21	112	128	29	91	124	57	109	108	8	23	121	73	127	53	100
0	0	0	0	0	0	0	0	0	0	0	0	0	0	0	0	0	0	0	0	0	0	0	0	0	0	0	0	0	0	0	0	0	0	0	0	0	0	0	0	0	0	0	0	0	0	0	0	0	0	0	0	0	0	0	0	0	0	0	0	0	0	21	28	74	9	48	44	8	32	127	37	8	38	3	100	3	128	48	122	28	120	24	69	78	85	14	112	13	93	128	9	75	49	24	109	88	58	29	115	65	79	76	12	113	70	33	87	101	113	21	104	109	127	22	5	81	33	110	109	94	50	101	25	102	66	48	26
0	0	0	0	0	0	0	0	0	0	0	0	0	0	0	0	0	0	0	0	0	0	0	0	0	0	0	0	0	0	0	0	0	0	0	0	0	0	0	0	0	0	0	0	0	0	0	0	0	0	0	0	0	0	0	0	0	0	0	0	0	0	0	26	24	37	5	75	25	29	13	109	32	122	38	56	31	34	105	47	94	127	69	35	46	46	8	28	76	123	36	112	34	11	18	35	123	29	94	105	102	124	110	119	127	18	105	74	41	72	78	112	20	16	59	44	14	49	99	8	47	110	85	62	21	109	82	127
0	0	0	0	0	0	0	0	0	0	0	0	0	0	0	0	0	0	0	0	0	0	0	0	0	0	0	0	0	0	0	0	0	0	0	0	0	0	0	0	0	0	0	0	0	0	0	0	0	0	0	0	0	0	0	0	0	0	0	0	0	0	0	0	101	37	128	104	11	34	26	54	66	122	67	18	121	8	17	65	51	64	27	108	51	24	53	5	23	65	105	77	48	126	89	128	63	75	15	5	85	27	126	33	85	42	12	105	75	103	69	49	117	119	70	63	52	53	23	114	8	46	41	24	102	43	24	10
0	0	0	0	0	0	0	0	0	0	0	0	0	0	0	0	0	0	0	0	0	0	0	0	0	0	0	0	0	0	0	0	0	0	0	0	0	0	0	0	0	0	0	0	0	0	0	0	0	0	0	0	0	0	0	0	0	0	0	0	0	0	0	0	0	14	28	121	34	81	8	48	2	12	54	21	40	106	87	58	22	79	103	24	20	25	118	27	13	12	31	78	42	108	83	14	128	33	73	89	23	103	128	24	37	54	35	8	54	55	16	96	120	87	102	56	61	108	10	3	34	76	61	5	122	71	6	85
0	0	0	0	0	0	0	0	0	0	0	0	0	0	0	0	0	0	0	0	0	0	0	0	0	0	0	0	0	0	0	0	0	0	0	0	0	0	0	0	0	0	0	0	0	0	0	0	0	0	0	0	0	0	0	0	0	0	0	0	0	0	0	0	0	0	108	39	56	80	9	78	72	62	91	80	70	86	67	89	105	90	75	65	7	125	76	104	20	83	101	12	94	63	126	27	85	124	117	97	114	3	16	107	81	93	27	66	109	59	124	13	60	44	124	86	7	38	29	123	112	96	72	128	28	48	95	95
0	0	0	0	0	0	0	0	0	0	0	0	0	0	0	0	0	0	0	0	0	0	0	0	0	0	0	0	0	0	0	0	0	0	0	0	0	0	0	0	0	0	0	0	0	0	0	0	0	0	0	0	0	0	0	0	0	0	0	0	0	0	0	0	0	0	0	111	58	113	25	78	69	15	85	111	94	113	118	100	101	63	61	120	27	6	7	84	126	25	42	117	76	84	93	40	65	54	91	16	24	80	55	115	31	77	57	122	119	92	75	107	113	77	18	53	40	66	105	112	103	56	117	92	125	90	42	76
0	0	0	0	0	0	0	0	0	0	0	0	0	0	0	0	0	0	0	0	0	0	0	0	0	0	0	0	0	0	0	0	0	0	0	0	0	0	0	0	0	0	0	0	0	0	0	0	0	0	0	0	0	0	0	0	0	0	0	0	0	0	0	0	0	0	0	0	83	69	52	87	126	32	104	81	42	8	32	6	103	92	116	65	116	32	4	91	126	35	45	25	56	63	97	88	84	20	14	8	50	80	121	57	26	98	20	31	73	9	18	91	5	47	76	15	93	96	46	43	68	49	91	16	126	84	41	64
0	0	0	0	0	0	0	0	0	0	0	0	0	0	0	0	0	0	0	0	0	0	0	0	0	0	0	0	0	0	0	0	0	0	0	0	0	0	0	0	0	0	0	0	0	0	0	0	0	0	0	0	0	0	0	0	0	0	0	0	0	0	0	0	0	0	0	0	0	20	57	26	102	55	82	93	59	70	76	103	6	7	108	127	107	124	105	10	34	78	2	39	18	22	115	59	35	95	49	68	76	77	127	8	47	102	7	54	116	106	18	85	92	34	101	103	58	71	53	107	126	113	16	34	104	29	67	38
0	0	0	0	0	0	0	0	0	0	0	0	0	0	0	0	0	0	0	0	0	0	0	0	0	0	0	0	0	0	0	0	0	0	0	0	0	0	0	0	0	0	0	0	0	0	0	0	0	0	0	0	0	0	0	0	0	0	0	0	0	0	0	0	0	0	0	0	0	0	99	18	51	90	8	118	37	19	73	61	103	53	30	22	29	85	10	81	110	83	94	42	71	58	7	16	9	58	84	88	122	88	13	115	61	26	72	8	77	12	78	44	95	34	23	104	50	82	30	43	28	21	110	36	66	109	24	37
0	0	0	0	0	0	0	0	0	0	0	0	0	0	0	0	0	0	0	0	0	0	0	0	0	0	0	0	0	0	0	0	0	0	0	0	0	0	0	0	0	0	0	0	0	0	0	0	0	0	0	0	0	0	0	0	0	0	0	0	0	0	0	0	0	0	0	0	0	0	0	117	80	55	10	73	98	82	85	74	90	88	91	2	111	56	41	112	100	39	16	97	21	55	64	33	3	72	27	95	31	102	120	16	108	41	85	80	100	62	92	76	77	103	55	103	82	10	26	52	28	54	67	124	14	53	9	50
0	0	0	0	0	0	0	0	0	0	0	0	0	0	0	0	0	0	0	0	0	0	0	0	0	0	0	0	0	0	0	0	0	0	0	0	0	0	0	0	0	0	0	0	0	0	0	0	0	0	0	0	0	0	0	0	0	0	0	0	0	0	0	0	0	0	0	0	0	0	0	0	69	13	50	98	8	54	111	42	54	12	91	78	88	111	2	70	66	95	123	97	54	60	30	82	113	125	99	2	126	42	55	53	34	117	112	109	27	71	64	110	89	118	122	69	37	81	52	105	13	49	40	30	82	54	126	4
0	0	0	0	0	0	0	0	0	0	0	0	0	0	0	0	0	0	0	0	0	0	0	0	0	0	0	0	0	0	0	0	0	0	0	0	0	0	0	0	0	0	0	0	0	0	0	0	0	0	0	0	0	0	0	0	0	0	0	0	0	0	0	0	0	0	0	0	0	0	0	0	0	20	115	91	54	18	126	76	42	13	10	82	91	44	48	41	58	44	81	10	99	38	111	117	11	64	89	122	39	125	118	66	18	91	40	51	5	57	96	8	91	10	42	50	77	39	65	31	64	22	10	68	53	33	92	19
0	0	0	0	0	0	0	0	0	0	0	0	0	0	0	0	0	0	0	0	0	0	0	0	0	0	0	0	0	0	0	0	0	0	0	0	0	0	0	0	0	0	0	0	0	0	0	0	0	0	0	0	0	0	0	0	0	0	0	0	0	0	0	0	0	0	0	0	0	0	0	0	0	0	28	117	35	88	122	38	18	111	118	23	97	116	23	95	66	128	123	109	66	25	86	72	81	28	121	8	9	122	65	7	17	32	57	82	32	45	64	50	72	17	46	128	32	87	77	73	85	21	21	6	86	24	49	2
0	0	0	0	0	0	0	0	0	0	0	0	0	0	0	0	0	0	0	0	0	0	0	0	0	0	0	0	0	0	0	0	0	0	0	0	0	0	0	0	0	0	0	0	0	0	0	0	0	0	0	0	0	0	0	0	0	0	0	0	0	0	0	0	0	0	0	0	0	0	0	0	0	0	0	53	112	66	74	111	57	56	102	92	25	115	62	43	9	93	99	79	19	87	80	44	122	122	17	113	5	26	6	119	47	44	90	1	89	75	26	52	28	6	43	60	120	24	51	37	104	62	124	31	59	61	45	123
0	0	0	0	0	0	0	0	0	0	0	0	0	0	0	0	0	0	0	0	0	0	0	0	0	0	0	0	0	0	0	0	0	0	0	0	0	0	0	0	0	0	0	0	0	0	0	0	0	0	0	0	0	0	0	0	0	0	0	0	0	0	0	0	0	0	0	0	0	0	0	0	0	0	0	0	30	73	79	105	57	81	58	86	60	24	106	110	123	11	83	51	99	37	9	46	120	22	58	78	89	50	120	111	53	73	10	88	76	102	82	68	5	59	105	108	20	17	76	11	92	31	53	19	115	13	103	1
0	0	0	0	0	0	0	0	0	0	0	0	0	0	0	0	0	0	0	0	0	0	0	0	0	0	0	0	0	0	0	0	0	0	0	0	0	0	0	0	0	0	0	0	0	0	0	0	0	0	0	0	0	0	0	0	0	0	0	0	0	0	0	0	0	0	0	0	0	0	0	0	0	0	0	0	0	6	55	59	54	73	84	6	22	84	91	82	57	105	31	94	13	125	41	82	92	12	34	16	53	97	124	31	77	87	63	35	65	58	17	108	51	105	55	31	99	94	35	125	89	76	73	48	99	65	22	52
0	0	0	0	0	0	0	0	0	0	0	0	0	0	0	0	0	0	0	0	0	0	0	0	0	0	0	0	0	0	0	0	0	0	0	0	0	0	0	0	0	0	0	0	0	0	0	0	0	0	0	0	0	0	0	0	0	0	0	0	0	0	0	0	0	0	0	0	0	0	0	0	0	0	0	0	0	0	90	44	80	28	52	110	100	16	44	78	87	114	116	68	120	55	29	70	119	11	37	28	105	63	113	93	44	89	6	108	85	27	92	62	57	73	35	14	68	79	48	108	15	124	16	92	106	12	13	41
0	0	0	0	0	0	0	0	0	0	0	0	0	0	0	0	0	0	0	0	0	0	0	0	0	0	0	0	0	0	0	0	0	0	0	0	0	0	0	0	0	0	0	0	0	0	0	0	0	0	0	0	0	0	0	0	0	0	0	0	0	0	0	0	0	0	0	0	0	0	0	0	0	0	0	0	0	0	0	4	18	17	105	25	20	64	65	126	89	47	67	98	51	74	89	87	101	17	26	24	4	83	82	102	63	101	25	121	68	2	121	81	25	69	32	96	54	59	125	25	30	110	91	28	125	20	74	91
0	0	0	0	0	0	0	0	0	0	0	0	0	0	0	0	0	0	0	0	0	0	0	0	0	0	0	0	0	0	0	0	0	0	0	0	0	0	0	0	0	0	0	0	0	0	0	0	0	0	0	0	0	0	0	0	0	0	0	0	0	0	0	0	0	0	0	0	0	0	0	0	0	0	0	0	0	0	0	0	121	19	90	78	21	30	115	30	31	15	59	55	66	16	98	116	30	121	66	77	70	107	24	128	103	109	89	99	2	109	31	52	41	4	122	2	52	20	112	3	108	118	79	39	76	82	22	71
0	0	0	0	0	0	0	0	0	0	0	0	0	0	0	0	0	0	0	0	0	0	0	0	0	0	0	0	0	0	0	0	0	0	0	0	0	0	0	0	0	0	0	0	0	0	0	0	0	0	0	0	0	0	0	0	0	0	0	0	0	0	0	0	0	0	0	0	0	0	0	0	0	0	0	0	0	0	0	0	0	49	108	121	126	79	45	103	84	25	51	2	36	95	54	68	43	94	122	21	107	69	109	12	117	97	26	69	108	121	99	18	60	67	22	67	97	98	74	106	21	100	41	106	4	58	76	124
0	0	0	0	0	0	0	0	0	0	0	0	0	0	0	0	0	0	0	0	0	0	0	0	0	0	0	0	0	0	0	0	0	0	0	0	0	0	0	0	0	0	0	0	0	0	0	0	0	0	0	0	0	0	0	0	0	0	0	0	0	0	0	0	0	0	0	0	0	0	0	0	0	0	0	0	0	0	0	0	0	0	24	78	10	112	83	75	103	42	92	64	98	108	4	114	17	114	68	78	83	85	117	122	108	74	37	56	1	79	54	56	70	19	124	117	24	92	69	43	104	30	64	126	88	61	24	26
0	0	0	0	0	0	0	0	0	0	0	0	0	0	0	0	0	0	0	0	0	0	0	0	0	0	0	0	0	0	0	0	0	0	0	0	0	0	0	0	0	0	0	0	0	0	0	0	0	0	0	0	0	0	0	0	0	0	0	0	0	0	0	0	0	0	0	0	0	0	0	0	0	0	0	0	0	0	0	0	0	0	0	111	106	1	111	98	9	77	72	80	93	110	16	70	124	35	57	29	107	70	51	82	43	64	117	52	70	60	51	69	128	126	21	108	44	29	126	107	56	99	27	54	121	40	73	109
0	0	0	0	0	0	0	0	0	0	0	0	0	0	0	0	0	0	0	0	0	0	0	0	0	0	0	0	0	0	0	0	0	0	0	0	0	0	0	0	0	0	0	0	0	0	0	0	0	0	0	0	0	0	0	0	0	0	0	0	0	0	0	0	0	0	0	0	0	0	0	0	0	0	0	0	0	0	0	0	0	0	0	0	26	4	64	38	123	94	65	105	40	29	98	17	57	19	106	57	33	40	32	109	59	109	12	119	49	65	31	54	48	4	120	64	37	49	38	71	24	118	37	90	84	81	4	78
0	0	0	0	0	0	0	0	0	0	0	0	0	0	0	0	0	0	0	0	0	0	0	0	0	0	0	0	0	0	0	0	0	0	0	0	0	0	0	0	0	0	0	0	0	0	0	0	0	0	0	0	0	0	0	0	0	0	0	0	0	0	0	0	0	0	0	0	0	0	0	0	0	0	0	0	0	0	0	0	0	0	0	0	0	103	3	64	101	31	6	56	127	110	2	32	50	11	92	26	103	54	50	95	25	8	12	60	44	78	7	24	72	93	119	114	78	101	13	101	89	79	62	6	108	106	93	11
0	0	0	0	0	0	0	0	0	0	0	0	0	0	0	0	0	0	0	0	0	0	0	0	0	0	0	0	0	0	0	0	0	0	0	0	0	0	0	0	0	0	0	0	0	0	0	0	0	0	0	0	0	0	0	0	0	0	0	0	0	0	0	0	0	0	0	0	0	0	0	0	0	0	0	0	0	0	0	0	0	0	0	0	0	0	13	33	56	44	119	128	61	82	110	98	17	122	34	85	12	101	126	56	46	115	6	47	25	96	125	21	69	114	91	125	20	108	82	5	68	12	48	128	50	5	107	69
0	0	0	0	0	0	0	0	0	0	0	0	0	0	0	0	0	0	0	0	0	0	0	0	0	0	0	0	0	0	0	0	0	0	0	0	0	0	0	0	0	0	0	0	0	0	0	0	0	0	0	0	0	0	0	0	0	0	0	0	0	0	0	0	0	0	0	0	0	0	0	0	0	0	0	0	0	0	0	0	0	0	0	0	0	0	0	127	61	110	51	88	72	19	80	10	29	30	82	30	70	61	62	114	126	38	69	9	1	34	20	107	10	43	43	41	83	12	126	82	11	49	111	3	36	20	48	68
0	0	0	0	0	0	0	0	0	0	0	0	0	0	0	0	0	0	0	0	0	0	0	0	0	0	0	0	0	0	0	0	0	0	0	0	0	0	0	0	0	0	0	0	0	0	0	0	0	0	0	0	0	0	0	0	0	0	0	0	0	0	0	0	0	0	0	0	0	0	0	0	0	0	0	0	0	0	0	0	0	0	0	0	0	0	0	0	108	46	58	59	115	59	10	85	106	70	59	44	116	122	89	28	46	68	77	48	79	121	47	44	64	117	109	65	125	126	25	41	112	82	125	14	84	4	121	124
0	0	0	0	0	0	0	0	0	0	0	0	0	0	0	0	0	0	0	0	0	0	0	0	0	0	0	0	0	0	0	0	0	0	0	0	0	0	0	0	0	0	0	0	0	0	0	0	0	0	0	0	0	0	0	0	0	0	0	0	0	0	0	0	0	0	0	0	0	0	0	0	0	0	0	0	0	0	0	0	0	0	0	0	0	0	0	0	0	81	20	16	12	63	120	10	114	11	102	104	80	25	64	4	29	8	30	123	32	127	5	20	52	10	44	94	126	1	72	124	107	84	54	50	91	8	8	88
0	0	0	0	0	0	0	0	0	0	0	0	0	0	0	0	0	0	0	0	0	0	0	0	0	0	0	0	0	0	0	0	0	0	0	0	0	0	0	0	0	0	0	0	0	0	0	0	0	0	0	0	0	0	0	0	0	0	0	0	0	0	0	0	0	0	0	0	0	0	0	0	0	0	0	0	0	0	0	0	0	0	0	0	0	0	0	0	0	0	73	20	62	85	59	10	37	77	31	98	113	108	64	105	77	92	15	41	12	126	106	100	22	15	11	51	28	70	64	127	117	11	12	107	85	3	73	89
0	0	0	0	0	0	0	0	0	0	0	0	0	0	0	0	0	0	0	0	0	0	0	0	0	0	0	0	0	0	0	0	0	0	0	0	0	0	0	0	0	0	0	0	0	0	0	0	0	0	0	0	0	0	0	0	0	0	0	0	0	0	0	0	0	0	0	0	0	0	0	0	0	0	0	0	0	0	0	0	0	0	0	0	0	0	0	0	0	0	0	118	16	28	103	70	67	93	21	49	79	21	35	53	23	57	83	73	35	93	2	94	55	36	31	93	7	21	99	98	38	63	70	72	78	70	75	115
0	0	0	0	0	0	0	0	0	0	0	0	0	0	0	0	0	0	0	0	0	0	0	0	0	0	0	0	0	0	0	0	0	0	0	0	0	0	0	0	0	0	0	0	0	0	0	0	0	0	0	0	0	0	0	0	0	0	0	0	0	0	0	0	0	0	0	0	0	0	0	0	0	0	0	0	0	0	0	0	0	0	0	0	0	0	0	0	0	0	0	0	27	78	125	79	34	40	102	53	106	4	118	9	68	109	21	113	89	122	68	31	84	6	17	82	107	62	120	63	65	90	35	101	42	16	94	113
0	0	0	0	0	0	0	0	0	0	0	0	0	0	0	0	0	0	0	0	0	0	0	0	0	0	0	0	0	0	0	0	0	0	0	0	0	0	0	0	0	0	0	0	0	0	0	0	0	0	0	0	0	0	0	0	0	0	0	0	0	0	0	0	0	0	0	0	0	0	0	0	0	0	0	0	0	0	0	0	0	0	0	0	0	0	0	0	0	0	0	0	0	12	82	82	48	36	62	71	103	5	76	99	102	62	60	113	70	101	45	72	50	48	60	93	46	13	111	30	64	91	30	23	49	110	112	59
0	0	0	0	0	0	0	0	0	0	0	0	0	0	0	0	0	0	0	0	0	0	0	0	0	0	0	0	0	0	0	0	0	0	0	0	0	0	0	0	0	0	0	0	0	0	0	0	0	0	0	0	0	0	0	0	0	0	0	0	0	0	0	0	0	0	0	0	0	0	0	0	0	0	0	0	0	0	0	0	0	0	0	0	0	0	0	0	0	0	0	0	0	0	39	108	63	74	21	37	8	11	112	75	48	113	5	87	37	97	69	73	110	47	56	45	32	22	118	90	54	6	92	90	11	75	40	10
0	0	0	0	0	0	0	0	0	0	0	0	0	0	0	0	0	0	0	0	0	0	0	0	0	0	0	0	0	0	0	0	0	0	0	0	0	0	0	0	0	0	0	0	0	0	0	0	0	0	0	0	0	0	0	0	0	0	0	0	0	0	0	0	0	0	0	0	0	0	0	0	0	0	0	0	0	0	0	0	0	0	0	0	0	0	0	0	0	0	0	0	0	0	0	40	56	89	58	42	36	54	98	85	88	86	51	109	97	119	83	117	115	93	18	29	1	19	65	84	50	112	30	88	43	26	104	9
0	0	0	0	0	0	0	0	0	0	0	0	0	0	0	0	0	0	0	0	0	0	0	0	0	0	0	0	0	0	0	0	0	0	0	0	0	0	0	0	0	0	0	0	0	0	0	0	0	0	0	0	0	0	0	0	0	0	0	0	0	0	0	0	0	0	0	0	0	0	0	0	0	0	0	0	0	0	0	0	0	0	0	0	0	0	0	0	0	0	0	0	0	0	0	0	23	16	85	119	92	77	12	51	50	6	110	67	125	80	109	26	122	115	77	13	111	36	122	108	98	76	116	118	45	29	26	64
0	0	0	0	0	0	0	0	0	0	0	0	0	0	0	0	0	0	0	0	0	0	0	0	0	0	0	0	0	0	0	0	0	0	0	0	0	0	0	0	0	0	0	0	0	0	0	0	0	0	0	0	0	0	0	0	0	0	0	0	0	0	0	0	0	0	0	0	0	0	0	0	0	0	0	0	0	0	0	0	0	0	0	0	0	0	0	0	0	0	0	0	0	0	0	0	0	7	14	87	1	125	108	70	104	97	95	20	66	91	88	58	105	57	128	51	96	55	18	97	53	93	80	58	21	73	20	19
0	0	0	0	0	0	0	0	0	0	0	0	0	0	0	0	0	0	0	0	0	0	0	0	0	0	0	0	0	0	0	0	0	0	0	0	0	0	0	0	0	0	0	0	0	0	0	0	0	0	0	0	0	0	0	0	0	0	0	0	0	0	0	0	0	0	0	0	0	0	0	0	0	0	0	0	0	0	0	0	0	0	0	0	0	0	0	0	0	0	0	0	0	0	0	0	0	0	5	10	30	34	72	71	112	67	82	71	56	23	119	122	103	70	81	10	52	57	45	91	93	77	57	18	34	42	45	5
0	0	0	0	0	0	0	0	0	0	0	0	0	0	0	0	0	0	0	0	0	0	0	0	0	0	0	0	0	0	0	0	0	0	0	0	0	0	0	0	0	0	0	0	0	0	0	0	0	0	0	0	0	0	0	0	0	0	0	0	0	0	0	0	0	0	0	0	0	0	0	0	0	0	0	0	0	0	0	0	0	0	0	0	0	0	0	0	0	0	0	0	0	0	0	0	0	0	0	39	90	39	1	128	19	35	85	26	56	82	122	12	10	107	88	77	17	1	66	81	72	93	9	55	42	22	99	48
0	0	0	0	0	0	0	0	0	0	0	0	0	0	0	0	0	0	0	0	0	0	0	0	0	0	0	0	0	0	0	0	0	0	0	0	0	0	0	0	0	0	0	0	0	0	0	0	0	0	0	0	0	0	0	0	0	0	0	0	0	0	0	0	0	0	0	0	0	0	0	0	0	0	0	0	0	0	0	0	0	0	0	0	0	0	0	0	0	0	0	0	0	0	0	0	0	0	0	0	82	49	111	101	14	121	16	6	92	23	100	58	10	101	69	30	99	78	61	27	104	28	105	69	22	118	95	10
0	0	0	0	0	0	0	0	0	0	0	0	0	0	0	0	0	0	0	0	0	0	0	0	0	0	0	0	0	0	0	0	0	0	0	0	0	0	0	0	0	0	0	0	0	0	0	0	0	0	0	0	0	0	0	0	0	0	0	0	0	0	0	0	0	0	0	0	0	0	0	0	0	0	0	0	0	0	0	0	0	0	0	0	0	0	0	0	0	0	0	0	0	0	0	0	0	0	0	0	0	89	35	120	82	3	61	38	42	62	68	80	77	45	121	47	26	62	32	106	29	24	54	103	45	46	19	49
0	0	0	0	0	0	0	0	0	0	0	0	0	0	0	0	0	0	0	0	0	0	0	0	0	0	0	0	0	0	0	0	0	0	0	0	0	0	0	0	0	0	0	0	0	0	0	0	0	0	0	0	0	0	0	0	0	0	0	0	0	0	0	0	0	0	0	0	0	0	0	0	0	0	0	0	0	0	0	0	0	0	0	0	0	0	0	0	0	0	0	0	0	0	0	0	0	0	0	0	0	0	109	112	82	62	80	50	112	59	103	89	11	39	47	62	55	48	86	126	99	5	111	124	46	49	49	58
0	0	0	0	0	0	0	0	0	0	0	0	0	0	0	0	0	0	0	0	0	0	0	0	0	0	0	0	0	0	0	0	0	0	0	0	0	0	0	0	0	0	0	0	0	0	0	0	0	0	0	0	0	0	0	0	0	0	0	0	0	0	0	0	0	0	0	0	0	0	0	0	0	0	0	0	0	0	0	0	0	0	0	0	0	0	0	0	0	0	0	0	0	0	0	0	0	0	0	0	0	0	0	110	79	123	63	115	9	115	15	74	13	93	120	71	12	107	28	84	65	36	24	22	90	100	86	17
0	0	0	0	0	0	0	0	0	0	0	0	0	0	0	0	0	0	0	0	0	0	0	0	0	0	0	0	0	0	0	0	0	0	0	0	0	0	0	0	0	0	0	0	0	0	0	0	0	0	0	0	0	0	0	0	0	0	0	0	0	0	0	0	0	0	0	0	0	0	0	0	0	0	0	0	0	0	0	0	0	0	0	0	0	0	0	0	0	0	0	0	0	0	0	0	0	0	0	0	0	0	0	0	15	17	113	23	16	123	51	110	123	32	68	111	37	47	82	1	19	71	61	125	115	84	14	76
0	0	0	0	0	0	0	0	0	0	0	0	0	0	0	0	0	0	0	0	0	0	0	0	0	0	0	0	0	0	0	0	0	0	0	0	0	0	0	0	0	0	0	0	0	0	0	0	0	0	0	0	0	0	0	0	0	0	0	0	0	0	0	0	0	0	0	0	0	0	0	0	0	0	0	0	0	0	0	0	0	0	0	0	0	0	0	0	0	0	0	0	0	0	0	0	0	0	0	0	0	0	0	0	0	3	85	74	75	112	100	106	31	43	26	89	4	125	39	90	91	67	41	36	121	1	126	54
0	0	0	0	0	0	0	0	0	0	0	0	0	0	0	0	0	0	0	0	0	0	0	0	0	0	0	0	0	0	0	0	0	0	0	0	0	0	0	0	0	0	0	0	0	0	0	0	0	0	0	0	0	0	0	0	0	0	0	0	0	0	0	0	0	0	0	0	0	0	0	0	0	0	0	0	0	0	0	0	0	0	0	0	0	0	0	0	0	0	0	0	0	0	0	0	0	0	0	0	0	0	0	0	0	0	27	103	56	14	13	111	3	11	89	106	19	77	127	42	4	14	77	37	89	84	32	103
0	0	0	0	0	0	0	0	0	0	0	0	0	0	0	0	0	0	0	0	0	0	0	0	0	0	0	0	0	0	0	0	0	0	0	0	0	0	0	0	0	0	0	0	0	0	0	0	0	0	0	0	0	0	0	0	0	0	0	0	0	0	0	0	0	0	0	0	0	0	0	0	0	0	0	0	0	0	0	0	0	0	0	0	0	0	0	0	0	0	0	0	0	0	0	0	0	0	0	0	0	0	0	0	0	0	0	76	56	109	14	13	60	61	121	120	70	102	60	44	118	17	69	32	41	48	49	116
0	0	0	0	0	0	0	0	0	0	0	0	0	0	0	0	0	0	0	0	0	0	0	0	0	0	0	0	0	0	0	0	0	0	0	0	0	0	0	0	0	0	0	0	0	0	0	0	0	0	0	0	0	0	0	0	0	0	0	0	0	0	0	0	0	0	0	0	0	0	0	0	0	0	0	0	0	0	0	0	0	0	0	0	0	0	0	0	0	0	0	0	0	0	0	0	0	0	0	0	0	0	0	0	0	0	0	0	72	43	99	21	26	78	75	30	51	53	83	64	103	78	120	118	53	123	35	45
0	0	0	0	0	0	0	0	0	0	0	0	0	0	0	0	0	0	0	0	0	0	0	0	0	0	0	0	0	0	0	0	0	0	0	0	0	0	0	0	0	0	0	0	0	0	0	0	0	0	0	0	0	0	0	0	0	0	0	0	0	0	0	0	0	0	0	0	0	0	0	0	0	0	0	0	0	0	0	0	0	0	0	0	0	0	0	0	0	0	0	0	0	0	0	0	0	0	0	0	0	0	0	0	0	0	0	0	0	66	61	71	103	62	52	73	97	15	22	82	44	26	102	110	18	16	125	81
0	0	0	0	0	0	0	0	0	0	0	0	0	0	0	0	0	0	0	0	0	0	0	0	0	0	0	0	0	0	0	0	0	0	0	0	0	0	0	0	0	0	0	0	0	0	0	0	0	0	0	0	0	0	0	0	0	0	0	0	0	0	0	0	0	0	0	0	0	0	0	0	0	0	0	0	0	0	0	0	0	0	0	0	0	0	0	0	0	0	0	0	0	0	0	0	0	0	0	0	0	0	0	0	0	0	0	0	0	0	51	33	65	95	127	10	49	76	15	8	41	120	92	71	19	46	108	125
0	0	0	0	0	0	0	0	0	0	0	0	0	0	0	0	0	0	0	0	0	0	0	0	0	0	0	0	0	0	0	0	0	0	0	0	0	0	0	0	0	0	0	0	0	0	0	0	0	0	0	0	0	0	0	0	0	0	0	0	0	0	0	0	0	0	0	0	0	0	0	0	0	0	0	0	0	0	0	0	0	0	0	0	0	0	0	0	0	0	0	0	0	0	0	0	0	0	0	0	0	0	0	0	0	0	0	0	0	0	0	68	40	3	101	84	62	72	126	15	69	75	126	21	5	115	81	118
0	0	0	0	0	0	0	0	0	0	0	0	0	0	0	0	0	0	0	0	0	0	0	0	0	0	0	0	0	0	0	0	0	0	0	0	0	0	0	0	0	0	0	0	0	0	0	0	0	0	0	0	0	0	0	0	0	0	0	0	0	0	0	0	0	0	0	0	0	0	0	0	0	0	0	0	0	0	0	0	0	0	0	0	0	0	0	0	0	0	0	0	0	0	0	0	0	0	0	0	0	0	0	0	0	0	0	0	0	0	0	0	39	94	66	113	57	1	81	8	102	126	110	23	5	47	103	35
0	0	0	0	0	0	0	0	0	0	0	0	0	0	0	0	0	0	0	0	0	0	0	0	0	0	0	0	0	0	0	0	0	0	0	0	0	0	0	0	0	0	0	0	0	0	0	0	0	0	0	0	0	0	0	0	0	0	0	0	0	0	0	0	0	0	0	0	0	0	0	0	0	0	0	0	0	0	0	0	0	0	0	0	0	0	0	0	0	0	0	0	0	0	0	0	0	0	0	0	0	0	0	0	0	0	0	0	0	0	0	0	0	118	34	109	9	43	66	52	35	8	8	22	116	12	41	42
0	0	0	0	0	0	0	0	0	0	0	0	0	0	0	0	0	0	0	0	0	0	0	0	0	0	0	0	0	0	0	0	0	0	0	0	0	0	0	0	0	0	0	0	0	0	0	0	0	0	0	0	0	0	0	0	0	0	0	0	0	0	0	0	0	0	0	0	0	0	0	0	0	0	0	0	0	0	0	0	0	0	0	0	0	0	0	0	0	0	0	0	0	0	0	0	0	0	0	0	0	0	0	0	0	0	0	0	0	0	0	0	0	0	93	29	73	110	68	73	22	20	58	40	49	52	66	38
0	0	0	0	0	0	0	0	0	0	0	0	0	0	0	0	0	0	0	0	0	0	0	0	0	0	0	0	0	0	0	0	0	0	0	0	0	0	0	0	0	0	0	0	0	0	0	0	0	0	0	0	0	0	0	0	0	0	0	0	0	0	0	0	0	0	0	0	0	0	0	0	0	0	0	0	0	0	0	0	0	0	0	0	0	0	0	0	0	0	0	0	0	0	0	0	0	0	0	0	0	0	0	0	0	0	0	0	0	0	0	0	0	0	0	44	59	63	103	38	28	111	117	49	51	122	61	28
0	0	0	0	0	0	0	0	0	0	0	0	0	0	0	0	0	0	0	0	0	0	0	0	0	0	0	0	0	0	0	0	0	0	0	0	0	0	0	0	0	0	0	0	0	0	0	0	0	0	0	0	0	0	0	0	0	0	0	0	0	0	0	0	0	0	0	0	0	0	0	0	0	0	0	0	0	0	0	0	0	0	0	0	0	0	0	0	0	0	0	0	0	0	0	0	0	0	0	0	0	0	0	0	0	0	0	0	0	0	0	0	0	0	0	0	18	71	82	36	80	120	78	125	19	109	46	73
0	0	0	0	0	0	0	0	0	0	0	0	0	0	0	0	0	0	0	0	0	0	0	0	0	0	0	0	0	0	0	0	0	0	0	0	0	0	0	0	0	0	0	0	0	0	0	0	0	0	0	0	0	0	0	0	0	0	0	0	0	0	0	0	0	0	0	0	0	0	0	0	0	0	0	0	0	0	0	0	0	0	0	0	0	0	0	0	0	0	0	0	0	0	0	0	0	0	0	0	0	0	0	0	0	0	0	0	0	0	0	0	0	0	0	0	0	110	73	104	41	123	99	122	73	59	55	29
0	0	0	0	0	0	0	0	0	0	0	0	0	0	0	0	0	0	0	0	0	0	0	0	0	0	0	0	0	0	0	0	0	0	0	0	0	0	0	0	0	0	0	0	0	0	0	0	0	0	0	0	0	0	0	0	0	0	0	0	0	0	0	0	0	0	0	0	0	0	0	0	0	0	0	0	0	0	0	0	0	0	0	0	0	0	0	0	0	0	0	0	0	0	0	0	0	0	0	0	0	0	0	0	0	0	0	0	0	0	0	0	0	0	0	0	0	0	67	87	112	79	117	6	104	24	56	58
0	0	0	0	0	0	0	0	0	0	0	0	0	0	0	0	0	0	0	0	0	0	0	0	0	0	0	0	0	0	0	0	0	0	0	0	0	0	0	0	0	0	0	0	0	0	0	0	0	0	0	0	0	0	0	0	0	0	0	0	0	0	0	0	0	0	0	0	0	0	0	0	0	0	0	0	0	0	0	0	0	0	0	0	0	0	0	0	0	0	0	0	0	0	0	0	0	0	0	0	0	0	0	0	0	0	0	0	0	0	0	0	0	0	0	0	0	0	0	5	64	44	79	15	99	26	55	57
0	0	0	0	0	0	0	0	0	0	0	0	0	0	0	0	0	0	0	0	0	0	0	0	0	0	0	0	0	0	0	0	0	0	0	0	0	0	0	0	0	0	0	0	0	0	0	0	0	0	0	0	0	0	0	0	0	0	0	0	0	0	0	0	0	0	0	0	0	0	0	0	0	0	0	0	0	0	0	0	0	0	0	0	0	0	0	0	0	0	0	0	0	0	0	0	0	0	0	0	0	0	0	0	0	0	0	0	0	0	0	0	0	0	0	0	0	0	0	0	17	75	76	105	83	82	83	106
0	0	0	0	0	0	0	0	0	0	0	0	0	0	0	0	0	0	0	0	0	0	0	0	0	0	0	0	0	0	0	0	0	0	0	0	0	0	0	0	0	0	0	0	0	0	0	0	0	0	0	0	0	0	0	0	0	0	0	0	0	0	0	0	0	0	0	0	0	0	0	0	0	0	0	0	0	0	0	0	0	0	0	0	0	0	0	0	0	0	0	0	0	0	0	0	0	0	0	0	0	0	0	0	0	0	0	0	0	0	0	0	0	0	0	0	0	0	0	0	0	92	30	49	77	70	57	17
0	0	0	0	0	0	0	0	0	0	0	0	0	0	0	0	0	0	0	0	0	0	0	0	0	0	0	0	0	0	0	0	0	0	0	0	0	0	0	0	0	0	0	0	0	0	0	0	0	0	0	0	0	0	0	0	0	0	0	0	0	0	0	0	0	0	0	0	0	0	0	0	0	0	0	0	0	0	0	0	0	0	0	0	0	0	0	0	0	0	0	0	0	0	0	0	0	0	0	0	0	0	0	0	0	0	0	0	0	0	0	0	0	0	0	0	0	0	0	0	0	0	45	90	25	118	85	14
0	0	0	0	0	0	0	0	0	0	0	0	0	0	0	0	0	0	0	0	0	0	0	0	0	0	0	0	0	0	0	0	0	0	0	0	0	0	0	0	0	0	0	0	0	0	0	0	0	0	0	0	0	0	0	0	0	0	0	0	0	0	0	0	0	0	0	0	0	0	0	0	0	0	0	0	0	0	0	0	0	0	0	0	0	0	0	0	0	0	0	0	0	0	0	0	0	0	0	0	0	0	0	0	0	0	0	0	0	0	0	0	0	0	0	0	0	0	0	0	0	0	0	93	78	51	80	70
0	0	0	0	0	0	0	0	0	0	0	0	0	0	0	0	0	0	0	0	0	0	0	0	0	0	0	0	0	0	0	0	0	0	0	0	0	0	0	0	0	0	0	0	0	0	0	0	0	0	0	0	0	0	0	0	0	0	0	0	0	0	0	0	0	0	0	0	0	0	0	0	0	0	0	0	0	0	0	0	0	0	0	0	0	0	0	0	0	0	0	0	0	0	0	0	0	0	0	0	0	0	0	0	0	0	0	0	0	0	0	0	0	0	0	0	0	0	0	0	0	0	0	0	85	65	67	54
0	0	0	0	0	0	0	0	0	0	0	0	0	0	0	0	0	0	0	0	0	0	0	0	0	0	0	0	0	0	0	0	0	0	0	0	0	0	0	0	0	0	0	0	0	0	0	0	0	0	0	0	0	0	0	0	0	0	0	0	0	0	0	0	0	0	0	0	0	0	0	0	0	0	0	0	0	0	0	0	0	0	0	0	0	0	0	0	0	0	0	0	0	0	0	0	0	0	0	0	0	0	0	0	0	0	0	0	0	0	0	0	0	0	0	0	0	0	0	0	0	0	0	0	0	99	3	2
0	0	0	0	0	0	0	0	0	0	0	0	0	0	0	0	0	0	0	0	0	0	0	0	0	0	0	0	0	0	0	0	0	0	0	0	0	0	0	0	0	0	0	0	0	0	0	0	0	0	0	0	0	0	0	0	0	0	0	0	0	0	0	0	0	0	0	0	0	0	0	0	0	0	0	0	0	0	0	0	0	0	0	0	0	0	0	0	0	0	0	0	0	0	0	0	0	0	0	0	0	0	0	0	0	0	0	0	0	0	0	0	0	0	0	0	0	0	0	0	0	0	0	0	0	0	57	98
0	0	0	0	0	0	0	0	0	0	0	0	0	0	0	0	0	0	0	0	0	0	0	0	0	0	0	0	0	0	0	0	0	0	0	0	0	0	0	0	0	0	0	0	0	0	0	0	0	0	0	0	0	0	0	0	0	0	0	0	0	0	0	0	0	0	0	0	0	0	0	0	0	0	0	0	0	0	0	0	0	0	0	0	0	0	0	0	0	0	0	0	0	0	0	0	0	0	0	0	0	0	0	0	0	0	0	0	0	0	0	0	0	0	0	0	0	0	0	0	0	0	0	0	0	0	0	84
0	0	0	0	0	0	0	0	0	0	0	0	0	0	0	0	0	0	0	0	0	0	0	0	0	0	0	0	0	0	0	0	0	0	0	0	0	0	0	0	0	0	0	0	0	0	0	0	0	0	0	0	0	0	0	0	0	0	0	0	0	0	0	0	0	0	0	0	0	0	0	0	0	0	0	0	0	0	0	0	0	0	0	0	0	0	0	0	0	0	0	0	0	0	0	0	0	0	0	0	0	0	0	0	0	0	0	0	0	0	0	0	0	0	0	0	0	0	0	0	0	0	0	0	0	0	0	0