0	31	23	110	113	71	17	60	100	104	23	77	41	113	61	59	37	116	80	117	78	84	86	81	58	101	9	114	116	69	20	38	96	81	51	121	51	97	87	9	6	117	54	102	20	15	36	53	19	40	95	91	27	22	31	71	118	68	101	26	30	71	83	125	86	67	109	14	97	59	39	49	31	28	87	75	46	84	76	58	19	35	94	102	122	14	28	12	13	101	87	19	109	32	22	105	116	100	39	80	99	19	13	127	117	33	116	8	96	101	89	68	83	50	49	48	44	40	107	106	21	17	13	44	44	56	80	72
0	0	106	13	79	11	78	105	88	43	68	64	108	63	76	19	47	53	95	46	127	85	38	48	6	71	99	21	82	18	27	124	103	54	73	115	50	77	59	60	121	56	66	107	26	119	29	36	11	98	40	111	16	10	95	116	96	119	27	74	105	36	126	47	4	124	60	49	119	57	24	108	14	54	99	10	107	13	110	97	125	34	104	74	92	117	4	106	83	50	97	71	94	18	48	36	51	5	55	41	92	50	86	42	67	59	57	96	114	49	24	77	126	112	23	31	101	119	114	17	4	10	91	42	50	13	81	59
0	0	0	94	45	22	37	36	48	51	109	18	65	103	82	36	82	121	85	27	81	71	65	15	104	90	80	79	41	24	18	110	45	40	5	88	94	83	3	100	50	95	22	44	67	121	36	121	45	128	23	11	17	72	56	111	44	16	88	58	117	59	122	64	92	73	77	123	15	36	80	53	117	83	104	66	25	77	92	96	101	68	112	124	19	108	100	100	19	124	28	80	72	81	17	57	97	69	63	80	33	20	70	7	72	44	78	21	14	13	33	8	77	22	4	83	79	36	36	13	5	19	14	87	38	45	4	44
0	0	0	0	33	91	64	92	56	19	103	30	83	20	91	28	15	109	45	33	102	41	82	7	74	112	39	88	18	27	13	78	119	2	113	36	95	16	72	30	79	5	53	38	119	120	29	8	102	9	101	96	111	26	92	71	91	98	2	26	94	95	54	90	116	49	125	22	27	17	38	110	20	122	52	111	93	50	67	27	19	33	83	39	50	81	114	74	115	14	37	117	89	6	87	5	73	13	99	7	43	84	64	15	90	72	70	46	2	99	124	98	18	123	1	68	11	50	108	95	74	117	7	47	24	70	31	34
0	0	0	0	0	70	75	52	73	16	83	53	123	76	26	118	60	65	78	45	111	25	1	72	116	54	14	78	11	125	26	20	121	86	21	81	37	57	81	3	20	93	54	79	4	114	103	56	4	46	81	66	126	38	123	109	96	100	52	70	89	45	121	27	13	1	92	67	21	5	13	53	78	120	96	84	26	127	10	108	46	62	128	105	63	41	45	1	21	25	38	105	95	117	119	5	112	62	125	76	3	1	81	111	71	119	14	10	126	28	68	6	117	69	16	80	26	10	112	43	109	71	57	16	23	13	75	27
0	0	0	0	0	0	78	98	109	72	58	45	108	61	46	118	89	11	29	45	112	74	72	82	26	41	25	69	118	75	62	124	90	79	31	47	31	112	85	39	26	20	96	1	43	54	63	60	66	4	67	21	96	66	58	75	58	48	81	27	95	127	19	121	120	75	91	8	98	117	92	58	71	61	46	56	112	33	49	52	30	36	106	86	68	4	76	14	89	59	106	83	38	117	80	20	128	4	8	93	65	109	9	25	81	19	11	81	46	108	118	106	92	58	15	97	73	88	9	127	41	87	41	81	106	73	13	100
0	0	0	0	0	0	0	119	26	11	29	89	122	84	35	31	24	90	123	83	70	92	24	31	10	72	4	54	43	107	54	40	8	110	15	79	118	105	125	102	8	1	12	12	32	88	118	47	17	20	90	17	1	44	69	81	55	53	120	113	23	102	99	43	53	102	54	51	55	84	76	13	17	12	66	35	126	46	40	26	59	88	3	45	52	119	105	40	117	116	118	51	66	12	106	67	99	72	39	72	53	89	61	57	97	79	112	121	10	59	101	91	15	122	69	43	116	121	71	10	60	68	8	88	5	59	128	68
0	0	0	0	0	0	0	0	16	128	71	51	46	21	113	104	121	121	30	121	125	77	126	104	124	83	119	53	34	38	22	17	25	17	71	105	29	15	93	100	117	58	72	9	122	8	111	81	95	120	97	121	76	51	108	22	5	98	109	47	96	120	53	11	39	58	61	87	118	16	24	94	93	81	81	21	39	75	96	81	82	11	82	58	112	102	80	53	94	4	41	116	90	70	19	15	45	53	103	70	69	80	12	80	122	124	94	70	58	121	113	1	119	10	119	87	108	104	83	76	59	84	103	124	100	105	32	32
0	0	0	0	0	0	0	0	0	81	119	61	60	82	115	97	54	126	53	118	75	118	96	122	75	88	100	103	117	26	30	93	33	79	16	40	87	1	41	121	100	31	56	128	27	72	70	50	33	108	124	106	91	91	122	60	17	107	37	101	78	37	87	91	106	119	1	67	115	16	26	68	11	41	42	112	38	89	117	69	13	76	70	86	89	34	16	37	12	100	64	26	78	38	127	79	33	28	126	16	28	117	16	34	92	91	121	92	87	23	6	62	48	60	87	117	67	36	32	80	50	73	23	118	52	68	48	91
0	0	0	0	0	0	0	0	0	0	36	110	100	1	7	118	103	1	115	40	114	21	118	102	120	75	38	55	125	90	87	18	30	32	127	126	74	60	21	122	119	65	56	27	88	2	87	125	8	51	11	12	54	53	75	101	122	21	103	25	83	124	14	8	24	90	94	10	13	25	47	46	50	66	15	121	11	109	23	117	102	14	37	21	20	66	81	84	55	118	52	78	13	109	63	121	43	46	124	127	17	101	125	128	114	12	75	77	97	16	50	60	96	71	10	48	70	80	23	7	43	101	106	122	73	70	10	124
0	0	0	0	0	0	0	0	0	0	0	45	62	53	68	109	81	122	69	127	78	54	26	37	34	103	17	15	67	34	16	16	96	59	64	10	106	81	102	110	30	10	57	34	30	40	81	104	49	5	13	88	126	4	5	116	23	33	78	110	44	46	105	117	120	97	58	58	69	88	88	55	26	62	119	107	18	37	47	110	39	18	26	7	82	25	74	101	127	27	25	80	30	95	84	33	98	111	29	28	81	107	87	45	119	72	104	80	13	93	115	38	121	65	49	60	108	67	42	75	21	89	62	74	80	122	69	96
0	0	0	0	0	0	0	0	0	0	0	0	25	106	105	92	97	16	40	32	7	125	79	40	59	110	12	124	110	48	46	114	126	10	35	63	29	55	111	50	105	99	128	108	44	110	75	49	57	4	2	7	112	85	82	107	44	79	14	128	50	53	62	65	16	123	71	113	38	71	83	113	114	60	104	110	18	97	53	120	72	107	87	89	124	64	118	19	123	114	83	71	28	67	66	102	56	105	104	69	70	127	89	7	98	70	81	74	37	60	61	54	6	88	87	30	74	76	3	59	116	15	18	28	48	80	25	112
0	0	0	0	0	0	0	0	0	0	0	0	0	50	125	24	108	57	74	38	76	95	75	87	126	25	44	65	91	79	87	8	60	25	119	15	27	128	111	24	3	71	67	40	115	4	101	56	74	39	101	123	50	70	26	50	4	69	102	55	2	20	72	27	56	121	65	73	55	97	72	39	72	99	39	74	35	10	36	59	74	54	3	48	31	3	43	93	43	100	18	68	26	39	91	79	124	103	27	64	75	127	115	55	23	111	91	104	45	15	101	36	72	41	41	33	38	24	28	53	24	2	114	46	34	1	102	18
0	0	0	0	0	0	0	0	0	0	0	0	0	0	11	33	17	68	88	99	29	118	13	112	42	42	84	122	95	104	89	114	104	63	77	18	127	121	117	25	75	19	34	95	42	117	59	113	122	17	16	44	48	80	51	125	111	54	76	52	94	63	7	25	34	85	108	16	36	61	91	101	81	90	61	124	122	15	35	115	68	23	109	111	91	35	89	4	56	35	99	15	34	101	99	11	103	44	4	97	23	47	11	39	110	37	102	67	128	109	105	112	6	32	33	16	121	62	79	68	15	25	89	22	108	112	106	73
0	0	0	0	0	0	0	0	0	0	0	0	0	0	0	35	49	34	62	24	102	8	81	109	57	16	48	88	44	14	51	85	112	121	108	84	34	96	3	127	11	43	3	28	21	64	100	76	106	128	47	72	101	6	74	59	123	53	77	104	13	91	50	79	73	6	33	93	119	101	93	49	120	107	18	29	107	17	127	68	17	121	69	67	97	18	104	95	55	45	116	121	23	72	78	57	117	65	66	84	44	24	74	122	6	120	88	85	58	116	47	80	99	11	36	44	83	55	64	102	82	42	8	120	87	21	121	61
0	0	0	0	0	0	0	0	0	0	0	0	0	0	0	0	57	93	27	53	40	109	59	4	126	11	83	123	15	72	95	65	36	16	102	90	26	102	69	75	5	93	103	128	11	46	93	76	101	3	111	126	100	92	56	93	126	39	93	107	24	105	103	66	116	87	103	110	33	18	32	61	7	55	49	128	124	33	97	67	23	128	48	26	124	80	104	73	48	6	14	94	87	84	116	35	73	94	82	110	104	114	110	22	37	22	57	12	8	15	1	24	108	54	105	60	75	34	125	108	48	26	99	8	17	94	100	45
0	0	0	0	0	0	0	0	0	0	0	0	0	0	0	0	0	12	64	89	90	14	58	74	8	9	51	119	110	9	55	74	68	99	126	104	115	20	25	120	30	7	116	16	77	53	104	128	86	7	93	109	82	59	83	118	13	96	90	58	81	15	18	51	17	48	18	35	14	119	5	33	25	12	39	81	13	7	54	111	5	80	99	76	99	5	112	103	22	98	62	102	63	39	29	112	52	51	68	8	44	9	67	53	89	33	84	70	20	13	75	73	111	61	119	13	34	57	119	28	8	96	49	96	115	77	16	99
0	0	0	0	0	0	0	0	0	0	0	0	0	0	0	0	0	0	80	94	81	21	11	2	14	6	97	48	105	70	33	5	10	62	83	35	52	50	106	22	115	62	117	84	1	53	59	122	101	115	21	126	54	56	50	38	17	105	126	68	37	39	60	125	25	94	58	20	79	97	112	93	62	71	31	117	125	76	89	24	123	75	109	7	114	56	29	119	44	33	74	65	122	80	47	31	69	66	72	67	112	77	1	37	21	66	59	25	67	65	10	83	105	117	37	60	90	21	123	39	82	79	115	51	86	114	126	36
0	0	0	0	0	0	0	0	0	0	0	0	0	0	0	0	0	0	0	30	49	14	120	64	54	25	90	3	76	116	62	29	78	5	20	106	52	72	79	125	30	65	127	44	75	56	3	93	107	46	75	121	94	2	82	30	36	90	62	100	127	59	111	68	126	116	7	125	126	33	5	23	49	120	9	108	42	111	120	65	18	36	3	124	24	108	124	65	31	5	5	18	48	67	1	121	43	91	18	73	85	86	44	44	72	20	112	19	97	80	55	1	5	103	83	104	43	110	34	55	80	78	73	63	76	39	127	67
0	0	0	0	0	0	0	0	0	0	0	0	0	0	0	0	0	0	0	0	35	106	53	69	107	96	46	6	89	128	94	81	82	50	116	78	2	35	25	84	57	63	111	11	35	112	14	47	14	33	32	34	108	8	91	105	102	98	81	35	96	39	11	97	56	116	34	33	83	45	78	66	127	14	89	101	87	7	11	31	60	24	54	62	119	63	71	56	28	105	112	109	39	7	64	48	57	101	114	80	101	10	80	44	29	12	117	47	42	89	34	72	123	101	74	124	50	5	96	57	81	99	37	89	66	61	58	92
0	0	0	0	0	0	0	0	0	0	0	0	0	0	0	0	0	0	0	0	0	41	39	62	88	77	52	35	118	104	83	113	92	128	62	45	121	8	54	117	33	19	125	42	45	41	43	21	69	11	56	128	68	38	20	50	64	8	47	33	88	25	91	118	73	57	102	67	27	98	122	126	91	68	38	5	98	86	111	103	37	79	35	101	94	28	7	97	18	69	97	72	113	73	7	66	11	39	54	111	126	20	65	106	115	122	1	9	54	4	58	82	96	22	35	37	28	115	59	113	61	94	64	63	68	46	10	96
0	0	0	0	0	0	0	0	0	0	0	0	0	0	0	0	0	0	0	0	0	0	80	6	6	22	54	39	66	53	21	116	104	118	117	93	19	31	78	6	98	10	57	6	44	125	117	81	110	106	101	107	65	59	16	24	68	126	115	73	76	90	14	59	59	109	47	83	18	14	64	56	3	51	67	78	95	31	123	17	11	89	122	107	30	96	48	76	40	108	90	47	53	96	115	84	65	58	4	5	123	97	54	44	122	44	26	85	74	108	45	91	28	107	89	27	69	18	5	59	38	70	104	116	64	41	125	105
0	0	0	0	0	0	0	0	0	0	0	0	0	0	0	0	0	0	0	0	0	0	0	97	36	73	24	21	82	123	100	58	12	35	78	8	94	1	19	113	63	112	53	85	11	82	102	113	53	15	54	88	122	39	108	64	67	64	83	8	4	118	1	31	116	45	112	113	28	40	76	65	108	52	120	69	101	62	89	82	120	66	80	60	15	112	15	109	5	79	15	72	30	8	77	95	30	5	116	107	97	74	126	35	53	62	48	78	104	107	22	123	24	86	102	111	55	81	97	107	106	5	1	58	40	115	123	36
0	0	0	0	0	0	0	0	0	0	0	0	0	0	0	0	0	0	0	0	0	0	0	0	95	29	21	127	80	103	78	24	100	49	43	17	128	30	8	107	42	63	85	69	66	36	41	83	76	58	29	75	85	39	30	11	52	50	59	104	1	36	54	121	113	56	15	56	50	123	113	12	60	41	43	50	101	36	41	115	40	68	67	119	46	17	69	51	51	116	52	45	49	3	42	116	52	120	61	101	52	15	86	31	90	88	54	67	41	125	51	93	104	78	103	68	100	45	74	6	116	84	56	107	110	39	34	113
0	0	0	0	0	0	0	0	0	0	0	0	0	0	0	0	0	0	0	0	0	0	0	0	0	52	119	15	29	116	68	62	28	9	84	7	92	55	9	106	20	54	5	7	3	93	111	42	23	117	55	2	121	113	116	59	22	39	8	69	94	23	21	118	52	21	63	123	63	17	114	37	61	96	36	52	29	49	118	124	10	31	41	122	120	89	120	70	31	6	123	84	7	100	63	7	52	74	99	85	126	66	82	32	15	86	69	13	119	127	71	83	29	104	126	6	78	73	9	45	73	44	35	19	119	49	115	20
0	0	0	0	0	0	0	0	0	0	0	0	0	0	0	0	0	0	0	0	0	0	0	0	0	0	86	5	89	8	38	57	14	13	49	9	21	104	6	123	18	15	121	31	122	109	19	74	128	10	36	111	21	3	66	3	31	92	119	120	91	122	113	2	6	128	8	97	48	119	64	56	69	15	70	6	4	38	74	127	73	92	100	113	32	110	97	79	65	74	96	118	74	79	17	92	106	92	57	89	65	37	86	122	89	64	25	10	94	97	51	106	94	117	84	75	31	32	118	10	42	10	13	47	70	38	65	8
0	0	0	0	0	0	0	0	0	0	0	0	0	0	0	0	0	0	0	0	0	0	0	0	0	0	0	99	90	10	37	94	41	105	22	18	65	50	22	60	69	15	77	111	89	113	77	126	40	15	120	17	7	10	92	9	40	51	9	36	112	101	44	100	85	68	71	71	61	49	18	112	38	62	50	42	57	116	21	54	109	16	88	49	100	86	28	104	112	48	47	46	63	46	64	53	5	15	14	95	92	110	32	115	110	110	125	84	74	125	64	92	42	119	61	92	122	54	48	103	85	62	128	96	3	28	94	115
0	0	0	0	0	0	0	0	0	0	0	0	0	0	0	0	0	0	0	0	0	0	0	0	0	0	0	0	116	77	94	123	26	74	24	115	102	2	62	51	16	106	116	72	118	65	127	47	14	122	51	25	111	102	2	74	109	56	70	88	56	41	87	13	7	113	26	61	8	119	118	99	16	50	13	44	81	32	85	68	99	82	64	29	24	90	51	82	86	116	67	93	1	126	99	9	66	90	78	66	127	86	38	10	106	80	46	1	92	84	76	97	16	115	55	42	104	27	77	106	37	37	91	28	16	59	84	25
0	0	0	0	0	0	0	0	0	0	0	0	0	0	0	0	0	0	0	0	0	0	0	0	0	0	0	0	0	104	128	69	61	24	1	97	114	7	112	66	10	90	59	4	56	103	12	26	2	86	79	39	6	7	17	74	90	105	15	4	1	72	10	123	17	54	4	57	67	59	72	2	101	6	1	107	108	113	53	35	55	8	72	26	50	71	26	95	119	51	9	9	74	18	29	21	27	98	104	110	44	58	86	50	5	77	82	67	62	55	79	37	106	60	87	2	87	107	96	74	110	48	26	51	127	23	1	93
0	0	0	0	0	0	0	0	0	0	0	0	0	0	0	0	0	0	0	0	0	0	0	0	0	0	0	0	0	0	30	27	48	72	89	119	3	102	56	75	1	121	99	102	117	14	16	30	42	25	73	47	41	100	81	57	32	49	57	122	85	82	61	49	80	64	21	46	48	109	83	68	57	126	126	20	56	40	48	87	65	2	57	100	118	37	89	53	92	29	46	31	57	52	111	119	26	83	29	58	94	32	85	26	85	13	22	30	102	17	124	44	13	35	48	47	51	41	100	9	125	84	63	56	3	43	1	25
0	0	0	0	0	0	0	0	0	0	0	0	0	0	0	0	0	0	0	0	0	0	0	0	0	0	0	0	0	0	0	52	110	51	109	15	33	28	31	11	38	111	120	104	115	96	29	86	4	70	45	51	93	37	79	97	125	115	13	53	123	97	70	35	66	71	4	35	84	44	80	28	6	96	68	4	54	72	76	53	112	42	64	32	93	28	104	73	114	62	126	83	51	7	24	80	122	25	12	67	113	58	15	108	52	71	103	11	90	104	126	15	72	86	55	82	124	83	85	81	22	3	104	1	97	32	46	45
0	0	0	0	0	0	0	0	0	0	0	0	0	0	0	0	0	0	0	0	0	0	0	0	0	0	0	0	0	0	0	0	56	45	25	24	24	46	66	100	92	126	56	99	40	82	5	52	95	10	19	104	35	41	64	75	20	42	65	5	12	23	91	8	86	105	60	18	74	77	101	83	74	123	57	44	123	55	70	101	11	59	38	55	51	86	23	86	35	83	10	33	99	92	6	74	28	40	47	100	23	110	17	49	97	17	119	86	25	69	98	38	95	5	16	20	69	124	61	41	108	10	69	101	25	128	102	10
0	0	0	0	0	0	0	0	0	0	0	0	0	0	0	0	0	0	0	0	0	0	0	0	0	0	0	0	0	0	0	0	0	45	107	97	116	1	63	7	25	1	107	110	54	12	98	65	33	41	22	52	29	72	38	102	73	16	125	37	111	77	117	119	78	68	118	54	56	50	110	25	124	28	29	38	28	28	69	128	104	13	58	6	47	89	79	65	48	10	20	91	67	112	8	68	121	32	38	87	48	66	38	57	55	99	68	75	30	127	38	35	49	70	62	126	90	98	91	3	16	66	57	90	63	40	99	112
0	0	0	0	0	0	0	0	0	0	0	0	0	0	0	0	0	0	0	0	0	0	0	0	0	0	0	0	0	0	0	0	0	0	27	18	38	24	128	60	50	127	85	3	110	82	52	56	74	40	96	93	47	42	117	56	69	6	83	53	48	77	55	116	9	95	27	97	12	78	88	28	97	18	7	90	86	14	11	78	65	44	125	114	80	12	110	98	18	71	126	2	6	54	50	60	122	8	50	82	45	58	31	48	9	29	78	83	45	110	7	47	6	12	104	56	36	30	127	72	58	63	86	17	109	41	81	52
0	0	0	0	0	0	0	0	0	0	0	0	0	0	0	0	0	0	0	0	0	0	0	0	0	0	0	0	0	0	0	0	0	0	0	10	100	18	99	83	6	63	68	86	51	83	13	56	103	51	105	128	93	35	15	110	77	36	76	98	54	95	86	16	105	123	66	36	52	123	111	23	27	46	126	46	71	101	26	51	80	72	55	109	102	3	2	34	60	61	7	76	19	47	29	60	84	107	109	85	42	76	99	93	127	117	91	100	88	111	21	97	73	112	39	67	32	15	103	8	109	121	48	4	108	55	75	106
0	0	0	0	0	0	0	0	0	0	0	0	0	0	0	0	0	0	0	0	0	0	0	0	0	0	0	0	0	0	0	0	0	0	0	0	111	77	96	92	67	24	66	25	96	18	122	96	71	7	97	55	25	76	55	124	88	68	76	39	101	62	29	39	16	52	4	51	93	7	53	35	54	110	34	15	79	97	35	41	45	49	22	100	2	30	73	68	104	21	17	71	104	87	47	75	69	54	78	108	101	1	27	120	71	2	57	15	23	83	124	87	52	85	32	119	120	2	81	7	14	60	75	70	26	72	79	42
0	0	0	0	0	0	0	0	0	0	0	0	0	0	0	0	0	0	0	0	0	0	0	0	0	0	0	0	0	0	0	0	0	0	0	0	0	67	69	37	110	99	25	24	80	45	36	116	71	13	108	12	114	72	99	44	58	50	100	38	70	2	54	125	106	32	60	1	44	102	40	22	87	91	25	104	122	29	98	59	96	92	104	85	99	119	29	22	49	88	74	124	31	67	84	85	28	1	93	48	36	17	111	78	12	110	42	120	74	116	84	117	25	33	35	72	48	117	41	75	96	17	53	16	102	59	66	81
0	0	0	0	0	0	0	0	0	0	0	0	0	0	0	0	0	0	0	0	0	0	0	0	0	0	0	0	0	0	0	0	0	0	0	0	0	0	68	9	18	122	84	6	61	92	99	123	42	67	125	36	88	46	42	92	96	92	35	124	69	110	121	78	61	123	115	65	117	112	10	50	123	95	104	94	30	25	54	111	7	123	9	106	126	17	108	56	72	14	108	53	75	73	107	31	14	101	48	110	51	114	43	19	105	6	52	88	16	116	116	73	84	114	13	79	73	80	91	85	24	104	118	45	108	104	27	94
0	0	0	0	0	0	0	0	0	0	0	0	0	0	0	0	0	0	0	0	0	0	0	0	0	0	0	0	0	0	0	0	0	0	0	0	0	0	0	83	54	100	20	8	56	15	128	98	23	59	19	64	69	116	55	24	68	45	85	17	51	75	17	19	109	18	94	89	87	39	101	6	39	10	10	44	23	18	84	124	117	7	107	91	16	24	78	39	16	127	75	42	67	36	41	43	84	6	31	68	12	97	62	21	37	57	104	100	23	107	118	27	98	15	97	76	28	78	54	9	112	98	94	83	36	31	102	31
0	0	0	0	0	0	0	0	0	0	0	0	0	0	0	0	0	0	0	0	0	0	0	0	0	0	0	0	0	0	0	0	0	0	0	0	0	0	0	0	51	53	115	122	111	24	90	68	94	30	16	114	66	98	47	105	47	127	16	99	74	43	71	25	128	53	4	106	51	85	39	33	88	115	2	71	50	41	108	1	62	24	114	40	43	81	52	121	51	5	14	79	81	25	43	94	37	6	44	112	115	119	29	117	44	109	105	76	93	20	104	71	84	85	19	51	67	35	55	15	82	33	67	118	89	76	26	112
0	0	0	0	0	0	0	0	0	0	0	0	0	0	0	0	0	0	0	0	0	0	0	0	0	0	0	0	0	0	0	0	0	0	0	0	0	0	0	0	0	38	46	61	24	20	75	9	124	43	123	121	119	115	59	91	25	74	122	62	48	8	25	23	39	69	44	56	27	77	14	104	73	111	66	67	37	21	50	101	65	128	25	54	4	16	88	83	42	14	118	125	74	48	49	81	23	59	120	98	103	53	83	39	74	54	37	102	117	7	117	38	89	125	63	73	106	11	122	118	68	45	11	28	43	51	35	3
0	0	0	0	0	0	0	0	0	0	0	0	0	0	0	0	0	0	0	0	0	0	0	0	0	0	0	0	0	0	0	0	0	0	0	0	0	0	0	0	0	0	73	90	89	2	88	57	65	76	31	116	69	38	99	99	86	15	117	100	126	98	109	61	30	103	54	2	126	63	74	4	123	113	68	55	105	66	127	79	79	62	40	15	100	86	21	111	111	69	125	84	119	29	97	105	109	5	51	128	38	99	18	14	7	36	2	101	85	12	62	40	35	5	16	89	22	45	128	113	34	43	44	19	44	84	103	57
0	0	0	0	0	0	0	0	0	0	0	0	0	0	0	0	0	0	0	0	0	0	0	0	0	0	0	0	0	0	0	0	0	0	0	0	0	0	0	0	0	0	0	32	128	108	87	57	64	107	61	10	22	30	49	49	23	55	6	67	35	42	60	89	114	49	72	57	37	126	81	47	41	20	53	118	108	27	59	66	3	105	85	27	50	99	96	20	65	13	17	43	116	36	47	7	123	55	89	93	82	33	81	62	65	106	99	10	31	107	113	31	27	9	115	27	92	41	61	69	54	115	66	52	56	71	70	80
0	0	0	0	0	0	0	0	0	0	0	0	0	0	0	0	0	0	0	0	0	0	0	0	0	0	0	0	0	0	0	0	0	0	0	0	0	0	0	0	0	0	0	0	121	59	59	99	68	24	70	116	58	24	112	36	120	7	25	124	73	59	33	103	63	86	110	88	84	127	62	46	96	90	98	97	60	29	82	65	127	86	29	49	104	94	122	88	116	50	92	26	60	72	96	68	128	8	106	98	100	81	72	19	40	118	17	12	59	116	70	34	30	85	121	13	16	78	125	79	61	76	95	25	27	48	89	35
0	0	0	0	0	0	0	0	0	0	0	0	0	0	0	0	0	0	0	0	0	0	0	0	0	0	0	0	0	0	0	0	0	0	0	0	0	0	0	0	0	0	0	0	0	42	61	28	125	109	72	54	102	98	99	98	19	21	111	56	50	24	92	55	42	6	31	43	38	83	7	39	30	46	118	104	77	102	49	58	81	19	95	62	35	8	113	66	2	60	109	126	35	44	32	79	79	125	32	4	80	90	104	115	11	23	44	70	26	27	91	23	111	35	93	117	103	25	62	1	54	43	58	97	96	54	38	128
0	0	0	0	0	0	0	0	0	0	0	0	0	0	0	0	0	0	0	0	0	0	0	0	0	0	0	0	0	0	0	0	0	0	0	0	0	0	0	0	0	0	0	0	0	0	24	114	101	13	102	55	104	21	42	9	119	51	118	40	116	89	118	104	51	45	113	106	105	19	83	51	110	79	31	95	27	29	83	45	116	4	47	58	111	38	125	17	75	116	99	41	41	2	84	31	12	38	38	65	22	38	106	59	38	94	86	74	13	71	10	67	75	74	75	102	70	20	22	80	93	122	43	99	6	115	73	27
0	0	0	0	0	0	0	0	0	0	0	0	0	0	0	0	0	0	0	0	0	0	0	0	0	0	0	0	0	0	0	0	0	0	0	0	0	0	0	0	0	0	0	0	0	0	0	108	104	74	26	113	59	22	54	102	50	33	79	66	52	117	89	65	73	36	5	87	52	98	78	91	112	78	114	87	57	124	82	73	19	17	98	82	48	29	12	38	80	118	69	57	52	52	31	113	117	28	114	99	23	45	86	96	38	86	69	16	78	5	114	87	1	15	81	27	125	35	54	48	32	126	105	117	9	102	94	85
0	0	0	0	0	0	0	0	0	0	0	0	0	0	0	0	0	0	0	0	0	0	0	0	0	0	0	0	0	0	0	0	0	0	0	0	0	0	0	0	0	0	0	0	0	0	0	0	60	47	72	8	45	24	94	114	96	115	31	105	73	32	69	3	24	16	22	114	66	68	86	53	92	97	117	93	22	82	84	28	11	86	1	57	46	128	68	94	125	59	59	100	49	2	22	11	68	71	78	27	116	81	54	68	19	96	91	108	46	88	122	1	126	93	44	78	28	57	2	90	80	11	101	128	81	112	25	81
0	0	0	0	0	0	0	0	0	0	0	0	0	0	0	0	0	0	0	0	0	0	0	0	0	0	0	0	0	0	0	0	0	0	0	0	0	0	0	0	0	0	0	0	0	0	0	0	0	32	90	40	124	44	76	120	124	55	95	32	25	22	106	119	116	83	113	22	82	58	53	2	54	56	14	90	80	45	95	21	31	10	87	126	122	78	58	12	44	108	63	43	103	113	107	100	125	93	6	117	69	127	56	110	24	122	55	9	11	30	33	4	86	30	123	1	14	118	84	27	54	92	37	44	28	79	117	22
0	0	0	0	0	0	0	0	0	0	0	0	0	0	0	0	0	0	0	0	0	0	0	0	0	0	0	0	0	0	0	0	0	0	0	0	0	0	0	0	0	0	0	0	0	0	0	0	0	0	91	30	99	58	22	21	92	127	51	26	39	51	6	38	31	63	101	127	46	116	104	121	40	59	102	36	16	54	96	128	18	61	48	119	96	90	25	74	37	93	102	99	70	42	92	49	65	80	88	39	51	13	25	61	8	6	34	48	109	108	96	93	96	16	10	56	22	53	51	38	18	44	43	36	1	60	93	7
0	0	0	0	0	0	0	0	0	0	0	0	0	0	0	0	0	0	0	0	0	0	0	0	0	0	0	0	0	0	0	0	0	0	0	0	0	0	0	0	0	0	0	0	0	0	0	0	0	0	0	95	64	59	20	84	80	101	68	16	118	126	16	58	79	84	87	61	13	7	22	17	39	18	20	27	21	20	102	51	115	20	88	14	25	2	117	15	39	107	85	116	93	73	69	32	19	30	108	84	81	44	75	104	11	45	51	35	76	36	46	26	62	78	113	57	48	47	115	123	46	67	35	88	112	99	45	128
0	0	0	0	0	0	0	0	0	0	0	0	0	0	0	0	0	0	0	0	0	0	0	0	0	0	0	0	0	0	0	0	0	0	0	0	0	0	0	0	0	0	0	0	0	0	0	0	0	0	0	0	63	126	9	127	106	15	116	35	85	3	68	81	66	84	46	92	57	96	108	63	120	29	38	112	31	63	29	78	1	82	9	116	101	59	98	123	65	110	16	85	28	52	90	11	58	25	102	123	107	119	77	47	92	49	8	55	25	65	42	107	2	92	81	73	108	127	77	74	104	67	14	90	21	105	71	110
0	0	0	0	0	0	0	0	0	0	0	0	0	0	0	0	0	0	0	0	0	0	0	0	0	0	0	0	0	0	0	0	0	0	0	0	0	0	0	0	0	0	0	0	0	0	0	0	0	0	0	0	0	80	126	34	52	116	40	80	42	52	3	1	7	71	72	63	43	94	33	79	108	66	100	42	87	87	31	88	5	12	83	5	32	75	88	103	117	30	4	128	108	83	27	77	64	40	118	51	15	3	84	20	86	120	11	33	122	104	126	36	76	26	113	113	40	15	102	93	68	7	68	38	7	14	1	80
0	0	0	0	0	0	0	0	0	0	0	0	0	0	0	0	0	0	0	0	0	0	0	0	0	0	0	0	0	0	0	0	0	0	0	0	0	0	0	0	0	0	0	0	0	0	0	0	0	0	0	0	0	0	119	75	38	114	14	18	55	48	47	78	96	6	127	70	98	52	92	3	44	79	3	44	106	127	106	115	92	35	21	97	100	39	118	36	103	19	68	54	33	114	124	15	29	16	73	22	78	93	3	106	39	88	65	83	124	115	121	37	116	12	120	2	117	58	79	7	2	32	5	124	1	119	97	25
0	0	0	0	0	0	0	0	0	0	0	0	0	0	0	0	0	0	0	0	0	0	0	0	0	0	0	0	0	0	0	0	0	0	0	0	0	0	0	0	0	0	0	0	0	0	0	0	0	0	0	0	0	0	0	122	7	4	41	58	18	72	122	85	84	80	25	64	23	125	107	89	66	77	77	126	15	118	93	78	125	82	53	57	1	11	9	62	19	121	85	75	110	127	78	65	15	41	87	1	82	9	84	4	77	102	12	82	127	66	48	22	94	122	48	47	112	111	106	42	12	84	49	63	86	51	18	111
0	0	0	0	0	0	0	0	0	0	0	0	0	0	0	0	0	0	0	0	0	0	0	0	0	0	0	0	0	0	0	0	0	0	0	0	0	0	0	0	0	0	0	0	0	0	0	0	0	0	0	0	0	0	0	0	115	126	48	56	29	30	121	42	127	77	4	110	30	109	122	89	56	33	123	90	21	34	82	25	24	90	106	50	69	112	55	85	58	92	79	124	42	92	78	6	21	110	65	11	104	60	65	100	56	96	12	19	128	79	22	68	22	29	13	122	122	62	76	11	27	2	6	35	81	9	16	4
0	0	0	0	0	0	0	0	0	0	0	0	0	0	0	0	0	0	0	0	0	0	0	0	0	0	0	0	0	0	0	0	0	0	0	0	0	0	0	0	0	0	0	0	0	0	0	0	0	0	0	0	0	0	0	0	0	108	44	69	95	18	121	83	59	111	112	105	26	59	38	66	109	123	70	23	61	125	21	123	53	70	17	83	86	102	90	45	71	77	117	28	46	15	42	25	69	87	29	26	34	31	40	64	84	42	38	123	6	29	15	64	22	109	41	55	37	121	24	90	75	68	25	127	99	15	82	23
0	0	0	0	0	0	0	0	0	0	0	0	0	0	0	0	0	0	0	0	0	0	0	0	0	0	0	0	0	0	0	0	0	0	0	0	0	0	0	0	0	0	0	0	0	0	0	0	0	0	0	0	0	0	0	0	0	0	82	76	2	15	52	113	48	88	64	63	116	62	50	101	24	31	95	89	23	69	111	126	127	60	76	86	66	80	45	63	82	77	40	69	80	48	85	52	126	1	114	73	61	25	58	115	89	66	1	100	91	54	102	57	47	116	59	29	126	24	118	92	61	86	113	97	127	44	29	100
0	0	0	0	0	0	0	0	0	0	0	0	0	0	0	0	0	0	0	0	0	0	0	0	0	0	0	0	0	0	0	0	0	0	0	0	0	0	0	0	0	0	0	0	0	0	0	0	0	0	0	0	0	0	0	0	0	0	0	16	78	29	95	38	71	52	2	15	98	71	109	65	73	35	35	110	46	100	16	122	48	115	122	3	51	105	126	4	109	16	120	87	60	34	71	100	31	97	90	110	88	58	37	103	74	92	29	48	117	96	24	28	78	119	45	72	123	65	93	95	23	87	60	36	51	49	58	58
0	0	0	0	0	0	0	0	0	0	0	0	0	0	0	0	0	0	0	0	0	0	0	0	0	0	0	0	0	0	0	0	0	0	0	0	0	0	0	0	0	0	0	0	0	0	0	0	0	0	0	0	0	0	0	0	0	0	0	0	52	10	58	103	3	64	31	61	24	110	102	59	124	1	102	21	58	106	108	62	25	33	111	127	126	61	119	115	3	30	23	46	28	124	27	62	104	45	26	98	77	74	115	54	77	87	54	121	121	51	69	37	18	112	14	69	124	34	105	60	33	103	104	81	109	44	35	85
0	0	0	0	0	0	0	0	0	0	0	0	0	0	0	0	0	0	0	0	0	0	0	0	0	0	0	0	0	0	0	0	0	0	0	0	0	0	0	0	0	0	0	0	0	0	0	0	0	0	0	0	0	0	0	0	0	0	0	0	0	99	99	51	50	12	113	7	79	64	119	102	48	45	105	33	16	86	89	107	75	15	2	91	22	64	58	88	93	51	78	73	114	11	55	30	4	9	21	102	79	46	19	21	119	15	96	91	122	86	13	66	41	38	57	119	113	62	51	23	41	11	47	72	112	98	94	48
0	0	0	0	0	0	0	0	0	0	0	0	0	0	0	0	0	0	0	0	0	0	0	0	0	0	0	0	0	0	0	0	0	0	0	0	0	0	0	0	0	0	0	0	0	0	0	0	0	0	0	0	0	0	0	0	0	0	0	0	0	0	112	24	39	46	62	28	9	86	43	77	13	116	84	73	56	1	7	82	39	4	67	113	82	74	12	7	53	113	2	123	79	22	100	88	43	29	85	8	37	95	94	39	10	112	126	108	26	10	45	36	4	1	104	44	85	71	43	26	97	92	39	72	127	29	58	120
0	0	0	0	0	0	0	0	0	0	0	0	0	0	0	0	0	0	0	0	0	0	0	0	0	0	0	0	0	0	0	0	0	0	0	0	0	0	0	0	0	0	0	0	0	0	0	0	0	0	0	0	0	0	0	0	0	0	0	0	0	0	0	14	60	9	42	95	100	71	45	4	1	122	121	54	52	86	50	57	48	24	98	121	25	110	75	56	48	105	2	117	33	15	1	23	91	77	34	42	121	123	57	32	56	124	113	25	18	106	20	101	115	114	89	128	113	32	116	71	18	77	116	31	116	6	125	25
0	0	0	0	0	0	0	0	0	0	0	0	0	0	0	0	0	0	0	0	0	0	0	0	0	0	0	0	0	0	0	0	0	0	0	0	0	0	0	0	0	0	0	0	0	0	0	0	0	0	0	0	0	0	0	0	0	0	0	0	0	0	0	0	26	72	106	81	85	70	2	102	40	121	107	126	16	79	7	125	126	14	8	78	118	88	53	13	97	42	13	9	81	85	15	44	110	77	33	108	106	67	50	82	33	12	33	76	26	14	5	85	8	37	114	104	35	113	104	67	125	31	77	58	94	31	6	93
0	0	0	0	0	0	0	0	0	0	0	0	0	0	0	0	0	0	0	0	0	0	0	0	0	0	0	0	0	0	0	0	0	0	0	0	0	0	0	0	0	0	0	0	0	0	0	0	0	0	0	0	0	0	0	0	0	0	0	0	0	0	0	0	0	74	38	14	21	4	93	59	28	97	71	110	22	48	17	65	77	126	116	34	122	98	100	57	41	124	61	48	20	3	20	51	55	10	55	21	112	128	22	23	109	41	72	97	7	88	104	113	49	112	29	61	47	79	30	68	112	98	124	50	126	25	36	94
0	0	0	0	0	0	0	0	0	0	0	0	0	0	0	0	0	0	0	0	0	0	0	0	0	0	0	0	0	0	0	0	0	0	0	0	0	0	0	0	0	0	0	0	0	0	0	0	0	0	0	0	0	0	0	0	0	0	0	0	0	0	0	0	0	0	77	113	128	121	86	9	50	123	125	7	65	37	85	66	26	124	50	83	52	22	12	26	8	86	57	127	99	94	15	26	82	2	7	82	50	1	63	72	6	38	20	78	42	22	13	6	90	2	26	59	35	105	69	128	23	21	119	57	69	67	59	73
0	0	0	0	0	0	0	0	0	0	0	0	0	0	0	0	0	0	0	0	0	0	0	0	0	0	0	0	0	0	0	0	0	0	0	0	0	0	0	0	0	0	0	0	0	0	0	0	0	0	0	0	0	0	0	0	0	0	0	0	0	0	0	0	0	0	0	46	115	81	64	111	41	78	31	62	74	61	5	100	49	122	53	78	122	100	106	101	68	24	98	78	99	13	22	88	5	9	101	42	105	70	15	94	123	76	11	111	96	103	57	78	6	52	27	15	102	98	74	19	103	107	2	94	86	115	115	58
0	0	0	0	0	0	0	0	0	0	0	0	0	0	0	0	0	0	0	0	0	0	0	0	0	0	0	0	0	0	0	0	0	0	0	0	0	0	0	0	0	0	0	0	0	0	0	0	0	0	0	0	0	0	0	0	0	0	0	0	0	0	0	0	0	0	0	0	77	6	50	10	43	108	80	53	119	34	40	36	67	25	7	59	5	116	27	93	5	15	10	128	59	126	17	53	22	22	99	32	64	46	81	19	82	90	27	50	51	67	4	68	83	108	92	8	50	104	128	78	93	26	51	8	17	40	43	32
0	0	0	0	0	0	0	0	0	0	0	0	0	0	0	0	0	0	0	0	0	0	0	0	0	0	0	0	0	0	0	0	0	0	0	0	0	0	0	0	0	0	0	0	0	0	0	0	0	0	0	0	0	0	0	0	0	0	0	0	0	0	0	0	0	0	0	0	0	72	87	38	39	59	82	4	46	120	57	23	112	39	103	25	110	93	47	18	35	72	97	109	39	82	11	12	123	39	5	14	107	55	54	28	70	74	98	104	106	76	85	65	56	9	116	32	85	104	38	29	86	122	47	119	78	5	81	112
0	0	0	0	0	0	0	0	0	0	0	0	0	0	0	0	0	0	0	0	0	0	0	0	0	0	0	0	0	0	0	0	0	0	0	0	0	0	0	0	0	0	0	0	0	0	0	0	0	0	0	0	0	0	0	0	0	0	0	0	0	0	0	0	0	0	0	0	0	0	40	79	33	117	6	53	37	14	88	83	49	39	48	11	31	4	117	49	63	74	29	101	114	23	60	71	105	94	96	126	73	122	109	34	113	97	50	47	50	20	62	51	28	107	108	107	73	9	25	18	1	75	123	92	23	47	56	96
0	0	0	0	0	0	0	0	0	0	0	0	0	0	0	0	0	0	0	0	0	0	0	0	0	0	0	0	0	0	0	0	0	0	0	0	0	0	0	0	0	0	0	0	0	0	0	0	0	0	0	0	0	0	0	0	0	0	0	0	0	0	0	0	0	0	0	0	0	0	0	10	99	72	81	119	18	6	28	22	23	82	96	71	29	65	76	37	98	107	18	82	110	115	50	44	95	32	48	14	97	76	34	128	2	70	17	96	52	46	4	66	78	53	82	78	21	9	11	95	59	43	41	107	18	66	42	79
0	0	0	0	0	0	0	0	0	0	0	0	0	0	0	0	0	0	0	0	0	0	0	0	0	0	0	0	0	0	0	0	0	0	0	0	0	0	0	0	0	0	0	0	0	0	0	0	0	0	0	0	0	0	0	0	0	0	0	0	0	0	0	0	0	0	0	0	0	0	0	0	79	72	75	2	114	64	89	101	121	121	90	46	51	85	109	70	27	88	96	116	9	41	48	24	35	67	123	44	32	19	5	4	32	107	65	37	78	95	80	98	99	68	39	36	69	61	85	34	31	23	89	54	23	99	63	93
0	0	0	0	0	0	0	0	0	0	0	0	0	0	0	0	0	0	0	0	0	0	0	0	0	0	0	0	0	0	0	0	0	0	0	0	0	0	0	0	0	0	0	0	0	0	0	0	0	0	0	0	0	0	0	0	0	0	0	0	0	0	0	0	0	0	0	0	0	0	0	0	0	21	48	21	10	93	89	19	93	48	92	15	1	124	67	93	31	77	31	34	59	30	106	71	116	40	82	50	22	27	59	30	116	46	48	114	118	22	9	104	74	24	43	96	52	63	48	97	113	20	2	3	78	24	90	58
0	0	0	0	0	0	0	0	0	0	0	0	0	0	0	0	0	0	0	0	0	0	0	0	0	0	0	0	0	0	0	0	0	0	0	0	0	0	0	0	0	0	0	0	0	0	0	0	0	0	0	0	0	0	0	0	0	0	0	0	0	0	0	0	0	0	0	0	0	0	0	0	0	0	4	122	56	80	127	15	74	117	60	65	92	83	74	99	84	89	66	82	71	70	37	109	58	8	118	87	11	39	38	71	93	26	61	99	49	10	30	110	11	38	28	74	6	114	9	1	38	46	54	117	53	22	98	33
0	0	0	0	0	0	0	0	0	0	0	0	0	0	0	0	0	0	0	0	0	0	0	0	0	0	0	0	0	0	0	0	0	0	0	0	0	0	0	0	0	0	0	0	0	0	0	0	0	0	0	0	0	0	0	0	0	0	0	0	0	0	0	0	0	0	0	0	0	0	0	0	0	0	0	99	13	62	49	36	11	126	114	6	53	30	87	25	96	41	75	28	36	13	82	43	14	21	102	35	49	34	14	27	30	10	46	64	116	109	17	7	72	19	46	18	90	102	120	93	3	90	75	56	36	4	59	128
0	0	0	0	0	0	0	0	0	0	0	0	0	0	0	0	0	0	0	0	0	0	0	0	0	0	0	0	0	0	0	0	0	0	0	0	0	0	0	0	0	0	0	0	0	0	0	0	0	0	0	0	0	0	0	0	0	0	0	0	0	0	0	0	0	0	0	0	0	0	0	0	0	0	0	0	83	43	94	111	18	99	65	96	63	19	67	4	14	89	73	19	58	71	68	94	1	24	34	125	105	18	16	50	98	27	108	44	105	112	89	30	58	68	105	29	67	53	110	108	75	38	84	74	92	40	76	102
0	0	0	0	0	0	0	0	0	0	0	0	0	0	0	0	0	0	0	0	0	0	0	0	0	0	0	0	0	0	0	0	0	0	0	0	0	0	0	0	0	0	0	0	0	0	0	0	0	0	0	0	0	0	0	0	0	0	0	0	0	0	0	0	0	0	0	0	0	0	0	0	0	0	0	0	0	17	51	64	79	113	53	107	59	27	17	31	47	16	87	68	60	72	85	115	59	71	99	67	96	114	106	72	33	59	32	54	92	124	78	65	91	122	77	97	122	62	100	22	107	78	122	94	107	79	83	16
0	0	0	0	0	0	0	0	0	0	0	0	0	0	0	0	0	0	0	0	0	0	0	0	0	0	0	0	0	0	0	0	0	0	0	0	0	0	0	0	0	0	0	0	0	0	0	0	0	0	0	0	0	0	0	0	0	0	0	0	0	0	0	0	0	0	0	0	0	0	0	0	0	0	0	0	0	0	21	120	25	114	64	60	97	52	15	13	117	118	98	111	32	110	83	71	46	77	114	60	38	28	71	32	10	9	23	45	16	119	65	107	14	5	62	11	84	125	89	123	39	71	78	124	72	95	115	31
0	0	0	0	0	0	0	0	0	0	0	0	0	0	0	0	0	0	0	0	0	0	0	0	0	0	0	0	0	0	0	0	0	0	0	0	0	0	0	0	0	0	0	0	0	0	0	0	0	0	0	0	0	0	0	0	0	0	0	0	0	0	0	0	0	0	0	0	0	0	0	0	0	0	0	0	0	0	0	23	72	74	9	12	45	14	95	77	95	56	43	5	114	11	77	63	52	111	69	45	63	6	14	123	66	103	1	60	73	100	127	9	42	124	16	81	13	68	60	18	91	47	54	121	94	31	53	79
0	0	0	0	0	0	0	0	0	0	0	0	0	0	0	0	0	0	0	0	0	0	0	0	0	0	0	0	0	0	0	0	0	0	0	0	0	0	0	0	0	0	0	0	0	0	0	0	0	0	0	0	0	0	0	0	0	0	0	0	0	0	0	0	0	0	0	0	0	0	0	0	0	0	0	0	0	0	0	0	107	29	4	67	121	62	121	6	103	61	72	36	12	102	115	99	104	103	25	24	92	22	41	35	82	78	11	89	65	62	116	86	103	1	51	51	27	52	56	81	52	8	74	33	12	59	9	16
0	0	0	0	0	0	0	0	0	0	0	0	0	0	0	0	0	0	0	0	0	0	0	0	0	0	0	0	0	0	0	0	0	0	0	0	0	0	0	0	0	0	0	0	0	0	0	0	0	0	0	0	0	0	0	0	0	0	0	0	0	0	0	0	0	0	0	0	0	0	0	0	0	0	0	0	0	0	0	0	0	123	83	100	38	99	25	8	74	79	71	15	17	25	118	46	57	105	60	106	36	104	100	40	29	79	85	86	3	47	125	78	114	64	79	121	124	67	116	21	80	42	42	77	7	44	38	112
0	0	0	0	0	0	0	0	0	0	0	0	0	0	0	0	0	0	0	0	0	0	0	0	0	0	0	0	0	0	0	0	0	0	0	0	0	0	0	0	0	0	0	0	0	0	0	0	0	0	0	0	0	0	0	0	0	0	0	0	0	0	0	0	0	0	0	0	0	0	0	0	0	0	0	0	0	0	0	0	0	0	102	99	11	83	61	67	28	12	69	99	41	92	91	8	126	25	36	67	55	98	70	93	77	95	48	55	13	49	15	13	120	108	9	35	34	44	49	49	6	62	19	88	15	62	92	79
0	0	0	0	0	0	0	0	0	0	0	0	0	0	0	0	0	0	0	0	0	0	0	0	0	0	0	0	0	0	0	0	0	0	0	0	0	0	0	0	0	0	0	0	0	0	0	0	0	0	0	0	0	0	0	0	0	0	0	0	0	0	0	0	0	0	0	0	0	0	0	0	0	0	0	0	0	0	0	0	0	0	0	38	125	94	101	25	27	13	111	39	2	15	23	81	30	6	14	89	52	84	90	8	59	63	110	93	30	126	66	53	55	43	84	18	24	1	82	58	33	63	127	70	92	64	41	97
0	0	0	0	0	0	0	0	0	0	0	0	0	0	0	0	0	0	0	0	0	0	0	0	0	0	0	0	0	0	0	0	0	0	0	0	0	0	0	0	0	0	0	0	0	0	0	0	0	0	0	0	0	0	0	0	0	0	0	0	0	0	0	0	0	0	0	0	0	0	0	0	0	0	0	0	0	0	0	0	0	0	0	0	17	48	67	60	49	50	30	82	109	17	64	120	115	46	29	68	66	22	20	6	84	79	21	38	1	41	22	95	8	5	4	9	125	74	30	49	97	13	78	105	10	54	107	7
0	0	0	0	0	0	0	0	0	0	0	0	0	0	0	0	0	0	0	0	0	0	0	0	0	0	0	0	0	0	0	0	0	0	0	0	0	0	0	0	0	0	0	0	0	0	0	0	0	0	0	0	0	0	0	0	0	0	0	0	0	0	0	0	0	0	0	0	0	0	0	0	0	0	0	0	0	0	0	0	0	0	0	0	0	50	5	71	20	84	108	71	101	36	70	70	78	62	90	32	41	37	44	104	16	40	119	51	77	33	90	125	122	81	55	110	32	97	22	67	113	14	49	118	102	100	17	21
0	0	0	0	0	0	0	0	0	0	0	0	0	0	0	0	0	0	0	0	0	0	0	0	0	0	0	0	0	0	0	0	0	0	0	0	0	0	0	0	0	0	0	0	0	0	0	0	0	0	0	0	0	0	0	0	0	0	0	0	0	0	0	0	0	0	0	0	0	0	0	0	0	0	0	0	0	0	0	0	0	0	0	0	0	0	42	49	65	24	101	11	71	68	79	112	96	17	100	45	89	63	11	116	43	88	75	123	100	65	22	75	113	102	26	100	54	110	61	121	48	61	36	118	28	90	65	52
0	0	0	0	0	0	0	0	0	0	0	0	0	0	0	0	0	0	0	0	0	0	0	0	0	0	0	0	0	0	0	0	0	0	0	0	0	0	0	0	0	0	0	0	0	0	0	0	0	0	0	0	0	0	0	0	0	0	0	0	0	0	0	0	0	0	0	0	0	0	0	0	0	0	0	0	0	0	0	0	0	0	0	0	0	0	0	30	124	79	111	6	80	69	113	80	55	14	101	124	71	97	106	75	108	33	60	17	60	119	74	58	4	110	9	101	5	110	2	12	24	75	84	110	75	47	126	76
0	0	0	0	0	0	0	0	0	0	0	0	0	0	0	0	0	0	0	0	0	0	0	0	0	0	0	0	0	0	0	0	0	0	0	0	0	0	0	0	0	0	0	0	0	0	0	0	0	0	0	0	0	0	0	0	0	0	0	0	0	0	0	0	0	0	0	0	0	0	0	0	0	0	0	0	0	0	0	0	0	0	0	0	0	0	0	0	29	7	73	21	25	83	41	56	17	115	38	107	19	117	95	8	45	16	29	115	121	98	116	19	72	125	94	63	38	95	80	108	40	86	38	47	61	107	36	103
0	0	0	0	0	0	0	0	0	0	0	0	0	0	0	0	0	0	0	0	0	0	0	0	0	0	0	0	0	0	0	0	0	0	0	0	0	0	0	0	0	0	0	0	0	0	0	0	0	0	0	0	0	0	0	0	0	0	0	0	0	0	0	0	0	0	0	0	0	0	0	0	0	0	0	0	0	0	0	0	0	0	0	0	0	0	0	0	0	19	80	76	73	28	125	103	83	105	57	103	123	30	74	6	21	76	8	31	72	58	34	21	85	39	31	59	90	83	109	123	122	67	19	110	40	118	115	88
0	0	0	0	0	0	0	0	0	0	0	0	0	0	0	0	0	0	0	0	0	0	0	0	0	0	0	0	0	0	0	0	0	0	0	0	0	0	0	0	0	0	0	0	0	0	0	0	0	0	0	0	0	0	0	0	0	0	0	0	0	0	0	0	0	0	0	0	0	0	0	0	0	0	0	0	0	0	0	0	0	0	0	0	0	0	0	0	0	0	31	57	117	46	106	97	123	65	4	69	103	68	2	38	124	20	98	36	52	10	11	72	126	10	46	19	90	15	85	95	3	108	17	41	20	94	46	67
0	0	0	0	0	0	0	0	0	0	0	0	0	0	0	0	0	0	0	0	0	0	0	0	0	0	0	0	0	0	0	0	0	0	0	0	0	0	0	0	0	0	0	0	0	0	0	0	0	0	0	0	0	0	0	0	0	0	0	0	0	0	0	0	0	0	0	0	0	0	0	0	0	0	0	0	0	0	0	0	0	0	0	0	0	0	0	0	0	0	0	67	55	48	84	35	18	123	70	75	111	89	27	11	14	30	126	54	22	47	43	42	102	5	116	108	40	58	101	36	82	27	37	125	18	94	36	8
0	0	0	0	0	0	0	0	0	0	0	0	0	0	0	0	0	0	0	0	0	0	0	0	0	0	0	0	0	0	0	0	0	0	0	0	0	0	0	0	0	0	0	0	0	0	0	0	0	0	0	0	0	0	0	0	0	0	0	0	0	0	0	0	0	0	0	0	0	0	0	0	0	0	0	0	0	0	0	0	0	0	0	0	0	0	0	0	0	0	0	0	55	77	41	100	67	73	89	118	85	91	90	50	48	4	82	123	23	102	54	30	111	78	14	64	47	47	65	58	14	38	103	62	29	40	58	122
0	0	0	0	0	0	0	0	0	0	0	0	0	0	0	0	0	0	0	0	0	0	0	0	0	0	0	0	0	0	0	0	0	0	0	0	0	0	0	0	0	0	0	0	0	0	0	0	0	0	0	0	0	0	0	0	0	0	0	0	0	0	0	0	0	0	0	0	0	0	0	0	0	0	0	0	0	0	0	0	0	0	0	0	0	0	0	0	0	0	0	0	0	69	71	5	21	116	78	41	69	39	19	37	99	19	117	40	5	65	63	16	96	39	15	97	100	91	107	29	3	79	100	92	104	36	29	70
0	0	0	0	0	0	0	0	0	0	0	0	0	0	0	0	0	0	0	0	0	0	0	0	0	0	0	0	0	0	0	0	0	0	0	0	0	0	0	0	0	0	0	0	0	0	0	0	0	0	0	0	0	0	0	0	0	0	0	0	0	0	0	0	0	0	0	0	0	0	0	0	0	0	0	0	0	0	0	0	0	0	0	0	0	0	0	0	0	0	0	0	0	0	33	31	105	124	122	122	59	87	71	80	57	19	2	89	48	109	92	9	17	20	55	69	31	60	14	1	44	84	105	105	40	90	97	114
0	0	0	0	0	0	0	0	0	0	0	0	0	0	0	0	0	0	0	0	0	0	0	0	0	0	0	0	0	0	0	0	0	0	0	0	0	0	0	0	0	0	0	0	0	0	0	0	0	0	0	0	0	0	0	0	0	0	0	0	0	0	0	0	0	0	0	0	0	0	0	0	0	0	0	0	0	0	0	0	0	0	0	0	0	0	0	0	0	0	0	0	0	0	0	93	121	80	98	57	98	14	40	11	71	123	78	52	118	83	22	70	43	37	96	26	58	71	102	61	91	36	78	75	112	77	3	90
0	0	0	0	0	0	0	0	0	0	0	0	0	0	0	0	0	0	0	0	0	0	0	0	0	0	0	0	0	0	0	0	0	0	0	0	0	0	0	0	0	0	0	0	0	0	0	0	0	0	0	0	0	0	0	0	0	0	0	0	0	0	0	0	0	0	0	0	0	0	0	0	0	0	0	0	0	0	0	0	0	0	0	0	0	0	0	0	0	0	0	0	0	0	0	0	11	94	68	55	60	37	62	54	118	89	92	54	10	6	46	15	6	112	87	79	94	66	55	2	9	47	68	12	98	13	59	44
0	0	0	0	0	0	0	0	0	0	0	0	0	0	0	0	0	0	0	0	0	0	0	0	0	0	0	0	0	0	0	0	0	0	0	0	0	0	0	0	0	0	0	0	0	0	0	0	0	0	0	0	0	0	0	0	0	0	0	0	0	0	0	0	0	0	0	0	0	0	0	0	0	0	0	0	0	0	0	0	0	0	0	0	0	0	0	0	0	0	0	0	0	0	0	0	0	43	75	119	116	15	37	87	95	56	49	123	57	89	104	73	28	125	43	87	106	1	73	53	121	77	22	63	122	12	29	84
0	0	0	0	0	0	0	0	0	0	0	0	0	0	0	0	0	0	0	0	0	0	0	0	0	0	0	0	0	0	0	0	0	0	0	0	0	0	0	0	0	0	0	0	0	0	0	0	0	0	0	0	0	0	0	0	0	0	0	0	0	0	0	0	0	0	0	0	0	0	0	0	0	0	0	0	0	0	0	0	0	0	0	0	0	0	0	0	0	0	0	0	0	0	0	0	0	0	7	27	15	26	104	110	125	105	55	95	76	15	40	77	16	57	41	42	3	85	111	9	102	10	111	38	111	20	104	68
0	0	0	0	0	0	0	0	0	0	0	0	0	0	0	0	0	0	0	0	0	0	0	0	0	0	0	0	0	0	0	0	0	0	0	0	0	0	0	0	0	0	0	0	0	0	0	0	0	0	0	0	0	0	0	0	0	0	0	0	0	0	0	0	0	0	0	0	0	0	0	0	0	0	0	0	0	0	0	0	0	0	0	0	0	0	0	0	0	0	0	0	0	0	0	0	0	0	0	54	8	84	50	87	79	87	84	120	28	44	122	110	70	21	119	63	35	1	51	65	113	11	20	30	76	34	127	16
0	0	0	0	0	0	0	0	0	0	0	0	0	0	0	0	0	0	0	0	0	0	0	0	0	0	0	0	0	0	0	0	0	0	0	0	0	0	0	0	0	0	0	0	0	0	0	0	0	0	0	0	0	0	0	0	0	0	0	0	0	0	0	0	0	0	0	0	0	0	0	0	0	0	0	0	0	0	0	0	0	0	0	0	0	0	0	0	0	0	0	0	0	0	0	0	0	0	0	0	70	53	124	114	93	97	47	63	58	2	26	105	71	119	27	29	73	49	113	43	39	62	74	55	46	78	119	21
0	0	0	0	0	0	0	0	0	0	0	0	0	0	0	0	0	0	0	0	0	0	0	0	0	0	0	0	0	0	0	0	0	0	0	0	0	0	0	0	0	0	0	0	0	0	0	0	0	0	0	0	0	0	0	0	0	0	0	0	0	0	0	0	0	0	0	0	0	0	0	0	0	0	0	0	0	0	0	0	0	0	0	0	0	0	0	0	0	0	0	0	0	0	0	0	0	0	0	0	0	28	115	109	102	98	12	65	96	28	91	64	88	107	124	107	89	107	24	105	11	5	61	81	50	83	64	27
0	0	0	0	0	0	0	0	0	0	0	0	0	0	0	0	0	0	0	0	0	0	0	0	0	0	0	0	0	0	0	0	0	0	0	0	0	0	0	0	0	0	0	0	0	0	0	0	0	0	0	0	0	0	0	0	0	0	0	0	0	0	0	0	0	0	0	0	0	0	0	0	0	0	0	0	0	0	0	0	0	0	0	0	0	0	0	0	0	0	0	0	0	0	0	0	0	0	0	0	0	0	63	22	39	14	35	35	102	12	91	80	87	26	127	85	89	11	33	70	99	20	88	112	68	67	108	56
0	0	0	0	0	0	0	0	0	0	0	0	0	0	0	0	0	0	0	0	0	0	0	0	0	0	0	0	0	0	0	0	0	0	0	0	0	0	0	0	0	0	0	0	0	0	0	0	0	0	0	0	0	0	0	0	0	0	0	0	0	0	0	0	0	0	0	0	0	0	0	0	0	0	0	0	0	0	0	0	0	0	0	0	0	0	0	0	0	0	0	0	0	0	0	0	0	0	0	0	0	0	0	10	125	33	87	28	41	64	6	22	13	71	104	100	86	24	35	78	114	1	123	119	74	43	43	3
0	0	0	0	0	0	0	0	0	0	0	0	0	0	0	0	0	0	0	0	0	0	0	0	0	0	0	0	0	0	0	0	0	0	0	0	0	0	0	0	0	0	0	0	0	0	0	0	0	0	0	0	0	0	0	0	0	0	0	0	0	0	0	0	0	0	0	0	0	0	0	0	0	0	0	0	0	0	0	0	0	0	0	0	0	0	0	0	0	0	0	0	0	0	0	0	0	0	0	0	0	0	0	0	46	90	97	90	107	3	47	84	115	97	124	11	8	61	62	69	103	53	96	1	77	25	4	16
0	0	0	0	0	0	0	0	0	0	0	0	0	0	0	0	0	0	0	0	0	0	0	0	0	0	0	0	0	0	0	0	0	0	0	0	0	0	0	0	0	0	0	0	0	0	0	0	0	0	0	0	0	0	0	0	0	0	0	0	0	0	0	0	0	0	0	0	0	0	0	0	0	0	0	0	0	0	0	0	0	0	0	0	0	0	0	0	0	0	0	0	0	0	0	0	0	0	0	0	0	0	0	0	0	9	119	16	52	67	67	111	29	77	47	97	53	109	67	118	20	100	99	71	5	35	74	102
0	0	0	0	0	0	0	0	0	0	0	0	0	0	0	0	0	0	0	0	0	0	0	0	0	0	0	0	0	0	0	0	0	0	0	0	0	0	0	0	0	0	0	0	0	0	0	0	0	0	0	0	0	0	0	0	0	0	0	0	0	0	0	0	0	0	0	0	0	0	0	0	0	0	0	0	0	0	0	0	0	0	0	0	0	0	0	0	0	0	0	0	0	0	0	0	0	0	0	0	0	0	0	0	0	0	85	93	30	40	77	28	101	120	11	84	88	49	55	16	95	77	37	127	64	86	119	17
0	0	0	0	0	0	0	0	0	0	0	0	0	0	0	0	0	0	0	0	0	0	0	0	0	0	0	0	0	0	0	0	0	0	0	0	0	0	0	0	0	0	0	0	0	0	0	0	0	0	0	0	0	0	0	0	0	0	0	0	0	0	0	0	0	0	0	0	0	0	0	0	0	0	0	0	0	0	0	0	0	0	0	0	0	0	0	0	0	0	0	0	0	0	0	0	0	0	0	0	0	0	0	0	0	0	0	12	15	20	22	28	66	97	48	126	31	11	21	92	48	98	11	22	84	82	7	85
0	0	0	0	0	0	0	0	0	0	0	0	0	0	0	0	0	0	0	0	0	0	0	0	0	0	0	0	0	0	0	0	0	0	0	0	0	0	0	0	0	0	0	0	0	0	0	0	0	0	0	0	0	0	0	0	0	0	0	0	0	0	0	0	0	0	0	0	0	0	0	0	0	0	0	0	0	0	0	0	0	0	0	0	0	0	0	0	0	0	0	0	0	0	0	0	0	0	0	0	0	0	0	0	0	0	0	0	83	98	93	76	97	122	50	53	68	40	78	45	79	15	47	112	115	112	77	81
0	0	0	0	0	0	0	0	0	0	0	0	0	0	0	0	0	0	0	0	0	0	0	0	0	0	0	0	0	0	0	0	0	0	0	0	0	0	0	0	0	0	0	0	0	0	0	0	0	0	0	0	0	0	0	0	0	0	0	0	0	0	0	0	0	0	0	0	0	0	0	0	0	0	0	0	0	0	0	0	0	0	0	0	0	0	0	0	0	0	0	0	0	0	0	0	0	0	0	0	0	0	0	0	0	0	0	0	0	43	85	48	14	58	56	112	79	101	44	54	124	112	3	124	45	5	34	49
0	0	0	0	0	0	0	0	0	0	0	0	0	0	0	0	0	0	0	0	0	0	0	0	0	0	0	0	0	0	0	0	0	0	0	0	0	0	0	0	0	0	0	0	0	0	0	0	0	0	0	0	0	0	0	0	0	0	0	0	0	0	0	0	0	0	0	0	0	0	0	0	0	0	0	0	0	0	0	0	0	0	0	0	0	0	0	0	0	0	0	0	0	0	0	0	0	0	0	0	0	0	0	0	0	0	0	0	0	0	34	91	98	46	97	18	63	6	102	102	22	8	37	86	127	72	17	88
0	0	0	0	0	0	0	0	0	0	0	0	0	0	0	0	0	0	0	0	0	0	0	0	0	0	0	0	0	0	0	0	0	0	0	0	0	0	0	0	0	0	0	0	0	0	0	0	0	0	0	0	0	0	0	0	0	0	0	0	0	0	0	0	0	0	0	0	0	0	0	0	0	0	0	0	0	0	0	0	0	0	0	0	0	0	0	0	0	0	0	0	0	0	0	0	0	0	0	0	0	0	0	0	0	0	0	0	0	0	0	33	93	51	28	81	117	57	53	11	2	35	72	31	86	75	93	87
0	0	0	0	0	0	0	0	0	0	0	0	0	0	0	0	0	0	0	0	0	0	0	0	0	0	0	0	0	0	0	0	0	0	0	0	0	0	0	0	0	0	0	0	0	0	0	0	0	0	0	0	0	0	0	0	0	0	0	0	0	0	0	0	0	0	0	0	0	0	0	0	0	0	0	0	0	0	0	0	0	0	0	0	0	0	0	0	0	0	0	0	0	0	0	0	0	0	0	0	0	0	0	0	0	0	0	0	0	0	0	0	115	77	58	89	79	89	102	76	31	77	107	118	31	9	31	20
0	0	0	0	0	0	0	0	0	0	0	0	0	0	0	0	0	0	0	0	0	0	0	0	0	0	0	0	0	0	0	0	0	0	0	0	0	0	0	0	0	0	0	0	0	0	0	0	0	0	0	0	0	0	0	0	0	0	0	0	0	0	0	0	0	0	0	0	0	0	0	0	0	0	0	0	0	0	0	0	0	0	0	0	0	0	0	0	0	0	0	0	0	0	0	0	0	0	0	0	0	0	0	0	0	0	0	0	0	0	0	0	0	89	51	72	24	116	114	109	53	24	121	97	70	125	105	60
0	0	0	0	0	0	0	0	0	0	0	0	0	0	0	0	0	0	0	0	0	0	0	0	0	0	0	0	0	0	0	0	0	0	0	0	0	0	0	0	0	0	0	0	0	0	0	0	0	0	0	0	0	0	0	0	0	0	0	0	0	0	0	0	0	0	0	0	0	0	0	0	0	0	0	0	0	0	0	0	0	0	0	0	0	0	0	0	0	0	0	0	0	0	0	0	0	0	0	0	0	0	0	0	0	0	0	0	0	0	0	0	0	0	44	46	90	86	95	70	2	78	55	55	81	21	13	46
0	0	0	0	0	0	0	0	0	0	0	0	0	0	0	0	0	0	0	0	0	0	0	0	0	0	0	0	0	0	0	0	0	0	0	0	0	0	0	0	0	0	0	0	0	0	0	0	0	0	0	0	0	0	0	0	0	0	0	0	0	0	0	0	0	0	0	0	0	0	0	0	0	0	0	0	0	0	0	0	0	0	0	0	0	0	0	0	0	0	0	0	0	0	0	0	0	0	0	0	0	0	0	0	0	0	0	0	0	0	0	0	0	0	0	40	66	111	64	114	91	13	112	60	116	121	119	33
0	0	0	0	0	0	0	0	0	0	0	0	0	0	0	0	0	0	0	0	0	0	0	0	0	0	0	0	0	0	0	0	0	0	0	0	0	0	0	0	0	0	0	0	0	0	0	0	0	0	0	0	0	0	0	0	0	0	0	0	0	0	0	0	0	0	0	0	0	0	0	0	0	0	0	0	0	0	0	0	0	0	0	0	0	0	0	0	0	0	0	0	0	0	0	0	0	0	0	0	0	0	0	0	0	0	0	0	0	0	0	0	0	0	0	0	66	60	92	12	98	126	122	78	105	102	114	42
0	0	0	0	0	0	0	0	0	0	0	0	0	0	0	0	0	0	0	0	0	0	0	0	0	0	0	0	0	0	0	0	0	0	0	0	0	0	0	0	0	0	0	0	0	0	0	0	0	0	0	0	0	0	0	0	0	0	0	0	0	0	0	0	0	0	0	0	0	0	0	0	0	0	0	0	0	0	0	0	0	0	0	0	0	0	0	0	0	0	0	0	0	0	0	0	0	0	0	0	0	0	0	0	0	0	0	0	0	0	0	0	0	0	0	0	0	105	40	121	71	27	76	124	111	42	110	28
0	0	0	0	0	0	0	0	0	0	0	0	0	0	0	0	0	0	0	0	0	0	0	0	0	0	0	0	0	0	0	0	0	0	0	0	0	0	0	0	0	0	0	0	0	0	0	0	0	0	0	0	0	0	0	0	0	0	0	0	0	0	0	0	0	0	0	0	0	0	0	0	0	0	0	0	0	0	0	0	0	0	0	0	0	0	0	0	0	0	0	0	0	0	0	0	0	0	0	0	0	0	0	0	0	0	0	0	0	0	0	0	0	0	0	0	0	0	75	60	115	65	53	32	96	19	128	45
0	0	0	0	0	0	0	0	0	0	0	0	0	0	0	0	0	0	0	0	0	0	0	0	0	0	0	0	0	0	0	0	0	0	0	0	0	0	0	0	0	0	0	0	0	0	0	0	0	0	0	0	0	0	0	0	0	0	0	0	0	0	0	0	0	0	0	0	0	0	0	0	0	0	0	0	0	0	0	0	0	0	0	0	0	0	0	0	0	0	0	0	0	0	0	0	0	0	0	0	0	0	0	0	0	0	0	0	0	0	0	0	0	0	0	0	0	0	0	10	7	72	39	63	3	14	55	71
0	0	0	0	0	0	0	0	0	0	0	0	0	0	0	0	0	0	0	0	0	0	0	0	0	0	0	0	0	0	0	0	0	0	0	0	0	0	0	0	0	0	0	0	0	0	0	0	0	0	0	0	0	0	0	0	0	0	0	0	0	0	0	0	0	0	0	0	0	0	0	0	0	0	0	0	0	0	0	0	0	0	0	0	0	0	0	0	0	0	0	0	0	0	0	0	0	0	0	0	0	0	0	0	0	0	0	0	0	0	0	0	0	0	0	0	0	0	0	0	40	59	114	115	39	45	126	83
0	0	0	0	0	0	0	0	0	0	0	0	0	0	0	0	0	0	0	0	0	0	0	0	0	0	0	0	0	0	0	0	0	0	0	0	0	0	0	0	0	0	0	0	0	0	0	0	0	0	0	0	0	0	0	0	0	0	0	0	0	0	0	0	0	0	0	0	0	0	0	0	0	0	0	0	0	0	0	0	0	0	0	0	0	0	0	0	0	0	0	0	0	0	0	0	0	0	0	0	0	0	0	0	0	0	0	0	0	0	0	0	0	0	0	0	0	0	0	0	0	53	46	49	109	115	69	122
0	0	0	0	0	0	0	0	0	0	0	0	0	0	0	0	0	0	0	0	0	0	0	0	0	0	0	0	0	0	0	0	0	0	0	0	0	0	0	0	0	0	0	0	0	0	0	0	0	0	0	0	0	0	0	0	0	0	0	0	0	0	0	0	0	0	0	0	0	0	0	0	0	0	0	0	0	0	0	0	0	0	0	0	0	0	0	0	0	0	0	0	0	0	0	0	0	0	0	0	0	0	0	0	0	0	0	0	0	0	0	0	0	0	0	0	0	0	0	0	0	0	103	56	36	41	28	11
0	0	0	0	0	0	0	0	0	0	0	0	0	0	0	0	0	0	0	0	0	0	0	0	0	0	0	0	0	0	0	0	0	0	0	0	0	0	0	0	0	0	0	0	0	0	0	0	0	0	0	0	0	0	0	0	0	0	0	0	0	0	0	0	0	0	0	0	0	0	0	0	0	0	0	0	0	0	0	0	0	0	0	0	0	0	0	0	0	0	0	0	0	0	0	0	0	0	0	0	0	0	0	0	0	0	0	0	0	0	0	0	0	0	0	0	0	0	0	0	0	0	0	32	1	113	36	66
0	0	0	0	0	0	0	0	0	0	0	0	0	0	0	0	0	0	0	0	0	0	0	0	0	0	0	0	0	0	0	0	0	0	0	0	0	0	0	0	0	0	0	0	0	0	0	0	0	0	0	0	0	0	0	0	0	0	0	0	0	0	0	0	0	0	0	0	0	0	0	0	0	0	0	0	0	0	0	0	0	0	0	0	0	0	0	0	0	0	0	0	0	0	0	0	0	0	0	0	0	0	0	0	0	0	0	0	0	0	0	0	0	0	0	0	0	0	0	0	0	0	0	0	117	92	82	126
0	0	0	0	0	0	0	0	0	0	0	0	0	0	0	0	0	0	0	0	0	0	0	0	0	0	0	0	0	0	0	0	0	0	0	0	0	0	0	0	0	0	0	0	0	0	0	0	0	0	0	0	0	0	0	0	0	0	0	0	0	0	0	0	0	0	0	0	0	0	0	0	0	0	0	0	0	0	0	0	0	0	0	0	0	0	0	0	0	0	0	0	0	0	0	0	0	0	0	0	0	0	0	0	0	0	0	0	0	0	0	0	0	0	0	0	0	0	0	0	0	0	0	0	0	62	41	17
0	0	0	0	0	0	0	0	0	0	0	0	0	0	0	0	0	0	0	0	0	0	0	0	0	0	0	0	0	0	0	0	0	0	0	0	0	0	0	0	0	0	0	0	0	0	0	0	0	0	0	0	0	0	0	0	0	0	0	0	0	0	0	0	0	0	0	0	0	0	0	0	0	0	0	0	0	0	0	0	0	0	0	0	0	0	0	0	0	0	0	0	0	0	0	0	0	0	0	0	0	0	0	0	0	0	0	0	0	0	0	0	0	0	0	0	0	0	0	0	0	0	0	0	0	0	81	55
0	0	0	0	0	0	0	0	0	0	0	0	0	0	0	0	0	0	0	0	0	0	0	0	0	0	0	0	0	0	0	0	0	0	0	0	0	0	0	0	0	0	0	0	0	0	0	0	0	0	0	0	0	0	0	0	0	0	0	0	0	0	0	0	0	0	0	0	0	0	0	0	0	0	0	0	0	0	0	0	0	0	0	0	0	0	0	0	0	0	0	0	0	0	0	0	0	0	0	0	0	0	0	0	0	0	0	0	0	0	0	0	0	0	0	0	0	0	0	0	0	0	0	0	0	0	0	127
0	0	0	0	0	0	0	0	0	0	0	0	0	0	0	0	0	0	0	0	0	0	0	0	0	0	0	0	0	0	0	0	0	0	0	0	0	0	0	0	0	0	0	0	0	0	0	0	0	0	0	0	0	0	0	0	0	0	0	0	0	0	0	0	0	0	0	0	0	0	0	0	0	0	0	0	0	0	0	0	0	0	0	0	0	0	0	0	0	0	0	0	0	0	0	0	0	0	0	0	0	0	0	0	0	0	0	0	0	0	0	0	0	0	0	0	0	0	0	0	0	0	0	0	0	0	0	0