0	124	25	125	100	3	62	66	85	31	73	43	82	3	122	16	22	57	86	66	98	29	72	62	108	10	34	88	43	59	114	31	23	62	24	68	93	124	39	45	83	27	22	111	11	126	86	123	10	83	74	71	76	85	25	50	126	62	110	40	40	103	5	14	83	73	70	72	9	52	105	38	40	120	23	16	108	27	69	63	94	34	65	15	49	1	7	101	66	14	64	123	83	3	43	73	92	60	42	59	22	33	48	63	43	51	111	45	91	75	119	107	12	99	104	125	31	31	105	75	77	52	15	16	96	17	104	77
0	0	15	116	93	103	79	10	14	76	80	113	25	17	125	33	16	92	115	125	12	112	74	77	70	43	115	22	78	30	19	116	47	6	87	91	83	114	73	20	73	122	83	54	25	46	60	55	65	80	45	128	57	115	113	67	53	3	122	3	12	72	89	128	113	48	58	4	58	47	9	58	27	6	107	18	52	68	111	120	113	93	126	91	116	56	109	40	18	45	102	100	127	61	61	117	81	51	105	24	20	93	18	101	111	77	118	57	97	113	51	107	119	94	77	34	47	33	34	52	94	102	115	122	25	95	89	71
0	0	0	7	114	64	70	84	128	115	30	34	40	42	61	99	30	10	13	125	79	118	100	95	11	112	12	37	34	67	91	5	51	104	52	26	117	48	63	89	78	2	105	106	42	52	96	30	28	95	99	39	90	85	81	126	56	4	113	1	126	52	1	118	89	5	47	86	100	114	55	14	38	59	59	16	54	89	7	47	69	72	64	44	6	39	2	91	80	10	3	25	3	27	113	128	65	39	69	46	27	76	13	9	106	98	71	103	23	121	72	110	40	57	89	81	51	30	39	45	51	92	48	33	44	34	61	52
0	0	0	0	105	123	110	115	94	127	49	60	109	20	20	114	54	91	30	59	3	101	76	22	5	41	10	54	48	21	67	6	124	51	112	121	97	70	120	93	48	17	49	59	9	56	40	50	112	91	64	6	96	5	37	1	48	114	106	99	75	45	103	24	81	23	65	22	10	125	37	125	77	121	40	60	52	30	125	63	11	12	84	71	105	51	4	77	68	96	86	1	23	110	72	107	18	113	51	84	98	4	6	17	107	49	54	87	112	72	63	118	93	92	15	74	114	13	97	66	28	17	65	88	33	19	35	108
0	0	0	0	0	39	70	98	121	116	105	15	34	27	77	105	42	50	57	39	11	86	54	7	63	94	40	57	43	18	114	85	111	83	110	97	59	127	110	15	117	33	45	100	14	91	100	77	56	115	49	86	37	112	117	82	56	122	67	28	52	98	72	78	30	101	62	65	30	34	45	54	10	120	64	18	82	74	14	76	4	54	19	125	33	39	7	50	65	73	79	97	6	38	13	105	12	67	63	118	46	103	56	82	99	9	93	69	17	26	124	29	70	12	87	59	84	62	46	112	86	49	20	47	56	80	29	122
0	0	0	0	0	0	40	72	105	36	119	10	52	72	70	103	91	67	2	9	116	5	61	88	62	1	122	111	123	107	20	38	70	91	117	43	12	38	111	117	26	101	115	10	120	55	97	55	65	21	93	104	53	103	60	8	58	71	70	70	5	73	111	48	29	47	126	79	25	79	3	31	63	83	35	41	78	95	15	2	80	11	41	125	7	122	43	116	109	35	113	46	43	52	111	119	13	119	113	35	125	123	55	105	78	104	9	101	78	53	116	6	51	27	17	13	92	66	121	103	118	122	55	80	31	25	5	73
0	0	0	0	0	0	0	43	117	17	91	110	73	101	80	54	65	19	117	103	119	28	32	10	97	95	91	16	19	46	38	70	121	122	93	34	44	22	26	63	14	26	110	34	63	98	28	97	8	11	109	37	124	110	121	47	34	29	29	62	119	82	103	98	14	117	113	24	123	119	92	70	75	53	51	107	77	69	22	80	90	44	110	48	40	106	66	58	56	70	8	118	112	89	63	14	110	54	15	6	15	104	74	33	6	100	17	74	29	39	111	125	25	53	52	82	75	80	112	27	118	117	100	48	74	74	90	89
0	0	0	0	0	0	0	0	19	31	2	53	85	101	116	125	29	97	124	122	106	123	18	23	70	73	1	5	84	2	3	55	85	31	3	115	20	68	57	116	94	122	119	98	11	31	101	33	90	119	36	103	107	29	98	68	82	76	67	78	121	9	48	83	27	81	97	112	62	74	103	81	117	71	48	28	55	76	45	40	65	60	61	63	40	4	65	47	97	23	101	83	98	53	51	43	42	87	94	104	93	4	69	88	69	47	128	32	7	13	16	103	115	53	90	25	54	118	50	97	101	70	127	121	71	45	76	64
0	0	0	0	0	0	0	0	0	108	96	115	122	63	74	105	106	53	113	109	72	109	104	33	95	120	114	71	92	90	67	75	52	72	59	115	122	120	16	122	55	103	73	82	20	53	96	109	4	25	37	47	114	35	71	103	79	84	24	75	123	17	24	64	13	108	47	86	39	122	81	90	17	10	127	102	23	11	78	59	103	53	96	126	90	20	103	67	58	42	100	38	25	11	55	95	72	98	98	34	124	97	20	91	51	95	32	19	102	13	52	45	9	128	18	45	10	94	120	17	74	35	55	120	106	34	26	85
0	0	0	0	0	0	0	0	0	0	104	117	18	113	96	77	42	70	61	40	89	31	31	119	101	95	127	16	126	46	7	92	113	50	110	30	100	6	110	103	126	122	27	36	13	45	98	116	95	119	90	29	116	82	69	42	104	10	33	49	99	53	114	14	28	57	72	104	57	72	58	55	108	117	57	77	2	9	29	27	125	77	65	5	56	28	98	82	82	49	78	38	93	11	53	102	121	61	122	33	93	8	42	125	52	63	76	35	5	9	36	81	39	25	106	37	2	1	116	77	123	63	65	115	55	44	70	11
0	0	0	0	0	0	0	0	0	0	0	29	44	95	82	81	25	116	112	117	74	24	27	11	88	54	20	26	43	121	103	11	54	74	61	50	42	112	83	69	90	43	24	28	36	47	24	104	104	43	60	86	9	74	33	81	41	70	32	1	94	124	28	107	35	19	121	22	31	12	119	126	13	54	28	124	79	97	108	112	115	3	64	36	35	30	89	57	70	7	111	33	26	115	63	55	104	78	96	68	19	4	19	55	83	101	60	64	109	110	24	35	65	48	17	116	1	33	118	74	121	127	86	108	68	13	102	14
0	0	0	0	0	0	0	0	0	0	0	0	106	56	4	59	119	121	50	109	88	9	19	32	67	51	105	88	14	8	92	116	42	55	7	48	53	4	2	23	116	62	73	23	4	75	28	95	16	42	87	43	34	9	60	38	115	123	62	92	52	19	2	80	107	30	86	9	101	124	15	84	58	62	67	65	19	56	119	77	85	28	121	1	56	89	46	70	57	107	86	5	95	66	29	95	60	27	73	104	54	36	36	71	104	89	31	82	29	113	112	20	31	41	37	119	2	110	60	109	84	108	5	41	114	116	82	99
0	0	0	0	0	0	0	0	0	0	0	0	0	31	39	40	112	87	46	44	59	24	106	6	62	69	113	112	111	57	95	39	59	106	125	104	124	65	79	90	43	126	40	98	77	22	74	122	38	85	75	63	53	43	30	14	122	93	72	96	5	59	114	1	111	2	40	125	44	81	96	71	98	107	48	11	104	82	79	112	127	45	126	39	45	58	32	116	11	17	68	24	92	103	59	49	39	51	83	123	18	70	22	81	48	62	97	111	89	125	101	42	122	72	64	30	4	74	105	83	9	4	2	79	98	11	64	67
0	0	0	0	0	0	0	0	0	0	0	0	0	0	4	99	9	28	11	100	68	76	19	2	42	99	58	54	70	11	72	42	66	80	91	46	110	24	78	2	111	42	71	54	25	9	91	26	69	12	23	49	100	52	23	50	41	23	58	112	87	80	118	62	2	91	58	84	73	103	66	62	15	29	89	24	120	71	116	118	36	19	17	10	26	7	49	102	91	8	119	120	12	13	62	44	25	20	120	50	24	68	64	54	77	109	128	117	82	102	76	87	52	65	91	15	45	85	57	116	84	16	105	86	33	28	21	68
0	0	0	0	0	0	0	0	0	0	0	0	0	0	0	72	119	22	50	108	106	104	12	57	23	31	116	16	8	46	17	11	20	17	41	82	53	88	11	92	40	54	58	82	25	22	86	82	54	111	19	101	125	48	60	111	38	78	128	11	113	78	81	83	21	67	22	94	53	50	11	106	54	28	11	62	63	59	96	85	96	16	53	50	43	37	117	34	62	96	105	31	128	96	72	4	66	52	82	92	19	104	115	111	110	5	55	123	84	84	84	106	51	92	30	43	100	10	43	68	86	83	106	39	5	59	39	123
0	0	0	0	0	0	0	0	0	0	0	0	0	0	0	0	68	7	33	37	6	120	39	3	78	63	65	17	110	97	110	127	98	38	86	81	86	3	30	122	84	89	35	123	115	97	8	83	31	39	45	87	63	3	112	117	47	17	40	24	89	41	50	3	22	88	58	57	8	78	20	59	26	125	116	90	99	108	98	21	99	67	42	126	17	93	50	50	103	12	45	110	110	49	72	53	7	49	57	94	3	98	48	88	88	49	59	97	4	118	24	122	76	72	12	54	127	100	22	67	83	34	85	128	6	37	118	110
0	0	0	0	0	0	0	0	0	0	0	0	0	0	0	0	0	73	94	21	33	109	48	15	32	91	49	82	19	77	119	25	125	82	91	38	57	68	54	38	27	104	124	77	62	26	114	47	48	123	104	44	37	103	93	77	80	109	56	41	105	117	49	126	95	23	58	74	36	32	107	59	40	81	93	42	35	126	37	17	106	122	49	120	110	47	4	29	90	71	126	68	86	24	65	87	39	43	88	126	117	33	19	84	30	73	128	123	43	81	40	58	63	60	89	19	91	118	74	82	91	105	108	128	106	117	125	37
0	0	0	0	0	0	0	0	0	0	0	0	0	0	0	0	0	0	33	125	4	113	7	1	61	69	17	106	13	76	100	11	65	106	55	73	116	38	26	88	107	93	64	37	84	75	25	76	41	49	4	120	115	60	116	118	5	71	6	21	14	58	45	87	97	51	77	73	94	68	23	20	42	11	16	55	59	51	6	24	18	64	7	106	44	126	80	93	95	41	89	59	13	120	47	110	57	72	3	55	110	114	3	10	60	73	80	62	15	111	40	77	6	29	121	45	3	19	99	51	119	96	62	40	51	30	69	62
0	0	0	0	0	0	0	0	0	0	0	0	0	0	0	0	0	0	0	80	36	21	95	28	26	56	98	32	2	48	32	67	4	77	125	47	38	125	121	57	42	115	88	116	33	7	95	120	9	52	45	125	28	88	35	65	99	2	30	69	38	29	14	16	39	65	127	56	34	25	86	23	91	119	121	32	33	111	13	112	4	48	117	30	96	127	99	55	94	3	91	89	60	87	117	52	94	24	112	56	60	84	23	10	83	33	75	35	114	119	118	88	61	9	35	28	83	34	63	16	122	43	4	26	106	10	111	36
0	0	0	0	0	0	0	0	0	0	0	0	0	0	0	0	0	0	0	0	42	87	22	112	95	14	22	6	90	25	10	87	44	58	48	28	115	59	75	24	71	54	23	54	117	46	83	10	69	102	43	109	4	102	106	52	74	58	47	87	79	20	65	114	101	17	83	82	109	38	104	94	56	93	115	17	99	110	78	81	30	50	83	47	42	11	9	106	7	5	128	26	32	123	15	6	49	13	11	31	28	3	4	121	85	25	34	83	126	15	92	61	66	32	62	128	42	69	98	64	102	54	83	103	102	74	85	49
0	0	0	0	0	0	0	0	0	0	0	0	0	0	0	0	0	0	0	0	0	51	94	46	87	27	103	46	20	93	91	51	100	51	75	28	27	5	26	104	25	114	24	60	68	121	25	81	117	93	35	85	13	22	102	69	82	94	105	18	97	114	7	51	74	124	73	103	59	83	93	20	80	46	14	98	40	3	128	24	38	77	14	69	36	118	47	37	74	59	43	93	58	19	72	14	95	26	119	10	45	24	75	31	121	34	28	77	34	38	33	64	20	66	127	75	93	92	56	76	121	20	52	107	85	8	20	111
0	0	0	0	0	0	0	0	0	0	0	0	0	0	0	0	0	0	0	0	0	0	122	36	6	69	9	1	57	1	24	25	72	5	21	58	4	69	93	64	24	18	105	2	50	47	77	60	107	21	71	30	10	58	30	103	14	32	38	97	52	108	90	95	81	94	85	66	70	44	29	108	14	106	86	16	42	44	3	21	67	18	24	5	69	128	39	75	108	53	117	68	7	109	4	84	85	41	102	64	44	108	85	37	120	37	60	77	106	114	35	57	118	86	14	77	72	87	7	29	52	49	10	13	122	88	98	36
0	0	0	0	0	0	0	0	0	0	0	0	0	0	0	0	0	0	0	0	0	0	0	14	108	84	94	28	94	98	13	125	125	120	107	61	16	89	40	6	101	87	99	17	116	49	127	59	76	47	59	38	58	104	10	99	43	48	102	7	22	83	115	124	38	98	123	5	1	76	70	51	20	11	59	21	38	42	38	124	61	113	20	25	100	112	75	60	5	46	91	20	59	31	82	61	12	112	5	103	106	102	50	109	5	41	62	116	49	10	37	70	111	3	3	40	123	95	1	92	101	57	109	38	38	15	34	116
0	0	0	0	0	0	0	0	0	0	0	0	0	0	0	0	0	0	0	0	0	0	0	0	76	20	84	9	124	64	23	10	90	45	55	128	65	14	81	101	106	34	50	82	32	39	23	102	38	46	114	7	38	112	119	4	83	17	39	39	49	27	55	128	5	65	81	86	25	125	3	95	50	17	33	3	40	107	83	120	124	88	65	65	23	71	17	69	48	26	46	42	57	57	113	52	33	43	117	75	64	101	39	108	26	20	32	24	26	30	79	5	122	114	12	127	118	72	46	36	112	122	44	88	111	29	5	70
0	0	0	0	0	0	0	0	0	0	0	0	0	0	0	0	0	0	0	0	0	0	0	0	0	15	120	39	102	45	76	54	104	84	66	59	87	21	50	103	79	23	38	82	20	58	106	72	128	128	31	47	82	85	63	91	82	3	31	120	17	66	59	128	64	112	58	17	51	11	59	2	82	27	44	77	108	31	109	51	30	36	39	81	126	3	13	125	9	1	15	3	94	96	123	46	67	71	31	127	8	22	52	2	106	81	59	73	9	105	31	100	6	25	118	67	54	114	79	20	29	55	70	70	49	76	57	33
0	0	0	0	0	0	0	0	0	0	0	0	0	0	0	0	0	0	0	0	0	0	0	0	0	0	57	35	11	113	116	52	113	86	125	117	68	42	62	45	76	26	44	100	29	79	108	18	81	106	108	6	66	102	99	20	100	35	125	77	118	100	57	126	28	72	57	71	100	93	53	54	18	38	75	67	52	106	65	63	126	31	37	90	55	6	65	97	52	10	26	71	49	118	11	121	87	93	128	24	107	103	13	49	90	42	100	26	70	76	95	118	107	127	11	107	75	36	94	109	5	27	119	102	28	82	20	104
0	0	0	0	0	0	0	0	0	0	0	0	0	0	0	0	0	0	0	0	0	0	0	0	0	0	0	90	4	47	47	105	71	34	19	4	95	3	10	78	4	39	12	49	97	86	31	13	38	64	77	65	75	107	55	26	100	94	37	13	73	108	121	43	105	103	75	28	115	62	52	36	50	72	7	44	117	56	30	28	67	119	26	59	117	113	8	43	115	64	110	82	71	69	38	23	60	49	120	85	35	12	6	109	85	42	72	56	74	31	112	88	55	44	35	1	41	107	27	31	55	125	78	24	81	78	35	112
0	0	0	0	0	0	0	0	0	0	0	0	0	0	0	0	0	0	0	0	0	0	0	0	0	0	0	0	84	41	2	56	17	12	67	49	117	29	91	88	115	95	14	95	123	3	45	36	65	37	84	21	108	2	108	19	87	105	34	41	98	71	73	124	56	24	34	83	109	89	97	38	122	5	85	126	32	100	58	72	4	54	56	105	83	33	19	49	127	61	4	121	76	102	89	94	116	12	14	83	93	38	104	57	56	24	15	53	3	71	95	82	30	25	127	27	13	99	28	55	108	17	123	103	98	123	96	43
0	0	0	0	0	0	0	0	0	0	0	0	0	0	0	0	0	0	0	0	0	0	0	0	0	0	0	0	0	24	12	22	3	78	38	81	38	7	49	17	15	33	124	10	19	24	36	37	13	90	117	111	53	37	56	8	122	117	5	87	24	48	97	88	47	11	50	111	80	69	123	13	6	66	66	112	7	8	9	128	2	85	22	60	65	14	8	48	99	9	21	12	109	16	5	71	115	24	24	46	98	97	28	58	2	30	53	44	59	106	63	100	63	101	120	78	105	8	127	22	13	1	106	103	49	107	91	120
0	0	0	0	0	0	0	0	0	0	0	0	0	0	0	0	0	0	0	0	0	0	0	0	0	0	0	0	0	0	120	10	81	88	72	50	54	18	41	80	55	39	84	128	100	71	128	16	14	119	48	21	83	35	104	123	108	23	21	109	9	63	120	117	6	34	110	18	120	41	31	23	51	65	27	90	105	65	91	75	4	101	120	74	2	76	39	38	4	32	82	30	118	17	112	15	5	42	76	114	83	81	51	62	31	120	3	102	118	62	11	59	99	8	94	14	22	67	84	8	50	21	6	52	20	53	16	74
0	0	0	0	0	0	0	0	0	0	0	0	0	0	0	0	0	0	0	0	0	0	0	0	0	0	0	0	0	0	0	31	88	101	120	28	1	18	43	113	38	60	119	49	93	21	5	25	116	115	22	46	88	23	33	115	62	13	79	128	21	52	64	86	44	1	26	86	32	24	88	128	13	113	42	105	30	116	112	81	118	36	91	100	36	37	103	34	50	56	17	7	54	18	10	101	52	82	72	78	15	8	76	127	102	91	71	117	92	108	2	115	81	93	105	44	16	46	120	108	112	103	115	63	97	117	19	35
0	0	0	0	0	0	0	0	0	0	0	0	0	0	0	0	0	0	0	0	0	0	0	0	0	0	0	0	0	0	0	0	101	14	49	5	85	3	124	34	86	29	66	80	119	128	98	51	12	102	73	18	93	70	91	8	53	84	96	3	19	25	88	25	54	85	107	110	44	99	35	34	78	115	23	58	33	100	60	34	99	37	45	54	35	59	101	107	109	114	61	20	19	75	63	18	77	123	109	112	99	59	62	107	90	125	31	125	85	107	69	17	55	80	96	117	49	20	86	100	120	120	19	31	99	10	7	30
0	0	0	0	0	0	0	0	0	0	0	0	0	0	0	0	0	0	0	0	0	0	0	0	0	0	0	0	0	0	0	0	0	2	69	38	2	80	99	45	128	60	76	10	94	10	41	72	42	70	16	17	31	107	26	124	59	15	60	124	16	103	58	26	53	69	94	40	57	78	2	29	48	109	85	41	74	127	16	104	119	77	62	14	96	90	85	27	58	37	86	128	19	78	17	93	63	16	15	63	119	124	19	32	101	79	74	108	117	115	5	113	6	49	73	78	44	113	125	103	42	118	99	100	118	115	14	8
0	0	0	0	0	0	0	0	0	0	0	0	0	0	0	0	0	0	0	0	0	0	0	0	0	0	0	0	0	0	0	0	0	0	2	69	87	128	87	42	77	114	48	104	53	52	114	68	46	121	80	41	103	14	40	126	87	28	26	46	121	90	116	64	3	46	66	77	75	44	73	118	18	114	103	70	18	43	77	79	124	65	104	37	123	38	96	121	116	97	107	41	22	114	12	4	36	34	95	32	74	39	52	109	14	124	47	79	13	26	18	68	54	40	22	58	85	56	122	104	46	1	79	86	41	118	54	53
0	0	0	0	0	0	0	0	0	0	0	0	0	0	0	0	0	0	0	0	0	0	0	0	0	0	0	0	0	0	0	0	0	0	0	71	30	36	121	57	127	34	118	101	54	4	21	64	2	5	53	24	67	99	110	70	90	119	124	60	13	38	111	60	23	107	104	83	82	90	87	119	29	114	58	57	37	103	75	40	120	125	20	28	82	63	13	61	64	92	23	126	24	97	86	5	28	23	81	54	127	34	56	109	70	89	87	45	42	116	121	121	93	68	53	69	101	26	65	117	49	19	48	99	1	103	40	59
0	0	0	0	0	0	0	0	0	0	0	0	0	0	0	0	0	0	0	0	0	0	0	0	0	0	0	0	0	0	0	0	0	0	0	0	68	88	110	61	57	43	50	116	97	116	50	78	96	71	124	84	120	123	31	76	101	60	85	58	122	95	25	104	21	10	68	4	54	63	59	19	38	41	38	50	8	75	13	69	62	44	71	114	66	46	68	91	60	59	21	4	124	70	76	93	96	90	37	14	22	63	81	123	13	2	82	83	120	15	56	49	98	85	16	18	16	5	32	87	88	78	5	53	77	51	46	109
0	0	0	0	0	0	0	0	0	0	0	0	0	0	0	0	0	0	0	0	0	0	0	0	0	0	0	0	0	0	0	0	0	0	0	0	0	122	124	17	82	58	14	32	53	105	24	53	1	68	71	31	26	43	45	40	42	78	56	40	117	119	83	63	120	43	95	76	128	30	4	6	122	3	12	2	60	102	109	117	2	73	22	128	67	36	96	1	83	89	12	115	5	106	86	57	11	122	109	12	28	60	102	69	71	117	13	48	74	59	13	94	126	39	57	33	22	119	50	101	34	49	99	80	113	118	17	35
0	0	0	0	0	0	0	0	0	0	0	0	0	0	0	0	0	0	0	0	0	0	0	0	0	0	0	0	0	0	0	0	0	0	0	0	0	0	14	3	75	107	39	113	122	40	74	44	25	30	72	10	62	20	35	107	76	49	70	92	107	46	51	24	94	52	41	43	119	116	60	114	65	77	49	109	58	22	4	8	19	10	98	62	35	58	33	120	109	110	23	54	93	79	108	89	60	64	4	31	122	29	125	100	35	50	48	94	32	119	7	65	81	80	13	14	72	59	16	80	27	115	35	113	54	76	103	10
0	0	0	0	0	0	0	0	0	0	0	0	0	0	0	0	0	0	0	0	0	0	0	0	0	0	0	0	0	0	0	0	0	0	0	0	0	0	0	50	58	112	78	3	56	109	66	100	68	128	123	97	60	7	112	47	105	46	23	29	30	92	80	89	36	17	117	92	74	69	60	64	75	37	35	16	113	120	32	25	31	37	45	74	19	49	105	85	117	65	83	33	93	86	125	95	47	108	123	99	111	20	84	45	92	8	9	38	70	77	126	29	33	115	44	77	4	94	44	128	5	58	53	120	58	70	43	28
0	0	0	0	0	0	0	0	0	0	0	0	0	0	0	0	0	0	0	0	0	0	0	0	0	0	0	0	0	0	0	0	0	0	0	0	0	0	0	0	93	5	48	11	90	34	17	51	64	106	88	51	128	21	24	82	119	125	128	117	40	93	33	15	12	89	63	96	55	29	68	67	60	13	33	57	104	30	106	108	112	92	93	48	61	30	84	124	14	118	24	88	122	6	71	98	112	80	12	23	76	58	105	38	41	108	19	72	58	78	48	21	94	104	125	96	11	117	31	19	76	25	107	59	45	56	30	102
0	0	0	0	0	0	0	0	0	0	0	0	0	0	0	0	0	0	0	0	0	0	0	0	0	0	0	0	0	0	0	0	0	0	0	0	0	0	0	0	0	120	8	88	24	80	13	102	35	62	105	98	99	3	71	60	98	62	88	5	67	50	82	110	112	83	12	23	70	124	53	5	119	50	16	5	53	107	27	107	98	6	102	35	122	9	67	83	125	43	45	83	39	64	74	103	70	9	103	88	57	58	99	63	16	14	108	116	101	69	99	25	100	78	55	54	67	43	106	17	120	123	27	123	64	28	44	28
0	0	0	0	0	0	0	0	0	0	0	0	0	0	0	0	0	0	0	0	0	0	0	0	0	0	0	0	0	0	0	0	0	0	0	0	0	0	0	0	0	0	25	42	108	106	125	108	128	97	110	13	75	28	7	84	92	53	40	53	113	73	78	103	20	41	102	5	1	52	106	14	22	52	43	69	35	97	50	65	15	39	107	46	56	22	94	43	66	30	16	114	20	30	10	38	55	77	6	110	99	5	43	85	46	48	122	50	90	60	85	23	66	121	100	127	88	15	92	77	124	23	111	5	42	122	86	86
0	0	0	0	0	0	0	0	0	0	0	0	0	0	0	0	0	0	0	0	0	0	0	0	0	0	0	0	0	0	0	0	0	0	0	0	0	0	0	0	0	0	0	51	39	120	97	115	3	27	71	97	123	45	35	76	81	97	43	6	29	101	4	76	43	31	59	123	62	115	95	104	19	118	120	14	17	61	125	23	46	127	12	80	89	114	44	104	78	112	119	28	88	103	116	115	12	95	109	11	113	70	71	2	86	67	96	4	61	38	5	43	21	73	6	99	48	74	84	27	115	26	12	128	82	69	26	50
0	0	0	0	0	0	0	0	0	0	0	0	0	0	0	0	0	0	0	0	0	0	0	0	0	0	0	0	0	0	0	0	0	0	0	0	0	0	0	0	0	0	0	0	82	15	22	52	22	48	126	24	25	11	97	109	106	52	114	119	61	42	102	65	98	14	123	97	117	46	11	81	87	42	105	87	125	126	110	19	83	16	112	83	83	110	44	83	28	88	93	90	125	69	107	94	88	17	111	96	63	31	74	50	54	127	60	18	34	103	68	92	25	40	54	11	1	60	79	92	123	40	85	81	104	78	58	46
0	0	0	0	0	0	0	0	0	0	0	0	0	0	0	0	0	0	0	0	0	0	0	0	0	0	0	0	0	0	0	0	0	0	0	0	0	0	0	0	0	0	0	0	0	19	100	58	81	22	2	76	120	103	70	116	54	36	26	127	83	78	44	4	126	62	26	86	33	11	125	28	86	120	105	122	24	84	122	66	116	82	5	9	121	30	114	56	112	100	65	50	121	12	42	118	45	123	66	87	120	23	44	23	118	15	64	7	22	109	14	127	126	34	17	49	50	123	40	57	54	105	74	96	34	45	5	26
0	0	0	0	0	0	0	0	0	0	0	0	0	0	0	0	0	0	0	0	0	0	0	0	0	0	0	0	0	0	0	0	0	0	0	0	0	0	0	0	0	0	0	0	0	0	81	6	89	109	87	96	127	65	47	8	30	75	106	8	80	123	72	120	42	6	113	107	106	26	100	124	25	60	10	87	9	61	11	54	95	44	13	119	85	52	105	7	115	111	47	29	82	117	29	24	59	6	19	74	20	79	72	60	23	65	16	24	16	51	19	109	45	66	57	88	89	11	88	55	33	20	24	97	108	11	47	91
0	0	0	0	0	0	0	0	0	0	0	0	0	0	0	0	0	0	0	0	0	0	0	0	0	0	0	0	0	0	0	0	0	0	0	0	0	0	0	0	0	0	0	0	0	0	0	5	68	68	27	103	2	13	98	38	120	26	11	59	88	45	6	31	40	32	119	38	108	107	73	40	72	77	19	36	86	19	20	39	23	8	106	25	75	88	120	39	76	5	54	47	87	105	21	4	85	30	31	91	112	83	127	103	65	34	27	112	80	54	68	9	63	77	92	49	116	11	127	82	97	68	56	41	11	93	71	13
0	0	0	0	0	0	0	0	0	0	0	0	0	0	0	0	0	0	0	0	0	0	0	0	0	0	0	0	0	0	0	0	0	0	0	0	0	0	0	0	0	0	0	0	0	0	0	0	5	13	94	9	111	69	23	85	126	73	109	121	45	21	89	52	85	12	121	43	105	124	12	42	13	34	40	42	119	89	85	62	35	53	80	79	105	100	72	65	53	68	71	118	92	100	68	81	48	14	121	80	51	124	111	11	95	27	112	27	36	68	48	30	1	113	1	43	9	46	35	94	59	110	6	58	50	35	90	38
0	0	0	0	0	0	0	0	0	0	0	0	0	0	0	0	0	0	0	0	0	0	0	0	0	0	0	0	0	0	0	0	0	0	0	0	0	0	0	0	0	0	0	0	0	0	0	0	0	60	51	74	86	128	63	81	6	127	19	1	128	55	36	50	95	16	4	12	95	72	116	73	20	44	102	61	6	128	82	10	24	64	80	23	38	38	109	42	115	103	90	113	77	76	109	37	52	117	98	5	25	37	110	39	62	51	12	6	90	22	25	105	19	109	9	45	43	90	126	73	37	58	109	120	125	79	52	12
0	0	0	0	0	0	0	0	0	0	0	0	0	0	0	0	0	0	0	0	0	0	0	0	0	0	0	0	0	0	0	0	0	0	0	0	0	0	0	0	0	0	0	0	0	0	0	0	0	0	32	18	23	79	18	36	113	11	5	121	35	87	85	92	113	76	40	5	100	51	42	87	100	55	23	75	105	30	1	43	109	90	25	47	108	74	61	50	36	31	31	25	126	109	15	117	69	19	108	113	37	71	124	1	12	45	13	79	98	77	113	73	2	87	106	81	72	41	15	102	116	10	92	25	2	53	27	59
0	0	0	0	0	0	0	0	0	0	0	0	0	0	0	0	0	0	0	0	0	0	0	0	0	0	0	0	0	0	0	0	0	0	0	0	0	0	0	0	0	0	0	0	0	0	0	0	0	0	0	62	77	60	81	44	118	49	60	49	2	119	28	24	85	73	94	34	39	99	4	36	63	13	6	33	89	14	42	35	89	79	117	108	29	12	56	121	118	48	22	60	117	17	20	75	25	72	90	23	22	38	56	89	114	17	107	52	127	7	92	91	42	39	47	107	42	99	101	81	69	34	110	71	54	125	67	40
0	0	0	0	0	0	0	0	0	0	0	0	0	0	0	0	0	0	0	0	0	0	0	0	0	0	0	0	0	0	0	0	0	0	0	0	0	0	0	0	0	0	0	0	0	0	0	0	0	0	0	0	94	75	27	47	11	71	67	8	65	23	49	126	31	114	2	18	22	19	9	75	49	77	41	63	69	35	41	90	117	43	8	97	50	122	90	126	35	122	13	104	37	127	111	128	65	28	62	5	106	111	72	47	83	40	51	106	106	15	38	43	2	40	90	75	65	65	78	114	105	95	122	121	99	122	20	28
0	0	0	0	0	0	0	0	0	0	0	0	0	0	0	0	0	0	0	0	0	0	0	0	0	0	0	0	0	0	0	0	0	0	0	0	0	0	0	0	0	0	0	0	0	0	0	0	0	0	0	0	0	50	19	1	113	18	34	96	31	76	72	36	101	88	122	90	9	73	10	91	96	98	84	28	81	45	27	43	124	91	38	68	16	59	40	5	37	22	31	50	128	55	18	20	117	116	17	95	30	3	17	22	38	34	92	40	124	38	123	116	38	95	81	126	126	110	5	69	6	122	122	19	125	83	82	66
0	0	0	0	0	0	0	0	0	0	0	0	0	0	0	0	0	0	0	0	0	0	0	0	0	0	0	0	0	0	0	0	0	0	0	0	0	0	0	0	0	0	0	0	0	0	0	0	0	0	0	0	0	0	97	16	86	29	127	92	31	125	37	16	126	98	110	80	13	32	97	120	119	120	5	7	57	39	70	21	66	60	47	116	93	2	60	88	7	106	59	15	58	118	10	47	41	46	107	125	22	34	112	37	61	42	16	84	35	70	29	72	101	104	9	102	70	75	94	10	75	73	49	113	48	81	60	97
0	0	0	0	0	0	0	0	0	0	0	0	0	0	0	0	0	0	0	0	0	0	0	0	0	0	0	0	0	0	0	0	0	0	0	0	0	0	0	0	0	0	0	0	0	0	0	0	0	0	0	0	0	0	0	26	89	41	95	80	90	40	38	124	60	105	8	32	44	122	100	92	84	117	26	70	75	36	19	43	114	120	57	44	99	56	22	24	56	51	84	89	113	17	69	109	13	104	21	51	48	86	23	119	126	17	47	20	17	3	82	86	40	84	92	38	41	97	77	3	55	24	69	90	15	48	62	44
0	0	0	0	0	0	0	0	0	0	0	0	0	0	0	0	0	0	0	0	0	0	0	0	0	0	0	0	0	0	0	0	0	0	0	0	0	0	0	0	0	0	0	0	0	0	0	0	0	0	0	0	0	0	0	0	24	70	17	3	75	36	18	35	20	33	61	80	88	109	48	88	119	7	90	47	16	2	77	76	85	86	127	66	12	66	55	56	90	31	107	105	81	28	94	102	119	104	4	41	90	9	113	32	1	62	45	12	59	10	67	81	63	114	73	14	97	80	1	44	14	92	118	13	76	36	80	30
0	0	0	0	0	0	0	0	0	0	0	0	0	0	0	0	0	0	0	0	0	0	0	0	0	0	0	0	0	0	0	0	0	0	0	0	0	0	0	0	0	0	0	0	0	0	0	0	0	0	0	0	0	0	0	0	0	47	7	31	31	110	117	48	33	123	12	40	29	77	38	11	44	95	30	15	57	96	94	24	74	70	122	13	85	87	9	67	91	35	76	34	116	42	10	87	57	111	78	14	15	34	61	78	35	73	124	118	120	11	91	123	35	87	76	93	68	87	113	26	102	49	53	18	56	25	37	34
0	0	0	0	0	0	0	0	0	0	0	0	0	0	0	0	0	0	0	0	0	0	0	0	0	0	0	0	0	0	0	0	0	0	0	0	0	0	0	0	0	0	0	0	0	0	0	0	0	0	0	0	0	0	0	0	0	0	40	50	21	81	50	68	41	76	108	70	120	80	41	83	91	37	71	117	25	66	119	45	101	22	101	29	93	16	60	114	7	81	59	48	5	100	4	72	90	27	122	17	44	41	26	82	70	81	26	21	9	36	75	105	44	19	39	51	107	94	127	128	40	21	58	23	75	122	65	81
0	0	0	0	0	0	0	0	0	0	0	0	0	0	0	0	0	0	0	0	0	0	0	0	0	0	0	0	0	0	0	0	0	0	0	0	0	0	0	0	0	0	0	0	0	0	0	0	0	0	0	0	0	0	0	0	0	0	0	63	81	19	116	96	124	38	14	10	127	57	26	65	58	17	64	60	113	99	109	23	11	64	40	42	95	100	56	50	3	25	124	11	105	76	34	66	57	115	80	63	24	116	39	118	120	50	2	83	35	89	77	120	74	40	67	62	94	35	104	12	128	81	30	110	4	56	87	117
0	0	0	0	0	0	0	0	0	0	0	0	0	0	0	0	0	0	0	0	0	0	0	0	0	0	0	0	0	0	0	0	0	0	0	0	0	0	0	0	0	0	0	0	0	0	0	0	0	0	0	0	0	0	0	0	0	0	0	0	72	110	83	101	92	35	82	80	20	106	45	2	95	51	33	122	56	58	28	43	29	14	92	105	46	36	36	22	76	52	72	38	73	90	97	8	123	126	36	32	12	61	61	83	64	90	14	114	77	16	97	96	43	51	18	33	76	126	10	62	125	56	42	71	29	117	93	34
0	0	0	0	0	0	0	0	0	0	0	0	0	0	0	0	0	0	0	0	0	0	0	0	0	0	0	0	0	0	0	0	0	0	0	0	0	0	0	0	0	0	0	0	0	0	0	0	0	0	0	0	0	0	0	0	0	0	0	0	0	124	126	80	91	66	40	22	64	4	21	19	36	79	11	25	96	77	80	104	116	38	52	44	8	103	107	52	69	99	111	78	37	117	2	51	123	55	73	124	51	15	14	59	74	109	30	34	47	18	13	67	7	49	106	22	22	109	63	66	100	17	34	107	114	23	79	9
0	0	0	0	0	0	0	0	0	0	0	0	0	0	0	0	0	0	0	0	0	0	0	0	0	0	0	0	0	0	0	0	0	0	0	0	0	0	0	0	0	0	0	0	0	0	0	0	0	0	0	0	0	0	0	0	0	0	0	0	0	0	88	118	30	61	95	63	58	89	55	103	33	38	4	93	63	81	9	97	88	63	62	42	26	7	72	102	22	85	20	54	121	28	74	31	67	45	56	111	6	36	17	81	113	64	82	30	119	127	28	65	33	62	50	7	57	99	113	114	64	100	108	39	9	29	117	61
0	0	0	0	0	0	0	0	0	0	0	0	0	0	0	0	0	0	0	0	0	0	0	0	0	0	0	0	0	0	0	0	0	0	0	0	0	0	0	0	0	0	0	0	0	0	0	0	0	0	0	0	0	0	0	0	0	0	0	0	0	0	0	88	128	117	50	67	85	86	99	3	29	104	88	77	39	52	56	52	85	4	69	27	92	16	72	88	89	99	87	20	7	74	85	112	90	69	47	106	7	66	49	114	67	71	33	10	25	108	74	56	42	65	28	117	33	72	34	78	17	17	33	47	13	115	22	84
0	0	0	0	0	0	0	0	0	0	0	0	0	0	0	0	0	0	0	0	0	0	0	0	0	0	0	0	0	0	0	0	0	0	0	0	0	0	0	0	0	0	0	0	0	0	0	0	0	0	0	0	0	0	0	0	0	0	0	0	0	0	0	0	25	5	108	60	105	9	6	119	59	82	110	34	106	65	37	112	63	112	43	43	47	48	95	90	72	109	73	71	91	128	6	26	2	128	77	98	36	115	82	2	44	102	128	20	128	53	46	115	13	95	49	27	121	97	77	80	127	124	37	4	103	122	42	59
0	0	0	0	0	0	0	0	0	0	0	0	0	0	0	0	0	0	0	0	0	0	0	0	0	0	0	0	0	0	0	0	0	0	0	0	0	0	0	0	0	0	0	0	0	0	0	0	0	0	0	0	0	0	0	0	0	0	0	0	0	0	0	0	0	72	88	32	12	92	75	31	20	117	94	53	32	119	59	31	64	117	111	38	63	68	90	71	112	73	42	38	11	106	12	47	126	80	39	75	117	25	72	61	53	116	109	8	62	51	56	80	17	108	97	46	76	43	104	73	53	5	51	37	122	26	41	119
0	0	0	0	0	0	0	0	0	0	0	0	0	0	0	0	0	0	0	0	0	0	0	0	0	0	0	0	0	0	0	0	0	0	0	0	0	0	0	0	0	0	0	0	0	0	0	0	0	0	0	0	0	0	0	0	0	0	0	0	0	0	0	0	0	0	70	49	65	15	98	27	58	25	123	128	60	48	36	97	100	43	69	116	23	95	90	46	42	90	88	97	3	92	84	27	68	7	94	71	1	58	31	72	20	38	85	33	37	48	88	120	58	116	55	91	39	61	33	74	43	128	93	36	116	26	91	2
0	0	0	0	0	0	0	0	0	0	0	0	0	0	0	0	0	0	0	0	0	0	0	0	0	0	0	0	0	0	0	0	0	0	0	0	0	0	0	0	0	0	0	0	0	0	0	0	0	0	0	0	0	0	0	0	0	0	0	0	0	0	0	0	0	0	0	128	4	75	1	128	47	62	5	82	58	30	25	114	83	106	123	6	110	40	78	60	69	120	29	99	25	62	53	47	43	92	95	9	16	81	86	71	80	67	14	29	102	79	116	63	41	101	50	74	123	92	38	52	75	16	21	13	42	125	117	108
0	0	0	0	0	0	0	0	0	0	0	0	0	0	0	0	0	0	0	0	0	0	0	0	0	0	0	0	0	0	0	0	0	0	0	0	0	0	0	0	0	0	0	0	0	0	0	0	0	0	0	0	0	0	0	0	0	0	0	0	0	0	0	0	0	0	0	0	9	72	124	58	89	87	19	1	107	18	109	19	40	95	47	57	115	99	78	108	97	51	1	59	122	36	32	114	103	8	61	82	47	85	57	16	81	46	24	78	68	47	91	32	70	107	76	94	117	102	71	100	20	70	110	59	40	22	111	126
0	0	0	0	0	0	0	0	0	0	0	0	0	0	0	0	0	0	0	0	0	0	0	0	0	0	0	0	0	0	0	0	0	0	0	0	0	0	0	0	0	0	0	0	0	0	0	0	0	0	0	0	0	0	0	0	0	0	0	0	0	0	0	0	0	0	0	0	0	1	122	60	87	113	3	95	105	109	5	83	66	49	37	47	42	34	60	23	107	24	67	85	126	122	95	75	26	47	80	105	25	4	58	21	63	83	88	120	86	16	21	24	104	93	33	68	121	122	35	70	84	104	40	92	17	8	32	52
0	0	0	0	0	0	0	0	0	0	0	0	0	0	0	0	0	0	0	0	0	0	0	0	0	0	0	0	0	0	0	0	0	0	0	0	0	0	0	0	0	0	0	0	0	0	0	0	0	0	0	0	0	0	0	0	0	0	0	0	0	0	0	0	0	0	0	0	0	0	55	38	51	124	49	99	5	121	3	30	119	127	3	11	72	68	113	87	52	124	100	55	105	108	79	6	42	61	91	74	15	27	44	100	92	25	102	40	126	110	8	3	66	115	118	43	56	98	64	20	11	15	72	116	31	126	111	47
0	0	0	0	0	0	0	0	0	0	0	0	0	0	0	0	0	0	0	0	0	0	0	0	0	0	0	0	0	0	0	0	0	0	0	0	0	0	0	0	0	0	0	0	0	0	0	0	0	0	0	0	0	0	0	0	0	0	0	0	0	0	0	0	0	0	0	0	0	0	0	4	35	17	23	78	53	67	88	101	121	30	106	3	57	59	71	125	89	8	1	52	44	31	100	83	4	9	31	84	127	36	111	81	106	126	77	61	86	99	81	24	110	13	89	30	111	126	75	115	108	54	53	37	125	56	38	73
0	0	0	0	0	0	0	0	0	0	0	0	0	0	0	0	0	0	0	0	0	0	0	0	0	0	0	0	0	0	0	0	0	0	0	0	0	0	0	0	0	0	0	0	0	0	0	0	0	0	0	0	0	0	0	0	0	0	0	0	0	0	0	0	0	0	0	0	0	0	0	0	4	5	83	7	85	82	50	41	11	126	50	92	106	19	46	18	76	101	36	81	107	56	43	121	105	53	93	23	90	74	70	123	19	8	104	82	54	126	24	44	105	49	81	37	50	56	54	118	36	16	36	104	126	3	111	14
0	0	0	0	0	0	0	0	0	0	0	0	0	0	0	0	0	0	0	0	0	0	0	0	0	0	0	0	0	0	0	0	0	0	0	0	0	0	0	0	0	0	0	0	0	0	0	0	0	0	0	0	0	0	0	0	0	0	0	0	0	0	0	0	0	0	0	0	0	0	0	0	0	56	126	44	80	63	67	1	86	115	61	95	96	32	35	69	36	86	106	29	61	88	68	52	90	68	113	65	99	83	66	105	42	49	79	82	113	42	94	81	50	40	125	118	106	125	101	21	112	37	48	41	41	92	30	25
0	0	0	0	0	0	0	0	0	0	0	0	0	0	0	0	0	0	0	0	0	0	0	0	0	0	0	0	0	0	0	0	0	0	0	0	0	0	0	0	0	0	0	0	0	0	0	0	0	0	0	0	0	0	0	0	0	0	0	0	0	0	0	0	0	0	0	0	0	0	0	0	0	0	41	29	110	70	12	101	50	88	8	87	15	19	73	58	74	66	116	48	4	84	78	97	112	55	62	56	8	89	107	28	99	6	1	110	92	118	70	89	30	122	103	33	13	15	68	100	56	34	12	85	62	40	121	25
0	0	0	0	0	0	0	0	0	0	0	0	0	0	0	0	0	0	0	0	0	0	0	0	0	0	0	0	0	0	0	0	0	0	0	0	0	0	0	0	0	0	0	0	0	0	0	0	0	0	0	0	0	0	0	0	0	0	0	0	0	0	0	0	0	0	0	0	0	0	0	0	0	0	0	108	63	61	73	94	64	65	1	65	36	34	21	118	56	39	87	48	45	21	68	59	39	19	73	2	115	105	111	82	72	10	111	33	86	74	46	113	102	47	72	117	81	51	19	114	51	94	78	112	54	116	90	42
0	0	0	0	0	0	0	0	0	0	0	0	0	0	0	0	0	0	0	0	0	0	0	0	0	0	0	0	0	0	0	0	0	0	0	0	0	0	0	0	0	0	0	0	0	0	0	0	0	0	0	0	0	0	0	0	0	0	0	0	0	0	0	0	0	0	0	0	0	0	0	0	0	0	0	0	32	63	128	99	35	5	73	96	57	98	58	98	30	61	25	34	121	123	115	122	110	2	94	39	115	49	71	72	99	68	123	42	128	128	98	30	39	44	61	4	32	24	110	40	34	27	23	1	40	73	17	101
0	0	0	0	0	0	0	0	0	0	0	0	0	0	0	0	0	0	0	0	0	0	0	0	0	0	0	0	0	0	0	0	0	0	0	0	0	0	0	0	0	0	0	0	0	0	0	0	0	0	0	0	0	0	0	0	0	0	0	0	0	0	0	0	0	0	0	0	0	0	0	0	0	0	0	0	0	39	34	44	50	84	45	28	115	13	69	97	113	97	84	118	113	96	33	37	75	7	105	57	59	113	63	15	96	109	12	6	6	64	38	26	44	84	16	90	95	83	60	127	106	27	3	83	30	120	15	18
0	0	0	0	0	0	0	0	0	0	0	0	0	0	0	0	0	0	0	0	0	0	0	0	0	0	0	0	0	0	0	0	0	0	0	0	0	0	0	0	0	0	0	0	0	0	0	0	0	0	0	0	0	0	0	0	0	0	0	0	0	0	0	0	0	0	0	0	0	0	0	0	0	0	0	0	0	0	94	123	82	48	39	52	101	6	94	47	105	41	125	27	35	124	109	38	60	74	71	104	72	1	117	107	26	28	49	20	64	52	58	110	34	40	15	24	25	90	40	5	33	125	60	30	42	47	14	128
0	0	0	0	0	0	0	0	0	0	0	0	0	0	0	0	0	0	0	0	0	0	0	0	0	0	0	0	0	0	0	0	0	0	0	0	0	0	0	0	0	0	0	0	0	0	0	0	0	0	0	0	0	0	0	0	0	0	0	0	0	0	0	0	0	0	0	0	0	0	0	0	0	0	0	0	0	0	0	34	45	127	19	117	105	15	102	72	120	38	112	32	9	49	36	40	89	62	77	9	83	116	20	37	79	39	111	103	60	84	118	90	92	40	15	128	55	41	61	35	112	102	84	10	109	94	126	127
0	0	0	0	0	0	0	0	0	0	0	0	0	0	0	0	0	0	0	0	0	0	0	0	0	0	0	0	0	0	0	0	0	0	0	0	0	0	0	0	0	0	0	0	0	0	0	0	0	0	0	0	0	0	0	0	0	0	0	0	0	0	0	0	0	0	0	0	0	0	0	0	0	0	0	0	0	0	0	0	95	67	93	34	73	44	75	26	71	40	27	50	58	17	4	4	13	108	121	97	83	66	33	119	72	85	2	13	70	49	38	39	29	50	88	60	126	98	55	42	38	111	79	84	29	19	101	28
0	0	0	0	0	0	0	0	0	0	0	0	0	0	0	0	0	0	0	0	0	0	0	0	0	0	0	0	0	0	0	0	0	0	0	0	0	0	0	0	0	0	0	0	0	0	0	0	0	0	0	0	0	0	0	0	0	0	0	0	0	0	0	0	0	0	0	0	0	0	0	0	0	0	0	0	0	0	0	0	0	15	88	93	125	2	80	50	98	110	95	126	29	54	105	16	116	21	42	26	64	6	14	55	20	64	22	73	95	1	124	124	78	98	73	124	76	52	14	73	65	53	127	6	59	109	24	29
0	0	0	0	0	0	0	0	0	0	0	0	0	0	0	0	0	0	0	0	0	0	0	0	0	0	0	0	0	0	0	0	0	0	0	0	0	0	0	0	0	0	0	0	0	0	0	0	0	0	0	0	0	0	0	0	0	0	0	0	0	0	0	0	0	0	0	0	0	0	0	0	0	0	0	0	0	0	0	0	0	0	68	63	14	117	78	78	58	75	32	54	72	91	69	19	109	88	99	106	68	106	24	117	3	66	100	55	5	63	52	125	27	75	112	100	108	74	114	116	91	48	59	61	34	102	58	27
0	0	0	0	0	0	0	0	0	0	0	0	0	0	0	0	0	0	0	0	0	0	0	0	0	0	0	0	0	0	0	0	0	0	0	0	0	0	0	0	0	0	0	0	0	0	0	0	0	0	0	0	0	0	0	0	0	0	0	0	0	0	0	0	0	0	0	0	0	0	0	0	0	0	0	0	0	0	0	0	0	0	0	33	16	118	26	47	6	85	103	85	65	39	11	98	79	20	42	16	123	117	42	122	61	36	35	116	85	70	96	46	106	96	104	55	31	74	126	72	72	39	114	66	19	78	83	90
0	0	0	0	0	0	0	0	0	0	0	0	0	0	0	0	0	0	0	0	0	0	0	0	0	0	0	0	0	0	0	0	0	0	0	0	0	0	0	0	0	0	0	0	0	0	0	0	0	0	0	0	0	0	0	0	0	0	0	0	0	0	0	0	0	0	0	0	0	0	0	0	0	0	0	0	0	0	0	0	0	0	0	0	95	85	26	9	110	88	14	72	9	67	42	21	102	88	127	15	125	17	68	6	28	17	76	49	128	101	106	120	81	71	103	29	89	72	21	20	44	36	88	61	60	75	40	77
0	0	0	0	0	0	0	0	0	0	0	0	0	0	0	0	0	0	0	0	0	0	0	0	0	0	0	0	0	0	0	0	0	0	0	0	0	0	0	0	0	0	0	0	0	0	0	0	0	0	0	0	0	0	0	0	0	0	0	0	0	0	0	0	0	0	0	0	0	0	0	0	0	0	0	0	0	0	0	0	0	0	0	0	0	73	105	122	98	114	47	89	123	100	49	43	119	4	20	10	106	43	33	65	76	102	51	58	82	97	35	46	42	115	37	104	79	61	39	86	30	5	66	108	91	7	123	82
0	0	0	0	0	0	0	0	0	0	0	0	0	0	0	0	0	0	0	0	0	0	0	0	0	0	0	0	0	0	0	0	0	0	0	0	0	0	0	0	0	0	0	0	0	0	0	0	0	0	0	0	0	0	0	0	0	0	0	0	0	0	0	0	0	0	0	0	0	0	0	0	0	0	0	0	0	0	0	0	0	0	0	0	0	0	86	42	54	78	19	24	28	118	3	73	20	81	108	48	13	31	37	98	111	27	116	63	17	68	74	117	26	6	120	96	88	113	62	39	92	4	39	89	12	52	17	104
0	0	0	0	0	0	0	0	0	0	0	0	0	0	0	0	0	0	0	0	0	0	0	0	0	0	0	0	0	0	0	0	0	0	0	0	0	0	0	0	0	0	0	0	0	0	0	0	0	0	0	0	0	0	0	0	0	0	0	0	0	0	0	0	0	0	0	0	0	0	0	0	0	0	0	0	0	0	0	0	0	0	0	0	0	0	0	86	121	91	29	72	65	101	60	110	73	99	50	79	64	65	98	53	31	88	100	49	88	94	11	62	106	13	70	68	108	66	83	70	104	32	117	108	118	94	13	11
0	0	0	0	0	0	0	0	0	0	0	0	0	0	0	0	0	0	0	0	0	0	0	0	0	0	0	0	0	0	0	0	0	0	0	0	0	0	0	0	0	0	0	0	0	0	0	0	0	0	0	0	0	0	0	0	0	0	0	0	0	0	0	0	0	0	0	0	0	0	0	0	0	0	0	0	0	0	0	0	0	0	0	0	0	0	0	0	56	104	126	60	80	32	65	83	106	122	74	100	58	104	11	18	98	83	63	23	50	122	80	55	75	1	102	8	70	98	76	78	103	113	112	4	69	71	104	95
0	0	0	0	0	0	0	0	0	0	0	0	0	0	0	0	0	0	0	0	0	0	0	0	0	0	0	0	0	0	0	0	0	0	0	0	0	0	0	0	0	0	0	0	0	0	0	0	0	0	0	0	0	0	0	0	0	0	0	0	0	0	0	0	0	0	0	0	0	0	0	0	0	0	0	0	0	0	0	0	0	0	0	0	0	0	0	0	0	74	13	84	126	102	13	70	42	122	70	62	9	120	40	21	37	72	94	87	22	50	76	37	64	44	101	103	128	126	59	7	31	67	7	67	16	82	124	69
0	0	0	0	0	0	0	0	0	0	0	0	0	0	0	0	0	0	0	0	0	0	0	0	0	0	0	0	0	0	0	0	0	0	0	0	0	0	0	0	0	0	0	0	0	0	0	0	0	0	0	0	0	0	0	0	0	0	0	0	0	0	0	0	0	0	0	0	0	0	0	0	0	0	0	0	0	0	0	0	0	0	0	0	0	0	0	0	0	0	56	51	40	17	14	93	47	22	58	100	106	7	94	79	9	105	32	96	127	79	89	70	50	48	58	35	45	29	51	46	7	62	121	120	37	50	96	104
0	0	0	0	0	0	0	0	0	0	0	0	0	0	0	0	0	0	0	0	0	0	0	0	0	0	0	0	0	0	0	0	0	0	0	0	0	0	0	0	0	0	0	0	0	0	0	0	0	0	0	0	0	0	0	0	0	0	0	0	0	0	0	0	0	0	0	0	0	0	0	0	0	0	0	0	0	0	0	0	0	0	0	0	0	0	0	0	0	0	0	95	68	26	91	74	73	35	74	83	65	38	5	128	127	3	119	92	58	107	88	67	96	110	109	104	128	111	38	114	41	18	14	118	43	68	74	117
0	0	0	0	0	0	0	0	0	0	0	0	0	0	0	0	0	0	0	0	0	0	0	0	0	0	0	0	0	0	0	0	0	0	0	0	0	0	0	0	0	0	0	0	0	0	0	0	0	0	0	0	0	0	0	0	0	0	0	0	0	0	0	0	0	0	0	0	0	0	0	0	0	0	0	0	0	0	0	0	0	0	0	0	0	0	0	0	0	0	0	0	100	119	99	1	113	103	104	89	122	127	4	65	25	72	33	46	18	64	78	81	46	22	68	44	54	110	67	90	105	61	52	33	77	122	33	12
0	0	0	0	0	0	0	0	0	0	0	0	0	0	0	0	0	0	0	0	0	0	0	0	0	0	0	0	0	0	0	0	0	0	0	0	0	0	0	0	0	0	0	0	0	0	0	0	0	0	0	0	0	0	0	0	0	0	0	0	0	0	0	0	0	0	0	0	0	0	0	0	0	0	0	0	0	0	0	0	0	0	0	0	0	0	0	0	0	0	0	0	0	97	90	50	56	124	18	118	76	2	12	99	68	54	98	105	30	11	46	65	31	72	93	107	72	84	31	123	80	63	53	99	60	110	21	33
0	0	0	0	0	0	0	0	0	0	0	0	0	0	0	0	0	0	0	0	0	0	0	0	0	0	0	0	0	0	0	0	0	0	0	0	0	0	0	0	0	0	0	0	0	0	0	0	0	0	0	0	0	0	0	0	0	0	0	0	0	0	0	0	0	0	0	0	0	0	0	0	0	0	0	0	0	0	0	0	0	0	0	0	0	0	0	0	0	0	0	0	0	0	86	27	86	122	88	71	30	61	5	61	127	4	111	125	63	83	128	15	32	78	12	70	117	122	11	59	10	84	93	63	19	115	70	2
0	0	0	0	0	0	0	0	0	0	0	0	0	0	0	0	0	0	0	0	0	0	0	0	0	0	0	0	0	0	0	0	0	0	0	0	0	0	0	0	0	0	0	0	0	0	0	0	0	0	0	0	0	0	0	0	0	0	0	0	0	0	0	0	0	0	0	0	0	0	0	0	0	0	0	0	0	0	0	0	0	0	0	0	0	0	0	0	0	0	0	0	0	0	0	113	104	9	24	31	99	105	65	74	96	59	17	38	16	66	70	44	67	39	58	58	128	119	119	55	122	81	35	81	32	19	114	95
0	0	0	0	0	0	0	0	0	0	0	0	0	0	0	0	0	0	0	0	0	0	0	0	0	0	0	0	0	0	0	0	0	0	0	0	0	0	0	0	0	0	0	0	0	0	0	0	0	0	0	0	0	0	0	0	0	0	0	0	0	0	0	0	0	0	0	0	0	0	0	0	0	0	0	0	0	0	0	0	0	0	0	0	0	0	0	0	0	0	0	0	0	0	0	0	26	88	18	19	37	63	73	11	67	124	111	79	97	5	16	66	97	1	36	120	32	29	72	80	92	58	64	17	119	49	114	51
0	0	0	0	0	0	0	0	0	0	0	0	0	0	0	0	0	0	0	0	0	0	0	0	0	0	0	0	0	0	0	0	0	0	0	0	0	0	0	0	0	0	0	0	0	0	0	0	0	0	0	0	0	0	0	0	0	0	0	0	0	0	0	0	0	0	0	0	0	0	0	0	0	0	0	0	0	0	0	0	0	0	0	0	0	0	0	0	0	0	0	0	0	0	0	0	0	108	30	33	92	94	93	41	115	71	28	109	53	128	21	43	6	39	30	58	25	67	8	38	111	35	26	105	118	16	83	69
0	0	0	0	0	0	0	0	0	0	0	0	0	0	0	0	0	0	0	0	0	0	0	0	0	0	0	0	0	0	0	0	0	0	0	0	0	0	0	0	0	0	0	0	0	0	0	0	0	0	0	0	0	0	0	0	0	0	0	0	0	0	0	0	0	0	0	0	0	0	0	0	0	0	0	0	0	0	0	0	0	0	0	0	0	0	0	0	0	0	0	0	0	0	0	0	0	0	93	6	4	98	95	114	54	38	120	78	7	65	35	26	59	125	104	29	57	95	105	82	70	74	13	24	34	107	69	56
0	0	0	0	0	0	0	0	0	0	0	0	0	0	0	0	0	0	0	0	0	0	0	0	0	0	0	0	0	0	0	0	0	0	0	0	0	0	0	0	0	0	0	0	0	0	0	0	0	0	0	0	0	0	0	0	0	0	0	0	0	0	0	0	0	0	0	0	0	0	0	0	0	0	0	0	0	0	0	0	0	0	0	0	0	0	0	0	0	0	0	0	0	0	0	0	0	0	0	61	113	33	65	117	103	76	3	63	87	15	72	80	18	34	7	64	128	65	67	111	120	108	50	11	28	87	11	20
0	0	0	0	0	0	0	0	0	0	0	0	0	0	0	0	0	0	0	0	0	0	0	0	0	0	0	0	0	0	0	0	0	0	0	0	0	0	0	0	0	0	0	0	0	0	0	0	0	0	0	0	0	0	0	0	0	0	0	0	0	0	0	0	0	0	0	0	0	0	0	0	0	0	0	0	0	0	0	0	0	0	0	0	0	0	0	0	0	0	0	0	0	0	0	0	0	0	0	0	63	2	120	42	97	59	8	101	70	126	66	34	95	109	89	39	88	70	36	86	94	81	19	2	103	36	109	69
0	0	0	0	0	0	0	0	0	0	0	0	0	0	0	0	0	0	0	0	0	0	0	0	0	0	0	0	0	0	0	0	0	0	0	0	0	0	0	0	0	0	0	0	0	0	0	0	0	0	0	0	0	0	0	0	0	0	0	0	0	0	0	0	0	0	0	0	0	0	0	0	0	0	0	0	0	0	0	0	0	0	0	0	0	0	0	0	0	0	0	0	0	0	0	0	0	0	0	0	0	24	41	117	96	34	88	121	79	27	95	79	123	48	10	117	111	35	10	12	115	11	113	29	32	95	52	111
0	0	0	0	0	0	0	0	0	0	0	0	0	0	0	0	0	0	0	0	0	0	0	0	0	0	0	0	0	0	0	0	0	0	0	0	0	0	0	0	0	0	0	0	0	0	0	0	0	0	0	0	0	0	0	0	0	0	0	0	0	0	0	0	0	0	0	0	0	0	0	0	0	0	0	0	0	0	0	0	0	0	0	0	0	0	0	0	0	0	0	0	0	0	0	0	0	0	0	0	0	0	8	123	114	107	61	72	44	108	10	127	31	88	50	96	72	37	25	50	107	58	81	116	99	15	88	19
0	0	0	0	0	0	0	0	0	0	0	0	0	0	0	0	0	0	0	0	0	0	0	0	0	0	0	0	0	0	0	0	0	0	0	0	0	0	0	0	0	0	0	0	0	0	0	0	0	0	0	0	0	0	0	0	0	0	0	0	0	0	0	0	0	0	0	0	0	0	0	0	0	0	0	0	0	0	0	0	0	0	0	0	0	0	0	0	0	0	0	0	0	0	0	0	0	0	0	0	0	0	0	118	37	60	104	126	117	29	95	9	7	81	36	110	61	78	6	94	115	23	23	110	105	26	23	56
0	0	0	0	0	0	0	0	0	0	0	0	0	0	0	0	0	0	0	0	0	0	0	0	0	0	0	0	0	0	0	0	0	0	0	0	0	0	0	0	0	0	0	0	0	0	0	0	0	0	0	0	0	0	0	0	0	0	0	0	0	0	0	0	0	0	0	0	0	0	0	0	0	0	0	0	0	0	0	0	0	0	0	0	0	0	0	0	0	0	0	0	0	0	0	0	0	0	0	0	0	0	0	0	113	124	83	63	110	81	39	112	102	17	95	29	38	124	6	50	78	94	48	58	13	12	55	62
0	0	0	0	0	0	0	0	0	0	0	0	0	0	0	0	0	0	0	0	0	0	0	0	0	0	0	0	0	0	0	0	0	0	0	0	0	0	0	0	0	0	0	0	0	0	0	0	0	0	0	0	0	0	0	0	0	0	0	0	0	0	0	0	0	0	0	0	0	0	0	0	0	0	0	0	0	0	0	0	0	0	0	0	0	0	0	0	0	0	0	0	0	0	0	0	0	0	0	0	0	0	0	0	0	128	91	107	13	70	56	34	127	87	98	28	33	43	116	20	52	39	16	44	32	65	72	124
0	0	0	0	0	0	0	0	0	0	0	0	0	0	0	0	0	0	0	0	0	0	0	0	0	0	0	0	0	0	0	0	0	0	0	0	0	0	0	0	0	0	0	0	0	0	0	0	0	0	0	0	0	0	0	0	0	0	0	0	0	0	0	0	0	0	0	0	0	0	0	0	0	0	0	0	0	0	0	0	0	0	0	0	0	0	0	0	0	0	0	0	0	0	0	0	0	0	0	0	0	0	0	0	0	0	48	92	3	117	107	100	119	121	16	53	33	64	48	20	115	121	46	114	85	85	32	97
0	0	0	0	0	0	0	0	0	0	0	0	0	0	0	0	0	0	0	0	0	0	0	0	0	0	0	0	0	0	0	0	0	0	0	0	0	0	0	0	0	0	0	0	0	0	0	0	0	0	0	0	0	0	0	0	0	0	0	0	0	0	0	0	0	0	0	0	0	0	0	0	0	0	0	0	0	0	0	0	0	0	0	0	0	0	0	0	0	0	0	0	0	0	0	0	0	0	0	0	0	0	0	0	0	0	0	9	103	90	23	85	41	67	93	1	123	11	123	27	6	93	5	120	127	37	5	31
0	0	0	0	0	0	0	0	0	0	0	0	0	0	0	0	0	0	0	0	0	0	0	0	0	0	0	0	0	0	0	0	0	0	0	0	0	0	0	0	0	0	0	0	0	0	0	0	0	0	0	0	0	0	0	0	0	0	0	0	0	0	0	0	0	0	0	0	0	0	0	0	0	0	0	0	0	0	0	0	0	0	0	0	0	0	0	0	0	0	0	0	0	0	0	0	0	0	0	0	0	0	0	0	0	0	0	0	54	31	19	79	32	61	108	16	78	2	93	45	128	44	24	18	53	116	102	119
0	0	0	0	0	0	0	0	0	0	0	0	0	0	0	0	0	0	0	0	0	0	0	0	0	0	0	0	0	0	0	0	0	0	0	0	0	0	0	0	0	0	0	0	0	0	0	0	0	0	0	0	0	0	0	0	0	0	0	0	0	0	0	0	0	0	0	0	0	0	0	0	0	0	0	0	0	0	0	0	0	0	0	0	0	0	0	0	0	0	0	0	0	0	0	0	0	0	0	0	0	0	0	0	0	0	0	0	0	96	120	114	125	101	65	66	89	89	111	71	99	21	108	111	45	114	8	91
0	0	0	0	0	0	0	0	0	0	0	0	0	0	0	0	0	0	0	0	0	0	0	0	0	0	0	0	0	0	0	0	0	0	0	0	0	0	0	0	0	0	0	0	0	0	0	0	0	0	0	0	0	0	0	0	0	0	0	0	0	0	0	0	0	0	0	0	0	0	0	0	0	0	0	0	0	0	0	0	0	0	0	0	0	0	0	0	0	0	0	0	0	0	0	0	0	0	0	0	0	0	0	0	0	0	0	0	0	0	7	30	106	57	11	65	112	80	27	77	11	75	35	63	108	25	60	109
0	0	0	0	0	0	0	0	0	0	0	0	0	0	0	0	0	0	0	0	0	0	0	0	0	0	0	0	0	0	0	0	0	0	0	0	0	0	0	0	0	0	0	0	0	0	0	0	0	0	0	0	0	0	0	0	0	0	0	0	0	0	0	0	0	0	0	0	0	0	0	0	0	0	0	0	0	0	0	0	0	0	0	0	0	0	0	0	0	0	0	0	0	0	0	0	0	0	0	0	0	0	0	0	0	0	0	0	0	0	0	123	117	114	24	61	88	40	33	98	63	6	14	8	121	102	34	121
0	0	0	0	0	0	0	0	0	0	0	0	0	0	0	0	0	0	0	0	0	0	0	0	0	0	0	0	0	0	0	0	0	0	0	0	0	0	0	0	0	0	0	0	0	0	0	0	0	0	0	0	0	0	0	0	0	0	0	0	0	0	0	0	0	0	0	0	0	0	0	0	0	0	0	0	0	0	0	0	0	0	0	0	0	0	0	0	0	0	0	0	0	0	0	0	0	0	0	0	0	0	0	0	0	0	0	0	0	0	0	0	20	70	18	32	111	122	106	61	26	112	1	51	124	117	32	126
0	0	0	0	0	0	0	0	0	0	0	0	0	0	0	0	0	0	0	0	0	0	0	0	0	0	0	0	0	0	0	0	0	0	0	0	0	0	0	0	0	0	0	0	0	0	0	0	0	0	0	0	0	0	0	0	0	0	0	0	0	0	0	0	0	0	0	0	0	0	0	0	0	0	0	0	0	0	0	0	0	0	0	0	0	0	0	0	0	0	0	0	0	0	0	0	0	0	0	0	0	0	0	0	0	0	0	0	0	0	0	0	0	41	82	67	34	128	47	105	40	21	78	83	55	29	64	10
0	0	0	0	0	0	0	0	0	0	0	0	0	0	0	0	0	0	0	0	0	0	0	0	0	0	0	0	0	0	0	0	0	0	0	0	0	0	0	0	0	0	0	0	0	0	0	0	0	0	0	0	0	0	0	0	0	0	0	0	0	0	0	0	0	0	0	0	0	0	0	0	0	0	0	0	0	0	0	0	0	0	0	0	0	0	0	0	0	0	0	0	0	0	0	0	0	0	0	0	0	0	0	0	0	0	0	0	0	0	0	0	0	0	100	111	69	27	8	99	42	24	100	37	79	127	47	63
0	0	0	0	0	0	0	0	0	0	0	0	0	0	0	0	0	0	0	0	0	0	0	0	0	0	0	0	0	0	0	0	0	0	0	0	0	0	0	0	0	0	0	0	0	0	0	0	0	0	0	0	0	0	0	0	0	0	0	0	0	0	0	0	0	0	0	0	0	0	0	0	0	0	0	0	0	0	0	0	0	0	0	0	0	0	0	0	0	0	0	0	0	0	0	0	0	0	0	0	0	0	0	0	0	0	0	0	0	0	0	0	0	0	0	72	63	126	106	95	75	78	4	100	68	52	127	114
0	0	0	0	0	0	0	0	0	0	0	0	0	0	0	0	0	0	0	0	0	0	0	0	0	0	0	0	0	0	0	0	0	0	0	0	0	0	0	0	0	0	0	0	0	0	0	0	0	0	0	0	0	0	0	0	0	0	0	0	0	0	0	0	0	0	0	0	0	0	0	0	0	0	0	0	0	0	0	0	0	0	0	0	0	0	0	0	0	0	0	0	0	0	0	0	0	0	0	0	0	0	0	0	0	0	0	0	0	0	0	0	0	0	0	0	125	36	91	57	90	30	127	77	49	33	69	106
0	0	0	0	0	0	0	0	0	0	0	0	0	0	0	0	0	0	0	0	0	0	0	0	0	0	0	0	0	0	0	0	0	0	0	0	0	0	0	0	0	0	0	0	0	0	0	0	0	0	0	0	0	0	0	0	0	0	0	0	0	0	0	0	0	0	0	0	0	0	0	0	0	0	0	0	0	0	0	0	0	0	0	0	0	0	0	0	0	0	0	0	0	0	0	0	0	0	0	0	0	0	0	0	0	0	0	0	0	0	0	0	0	0	0	0	0	59	3	114	74	78	125	67	77	24	52	21
0	0	0	0	0	0	0	0	0	0	0	0	0	0	0	0	0	0	0	0	0	0	0	0	0	0	0	0	0	0	0	0	0	0	0	0	0	0	0	0	0	0	0	0	0	0	0	0	0	0	0	0	0	0	0	0	0	0	0	0	0	0	0	0	0	0	0	0	0	0	0	0	0	0	0	0	0	0	0	0	0	0	0	0	0	0	0	0	0	0	0	0	0	0	0	0	0	0	0	0	0	0	0	0	0	0	0	0	0	0	0	0	0	0	0	0	0	0	120	95	28	34	6	38	75	125	78	31
0	0	0	0	0	0	0	0	0	0	0	0	0	0	0	0	0	0	0	0	0	0	0	0	0	0	0	0	0	0	0	0	0	0	0	0	0	0	0	0	0	0	0	0	0	0	0	0	0	0	0	0	0	0	0	0	0	0	0	0	0	0	0	0	0	0	0	0	0	0	0	0	0	0	0	0	0	0	0	0	0	0	0	0	0	0	0	0	0	0	0	0	0	0	0	0	0	0	0	0	0	0	0	0	0	0	0	0	0	0	0	0	0	0	0	0	0	0	0	16	82	20	75	22	2	116	123	83
0	0	0	0	0	0	0	0	0	0	0	0	0	0	0	0	0	0	0	0	0	0	0	0	0	0	0	0	0	0	0	0	0	0	0	0	0	0	0	0	0	0	0	0	0	0	0	0	0	0	0	0	0	0	0	0	0	0	0	0	0	0	0	0	0	0	0	0	0	0	0	0	0	0	0	0	0	0	0	0	0	0	0	0	0	0	0	0	0	0	0	0	0	0	0	0	0	0	0	0	0	0	0	0	0	0	0	0	0	0	0	0	0	0	0	0	0	0	0	0	64	12	49	82	28	110	99	99
0	0	0	0	0	0	0	0	0	0	0	0	0	0	0	0	0	0	0	0	0	0	0	0	0	0	0	0	0	0	0	0	0	0	0	0	0	0	0	0	0	0	0	0	0	0	0	0	0	0	0	0	0	0	0	0	0	0	0	0	0	0	0	0	0	0	0	0	0	0	0	0	0	0	0	0	0	0	0	0	0	0	0	0	0	0	0	0	0	0	0	0	0	0	0	0	0	0	0	0	0	0	0	0	0	0	0	0	0	0	0	0	0	0	0	0	0	0	0	0	0	115	81	123	118	37	100	49
0	0	0	0	0	0	0	0	0	0	0	0	0	0	0	0	0	0	0	0	0	0	0	0	0	0	0	0	0	0	0	0	0	0	0	0	0	0	0	0	0	0	0	0	0	0	0	0	0	0	0	0	0	0	0	0	0	0	0	0	0	0	0	0	0	0	0	0	0	0	0	0	0	0	0	0	0	0	0	0	0	0	0	0	0	0	0	0	0	0	0	0	0	0	0	0	0	0	0	0	0	0	0	0	0	0	0	0	0	0	0	0	0	0	0	0	0	0	0	0	0	0	93	67	55	110	106	119
0	0	0	0	0	0	0	0	0	0	0	0	0	0	0	0	0	0	0	0	0	0	0	0	0	0	0	0	0	0	0	0	0	0	0	0	0	0	0	0	0	0	0	0	0	0	0	0	0	0	0	0	0	0	0	0	0	0	0	0	0	0	0	0	0	0	0	0	0	0	0	0	0	0	0	0	0	0	0	0	0	0	0	0	0	0	0	0	0	0	0	0	0	0	0	0	0	0	0	0	0	0	0	0	0	0	0	0	0	0	0	0	0	0	0	0	0	0	0	0	0	0	0	31	38	30	18	97
0	0	0	0	0	0	0	0	0	0	0	0	0	0	0	0	0	0	0	0	0	0	0	0	0	0	0	0	0	0	0	0	0	0	0	0	0	0	0	0	0	0	0	0	0	0	0	0	0	0	0	0	0	0	0	0	0	0	0	0	0	0	0	0	0	0	0	0	0	0	0	0	0	0	0	0	0	0	0	0	0	0	0	0	0	0	0	0	0	0	0	0	0	0	0	0	0	0	0	0	0	0	0	0	0	0	0	0	0	0	0	0	0	0	0	0	0	0	0	0	0	0	0	0	53	128	118	65
0	0	0	0	0	0	0	0	0	0	0	0	0	0	0	0	0	0	0	0	0	0	0	0	0	0	0	0	0	0	0	0	0	0	0	0	0	0	0	0	0	0	0	0	0	0	0	0	0	0	0	0	0	0	0	0	0	0	0	0	0	0	0	0	0	0	0	0	0	0	0	0	0	0	0	0	0	0	0	0	0	0	0	0	0	0	0	0	0	0	0	0	0	0	0	0	0	0	0	0	0	0	0	0	0	0	0	0	0	0	0	0	0	0	0	0	0	0	0	0	0	0	0	0	0	64	25	21
0	0	0	0	0	0	0	0	0	0	0	0	0	0	0	0	0	0	0	0	0	0	0	0	0	0	0	0	0	0	0	0	0	0	0	0	0	0	0	0	0	0	0	0	0	0	0	0	0	0	0	0	0	0	0	0	0	0	0	0	0	0	0	0	0	0	0	0	0	0	0	0	0	0	0	0	0	0	0	0	0	0	0	0	0	0	0	0	0	0	0	0	0	0	0	0	0	0	0	0	0	0	0	0	0	0	0	0	0	0	0	0	0	0	0	0	0	0	0	0	0	0	0	0	0	0	36	128
0	0	0	0	0	0	0	0	0	0	0	0	0	0	0	0	0	0	0	0	0	0	0	0	0	0	0	0	0	0	0	0	0	0	0	0	0	0	0	0	0	0	0	0	0	0	0	0	0	0	0	0	0	0	0	0	0	0	0	0	0	0	0	0	0	0	0	0	0	0	0	0	0	0	0	0	0	0	0	0	0	0	0	0	0	0	0	0	0	0	0	0	0	0	0	0	0	0	0	0	0	0	0	0	0	0	0	0	0	0	0	0	0	0	0	0	0	0	0	0	0	0	0	0	0	0	0	109
0	0	0	0	0	0	0	0	0	0	0	0	0	0	0	0	0	0	0	0	0	0	0	0	0	0	0	0	0	0	0	0	0	0	0	0	0	0	0	0	0	0	0	0	0	0	0	0	0	0	0	0	0	0	0	0	0	0	0	0	0	0	0	0	0	0	0	0	0	0	0	0	0	0	0	0	0	0	0	0	0	0	0	0	0	0	0	0	0	0	0	0	0	0	0	0	0	0	0	0	0	0	0	0	0	0	0	0	0	0	0	0	0	0	0	0	0	0	0	0	0	0	0	0	0	0	0	0