0	115	99	47	87	68	17	41	77	119	98	26	72	82	128	111	96	24	57	19	20	88	28	75	16	95	110	127	7	54	42	95	60	71	76	125	73	62	43	30	86	24	105	9	37	71	26	86	38	127	2	89	5	75	94	112	79	48	16	112	1	91	109	13	91	48	108	59	23	104	71	104	76	70	24	64	33	21	14	44	30	110	111	43	31	23	22	62	71	103	22	31	118	61	21	37	113	6	126	43	70	44	125	19	89	111	28	49	8	116	43	93	38	121	71	21	24	103	122	68	97	1	26	57	128	127	36	80
0	0	11	108	70	91	75	104	15	123	89	20	69	59	39	1	48	1	87	127	122	63	1	21	39	116	72	78	92	78	76	59	62	27	25	1	89	28	53	43	14	101	106	95	45	47	108	26	19	49	7	42	90	24	84	99	10	114	74	27	84	93	119	123	52	121	59	112	116	12	73	101	105	106	99	35	51	15	72	90	87	34	63	58	39	124	81	50	49	78	114	52	66	10	56	85	38	65	112	94	72	79	77	13	18	40	77	36	8	59	128	47	24	35	52	58	74	94	63	94	17	112	19	67	56	3	27	114
0	0	0	72	2	106	16	7	113	24	116	19	85	29	23	66	76	41	36	42	112	79	119	82	61	66	66	17	115	39	49	43	95	19	11	31	115	18	94	124	121	52	5	73	72	77	70	124	82	63	30	90	52	64	120	104	99	50	83	30	50	37	91	103	85	105	26	3	105	14	58	94	94	17	118	37	18	25	81	111	77	122	17	112	66	44	95	37	16	19	90	29	80	18	7	5	35	98	63	39	22	79	82	2	16	2	13	107	13	48	84	64	108	60	107	11	63	25	124	122	31	84	118	6	40	44	117	71
0	0	0	0	87	16	74	29	112	26	47	4	69	88	112	106	55	112	111	24	105	10	125	86	119	34	2	18	96	88	109	106	122	19	38	17	125	5	117	56	80	86	103	80	104	95	30	113	67	96	80	15	19	91	11	45	74	124	28	7	9	5	112	72	6	107	47	80	106	122	93	29	47	51	47	112	75	112	102	2	109	49	8	38	96	95	54	77	114	127	86	128	125	68	126	87	35	27	20	59	86	98	20	125	17	92	117	84	21	85	8	80	22	59	33	61	30	50	66	109	1	16	53	71	103	10	75	92
0	0	0	0	0	47	47	64	46	88	117	95	80	85	23	11	83	113	57	41	41	86	119	37	99	44	9	20	58	45	40	15	113	113	79	38	125	124	56	128	14	112	60	24	6	6	5	23	37	9	59	50	50	34	24	111	65	46	82	76	44	39	127	109	6	37	5	9	105	122	91	108	91	82	8	30	32	126	8	50	31	60	59	107	15	28	91	10	19	34	105	91	89	5	84	18	69	26	28	2	14	96	98	17	55	10	44	66	11	91	117	42	22	85	52	54	35	16	117	31	120	96	35	94	128	57	14	28
0	0	0	0	0	0	72	36	48	89	11	64	125	79	33	74	123	65	80	80	60	100	87	98	38	22	39	70	16	73	56	22	52	17	122	86	89	125	62	51	90	45	5	36	67	100	67	125	3	88	23	55	116	41	113	70	62	20	59	51	65	71	112	63	14	64	9	123	43	28	24	39	69	65	96	109	105	25	12	41	63	114	94	112	42	23	8	75	30	102	8	80	94	122	112	105	48	117	94	50	46	47	44	101	7	128	74	69	63	4	111	95	32	73	59	100	72	104	34	8	114	53	127	39	20	36	63	77
0	0	0	0	0	0	0	50	102	13	27	38	93	119	23	5	119	19	33	67	70	117	76	30	24	78	19	75	33	88	17	71	45	24	25	103	110	30	16	27	67	9	6	26	20	114	41	30	110	110	75	4	114	5	37	84	121	87	45	117	58	55	42	110	91	77	74	6	50	16	86	66	42	59	26	63	63	117	35	74	33	1	112	125	117	14	46	89	38	9	90	83	67	123	121	49	24	121	3	98	36	52	116	107	64	68	90	76	101	81	18	73	25	42	88	54	60	57	28	44	9	81	79	30	102	94	28	100
0	0	0	0	0	0	0	0	102	16	7	5	107	118	12	59	26	96	101	110	62	28	120	68	64	116	27	118	62	92	71	102	69	119	36	42	26	125	34	12	86	119	18	108	17	38	68	81	25	79	98	53	20	78	73	84	118	81	100	32	113	120	97	79	50	69	33	96	5	106	50	72	128	105	62	106	128	70	43	122	29	105	64	79	77	86	115	3	28	50	17	1	10	33	128	17	1	40	83	3	45	109	127	126	128	5	61	34	49	29	95	83	125	49	15	57	18	67	120	96	25	124	114	7	79	105	38	109
0	0	0	0	0	0	0	0	0	24	31	67	66	7	124	10	27	34	30	61	35	23	123	68	87	83	37	31	38	59	87	128	30	122	11	35	53	29	69	128	16	6	109	116	56	101	80	44	9	84	9	24	98	23	26	43	13	57	62	70	44	102	55	100	90	123	58	115	124	20	27	37	72	120	12	101	52	7	124	121	25	1	98	24	123	118	33	90	79	97	120	71	106	40	19	66	39	58	9	98	31	9	54	50	100	43	20	119	102	13	85	42	38	19	123	114	23	62	44	35	125	46	69	82	88	76	120	31
0	0	0	0	0	0	0	0	0	0	96	75	83	111	122	32	123	71	34	1	62	16	9	41	36	123	23	59	94	76	36	110	106	60	111	17	10	1	102	123	92	83	50	66	127	57	117	6	24	34	95	101	11	93	66	79	17	117	40	119	76	107	97	20	51	6	22	103	116	94	68	112	106	98	70	22	115	17	114	67	124	17	3	32	32	77	56	100	22	103	104	40	120	94	45	54	67	31	49	114	80	51	45	80	70	76	22	93	90	81	91	88	20	6	109	76	85	49	2	49	87	67	46	105	79	30	111	124
0	0	0	0	0	0	0	0	0	0	0	104	38	13	88	58	120	35	102	100	100	9	95	17	27	58	12	17	58	117	10	7	78	89	102	91	7	63	22	108	56	113	108	46	83	50	65	25	88	118	111	126	62	25	94	72	108	25	124	34	66	54	99	86	3	19	66	44	40	2	70	101	36	112	46	32	16	128	64	38	88	4	64	56	8	119	112	111	92	12	128	8	117	29	68	94	127	84	61	38	26	10	103	122	18	117	60	94	33	71	49	25	59	89	50	91	95	61	40	123	43	118	87	89	67	2	63	11
0	0	0	0	0	0	0	0	0	0	0	0	33	109	125	113	83	91	44	120	66	61	65	109	115	83	128	63	14	3	108	97	100	24	29	13	80	20	28	13	112	13	124	55	6	37	42	54	86	48	77	74	94	22	116	43	4	70	88	11	19	105	71	126	2	121	89	126	83	111	100	1	14	71	8	97	58	74	24	73	26	114	116	22	4	41	105	93	114	68	120	42	70	46	21	113	36	94	94	42	81	80	19	119	90	119	58	94	61	107	74	24	54	75	82	127	70	37	92	115	79	43	125	29	106	79	102	88
0	0	0	0	0	0	0	0	0	0	0	0	0	35	87	27	120	16	29	48	60	70	48	10	83	25	52	110	67	108	22	37	1	107	48	70	87	88	125	98	8	110	112	23	46	43	116	128	75	117	49	43	55	122	19	50	70	52	31	35	64	84	84	113	72	57	104	81	15	101	14	12	128	113	109	64	67	70	9	6	55	25	115	107	30	120	11	73	65	84	126	65	100	125	25	60	51	96	72	39	65	118	21	109	91	22	55	97	88	54	29	2	105	17	125	51	101	93	5	49	74	97	99	77	56	125	16	4
0	0	0	0	0	0	0	0	0	0	0	0	0	0	83	61	107	68	1	85	101	28	84	107	8	29	1	2	115	36	9	22	113	7	71	48	82	41	50	87	114	48	63	112	93	28	11	111	66	34	12	122	55	19	89	97	71	21	23	5	48	40	26	97	94	58	58	19	112	3	75	95	58	42	74	123	105	5	93	61	5	71	8	116	63	109	71	33	49	59	56	42	31	47	110	42	10	63	107	96	120	15	102	55	37	117	113	65	101	83	55	91	27	61	11	25	13	72	1	56	104	64	24	28	63	37	3	73
0	0	0	0	0	0	0	0	0	0	0	0	0	0	0	107	57	4	66	69	24	55	60	102	96	59	54	93	105	5	98	54	103	55	5	93	41	16	15	65	38	18	73	32	17	42	26	40	47	29	104	73	83	44	46	4	113	109	29	104	73	101	122	68	41	49	95	102	24	103	22	83	6	53	26	15	31	124	25	109	113	3	85	85	2	11	117	60	42	58	18	97	65	74	42	118	47	84	16	80	60	22	44	16	110	44	83	40	9	94	59	88	53	107	112	36	2	126	81	75	107	30	121	29	42	2	13	73
0	0	0	0	0	0	0	0	0	0	0	0	0	0	0	0	81	111	8	45	42	55	89	104	17	108	39	67	33	25	126	13	15	13	65	14	38	8	1	24	83	45	121	122	50	61	54	60	55	117	2	19	96	46	3	103	22	49	84	1	123	14	5	21	80	46	82	90	57	89	84	8	49	48	100	36	49	101	100	73	123	123	112	51	30	103	70	42	36	99	117	99	75	55	102	106	28	39	101	75	47	1	106	98	77	15	62	11	24	31	109	89	62	126	119	13	47	119	21	57	37	38	62	100	19	20	43	115
0	0	0	0	0	0	0	0	0	0	0	0	0	0	0	0	0	30	93	65	55	51	94	73	29	34	65	44	80	16	97	113	16	111	29	23	41	21	19	35	73	30	27	47	1	31	63	55	107	33	63	61	6	64	69	17	90	31	30	104	82	62	110	99	52	111	127	75	16	65	7	110	114	114	12	115	87	104	84	22	85	67	106	99	78	100	14	23	91	95	113	124	118	102	43	127	5	85	121	26	7	61	53	5	42	27	66	88	114	48	42	99	101	103	90	90	88	99	120	125	121	15	9	125	89	39	56	65
0	0	0	0	0	0	0	0	0	0	0	0	0	0	0	0	0	0	30	127	46	74	52	18	117	31	46	9	64	89	43	85	39	18	83	30	114	100	15	124	90	30	123	56	105	105	13	29	125	40	13	31	109	21	29	46	26	65	7	28	12	65	30	29	19	125	85	43	20	82	84	63	54	63	87	66	75	119	94	58	4	25	66	7	42	13	11	26	28	32	8	4	5	64	19	72	118	2	87	17	80	96	27	32	118	112	77	2	48	55	4	3	53	49	28	71	63	125	72	72	69	35	119	2	59	29	87	107
0	0	0	0	0	0	0	0	0	0	0	0	0	0	0	0	0	0	0	112	4	94	112	70	13	60	126	120	112	126	48	64	38	93	73	90	72	35	60	81	29	34	56	25	122	111	43	101	65	32	93	93	55	65	89	53	55	110	93	59	45	30	37	62	97	70	40	51	102	49	5	114	85	117	29	60	53	24	30	40	59	100	69	57	113	110	70	37	80	51	114	95	44	111	95	29	34	25	69	71	97	123	62	121	2	128	47	39	3	112	63	53	20	117	95	118	119	3	23	98	114	97	37	64	24	7	25	63
0	0	0	0	0	0	0	0	0	0	0	0	0	0	0	0	0	0	0	0	62	57	42	106	66	100	10	13	95	45	122	76	54	118	67	89	1	109	85	48	127	72	79	67	73	48	128	111	51	81	93	109	118	7	119	45	83	31	71	69	108	57	102	84	82	80	76	105	125	115	99	40	65	118	52	45	81	84	37	83	15	70	29	85	46	106	8	7	74	25	89	19	68	62	3	71	120	8	69	119	123	91	124	47	107	126	17	15	103	92	118	54	43	51	38	93	13	106	33	26	62	25	109	67	116	66	19	41
0	0	0	0	0	0	0	0	0	0	0	0	0	0	0	0	0	0	0	0	0	23	96	4	97	114	25	29	54	35	14	20	28	124	119	91	79	89	39	77	14	71	101	115	3	112	123	26	96	126	81	58	39	33	40	123	47	69	74	82	122	98	121	8	94	54	114	24	21	37	87	95	16	5	18	101	19	86	71	72	128	83	59	92	2	13	48	107	110	85	106	25	92	118	87	80	48	96	1	74	121	94	92	119	28	125	93	45	94	114	108	28	25	25	126	7	120	46	44	108	34	115	55	128	51	38	90	25
0	0	0	0	0	0	0	0	0	0	0	0	0	0	0	0	0	0	0	0	0	0	5	29	118	22	125	58	16	50	91	127	66	40	86	40	7	63	69	126	99	128	109	35	61	73	64	8	68	60	90	100	86	79	70	114	44	56	7	108	60	115	66	76	12	108	65	83	3	16	38	61	103	4	122	75	9	114	3	77	11	43	104	102	42	108	109	50	12	93	14	37	89	55	4	51	49	107	67	85	76	113	78	38	93	77	101	124	114	15	79	64	55	93	77	75	38	31	32	7	77	99	18	69	52	35	87	3
0	0	0	0	0	0	0	0	0	0	0	0	0	0	0	0	0	0	0	0	0	0	0	29	73	33	85	30	6	35	31	115	74	120	37	114	110	86	29	96	71	31	5	54	29	70	58	69	75	45	115	47	20	15	59	121	42	61	80	107	4	30	8	115	75	1	11	11	50	77	5	19	34	110	27	58	39	44	61	18	25	102	42	112	22	91	116	110	59	37	122	80	18	34	16	108	75	109	87	120	105	38	35	82	113	75	121	2	117	22	64	49	3	75	93	14	41	82	48	102	72	27	113	29	72	103	127	84
0	0	0	0	0	0	0	0	0	0	0	0	0	0	0	0	0	0	0	0	0	0	0	0	67	87	95	10	81	112	109	48	64	64	71	124	74	95	39	119	39	98	109	52	49	50	43	120	31	23	58	6	112	9	117	103	98	123	70	61	25	117	68	118	40	76	115	94	116	79	115	39	37	70	29	84	23	63	42	48	62	63	63	40	7	48	12	78	108	13	106	77	126	89	33	98	105	53	112	15	73	93	38	30	46	47	99	100	78	53	13	92	99	30	97	82	13	110	19	40	64	81	104	6	12	85	21	15
0	0	0	0	0	0	0	0	0	0	0	0	0	0	0	0	0	0	0	0	0	0	0	0	0	94	85	96	81	88	104	26	104	43	28	122	75	67	119	117	75	95	54	124	8	25	46	118	113	35	31	120	54	21	53	46	54	119	87	36	40	42	43	106	92	14	54	37	82	119	41	86	71	10	91	40	90	24	67	5	59	121	80	27	6	15	107	98	62	37	57	33	125	119	113	46	48	10	126	58	36	57	50	50	43	73	87	66	38	128	3	125	71	16	126	118	18	110	51	5	75	67	19	11	120	18	35	81
0	0	0	0	0	0	0	0	0	0	0	0	0	0	0	0	0	0	0	0	0	0	0	0	0	0	14	101	80	32	65	33	10	64	47	52	43	25	72	121	89	120	83	126	27	96	105	79	115	46	66	7	50	67	106	79	113	119	35	92	62	62	45	97	116	11	110	32	3	36	107	119	15	1	84	81	128	87	7	38	78	15	106	63	35	22	6	54	124	67	77	44	52	98	83	32	124	20	120	73	30	87	95	4	30	98	53	120	23	56	44	66	63	67	12	122	2	118	14	39	69	63	7	76	45	116	6	84
0	0	0	0	0	0	0	0	0	0	0	0	0	0	0	0	0	0	0	0	0	0	0	0	0	0	0	53	96	51	127	103	62	10	25	54	126	122	6	65	19	35	108	10	50	123	49	24	106	116	14	29	104	34	40	70	56	75	126	127	105	22	16	95	85	92	102	96	105	45	83	79	27	3	54	54	12	50	86	51	105	2	9	100	39	19	76	53	13	49	90	46	4	61	8	118	102	85	61	31	25	52	63	102	9	49	79	57	41	108	111	69	103	109	11	106	16	97	9	56	124	64	12	17	9	16	14	65
0	0	0	0	0	0	0	0	0	0	0	0	0	0	0	0	0	0	0	0	0	0	0	0	0	0	0	0	90	2	27	2	37	102	55	3	95	4	38	95	76	66	40	93	30	96	20	29	44	57	39	31	82	4	19	117	91	110	99	19	79	19	48	106	92	17	17	84	100	59	115	48	48	116	3	58	58	109	119	58	124	109	88	83	31	41	62	56	122	7	5	13	63	62	17	14	9	68	60	25	84	115	67	83	122	109	47	128	33	68	35	112	122	40	8	107	110	81	75	93	50	75	86	59	26	56	53	64
0	0	0	0	0	0	0	0	0	0	0	0	0	0	0	0	0	0	0	0	0	0	0	0	0	0	0	0	0	27	32	85	56	69	87	20	47	58	7	77	66	41	97	20	51	49	89	35	10	18	61	59	22	124	27	57	39	78	46	100	102	90	97	125	61	23	101	66	104	116	113	74	81	39	46	9	45	117	37	43	73	108	118	83	10	96	105	128	125	118	94	4	71	56	63	101	103	30	20	93	124	81	100	18	19	100	9	69	127	10	116	71	19	23	17	91	12	65	99	52	45	34	119	10	66	15	106	1
0	0	0	0	0	0	0	0	0	0	0	0	0	0	0	0	0	0	0	0	0	0	0	0	0	0	0	0	0	0	27	63	9	101	89	102	78	91	16	61	46	117	84	21	51	43	116	82	122	114	93	107	85	65	15	37	90	47	30	36	65	73	75	40	46	20	82	119	119	9	49	7	98	88	3	72	88	123	103	36	20	90	42	37	86	12	76	115	62	107	56	66	108	18	53	112	11	120	117	123	66	9	19	60	104	47	100	87	113	105	1	31	106	47	110	6	29	100	79	113	107	2	104	69	16	43	9	36
0	0	0	0	0	0	0	0	0	0	0	0	0	0	0	0	0	0	0	0	0	0	0	0	0	0	0	0	0	0	0	85	45	48	27	25	58	125	43	113	21	109	103	9	23	13	62	17	49	101	31	92	49	39	114	94	14	127	120	83	78	67	112	29	124	66	99	52	63	66	1	47	127	126	69	103	48	20	16	116	74	57	60	83	28	91	124	79	45	42	18	70	71	21	10	38	25	124	58	113	90	41	2	44	109	111	101	41	24	11	1	9	18	122	84	46	83	107	113	45	33	30	54	76	57	124	101	92
0	0	0	0	0	0	0	0	0	0	0	0	0	0	0	0	0	0	0	0	0	0	0	0	0	0	0	0	0	0	0	0	58	106	17	65	57	73	2	75	103	1	103	87	96	48	46	64	104	50	94	94	9	17	48	15	93	12	106	33	33	114	48	115	44	4	85	42	116	76	97	93	17	18	51	14	91	123	114	27	77	115	11	8	119	65	85	106	24	51	73	18	19	29	92	119	85	17	120	106	124	76	110	111	77	61	92	46	69	37	35	41	72	110	60	119	101	34	113	123	14	8	6	58	72	96	13	23
0	0	0	0	0	0	0	0	0	0	0	0	0	0	0	0	0	0	0	0	0	0	0	0	0	0	0	0	0	0	0	0	0	111	104	60	67	12	103	113	93	30	119	36	93	108	54	55	31	7	21	125	2	10	23	104	37	41	95	112	92	66	99	18	118	123	126	76	12	99	50	112	115	51	14	47	94	62	42	17	46	87	12	53	94	117	101	8	54	107	45	116	54	66	22	98	121	26	58	65	71	92	16	50	46	1	94	31	102	96	91	9	7	119	11	84	87	94	50	25	74	5	71	58	124	55	77	105
0	0	0	0	0	0	0	0	0	0	0	0	0	0	0	0	0	0	0	0	0	0	0	0	0	0	0	0	0	0	0	0	0	0	77	97	11	69	53	20	113	15	124	100	84	111	1	66	66	120	21	12	43	85	29	124	96	103	120	27	17	72	104	16	65	11	69	42	40	28	31	115	114	63	59	106	85	16	47	81	86	50	40	85	47	64	60	83	71	30	40	124	83	15	79	67	22	101	78	104	2	100	67	96	4	33	62	125	28	127	34	61	80	98	56	31	19	16	60	102	2	51	80	123	26	34	87	101
0	0	0	0	0	0	0	0	0	0	0	0	0	0	0	0	0	0	0	0	0	0	0	0	0	0	0	0	0	0	0	0	0	0	0	61	45	75	104	48	120	109	110	83	22	97	110	95	109	68	35	116	121	60	30	39	85	111	88	88	12	120	15	106	49	108	57	78	93	127	31	12	107	34	58	50	26	68	84	52	26	108	94	47	127	120	87	52	54	97	2	40	35	87	50	126	75	114	52	85	75	88	72	85	89	113	41	60	54	60	97	13	70	124	112	38	37	73	126	2	12	124	14	20	114	83	100	57
0	0	0	0	0	0	0	0	0	0	0	0	0	0	0	0	0	0	0	0	0	0	0	0	0	0	0	0	0	0	0	0	0	0	0	0	86	54	19	76	38	108	33	5	72	80	95	121	115	8	97	113	119	3	58	32	100	100	106	111	96	18	77	18	99	98	7	115	118	72	2	16	59	47	1	55	89	111	51	114	63	56	113	16	93	100	71	61	61	55	44	5	18	37	118	30	87	20	34	32	76	97	17	13	18	78	110	75	119	36	121	123	41	45	1	18	64	126	54	120	101	60	49	16	90	94	38	65
0	0	0	0	0	0	0	0	0	0	0	0	0	0	0	0	0	0	0	0	0	0	0	0	0	0	0	0	0	0	0	0	0	0	0	0	0	103	88	24	24	93	35	74	18	91	90	41	31	124	122	50	24	53	74	101	115	72	105	114	63	117	87	35	40	79	62	6	50	64	56	17	30	18	10	81	27	85	24	63	95	32	86	67	118	60	23	103	81	95	123	53	8	69	112	99	9	14	81	22	19	15	42	124	42	104	119	62	60	1	18	29	19	54	61	93	112	38	70	106	5	43	26	67	32	75	127	28
0	0	0	0	0	0	0	0	0	0	0	0	0	0	0	0	0	0	0	0	0	0	0	0	0	0	0	0	0	0	0	0	0	0	0	0	0	0	87	106	110	106	89	98	60	4	98	90	94	66	103	35	97	97	32	17	23	11	71	97	71	1	31	50	92	3	16	102	32	39	31	117	43	42	84	64	59	59	6	116	37	46	39	79	23	94	100	47	27	95	72	48	98	119	118	78	89	12	118	19	117	43	51	110	100	84	93	125	30	126	35	25	30	52	122	113	106	52	99	37	93	36	106	54	13	54	31	35
0	0	0	0	0	0	0	0	0	0	0	0	0	0	0	0	0	0	0	0	0	0	0	0	0	0	0	0	0	0	0	0	0	0	0	0	0	0	0	98	92	66	85	77	47	62	118	6	39	65	38	96	32	55	63	104	87	106	5	22	50	3	21	5	109	9	87	11	120	64	44	53	55	106	92	10	108	103	7	97	19	115	40	110	17	59	113	56	11	102	104	125	79	109	11	50	16	74	81	85	57	65	18	38	95	97	13	94	114	102	128	77	44	77	63	92	83	125	23	26	84	6	106	72	64	36	23	66
0	0	0	0	0	0	0	0	0	0	0	0	0	0	0	0	0	0	0	0	0	0	0	0	0	0	0	0	0	0	0	0	0	0	0	0	0	0	0	0	22	95	89	26	65	81	101	46	110	127	84	17	38	6	104	20	72	75	90	109	13	14	19	113	57	101	97	57	103	95	65	61	20	75	118	66	18	13	45	61	99	13	31	66	14	121	25	21	85	93	56	48	85	62	87	43	56	36	100	65	100	19	128	74	95	9	56	102	13	90	2	90	67	93	9	88	27	63	83	37	11	90	35	73	66	65	78	36
0	0	0	0	0	0	0	0	0	0	0	0	0	0	0	0	0	0	0	0	0	0	0	0	0	0	0	0	0	0	0	0	0	0	0	0	0	0	0	0	0	6	110	10	106	67	62	101	88	47	106	93	74	39	31	113	122	42	115	66	22	108	59	20	8	55	32	110	102	114	39	4	86	34	27	17	98	45	7	31	74	52	106	73	123	52	22	16	92	69	22	94	64	73	41	101	40	12	55	87	28	12	17	88	114	85	14	70	109	60	124	23	114	34	106	73	36	127	103	26	124	126	119	45	7	40	103	122
0	0	0	0	0	0	0	0	0	0	0	0	0	0	0	0	0	0	0	0	0	0	0	0	0	0	0	0	0	0	0	0	0	0	0	0	0	0	0	0	0	0	32	107	48	49	39	58	79	36	43	54	78	33	14	74	124	3	54	42	111	96	18	19	41	10	38	114	124	22	78	11	63	18	75	83	80	32	89	122	122	64	72	8	128	50	112	121	88	121	6	5	64	103	24	109	110	73	124	48	29	70	110	24	106	92	81	111	73	40	21	17	52	5	58	112	82	62	77	30	96	46	114	85	66	19	36	43
0	0	0	0	0	0	0	0	0	0	0	0	0	0	0	0	0	0	0	0	0	0	0	0	0	0	0	0	0	0	0	0	0	0	0	0	0	0	0	0	0	0	0	8	68	99	6	24	12	9	59	79	128	25	61	49	30	45	13	93	78	124	124	106	33	52	70	16	41	79	82	23	49	56	61	30	95	104	71	13	45	126	21	44	33	76	90	111	5	59	39	20	127	106	105	89	26	4	36	105	124	97	125	31	108	31	26	2	9	93	50	48	125	10	28	118	80	107	72	25	60	105	77	112	5	103	59	65
0	0	0	0	0	0	0	0	0	0	0	0	0	0	0	0	0	0	0	0	0	0	0	0	0	0	0	0	0	0	0	0	0	0	0	0	0	0	0	0	0	0	0	0	76	29	12	37	68	101	20	109	101	70	126	56	2	50	74	125	68	77	107	32	62	12	8	118	121	45	93	96	89	87	61	118	23	39	88	121	127	14	87	61	65	94	68	118	75	90	34	99	1	43	26	18	84	91	126	10	34	40	80	126	87	80	85	127	57	93	73	79	102	18	55	7	124	69	64	76	13	57	103	3	13	108	13	92
0	0	0	0	0	0	0	0	0	0	0	0	0	0	0	0	0	0	0	0	0	0	0	0	0	0	0	0	0	0	0	0	0	0	0	0	0	0	0	0	0	0	0	0	0	44	33	64	27	109	102	63	76	90	37	52	112	6	33	100	111	38	13	43	126	109	69	69	105	36	63	24	68	62	20	39	42	108	88	42	92	57	102	14	29	81	27	43	72	90	15	113	86	1	78	88	1	96	57	21	75	46	92	95	36	22	36	40	86	42	57	94	81	68	90	62	116	53	6	69	15	82	75	17	88	84	4	61
0	0	0	0	0	0	0	0	0	0	0	0	0	0	0	0	0	0	0	0	0	0	0	0	0	0	0	0	0	0	0	0	0	0	0	0	0	0	0	0	0	0	0	0	0	0	23	75	4	45	126	110	50	105	117	3	46	42	106	85	89	4	10	89	58	121	25	80	89	120	91	123	23	112	97	81	63	116	114	124	107	127	11	48	100	124	122	103	50	30	123	68	69	75	22	107	122	115	105	40	59	50	68	50	52	43	117	58	19	111	108	71	69	12	120	121	74	42	23	81	25	36	1	102	14	44	9	45
0	0	0	0	0	0	0	0	0	0	0	0	0	0	0	0	0	0	0	0	0	0	0	0	0	0	0	0	0	0	0	0	0	0	0	0	0	0	0	0	0	0	0	0	0	0	0	25	5	120	95	102	102	5	112	65	32	20	85	25	100	118	95	17	116	106	125	78	24	69	2	72	45	89	128	23	108	90	5	14	5	70	118	5	42	77	78	123	113	69	72	76	52	97	33	8	100	53	113	38	53	17	99	60	83	58	25	15	83	14	46	35	120	111	122	126	50	35	39	15	9	106	51	30	58	57	37	110
0	0	0	0	0	0	0	0	0	0	0	0	0	0	0	0	0	0	0	0	0	0	0	0	0	0	0	0	0	0	0	0	0	0	0	0	0	0	0	0	0	0	0	0	0	0	0	0	84	37	68	122	96	98	40	119	109	1	84	15	104	93	92	14	116	126	88	125	104	8	62	51	125	89	65	81	26	87	72	49	46	84	5	37	76	57	4	119	51	32	125	73	24	45	74	21	111	72	98	16	6	43	113	27	47	5	45	42	109	122	50	15	68	76	103	123	45	62	15	83	54	49	86	112	28	128	62	120
0	0	0	0	0	0	0	0	0	0	0	0	0	0	0	0	0	0	0	0	0	0	0	0	0	0	0	0	0	0	0	0	0	0	0	0	0	0	0	0	0	0	0	0	0	0	0	0	0	68	48	11	19	38	88	123	86	16	24	5	119	7	95	73	4	29	12	95	47	123	31	118	96	92	28	54	31	4	41	10	10	48	78	121	70	78	71	69	67	119	128	88	39	94	71	123	28	43	75	126	91	4	55	90	26	127	55	51	96	33	48	24	80	23	32	81	66	73	120	60	12	11	68	32	35	91	37	123
0	0	0	0	0	0	0	0	0	0	0	0	0	0	0	0	0	0	0	0	0	0	0	0	0	0	0	0	0	0	0	0	0	0	0	0	0	0	0	0	0	0	0	0	0	0	0	0	0	0	72	1	22	48	1	65	9	8	53	34	9	56	30	54	38	52	75	1	60	50	10	4	90	116	20	117	66	67	6	60	52	33	49	115	10	21	79	17	81	115	81	24	116	54	43	31	76	112	112	17	38	32	28	48	95	85	15	118	24	89	70	127	11	43	44	108	46	7	8	104	118	94	66	99	100	28	127	28
0	0	0	0	0	0	0	0	0	0	0	0	0	0	0	0	0	0	0	0	0	0	0	0	0	0	0	0	0	0	0	0	0	0	0	0	0	0	0	0	0	0	0	0	0	0	0	0	0	0	0	112	2	4	119	26	87	72	101	12	9	110	102	26	5	31	87	17	57	115	101	19	27	7	55	105	123	94	22	33	17	14	82	77	2	40	8	127	99	47	124	123	65	87	86	31	54	73	44	54	15	126	86	37	51	33	17	57	63	66	82	18	23	44	59	56	6	39	88	82	113	61	12	40	53	10	76	12
0	0	0	0	0	0	0	0	0	0	0	0	0	0	0	0	0	0	0	0	0	0	0	0	0	0	0	0	0	0	0	0	0	0	0	0	0	0	0	0	0	0	0	0	0	0	0	0	0	0	0	0	93	19	56	111	114	108	85	6	33	115	120	92	32	14	73	109	60	40	99	44	6	59	118	4	78	69	47	30	37	85	41	98	125	115	93	42	47	30	62	33	105	13	117	37	34	29	119	114	64	80	1	68	48	37	23	14	98	99	107	89	114	6	42	7	77	62	14	21	107	118	71	3	4	29	50	44
0	0	0	0	0	0	0	0	0	0	0	0	0	0	0	0	0	0	0	0	0	0	0	0	0	0	0	0	0	0	0	0	0	0	0	0	0	0	0	0	0	0	0	0	0	0	0	0	0	0	0	0	0	47	70	93	19	55	114	32	122	56	12	116	35	35	26	52	39	63	12	61	45	26	112	113	1	21	81	86	112	64	73	16	78	65	74	12	7	70	49	122	57	110	12	101	12	110	119	65	21	90	111	25	84	103	85	73	31	37	121	86	123	1	121	68	19	29	21	37	73	46	102	100	126	28	106	2
0	0	0	0	0	0	0	0	0	0	0	0	0	0	0	0	0	0	0	0	0	0	0	0	0	0	0	0	0	0	0	0	0	0	0	0	0	0	0	0	0	0	0	0	0	0	0	0	0	0	0	0	0	0	120	103	53	100	125	59	56	30	48	81	76	120	79	101	98	51	8	27	93	11	127	110	33	54	93	68	127	2	82	20	114	65	18	75	13	40	117	21	39	73	81	102	97	60	52	37	115	60	57	80	1	56	1	30	121	102	82	55	21	16	30	64	124	48	5	10	13	47	82	94	83	89	98	128
0	0	0	0	0	0	0	0	0	0	0	0	0	0	0	0	0	0	0	0	0	0	0	0	0	0	0	0	0	0	0	0	0	0	0	0	0	0	0	0	0	0	0	0	0	0	0	0	0	0	0	0	0	0	0	37	16	77	4	82	16	41	46	119	20	4	88	117	7	18	52	125	45	73	18	85	11	8	73	31	126	48	25	9	3	49	83	15	97	110	16	26	114	79	12	77	61	85	1	78	55	57	75	97	40	33	21	55	100	41	14	99	10	120	121	37	81	42	12	110	8	91	10	121	125	38	121	96
0	0	0	0	0	0	0	0	0	0	0	0	0	0	0	0	0	0	0	0	0	0	0	0	0	0	0	0	0	0	0	0	0	0	0	0	0	0	0	0	0	0	0	0	0	0	0	0	0	0	0	0	0	0	0	0	86	52	34	30	97	100	105	111	125	86	101	22	63	61	44	30	44	91	43	47	81	98	45	21	2	58	72	103	31	35	10	107	69	51	47	15	23	5	87	44	117	15	106	109	74	79	17	84	59	50	69	109	9	67	117	27	105	78	7	39	92	62	12	1	85	13	56	12	126	89	34	29
0	0	0	0	0	0	0	0	0	0	0	0	0	0	0	0	0	0	0	0	0	0	0	0	0	0	0	0	0	0	0	0	0	0	0	0	0	0	0	0	0	0	0	0	0	0	0	0	0	0	0	0	0	0	0	0	0	49	120	13	70	6	118	90	107	8	51	85	37	114	32	100	55	67	57	31	24	59	38	87	124	33	78	108	82	111	54	113	12	38	34	22	64	3	73	11	61	79	119	64	3	32	46	93	13	80	31	106	50	42	82	29	96	27	14	92	29	39	92	81	62	32	21	112	19	15	28	21
0	0	0	0	0	0	0	0	0	0	0	0	0	0	0	0	0	0	0	0	0	0	0	0	0	0	0	0	0	0	0	0	0	0	0	0	0	0	0	0	0	0	0	0	0	0	0	0	0	0	0	0	0	0	0	0	0	0	47	73	68	48	4	6	109	80	104	15	50	123	107	111	18	26	56	67	103	57	105	97	8	87	34	105	100	47	30	20	82	28	43	128	125	21	73	112	86	104	64	8	28	122	53	29	111	24	34	7	107	79	80	52	46	83	41	20	72	103	85	27	16	28	69	17	73	67	92	55
0	0	0	0	0	0	0	0	0	0	0	0	0	0	0	0	0	0	0	0	0	0	0	0	0	0	0	0	0	0	0	0	0	0	0	0	0	0	0	0	0	0	0	0	0	0	0	0	0	0	0	0	0	0	0	0	0	0	0	14	27	54	78	51	9	44	60	112	10	103	115	76	108	105	87	10	42	52	9	128	3	89	127	85	8	41	26	89	67	53	119	40	81	110	71	94	77	35	53	94	25	115	67	65	62	95	123	73	18	84	14	40	31	36	62	46	91	92	78	57	43	87	79	16	12	81	81	41
0	0	0	0	0	0	0	0	0	0	0	0	0	0	0	0	0	0	0	0	0	0	0	0	0	0	0	0	0	0	0	0	0	0	0	0	0	0	0	0	0	0	0	0	0	0	0	0	0	0	0	0	0	0	0	0	0	0	0	0	111	29	9	110	40	62	88	9	56	1	128	90	98	105	115	118	25	2	78	69	25	57	73	107	98	48	75	69	9	93	14	95	123	128	24	19	22	19	92	59	124	27	17	32	18	101	127	88	111	48	63	81	27	66	21	119	67	49	27	99	126	118	54	23	113	29	12	85
0	0	0	0	0	0	0	0	0	0	0	0	0	0	0	0	0	0	0	0	0	0	0	0	0	0	0	0	0	0	0	0	0	0	0	0	0	0	0	0	0	0	0	0	0	0	0	0	0	0	0	0	0	0	0	0	0	0	0	0	0	36	10	25	80	19	114	59	41	15	36	18	50	105	72	14	40	57	64	122	114	91	68	124	40	43	79	31	103	36	45	93	75	105	64	98	92	66	108	90	115	35	126	34	57	15	6	46	47	87	20	119	78	31	46	74	77	127	115	11	62	60	120	91	100	13	71	99
0	0	0	0	0	0	0	0	0	0	0	0	0	0	0	0	0	0	0	0	0	0	0	0	0	0	0	0	0	0	0	0	0	0	0	0	0	0	0	0	0	0	0	0	0	0	0	0	0	0	0	0	0	0	0	0	0	0	0	0	0	0	114	100	87	9	103	13	71	15	10	74	128	74	102	116	51	19	25	40	67	17	35	10	88	85	119	81	10	98	35	123	54	68	69	83	25	29	35	52	40	61	46	38	104	51	71	83	45	73	106	99	23	107	66	87	70	107	58	62	114	15	124	63	22	118	87	56
0	0	0	0	0	0	0	0	0	0	0	0	0	0	0	0	0	0	0	0	0	0	0	0	0	0	0	0	0	0	0	0	0	0	0	0	0	0	0	0	0	0	0	0	0	0	0	0	0	0	0	0	0	0	0	0	0	0	0	0	0	0	0	71	87	95	24	106	86	23	79	116	60	87	98	22	112	8	63	122	69	97	110	23	72	117	73	84	85	92	117	43	87	64	72	71	120	69	22	123	5	64	57	18	7	14	34	13	54	24	115	82	75	82	126	78	42	94	7	49	89	97	119	74	120	5	22	109
0	0	0	0	0	0	0	0	0	0	0	0	0	0	0	0	0	0	0	0	0	0	0	0	0	0	0	0	0	0	0	0	0	0	0	0	0	0	0	0	0	0	0	0	0	0	0	0	0	0	0	0	0	0	0	0	0	0	0	0	0	0	0	0	126	27	117	98	84	68	18	85	126	53	92	20	28	48	106	109	22	51	22	55	100	34	72	67	57	119	115	109	4	84	102	106	66	97	53	9	108	94	118	54	63	1	83	69	33	100	104	63	84	47	52	118	67	29	81	58	113	74	106	116	27	29	9	124
0	0	0	0	0	0	0	0	0	0	0	0	0	0	0	0	0	0	0	0	0	0	0	0	0	0	0	0	0	0	0	0	0	0	0	0	0	0	0	0	0	0	0	0	0	0	0	0	0	0	0	0	0	0	0	0	0	0	0	0	0	0	0	0	0	69	4	105	80	14	22	51	127	17	90	121	1	88	27	73	1	63	112	7	128	38	91	65	84	26	56	126	17	7	87	109	44	46	47	30	119	108	9	13	2	16	95	21	11	44	97	29	106	39	67	128	121	108	46	126	9	56	62	80	95	3	32	79
0	0	0	0	0	0	0	0	0	0	0	0	0	0	0	0	0	0	0	0	0	0	0	0	0	0	0	0	0	0	0	0	0	0	0	0	0	0	0	0	0	0	0	0	0	0	0	0	0	0	0	0	0	0	0	0	0	0	0	0	0	0	0	0	0	0	124	17	45	34	59	67	75	98	3	6	92	75	88	79	50	62	31	11	80	113	2	17	115	107	126	104	94	62	95	125	70	31	117	81	106	80	29	69	25	111	66	74	39	19	97	98	36	89	100	72	109	56	36	45	128	3	43	33	11	107	18	42
0	0	0	0	0	0	0	0	0	0	0	0	0	0	0	0	0	0	0	0	0	0	0	0	0	0	0	0	0	0	0	0	0	0	0	0	0	0	0	0	0	0	0	0	0	0	0	0	0	0	0	0	0	0	0	0	0	0	0	0	0	0	0	0	0	0	0	105	110	112	1	104	72	52	116	53	62	28	60	61	95	113	73	18	75	52	11	71	2	90	56	74	12	33	58	10	119	52	26	92	61	49	19	84	43	2	103	82	93	118	98	60	89	67	19	80	40	63	57	45	97	126	43	16	45	34	41	48
0	0	0	0	0	0	0	0	0	0	0	0	0	0	0	0	0	0	0	0	0	0	0	0	0	0	0	0	0	0	0	0	0	0	0	0	0	0	0	0	0	0	0	0	0	0	0	0	0	0	0	0	0	0	0	0	0	0	0	0	0	0	0	0	0	0	0	0	29	95	120	49	6	45	107	88	104	36	97	29	73	105	79	40	75	66	112	22	29	45	12	88	56	46	11	96	109	45	81	83	97	16	95	84	68	69	53	46	114	101	112	37	7	122	75	97	117	22	47	32	13	90	90	120	15	53	7	85
0	0	0	0	0	0	0	0	0	0	0	0	0	0	0	0	0	0	0	0	0	0	0	0	0	0	0	0	0	0	0	0	0	0	0	0	0	0	0	0	0	0	0	0	0	0	0	0	0	0	0	0	0	0	0	0	0	0	0	0	0	0	0	0	0	0	0	0	0	23	128	37	122	125	19	22	124	69	28	24	39	103	72	99	9	46	123	76	90	114	69	111	74	3	74	67	41	5	113	126	89	9	86	78	66	10	3	76	55	114	55	4	36	1	65	68	4	49	49	84	40	103	87	106	89	39	117	105
0	0	0	0	0	0	0	0	0	0	0	0	0	0	0	0	0	0	0	0	0	0	0	0	0	0	0	0	0	0	0	0	0	0	0	0	0	0	0	0	0	0	0	0	0	0	0	0	0	0	0	0	0	0	0	0	0	0	0	0	0	0	0	0	0	0	0	0	0	0	47	18	65	52	96	30	15	123	41	112	43	117	75	118	113	6	76	92	76	56	76	33	64	53	61	5	75	98	45	34	56	126	59	35	8	49	113	118	39	22	33	102	39	5	20	98	119	25	105	32	113	11	99	21	61	38	62	29
0	0	0	0	0	0	0	0	0	0	0	0	0	0	0	0	0	0	0	0	0	0	0	0	0	0	0	0	0	0	0	0	0	0	0	0	0	0	0	0	0	0	0	0	0	0	0	0	0	0	0	0	0	0	0	0	0	0	0	0	0	0	0	0	0	0	0	0	0	0	0	105	24	90	32	19	48	7	41	70	63	27	47	118	106	102	118	103	109	89	74	122	3	93	71	43	120	29	7	19	89	7	48	64	96	68	5	94	81	102	14	16	58	44	21	32	112	26	117	52	125	116	99	70	3	90	16	44
0	0	0	0	0	0	0	0	0	0	0	0	0	0	0	0	0	0	0	0	0	0	0	0	0	0	0	0	0	0	0	0	0	0	0	0	0	0	0	0	0	0	0	0	0	0	0	0	0	0	0	0	0	0	0	0	0	0	0	0	0	0	0	0	0	0	0	0	0	0	0	0	117	100	123	19	85	16	78	55	81	66	17	84	59	79	62	57	115	40	38	20	39	94	40	24	57	128	62	124	108	76	25	70	15	93	102	127	21	89	85	58	61	88	97	34	30	70	118	121	124	89	96	122	110	51	98	73
0	0	0	0	0	0	0	0	0	0	0	0	0	0	0	0	0	0	0	0	0	0	0	0	0	0	0	0	0	0	0	0	0	0	0	0	0	0	0	0	0	0	0	0	0	0	0	0	0	0	0	0	0	0	0	0	0	0	0	0	0	0	0	0	0	0	0	0	0	0	0	0	0	77	102	51	17	46	68	119	7	90	30	89	93	97	85	121	28	34	66	36	118	70	44	29	108	115	26	120	116	53	118	59	28	3	27	104	34	115	72	106	8	5	111	90	16	28	92	14	80	24	27	100	92	75	45	89
0	0	0	0	0	0	0	0	0	0	0	0	0	0	0	0	0	0	0	0	0	0	0	0	0	0	0	0	0	0	0	0	0	0	0	0	0	0	0	0	0	0	0	0	0	0	0	0	0	0	0	0	0	0	0	0	0	0	0	0	0	0	0	0	0	0	0	0	0	0	0	0	0	0	109	66	101	109	34	10	48	9	28	81	19	29	93	113	40	28	38	38	70	53	36	89	59	124	89	52	40	124	6	26	123	112	36	5	91	39	124	80	85	21	54	103	116	104	101	121	121	48	81	74	91	5	69	44
0	0	0	0	0	0	0	0	0	0	0	0	0	0	0	0	0	0	0	0	0	0	0	0	0	0	0	0	0	0	0	0	0	0	0	0	0	0	0	0	0	0	0	0	0	0	0	0	0	0	0	0	0	0	0	0	0	0	0	0	0	0	0	0	0	0	0	0	0	0	0	0	0	0	0	128	26	34	105	97	58	35	36	104	52	101	4	40	63	8	33	47	65	74	73	14	30	92	71	39	110	74	99	55	85	69	16	68	75	59	124	118	35	118	116	11	81	42	76	100	95	60	57	67	56	39	53	122
0	0	0	0	0	0	0	0	0	0	0	0	0	0	0	0	0	0	0	0	0	0	0	0	0	0	0	0	0	0	0	0	0	0	0	0	0	0	0	0	0	0	0	0	0	0	0	0	0	0	0	0	0	0	0	0	0	0	0	0	0	0	0	0	0	0	0	0	0	0	0	0	0	0	0	0	119	84	63	80	78	72	105	73	33	68	49	99	72	97	22	17	2	73	63	63	70	22	6	89	12	127	40	110	45	95	40	97	81	101	88	78	49	56	47	52	63	17	28	114	59	121	14	66	62	92	29	65
0	0	0	0	0	0	0	0	0	0	0	0	0	0	0	0	0	0	0	0	0	0	0	0	0	0	0	0	0	0	0	0	0	0	0	0	0	0	0	0	0	0	0	0	0	0	0	0	0	0	0	0	0	0	0	0	0	0	0	0	0	0	0	0	0	0	0	0	0	0	0	0	0	0	0	0	0	15	30	27	85	10	83	122	94	83	21	112	98	85	45	14	65	16	63	70	37	46	61	57	79	80	36	82	8	1	7	23	83	93	126	84	12	38	61	16	116	17	116	118	63	34	89	20	12	17	94	75
0	0	0	0	0	0	0	0	0	0	0	0	0	0	0	0	0	0	0	0	0	0	0	0	0	0	0	0	0	0	0	0	0	0	0	0	0	0	0	0	0	0	0	0	0	0	0	0	0	0	0	0	0	0	0	0	0	0	0	0	0	0	0	0	0	0	0	0	0	0	0	0	0	0	0	0	0	0	115	89	34	126	80	126	115	74	50	66	28	34	86	84	73	78	122	32	23	11	15	95	24	110	80	102	85	103	39	36	11	98	92	93	95	124	112	63	33	10	94	115	77	10	82	64	61	114	117	81
0	0	0	0	0	0	0	0	0	0	0	0	0	0	0	0	0	0	0	0	0	0	0	0	0	0	0	0	0	0	0	0	0	0	0	0	0	0	0	0	0	0	0	0	0	0	0	0	0	0	0	0	0	0	0	0	0	0	0	0	0	0	0	0	0	0	0	0	0	0	0	0	0	0	0	0	0	0	0	91	108	20	5	39	114	36	23	68	76	5	48	6	23	20	97	127	64	90	126	123	49	97	93	58	8	61	115	33	25	62	38	87	96	29	40	99	58	16	103	31	23	36	122	4	28	48	82	31
0	0	0	0	0	0	0	0	0	0	0	0	0	0	0	0	0	0	0	0	0	0	0	0	0	0	0	0	0	0	0	0	0	0	0	0	0	0	0	0	0	0	0	0	0	0	0	0	0	0	0	0	0	0	0	0	0	0	0	0	0	0	0	0	0	0	0	0	0	0	0	0	0	0	0	0	0	0	0	0	79	128	111	9	109	58	29	58	37	15	7	77	82	8	79	32	81	10	108	124	101	29	69	42	31	122	17	75	118	67	61	98	109	90	78	91	95	75	78	103	97	101	84	89	97	107	90	120
0	0	0	0	0	0	0	0	0	0	0	0	0	0	0	0	0	0	0	0	0	0	0	0	0	0	0	0	0	0	0	0	0	0	0	0	0	0	0	0	0	0	0	0	0	0	0	0	0	0	0	0	0	0	0	0	0	0	0	0	0	0	0	0	0	0	0	0	0	0	0	0	0	0	0	0	0	0	0	0	0	119	118	9	81	64	77	71	93	91	49	84	44	36	66	121	111	98	39	19	33	47	104	121	99	55	30	76	106	35	118	115	53	71	30	70	50	65	92	34	86	105	24	75	73	94	10	56
0	0	0	0	0	0	0	0	0	0	0	0	0	0	0	0	0	0	0	0	0	0	0	0	0	0	0	0	0	0	0	0	0	0	0	0	0	0	0	0	0	0	0	0	0	0	0	0	0	0	0	0	0	0	0	0	0	0	0	0	0	0	0	0	0	0	0	0	0	0	0	0	0	0	0	0	0	0	0	0	0	0	45	46	23	72	46	35	19	8	12	123	95	101	2	29	58	12	90	23	114	61	95	17	44	92	45	5	90	123	69	8	62	33	114	59	127	92	39	98	10	103	9	76	72	121	14	113
0	0	0	0	0	0	0	0	0	0	0	0	0	0	0	0	0	0	0	0	0	0	0	0	0	0	0	0	0	0	0	0	0	0	0	0	0	0	0	0	0	0	0	0	0	0	0	0	0	0	0	0	0	0	0	0	0	0	0	0	0	0	0	0	0	0	0	0	0	0	0	0	0	0	0	0	0	0	0	0	0	0	0	101	14	85	94	66	125	113	116	104	31	17	89	87	60	127	107	106	92	50	6	54	30	3	72	35	126	36	115	66	40	87	48	80	11	42	8	45	69	69	91	77	71	28	127	74
0	0	0	0	0	0	0	0	0	0	0	0	0	0	0	0	0	0	0	0	0	0	0	0	0	0	0	0	0	0	0	0	0	0	0	0	0	0	0	0	0	0	0	0	0	0	0	0	0	0	0	0	0	0	0	0	0	0	0	0	0	0	0	0	0	0	0	0	0	0	0	0	0	0	0	0	0	0	0	0	0	0	0	0	15	39	12	49	86	25	1	56	45	81	82	21	27	66	43	47	44	97	66	94	44	67	97	45	88	126	74	64	54	80	74	9	16	8	68	60	72	3	79	105	16	7	91	56
0	0	0	0	0	0	0	0	0	0	0	0	0	0	0	0	0	0	0	0	0	0	0	0	0	0	0	0	0	0	0	0	0	0	0	0	0	0	0	0	0	0	0	0	0	0	0	0	0	0	0	0	0	0	0	0	0	0	0	0	0	0	0	0	0	0	0	0	0	0	0	0	0	0	0	0	0	0	0	0	0	0	0	0	0	66	36	54	18	76	34	82	116	33	88	104	47	59	92	85	123	49	87	42	31	48	112	116	23	35	98	64	79	24	88	89	40	108	1	124	119	106	112	44	15	92	26	15
0	0	0	0	0	0	0	0	0	0	0	0	0	0	0	0	0	0	0	0	0	0	0	0	0	0	0	0	0	0	0	0	0	0	0	0	0	0	0	0	0	0	0	0	0	0	0	0	0	0	0	0	0	0	0	0	0	0	0	0	0	0	0	0	0	0	0	0	0	0	0	0	0	0	0	0	0	0	0	0	0	0	0	0	0	0	99	49	63	112	126	110	124	89	59	7	63	55	128	9	97	99	72	49	59	86	59	60	36	90	51	83	101	21	13	17	49	71	47	72	78	51	125	5	69	46	119	117
0	0	0	0	0	0	0	0	0	0	0	0	0	0	0	0	0	0	0	0	0	0	0	0	0	0	0	0	0	0	0	0	0	0	0	0	0	0	0	0	0	0	0	0	0	0	0	0	0	0	0	0	0	0	0	0	0	0	0	0	0	0	0	0	0	0	0	0	0	0	0	0	0	0	0	0	0	0	0	0	0	0	0	0	0	0	0	85	26	38	107	113	73	103	104	110	37	31	78	104	5	33	121	45	80	126	103	42	73	33	20	47	32	6	33	64	11	118	104	8	35	25	2	17	23	48	54	94
0	0	0	0	0	0	0	0	0	0	0	0	0	0	0	0	0	0	0	0	0	0	0	0	0	0	0	0	0	0	0	0	0	0	0	0	0	0	0	0	0	0	0	0	0	0	0	0	0	0	0	0	0	0	0	0	0	0	0	0	0	0	0	0	0	0	0	0	0	0	0	0	0	0	0	0	0	0	0	0	0	0	0	0	0	0	0	0	13	67	97	70	128	103	85	120	101	76	28	36	19	90	128	23	53	69	54	88	124	82	30	127	83	74	57	47	60	44	99	48	103	18	37	32	93	5	96	33
0	0	0	0	0	0	0	0	0	0	0	0	0	0	0	0	0	0	0	0	0	0	0	0	0	0	0	0	0	0	0	0	0	0	0	0	0	0	0	0	0	0	0	0	0	0	0	0	0	0	0	0	0	0	0	0	0	0	0	0	0	0	0	0	0	0	0	0	0	0	0	0	0	0	0	0	0	0	0	0	0	0	0	0	0	0	0	0	0	117	99	29	112	29	19	53	39	85	45	106	93	96	128	94	66	54	113	37	92	80	81	21	87	11	66	7	30	34	91	96	72	43	22	12	71	55	92	72
0	0	0	0	0	0	0	0	0	0	0	0	0	0	0	0	0	0	0	0	0	0	0	0	0	0	0	0	0	0	0	0	0	0	0	0	0	0	0	0	0	0	0	0	0	0	0	0	0	0	0	0	0	0	0	0	0	0	0	0	0	0	0	0	0	0	0	0	0	0	0	0	0	0	0	0	0	0	0	0	0	0	0	0	0	0	0	0	0	0	53	123	121	7	78	68	96	80	93	104	9	32	52	65	29	60	99	94	72	127	71	121	65	91	38	12	45	20	35	122	124	21	26	121	84	16	109	38
0	0	0	0	0	0	0	0	0	0	0	0	0	0	0	0	0	0	0	0	0	0	0	0	0	0	0	0	0	0	0	0	0	0	0	0	0	0	0	0	0	0	0	0	0	0	0	0	0	0	0	0	0	0	0	0	0	0	0	0	0	0	0	0	0	0	0	0	0	0	0	0	0	0	0	0	0	0	0	0	0	0	0	0	0	0	0	0	0	0	0	100	1	43	120	84	95	89	1	11	128	120	74	47	22	73	114	66	3	50	58	94	3	53	62	111	69	69	80	47	23	122	15	103	109	22	7	110
0	0	0	0	0	0	0	0	0	0	0	0	0	0	0	0	0	0	0	0	0	0	0	0	0	0	0	0	0	0	0	0	0	0	0	0	0	0	0	0	0	0	0	0	0	0	0	0	0	0	0	0	0	0	0	0	0	0	0	0	0	0	0	0	0	0	0	0	0	0	0	0	0	0	0	0	0	0	0	0	0	0	0	0	0	0	0	0	0	0	0	0	49	9	82	24	128	117	56	63	82	94	93	119	17	50	5	54	39	81	73	20	78	74	20	117	47	44	117	122	86	21	34	122	98	84	82	21
0	0	0	0	0	0	0	0	0	0	0	0	0	0	0	0	0	0	0	0	0	0	0	0	0	0	0	0	0	0	0	0	0	0	0	0	0	0	0	0	0	0	0	0	0	0	0	0	0	0	0	0	0	0	0	0	0	0	0	0	0	0	0	0	0	0	0	0	0	0	0	0	0	0	0	0	0	0	0	0	0	0	0	0	0	0	0	0	0	0	0	0	0	99	66	40	49	65	30	82	10	18	70	73	114	66	49	31	58	115	128	128	56	51	55	26	17	5	43	101	90	65	15	3	65	108	115	104
0	0	0	0	0	0	0	0	0	0	0	0	0	0	0	0	0	0	0	0	0	0	0	0	0	0	0	0	0	0	0	0	0	0	0	0	0	0	0	0	0	0	0	0	0	0	0	0	0	0	0	0	0	0	0	0	0	0	0	0	0	0	0	0	0	0	0	0	0	0	0	0	0	0	0	0	0	0	0	0	0	0	0	0	0	0	0	0	0	0	0	0	0	0	55	18	124	6	77	19	118	33	120	81	50	57	90	31	100	119	106	32	91	80	80	117	41	83	28	4	58	119	128	17	36	110	118	73
0	0	0	0	0	0	0	0	0	0	0	0	0	0	0	0	0	0	0	0	0	0	0	0	0	0	0	0	0	0	0	0	0	0	0	0	0	0	0	0	0	0	0	0	0	0	0	0	0	0	0	0	0	0	0	0	0	0	0	0	0	0	0	0	0	0	0	0	0	0	0	0	0	0	0	0	0	0	0	0	0	0	0	0	0	0	0	0	0	0	0	0	0	0	0	87	126	44	62	109	54	20	111	9	31	11	50	14	11	37	29	30	54	47	95	23	119	15	83	86	111	36	76	65	100	42	52	57
0	0	0	0	0	0	0	0	0	0	0	0	0	0	0	0	0	0	0	0	0	0	0	0	0	0	0	0	0	0	0	0	0	0	0	0	0	0	0	0	0	0	0	0	0	0	0	0	0	0	0	0	0	0	0	0	0	0	0	0	0	0	0	0	0	0	0	0	0	0	0	0	0	0	0	0	0	0	0	0	0	0	0	0	0	0	0	0	0	0	0	0	0	0	0	0	111	119	43	120	27	65	112	29	86	33	88	96	4	38	77	46	28	72	95	112	82	102	8	28	124	76	8	68	87	96	4	118
0	0	0	0	0	0	0	0	0	0	0	0	0	0	0	0	0	0	0	0	0	0	0	0	0	0	0	0	0	0	0	0	0	0	0	0	0	0	0	0	0	0	0	0	0	0	0	0	0	0	0	0	0	0	0	0	0	0	0	0	0	0	0	0	0	0	0	0	0	0	0	0	0	0	0	0	0	0	0	0	0	0	0	0	0	0	0	0	0	0	0	0	0	0	0	0	0	41	48	72	105	48	19	67	105	85	94	121	11	39	45	125	25	116	92	28	57	5	64	82	106	15	1	43	6	114	85	87
0	0	0	0	0	0	0	0	0	0	0	0	0	0	0	0	0	0	0	0	0	0	0	0	0	0	0	0	0	0	0	0	0	0	0	0	0	0	0	0	0	0	0	0	0	0	0	0	0	0	0	0	0	0	0	0	0	0	0	0	0	0	0	0	0	0	0	0	0	0	0	0	0	0	0	0	0	0	0	0	0	0	0	0	0	0	0	0	0	0	0	0	0	0	0	0	0	0	7	23	19	122	81	14	101	63	7	2	71	29	95	84	92	48	27	41	73	41	101	56	40	65	55	119	60	58	1	93
0	0	0	0	0	0	0	0	0	0	0	0	0	0	0	0	0	0	0	0	0	0	0	0	0	0	0	0	0	0	0	0	0	0	0	0	0	0	0	0	0	0	0	0	0	0	0	0	0	0	0	0	0	0	0	0	0	0	0	0	0	0	0	0	0	0	0	0	0	0	0	0	0	0	0	0	0	0	0	0	0	0	0	0	0	0	0	0	0	0	0	0	0	0	0	0	0	0	0	118	49	29	12	61	26	8	68	74	124	29	118	124	128	29	12	27	117	120	105	123	97	55	44	40	3	99	104	91
0	0	0	0	0	0	0	0	0	0	0	0	0	0	0	0	0	0	0	0	0	0	0	0	0	0	0	0	0	0	0	0	0	0	0	0	0	0	0	0	0	0	0	0	0	0	0	0	0	0	0	0	0	0	0	0	0	0	0	0	0	0	0	0	0	0	0	0	0	0	0	0	0	0	0	0	0	0	0	0	0	0	0	0	0	0	0	0	0	0	0	0	0	0	0	0	0	0	0	0	34	46	59	109	124	3	11	17	87	16	48	97	14	2	125	42	82	118	51	80	109	111	63	37	58	121	104	20
0	0	0	0	0	0	0	0	0	0	0	0	0	0	0	0	0	0	0	0	0	0	0	0	0	0	0	0	0	0	0	0	0	0	0	0	0	0	0	0	0	0	0	0	0	0	0	0	0	0	0	0	0	0	0	0	0	0	0	0	0	0	0	0	0	0	0	0	0	0	0	0	0	0	0	0	0	0	0	0	0	0	0	0	0	0	0	0	0	0	0	0	0	0	0	0	0	0	0	0	0	81	70	41	122	13	94	53	35	15	87	104	21	17	12	76	33	68	83	74	44	10	13	63	60	8	32	68
0	0	0	0	0	0	0	0	0	0	0	0	0	0	0	0	0	0	0	0	0	0	0	0	0	0	0	0	0	0	0	0	0	0	0	0	0	0	0	0	0	0	0	0	0	0	0	0	0	0	0	0	0	0	0	0	0	0	0	0	0	0	0	0	0	0	0	0	0	0	0	0	0	0	0	0	0	0	0	0	0	0	0	0	0	0	0	0	0	0	0	0	0	0	0	0	0	0	0	0	0	0	128	14	128	125	29	16	45	95	99	111	59	48	55	95	35	39	49	31	16	64	35	98	71	54	50	48
0	0	0	0	0	0	0	0	0	0	0	0	0	0	0	0	0	0	0	0	0	0	0	0	0	0	0	0	0	0	0	0	0	0	0	0	0	0	0	0	0	0	0	0	0	0	0	0	0	0	0	0	0	0	0	0	0	0	0	0	0	0	0	0	0	0	0	0	0	0	0	0	0	0	0	0	0	0	0	0	0	0	0	0	0	0	0	0	0	0	0	0	0	0	0	0	0	0	0	0	0	0	0	37	44	29	51	59	83	94	43	62	74	49	64	1	116	110	105	74	82	107	113	116	44	121	109	33
0	0	0	0	0	0	0	0	0	0	0	0	0	0	0	0	0	0	0	0	0	0	0	0	0	0	0	0	0	0	0	0	0	0	0	0	0	0	0	0	0	0	0	0	0	0	0	0	0	0	0	0	0	0	0	0	0	0	0	0	0	0	0	0	0	0	0	0	0	0	0	0	0	0	0	0	0	0	0	0	0	0	0	0	0	0	0	0	0	0	0	0	0	0	0	0	0	0	0	0	0	0	0	0	5	2	42	70	18	71	102	46	94	71	91	71	6	55	125	70	29	117	99	13	14	55	38	107
0	0	0	0	0	0	0	0	0	0	0	0	0	0	0	0	0	0	0	0	0	0	0	0	0	0	0	0	0	0	0	0	0	0	0	0	0	0	0	0	0	0	0	0	0	0	0	0	0	0	0	0	0	0	0	0	0	0	0	0	0	0	0	0	0	0	0	0	0	0	0	0	0	0	0	0	0	0	0	0	0	0	0	0	0	0	0	0	0	0	0	0	0	0	0	0	0	0	0	0	0	0	0	0	0	29	86	95	32	26	127	27	42	101	2	20	7	34	44	108	26	7	128	37	22	59	18	35
0	0	0	0	0	0	0	0	0	0	0	0	0	0	0	0	0	0	0	0	0	0	0	0	0	0	0	0	0	0	0	0	0	0	0	0	0	0	0	0	0	0	0	0	0	0	0	0	0	0	0	0	0	0	0	0	0	0	0	0	0	0	0	0	0	0	0	0	0	0	0	0	0	0	0	0	0	0	0	0	0	0	0	0	0	0	0	0	0	0	0	0	0	0	0	0	0	0	0	0	0	0	0	0	0	0	75	58	124	53	78	88	84	2	33	105	112	44	15	99	118	110	62	121	26	109	62	21
0	0	0	0	0	0	0	0	0	0	0	0	0	0	0	0	0	0	0	0	0	0	0	0	0	0	0	0	0	0	0	0	0	0	0	0	0	0	0	0	0	0	0	0	0	0	0	0	0	0	0	0	0	0	0	0	0	0	0	0	0	0	0	0	0	0	0	0	0	0	0	0	0	0	0	0	0	0	0	0	0	0	0	0	0	0	0	0	0	0	0	0	0	0	0	0	0	0	0	0	0	0	0	0	0	0	0	20	87	102	128	42	111	126	79	87	92	73	67	40	30	89	115	94	107	12	107	30
0	0	0	0	0	0	0	0	0	0	0	0	0	0	0	0	0	0	0	0	0	0	0	0	0	0	0	0	0	0	0	0	0	0	0	0	0	0	0	0	0	0	0	0	0	0	0	0	0	0	0	0	0	0	0	0	0	0	0	0	0	0	0	0	0	0	0	0	0	0	0	0	0	0	0	0	0	0	0	0	0	0	0	0	0	0	0	0	0	0	0	0	0	0	0	0	0	0	0	0	0	0	0	0	0	0	0	0	29	36	45	122	107	42	11	32	60	17	66	116	42	63	27	75	63	118	65	8
0	0	0	0	0	0	0	0	0	0	0	0	0	0	0	0	0	0	0	0	0	0	0	0	0	0	0	0	0	0	0	0	0	0	0	0	0	0	0	0	0	0	0	0	0	0	0	0	0	0	0	0	0	0	0	0	0	0	0	0	0	0	0	0	0	0	0	0	0	0	0	0	0	0	0	0	0	0	0	0	0	0	0	0	0	0	0	0	0	0	0	0	0	0	0	0	0	0	0	0	0	0	0	0	0	0	0	0	0	81	61	14	87	105	8	74	66	83	66	56	1	50	105	120	113	51	103	121
0	0	0	0	0	0	0	0	0	0	0	0	0	0	0	0	0	0	0	0	0	0	0	0	0	0	0	0	0	0	0	0	0	0	0	0	0	0	0	0	0	0	0	0	0	0	0	0	0	0	0	0	0	0	0	0	0	0	0	0	0	0	0	0	0	0	0	0	0	0	0	0	0	0	0	0	0	0	0	0	0	0	0	0	0	0	0	0	0	0	0	0	0	0	0	0	0	0	0	0	0	0	0	0	0	0	0	0	0	0	41	123	10	42	32	76	115	72	25	68	11	5	98	118	37	60	4	44
0	0	0	0	0	0	0	0	0	0	0	0	0	0	0	0	0	0	0	0	0	0	0	0	0	0	0	0	0	0	0	0	0	0	0	0	0	0	0	0	0	0	0	0	0	0	0	0	0	0	0	0	0	0	0	0	0	0	0	0	0	0	0	0	0	0	0	0	0	0	0	0	0	0	0	0	0	0	0	0	0	0	0	0	0	0	0	0	0	0	0	0	0	0	0	0	0	0	0	0	0	0	0	0	0	0	0	0	0	0	0	52	18	84	91	51	58	33	39	74	99	29	102	75	43	100	116	2
0	0	0	0	0	0	0	0	0	0	0	0	0	0	0	0	0	0	0	0	0	0	0	0	0	0	0	0	0	0	0	0	0	0	0	0	0	0	0	0	0	0	0	0	0	0	0	0	0	0	0	0	0	0	0	0	0	0	0	0	0	0	0	0	0	0	0	0	0	0	0	0	0	0	0	0	0	0	0	0	0	0	0	0	0	0	0	0	0	0	0	0	0	0	0	0	0	0	0	0	0	0	0	0	0	0	0	0	0	0	0	0	53	35	116	67	100	11	76	118	78	117	60	111	78	55	114	127
0	0	0	0	0	0	0	0	0	0	0	0	0	0	0	0	0	0	0	0	0	0	0	0	0	0	0	0	0	0	0	0	0	0	0	0	0	0	0	0	0	0	0	0	0	0	0	0	0	0	0	0	0	0	0	0	0	0	0	0	0	0	0	0	0	0	0	0	0	0	0	0	0	0	0	0	0	0	0	0	0	0	0	0	0	0	0	0	0	0	0	0	0	0	0	0	0	0	0	0	0	0	0	0	0	0	0	0	0	0	0	0	0	90	84	9	10	122	29	20	32	89	47	106	76	117	61	109
0	0	0	0	0	0	0	0	0	0	0	0	0	0	0	0	0	0	0	0	0	0	0	0	0	0	0	0	0	0	0	0	0	0	0	0	0	0	0	0	0	0	0	0	0	0	0	0	0	0	0	0	0	0	0	0	0	0	0	0	0	0	0	0	0	0	0	0	0	0	0	0	0	0	0	0	0	0	0	0	0	0	0	0	0	0	0	0	0	0	0	0	0	0	0	0	0	0	0	0	0	0	0	0	0	0	0	0	0	0	0	0	0	0	54	81	58	81	127	100	106	44	13	87	108	47	20	15
0	0	0	0	0	0	0	0	0	0	0	0	0	0	0	0	0	0	0	0	0	0	0	0	0	0	0	0	0	0	0	0	0	0	0	0	0	0	0	0	0	0	0	0	0	0	0	0	0	0	0	0	0	0	0	0	0	0	0	0	0	0	0	0	0	0	0	0	0	0	0	0	0	0	0	0	0	0	0	0	0	0	0	0	0	0	0	0	0	0	0	0	0	0	0	0	0	0	0	0	0	0	0	0	0	0	0	0	0	0	0	0	0	0	0	42	107	41	5	24	75	100	128	6	62	43	3	39
0	0	0	0	0	0	0	0	0	0	0	0	0	0	0	0	0	0	0	0	0	0	0	0	0	0	0	0	0	0	0	0	0	0	0	0	0	0	0	0	0	0	0	0	0	0	0	0	0	0	0	0	0	0	0	0	0	0	0	0	0	0	0	0	0	0	0	0	0	0	0	0	0	0	0	0	0	0	0	0	0	0	0	0	0	0	0	0	0	0	0	0	0	0	0	0	0	0	0	0	0	0	0	0	0	0	0	0	0	0	0	0	0	0	0	0	79	114	27	10	68	24	15	101	96	54	66	114
0	0	0	0	0	0	0	0	0	0	0	0	0	0	0	0	0	0	0	0	0	0	0	0	0	0	0	0	0	0	0	0	0	0	0	0	0	0	0	0	0	0	0	0	0	0	0	0	0	0	0	0	0	0	0	0	0	0	0	0	0	0	0	0	0	0	0	0	0	0	0	0	0	0	0	0	0	0	0	0	0	0	0	0	0	0	0	0	0	0	0	0	0	0	0	0	0	0	0	0	0	0	0	0	0	0	0	0	0	0	0	0	0	0	0	0	0	26	61	54	56	64	125	104	6	90	87	67
0	0	0	0	0	0	0	0	0	0	0	0	0	0	0	0	0	0	0	0	0	0	0	0	0	0	0	0	0	0	0	0	0	0	0	0	0	0	0	0	0	0	0	0	0	0	0	0	0	0	0	0	0	0	0	0	0	0	0	0	0	0	0	0	0	0	0	0	0	0	0	0	0	0	0	0	0	0	0	0	0	0	0	0	0	0	0	0	0	0	0	0	0	0	0	0	0	0	0	0	0	0	0	0	0	0	0	0	0	0	0	0	0	0	0	0	0	0	23	14	60	12	90	36	64	82	72	81
0	0	0	0	0	0	0	0	0	0	0	0	0	0	0	0	0	0	0	0	0	0	0	0	0	0	0	0	0	0	0	0	0	0	0	0	0	0	0	0	0	0	0	0	0	0	0	0	0	0	0	0	0	0	0	0	0	0	0	0	0	0	0	0	0	0	0	0	0	0	0	0	0	0	0	0	0	0	0	0	0	0	0	0	0	0	0	0	0	0	0	0	0	0	0	0	0	0	0	0	0	0	0	0	0	0	0	0	0	0	0	0	0	0	0	0	0	0	0	5	113	28	47	102	34	37	69	121
0	0	0	0	0	0	0	0	0	0	0	0	0	0	0	0	0	0	0	0	0	0	0	0	0	0	0	0	0	0	0	0	0	0	0	0	0	0	0	0	0	0	0	0	0	0	0	0	0	0	0	0	0	0	0	0	0	0	0	0	0	0	0	0	0	0	0	0	0	0	0	0	0	0	0	0	0	0	0	0	0	0	0	0	0	0	0	0	0	0	0	0	0	0	0	0	0	0	0	0	0	0	0	0	0	0	0	0	0	0	0	0	0	0	0	0	0	0	0	0	55	32	40	19	54	106	62	80
0	0	0	0	0	0	0	0	0	0	0	0	0	0	0	0	0	0	0	0	0	0	0	0	0	0	0	0	0	0	0	0	0	0	0	0	0	0	0	0	0	0	0	0	0	0	0	0	0	0	0	0	0	0	0	0	0	0	0	0	0	0	0	0	0	0	0	0	0	0	0	0	0	0	0	0	0	0	0	0	0	0	0	0	0	0	0	0	0	0	0	0	0	0	0	0	0	0	0	0	0	0	0	0	0	0	0	0	0	0	0	0	0	0	0	0	0	0	0	0	0	55	116	85	57	111	46	13
0	0	0	0	0	0	0	0	0	0	0	0	0	0	0	0	0	0	0	0	0	0	0	0	0	0	0	0	0	0	0	0	0	0	0	0	0	0	0	0	0	0	0	0	0	0	0	0	0	0	0	0	0	0	0	0	0	0	0	0	0	0	0	0	0	0	0	0	0	0	0	0	0	0	0	0	0	0	0	0	0	0	0	0	0	0	0	0	0	0	0	0	0	0	0	0	0	0	0	0	0	0	0	0	0	0	0	0	0	0	0	0	0	0	0	0	0	0	0	0	0	0	79	6	62	39	115	31
0	0	0	0	0	0	0	0	0	0	0	0	0	0	0	0	0	0	0	0	0	0	0	0	0	0	0	0	0	0	0	0	0	0	0	0	0	0	0	0	0	0	0	0	0	0	0	0	0	0	0	0	0	0	0	0	0	0	0	0	0	0	0	0	0	0	0	0	0	0	0	0	0	0	0	0	0	0	0	0	0	0	0	0	0	0	0	0	0	0	0	0	0	0	0	0	0	0	0	0	0	0	0	0	0	0	0	0	0	0	0	0	0	0	0	0	0	0	0	0	0	0	0	53	68	91	21	78
0	0	0	0	0	0	0	0	0	0	0	0	0	0	0	0	0	0	0	0	0	0	0	0	0	0	0	0	0	0	0	0	0	0	0	0	0	0	0	0	0	0	0	0	0	0	0	0	0	0	0	0	0	0	0	0	0	0	0	0	0	0	0	0	0	0	0	0	0	0	0	0	0	0	0	0	0	0	0	0	0	0	0	0	0	0	0	0	0	0	0	0	0	0	0	0	0	0	0	0	0	0	0	0	0	0	0	0	0	0	0	0	0	0	0	0	0	0	0	0	0	0	0	0	26	127	68	122
0	0	0	0	0	0	0	0	0	0	0	0	0	0	0	0	0	0	0	0	0	0	0	0	0	0	0	0	0	0	0	0	0	0	0	0	0	0	0	0	0	0	0	0	0	0	0	0	0	0	0	0	0	0	0	0	0	0	0	0	0	0	0	0	0	0	0	0	0	0	0	0	0	0	0	0	0	0	0	0	0	0	0	0	0	0	0	0	0	0	0	0	0	0	0	0	0	0	0	0	0	0	0	0	0	0	0	0	0	0	0	0	0	0	0	0	0	0	0	0	0	0	0	0	0	65	85	56
0	0	0	0	0	0	0	0	0	0	0	0	0	0	0	0	0	0	0	0	0	0	0	0	0	0	0	0	0	0	0	0	0	0	0	0	0	0	0	0	0	0	0	0	0	0	0	0	0	0	0	0	0	0	0	0	0	0	0	0	0	0	0	0	0	0	0	0	0	0	0	0	0	0	0	0	0	0	0	0	0	0	0	0	0	0	0	0	0	0	0	0	0	0	0	0	0	0	0	0	0	0	0	0	0	0	0	0	0	0	0	0	0	0	0	0	0	0	0	0	0	0	0	0	0	0	110	65
0	0	0	0	0	0	0	0	0	0	0	0	0	0	0	0	0	0	0	0	0	0	0	0	0	0	0	0	0	0	0	0	0	0	0	0	0	0	0	0	0	0	0	0	0	0	0	0	0	0	0	0	0	0	0	0	0	0	0	0	0	0	0	0	0	0	0	0	0	0	0	0	0	0	0	0	0	0	0	0	0	0	0	0	0	0	0	0	0	0	0	0	0	0	0	0	0	0	0	0	0	0	0	0	0	0	0	0	0	0	0	0	0	0	0	0	0	0	0	0	0	0	0	0	0	0	0	120
0	0	0	0	0	0	0	0	0	0	0	0	0	0	0	0	0	0	0	0	0	0	0	0	0	0	0	0	0	0	0	0	0	0	0	0	0	0	0	0	0	0	0	0	0	0	0	0	0	0	0	0	0	0	0	0	0	0	0	0	0	0	0	0	0	0	0	0	0	0	0	0	0	0	0	0	0	0	0	0	0	0	0	0	0	0	0	0	0	0	0	0	0	0	0	0	0	0	0	0	0	0	0	0	0	0	0	0	0	0	0	0	0	0	0	0	0	0	0	0	0	0	0	0	0	0	0	0