0	68	97	81	72	47	117	103	69	95	120	58	52	59	30	125	15	28	107	21	28	98	93	32	8	108	16	62	12	118	98	111	92	41	116	39	120	18	18	53	114	15	83	75	27	75	87	21	108	36	96	54	110	124	118	4	62	88	45	74	53	9	123	30	21	90	76	41	110	75	113	26	123	75	70	74	108	61	37	1	45	21	37	46	3	120	88	92	64	97	121	37	9	107	97	54	20	49	99	81	28	101	123	8	80	95	2	128	22	92	64	76	1	100	48	11	120	43	81	89	108	14	128	34	89	97	99	87
0	0	12	40	126	47	26	60	117	124	123	33	95	127	117	118	46	48	9	124	24	102	38	102	101	28	125	18	59	51	128	70	62	75	108	121	70	61	38	92	99	11	35	73	51	39	103	102	10	122	64	106	95	86	74	23	119	80	117	10	125	73	11	126	45	54	50	40	96	72	68	87	6	67	11	117	70	93	43	33	3	91	41	98	123	10	71	1	87	63	97	2	46	15	48	28	28	99	34	111	33	106	33	46	58	114	125	104	39	35	7	59	16	72	125	120	66	99	111	72	121	32	84	22	34	24	49	16
0	0	0	84	118	8	90	128	1	5	106	113	98	15	22	21	15	30	123	107	106	43	22	23	108	117	80	66	104	51	39	28	89	119	34	70	66	86	69	46	68	43	97	93	127	125	39	94	18	60	34	92	89	85	85	4	67	7	14	20	35	125	6	32	103	64	40	4	11	88	121	45	74	84	81	118	94	116	17	125	56	11	50	128	18	105	94	52	112	57	12	72	76	54	16	98	32	91	82	21	82	26	12	111	14	60	87	70	32	36	107	69	84	11	44	81	47	41	89	101	70	84	27	23	89	37	25	89
0	0	0	0	54	11	68	59	50	90	44	96	12	76	45	117	5	61	7	32	55	77	33	58	43	102	9	73	107	69	86	95	115	18	96	44	82	51	80	6	60	16	85	95	80	115	3	104	115	71	47	97	41	14	120	78	17	73	95	28	95	10	55	4	31	55	53	3	94	62	112	38	35	124	120	20	61	16	74	113	83	74	31	61	6	61	24	69	49	2	123	32	106	91	69	51	100	20	64	7	18	21	80	20	31	73	116	127	11	60	69	7	61	110	101	51	126	99	97	2	34	123	82	114	90	86	62	40
0	0	0	0	0	35	58	99	38	117	113	120	15	104	6	86	99	26	102	10	23	121	21	49	77	99	15	16	5	83	93	32	79	43	50	90	100	15	87	82	79	119	75	33	46	40	48	76	25	86	49	86	27	59	88	120	78	9	120	4	58	45	98	67	85	21	121	14	89	61	30	89	35	16	116	60	105	57	54	92	62	84	121	9	39	85	21	34	35	15	62	116	108	6	32	36	9	125	28	7	34	126	110	105	3	5	80	4	98	125	33	121	51	127	44	119	78	118	54	29	116	120	44	125	82	33	109	55
0	0	0	0	0	0	74	5	104	53	115	93	116	7	51	11	127	20	108	46	101	18	92	124	91	37	124	26	66	115	90	55	118	12	27	74	39	81	19	127	40	62	84	93	41	68	40	40	11	80	50	2	90	120	34	74	94	45	34	49	120	110	127	30	53	88	108	48	105	105	38	17	87	25	118	34	61	57	53	74	61	123	3	118	31	66	76	37	88	82	25	79	80	74	49	85	55	79	21	104	71	23	32	39	28	45	34	34	36	58	78	107	25	2	127	122	122	69	29	84	79	65	65	11	108	65	61	114
0	0	0	0	0	0	0	28	94	121	65	57	50	110	34	12	104	61	49	109	35	78	18	50	14	101	91	79	66	101	28	121	71	30	110	64	128	103	70	25	59	102	66	116	69	1	52	93	18	93	105	8	15	87	23	95	84	1	82	78	49	128	72	63	63	68	47	42	63	82	43	12	108	54	29	10	23	2	128	70	85	73	92	90	8	77	80	101	122	86	37	58	118	103	32	128	1	31	82	76	78	7	115	1	63	124	81	22	123	106	26	20	49	69	22	92	88	111	7	60	12	27	29	61	32	110	32	71
0	0	0	0	0	0	0	0	57	108	109	120	6	123	127	64	64	101	123	57	21	13	122	10	28	35	117	26	80	54	54	93	51	115	69	53	59	21	3	70	98	64	114	70	31	14	22	90	98	67	19	85	51	40	125	26	55	90	21	45	102	14	121	11	105	17	87	125	125	5	12	18	77	124	38	77	19	90	31	35	91	122	36	75	52	39	10	78	119	2	11	57	39	109	92	51	75	82	42	100	18	8	33	122	102	52	124	74	1	40	3	58	33	41	40	5	7	4	1	45	68	80	68	116	45	96	107	119
0	0	0	0	0	0	0	0	0	86	112	86	122	82	96	124	110	117	36	39	111	106	41	30	61	4	15	44	74	116	102	16	10	101	110	94	73	18	108	66	39	122	56	122	79	104	2	22	39	58	8	37	118	108	54	50	128	6	111	44	4	85	20	120	48	119	64	37	113	70	41	37	48	5	86	107	15	10	73	96	99	74	31	95	9	13	29	116	55	126	125	30	16	34	31	93	21	102	48	27	87	60	28	40	107	83	44	25	53	60	5	92	114	124	126	58	112	124	111	91	46	19	107	93	122	68	104	67
0	0	0	0	0	0	0	0	0	0	121	5	28	88	58	29	76	8	61	59	110	56	99	94	92	21	114	120	48	15	101	64	23	21	32	80	80	109	60	98	61	3	125	69	34	5	116	16	38	4	57	24	6	20	92	105	117	118	37	26	67	125	85	21	84	4	69	5	85	3	63	48	41	10	108	16	8	91	50	32	53	106	123	30	125	26	93	113	6	110	73	39	114	7	19	33	112	27	107	28	86	4	68	125	38	56	74	60	13	100	119	38	96	23	95	77	113	123	90	36	42	10	50	88	86	127	33	106
0	0	0	0	0	0	0	0	0	0	0	5	101	119	124	67	53	9	52	115	122	107	20	115	7	26	29	13	67	24	43	23	62	21	97	87	51	59	12	81	122	124	71	67	85	101	34	97	81	65	119	68	88	125	56	26	81	100	124	37	114	106	105	63	35	13	10	114	105	20	32	122	115	42	102	73	126	115	107	55	29	128	32	104	88	44	53	77	90	27	31	10	109	62	24	22	117	18	10	109	28	89	51	116	119	107	99	17	50	5	10	40	91	81	35	17	103	18	31	47	114	78	112	27	99	73	30	71
0	0	0	0	0	0	0	0	0	0	0	0	47	118	121	111	14	71	38	90	64	24	59	8	84	62	23	39	57	53	86	70	10	22	74	65	121	89	52	80	18	124	49	90	91	31	80	102	80	100	116	37	15	70	43	59	117	23	16	37	67	102	49	108	100	14	41	101	44	3	15	14	22	89	100	31	28	29	61	61	125	91	74	67	68	82	72	62	71	119	99	100	2	56	71	63	102	75	120	118	20	74	93	122	59	8	82	85	77	39	88	47	91	102	34	110	52	96	51	89	78	113	8	49	10	102	56	106
0	0	0	0	0	0	0	0	0	0	0	0	0	102	114	60	80	125	92	102	110	91	1	1	116	62	60	45	82	3	108	124	111	116	103	21	62	35	25	20	1	6	107	25	85	26	76	110	51	109	58	69	13	119	1	64	92	79	127	110	117	7	74	79	35	56	37	18	114	60	90	107	53	54	27	25	86	120	95	1	115	49	11	16	27	30	90	66	33	70	49	32	109	5	107	86	123	79	9	32	101	108	105	67	10	41	39	82	61	22	40	71	54	85	17	69	120	89	84	10	108	124	88	21	31	77	31	18
0	0	0	0	0	0	0	0	0	0	0	0	0	0	92	113	3	60	50	62	25	43	54	98	71	44	15	57	96	7	43	61	66	23	104	119	86	22	76	126	31	62	69	69	17	86	25	109	13	58	48	125	110	19	101	84	24	11	32	33	51	51	74	104	83	61	122	115	113	109	72	99	88	3	69	78	10	15	9	67	31	105	11	14	36	41	26	121	104	94	99	98	83	10	56	24	125	13	6	80	118	94	78	54	72	44	103	90	44	76	29	15	126	36	10	12	3	69	72	63	94	20	45	84	116	69	128	18
0	0	0	0	0	0	0	0	0	0	0	0	0	0	0	95	83	99	121	109	87	39	56	80	44	66	55	91	101	42	128	24	37	121	90	70	38	18	113	11	36	60	105	2	34	125	7	18	24	109	97	88	73	54	124	27	41	93	34	114	52	115	25	25	15	12	14	90	110	2	15	108	91	68	55	106	20	20	46	32	2	80	44	67	3	8	54	30	98	30	29	11	14	19	77	28	45	105	30	42	120	47	21	103	14	23	5	54	120	103	49	113	109	114	15	70	10	128	128	107	68	64	65	122	85	12	38	106
0	0	0	0	0	0	0	0	0	0	0	0	0	0	0	0	72	18	105	3	60	103	91	102	68	46	104	100	11	60	26	92	38	21	84	12	85	55	10	7	66	65	125	75	87	103	109	46	54	54	40	43	24	64	93	125	33	12	121	2	3	7	7	122	32	30	36	61	1	110	47	44	59	70	2	95	21	58	102	69	16	48	104	81	47	41	122	6	120	41	61	12	22	44	8	90	63	88	33	66	21	57	107	128	8	40	98	109	17	2	63	70	73	6	53	28	69	107	43	74	61	14	107	125	38	88	2	98
0	0	0	0	0	0	0	0	0	0	0	0	0	0	0	0	0	109	124	52	117	72	17	126	89	123	49	48	46	44	22	127	48	83	21	40	114	75	96	29	103	109	50	31	25	27	70	30	22	74	10	17	111	108	46	29	33	18	125	25	36	106	18	5	46	68	82	100	84	86	27	81	73	72	6	71	102	23	22	40	83	112	108	39	39	14	59	103	119	55	90	37	125	97	71	90	61	8	46	1	107	82	39	120	1	12	70	77	90	87	50	27	82	101	96	60	73	49	30	71	66	117	95	89	97	74	10	90
0	0	0	0	0	0	0	0	0	0	0	0	0	0	0	0	0	0	110	75	50	27	75	117	3	88	30	52	48	4	37	11	61	29	61	44	41	68	86	18	102	54	67	84	94	91	75	15	101	44	39	76	62	39	14	35	110	11	73	112	120	77	2	17	35	9	108	111	80	23	27	42	99	8	112	1	31	19	28	115	33	71	118	4	43	22	120	14	68	110	54	47	57	97	119	83	108	92	1	98	52	78	65	126	30	124	84	5	69	103	54	82	84	109	104	52	48	28	51	75	22	74	45	1	111	102	24	88
0	0	0	0	0	0	0	0	0	0	0	0	0	0	0	0	0	0	0	13	99	71	120	105	79	6	122	107	128	120	124	46	55	6	63	104	7	15	11	18	86	64	45	54	60	40	117	103	14	51	77	4	67	58	78	92	47	60	18	8	36	61	89	127	90	29	4	77	47	84	90	3	103	41	1	13	116	80	3	32	49	33	110	77	82	56	19	16	55	20	16	25	75	112	119	85	27	12	8	99	122	37	29	103	88	124	77	3	119	46	21	120	70	100	124	13	61	80	34	2	74	48	82	100	114	69	75	19
0	0	0	0	0	0	0	0	0	0	0	0	0	0	0	0	0	0	0	0	125	90	97	55	104	100	112	64	125	77	75	52	93	92	33	90	22	41	18	107	100	39	96	109	112	5	119	58	65	39	73	95	80	118	65	72	22	90	102	101	35	74	68	90	15	47	31	88	114	30	27	46	27	29	97	17	58	11	76	50	1	49	18	37	79	12	101	110	108	19	92	65	60	51	91	50	109	97	37	108	11	35	119	1	95	42	46	76	3	76	67	45	3	55	73	13	4	90	80	121	4	125	26	107	109	11	41	43
0	0	0	0	0	0	0	0	0	0	0	0	0	0	0	0	0	0	0	0	0	125	69	5	27	9	73	89	9	127	99	1	19	2	110	111	101	11	122	108	42	111	61	109	4	33	112	126	123	90	45	94	22	89	77	32	32	90	104	105	9	49	30	87	22	74	65	4	53	86	61	95	43	34	59	126	83	91	14	96	28	47	5	6	50	86	10	105	45	7	109	124	18	82	93	100	109	62	123	123	8	108	58	63	79	84	49	38	11	17	13	55	97	51	107	115	5	99	59	43	59	116	43	61	110	73	93	56
0	0	0	0	0	0	0	0	0	0	0	0	0	0	0	0	0	0	0	0	0	0	12	47	105	93	5	5	47	96	13	45	24	5	125	15	123	124	42	65	11	20	61	73	39	30	115	122	9	68	127	42	43	85	88	78	56	91	73	65	13	38	50	125	37	110	22	85	10	38	53	109	25	17	50	5	50	25	68	58	105	113	53	47	29	88	99	43	73	41	17	19	78	69	12	8	95	36	10	80	38	9	101	49	69	112	35	62	29	111	92	1	28	121	114	98	31	43	82	50	120	107	77	63	61	73	22	53
0	0	0	0	0	0	0	0	0	0	0	0	0	0	0	0	0	0	0	0	0	0	0	23	84	54	79	39	105	18	99	102	88	98	114	97	47	75	121	8	17	51	6	31	64	81	5	94	83	24	119	63	104	106	49	26	43	30	41	15	17	24	36	127	119	30	127	44	79	20	21	7	44	105	26	108	54	101	104	8	99	43	20	52	3	91	13	15	55	92	75	87	39	119	23	32	106	41	8	85	67	82	49	72	79	64	17	115	52	90	17	66	9	125	117	53	43	88	54	63	87	119	62	69	72	67	48	33
0	0	0	0	0	0	0	0	0	0	0	0	0	0	0	0	0	0	0	0	0	0	0	0	63	115	50	26	35	47	97	39	52	73	91	108	81	40	76	71	41	113	3	74	28	36	59	10	110	9	52	114	54	36	9	8	107	31	53	46	104	93	71	14	9	88	94	23	4	59	87	78	3	31	12	101	102	55	47	3	71	60	5	42	48	100	122	89	107	71	52	114	99	86	76	88	96	51	116	15	118	75	81	4	13	59	55	53	115	112	118	38	82	85	76	123	3	118	45	66	38	91	87	125	85	111	14	122
0	0	0	0	0	0	0	0	0	0	0	0	0	0	0	0	0	0	0	0	0	0	0	0	0	8	101	70	117	29	80	108	50	110	113	87	57	121	7	90	20	64	9	64	46	83	17	114	107	70	28	112	27	106	104	67	110	116	106	28	126	112	99	18	53	32	20	52	23	114	111	126	61	96	82	24	88	51	126	50	22	27	13	69	34	59	35	83	41	72	30	87	70	83	18	106	99	119	89	5	100	65	58	43	56	104	5	91	12	27	97	77	41	96	21	2	123	35	96	113	11	104	114	58	44	92	88	90
0	0	0	0	0	0	0	0	0	0	0	0	0	0	0	0	0	0	0	0	0	0	0	0	0	0	66	83	124	115	41	59	11	66	49	90	74	18	92	59	124	63	33	103	13	25	34	61	120	56	53	115	124	120	127	127	97	16	45	110	10	118	65	58	123	87	71	9	25	83	30	11	56	100	120	13	98	46	100	17	104	26	117	87	113	20	6	89	65	13	12	118	115	4	94	54	76	104	65	52	4	79	90	2	9	121	3	108	44	40	121	75	7	93	39	43	119	92	99	52	60	111	78	16	101	127	27	87
0	0	0	0	0	0	0	0	0	0	0	0	0	0	0	0	0	0	0	0	0	0	0	0	0	0	0	83	89	5	67	2	10	66	36	106	61	39	15	68	63	119	44	28	71	38	118	26	7	97	62	68	80	4	14	14	36	7	71	99	30	35	110	106	69	54	111	9	50	65	94	113	93	124	45	116	95	1	63	25	121	53	13	78	79	128	120	10	123	92	7	86	64	4	120	57	120	120	82	115	84	25	14	3	1	8	76	12	90	29	55	91	47	60	27	77	65	95	79	103	15	120	118	6	2	56	45	87
0	0	0	0	0	0	0	0	0	0	0	0	0	0	0	0	0	0	0	0	0	0	0	0	0	0	0	0	75	69	17	108	25	69	2	126	127	12	22	106	17	100	12	95	36	95	13	118	18	63	15	82	74	55	62	68	92	6	4	53	99	69	32	89	82	126	11	96	13	36	3	7	87	124	40	114	34	126	99	106	109	68	85	16	64	92	121	125	92	54	108	33	91	33	29	88	93	62	22	34	54	94	102	77	103	122	39	41	46	30	37	78	124	88	36	71	97	56	49	14	125	30	90	37	19	80	31	79
0	0	0	0	0	0	0	0	0	0	0	0	0	0	0	0	0	0	0	0	0	0	0	0	0	0	0	0	0	75	94	64	45	96	67	96	106	21	99	16	35	2	34	114	74	44	83	115	51	52	90	80	88	112	96	81	82	121	35	26	112	45	89	71	43	6	25	4	19	40	92	29	108	63	114	70	118	50	70	127	37	15	37	70	118	68	31	76	72	118	107	70	127	98	8	82	6	15	16	98	99	75	86	5	7	89	102	95	86	34	33	11	62	87	55	15	16	96	109	76	92	18	18	13	10	98	117	79
0	0	0	0	0	0	0	0	0	0	0	0	0	0	0	0	0	0	0	0	0	0	0	0	0	0	0	0	0	0	107	43	80	106	99	17	69	57	84	7	113	97	67	12	95	12	104	2	80	101	15	99	108	12	119	28	2	42	79	2	101	108	17	19	47	12	94	127	30	77	76	59	10	46	122	42	104	115	13	34	128	105	24	46	90	67	6	78	28	117	19	15	60	72	32	71	39	29	111	67	65	30	71	60	6	108	91	117	71	52	29	103	111	61	80	37	111	121	109	53	83	90	1	100	71	23	45	7
0	0	0	0	0	0	0	0	0	0	0	0	0	0	0	0	0	0	0	0	0	0	0	0	0	0	0	0	0	0	0	31	125	5	42	127	24	116	26	79	23	90	24	103	10	13	9	78	35	28	99	24	96	87	75	115	66	29	24	123	94	14	110	46	121	105	43	7	10	46	44	70	55	31	37	105	119	28	106	63	67	47	6	74	38	84	33	52	85	99	84	17	58	22	117	69	63	30	46	61	87	16	18	82	49	101	102	9	13	49	89	41	20	16	55	55	86	103	117	35	8	36	118	14	59	55	54	38
0	0	0	0	0	0	0	0	0	0	0	0	0	0	0	0	0	0	0	0	0	0	0	0	0	0	0	0	0	0	0	0	101	63	40	43	3	97	65	16	102	1	28	4	26	55	79	24	77	3	28	100	33	125	50	6	103	107	2	67	1	53	68	104	80	73	124	12	84	38	103	88	72	7	69	89	64	65	84	41	97	64	50	16	76	100	9	98	112	6	11	5	116	65	34	16	4	102	77	18	122	10	89	98	38	3	85	1	67	46	4	46	107	125	82	106	17	44	4	90	5	67	123	93	75	57	29	1
0	0	0	0	0	0	0	0	0	0	0	0	0	0	0	0	0	0	0	0	0	0	0	0	0	0	0	0	0	0	0	0	0	38	52	101	31	109	109	47	39	113	16	104	32	95	113	14	45	65	57	89	24	77	9	100	61	93	86	23	15	92	3	52	102	57	40	27	124	3	53	19	1	92	82	104	65	126	118	113	10	126	52	93	109	123	9	115	44	34	49	17	89	111	66	24	42	77	94	118	28	126	102	6	24	5	74	30	43	36	68	52	21	83	52	65	125	44	61	38	117	93	48	42	46	8	104	100
0	0	0	0	0	0	0	0	0	0	0	0	0	0	0	0	0	0	0	0	0	0	0	0	0	0	0	0	0	0	0	0	0	0	74	47	101	98	125	96	4	68	91	33	84	11	66	119	56	33	45	59	75	70	41	58	10	61	53	43	41	124	55	113	8	61	83	32	8	81	116	75	28	75	20	2	114	101	110	107	125	7	96	10	48	79	65	16	5	81	48	100	15	37	8	43	58	32	83	86	15	97	77	22	35	89	104	93	17	4	27	36	61	19	11	71	62	9	28	108	112	15	122	56	89	97	126	54
0	0	0	0	0	0	0	0	0	0	0	0	0	0	0	0	0	0	0	0	0	0	0	0	0	0	0	0	0	0	0	0	0	0	0	34	66	109	30	84	33	46	50	110	59	91	109	110	66	17	87	62	109	60	61	79	38	4	112	46	115	120	7	4	119	99	99	5	116	42	21	70	80	27	15	62	64	102	94	72	119	59	63	77	16	23	122	50	104	11	76	101	106	17	28	96	99	4	8	41	40	125	34	22	124	14	104	97	66	28	54	15	22	90	125	11	102	58	40	49	101	78	42	125	72	88	6	3
0	0	0	0	0	0	0	0	0	0	0	0	0	0	0	0	0	0	0	0	0	0	0	0	0	0	0	0	0	0	0	0	0	0	0	0	78	39	26	57	30	21	75	8	18	76	21	4	12	112	72	126	55	49	76	19	1	16	14	107	69	122	4	97	72	98	25	40	35	66	91	126	111	89	99	28	86	119	70	59	25	43	23	113	41	73	114	75	120	98	48	114	96	126	31	122	115	106	22	106	78	25	7	9	30	91	2	18	20	77	63	72	111	92	1	115	53	64	37	116	102	66	36	37	98	44	69	107
0	0	0	0	0	0	0	0	0	0	0	0	0	0	0	0	0	0	0	0	0	0	0	0	0	0	0	0	0	0	0	0	0	0	0	0	0	34	17	34	122	81	12	29	123	76	65	56	111	91	81	45	37	39	11	116	108	99	46	37	93	26	47	99	128	21	55	45	90	124	92	6	30	4	44	97	88	32	31	127	62	61	37	16	125	51	82	2	108	81	88	65	54	38	86	45	118	11	52	122	30	34	120	1	87	54	104	82	19	42	29	39	87	89	38	115	115	20	39	123	91	12	114	113	12	101	50	81
0	0	0	0	0	0	0	0	0	0	0	0	0	0	0	0	0	0	0	0	0	0	0	0	0	0	0	0	0	0	0	0	0	0	0	0	0	0	123	53	59	106	22	91	81	56	48	95	21	9	98	100	23	57	33	122	68	72	79	105	35	43	31	101	44	106	114	92	8	6	74	113	33	63	126	84	79	124	102	88	115	20	1	5	89	14	23	79	36	22	77	91	93	7	49	67	83	19	25	20	52	101	87	13	109	14	64	56	97	29	61	9	10	3	62	103	44	23	9	53	54	12	19	115	25	58	35	63
0	0	0	0	0	0	0	0	0	0	0	0	0	0	0	0	0	0	0	0	0	0	0	0	0	0	0	0	0	0	0	0	0	0	0	0	0	0	0	81	123	5	100	29	104	121	19	85	128	95	88	21	71	87	88	68	29	51	120	24	35	105	87	35	125	86	10	120	11	39	35	42	4	91	5	70	46	1	45	78	124	11	89	17	77	105	122	45	65	64	79	122	72	27	53	67	69	5	10	112	69	121	13	11	92	25	104	78	99	41	118	94	7	14	15	2	21	90	22	101	90	128	46	99	44	38	112	128
0	0	0	0	0	0	0	0	0	0	0	0	0	0	0	0	0	0	0	0	0	0	0	0	0	0	0	0	0	0	0	0	0	0	0	0	0	0	0	0	5	22	105	78	59	73	115	107	86	112	50	70	18	7	108	7	84	77	47	98	111	105	5	53	35	116	113	78	120	87	119	96	125	102	89	113	62	127	118	74	79	33	25	81	88	50	20	78	121	53	40	106	108	110	49	39	118	51	26	118	35	121	49	75	35	14	2	77	3	85	69	50	57	13	82	1	128	121	88	33	75	72	69	27	61	42	16	40
0	0	0	0	0	0	0	0	0	0	0	0	0	0	0	0	0	0	0	0	0	0	0	0	0	0	0	0	0	0	0	0	0	0	0	0	0	0	0	0	0	20	108	88	78	123	45	116	111	80	10	39	81	63	24	81	110	51	78	17	13	23	98	118	90	106	65	42	33	7	76	68	41	81	19	37	123	83	99	88	33	128	34	43	1	24	43	64	15	101	11	84	50	18	26	26	101	121	45	76	8	51	46	1	69	26	17	25	58	19	23	50	42	25	83	106	9	14	43	77	57	14	17	53	46	56	126	3
0	0	0	0	0	0	0	0	0	0	0	0	0	0	0	0	0	0	0	0	0	0	0	0	0	0	0	0	0	0	0	0	0	0	0	0	0	0	0	0	0	0	121	71	34	3	46	88	88	66	79	27	57	58	86	117	118	57	100	44	15	69	17	114	76	41	109	4	27	10	96	98	127	35	78	103	109	77	63	66	9	112	126	30	33	94	102	58	20	96	82	36	114	75	27	2	91	23	2	106	106	83	111	59	106	37	56	43	111	50	29	29	48	23	22	42	40	75	81	101	68	37	36	114	68	74	80	27
0	0	0	0	0	0	0	0	0	0	0	0	0	0	0	0	0	0	0	0	0	0	0	0	0	0	0	0	0	0	0	0	0	0	0	0	0	0	0	0	0	0	0	102	84	51	51	24	115	51	81	17	61	87	52	60	83	13	85	30	39	41	103	58	5	112	104	116	25	98	4	109	95	41	81	127	87	101	96	64	98	79	105	102	34	42	11	34	127	67	24	67	128	28	83	12	62	39	115	81	76	13	85	21	122	64	18	4	68	89	49	64	25	28	57	115	115	103	70	19	34	115	83	13	27	39	105	17
0	0	0	0	0	0	0	0	0	0	0	0	0	0	0	0	0	0	0	0	0	0	0	0	0	0	0	0	0	0	0	0	0	0	0	0	0	0	0	0	0	0	0	0	38	91	56	72	125	43	59	9	101	121	44	106	3	8	63	66	114	111	4	24	62	40	128	73	51	85	60	44	34	121	67	128	87	113	107	118	82	16	10	25	90	16	8	74	120	34	110	124	4	46	39	47	107	52	119	46	93	84	112	98	15	1	3	1	19	32	48	77	49	13	14	37	56	6	48	15	124	70	17	5	118	95	22	62
0	0	0	0	0	0	0	0	0	0	0	0	0	0	0	0	0	0	0	0	0	0	0	0	0	0	0	0	0	0	0	0	0	0	0	0	0	0	0	0	0	0	0	0	0	49	51	97	35	120	18	104	110	85	50	96	94	46	101	86	54	91	109	99	121	12	53	59	112	96	78	117	9	58	81	83	87	16	42	101	105	8	4	106	82	98	14	73	18	32	102	80	49	15	75	34	106	11	48	34	73	64	85	111	11	103	27	72	54	59	48	31	68	74	81	90	69	30	49	26	2	5	77	121	108	48	34	9
0	0	0	0	0	0	0	0	0	0	0	0	0	0	0	0	0	0	0	0	0	0	0	0	0	0	0	0	0	0	0	0	0	0	0	0	0	0	0	0	0	0	0	0	0	0	62	71	32	48	84	93	74	124	118	2	105	11	7	65	78	76	58	2	51	57	64	31	88	86	52	5	105	66	71	32	92	108	117	92	45	79	103	116	120	73	31	47	6	6	125	80	19	19	29	53	74	9	82	46	54	39	62	21	50	54	45	65	39	66	60	11	12	109	113	29	51	109	69	115	86	65	19	25	23	44	49	18
0	0	0	0	0	0	0	0	0	0	0	0	0	0	0	0	0	0	0	0	0	0	0	0	0	0	0	0	0	0	0	0	0	0	0	0	0	0	0	0	0	0	0	0	0	0	0	48	63	81	115	84	53	28	79	84	80	50	44	27	4	44	30	125	72	116	116	72	97	127	113	74	40	98	126	84	70	7	56	47	62	70	5	40	18	72	42	110	60	2	21	56	45	14	80	51	20	1	110	110	3	114	92	8	128	36	58	123	32	67	108	22	76	43	74	9	87	41	49	122	94	1	83	2	33	7	85	45
0	0	0	0	0	0	0	0	0	0	0	0	0	0	0	0	0	0	0	0	0	0	0	0	0	0	0	0	0	0	0	0	0	0	0	0	0	0	0	0	0	0	0	0	0	0	0	0	102	38	34	72	87	22	61	59	111	119	104	29	10	73	22	108	109	103	100	102	70	49	41	123	1	101	116	106	112	119	91	44	38	104	43	12	96	39	43	16	70	58	112	72	123	112	59	124	38	71	103	92	99	52	104	84	3	48	56	4	106	37	26	59	50	65	68	1	74	18	103	114	2	106	63	121	118	104	55	128
0	0	0	0	0	0	0	0	0	0	0	0	0	0	0	0	0	0	0	0	0	0	0	0	0	0	0	0	0	0	0	0	0	0	0	0	0	0	0	0	0	0	0	0	0	0	0	0	0	83	83	119	103	120	94	14	123	96	128	77	51	4	35	119	61	115	124	54	20	99	117	125	78	89	59	39	96	36	38	7	59	74	6	25	26	50	99	36	82	29	57	123	78	32	123	119	85	66	94	56	78	122	89	83	69	76	112	47	42	6	128	64	39	68	46	112	47	82	1	117	44	76	47	107	51	2	124	43
0	0	0	0	0	0	0	0	0	0	0	0	0	0	0	0	0	0	0	0	0	0	0	0	0	0	0	0	0	0	0	0	0	0	0	0	0	0	0	0	0	0	0	0	0	0	0	0	0	0	92	52	21	60	12	98	83	124	17	123	95	1	91	2	56	55	28	51	15	76	124	109	119	121	122	66	119	72	114	106	94	17	100	74	29	112	23	67	96	88	43	38	52	24	43	112	61	120	78	72	12	96	77	1	6	54	112	86	55	66	1	7	30	94	28	77	41	100	40	116	4	97	11	13	36	27	65	88
0	0	0	0	0	0	0	0	0	0	0	0	0	0	0	0	0	0	0	0	0	0	0	0	0	0	0	0	0	0	0	0	0	0	0	0	0	0	0	0	0	0	0	0	0	0	0	0	0	0	0	13	40	14	38	24	76	56	124	62	45	128	31	112	90	67	9	124	91	19	20	1	39	85	51	57	106	105	34	9	51	104	75	60	71	89	88	41	33	80	91	84	56	105	79	24	77	21	96	24	7	100	30	32	122	74	115	115	14	14	48	45	51	6	65	53	32	122	12	91	4	47	71	70	34	33	116	44
0	0	0	0	0	0	0	0	0	0	0	0	0	0	0	0	0	0	0	0	0	0	0	0	0	0	0	0	0	0	0	0	0	0	0	0	0	0	0	0	0	0	0	0	0	0	0	0	0	0	0	0	59	34	101	22	13	123	75	99	96	87	26	72	34	25	88	68	69	59	32	86	118	51	93	99	119	22	25	111	21	106	116	34	122	28	89	76	29	100	9	126	58	111	55	126	50	80	61	72	128	87	106	92	102	111	92	122	49	3	118	40	47	31	72	11	80	75	46	90	94	77	69	120	38	63	8	29
0	0	0	0	0	0	0	0	0	0	0	0	0	0	0	0	0	0	0	0	0	0	0	0	0	0	0	0	0	0	0	0	0	0	0	0	0	0	0	0	0	0	0	0	0	0	0	0	0	0	0	0	0	110	87	25	109	36	127	58	86	4	85	74	53	28	39	21	69	108	30	74	110	19	36	24	14	107	87	119	21	122	100	65	17	8	61	27	79	126	123	20	43	67	89	99	7	55	81	87	67	115	18	64	32	83	95	70	11	97	75	48	90	79	52	81	109	70	28	70	93	38	53	29	19	70	39	114
0	0	0	0	0	0	0	0	0	0	0	0	0	0	0	0	0	0	0	0	0	0	0	0	0	0	0	0	0	0	0	0	0	0	0	0	0	0	0	0	0	0	0	0	0	0	0	0	0	0	0	0	0	0	47	51	4	122	95	15	93	78	94	21	72	103	5	33	4	1	46	54	122	101	90	109	26	106	126	32	99	49	66	127	69	58	83	39	103	116	30	12	79	88	60	40	66	6	106	58	111	16	19	102	121	48	68	47	58	62	71	18	100	53	26	99	63	60	77	57	48	59	29	80	5	18	81	84
0	0	0	0	0	0	0	0	0	0	0	0	0	0	0	0	0	0	0	0	0	0	0	0	0	0	0	0	0	0	0	0	0	0	0	0	0	0	0	0	0	0	0	0	0	0	0	0	0	0	0	0	0	0	0	55	100	78	75	61	109	9	72	12	32	101	100	36	22	10	26	75	38	2	96	99	18	97	90	21	27	58	87	88	39	75	70	106	115	68	109	28	77	53	38	20	11	23	57	87	38	44	75	77	114	42	81	66	39	63	43	19	40	65	93	39	92	116	38	125	69	31	82	107	107	112	95	61
0	0	0	0	0	0	0	0	0	0	0	0	0	0	0	0	0	0	0	0	0	0	0	0	0	0	0	0	0	0	0	0	0	0	0	0	0	0	0	0	0	0	0	0	0	0	0	0	0	0	0	0	0	0	0	0	108	31	99	19	126	64	98	101	1	28	118	105	108	77	30	25	108	104	36	59	86	41	79	75	27	17	58	96	87	116	23	31	103	89	111	70	11	92	74	14	71	84	102	105	11	58	90	35	33	20	47	8	98	2	91	88	29	118	59	14	6	78	4	25	113	86	43	42	128	87	125	66
0	0	0	0	0	0	0	0	0	0	0	0	0	0	0	0	0	0	0	0	0	0	0	0	0	0	0	0	0	0	0	0	0	0	0	0	0	0	0	0	0	0	0	0	0	0	0	0	0	0	0	0	0	0	0	0	0	13	120	72	113	14	20	63	25	110	9	58	85	79	1	123	101	87	74	96	117	86	40	118	81	83	50	83	14	6	96	49	89	110	22	18	4	26	40	66	64	118	109	28	55	20	16	62	20	13	23	95	28	71	24	88	10	99	18	72	76	73	27	62	102	25	126	108	101	3	119	24
0	0	0	0	0	0	0	0	0	0	0	0	0	0	0	0	0	0	0	0	0	0	0	0	0	0	0	0	0	0	0	0	0	0	0	0	0	0	0	0	0	0	0	0	0	0	0	0	0	0	0	0	0	0	0	0	0	0	94	106	74	16	55	60	112	80	45	123	43	17	82	109	125	58	76	91	56	72	94	81	20	49	122	117	82	83	14	57	96	103	112	5	36	89	59	60	74	99	73	113	21	59	57	103	108	3	102	115	102	21	96	100	89	96	32	30	91	119	83	91	33	17	58	61	87	6	16	124
0	0	0	0	0	0	0	0	0	0	0	0	0	0	0	0	0	0	0	0	0	0	0	0	0	0	0	0	0	0	0	0	0	0	0	0	0	0	0	0	0	0	0	0	0	0	0	0	0	0	0	0	0	0	0	0	0	0	0	109	115	128	105	6	65	80	12	12	4	83	105	45	50	120	40	106	62	67	107	97	104	78	31	78	55	128	17	23	122	62	119	84	5	90	86	112	10	109	61	17	118	121	40	101	59	117	5	126	122	121	50	122	10	55	43	28	98	122	113	24	117	114	6	92	101	35	85	11
0	0	0	0	0	0	0	0	0	0	0	0	0	0	0	0	0	0	0	0	0	0	0	0	0	0	0	0	0	0	0	0	0	0	0	0	0	0	0	0	0	0	0	0	0	0	0	0	0	0	0	0	0	0	0	0	0	0	0	0	28	44	126	118	125	121	72	65	112	57	84	77	100	3	51	14	28	116	74	92	35	5	9	40	74	59	18	13	10	14	124	3	61	117	54	122	74	59	86	117	10	67	67	35	22	58	6	6	121	4	69	96	96	1	55	64	1	18	118	103	44	24	80	38	24	76	62	75
0	0	0	0	0	0	0	0	0	0	0	0	0	0	0	0	0	0	0	0	0	0	0	0	0	0	0	0	0	0	0	0	0	0	0	0	0	0	0	0	0	0	0	0	0	0	0	0	0	0	0	0	0	0	0	0	0	0	0	0	0	68	37	118	121	97	68	94	33	8	100	96	9	19	122	18	81	49	33	120	86	69	58	101	102	26	111	87	50	3	100	103	128	17	87	55	27	19	16	103	45	60	46	35	88	75	4	20	98	49	42	111	17	42	23	12	69	57	80	25	49	9	94	120	126	11	87	120
0	0	0	0	0	0	0	0	0	0	0	0	0	0	0	0	0	0	0	0	0	0	0	0	0	0	0	0	0	0	0	0	0	0	0	0	0	0	0	0	0	0	0	0	0	0	0	0	0	0	0	0	0	0	0	0	0	0	0	0	0	0	70	34	98	74	1	47	67	26	61	60	115	95	18	54	126	22	37	93	32	40	25	77	63	98	117	55	114	13	71	11	7	115	116	48	62	87	105	97	29	39	65	62	94	58	14	34	69	83	119	120	27	96	99	92	57	90	9	31	59	96	58	89	67	25	87	112
0	0	0	0	0	0	0	0	0	0	0	0	0	0	0	0	0	0	0	0	0	0	0	0	0	0	0	0	0	0	0	0	0	0	0	0	0	0	0	0	0	0	0	0	0	0	0	0	0	0	0	0	0	0	0	0	0	0	0	0	0	0	0	25	76	50	3	4	13	95	77	63	55	77	8	83	65	48	73	94	115	21	65	45	81	111	57	23	81	33	116	91	120	28	30	119	62	77	75	32	113	55	72	107	122	23	88	25	19	100	19	119	32	38	90	99	87	98	47	71	7	3	92	19	64	84	44	58
0	0	0	0	0	0	0	0	0	0	0	0	0	0	0	0	0	0	0	0	0	0	0	0	0	0	0	0	0	0	0	0	0	0	0	0	0	0	0	0	0	0	0	0	0	0	0	0	0	0	0	0	0	0	0	0	0	0	0	0	0	0	0	0	112	10	60	37	95	27	106	121	50	100	98	115	59	125	60	34	115	108	60	68	116	111	49	73	36	80	61	86	108	13	94	116	127	87	2	55	25	66	23	32	52	60	71	120	121	122	127	41	38	29	58	31	14	20	88	30	85	56	103	20	43	109	88	30
0	0	0	0	0	0	0	0	0	0	0	0	0	0	0	0	0	0	0	0	0	0	0	0	0	0	0	0	0	0	0	0	0	0	0	0	0	0	0	0	0	0	0	0	0	0	0	0	0	0	0	0	0	0	0	0	0	0	0	0	0	0	0	0	0	122	87	53	63	93	51	16	96	43	25	72	10	118	20	24	74	7	2	84	39	86	76	12	13	8	27	43	120	29	23	68	75	47	81	40	20	48	71	50	9	76	14	39	88	30	9	103	11	69	92	99	102	107	43	16	42	62	53	40	119	35	60	88
0	0	0	0	0	0	0	0	0	0	0	0	0	0	0	0	0	0	0	0	0	0	0	0	0	0	0	0	0	0	0	0	0	0	0	0	0	0	0	0	0	0	0	0	0	0	0	0	0	0	0	0	0	0	0	0	0	0	0	0	0	0	0	0	0	0	35	121	34	8	105	67	47	8	118	68	84	102	117	64	91	9	45	11	96	93	28	38	71	60	44	119	42	74	27	24	125	34	100	111	109	127	43	104	46	12	91	39	50	52	21	95	66	121	112	121	72	80	61	99	51	101	60	17	104	13	71	103
0	0	0	0	0	0	0	0	0	0	0	0	0	0	0	0	0	0	0	0	0	0	0	0	0	0	0	0	0	0	0	0	0	0	0	0	0	0	0	0	0	0	0	0	0	0	0	0	0	0	0	0	0	0	0	0	0	0	0	0	0	0	0	0	0	0	0	48	56	111	11	120	112	39	42	70	115	118	12	63	13	110	66	3	3	118	77	49	15	9	8	40	75	105	15	104	117	70	114	64	92	48	13	55	22	14	56	89	62	82	63	112	96	113	40	66	113	55	18	73	24	79	61	46	9	99	79	91
0	0	0	0	0	0	0	0	0	0	0	0	0	0	0	0	0	0	0	0	0	0	0	0	0	0	0	0	0	0	0	0	0	0	0	0	0	0	0	0	0	0	0	0	0	0	0	0	0	0	0	0	0	0	0	0	0	0	0	0	0	0	0	0	0	0	0	0	107	21	62	9	110	73	92	32	6	59	8	73	109	81	6	117	111	77	110	30	55	53	58	19	55	38	81	20	86	90	109	27	2	52	30	33	70	7	32	56	39	17	16	77	20	113	19	104	35	29	91	72	127	45	59	5	7	73	30	84
0	0	0	0	0	0	0	0	0	0	0	0	0	0	0	0	0	0	0	0	0	0	0	0	0	0	0	0	0	0	0	0	0	0	0	0	0	0	0	0	0	0	0	0	0	0	0	0	0	0	0	0	0	0	0	0	0	0	0	0	0	0	0	0	0	0	0	0	0	5	117	8	67	95	28	128	40	40	81	27	128	18	68	35	78	23	10	37	8	102	5	20	57	59	23	80	76	34	112	60	15	25	82	94	120	30	30	116	1	46	13	19	118	62	92	57	85	94	96	73	32	113	35	126	44	121	6	109
0	0	0	0	0	0	0	0	0	0	0	0	0	0	0	0	0	0	0	0	0	0	0	0	0	0	0	0	0	0	0	0	0	0	0	0	0	0	0	0	0	0	0	0	0	0	0	0	0	0	0	0	0	0	0	0	0	0	0	0	0	0	0	0	0	0	0	0	0	0	18	44	69	56	28	54	15	25	91	95	19	117	40	42	121	58	47	99	68	54	62	15	101	100	63	36	50	41	83	116	109	36	99	127	93	20	78	64	91	31	9	8	5	80	89	9	32	118	60	52	62	15	11	8	106	41	122	86
0	0	0	0	0	0	0	0	0	0	0	0	0	0	0	0	0	0	0	0	0	0	0	0	0	0	0	0	0	0	0	0	0	0	0	0	0	0	0	0	0	0	0	0	0	0	0	0	0	0	0	0	0	0	0	0	0	0	0	0	0	0	0	0	0	0	0	0	0	0	0	55	127	121	52	75	11	71	85	49	87	99	4	85	121	66	82	45	23	97	106	77	41	36	49	115	23	17	57	7	90	38	9	102	23	2	26	27	55	80	15	21	121	6	120	105	110	58	94	100	112	78	18	115	48	122	73	93
0	0	0	0	0	0	0	0	0	0	0	0	0	0	0	0	0	0	0	0	0	0	0	0	0	0	0	0	0	0	0	0	0	0	0	0	0	0	0	0	0	0	0	0	0	0	0	0	0	0	0	0	0	0	0	0	0	0	0	0	0	0	0	0	0	0	0	0	0	0	0	0	76	1	36	51	128	104	30	69	68	119	47	52	64	74	11	49	75	83	69	78	108	80	79	117	47	16	13	50	30	76	71	53	103	99	35	6	68	10	102	11	25	63	38	21	119	49	38	47	109	93	62	17	68	122	58	78
0	0	0	0	0	0	0	0	0	0	0	0	0	0	0	0	0	0	0	0	0	0	0	0	0	0	0	0	0	0	0	0	0	0	0	0	0	0	0	0	0	0	0	0	0	0	0	0	0	0	0	0	0	0	0	0	0	0	0	0	0	0	0	0	0	0	0	0	0	0	0	0	0	88	11	84	23	127	95	105	2	96	27	117	78	89	71	82	100	8	89	23	5	14	10	26	79	111	37	124	96	6	10	63	105	6	54	124	17	95	127	13	19	41	98	53	57	42	87	91	119	65	97	17	13	80	113	104
0	0	0	0	0	0	0	0	0	0	0	0	0	0	0	0	0	0	0	0	0	0	0	0	0	0	0	0	0	0	0	0	0	0	0	0	0	0	0	0	0	0	0	0	0	0	0	0	0	0	0	0	0	0	0	0	0	0	0	0	0	0	0	0	0	0	0	0	0	0	0	0	0	0	123	14	42	94	107	108	113	112	9	82	70	115	100	8	48	112	14	40	4	2	47	46	119	51	53	125	24	112	72	122	106	75	82	45	98	107	24	28	105	81	73	127	63	33	71	3	99	83	16	43	59	37	51	78
0	0	0	0	0	0	0	0	0	0	0	0	0	0	0	0	0	0	0	0	0	0	0	0	0	0	0	0	0	0	0	0	0	0	0	0	0	0	0	0	0	0	0	0	0	0	0	0	0	0	0	0	0	0	0	0	0	0	0	0	0	0	0	0	0	0	0	0	0	0	0	0	0	0	0	57	8	100	121	53	4	77	76	61	126	82	70	35	17	74	58	60	60	32	95	55	81	35	58	17	103	114	108	52	127	63	57	34	6	89	73	121	91	42	105	88	94	69	32	54	76	116	8	76	88	11	29	93
0	0	0	0	0	0	0	0	0	0	0	0	0	0	0	0	0	0	0	0	0	0	0	0	0	0	0	0	0	0	0	0	0	0	0	0	0	0	0	0	0	0	0	0	0	0	0	0	0	0	0	0	0	0	0	0	0	0	0	0	0	0	0	0	0	0	0	0	0	0	0	0	0	0	0	0	3	32	7	126	107	13	117	63	21	85	58	98	88	5	91	118	101	85	25	103	38	91	6	68	88	7	1	53	108	34	99	101	76	86	84	38	126	82	106	111	21	63	8	12	8	116	117	63	95	116	55	106
0	0	0	0	0	0	0	0	0	0	0	0	0	0	0	0	0	0	0	0	0	0	0	0	0	0	0	0	0	0	0	0	0	0	0	0	0	0	0	0	0	0	0	0	0	0	0	0	0	0	0	0	0	0	0	0	0	0	0	0	0	0	0	0	0	0	0	0	0	0	0	0	0	0	0	0	0	58	51	59	10	19	23	81	33	30	63	75	6	15	107	17	27	43	44	6	92	119	82	74	38	63	39	34	101	76	109	89	23	8	90	15	106	71	78	73	70	48	119	27	17	29	111	37	98	41	20	128
0	0	0	0	0	0	0	0	0	0	0	0	0	0	0	0	0	0	0	0	0	0	0	0	0	0	0	0	0	0	0	0	0	0	0	0	0	0	0	0	0	0	0	0	0	0	0	0	0	0	0	0	0	0	0	0	0	0	0	0	0	0	0	0	0	0	0	0	0	0	0	0	0	0	0	0	0	0	60	87	54	87	59	10	93	96	93	30	64	123	37	87	60	18	47	16	68	118	34	39	33	15	112	17	45	97	74	96	78	56	27	82	45	89	41	79	68	98	19	43	90	21	98	85	122	113	11	25
0	0	0	0	0	0	0	0	0	0	0	0	0	0	0	0	0	0	0	0	0	0	0	0	0	0	0	0	0	0	0	0	0	0	0	0	0	0	0	0	0	0	0	0	0	0	0	0	0	0	0	0	0	0	0	0	0	0	0	0	0	0	0	0	0	0	0	0	0	0	0	0	0	0	0	0	0	0	0	10	50	34	59	21	121	42	126	118	23	41	119	62	73	16	95	98	105	3	72	76	76	45	41	8	54	96	22	21	42	91	86	62	45	56	43	48	117	101	81	64	49	31	81	68	55	92	53	112
0	0	0	0	0	0	0	0	0	0	0	0	0	0	0	0	0	0	0	0	0	0	0	0	0	0	0	0	0	0	0	0	0	0	0	0	0	0	0	0	0	0	0	0	0	0	0	0	0	0	0	0	0	0	0	0	0	0	0	0	0	0	0	0	0	0	0	0	0	0	0	0	0	0	0	0	0	0	0	0	6	109	63	100	116	116	119	3	123	59	43	105	113	31	120	65	59	39	26	108	79	44	70	108	14	22	55	110	82	100	97	115	41	72	70	24	109	41	6	70	94	51	77	95	122	111	9	7
0	0	0	0	0	0	0	0	0	0	0	0	0	0	0	0	0	0	0	0	0	0	0	0	0	0	0	0	0	0	0	0	0	0	0	0	0	0	0	0	0	0	0	0	0	0	0	0	0	0	0	0	0	0	0	0	0	0	0	0	0	0	0	0	0	0	0	0	0	0	0	0	0	0	0	0	0	0	0	0	0	61	92	67	92	32	87	45	114	95	94	92	99	43	108	101	63	108	90	120	2	117	42	94	82	95	8	2	109	70	86	12	54	101	45	76	114	109	4	106	83	6	50	62	73	5	16	113
0	0	0	0	0	0	0	0	0	0	0	0	0	0	0	0	0	0	0	0	0	0	0	0	0	0	0	0	0	0	0	0	0	0	0	0	0	0	0	0	0	0	0	0	0	0	0	0	0	0	0	0	0	0	0	0	0	0	0	0	0	0	0	0	0	0	0	0	0	0	0	0	0	0	0	0	0	0	0	0	0	0	92	114	45	26	53	45	116	68	127	68	40	6	94	11	34	87	128	123	112	116	35	10	45	115	13	88	71	102	85	105	43	11	125	9	89	7	108	20	57	117	21	104	21	69	98	128
0	0	0	0	0	0	0	0	0	0	0	0	0	0	0	0	0	0	0	0	0	0	0	0	0	0	0	0	0	0	0	0	0	0	0	0	0	0	0	0	0	0	0	0	0	0	0	0	0	0	0	0	0	0	0	0	0	0	0	0	0	0	0	0	0	0	0	0	0	0	0	0	0	0	0	0	0	0	0	0	0	0	0	54	4	3	50	52	10	126	113	62	113	28	88	25	51	14	45	24	119	35	57	77	112	43	34	74	35	1	100	18	61	121	54	63	19	89	14	104	37	12	125	76	92	112	22	65
0	0	0	0	0	0	0	0	0	0	0	0	0	0	0	0	0	0	0	0	0	0	0	0	0	0	0	0	0	0	0	0	0	0	0	0	0	0	0	0	0	0	0	0	0	0	0	0	0	0	0	0	0	0	0	0	0	0	0	0	0	0	0	0	0	0	0	0	0	0	0	0	0	0	0	0	0	0	0	0	0	0	0	0	13	107	128	20	127	120	24	2	124	23	52	14	97	88	69	58	60	32	115	94	50	31	109	24	57	108	44	10	66	53	79	19	61	39	61	120	49	70	67	75	124	109	5	22
0	0	0	0	0	0	0	0	0	0	0	0	0	0	0	0	0	0	0	0	0	0	0	0	0	0	0	0	0	0	0	0	0	0	0	0	0	0	0	0	0	0	0	0	0	0	0	0	0	0	0	0	0	0	0	0	0	0	0	0	0	0	0	0	0	0	0	0	0	0	0	0	0	0	0	0	0	0	0	0	0	0	0	0	0	92	109	7	105	84	49	42	18	65	98	27	71	34	52	40	116	89	90	70	72	88	100	79	40	74	27	48	116	84	127	88	24	43	98	46	37	62	16	11	123	106	117	82
0	0	0	0	0	0	0	0	0	0	0	0	0	0	0	0	0	0	0	0	0	0	0	0	0	0	0	0	0	0	0	0	0	0	0	0	0	0	0	0	0	0	0	0	0	0	0	0	0	0	0	0	0	0	0	0	0	0	0	0	0	0	0	0	0	0	0	0	0	0	0	0	0	0	0	0	0	0	0	0	0	0	0	0	0	0	117	13	72	85	71	39	92	128	36	44	118	9	121	57	37	37	84	115	10	114	83	65	74	93	64	99	57	98	57	7	65	65	127	26	44	35	65	35	28	79	1	11
0	0	0	0	0	0	0	0	0	0	0	0	0	0	0	0	0	0	0	0	0	0	0	0	0	0	0	0	0	0	0	0	0	0	0	0	0	0	0	0	0	0	0	0	0	0	0	0	0	0	0	0	0	0	0	0	0	0	0	0	0	0	0	0	0	0	0	0	0	0	0	0	0	0	0	0	0	0	0	0	0	0	0	0	0	0	0	61	80	73	26	52	68	25	37	81	107	55	41	18	19	80	17	86	11	105	64	105	109	52	29	74	112	92	39	87	32	94	3	113	83	126	23	33	86	8	25	45
0	0	0	0	0	0	0	0	0	0	0	0	0	0	0	0	0	0	0	0	0	0	0	0	0	0	0	0	0	0	0	0	0	0	0	0	0	0	0	0	0	0	0	0	0	0	0	0	0	0	0	0	0	0	0	0	0	0	0	0	0	0	0	0	0	0	0	0	0	0	0	0	0	0	0	0	0	0	0	0	0	0	0	0	0	0	0	0	84	26	75	68	80	116	48	38	107	44	8	38	90	94	31	127	77	55	103	113	9	92	36	88	24	91	36	80	4	56	117	5	120	13	124	95	69	19	37	42
0	0	0	0	0	0	0	0	0	0	0	0	0	0	0	0	0	0	0	0	0	0	0	0	0	0	0	0	0	0	0	0	0	0	0	0	0	0	0	0	0	0	0	0	0	0	0	0	0	0	0	0	0	0	0	0	0	0	0	0	0	0	0	0	0	0	0	0	0	0	0	0	0	0	0	0	0	0	0	0	0	0	0	0	0	0	0	0	0	81	95	50	110	105	98	91	71	110	109	4	72	109	90	11	109	66	80	27	107	40	128	59	58	117	106	70	30	109	30	61	97	72	109	50	8	9	30	98
0	0	0	0	0	0	0	0	0	0	0	0	0	0	0	0	0	0	0	0	0	0	0	0	0	0	0	0	0	0	0	0	0	0	0	0	0	0	0	0	0	0	0	0	0	0	0	0	0	0	0	0	0	0	0	0	0	0	0	0	0	0	0	0	0	0	0	0	0	0	0	0	0	0	0	0	0	0	0	0	0	0	0	0	0	0	0	0	0	0	15	38	80	83	127	100	119	17	35	102	51	16	10	51	28	59	66	97	108	95	54	66	35	58	64	127	26	117	82	3	45	14	83	37	100	48	86	89
0	0	0	0	0	0	0	0	0	0	0	0	0	0	0	0	0	0	0	0	0	0	0	0	0	0	0	0	0	0	0	0	0	0	0	0	0	0	0	0	0	0	0	0	0	0	0	0	0	0	0	0	0	0	0	0	0	0	0	0	0	0	0	0	0	0	0	0	0	0	0	0	0	0	0	0	0	0	0	0	0	0	0	0	0	0	0	0	0	0	0	51	118	56	36	71	97	123	26	107	116	62	14	55	85	33	128	80	101	60	88	64	33	42	7	68	39	63	52	97	16	107	114	71	8	77	42	76
0	0	0	0	0	0	0	0	0	0	0	0	0	0	0	0	0	0	0	0	0	0	0	0	0	0	0	0	0	0	0	0	0	0	0	0	0	0	0	0	0	0	0	0	0	0	0	0	0	0	0	0	0	0	0	0	0	0	0	0	0	0	0	0	0	0	0	0	0	0	0	0	0	0	0	0	0	0	0	0	0	0	0	0	0	0	0	0	0	0	0	0	60	27	37	13	64	47	20	46	106	72	38	41	62	71	74	81	15	51	6	126	113	54	53	45	110	14	26	16	46	94	125	69	9	14	107	101
0	0	0	0	0	0	0	0	0	0	0	0	0	0	0	0	0	0	0	0	0	0	0	0	0	0	0	0	0	0	0	0	0	0	0	0	0	0	0	0	0	0	0	0	0	0	0	0	0	0	0	0	0	0	0	0	0	0	0	0	0	0	0	0	0	0	0	0	0	0	0	0	0	0	0	0	0	0	0	0	0	0	0	0	0	0	0	0	0	0	0	0	0	81	9	33	100	109	96	76	10	117	18	29	49	124	11	62	36	98	85	114	23	40	127	34	118	4	46	118	90	6	77	111	23	70	38	9
0	0	0	0	0	0	0	0	0	0	0	0	0	0	0	0	0	0	0	0	0	0	0	0	0	0	0	0	0	0	0	0	0	0	0	0	0	0	0	0	0	0	0	0	0	0	0	0	0	0	0	0	0	0	0	0	0	0	0	0	0	0	0	0	0	0	0	0	0	0	0	0	0	0	0	0	0	0	0	0	0	0	0	0	0	0	0	0	0	0	0	0	0	0	39	54	33	30	71	5	89	24	43	30	70	59	4	24	18	78	91	126	65	107	100	30	100	18	93	125	31	9	48	64	64	96	94	72
0	0	0	0	0	0	0	0	0	0	0	0	0	0	0	0	0	0	0	0	0	0	0	0	0	0	0	0	0	0	0	0	0	0	0	0	0	0	0	0	0	0	0	0	0	0	0	0	0	0	0	0	0	0	0	0	0	0	0	0	0	0	0	0	0	0	0	0	0	0	0	0	0	0	0	0	0	0	0	0	0	0	0	0	0	0	0	0	0	0	0	0	0	0	0	63	42	114	72	69	29	98	28	92	32	95	4	122	89	25	98	36	75	27	38	37	123	28	87	69	5	92	63	27	14	118	126	47
0	0	0	0	0	0	0	0	0	0	0	0	0	0	0	0	0	0	0	0	0	0	0	0	0	0	0	0	0	0	0	0	0	0	0	0	0	0	0	0	0	0	0	0	0	0	0	0	0	0	0	0	0	0	0	0	0	0	0	0	0	0	0	0	0	0	0	0	0	0	0	0	0	0	0	0	0	0	0	0	0	0	0	0	0	0	0	0	0	0	0	0	0	0	0	0	43	106	7	20	108	90	26	63	20	109	116	33	92	2	54	107	109	51	115	45	115	36	127	28	53	58	76	64	55	103	41	71
0	0	0	0	0	0	0	0	0	0	0	0	0	0	0	0	0	0	0	0	0	0	0	0	0	0	0	0	0	0	0	0	0	0	0	0	0	0	0	0	0	0	0	0	0	0	0	0	0	0	0	0	0	0	0	0	0	0	0	0	0	0	0	0	0	0	0	0	0	0	0	0	0	0	0	0	0	0	0	0	0	0	0	0	0	0	0	0	0	0	0	0	0	0	0	0	0	127	127	11	114	8	20	36	73	4	78	59	52	21	59	88	50	60	21	95	55	59	41	21	105	44	40	101	88	58	22	11
0	0	0	0	0	0	0	0	0	0	0	0	0	0	0	0	0	0	0	0	0	0	0	0	0	0	0	0	0	0	0	0	0	0	0	0	0	0	0	0	0	0	0	0	0	0	0	0	0	0	0	0	0	0	0	0	0	0	0	0	0	0	0	0	0	0	0	0	0	0	0	0	0	0	0	0	0	0	0	0	0	0	0	0	0	0	0	0	0	0	0	0	0	0	0	0	0	0	69	66	45	122	3	76	125	64	124	113	54	86	69	21	79	63	60	42	63	60	10	23	113	40	81	115	109	76	110	80
0	0	0	0	0	0	0	0	0	0	0	0	0	0	0	0	0	0	0	0	0	0	0	0	0	0	0	0	0	0	0	0	0	0	0	0	0	0	0	0	0	0	0	0	0	0	0	0	0	0	0	0	0	0	0	0	0	0	0	0	0	0	0	0	0	0	0	0	0	0	0	0	0	0	0	0	0	0	0	0	0	0	0	0	0	0	0	0	0	0	0	0	0	0	0	0	0	0	0	80	39	15	55	67	13	6	6	10	35	82	56	37	74	23	117	60	108	36	1	53	60	113	37	85	122	120	3	58
0	0	0	0	0	0	0	0	0	0	0	0	0	0	0	0	0	0	0	0	0	0	0	0	0	0	0	0	0	0	0	0	0	0	0	0	0	0	0	0	0	0	0	0	0	0	0	0	0	0	0	0	0	0	0	0	0	0	0	0	0	0	0	0	0	0	0	0	0	0	0	0	0	0	0	0	0	0	0	0	0	0	0	0	0	0	0	0	0	0	0	0	0	0	0	0	0	0	0	0	58	68	1	87	5	32	126	20	119	47	59	40	58	68	76	11	45	4	65	23	108	98	109	23	4	76	96	127
0	0	0	0	0	0	0	0	0	0	0	0	0	0	0	0	0	0	0	0	0	0	0	0	0	0	0	0	0	0	0	0	0	0	0	0	0	0	0	0	0	0	0	0	0	0	0	0	0	0	0	0	0	0	0	0	0	0	0	0	0	0	0	0	0	0	0	0	0	0	0	0	0	0	0	0	0	0	0	0	0	0	0	0	0	0	0	0	0	0	0	0	0	0	0	0	0	0	0	0	0	13	6	85	79	101	7	4	50	1	64	70	100	2	53	88	14	86	89	17	1	82	12	46	4	76	110	13
0	0	0	0	0	0	0	0	0	0	0	0	0	0	0	0	0	0	0	0	0	0	0	0	0	0	0	0	0	0	0	0	0	0	0	0	0	0	0	0	0	0	0	0	0	0	0	0	0	0	0	0	0	0	0	0	0	0	0	0	0	0	0	0	0	0	0	0	0	0	0	0	0	0	0	0	0	0	0	0	0	0	0	0	0	0	0	0	0	0	0	0	0	0	0	0	0	0	0	0	0	0	50	24	37	53	46	4	21	118	55	28	88	54	22	108	67	83	111	7	89	79	92	105	5	35	123	52
0	0	0	0	0	0	0	0	0	0	0	0	0	0	0	0	0	0	0	0	0	0	0	0	0	0	0	0	0	0	0	0	0	0	0	0	0	0	0	0	0	0	0	0	0	0	0	0	0	0	0	0	0	0	0	0	0	0	0	0	0	0	0	0	0	0	0	0	0	0	0	0	0	0	0	0	0	0	0	0	0	0	0	0	0	0	0	0	0	0	0	0	0	0	0	0	0	0	0	0	0	0	0	30	30	110	109	124	123	82	90	89	64	97	100	28	114	5	80	68	13	109	86	39	14	32	43	65
0	0	0	0	0	0	0	0	0	0	0	0	0	0	0	0	0	0	0	0	0	0	0	0	0	0	0	0	0	0	0	0	0	0	0	0	0	0	0	0	0	0	0	0	0	0	0	0	0	0	0	0	0	0	0	0	0	0	0	0	0	0	0	0	0	0	0	0	0	0	0	0	0	0	0	0	0	0	0	0	0	0	0	0	0	0	0	0	0	0	0	0	0	0	0	0	0	0	0	0	0	0	0	0	98	18	97	41	19	91	64	75	97	6	56	31	15	59	66	98	100	122	15	126	62	11	83	43
0	0	0	0	0	0	0	0	0	0	0	0	0	0	0	0	0	0	0	0	0	0	0	0	0	0	0	0	0	0	0	0	0	0	0	0	0	0	0	0	0	0	0	0	0	0	0	0	0	0	0	0	0	0	0	0	0	0	0	0	0	0	0	0	0	0	0	0	0	0	0	0	0	0	0	0	0	0	0	0	0	0	0	0	0	0	0	0	0	0	0	0	0	0	0	0	0	0	0	0	0	0	0	0	0	29	3	30	39	127	15	51	38	60	122	75	78	74	33	21	27	40	113	73	100	2	54	86
0	0	0	0	0	0	0	0	0	0	0	0	0	0	0	0	0	0	0	0	0	0	0	0	0	0	0	0	0	0	0	0	0	0	0	0	0	0	0	0	0	0	0	0	0	0	0	0	0	0	0	0	0	0	0	0	0	0	0	0	0	0	0	0	0	0	0	0	0	0	0	0	0	0	0	0	0	0	0	0	0	0	0	0	0	0	0	0	0	0	0	0	0	0	0	0	0	0	0	0	0	0	0	0	0	0	101	17	12	73	32	104	16	64	108	67	82	38	124	125	37	19	74	29	30	115	5	74
0	0	0	0	0	0	0	0	0	0	0	0	0	0	0	0	0	0	0	0	0	0	0	0	0	0	0	0	0	0	0	0	0	0	0	0	0	0	0	0	0	0	0	0	0	0	0	0	0	0	0	0	0	0	0	0	0	0	0	0	0	0	0	0	0	0	0	0	0	0	0	0	0	0	0	0	0	0	0	0	0	0	0	0	0	0	0	0	0	0	0	0	0	0	0	0	0	0	0	0	0	0	0	0	0	0	0	57	120	110	40	50	83	12	74	12	60	93	39	23	18	126	30	93	14	99	3	72
0	0	0	0	0	0	0	0	0	0	0	0	0	0	0	0	0	0	0	0	0	0	0	0	0	0	0	0	0	0	0	0	0	0	0	0	0	0	0	0	0	0	0	0	0	0	0	0	0	0	0	0	0	0	0	0	0	0	0	0	0	0	0	0	0	0	0	0	0	0	0	0	0	0	0	0	0	0	0	0	0	0	0	0	0	0	0	0	0	0	0	0	0	0	0	0	0	0	0	0	0	0	0	0	0	0	0	0	33	112	4	36	97	79	27	3	80	97	103	23	40	53	103	119	29	6	1	107
0	0	0	0	0	0	0	0	0	0	0	0	0	0	0	0	0	0	0	0	0	0	0	0	0	0	0	0	0	0	0	0	0	0	0	0	0	0	0	0	0	0	0	0	0	0	0	0	0	0	0	0	0	0	0	0	0	0	0	0	0	0	0	0	0	0	0	0	0	0	0	0	0	0	0	0	0	0	0	0	0	0	0	0	0	0	0	0	0	0	0	0	0	0	0	0	0	0	0	0	0	0	0	0	0	0	0	0	0	101	91	27	126	121	65	8	13	54	39	93	34	9	76	120	108	81	88	27
0	0	0	0	0	0	0	0	0	0	0	0	0	0	0	0	0	0	0	0	0	0	0	0	0	0	0	0	0	0	0	0	0	0	0	0	0	0	0	0	0	0	0	0	0	0	0	0	0	0	0	0	0	0	0	0	0	0	0	0	0	0	0	0	0	0	0	0	0	0	0	0	0	0	0	0	0	0	0	0	0	0	0	0	0	0	0	0	0	0	0	0	0	0	0	0	0	0	0	0	0	0	0	0	0	0	0	0	0	0	8	18	98	120	99	101	90	30	18	82	29	73	78	116	128	34	63	101
0	0	0	0	0	0	0	0	0	0	0	0	0	0	0	0	0	0	0	0	0	0	0	0	0	0	0	0	0	0	0	0	0	0	0	0	0	0	0	0	0	0	0	0	0	0	0	0	0	0	0	0	0	0	0	0	0	0	0	0	0	0	0	0	0	0	0	0	0	0	0	0	0	0	0	0	0	0	0	0	0	0	0	0	0	0	0	0	0	0	0	0	0	0	0	0	0	0	0	0	0	0	0	0	0	0	0	0	0	0	0	99	16	97	18	69	66	64	66	103	120	73	62	76	123	73	88	83
0	0	0	0	0	0	0	0	0	0	0	0	0	0	0	0	0	0	0	0	0	0	0	0	0	0	0	0	0	0	0	0	0	0	0	0	0	0	0	0	0	0	0	0	0	0	0	0	0	0	0	0	0	0	0	0	0	0	0	0	0	0	0	0	0	0	0	0	0	0	0	0	0	0	0	0	0	0	0	0	0	0	0	0	0	0	0	0	0	0	0	0	0	0	0	0	0	0	0	0	0	0	0	0	0	0	0	0	0	0	0	0	26	32	31	126	37	28	86	33	65	43	94	103	14	86	96	33
0	0	0	0	0	0	0	0	0	0	0	0	0	0	0	0	0	0	0	0	0	0	0	0	0	0	0	0	0	0	0	0	0	0	0	0	0	0	0	0	0	0	0	0	0	0	0	0	0	0	0	0	0	0	0	0	0	0	0	0	0	0	0	0	0	0	0	0	0	0	0	0	0	0	0	0	0	0	0	0	0	0	0	0	0	0	0	0	0	0	0	0	0	0	0	0	0	0	0	0	0	0	0	0	0	0	0	0	0	0	0	0	0	74	58	78	2	118	28	105	71	9	24	32	17	49	38	13
0	0	0	0	0	0	0	0	0	0	0	0	0	0	0	0	0	0	0	0	0	0	0	0	0	0	0	0	0	0	0	0	0	0	0	0	0	0	0	0	0	0	0	0	0	0	0	0	0	0	0	0	0	0	0	0	0	0	0	0	0	0	0	0	0	0	0	0	0	0	0	0	0	0	0	0	0	0	0	0	0	0	0	0	0	0	0	0	0	0	0	0	0	0	0	0	0	0	0	0	0	0	0	0	0	0	0	0	0	0	0	0	0	0	65	62	25	62	128	23	18	84	121	122	49	69	45	88
0	0	0	0	0	0	0	0	0	0	0	0	0	0	0	0	0	0	0	0	0	0	0	0	0	0	0	0	0	0	0	0	0	0	0	0	0	0	0	0	0	0	0	0	0	0	0	0	0	0	0	0	0	0	0	0	0	0	0	0	0	0	0	0	0	0	0	0	0	0	0	0	0	0	0	0	0	0	0	0	0	0	0	0	0	0	0	0	0	0	0	0	0	0	0	0	0	0	0	0	0	0	0	0	0	0	0	0	0	0	0	0	0	0	0	19	110	66	31	60	104	87	14	108	12	116	86	33
0	0	0	0	0	0	0	0	0	0	0	0	0	0	0	0	0	0	0	0	0	0	0	0	0	0	0	0	0	0	0	0	0	0	0	0	0	0	0	0	0	0	0	0	0	0	0	0	0	0	0	0	0	0	0	0	0	0	0	0	0	0	0	0	0	0	0	0	0	0	0	0	0	0	0	0	0	0	0	0	0	0	0	0	0	0	0	0	0	0	0	0	0	0	0	0	0	0	0	0	0	0	0	0	0	0	0	0	0	0	0	0	0	0	0	0	94	65	99	113	113	52	104	114	6	70	102	27
0	0	0	0	0	0	0	0	0	0	0	0	0	0	0	0	0	0	0	0	0	0	0	0	0	0	0	0	0	0	0	0	0	0	0	0	0	0	0	0	0	0	0	0	0	0	0	0	0	0	0	0	0	0	0	0	0	0	0	0	0	0	0	0	0	0	0	0	0	0	0	0	0	0	0	0	0	0	0	0	0	0	0	0	0	0	0	0	0	0	0	0	0	0	0	0	0	0	0	0	0	0	0	0	0	0	0	0	0	0	0	0	0	0	0	0	0	59	1	18	67	2	115	15	36	67	127	1
0	0	0	0	0	0	0	0	0	0	0	0	0	0	0	0	0	0	0	0	0	0	0	0	0	0	0	0	0	0	0	0	0	0	0	0	0	0	0	0	0	0	0	0	0	0	0	0	0	0	0	0	0	0	0	0	0	0	0	0	0	0	0	0	0	0	0	0	0	0	0	0	0	0	0	0	0	0	0	0	0	0	0	0	0	0	0	0	0	0	0	0	0	0	0	0	0	0	0	0	0	0	0	0	0	0	0	0	0	0	0	0	0	0	0	0	0	0	108	9	73	72	33	113	37	6	28	27
0	0	0	0	0	0	0	0	0	0	0	0	0	0	0	0	0	0	0	0	0	0	0	0	0	0	0	0	0	0	0	0	0	0	0	0	0	0	0	0	0	0	0	0	0	0	0	0	0	0	0	0	0	0	0	0	0	0	0	0	0	0	0	0	0	0	0	0	0	0	0	0	0	0	0	0	0	0	0	0	0	0	0	0	0	0	0	0	0	0	0	0	0	0	0	0	0	0	0	0	0	0	0	0	0	0	0	0	0	0	0	0	0	0	0	0	0	0	0	35	79	17	124	32	57	75	39	78
0	0	0	0	0	0	0	0	0	0	0	0	0	0	0	0	0	0	0	0	0	0	0	0	0	0	0	0	0	0	0	0	0	0	0	0	0	0	0	0	0	0	0	0	0	0	0	0	0	0	0	0	0	0	0	0	0	0	0	0	0	0	0	0	0	0	0	0	0	0	0	0	0	0	0	0	0	0	0	0	0	0	0	0	0	0	0	0	0	0	0	0	0	0	0	0	0	0	0	0	0	0	0	0	0	0	0	0	0	0	0	0	0	0	0	0	0	0	0	0	57	47	54	28	75	58	35	77
0	0	0	0	0	0	0	0	0	0	0	0	0	0	0	0	0	0	0	0	0	0	0	0	0	0	0	0	0	0	0	0	0	0	0	0	0	0	0	0	0	0	0	0	0	0	0	0	0	0	0	0	0	0	0	0	0	0	0	0	0	0	0	0	0	0	0	0	0	0	0	0	0	0	0	0	0	0	0	0	0	0	0	0	0	0	0	0	0	0	0	0	0	0	0	0	0	0	0	0	0	0	0	0	0	0	0	0	0	0	0	0	0	0	0	0	0	0	0	0	0	115	63	9	115	49	116	33
0	0	0	0	0	0	0	0	0	0	0	0	0	0	0	0	0	0	0	0	0	0	0	0	0	0	0	0	0	0	0	0	0	0	0	0	0	0	0	0	0	0	0	0	0	0	0	0	0	0	0	0	0	0	0	0	0	0	0	0	0	0	0	0	0	0	0	0	0	0	0	0	0	0	0	0	0	0	0	0	0	0	0	0	0	0	0	0	0	0	0	0	0	0	0	0	0	0	0	0	0	0	0	0	0	0	0	0	0	0	0	0	0	0	0	0	0	0	0	0	0	0	56	4	1	110	58	110
0	0	0	0	0	0	0	0	0	0	0	0	0	0	0	0	0	0	0	0	0	0	0	0	0	0	0	0	0	0	0	0	0	0	0	0	0	0	0	0	0	0	0	0	0	0	0	0	0	0	0	0	0	0	0	0	0	0	0	0	0	0	0	0	0	0	0	0	0	0	0	0	0	0	0	0	0	0	0	0	0	0	0	0	0	0	0	0	0	0	0	0	0	0	0	0	0	0	0	0	0	0	0	0	0	0	0	0	0	0	0	0	0	0	0	0	0	0	0	0	0	0	0	33	74	62	107	64
0	0	0	0	0	0	0	0	0	0	0	0	0	0	0	0	0	0	0	0	0	0	0	0	0	0	0	0	0	0	0	0	0	0	0	0	0	0	0	0	0	0	0	0	0	0	0	0	0	0	0	0	0	0	0	0	0	0	0	0	0	0	0	0	0	0	0	0	0	0	0	0	0	0	0	0	0	0	0	0	0	0	0	0	0	0	0	0	0	0	0	0	0	0	0	0	0	0	0	0	0	0	0	0	0	0	0	0	0	0	0	0	0	0	0	0	0	0	0	0	0	0	0	0	110	115	120	124
0	0	0	0	0	0	0	0	0	0	0	0	0	0	0	0	0	0	0	0	0	0	0	0	0	0	0	0	0	0	0	0	0	0	0	0	0	0	0	0	0	0	0	0	0	0	0	0	0	0	0	0	0	0	0	0	0	0	0	0	0	0	0	0	0	0	0	0	0	0	0	0	0	0	0	0	0	0	0	0	0	0	0	0	0	0	0	0	0	0	0	0	0	0	0	0	0	0	0	0	0	0	0	0	0	0	0	0	0	0	0	0	0	0	0	0	0	0	0	0	0	0	0	0	0	78	35	124
0	0	0	0	0	0	0	0	0	0	0	0	0	0	0	0	0	0	0	0	0	0	0	0	0	0	0	0	0	0	0	0	0	0	0	0	0	0	0	0	0	0	0	0	0	0	0	0	0	0	0	0	0	0	0	0	0	0	0	0	0	0	0	0	0	0	0	0	0	0	0	0	0	0	0	0	0	0	0	0	0	0	0	0	0	0	0	0	0	0	0	0	0	0	0	0	0	0	0	0	0	0	0	0	0	0	0	0	0	0	0	0	0	0	0	0	0	0	0	0	0	0	0	0	0	0	120	48
0	0	0	0	0	0	0	0	0	0	0	0	0	0	0	0	0	0	0	0	0	0	0	0	0	0	0	0	0	0	0	0	0	0	0	0	0	0	0	0	0	0	0	0	0	0	0	0	0	0	0	0	0	0	0	0	0	0	0	0	0	0	0	0	0	0	0	0	0	0	0	0	0	0	0	0	0	0	0	0	0	0	0	0	0	0	0	0	0	0	0	0	0	0	0	0	0	0	0	0	0	0	0	0	0	0	0	0	0	0	0	0	0	0	0	0	0	0	0	0	0	0	0	0	0	0	0	48
0	0	0	0	0	0	0	0	0	0	0	0	0	0	0	0	0	0	0	0	0	0	0	0	0	0	0	0	0	0	0	0	0	0	0	0	0	0	0	0	0	0	0	0	0	0	0	0	0	0	0	0	0	0	0	0	0	0	0	0	0	0	0	0	0	0	0	0	0	0	0	0	0	0	0	0	0	0	0	0	0	0	0	0	0	0	0	0	0	0	0	0	0	0	0	0	0	0	0	0	0	0	0	0	0	0	0	0	0	0	0	0	0	0	0	0	0	0	0	0	0	0	0	0	0	0	0	0