0	124	29	39	88	91	64	60	125	91	125	128	100	89	48	16	8	64	20	66	44	57	4	52	72	26	5	78	82	106	13	96	105	48	77	128	85	7	38	119	96	27	89	53	65	36	92	113	25	68	91	80	39	37	65	125	85	100	122	122	77	47	13	119	123	11	68	110	45	97	75	9	20	32	36	53	98	38	91	75	88	106	54	75	14	4	52	92	105	24	70	123	124	79	33	114	21	39	18	98	89	61	46	94	13	77	52	65	47	89	28	82	20	54	70	18	25	112	67	108	95	27	101	74	110	67	55	42
0	0	9	27	7	25	125	89	46	123	97	127	56	11	60	71	62	43	82	112	94	9	54	81	16	116	101	92	120	57	23	117	6	115	35	59	126	57	18	100	51	106	47	111	77	76	82	119	70	41	86	4	20	82	119	85	15	96	123	56	13	2	44	30	62	26	8	25	100	33	109	105	3	37	104	85	21	104	63	61	24	81	11	89	127	99	12	77	28	127	119	108	56	72	98	18	3	34	23	33	75	42	17	66	24	65	48	43	21	26	66	24	121	62	69	58	119	111	47	97	92	58	18	109	19	1	125	84
0	0	0	51	110	12	28	30	78	10	49	44	42	4	39	84	49	56	90	83	62	6	27	73	26	106	115	78	56	82	12	60	83	114	88	114	23	93	50	75	31	67	33	73	78	61	71	124	87	86	107	57	101	110	63	91	121	96	122	117	84	10	95	97	103	7	52	70	121	83	48	126	62	22	7	108	65	95	70	52	125	38	99	29	20	121	97	74	12	65	102	38	54	69	99	61	99	80	87	119	120	77	12	65	15	42	89	78	17	27	31	37	75	126	116	126	99	61	121	14	77	1	47	100	72	70	15	66
0	0	0	0	70	75	89	43	49	43	35	90	40	74	113	57	40	73	112	48	98	42	113	93	2	106	77	71	9	110	52	46	15	11	122	77	58	46	23	5	17	126	124	5	18	101	91	82	38	80	60	50	47	41	27	13	71	27	126	1	78	55	24	5	108	23	78	41	68	125	64	116	69	66	72	68	91	25	48	93	90	98	81	116	61	65	119	117	103	56	71	93	43	122	66	18	95	53	97	65	5	74	107	93	42	120	119	24	39	13	112	34	78	52	28	23	71	103	49	110	50	89	35	63	2	115	128	62
0	0	0	0	0	26	89	39	23	37	108	116	84	74	94	69	20	102	127	59	114	91	12	58	109	122	86	95	49	109	100	122	24	2	49	23	55	13	91	69	99	61	2	37	111	64	65	2	76	28	72	13	83	27	112	96	67	116	90	91	49	24	64	81	16	99	98	49	4	32	2	63	123	42	122	62	67	15	111	15	38	111	123	54	87	44	120	50	94	127	102	20	119	20	29	116	31	68	41	97	55	27	28	1	112	104	89	61	103	84	80	96	25	70	55	127	46	117	48	35	54	70	15	19	126	25	2	95
0	0	0	0	0	0	34	98	46	119	106	105	124	98	30	116	6	1	26	124	108	104	54	98	112	2	64	36	33	4	84	12	36	86	76	103	19	65	106	16	94	102	94	96	92	107	33	66	99	82	90	42	94	61	90	39	68	121	38	110	13	74	28	127	55	86	5	17	59	70	24	104	38	109	9	126	60	64	89	13	104	54	39	111	15	49	14	11	55	58	122	81	125	3	89	5	82	76	39	88	75	111	111	43	61	53	84	60	3	51	55	77	78	104	56	23	124	44	111	55	53	120	72	83	19	67	59	20
0	0	0	0	0	0	0	65	116	83	41	100	88	47	73	39	124	101	1	47	103	68	18	5	48	88	22	77	22	61	39	6	128	61	62	41	115	33	57	40	70	87	2	20	109	45	68	48	119	65	98	126	128	31	13	52	108	119	121	77	8	35	6	21	72	47	120	46	107	124	91	114	89	58	41	103	83	13	73	110	55	8	60	123	73	89	33	44	124	79	51	10	90	1	54	108	33	45	92	66	109	84	106	94	61	39	101	127	113	94	88	10	46	54	111	68	60	96	38	57	80	52	100	26	4	15	113	42
0	0	0	0	0	0	0	0	76	116	42	7	55	82	120	128	9	25	22	11	22	35	102	89	83	93	12	65	43	53	17	66	25	4	35	32	54	17	107	30	62	121	71	98	15	125	89	70	117	87	70	96	83	122	97	5	74	59	108	22	22	105	79	54	8	81	71	50	50	66	52	11	122	51	125	61	12	82	67	5	5	113	103	16	55	114	72	38	107	121	22	67	2	35	20	123	48	8	19	36	35	112	2	118	50	3	72	119	121	113	97	90	22	5	92	73	117	122	88	54	54	98	84	36	51	12	53	15
0	0	0	0	0	0	0	0	0	80	35	20	57	85	65	64	115	31	66	76	14	25	8	6	103	25	46	59	113	19	43	105	25	17	113	99	30	26	73	71	61	16	124	1	78	85	31	34	74	15	117	60	106	39	14	81	10	19	16	64	1	66	91	71	60	33	25	29	101	79	110	127	4	42	98	21	87	39	102	62	5	43	40	118	40	109	125	9	84	28	16	98	35	34	82	94	18	71	110	56	117	52	1	42	55	67	69	94	21	119	2	88	62	64	92	100	100	51	29	98	127	41	12	99	117	9	56	100
0	0	0	0	0	0	0	0	0	0	110	100	97	31	73	107	52	113	30	55	123	55	40	106	15	27	39	37	29	84	41	110	2	127	54	2	68	26	18	117	57	78	40	4	91	62	79	67	59	104	45	114	38	6	72	42	59	106	34	46	20	116	57	65	100	67	62	34	84	124	33	41	5	42	64	37	22	103	63	62	66	54	62	43	11	71	14	43	108	9	112	114	91	28	41	101	118	79	93	85	24	21	21	26	87	112	15	104	17	37	38	86	28	26	104	31	20	22	88	84	1	46	26	30	66	22	86	127
0	0	0	0	0	0	0	0	0	0	0	39	90	40	67	21	34	104	111	99	59	100	13	18	114	126	107	29	68	115	47	127	91	78	34	3	102	42	113	61	79	8	34	26	91	74	87	127	83	35	41	125	98	70	128	101	96	31	125	25	118	98	25	109	81	126	70	80	123	32	21	89	128	58	77	17	85	118	111	39	13	84	124	106	128	31	128	125	93	36	90	113	43	123	71	110	47	31	15	81	51	29	26	101	53	116	24	128	34	33	17	2	32	48	2	11	48	16	70	128	97	58	53	107	64	40	28	99
0	0	0	0	0	0	0	0	0	0	0	0	16	57	85	35	104	100	115	85	62	81	22	36	101	78	5	20	78	50	73	39	3	4	31	16	4	51	64	81	57	73	69	66	40	124	62	116	8	37	17	26	9	14	116	102	12	80	33	75	47	118	76	49	98	14	125	53	74	84	120	55	84	116	88	29	127	5	64	127	107	7	46	66	73	109	86	48	118	113	24	95	65	58	121	43	18	21	42	122	32	52	8	10	60	23	86	76	28	25	116	28	14	43	87	12	11	98	43	39	92	3	119	83	27	14	106	8
0	0	0	0	0	0	0	0	0	0	0	0	0	40	62	84	117	44	41	5	20	22	102	110	77	8	106	81	116	82	35	76	24	26	97	76	110	60	55	42	8	66	22	1	58	29	105	38	15	12	111	98	58	6	21	127	81	126	1	120	36	43	10	118	126	48	63	26	54	29	38	128	82	16	114	59	15	93	7	125	103	113	6	22	53	17	96	71	35	16	39	101	6	23	31	2	110	101	112	119	39	53	71	46	37	121	76	99	58	29	46	63	99	59	104	46	80	87	90	31	82	74	65	80	26	56	98	49
0	0	0	0	0	0	0	0	0	0	0	0	0	0	119	39	1	61	57	66	10	45	126	30	55	1	42	54	103	54	113	125	22	81	37	70	30	31	30	79	62	85	9	96	90	55	50	29	27	50	67	66	66	88	76	60	11	107	44	6	42	10	104	123	88	66	51	74	106	4	96	116	61	12	61	55	53	101	8	59	29	72	104	9	60	112	96	68	86	66	48	97	128	49	29	62	111	54	20	76	103	46	102	104	65	66	12	120	72	92	47	113	61	88	121	41	97	35	107	79	20	32	34	76	108	36	43	29
0	0	0	0	0	0	0	0	0	0	0	0	0	0	0	118	36	71	99	19	7	122	95	126	32	67	14	55	14	77	92	94	46	102	7	58	112	81	105	71	37	34	35	86	96	41	118	72	79	51	120	19	14	77	67	93	18	77	103	1	85	56	43	48	12	123	97	127	16	78	103	101	7	115	117	42	26	80	121	32	67	17	111	94	121	15	12	117	28	36	72	43	17	115	107	38	22	41	41	74	120	106	41	72	21	88	37	40	69	10	3	26	90	66	118	17	72	111	40	92	52	119	105	116	127	89	36	54
0	0	0	0	0	0	0	0	0	0	0	0	0	0	0	0	124	120	76	120	57	63	92	62	125	54	60	30	11	15	83	70	67	14	64	117	79	106	45	31	19	37	67	124	74	53	88	89	18	61	41	114	98	46	5	40	41	75	122	2	71	100	113	112	11	97	120	118	8	31	74	70	90	36	44	95	72	116	68	11	2	118	20	58	38	3	91	97	20	65	93	19	80	126	14	91	52	110	47	73	59	68	39	125	7	20	7	33	31	46	32	120	53	59	54	116	10	115	72	54	34	8	38	55	61	57	120	21
0	0	0	0	0	0	0	0	0	0	0	0	0	0	0	0	0	51	93	78	82	10	22	36	32	105	58	89	80	27	78	10	97	104	86	120	114	92	89	72	40	86	63	118	93	105	37	2	128	97	99	126	49	92	72	125	46	8	42	90	97	63	125	47	98	74	84	68	71	117	128	9	28	53	9	76	128	94	58	93	38	13	26	86	23	4	42	77	31	41	10	88	99	35	54	104	104	33	26	121	28	40	109	20	113	15	32	84	99	88	86	57	87	75	103	113	117	93	63	98	109	17	121	99	109	57	48	91
0	0	0	0	0	0	0	0	0	0	0	0	0	0	0	0	0	0	100	35	69	49	38	19	46	41	34	68	74	86	117	104	75	75	14	2	62	4	81	67	36	95	11	47	96	52	93	4	128	66	49	90	24	57	79	29	59	21	114	89	123	54	107	74	56	105	116	51	3	21	121	61	15	40	33	65	110	56	112	8	17	53	28	117	63	3	111	58	42	70	8	63	23	66	21	16	59	105	101	88	125	128	39	59	39	115	68	89	101	102	96	112	13	54	116	112	26	8	116	114	9	43	11	6	12	59	3	92
0	0	0	0	0	0	0	0	0	0	0	0	0	0	0	0	0	0	0	123	95	84	13	14	54	97	30	46	11	115	106	108	59	19	86	57	28	120	13	79	1	110	7	14	75	115	78	95	112	73	96	39	66	86	117	110	53	14	5	14	18	109	104	54	6	55	77	11	100	116	18	70	73	98	70	96	100	119	101	12	95	14	4	86	96	55	44	34	16	45	68	61	11	33	116	121	15	108	44	12	33	30	21	72	124	21	26	19	24	57	19	124	19	117	100	109	92	67	89	45	103	123	109	13	27	81	113	109
0	0	0	0	0	0	0	0	0	0	0	0	0	0	0	0	0	0	0	0	62	123	116	16	114	109	43	95	116	31	67	20	28	124	104	118	29	65	104	93	19	13	7	12	59	119	83	31	84	86	62	82	40	34	123	32	74	80	92	98	108	117	126	13	124	114	31	17	37	43	76	107	4	94	122	75	5	42	35	108	46	34	63	104	99	15	2	107	96	121	102	29	36	113	104	30	23	44	17	127	46	13	7	91	1	58	68	60	1	45	41	61	79	36	128	118	92	64	99	11	71	55	34	108	76	33	90	34
0	0	0	0	0	0	0	0	0	0	0	0	0	0	0	0	0	0	0	0	0	29	70	70	45	37	76	25	68	88	30	95	114	69	32	31	128	54	46	73	2	125	46	66	55	74	111	118	113	30	16	98	123	40	82	100	14	54	114	86	37	107	34	61	113	10	42	15	53	52	89	110	103	34	8	65	128	68	87	40	86	25	82	96	84	61	72	65	109	50	10	17	45	70	6	18	56	88	83	59	64	19	63	83	127	37	125	123	44	26	94	58	46	89	105	34	61	104	54	15	56	62	85	12	18	38	120	7
0	0	0	0	0	0	0	0	0	0	0	0	0	0	0	0	0	0	0	0	0	0	91	35	108	85	97	116	70	15	38	82	48	74	25	117	15	30	14	72	106	72	67	9	47	93	21	26	34	46	33	18	118	8	51	4	30	45	16	102	75	19	89	119	108	93	124	12	49	49	46	91	37	72	15	117	59	67	59	75	124	119	2	126	9	1	97	61	54	46	10	32	57	125	46	100	28	44	98	75	45	50	9	14	87	61	125	89	22	33	114	115	26	51	33	121	21	4	75	52	42	72	44	102	25	106	84	5
0	0	0	0	0	0	0	0	0	0	0	0	0	0	0	0	0	0	0	0	0	0	0	107	86	10	44	96	117	89	112	55	120	110	110	51	117	36	12	109	91	44	3	80	70	36	75	114	124	121	1	62	39	6	19	56	104	105	15	41	111	60	83	62	122	40	119	91	65	11	120	5	70	66	71	69	93	57	41	64	89	59	123	13	54	113	93	100	41	117	45	88	59	93	22	119	79	34	119	110	19	2	105	84	39	46	73	59	99	17	79	123	79	97	44	97	4	121	85	109	118	87	120	121	90	57	98	94
0	0	0	0	0	0	0	0	0	0	0	0	0	0	0	0	0	0	0	0	0	0	0	0	57	108	41	122	98	63	37	75	87	105	37	106	69	105	121	28	103	53	53	66	99	38	109	70	118	41	104	42	68	99	106	52	39	1	3	94	126	79	40	126	127	111	29	103	93	26	93	104	22	111	7	72	113	47	42	42	38	60	88	5	18	87	92	100	17	61	107	92	35	7	68	119	84	47	111	15	88	14	9	57	89	36	54	15	111	28	64	104	1	63	27	57	33	48	18	68	77	88	73	107	61	125	64	42
0	0	0	0	0	0	0	0	0	0	0	0	0	0	0	0	0	0	0	0	0	0	0	0	0	24	41	7	98	109	46	67	70	61	122	55	87	124	119	128	103	31	7	73	90	4	77	14	118	47	116	37	14	11	96	34	12	118	9	118	116	121	114	61	80	28	3	12	106	111	72	115	26	113	82	34	3	82	10	92	18	108	106	10	71	120	117	103	99	83	122	72	96	23	47	106	81	52	70	51	3	45	123	40	70	112	89	25	67	18	63	35	20	88	37	15	18	38	6	63	38	71	106	86	114	86	123	65
0	0	0	0	0	0	0	0	0	0	0	0	0	0	0	0	0	0	0	0	0	0	0	0	0	0	88	47	24	84	20	63	128	16	33	15	45	5	64	77	107	65	27	120	35	8	3	53	12	67	15	61	46	25	66	87	102	124	68	73	30	7	23	122	50	67	8	66	57	19	102	104	56	11	44	24	67	20	75	39	75	66	85	34	59	52	52	27	120	68	55	93	78	115	102	63	43	24	61	97	24	121	42	72	29	34	48	103	99	82	9	97	68	106	95	11	23	120	84	57	70	21	103	111	32	60	24	66
0	0	0	0	0	0	0	0	0	0	0	0	0	0	0	0	0	0	0	0	0	0	0	0	0	0	0	40	4	125	15	81	6	48	44	11	58	51	5	105	100	4	39	2	91	40	93	34	58	118	124	45	35	41	100	108	66	100	89	116	93	42	57	64	60	102	89	76	26	74	35	86	73	71	16	81	15	97	112	54	13	5	119	69	119	126	29	69	127	81	90	46	123	57	1	93	123	70	128	2	26	114	73	35	105	5	117	107	38	119	42	127	26	111	62	24	104	20	14	64	49	115	126	84	29	128	109	98
0	0	0	0	0	0	0	0	0	0	0	0	0	0	0	0	0	0	0	0	0	0	0	0	0	0	0	0	60	54	15	127	40	103	116	115	91	66	75	17	42	49	66	88	92	62	29	23	43	51	102	2	25	34	39	35	12	12	124	59	93	5	24	115	43	122	61	117	5	12	12	59	88	115	66	115	76	52	106	98	63	27	1	43	68	102	76	7	45	38	96	23	46	77	61	71	56	102	123	42	33	108	42	47	71	48	20	104	101	18	36	50	43	40	62	32	12	116	62	21	17	43	106	8	115	75	27	102
0	0	0	0	0	0	0	0	0	0	0	0	0	0	0	0	0	0	0	0	0	0	0	0	0	0	0	0	0	63	106	92	12	62	40	1	53	117	75	66	118	23	34	33	13	50	84	101	118	119	122	15	53	118	28	55	113	74	47	25	104	118	104	93	13	71	70	1	42	101	124	115	4	114	77	31	3	58	32	38	54	80	51	82	98	41	71	116	78	46	18	118	49	27	43	7	41	96	57	12	104	2	37	45	115	19	109	71	117	75	72	121	37	92	40	36	45	82	61	98	66	95	115	112	60	74	93	109
0	0	0	0	0	0	0	0	0	0	0	0	0	0	0	0	0	0	0	0	0	0	0	0	0	0	0	0	0	0	100	26	72	85	6	14	2	105	31	69	65	54	106	77	43	110	12	53	128	62	66	63	46	67	51	10	51	121	106	26	116	16	7	101	79	29	7	52	125	128	55	49	118	55	74	44	118	43	113	90	7	65	96	123	128	64	76	14	62	24	92	82	119	69	96	68	45	43	59	30	64	77	124	104	128	23	88	12	3	91	123	116	114	40	88	127	103	49	3	123	27	3	81	54	25	114	102	4
0	0	0	0	0	0	0	0	0	0	0	0	0	0	0	0	0	0	0	0	0	0	0	0	0	0	0	0	0	0	0	80	77	69	49	106	74	119	123	15	19	125	12	88	27	93	62	38	119	58	119	30	86	42	122	3	65	75	23	111	113	69	36	92	103	85	95	6	65	49	71	80	48	68	79	19	58	119	54	80	94	65	76	35	107	86	59	108	14	3	123	12	95	36	106	2	55	60	36	66	3	72	14	95	59	37	87	33	83	105	97	38	112	81	73	21	121	127	85	48	85	35	33	119	63	24	14	115
0	0	0	0	0	0	0	0	0	0	0	0	0	0	0	0	0	0	0	0	0	0	0	0	0	0	0	0	0	0	0	0	47	1	14	92	25	107	6	23	6	24	86	13	46	75	97	77	24	44	105	33	93	110	30	79	120	20	55	16	20	113	32	12	48	15	57	78	19	70	63	82	27	54	28	54	100	27	119	26	96	69	41	33	41	11	115	4	105	120	16	19	77	13	39	29	105	58	40	120	123	122	119	23	78	43	123	52	24	47	49	6	22	126	60	4	97	40	107	31	82	10	89	100	99	102	94	16
0	0	0	0	0	0	0	0	0	0	0	0	0	0	0	0	0	0	0	0	0	0	0	0	0	0	0	0	0	0	0	0	0	17	12	52	18	48	113	77	67	121	78	39	59	50	102	77	55	37	69	74	83	60	90	32	61	40	128	34	86	3	33	5	92	8	84	4	121	58	53	65	126	111	66	76	73	43	92	47	67	128	108	81	32	56	64	116	34	28	82	51	12	62	99	37	60	20	117	84	116	1	126	25	46	47	14	50	125	56	38	45	89	76	93	86	127	83	33	27	54	39	28	47	33	107	33	53
0	0	0	0	0	0	0	0	0	0	0	0	0	0	0	0	0	0	0	0	0	0	0	0	0	0	0	0	0	0	0	0	0	0	22	29	56	118	15	60	62	37	13	45	114	57	94	101	73	10	1	89	125	88	37	85	118	63	38	101	97	121	68	36	84	63	36	48	47	44	93	83	125	51	57	44	28	55	60	49	51	120	125	109	75	55	104	112	128	68	34	117	34	116	34	88	61	37	21	122	115	60	107	123	101	3	84	80	102	127	102	18	48	18	55	74	7	7	21	76	121	36	99	84	99	9	4	77
0	0	0	0	0	0	0	0	0	0	0	0	0	0	0	0	0	0	0	0	0	0	0	0	0	0	0	0	0	0	0	0	0	0	0	24	57	12	48	68	21	12	46	97	39	111	43	25	75	112	118	16	78	58	55	80	103	17	84	96	80	73	60	83	19	36	128	5	17	106	4	48	21	100	108	50	32	111	67	17	34	38	111	91	16	62	57	84	48	87	2	26	14	19	27	66	40	3	70	110	66	44	118	25	4	95	27	105	112	31	91	122	116	82	30	74	12	2	37	48	14	29	32	56	126	88	100	11
0	0	0	0	0	0	0	0	0	0	0	0	0	0	0	0	0	0	0	0	0	0	0	0	0	0	0	0	0	0	0	0	0	0	0	0	46	2	73	106	125	13	20	4	100	118	89	107	85	28	127	49	112	67	39	68	123	118	19	35	91	22	13	38	37	95	128	85	22	76	112	70	58	94	108	24	111	95	47	14	24	50	39	106	125	88	86	81	91	84	107	64	101	73	103	15	99	103	66	86	67	73	55	72	17	21	50	48	73	1	10	73	67	96	19	37	20	126	75	117	12	54	23	59	19	8	103	94
0	0	0	0	0	0	0	0	0	0	0	0	0	0	0	0	0	0	0	0	0	0	0	0	0	0	0	0	0	0	0	0	0	0	0	0	0	92	110	81	68	81	49	127	111	15	85	127	109	81	65	110	125	96	59	54	76	123	42	68	15	42	99	76	106	17	102	24	50	29	73	107	33	45	125	44	101	54	60	104	114	78	25	87	8	77	127	72	118	101	7	88	44	26	13	71	85	74	26	85	128	17	80	11	30	115	20	103	97	101	103	48	5	2	92	18	42	13	116	11	94	72	30	99	63	57	117	2
0	0	0	0	0	0	0	0	0	0	0	0	0	0	0	0	0	0	0	0	0	0	0	0	0	0	0	0	0	0	0	0	0	0	0	0	0	0	34	104	10	88	127	39	4	108	87	85	36	77	116	114	4	73	69	1	119	26	7	44	73	35	25	96	117	109	32	51	89	26	29	94	62	125	59	58	32	95	23	64	121	25	65	64	116	109	127	13	18	20	23	110	112	76	118	68	100	7	64	75	79	92	51	34	13	57	27	17	43	63	52	69	73	19	82	86	32	78	119	3	107	51	69	109	64	59	122	117
0	0	0	0	0	0	0	0	0	0	0	0	0	0	0	0	0	0	0	0	0	0	0	0	0	0	0	0	0	0	0	0	0	0	0	0	0	0	0	122	56	49	31	64	51	108	97	124	18	61	24	121	46	36	27	41	8	11	88	121	17	16	35	69	2	19	1	9	120	57	82	14	9	108	40	128	9	48	65	52	107	66	50	10	70	103	86	51	23	79	106	79	16	47	25	83	94	18	61	55	19	94	32	52	107	28	102	112	99	71	83	119	28	107	110	75	58	81	29	12	10	120	31	20	61	114	103	3
0	0	0	0	0	0	0	0	0	0	0	0	0	0	0	0	0	0	0	0	0	0	0	0	0	0	0	0	0	0	0	0	0	0	0	0	0	0	0	0	77	91	14	56	8	6	80	87	89	79	15	65	41	85	123	63	29	123	23	51	27	87	21	3	15	48	121	85	26	106	38	67	121	82	51	36	50	126	6	12	73	114	49	113	22	14	52	103	122	20	31	88	29	24	8	123	23	38	127	27	94	17	78	4	3	125	49	66	73	40	41	123	12	91	74	45	16	61	53	85	52	107	62	28	55	56	123	36
0	0	0	0	0	0	0	0	0	0	0	0	0	0	0	0	0	0	0	0	0	0	0	0	0	0	0	0	0	0	0	0	0	0	0	0	0	0	0	0	0	58	60	123	45	71	44	30	124	100	75	116	112	73	70	92	113	81	99	80	14	59	105	20	74	101	36	93	36	49	9	2	109	62	56	46	126	15	16	23	12	48	68	62	33	128	113	31	67	63	114	25	66	87	33	95	83	39	7	40	50	78	78	127	70	60	116	22	18	53	68	117	11	12	50	76	68	98	9	94	115	77	110	3	25	87	63	103
0	0	0	0	0	0	0	0	0	0	0	0	0	0	0	0	0	0	0	0	0	0	0	0	0	0	0	0	0	0	0	0	0	0	0	0	0	0	0	0	0	0	123	10	62	22	43	66	87	99	4	103	105	1	9	111	14	68	101	48	97	33	67	71	126	14	7	103	85	53	72	126	61	14	103	105	99	122	2	19	53	91	31	36	82	95	119	15	88	38	83	9	19	16	66	26	50	78	38	115	115	111	20	94	18	116	104	31	11	70	76	60	112	49	108	123	81	23	59	49	118	112	83	97	31	79	127	97
0	0	0	0	0	0	0	0	0	0	0	0	0	0	0	0	0	0	0	0	0	0	0	0	0	0	0	0	0	0	0	0	0	0	0	0	0	0	0	0	0	0	0	118	124	37	128	60	125	126	16	47	6	102	32	18	37	89	52	39	97	126	7	60	8	18	124	80	72	8	54	50	72	66	101	44	74	53	51	8	61	40	19	11	56	107	87	80	39	114	65	34	81	75	47	46	12	92	10	58	76	83	95	89	55	45	25	108	34	96	20	29	16	75	42	39	66	68	89	69	53	65	39	16	1	61	58	100
0	0	0	0	0	0	0	0	0	0	0	0	0	0	0	0	0	0	0	0	0	0	0	0	0	0	0	0	0	0	0	0	0	0	0	0	0	0	0	0	0	0	0	0	75	87	73	5	102	96	70	111	5	87	78	71	103	26	100	50	86	124	44	29	20	101	7	106	50	37	50	33	8	88	108	64	17	12	27	76	26	65	128	68	85	80	72	30	9	53	26	68	72	20	113	37	11	95	116	29	67	29	91	13	4	36	42	14	89	86	15	57	22	101	18	122	111	10	53	119	104	50	44	120	67	20	98	6
0	0	0	0	0	0	0	0	0	0	0	0	0	0	0	0	0	0	0	0	0	0	0	0	0	0	0	0	0	0	0	0	0	0	0	0	0	0	0	0	0	0	0	0	0	8	73	98	84	8	34	62	11	14	60	56	49	16	46	35	87	66	124	50	31	89	122	19	91	34	87	45	125	33	114	22	82	67	28	46	65	83	75	94	111	40	120	109	75	94	50	85	9	10	99	100	113	76	122	55	118	92	54	80	24	31	19	19	10	108	30	8	8	123	46	65	121	28	78	17	96	99	17	9	13	93	70	57
0	0	0	0	0	0	0	0	0	0	0	0	0	0	0	0	0	0	0	0	0	0	0	0	0	0	0	0	0	0	0	0	0	0	0	0	0	0	0	0	0	0	0	0	0	0	128	107	23	39	115	74	64	112	90	81	73	66	1	14	54	111	105	87	99	62	46	89	11	123	108	41	83	50	36	62	125	108	52	61	43	46	3	50	8	75	106	87	62	52	58	66	88	43	44	52	28	89	102	69	8	106	79	52	27	24	37	105	94	31	29	50	14	46	128	111	63	105	114	3	79	93	87	41	51	94	82	21
0	0	0	0	0	0	0	0	0	0	0	0	0	0	0	0	0	0	0	0	0	0	0	0	0	0	0	0	0	0	0	0	0	0	0	0	0	0	0	0	0	0	0	0	0	0	0	72	40	1	31	108	22	68	126	83	114	4	117	89	89	81	78	39	7	118	80	76	105	50	10	128	74	51	35	54	69	118	35	52	115	59	59	118	58	60	24	50	21	18	37	102	110	88	66	27	25	55	19	79	14	42	94	45	102	63	33	26	90	60	97	35	116	14	109	34	25	20	104	93	34	79	13	112	68	44	66	104
0	0	0	0	0	0	0	0	0	0	0	0	0	0	0	0	0	0	0	0	0	0	0	0	0	0	0	0	0	0	0	0	0	0	0	0	0	0	0	0	0	0	0	0	0	0	0	0	113	26	105	60	55	54	69	84	106	77	120	115	59	68	12	6	91	78	100	87	2	119	17	104	54	88	67	112	38	96	102	123	29	123	92	31	4	38	23	91	111	31	108	4	75	107	113	89	31	6	115	124	113	99	72	110	35	81	92	80	73	54	97	127	9	75	73	85	17	4	3	64	120	111	79	8	3	8	69	37
0	0	0	0	0	0	0	0	0	0	0	0	0	0	0	0	0	0	0	0	0	0	0	0	0	0	0	0	0	0	0	0	0	0	0	0	0	0	0	0	0	0	0	0	0	0	0	0	0	113	77	42	128	11	24	53	25	101	69	39	123	123	73	49	127	64	58	36	54	68	57	36	84	24	5	106	81	37	106	20	32	85	32	23	34	15	30	25	21	14	33	34	104	77	76	74	63	5	41	39	67	50	34	79	54	43	67	19	24	19	76	89	85	54	121	52	117	127	86	70	42	84	2	125	39	94	88	37
0	0	0	0	0	0	0	0	0	0	0	0	0	0	0	0	0	0	0	0	0	0	0	0	0	0	0	0	0	0	0	0	0	0	0	0	0	0	0	0	0	0	0	0	0	0	0	0	0	0	86	28	11	9	48	25	33	2	29	69	14	99	34	25	34	47	79	26	124	33	4	23	57	93	4	37	102	36	119	3	95	50	56	79	25	10	127	19	22	114	51	100	1	31	36	105	96	49	30	87	39	19	125	120	37	44	39	107	68	16	59	77	122	99	114	71	79	67	25	38	8	55	44	116	97	107	108	89
0	0	0	0	0	0	0	0	0	0	0	0	0	0	0	0	0	0	0	0	0	0	0	0	0	0	0	0	0	0	0	0	0	0	0	0	0	0	0	0	0	0	0	0	0	0	0	0	0	0	0	41	40	57	17	6	97	1	19	44	117	112	96	123	59	90	10	118	49	11	15	24	69	66	4	2	114	14	100	20	91	118	92	28	60	120	122	4	43	12	48	60	46	112	73	32	77	4	120	102	33	12	128	109	74	17	1	103	53	93	58	51	110	111	60	22	18	110	31	1	97	18	116	102	53	34	20	33
0	0	0	0	0	0	0	0	0	0	0	0	0	0	0	0	0	0	0	0	0	0	0	0	0	0	0	0	0	0	0	0	0	0	0	0	0	0	0	0	0	0	0	0	0	0	0	0	0	0	0	0	23	112	46	35	30	33	125	47	86	117	36	59	118	66	30	89	81	95	104	98	115	35	72	54	51	100	62	124	70	110	107	84	1	26	14	111	61	105	68	75	98	19	29	69	125	82	114	78	56	28	2	59	65	52	32	39	108	9	7	49	96	78	28	4	63	68	13	113	128	2	50	22	75	111	48	63
0	0	0	0	0	0	0	0	0	0	0	0	0	0	0	0	0	0	0	0	0	0	0	0	0	0	0	0	0	0	0	0	0	0	0	0	0	0	0	0	0	0	0	0	0	0	0	0	0	0	0	0	0	125	71	33	33	88	83	121	30	102	91	18	22	13	111	8	71	98	1	3	87	118	82	12	77	47	78	115	30	36	85	4	27	26	52	82	5	29	102	73	42	19	113	18	22	54	71	11	114	66	61	109	34	66	85	115	33	123	101	69	91	54	81	43	89	109	35	19	98	97	46	43	39	62	106	33
0	0	0	0	0	0	0	0	0	0	0	0	0	0	0	0	0	0	0	0	0	0	0	0	0	0	0	0	0	0	0	0	0	0	0	0	0	0	0	0	0	0	0	0	0	0	0	0	0	0	0	0	0	0	83	1	29	93	77	78	22	51	67	58	48	30	22	33	123	105	103	57	96	53	100	109	55	123	38	80	89	32	82	123	105	70	13	6	93	39	122	93	109	3	43	86	29	1	97	118	111	90	56	32	75	61	116	66	110	113	106	9	20	24	61	95	62	77	70	52	35	2	116	96	26	74	85	119
0	0	0	0	0	0	0	0	0	0	0	0	0	0	0	0	0	0	0	0	0	0	0	0	0	0	0	0	0	0	0	0	0	0	0	0	0	0	0	0	0	0	0	0	0	0	0	0	0	0	0	0	0	0	0	51	29	44	110	63	29	26	71	45	70	36	58	6	17	90	84	20	45	67	98	83	64	73	127	110	58	54	88	123	89	12	2	15	11	31	122	5	102	68	14	37	66	115	51	61	20	98	97	89	99	88	116	111	44	117	95	103	68	54	68	72	92	128	15	62	32	36	114	104	72	112	11	41
0	0	0	0	0	0	0	0	0	0	0	0	0	0	0	0	0	0	0	0	0	0	0	0	0	0	0	0	0	0	0	0	0	0	0	0	0	0	0	0	0	0	0	0	0	0	0	0	0	0	0	0	0	0	0	0	73	79	83	125	105	71	104	57	124	1	121	105	39	56	78	94	64	123	112	51	72	35	101	102	49	35	63	85	39	12	119	22	9	16	128	48	30	89	82	39	108	37	24	113	18	115	48	56	70	61	23	95	104	101	84	40	60	72	5	97	79	93	122	78	68	118	56	15	2	122	41	76
0	0	0	0	0	0	0	0	0	0	0	0	0	0	0	0	0	0	0	0	0	0	0	0	0	0	0	0	0	0	0	0	0	0	0	0	0	0	0	0	0	0	0	0	0	0	0	0	0	0	0	0	0	0	0	0	0	121	29	3	48	101	5	87	66	40	55	116	22	111	48	39	64	112	97	18	101	99	20	53	125	31	79	12	119	47	96	54	122	99	116	107	89	58	91	12	117	123	3	8	26	116	55	101	13	94	103	16	13	67	128	16	22	124	53	1	118	42	67	70	120	90	13	11	40	24	112	59
0	0	0	0	0	0	0	0	0	0	0	0	0	0	0	0	0	0	0	0	0	0	0	0	0	0	0	0	0	0	0	0	0	0	0	0	0	0	0	0	0	0	0	0	0	0	0	0	0	0	0	0	0	0	0	0	0	0	51	64	116	67	37	95	103	27	113	75	104	58	102	82	27	22	76	101	89	91	85	35	19	45	59	74	83	118	82	59	69	125	49	70	30	2	45	71	74	94	15	10	117	63	112	75	93	80	122	33	48	122	27	55	128	109	96	91	110	51	41	5	122	123	84	57	68	37	48	41
0	0	0	0	0	0	0	0	0	0	0	0	0	0	0	0	0	0	0	0	0	0	0	0	0	0	0	0	0	0	0	0	0	0	0	0	0	0	0	0	0	0	0	0	0	0	0	0	0	0	0	0	0	0	0	0	0	0	0	51	65	15	73	1	124	23	28	31	117	30	111	50	74	38	28	80	23	24	128	19	103	81	96	87	11	114	27	55	12	58	98	124	104	91	126	86	18	51	4	88	9	17	50	126	39	92	125	77	14	85	125	100	61	34	22	27	71	74	43	32	92	7	85	103	56	11	63	38
0	0	0	0	0	0	0	0	0	0	0	0	0	0	0	0	0	0	0	0	0	0	0	0	0	0	0	0	0	0	0	0	0	0	0	0	0	0	0	0	0	0	0	0	0	0	0	0	0	0	0	0	0	0	0	0	0	0	0	0	77	18	79	49	76	123	100	58	27	117	24	53	103	112	48	28	5	88	9	12	35	91	80	116	63	127	8	91	123	14	123	3	60	36	61	88	63	111	114	128	48	128	29	46	125	22	10	20	106	24	31	24	52	35	101	51	82	53	114	78	62	112	110	126	16	64	66	107
0	0	0	0	0	0	0	0	0	0	0	0	0	0	0	0	0	0	0	0	0	0	0	0	0	0	0	0	0	0	0	0	0	0	0	0	0	0	0	0	0	0	0	0	0	0	0	0	0	0	0	0	0	0	0	0	0	0	0	0	0	4	84	117	10	101	106	33	57	75	100	125	38	109	83	49	98	125	1	7	42	16	69	124	84	48	122	53	37	84	11	120	125	15	3	128	81	5	94	74	13	109	33	47	108	81	6	47	88	100	66	97	115	39	31	79	126	4	104	77	51	106	101	104	114	97	81	48
0	0	0	0	0	0	0	0	0	0	0	0	0	0	0	0	0	0	0	0	0	0	0	0	0	0	0	0	0	0	0	0	0	0	0	0	0	0	0	0	0	0	0	0	0	0	0	0	0	0	0	0	0	0	0	0	0	0	0	0	0	0	22	116	22	128	120	25	53	63	45	63	24	8	114	91	122	71	84	81	81	40	41	40	72	87	63	105	67	1	17	61	107	60	26	11	112	95	64	85	126	39	67	27	69	126	90	43	1	25	13	112	64	1	66	41	74	23	5	4	27	36	50	7	12	117	56	57
0	0	0	0	0	0	0	0	0	0	0	0	0	0	0	0	0	0	0	0	0	0	0	0	0	0	0	0	0	0	0	0	0	0	0	0	0	0	0	0	0	0	0	0	0	0	0	0	0	0	0	0	0	0	0	0	0	0	0	0	0	0	0	61	114	117	34	40	65	88	62	89	31	62	96	113	51	126	44	63	42	61	82	81	111	56	57	99	13	35	22	92	102	115	116	79	118	116	96	99	47	123	110	113	6	39	23	4	99	94	35	104	42	87	91	40	119	17	48	3	63	66	122	71	123	81	115	119
0	0	0	0	0	0	0	0	0	0	0	0	0	0	0	0	0	0	0	0	0	0	0	0	0	0	0	0	0	0	0	0	0	0	0	0	0	0	0	0	0	0	0	0	0	0	0	0	0	0	0	0	0	0	0	0	0	0	0	0	0	0	0	0	96	92	37	84	85	30	100	32	61	78	67	4	90	93	98	63	28	67	22	29	122	125	40	44	122	95	121	38	94	86	60	73	4	82	28	125	46	13	36	57	103	68	104	2	6	46	8	82	53	117	74	91	77	54	46	90	107	64	38	43	4	117	2	120
0	0	0	0	0	0	0	0	0	0	0	0	0	0	0	0	0	0	0	0	0	0	0	0	0	0	0	0	0	0	0	0	0	0	0	0	0	0	0	0	0	0	0	0	0	0	0	0	0	0	0	0	0	0	0	0	0	0	0	0	0	0	0	0	0	47	3	23	64	44	98	71	50	112	93	77	37	119	65	29	27	55	65	2	122	114	39	52	100	61	29	91	5	98	16	7	28	80	65	5	46	11	93	50	25	51	58	73	96	36	7	98	5	29	128	124	124	1	112	58	39	53	49	37	76	105	95	81
0	0	0	0	0	0	0	0	0	0	0	0	0	0	0	0	0	0	0	0	0	0	0	0	0	0	0	0	0	0	0	0	0	0	0	0	0	0	0	0	0	0	0	0	0	0	0	0	0	0	0	0	0	0	0	0	0	0	0	0	0	0	0	0	0	0	73	2	70	121	36	91	97	119	51	60	95	69	12	43	73	56	118	21	43	119	14	70	24	5	62	93	72	1	118	49	56	86	120	23	16	90	118	101	40	3	87	30	39	105	95	17	25	71	26	117	79	1	45	94	4	16	12	77	61	58	62	36
0	0	0	0	0	0	0	0	0	0	0	0	0	0	0	0	0	0	0	0	0	0	0	0	0	0	0	0	0	0	0	0	0	0	0	0	0	0	0	0	0	0	0	0	0	0	0	0	0	0	0	0	0	0	0	0	0	0	0	0	0	0	0	0	0	0	0	33	61	31	100	79	27	58	122	16	96	63	20	117	7	74	11	19	74	60	100	77	52	105	67	43	68	71	5	16	32	65	33	71	45	44	74	90	23	69	19	11	112	65	53	46	114	89	115	101	92	48	117	23	97	75	113	124	100	109	107	128
0	0	0	0	0	0	0	0	0	0	0	0	0	0	0	0	0	0	0	0	0	0	0	0	0	0	0	0	0	0	0	0	0	0	0	0	0	0	0	0	0	0	0	0	0	0	0	0	0	0	0	0	0	0	0	0	0	0	0	0	0	0	0	0	0	0	0	0	32	112	111	22	1	29	74	11	23	96	65	80	35	114	75	100	94	24	58	47	116	112	54	30	35	43	101	124	106	27	47	46	3	12	88	48	106	102	111	34	108	123	98	127	26	34	40	5	42	55	20	61	51	106	125	74	61	51	47	38
0	0	0	0	0	0	0	0	0	0	0	0	0	0	0	0	0	0	0	0	0	0	0	0	0	0	0	0	0	0	0	0	0	0	0	0	0	0	0	0	0	0	0	0	0	0	0	0	0	0	0	0	0	0	0	0	0	0	0	0	0	0	0	0	0	0	0	0	0	105	26	10	31	107	67	113	111	92	67	125	51	54	127	111	56	124	101	92	64	89	55	12	70	14	2	1	121	86	68	5	72	35	56	45	55	76	125	18	80	125	103	96	114	114	56	73	63	35	9	124	62	24	14	90	81	28	54	75
0	0	0	0	0	0	0	0	0	0	0	0	0	0	0	0	0	0	0	0	0	0	0	0	0	0	0	0	0	0	0	0	0	0	0	0	0	0	0	0	0	0	0	0	0	0	0	0	0	0	0	0	0	0	0	0	0	0	0	0	0	0	0	0	0	0	0	0	0	0	8	53	81	69	35	50	64	108	82	117	128	43	70	91	2	21	122	57	88	11	4	80	17	38	125	87	91	23	52	25	55	100	22	114	90	86	85	23	110	25	46	38	3	53	99	6	14	69	39	77	41	105	109	18	83	125	48	116
0	0	0	0	0	0	0	0	0	0	0	0	0	0	0	0	0	0	0	0	0	0	0	0	0	0	0	0	0	0	0	0	0	0	0	0	0	0	0	0	0	0	0	0	0	0	0	0	0	0	0	0	0	0	0	0	0	0	0	0	0	0	0	0	0	0	0	0	0	0	0	26	127	23	75	37	5	30	71	119	73	70	79	65	74	13	15	30	18	20	97	18	23	38	101	34	61	105	119	53	99	97	53	66	2	127	103	44	117	86	69	55	12	3	3	128	92	57	65	43	41	122	77	21	124	113	113	107
0	0	0	0	0	0	0	0	0	0	0	0	0	0	0	0	0	0	0	0	0	0	0	0	0	0	0	0	0	0	0	0	0	0	0	0	0	0	0	0	0	0	0	0	0	0	0	0	0	0	0	0	0	0	0	0	0	0	0	0	0	0	0	0	0	0	0	0	0	0	0	0	21	35	107	48	44	16	52	24	86	24	23	93	34	42	42	57	78	86	40	22	69	72	21	42	24	45	71	81	91	125	4	85	17	127	62	46	24	115	43	41	16	102	13	23	55	84	32	24	37	42	61	2	23	15	121	127
0	0	0	0	0	0	0	0	0	0	0	0	0	0	0	0	0	0	0	0	0	0	0	0	0	0	0	0	0	0	0	0	0	0	0	0	0	0	0	0	0	0	0	0	0	0	0	0	0	0	0	0	0	0	0	0	0	0	0	0	0	0	0	0	0	0	0	0	0	0	0	0	0	90	7	39	70	119	128	77	23	21	60	65	28	122	16	56	63	3	7	87	4	57	60	125	126	107	40	80	92	22	108	124	24	72	31	77	12	117	75	123	118	101	66	52	57	116	37	118	56	8	40	75	123	123	17	78
0	0	0	0	0	0	0	0	0	0	0	0	0	0	0	0	0	0	0	0	0	0	0	0	0	0	0	0	0	0	0	0	0	0	0	0	0	0	0	0	0	0	0	0	0	0	0	0	0	0	0	0	0	0	0	0	0	0	0	0	0	0	0	0	0	0	0	0	0	0	0	0	0	0	59	127	116	67	50	13	63	18	46	85	72	103	115	14	39	33	8	78	32	20	48	64	47	84	108	25	62	128	6	33	34	10	89	110	44	18	11	92	116	120	4	102	83	118	124	76	126	93	102	32	93	12	83	92
0	0	0	0	0	0	0	0	0	0	0	0	0	0	0	0	0	0	0	0	0	0	0	0	0	0	0	0	0	0	0	0	0	0	0	0	0	0	0	0	0	0	0	0	0	0	0	0	0	0	0	0	0	0	0	0	0	0	0	0	0	0	0	0	0	0	0	0	0	0	0	0	0	0	0	33	107	125	66	101	58	111	113	26	127	97	39	8	42	92	43	2	124	97	96	12	107	53	35	58	73	28	101	35	110	22	111	123	58	87	73	96	109	17	77	83	93	14	122	52	50	33	9	33	96	123	87	85
0	0	0	0	0	0	0	0	0	0	0	0	0	0	0	0	0	0	0	0	0	0	0	0	0	0	0	0	0	0	0	0	0	0	0	0	0	0	0	0	0	0	0	0	0	0	0	0	0	0	0	0	0	0	0	0	0	0	0	0	0	0	0	0	0	0	0	0	0	0	0	0	0	0	0	0	81	87	16	5	44	30	28	54	35	101	17	57	120	106	92	11	22	63	66	118	35	82	123	103	10	67	76	94	14	100	90	114	14	79	83	32	49	57	28	101	98	43	61	18	44	76	41	50	60	86	11	56
0	0	0	0	0	0	0	0	0	0	0	0	0	0	0	0	0	0	0	0	0	0	0	0	0	0	0	0	0	0	0	0	0	0	0	0	0	0	0	0	0	0	0	0	0	0	0	0	0	0	0	0	0	0	0	0	0	0	0	0	0	0	0	0	0	0	0	0	0	0	0	0	0	0	0	0	0	60	18	18	12	116	76	1	118	25	41	56	105	16	110	74	76	31	123	38	56	30	60	31	119	109	81	6	97	128	6	118	109	58	42	78	46	36	77	116	6	44	40	36	73	81	112	13	123	81	128	38
0	0	0	0	0	0	0	0	0	0	0	0	0	0	0	0	0	0	0	0	0	0	0	0	0	0	0	0	0	0	0	0	0	0	0	0	0	0	0	0	0	0	0	0	0	0	0	0	0	0	0	0	0	0	0	0	0	0	0	0	0	0	0	0	0	0	0	0	0	0	0	0	0	0	0	0	0	0	13	92	89	123	126	22	30	95	50	93	114	114	86	127	11	29	118	118	53	87	44	127	89	109	4	117	61	50	53	83	118	54	125	114	76	83	70	18	73	66	122	51	116	70	25	125	78	124	103	31
0	0	0	0	0	0	0	0	0	0	0	0	0	0	0	0	0	0	0	0	0	0	0	0	0	0	0	0	0	0	0	0	0	0	0	0	0	0	0	0	0	0	0	0	0	0	0	0	0	0	0	0	0	0	0	0	0	0	0	0	0	0	0	0	0	0	0	0	0	0	0	0	0	0	0	0	0	0	0	78	92	104	57	20	73	99	126	30	44	6	119	3	111	32	14	15	51	42	51	95	37	47	17	34	16	58	126	90	122	96	1	87	43	58	91	67	39	80	26	47	31	15	107	91	79	40	126	15
0	0	0	0	0	0	0	0	0	0	0	0	0	0	0	0	0	0	0	0	0	0	0	0	0	0	0	0	0	0	0	0	0	0	0	0	0	0	0	0	0	0	0	0	0	0	0	0	0	0	0	0	0	0	0	0	0	0	0	0	0	0	0	0	0	0	0	0	0	0	0	0	0	0	0	0	0	0	0	0	2	102	94	75	22	116	26	66	89	78	83	119	1	82	43	47	12	89	117	11	113	117	116	93	71	62	68	115	61	95	115	104	97	43	89	109	10	127	79	92	111	75	11	45	50	20	57	22
0	0	0	0	0	0	0	0	0	0	0	0	0	0	0	0	0	0	0	0	0	0	0	0	0	0	0	0	0	0	0	0	0	0	0	0	0	0	0	0	0	0	0	0	0	0	0	0	0	0	0	0	0	0	0	0	0	0	0	0	0	0	0	0	0	0	0	0	0	0	0	0	0	0	0	0	0	0	0	0	0	44	68	117	64	58	36	15	40	86	84	19	15	32	5	108	80	106	30	96	18	27	123	118	33	73	27	92	2	24	81	45	45	34	64	95	36	75	122	115	114	106	77	97	37	101	48	89
0	0	0	0	0	0	0	0	0	0	0	0	0	0	0	0	0	0	0	0	0	0	0	0	0	0	0	0	0	0	0	0	0	0	0	0	0	0	0	0	0	0	0	0	0	0	0	0	0	0	0	0	0	0	0	0	0	0	0	0	0	0	0	0	0	0	0	0	0	0	0	0	0	0	0	0	0	0	0	0	0	0	46	24	80	6	42	75	47	61	13	99	87	13	41	21	89	91	71	72	111	33	64	114	121	12	77	35	54	70	76	22	52	122	18	84	3	79	23	96	2	53	122	104	120	91	4	128
0	0	0	0	0	0	0	0	0	0	0	0	0	0	0	0	0	0	0	0	0	0	0	0	0	0	0	0	0	0	0	0	0	0	0	0	0	0	0	0	0	0	0	0	0	0	0	0	0	0	0	0	0	0	0	0	0	0	0	0	0	0	0	0	0	0	0	0	0	0	0	0	0	0	0	0	0	0	0	0	0	0	0	56	110	78	15	128	98	20	57	103	122	16	73	52	42	61	41	105	34	82	80	106	8	48	107	113	79	34	50	86	91	63	77	98	93	61	61	75	119	26	76	4	83	32	61	71
0	0	0	0	0	0	0	0	0	0	0	0	0	0	0	0	0	0	0	0	0	0	0	0	0	0	0	0	0	0	0	0	0	0	0	0	0	0	0	0	0	0	0	0	0	0	0	0	0	0	0	0	0	0	0	0	0	0	0	0	0	0	0	0	0	0	0	0	0	0	0	0	0	0	0	0	0	0	0	0	0	0	0	0	123	23	4	60	124	42	16	14	87	50	60	78	11	105	71	56	18	61	78	67	78	53	109	112	26	62	11	96	54	16	66	5	12	126	29	89	97	82	52	14	35	66	74	38
0	0	0	0	0	0	0	0	0	0	0	0	0	0	0	0	0	0	0	0	0	0	0	0	0	0	0	0	0	0	0	0	0	0	0	0	0	0	0	0	0	0	0	0	0	0	0	0	0	0	0	0	0	0	0	0	0	0	0	0	0	0	0	0	0	0	0	0	0	0	0	0	0	0	0	0	0	0	0	0	0	0	0	0	0	9	7	48	95	109	25	91	84	95	63	14	84	97	20	38	110	51	33	40	122	4	68	2	77	14	17	100	123	44	59	6	92	77	11	127	65	67	91	80	14	54	63	93
0	0	0	0	0	0	0	0	0	0	0	0	0	0	0	0	0	0	0	0	0	0	0	0	0	0	0	0	0	0	0	0	0	0	0	0	0	0	0	0	0	0	0	0	0	0	0	0	0	0	0	0	0	0	0	0	0	0	0	0	0	0	0	0	0	0	0	0	0	0	0	0	0	0	0	0	0	0	0	0	0	0	0	0	0	0	114	107	97	75	61	16	68	43	58	64	127	78	2	51	98	57	128	63	50	69	56	94	118	27	46	67	92	24	81	55	43	109	64	85	44	94	8	46	42	62	88	84
0	0	0	0	0	0	0	0	0	0	0	0	0	0	0	0	0	0	0	0	0	0	0	0	0	0	0	0	0	0	0	0	0	0	0	0	0	0	0	0	0	0	0	0	0	0	0	0	0	0	0	0	0	0	0	0	0	0	0	0	0	0	0	0	0	0	0	0	0	0	0	0	0	0	0	0	0	0	0	0	0	0	0	0	0	0	0	62	122	78	19	52	37	29	45	13	109	44	98	103	111	89	111	28	34	76	7	46	35	120	80	62	102	92	99	59	5	23	104	42	52	123	22	46	118	60	38	45
0	0	0	0	0	0	0	0	0	0	0	0	0	0	0	0	0	0	0	0	0	0	0	0	0	0	0	0	0	0	0	0	0	0	0	0	0	0	0	0	0	0	0	0	0	0	0	0	0	0	0	0	0	0	0	0	0	0	0	0	0	0	0	0	0	0	0	0	0	0	0	0	0	0	0	0	0	0	0	0	0	0	0	0	0	0	0	0	111	86	8	117	41	14	107	75	124	92	46	117	34	122	4	66	107	19	57	112	81	27	45	31	33	9	80	77	107	55	123	113	6	63	15	42	76	2	78	23
0	0	0	0	0	0	0	0	0	0	0	0	0	0	0	0	0	0	0	0	0	0	0	0	0	0	0	0	0	0	0	0	0	0	0	0	0	0	0	0	0	0	0	0	0	0	0	0	0	0	0	0	0	0	0	0	0	0	0	0	0	0	0	0	0	0	0	0	0	0	0	0	0	0	0	0	0	0	0	0	0	0	0	0	0	0	0	0	0	7	91	73	83	67	99	84	70	79	108	110	40	60	34	9	59	66	50	35	47	102	119	49	40	80	91	35	105	62	81	127	45	68	98	21	17	45	1	90
0	0	0	0	0	0	0	0	0	0	0	0	0	0	0	0	0	0	0	0	0	0	0	0	0	0	0	0	0	0	0	0	0	0	0	0	0	0	0	0	0	0	0	0	0	0	0	0	0	0	0	0	0	0	0	0	0	0	0	0	0	0	0	0	0	0	0	0	0	0	0	0	0	0	0	0	0	0	0	0	0	0	0	0	0	0	0	0	0	0	81	44	127	75	106	65	81	73	93	111	36	122	67	52	61	54	71	28	42	43	25	19	100	16	117	118	128	48	61	109	27	83	17	62	66	95	15	100
0	0	0	0	0	0	0	0	0	0	0	0	0	0	0	0	0	0	0	0	0	0	0	0	0	0	0	0	0	0	0	0	0	0	0	0	0	0	0	0	0	0	0	0	0	0	0	0	0	0	0	0	0	0	0	0	0	0	0	0	0	0	0	0	0	0	0	0	0	0	0	0	0	0	0	0	0	0	0	0	0	0	0	0	0	0	0	0	0	0	0	10	38	123	109	93	11	121	73	76	4	20	29	43	49	88	38	106	37	22	108	59	83	5	88	76	93	119	15	9	44	35	107	41	79	121	17	31
0	0	0	0	0	0	0	0	0	0	0	0	0	0	0	0	0	0	0	0	0	0	0	0	0	0	0	0	0	0	0	0	0	0	0	0	0	0	0	0	0	0	0	0	0	0	0	0	0	0	0	0	0	0	0	0	0	0	0	0	0	0	0	0	0	0	0	0	0	0	0	0	0	0	0	0	0	0	0	0	0	0	0	0	0	0	0	0	0	0	0	0	60	89	128	98	23	45	38	58	50	36	67	75	104	85	37	13	126	125	118	121	116	110	110	122	122	58	63	88	43	22	13	71	74	86	87	125
0	0	0	0	0	0	0	0	0	0	0	0	0	0	0	0	0	0	0	0	0	0	0	0	0	0	0	0	0	0	0	0	0	0	0	0	0	0	0	0	0	0	0	0	0	0	0	0	0	0	0	0	0	0	0	0	0	0	0	0	0	0	0	0	0	0	0	0	0	0	0	0	0	0	0	0	0	0	0	0	0	0	0	0	0	0	0	0	0	0	0	0	0	13	60	56	117	57	42	111	10	79	46	15	45	1	107	23	126	99	117	124	40	30	15	38	42	10	31	56	19	34	69	87	5	62	118	109
0	0	0	0	0	0	0	0	0	0	0	0	0	0	0	0	0	0	0	0	0	0	0	0	0	0	0	0	0	0	0	0	0	0	0	0	0	0	0	0	0	0	0	0	0	0	0	0	0	0	0	0	0	0	0	0	0	0	0	0	0	0	0	0	0	0	0	0	0	0	0	0	0	0	0	0	0	0	0	0	0	0	0	0	0	0	0	0	0	0	0	0	0	0	64	53	113	47	43	124	87	113	29	33	29	1	116	87	50	75	96	115	44	103	96	8	96	45	125	78	120	46	42	59	117	127	118	82
0	0	0	0	0	0	0	0	0	0	0	0	0	0	0	0	0	0	0	0	0	0	0	0	0	0	0	0	0	0	0	0	0	0	0	0	0	0	0	0	0	0	0	0	0	0	0	0	0	0	0	0	0	0	0	0	0	0	0	0	0	0	0	0	0	0	0	0	0	0	0	0	0	0	0	0	0	0	0	0	0	0	0	0	0	0	0	0	0	0	0	0	0	0	0	5	25	118	23	71	95	118	74	126	124	90	106	54	12	111	97	20	32	85	105	96	98	47	44	29	56	69	36	75	72	91	121	78
0	0	0	0	0	0	0	0	0	0	0	0	0	0	0	0	0	0	0	0	0	0	0	0	0	0	0	0	0	0	0	0	0	0	0	0	0	0	0	0	0	0	0	0	0	0	0	0	0	0	0	0	0	0	0	0	0	0	0	0	0	0	0	0	0	0	0	0	0	0	0	0	0	0	0	0	0	0	0	0	0	0	0	0	0	0	0	0	0	0	0	0	0	0	0	0	86	81	49	39	128	38	94	95	58	78	92	35	9	119	94	76	105	42	25	81	53	106	82	117	103	104	54	48	27	36	45	44
0	0	0	0	0	0	0	0	0	0	0	0	0	0	0	0	0	0	0	0	0	0	0	0	0	0	0	0	0	0	0	0	0	0	0	0	0	0	0	0	0	0	0	0	0	0	0	0	0	0	0	0	0	0	0	0	0	0	0	0	0	0	0	0	0	0	0	0	0	0	0	0	0	0	0	0	0	0	0	0	0	0	0	0	0	0	0	0	0	0	0	0	0	0	0	0	0	51	102	35	66	22	106	84	99	83	26	5	11	22	70	60	73	62	2	32	31	22	14	100	47	119	30	30	124	75	5	100
0	0	0	0	0	0	0	0	0	0	0	0	0	0	0	0	0	0	0	0	0	0	0	0	0	0	0	0	0	0	0	0	0	0	0	0	0	0	0	0	0	0	0	0	0	0	0	0	0	0	0	0	0	0	0	0	0	0	0	0	0	0	0	0	0	0	0	0	0	0	0	0	0	0	0	0	0	0	0	0	0	0	0	0	0	0	0	0	0	0	0	0	0	0	0	0	0	0	75	59	53	79	59	38	67	56	106	72	65	104	19	2	59	53	41	124	57	56	30	90	40	103	93	39	61	104	45	120
0	0	0	0	0	0	0	0	0	0	0	0	0	0	0	0	0	0	0	0	0	0	0	0	0	0	0	0	0	0	0	0	0	0	0	0	0	0	0	0	0	0	0	0	0	0	0	0	0	0	0	0	0	0	0	0	0	0	0	0	0	0	0	0	0	0	0	0	0	0	0	0	0	0	0	0	0	0	0	0	0	0	0	0	0	0	0	0	0	0	0	0	0	0	0	0	0	0	0	10	1	38	104	60	21	1	82	72	84	22	19	122	72	98	108	56	99	121	10	26	8	35	4	60	66	1	69	85
0	0	0	0	0	0	0	0	0	0	0	0	0	0	0	0	0	0	0	0	0	0	0	0	0	0	0	0	0	0	0	0	0	0	0	0	0	0	0	0	0	0	0	0	0	0	0	0	0	0	0	0	0	0	0	0	0	0	0	0	0	0	0	0	0	0	0	0	0	0	0	0	0	0	0	0	0	0	0	0	0	0	0	0	0	0	0	0	0	0	0	0	0	0	0	0	0	0	0	0	9	101	74	127	67	31	3	109	12	126	93	92	14	59	22	56	11	67	63	10	118	82	36	26	77	78	41	20
0	0	0	0	0	0	0	0	0	0	0	0	0	0	0	0	0	0	0	0	0	0	0	0	0	0	0	0	0	0	0	0	0	0	0	0	0	0	0	0	0	0	0	0	0	0	0	0	0	0	0	0	0	0	0	0	0	0	0	0	0	0	0	0	0	0	0	0	0	0	0	0	0	0	0	0	0	0	0	0	0	0	0	0	0	0	0	0	0	0	0	0	0	0	0	0	0	0	0	0	0	27	3	22	49	56	6	15	28	47	107	56	118	77	72	111	36	93	77	113	102	125	62	2	18	31	68	119
0	0	0	0	0	0	0	0	0	0	0	0	0	0	0	0	0	0	0	0	0	0	0	0	0	0	0	0	0	0	0	0	0	0	0	0	0	0	0	0	0	0	0	0	0	0	0	0	0	0	0	0	0	0	0	0	0	0	0	0	0	0	0	0	0	0	0	0	0	0	0	0	0	0	0	0	0	0	0	0	0	0	0	0	0	0	0	0	0	0	0	0	0	0	0	0	0	0	0	0	0	0	49	27	74	98	110	36	35	77	9	91	94	94	92	107	36	118	64	34	108	31	56	16	94	31	12	85
0	0	0	0	0	0	0	0	0	0	0	0	0	0	0	0	0	0	0	0	0	0	0	0	0	0	0	0	0	0	0	0	0	0	0	0	0	0	0	0	0	0	0	0	0	0	0	0	0	0	0	0	0	0	0	0	0	0	0	0	0	0	0	0	0	0	0	0	0	0	0	0	0	0	0	0	0	0	0	0	0	0	0	0	0	0	0	0	0	0	0	0	0	0	0	0	0	0	0	0	0	0	0	31	1	110	34	109	23	84	87	64	97	68	24	50	18	19	60	11	20	114	23	115	36	7	31	36
0	0	0	0	0	0	0	0	0	0	0	0	0	0	0	0	0	0	0	0	0	0	0	0	0	0	0	0	0	0	0	0	0	0	0	0	0	0	0	0	0	0	0	0	0	0	0	0	0	0	0	0	0	0	0	0	0	0	0	0	0	0	0	0	0	0	0	0	0	0	0	0	0	0	0	0	0	0	0	0	0	0	0	0	0	0	0	0	0	0	0	0	0	0	0	0	0	0	0	0	0	0	0	0	112	78	90	63	43	36	59	20	124	45	67	23	46	123	57	4	52	121	89	71	102	90	112	66
0	0	0	0	0	0	0	0	0	0	0	0	0	0	0	0	0	0	0	0	0	0	0	0	0	0	0	0	0	0	0	0	0	0	0	0	0	0	0	0	0	0	0	0	0	0	0	0	0	0	0	0	0	0	0	0	0	0	0	0	0	0	0	0	0	0	0	0	0	0	0	0	0	0	0	0	0	0	0	0	0	0	0	0	0	0	0	0	0	0	0	0	0	0	0	0	0	0	0	0	0	0	0	0	0	83	37	65	51	109	106	82	101	70	105	83	26	98	114	18	66	113	56	18	9	124	71	14
0	0	0	0	0	0	0	0	0	0	0	0	0	0	0	0	0	0	0	0	0	0	0	0	0	0	0	0	0	0	0	0	0	0	0	0	0	0	0	0	0	0	0	0	0	0	0	0	0	0	0	0	0	0	0	0	0	0	0	0	0	0	0	0	0	0	0	0	0	0	0	0	0	0	0	0	0	0	0	0	0	0	0	0	0	0	0	0	0	0	0	0	0	0	0	0	0	0	0	0	0	0	0	0	0	0	10	65	125	26	74	64	22	3	101	16	26	95	6	93	29	71	125	79	88	63	18	26
0	0	0	0	0	0	0	0	0	0	0	0	0	0	0	0	0	0	0	0	0	0	0	0	0	0	0	0	0	0	0	0	0	0	0	0	0	0	0	0	0	0	0	0	0	0	0	0	0	0	0	0	0	0	0	0	0	0	0	0	0	0	0	0	0	0	0	0	0	0	0	0	0	0	0	0	0	0	0	0	0	0	0	0	0	0	0	0	0	0	0	0	0	0	0	0	0	0	0	0	0	0	0	0	0	0	0	34	98	52	79	97	124	124	7	97	8	69	52	45	30	39	91	67	86	75	2	67
0	0	0	0	0	0	0	0	0	0	0	0	0	0	0	0	0	0	0	0	0	0	0	0	0	0	0	0	0	0	0	0	0	0	0	0	0	0	0	0	0	0	0	0	0	0	0	0	0	0	0	0	0	0	0	0	0	0	0	0	0	0	0	0	0	0	0	0	0	0	0	0	0	0	0	0	0	0	0	0	0	0	0	0	0	0	0	0	0	0	0	0	0	0	0	0	0	0	0	0	0	0	0	0	0	0	0	0	63	12	92	76	126	81	74	63	60	124	2	103	89	24	12	30	82	17	12	58
0	0	0	0	0	0	0	0	0	0	0	0	0	0	0	0	0	0	0	0	0	0	0	0	0	0	0	0	0	0	0	0	0	0	0	0	0	0	0	0	0	0	0	0	0	0	0	0	0	0	0	0	0	0	0	0	0	0	0	0	0	0	0	0	0	0	0	0	0	0	0	0	0	0	0	0	0	0	0	0	0	0	0	0	0	0	0	0	0	0	0	0	0	0	0	0	0	0	0	0	0	0	0	0	0	0	0	0	0	45	8	26	109	52	20	108	86	36	71	108	79	83	19	82	7	8	22	27
0	0	0	0	0	0	0	0	0	0	0	0	0	0	0	0	0	0	0	0	0	0	0	0	0	0	0	0	0	0	0	0	0	0	0	0	0	0	0	0	0	0	0	0	0	0	0	0	0	0	0	0	0	0	0	0	0	0	0	0	0	0	0	0	0	0	0	0	0	0	0	0	0	0	0	0	0	0	0	0	0	0	0	0	0	0	0	0	0	0	0	0	0	0	0	0	0	0	0	0	0	0	0	0	0	0	0	0	0	0	81	96	92	37	40	98	11	74	98	101	18	77	66	41	95	107	57	22
0	0	0	0	0	0	0	0	0	0	0	0	0	0	0	0	0	0	0	0	0	0	0	0	0	0	0	0	0	0	0	0	0	0	0	0	0	0	0	0	0	0	0	0	0	0	0	0	0	0	0	0	0	0	0	0	0	0	0	0	0	0	0	0	0	0	0	0	0	0	0	0	0	0	0	0	0	0	0	0	0	0	0	0	0	0	0	0	0	0	0	0	0	0	0	0	0	0	0	0	0	0	0	0	0	0	0	0	0	0	0	55	12	106	26	29	3	13	32	47	102	6	122	107	123	56	72	29
0	0	0	0	0	0	0	0	0	0	0	0	0	0	0	0	0	0	0	0	0	0	0	0	0	0	0	0	0	0	0	0	0	0	0	0	0	0	0	0	0	0	0	0	0	0	0	0	0	0	0	0	0	0	0	0	0	0	0	0	0	0	0	0	0	0	0	0	0	0	0	0	0	0	0	0	0	0	0	0	0	0	0	0	0	0	0	0	0	0	0	0	0	0	0	0	0	0	0	0	0	0	0	0	0	0	0	0	0	0	0	0	92	125	97	113	101	5	36	59	22	17	118	105	77	128	76	59
0	0	0	0	0	0	0	0	0	0	0	0	0	0	0	0	0	0	0	0	0	0	0	0	0	0	0	0	0	0	0	0	0	0	0	0	0	0	0	0	0	0	0	0	0	0	0	0	0	0	0	0	0	0	0	0	0	0	0	0	0	0	0	0	0	0	0	0	0	0	0	0	0	0	0	0	0	0	0	0	0	0	0	0	0	0	0	0	0	0	0	0	0	0	0	0	0	0	0	0	0	0	0	0	0	0	0	0	0	0	0	0	0	124	51	28	58	52	100	113	24	121	80	13	58	102	101	75
0	0	0	0	0	0	0	0	0	0	0	0	0	0	0	0	0	0	0	0	0	0	0	0	0	0	0	0	0	0	0	0	0	0	0	0	0	0	0	0	0	0	0	0	0	0	0	0	0	0	0	0	0	0	0	0	0	0	0	0	0	0	0	0	0	0	0	0	0	0	0	0	0	0	0	0	0	0	0	0	0	0	0	0	0	0	0	0	0	0	0	0	0	0	0	0	0	0	0	0	0	0	0	0	0	0	0	0	0	0	0	0	0	0	27	106	121	45	76	128	75	123	123	26	108	122	35	97
0	0	0	0	0	0	0	0	0	0	0	0	0	0	0	0	0	0	0	0	0	0	0	0	0	0	0	0	0	0	0	0	0	0	0	0	0	0	0	0	0	0	0	0	0	0	0	0	0	0	0	0	0	0	0	0	0	0	0	0	0	0	0	0	0	0	0	0	0	0	0	0	0	0	0	0	0	0	0	0	0	0	0	0	0	0	0	0	0	0	0	0	0	0	0	0	0	0	0	0	0	0	0	0	0	0	0	0	0	0	0	0	0	0	0	104	93	56	122	94	83	4	118	110	116	18	105	10
0	0	0	0	0	0	0	0	0	0	0	0	0	0	0	0	0	0	0	0	0	0	0	0	0	0	0	0	0	0	0	0	0	0	0	0	0	0	0	0	0	0	0	0	0	0	0	0	0	0	0	0	0	0	0	0	0	0	0	0	0	0	0	0	0	0	0	0	0	0	0	0	0	0	0	0	0	0	0	0	0	0	0	0	0	0	0	0	0	0	0	0	0	0	0	0	0	0	0	0	0	0	0	0	0	0	0	0	0	0	0	0	0	0	0	0	45	23	8	66	19	49	67	45	53	49	105	52
0	0	0	0	0	0	0	0	0	0	0	0	0	0	0	0	0	0	0	0	0	0	0	0	0	0	0	0	0	0	0	0	0	0	0	0	0	0	0	0	0	0	0	0	0	0	0	0	0	0	0	0	0	0	0	0	0	0	0	0	0	0	0	0	0	0	0	0	0	0	0	0	0	0	0	0	0	0	0	0	0	0	0	0	0	0	0	0	0	0	0	0	0	0	0	0	0	0	0	0	0	0	0	0	0	0	0	0	0	0	0	0	0	0	0	0	0	56	82	44	58	73	126	15	8	115	30	26
0	0	0	0	0	0	0	0	0	0	0	0	0	0	0	0	0	0	0	0	0	0	0	0	0	0	0	0	0	0	0	0	0	0	0	0	0	0	0	0	0	0	0	0	0	0	0	0	0	0	0	0	0	0	0	0	0	0	0	0	0	0	0	0	0	0	0	0	0	0	0	0	0	0	0	0	0	0	0	0	0	0	0	0	0	0	0	0	0	0	0	0	0	0	0	0	0	0	0	0	0	0	0	0	0	0	0	0	0	0	0	0	0	0	0	0	0	0	43	19	73	63	7	93	128	1	84	111
0	0	0	0	0	0	0	0	0	0	0	0	0	0	0	0	0	0	0	0	0	0	0	0	0	0	0	0	0	0	0	0	0	0	0	0	0	0	0	0	0	0	0	0	0	0	0	0	0	0	0	0	0	0	0	0	0	0	0	0	0	0	0	0	0	0	0	0	0	0	0	0	0	0	0	0	0	0	0	0	0	0	0	0	0	0	0	0	0	0	0	0	0	0	0	0	0	0	0	0	0	0	0	0	0	0	0	0	0	0	0	0	0	0	0	0	0	0	0	57	101	67	16	27	57	71	114	62
0	0	0	0	0	0	0	0	0	0	0	0	0	0	0	0	0	0	0	0	0	0	0	0	0	0	0	0	0	0	0	0	0	0	0	0	0	0	0	0	0	0	0	0	0	0	0	0	0	0	0	0	0	0	0	0	0	0	0	0	0	0	0	0	0	0	0	0	0	0	0	0	0	0	0	0	0	0	0	0	0	0	0	0	0	0	0	0	0	0	0	0	0	0	0	0	0	0	0	0	0	0	0	0	0	0	0	0	0	0	0	0	0	0	0	0	0	0	0	0	83	32	19	41	41	112	115	5
0	0	0	0	0	0	0	0	0	0	0	0	0	0	0	0	0	0	0	0	0	0	0	0	0	0	0	0	0	0	0	0	0	0	0	0	0	0	0	0	0	0	0	0	0	0	0	0	0	0	0	0	0	0	0	0	0	0	0	0	0	0	0	0	0	0	0	0	0	0	0	0	0	0	0	0	0	0	0	0	0	0	0	0	0	0	0	0	0	0	0	0	0	0	0	0	0	0	0	0	0	0	0	0	0	0	0	0	0	0	0	0	0	0	0	0	0	0	0	0	0	127	11	1	87	80	102	94
0	0	0	0	0	0	0	0	0	0	0	0	0	0	0	0	0	0	0	0	0	0	0	0	0	0	0	0	0	0	0	0	0	0	0	0	0	0	0	0	0	0	0	0	0	0	0	0	0	0	0	0	0	0	0	0	0	0	0	0	0	0	0	0	0	0	0	0	0	0	0	0	0	0	0	0	0	0	0	0	0	0	0	0	0	0	0	0	0	0	0	0	0	0	0	0	0	0	0	0	0	0	0	0	0	0	0	0	0	0	0	0	0	0	0	0	0	0	0	0	0	0	22	42	60	41	52	11
0	0	0	0	0	0	0	0	0	0	0	0	0	0	0	0	0	0	0	0	0	0	0	0	0	0	0	0	0	0	0	0	0	0	0	0	0	0	0	0	0	0	0	0	0	0	0	0	0	0	0	0	0	0	0	0	0	0	0	0	0	0	0	0	0	0	0	0	0	0	0	0	0	0	0	0	0	0	0	0	0	0	0	0	0	0	0	0	0	0	0	0	0	0	0	0	0	0	0	0	0	0	0	0	0	0	0	0	0	0	0	0	0	0	0	0	0	0	0	0	0	0	0	105	120	21	52	100
0	0	0	0	0	0	0	0	0	0	0	0	0	0	0	0	0	0	0	0	0	0	0	0	0	0	0	0	0	0	0	0	0	0	0	0	0	0	0	0	0	0	0	0	0	0	0	0	0	0	0	0	0	0	0	0	0	0	0	0	0	0	0	0	0	0	0	0	0	0	0	0	0	0	0	0	0	0	0	0	0	0	0	0	0	0	0	0	0	0	0	0	0	0	0	0	0	0	0	0	0	0	0	0	0	0	0	0	0	0	0	0	0	0	0	0	0	0	0	0	0	0	0	0	124	65	61	95
0	0	0	0	0	0	0	0	0	0	0	0	0	0	0	0	0	0	0	0	0	0	0	0	0	0	0	0	0	0	0	0	0	0	0	0	0	0	0	0	0	0	0	0	0	0	0	0	0	0	0	0	0	0	0	0	0	0	0	0	0	0	0	0	0	0	0	0	0	0	0	0	0	0	0	0	0	0	0	0	0	0	0	0	0	0	0	0	0	0	0	0	0	0	0	0	0	0	0	0	0	0	0	0	0	0	0	0	0	0	0	0	0	0	0	0	0	0	0	0	0	0	0	0	0	109	86	86
0	0	0	0	0	0	0	0	0	0	0	0	0	0	0	0	0	0	0	0	0	0	0	0	0	0	0	0	0	0	0	0	0	0	0	0	0	0	0	0	0	0	0	0	0	0	0	0	0	0	0	0	0	0	0	0	0	0	0	0	0	0	0	0	0	0	0	0	0	0	0	0	0	0	0	0	0	0	0	0	0	0	0	0	0	0	0	0	0	0	0	0	0	0	0	0	0	0	0	0	0	0	0	0	0	0	0	0	0	0	0	0	0	0	0	0	0	0	0	0	0	0	0	0	0	0	40	111
0	0	0	0	0	0	0	0	0	0	0	0	0	0	0	0	0	0	0	0	0	0	0	0	0	0	0	0	0	0	0	0	0	0	0	0	0	0	0	0	0	0	0	0	0	0	0	0	0	0	0	0	0	0	0	0	0	0	0	0	0	0	0	0	0	0	0	0	0	0	0	0	0	0	0	0	0	0	0	0	0	0	0	0	0	0	0	0	0	0	0	0	0	0	0	0	0	0	0	0	0	0	0	0	0	0	0	0	0	0	0	0	0	0	0	0	0	0	0	0	0	0	0	0	0	0	0	85
0	0	0	0	0	0	0	0	0	0	0	0	0	0	0	0	0	0	0	0	0	0	0	0	0	0	0	0	0	0	0	0	0	0	0	0	0	0	0	0	0	0	0	0	0	0	0	0	0	0	0	0	0	0	0	0	0	0	0	0	0	0	0	0	0	0	0	0	0	0	0	0	0	0	0	0	0	0	0	0	0	0	0	0	0	0	0	0	0	0	0	0	0	0	0	0	0	0	0	0	0	0	0	0	0	0	0	0	0	0	0	0	0	0	0	0	0	0	0	0	0	0	0	0	0	0	0	0