0	18	105	60	95	74	122	28	26	113	99	96	2	49	38	25	102	13	123	98	75	51	91	52	17	103	96	50	47	105	19	110	15	9	23	90	47	80	124	115	38	39	61	118	94	85	89	28	74	53	104	83	66	111	114	41	75	104	58	116	51	70	126	56	76	95	118	79	28	108	116	13	10	80	112	76	81	87	102	51	29	55	26	88	111	43	93	14	58	47	74	123	84	61	20	67	5	83	7	87	110	86	66	80	64	8	69	91	44	32	47	70	52	115	19	101	97	120	123	108	66	72	18	47	111	68	37	1
0	0	63	87	121	127	63	57	102	117	8	123	1	26	121	103	60	120	47	78	86	126	41	42	46	47	7	69	5	31	120	63	10	17	24	110	91	52	4	41	125	4	22	65	118	108	103	1	114	65	125	22	21	62	120	73	71	99	103	66	78	19	95	126	44	123	127	65	35	59	48	97	72	3	10	103	123	33	124	100	23	3	126	60	80	77	39	81	2	80	8	8	6	40	117	58	20	97	110	118	121	25	52	115	7	17	111	1	95	50	69	62	65	27	9	36	36	63	106	61	88	70	112	21	12	12	10	36
0	0	0	106	26	30	57	68	42	97	55	25	90	12	99	37	93	31	96	117	60	25	92	65	18	65	45	34	72	121	35	22	76	71	43	34	58	101	121	40	31	9	102	47	24	80	117	52	60	90	108	72	20	125	5	62	111	21	68	96	109	50	110	59	120	9	106	104	20	92	101	120	73	30	87	43	109	86	83	88	16	76	90	100	104	103	14	24	99	72	49	58	74	78	33	24	110	45	42	46	14	32	50	15	44	75	28	57	115	122	97	123	8	44	77	78	50	61	37	96	19	122	42	92	86	119	124	71
0	0	0	0	92	67	125	127	94	84	3	5	97	26	15	9	5	23	52	49	15	42	95	48	95	108	53	108	15	85	111	40	51	35	49	44	100	34	56	102	94	91	56	64	63	107	112	124	74	106	22	40	75	45	120	105	98	92	87	10	52	81	12	16	96	60	4	113	99	97	116	54	4	85	126	85	64	33	86	60	33	78	6	122	75	88	29	59	27	70	28	94	58	117	106	31	125	79	28	17	101	59	31	99	53	101	2	127	119	73	16	68	7	98	63	38	49	84	95	11	120	95	84	67	91	77	57	122
0	0	0	0	0	27	51	93	68	55	49	85	12	27	44	11	85	93	31	40	95	96	18	16	106	12	75	74	124	39	99	84	62	74	9	125	101	73	96	23	43	14	113	5	54	19	42	103	71	7	62	74	56	24	63	67	76	95	106	72	35	108	117	73	8	37	11	90	74	117	43	46	83	93	59	56	94	4	106	94	101	86	39	121	62	101	51	29	115	111	115	71	17	80	25	58	113	16	23	4	56	127	57	12	1	32	76	79	71	105	15	69	67	122	56	11	19	17	123	87	41	12	104	108	12	27	91	86
0	0	0	0	0	0	23	45	90	62	62	3	111	19	74	47	121	68	36	101	71	104	91	48	118	57	54	56	54	16	25	123	19	13	66	18	48	122	46	8	106	91	108	75	75	120	56	51	114	26	69	92	89	7	96	19	89	49	72	58	72	27	81	127	16	23	61	60	77	24	8	17	7	108	54	12	21	10	122	78	14	75	24	47	101	18	30	61	45	91	121	51	125	79	100	91	127	57	66	37	32	23	72	46	60	59	96	114	41	77	21	91	120	80	100	86	47	17	88	89	116	122	116	97	89	77	4	16
0	0	0	0	0	0	0	72	48	53	104	63	113	19	118	77	59	66	8	91	117	65	85	61	1	49	69	79	38	31	40	99	28	40	23	72	117	48	80	1	67	117	13	80	115	18	33	75	32	50	17	6	21	71	33	28	63	43	23	46	107	127	44	45	96	19	9	89	80	9	34	112	74	128	59	87	105	12	62	122	93	92	42	115	51	67	106	52	82	37	99	26	120	119	80	127	17	123	121	5	12	34	118	117	29	74	27	98	43	80	117	105	105	34	11	50	95	70	17	105	31	24	90	25	21	110	85	65
0	0	0	0	0	0	0	0	47	39	18	5	35	90	65	55	81	58	1	102	107	126	18	62	119	70	65	128	109	58	19	65	117	78	18	82	126	37	17	124	5	63	52	16	115	106	44	104	56	80	93	98	84	67	107	88	91	56	11	97	82	113	63	111	72	108	109	50	116	28	91	105	65	51	121	5	70	127	69	106	113	97	74	33	35	75	57	80	115	108	45	95	4	83	77	49	41	124	41	41	36	64	92	95	29	113	25	70	9	78	125	50	18	18	80	113	7	71	125	36	53	4	123	31	118	88	85	82
0	0	0	0	0	0	0	0	0	58	10	80	68	62	9	43	77	79	47	107	29	69	128	122	74	108	16	13	6	107	28	91	112	89	16	82	73	67	27	72	43	4	73	79	48	85	42	38	52	83	22	102	12	6	36	82	64	82	70	71	52	22	124	37	25	53	61	99	125	58	95	7	10	6	81	1	60	54	117	28	73	59	102	54	84	88	86	37	68	85	18	64	16	33	37	114	77	56	112	102	18	88	97	127	35	97	127	45	86	107	44	33	100	43	97	101	67	31	92	116	6	116	3	109	98	1	122	37
0	0	0	0	0	0	0	0	0	0	119	85	36	78	30	105	18	106	110	4	25	34	127	78	123	109	12	42	37	127	120	101	3	107	110	5	90	128	122	58	39	83	53	72	63	48	66	95	5	22	107	78	99	57	59	97	32	110	126	122	42	31	75	92	26	55	90	116	10	89	98	98	99	60	122	24	18	13	102	26	102	64	45	48	117	121	60	90	25	48	38	67	31	116	75	34	12	126	30	89	43	81	117	17	65	108	63	58	118	74	36	33	50	73	54	42	11	126	119	32	117	52	126	92	1	77	70	17
0	0	0	0	0	0	0	0	0	0	0	27	123	3	97	126	77	120	127	125	92	124	98	89	17	86	102	71	25	55	65	116	80	8	42	78	30	45	79	50	71	57	117	54	46	119	117	72	3	84	114	100	27	114	56	57	81	8	55	32	44	13	33	19	69	20	80	91	98	15	83	87	36	36	78	4	96	48	127	18	94	57	79	126	90	98	29	26	120	80	120	67	88	24	105	33	108	123	117	88	115	55	22	25	65	114	13	118	105	71	121	5	117	71	38	100	47	45	7	87	94	102	60	28	11	15	1	93
0	0	0	0	0	0	0	0	0	0	0	0	32	37	21	36	127	108	68	49	10	114	78	51	114	29	10	37	68	13	2	67	42	42	30	55	101	113	109	26	55	41	77	98	89	121	57	30	41	24	49	113	22	62	114	95	53	109	23	33	128	123	44	75	80	72	115	89	83	42	106	120	52	89	72	125	66	19	24	115	95	90	113	27	114	114	79	5	93	107	93	105	128	63	7	37	93	41	90	55	101	97	88	87	50	14	44	76	112	43	112	91	63	98	23	92	80	97	16	122	89	89	34	31	21	119	68	89
0	0	0	0	0	0	0	0	0	0	0	0	0	30	59	106	104	19	56	128	118	127	6	122	36	14	18	46	35	3	82	34	9	125	16	119	18	76	83	6	74	74	51	70	4	40	58	99	48	9	85	104	119	51	74	9	76	122	99	108	87	73	61	124	40	43	10	18	75	39	105	82	101	109	22	36	67	59	66	50	75	93	110	24	69	96	82	34	33	78	86	84	34	13	105	47	79	116	66	120	17	7	27	113	48	35	77	49	66	71	98	78	95	120	80	25	48	9	12	87	16	76	50	96	45	113	96	40
0	0	0	0	0	0	0	0	0	0	0	0	0	0	67	30	7	27	49	110	87	20	61	109	67	107	39	70	89	77	32	102	107	36	85	15	37	115	33	42	117	18	9	105	42	27	93	30	40	74	2	94	36	45	53	3	97	86	35	38	14	28	66	74	24	66	35	23	94	28	15	104	102	89	122	113	98	113	36	126	8	93	30	70	83	114	20	2	51	75	103	106	51	62	71	49	59	63	28	40	15	118	80	106	103	105	30	84	74	94	97	99	68	70	93	77	83	99	46	10	114	70	7	16	74	51	108	92
0	0	0	0	0	0	0	0	0	0	0	0	0	0	0	46	23	127	31	84	57	108	27	124	73	18	77	103	75	23	113	41	115	75	23	86	108	29	118	11	119	85	96	70	79	13	28	111	82	39	103	20	8	21	52	98	101	74	76	39	74	34	60	101	11	64	83	6	59	37	91	92	87	72	63	74	46	61	40	111	120	55	14	68	44	9	76	47	24	30	120	49	67	81	89	1	103	67	8	77	95	34	90	81	100	108	23	107	123	101	43	98	94	124	117	18	90	106	40	36	57	2	18	34	124	101	64	41
0	0	0	0	0	0	0	0	0	0	0	0	0	0	0	0	34	78	20	84	57	114	39	126	104	77	48	44	116	108	97	29	72	8	39	22	93	65	91	86	39	21	33	52	60	41	85	7	59	120	77	75	92	90	3	62	121	27	35	24	91	60	109	106	75	48	58	58	120	31	92	108	53	116	102	78	17	60	125	8	84	15	124	35	53	121	75	4	28	25	93	101	26	87	73	66	118	12	108	73	90	112	68	21	15	75	92	72	60	59	17	70	44	17	23	43	121	114	64	28	101	34	38	53	46	114	35	67
0	0	0	0	0	0	0	0	0	0	0	0	0	0	0	0	0	67	105	84	94	72	124	21	82	68	103	53	53	74	121	83	36	119	55	70	24	62	93	56	54	23	126	110	125	68	114	91	98	109	103	31	113	98	63	8	108	92	42	102	43	69	57	103	80	109	91	23	14	101	86	45	114	117	45	8	83	40	8	61	95	109	128	89	92	7	44	14	9	115	113	109	127	86	69	52	109	69	39	36	44	44	9	52	71	48	20	101	85	46	45	33	10	3	97	10	121	39	87	13	79	33	24	61	70	18	118	73
0	0	0	0	0	0	0	0	0	0	0	0	0	0	0	0	0	0	44	58	27	66	24	128	67	108	9	55	15	87	115	6	46	23	46	79	92	71	2	24	54	93	54	72	48	13	66	81	46	8	100	106	31	83	30	24	15	56	113	85	35	96	11	15	41	2	77	33	47	59	16	6	56	55	87	42	85	2	2	98	114	20	111	121	125	125	103	8	6	114	35	112	33	28	21	6	77	114	87	39	11	56	63	29	9	105	79	120	48	4	116	118	112	28	105	83	34	125	59	52	18	69	114	125	16	104	127	116
0	0	0	0	0	0	0	0	0	0	0	0	0	0	0	0	0	0	0	117	115	80	84	55	60	101	16	61	56	123	104	83	119	65	64	101	45	94	48	38	39	32	49	128	67	3	39	107	117	111	70	108	6	124	79	102	94	66	64	103	55	124	88	90	33	120	80	32	124	90	23	118	88	10	80	9	40	118	39	65	8	35	108	12	80	119	74	29	78	56	3	72	35	39	126	41	8	112	29	91	119	38	64	34	42	77	24	88	77	109	33	84	61	102	31	5	49	42	77	86	61	109	52	38	76	41	98	92
0	0	0	0	0	0	0	0	0	0	0	0	0	0	0	0	0	0	0	0	97	6	42	12	66	36	100	55	21	82	57	2	101	96	34	31	48	76	57	111	1	89	28	44	44	87	42	91	78	64	101	89	47	41	46	54	59	9	38	91	62	74	107	50	57	95	30	116	38	49	86	126	99	93	73	47	21	109	123	61	40	101	39	55	80	76	17	28	66	14	67	78	38	41	52	83	50	117	36	115	95	22	107	67	59	1	51	43	74	98	128	6	71	53	34	126	44	6	22	4	69	114	115	91	121	87	125	61
0	0	0	0	0	0	0	0	0	0	0	0	0	0	0	0	0	0	0	0	0	108	32	53	24	80	63	10	25	6	71	85	8	128	23	77	9	24	5	42	30	121	88	27	28	119	89	88	94	22	51	54	57	95	112	124	122	75	31	39	41	83	65	125	57	48	28	74	3	123	102	126	57	44	72	33	119	105	10	104	90	15	39	111	122	102	25	23	112	92	44	119	18	64	17	86	78	59	24	28	67	108	39	84	121	121	35	85	37	127	31	126	37	61	59	104	45	101	115	124	119	51	78	42	113	36	65	66
0	0	0	0	0	0	0	0	0	0	0	0	0	0	0	0	0	0	0	0	0	0	35	93	60	4	98	85	58	102	11	25	100	122	1	88	2	86	55	61	43	112	86	14	102	104	52	121	60	88	8	112	9	113	31	59	108	50	43	92	62	64	37	54	24	9	29	8	56	44	72	46	36	2	11	119	45	81	71	78	76	22	4	114	104	27	80	43	95	55	124	112	98	67	92	107	13	69	64	96	124	100	40	81	17	95	27	9	110	11	49	61	81	94	91	95	60	119	22	96	128	49	64	107	10	68	57	72
0	0	0	0	0	0	0	0	0	0	0	0	0	0	0	0	0	0	0	0	0	0	0	81	30	35	9	95	5	7	126	1	54	23	25	90	90	37	61	72	17	116	71	57	59	11	34	13	93	63	6	67	6	71	121	37	51	116	123	121	57	75	18	23	27	56	59	122	101	85	115	34	56	77	90	109	120	57	25	14	79	19	61	82	7	27	103	33	23	60	5	116	38	98	93	114	75	27	80	112	34	75	101	45	46	10	117	110	37	93	84	64	62	13	14	15	59	100	123	86	91	79	105	49	77	126	71	55
0	0	0	0	0	0	0	0	0	0	0	0	0	0	0	0	0	0	0	0	0	0	0	0	95	16	122	128	93	42	48	56	105	3	91	23	49	50	59	22	39	77	27	4	10	117	45	94	92	87	124	21	121	2	44	8	50	79	82	113	123	79	79	122	92	9	99	84	29	119	21	127	88	68	102	70	71	126	22	107	65	70	75	65	64	108	36	54	59	103	86	11	76	65	15	82	9	3	55	15	34	46	52	50	83	69	7	6	120	13	7	23	19	6	101	106	93	111	3	27	72	84	77	66	35	116	9	73
0	0	0	0	0	0	0	0	0	0	0	0	0	0	0	0	0	0	0	0	0	0	0	0	0	81	94	43	91	118	46	37	52	75	117	74	106	72	47	28	50	5	22	100	100	86	73	65	7	121	17	50	64	122	85	12	86	107	33	92	24	76	28	80	46	100	42	115	111	40	9	8	113	48	9	103	6	110	52	117	24	45	78	4	72	103	64	104	65	113	53	92	75	118	40	18	60	43	82	29	127	39	9	82	37	106	37	128	125	107	76	101	74	7	111	121	14	6	53	73	1	54	80	2	75	117	92	26
0	0	0	0	0	0	0	0	0	0	0	0	0	0	0	0	0	0	0	0	0	0	0	0	0	0	49	35	114	97	99	22	68	21	55	88	102	59	34	98	83	68	120	98	68	72	93	41	75	61	39	109	85	128	61	75	78	23	35	123	89	110	86	45	45	126	98	42	2	91	14	72	62	20	11	59	30	79	106	113	107	4	109	93	119	69	49	85	108	81	62	36	6	76	15	75	33	16	112	102	56	17	50	105	88	18	14	100	89	91	10	105	7	100	126	123	112	115	121	61	75	67	54	127	71	23	66	93
0	0	0	0	0	0	0	0	0	0	0	0	0	0	0	0	0	0	0	0	0	0	0	0	0	0	0	90	1	33	111	31	89	122	87	104	62	116	28	77	39	94	32	78	91	85	59	22	89	56	13	48	112	128	23	44	106	32	52	112	21	41	59	123	32	53	122	101	119	59	13	58	111	2	92	67	88	117	72	13	65	29	118	65	123	3	26	127	102	111	92	41	29	125	91	20	127	53	70	126	119	19	71	66	121	110	115	84	69	59	97	33	12	113	25	41	71	44	83	104	1	16	22	120	66	110	16	40
0	0	0	0	0	0	0	0	0	0	0	0	0	0	0	0	0	0	0	0	0	0	0	0	0	0	0	0	50	13	109	48	52	34	73	101	76	78	107	25	17	54	123	78	100	49	74	72	97	56	56	48	4	57	74	52	91	28	102	74	93	92	77	28	124	36	53	99	97	30	108	122	44	49	14	83	104	10	6	59	23	66	31	76	41	35	16	21	86	62	58	53	114	56	28	44	38	52	63	77	19	39	11	45	50	50	73	82	6	60	108	10	122	18	11	45	2	115	79	76	40	57	40	84	95	122	49	113
0	0	0	0	0	0	0	0	0	0	0	0	0	0	0	0	0	0	0	0	0	0	0	0	0	0	0	0	0	101	25	46	13	94	109	62	58	128	16	100	21	77	59	102	106	99	51	122	81	100	58	30	93	120	28	99	41	22	115	32	11	81	12	31	33	125	80	9	32	43	3	104	85	24	126	63	124	87	12	62	53	113	28	57	114	29	94	49	7	106	127	45	34	98	66	38	4	15	82	80	121	48	111	122	78	34	68	87	81	101	90	114	72	95	110	64	62	101	25	61	114	42	116	21	17	40	13	70
0	0	0	0	0	0	0	0	0	0	0	0	0	0	0	0	0	0	0	0	0	0	0	0	0	0	0	0	0	0	54	12	81	90	74	11	40	74	45	67	123	13	50	122	119	51	2	78	3	120	105	96	80	41	85	89	47	70	42	71	113	110	92	91	104	85	74	125	100	54	71	4	128	108	35	14	36	59	32	109	50	71	39	106	102	108	67	28	97	55	56	14	4	109	73	121	26	118	37	68	63	13	106	27	64	17	69	62	35	92	5	46	119	110	51	94	28	48	69	11	12	8	101	34	101	82	70	16
0	0	0	0	0	0	0	0	0	0	0	0	0	0	0	0	0	0	0	0	0	0	0	0	0	0	0	0	0	0	0	104	52	106	5	71	31	77	56	81	81	127	24	58	19	85	73	110	86	82	27	67	87	116	89	80	82	37	50	6	84	33	87	76	84	8	35	72	45	38	45	60	55	6	2	84	7	124	38	39	20	55	70	17	121	32	18	49	86	60	22	30	46	22	100	51	67	92	40	99	47	95	69	16	120	8	33	115	103	21	60	104	56	9	2	107	41	15	22	122	95	89	45	91	108	123	120	52
0	0	0	0	0	0	0	0	0	0	0	0	0	0	0	0	0	0	0	0	0	0	0	0	0	0	0	0	0	0	0	0	10	3	100	71	69	45	70	98	55	8	112	67	28	91	100	98	124	19	98	11	49	1	127	11	100	21	74	31	9	119	52	113	117	66	56	85	43	2	59	54	121	92	94	80	31	100	102	104	4	43	38	119	109	70	31	75	68	12	32	71	27	35	81	96	128	33	108	78	93	22	45	31	84	53	16	75	103	46	53	13	121	36	32	16	121	16	23	88	54	76	80	5	15	18	12	23
0	0	0	0	0	0	0	0	0	0	0	0	0	0	0	0	0	0	0	0	0	0	0	0	0	0	0	0	0	0	0	0	0	126	31	90	38	112	104	100	81	124	54	104	38	120	61	75	104	69	12	53	120	77	13	127	86	109	44	73	124	52	4	16	22	6	43	64	101	67	80	12	23	11	98	113	103	10	7	67	58	69	46	33	125	128	81	53	23	4	90	8	64	68	21	12	116	36	63	11	16	15	23	84	6	8	51	78	43	118	103	86	33	42	77	92	82	5	101	11	13	28	12	121	40	78	41	85
0	0	0	0	0	0	0	0	0	0	0	0	0	0	0	0	0	0	0	0	0	0	0	0	0	0	0	0	0	0	0	0	0	0	44	46	99	104	60	127	43	75	22	85	100	86	13	60	88	63	108	25	128	123	33	47	123	113	25	28	3	5	69	79	24	39	75	75	94	13	3	37	34	106	70	46	43	50	102	67	54	47	81	126	38	12	35	42	78	23	69	26	28	53	4	52	77	89	74	49	100	103	3	80	51	56	62	93	83	113	49	91	101	94	94	52	14	38	107	20	64	85	111	108	64	3	96	92
0	0	0	0	0	0	0	0	0	0	0	0	0	0	0	0	0	0	0	0	0	0	0	0	0	0	0	0	0	0	0	0	0	0	0	116	101	97	53	105	115	112	58	114	111	26	88	18	52	42	77	78	38	43	128	81	125	4	98	128	83	76	87	101	29	23	42	8	34	84	99	19	74	49	13	55	8	31	29	65	67	98	113	20	56	33	50	27	73	81	112	123	41	74	66	79	116	97	80	19	15	36	127	8	72	12	24	45	21	36	107	20	7	67	11	118	5	96	101	101	41	58	94	28	95	25	9	21
0	0	0	0	0	0	0	0	0	0	0	0	0	0	0	0	0	0	0	0	0	0	0	0	0	0	0	0	0	0	0	0	0	0	0	0	14	124	2	10	121	96	51	108	3	25	103	21	40	67	105	32	44	52	56	11	105	51	51	77	118	66	74	113	124	54	128	121	82	73	117	4	119	96	60	85	94	14	84	31	51	41	107	94	87	23	33	35	77	120	71	34	113	1	45	72	72	25	94	53	57	25	22	44	63	92	126	72	107	47	41	49	78	66	90	91	29	37	78	63	31	95	55	86	80	72	39	96
0	0	0	0	0	0	0	0	0	0	0	0	0	0	0	0	0	0	0	0	0	0	0	0	0	0	0	0	0	0	0	0	0	0	0	0	0	41	57	99	82	105	65	72	81	123	61	6	111	77	101	7	88	64	114	8	45	65	65	119	81	127	39	109	79	70	70	97	84	103	125	30	101	125	92	118	51	31	73	89	13	97	38	5	6	22	90	43	43	104	107	23	45	12	48	60	103	92	41	67	82	75	73	1	58	124	81	123	19	81	122	9	22	34	34	29	8	90	44	20	68	70	60	113	117	123	105	126
0	0	0	0	0	0	0	0	0	0	0	0	0	0	0	0	0	0	0	0	0	0	0	0	0	0	0	0	0	0	0	0	0	0	0	0	0	0	112	80	92	73	44	18	6	65	40	10	82	104	104	76	15	8	62	42	103	45	113	44	10	49	24	55	29	125	81	92	78	71	57	94	7	57	10	103	118	71	117	128	89	81	37	68	117	39	75	110	119	72	64	93	81	73	48	98	92	73	33	127	84	31	3	65	6	62	43	10	98	125	39	37	116	35	75	60	47	67	13	16	35	33	110	24	12	122	64	120
0	0	0	0	0	0	0	0	0	0	0	0	0	0	0	0	0	0	0	0	0	0	0	0	0	0	0	0	0	0	0	0	0	0	0	0	0	0	0	111	34	103	33	44	48	54	94	4	8	128	11	81	39	27	114	101	92	94	128	48	24	6	80	117	77	67	24	108	100	124	28	118	105	35	32	110	29	97	97	116	75	83	34	128	25	107	27	14	53	26	65	83	16	63	54	89	28	28	30	68	19	25	41	89	99	119	7	127	22	4	50	97	83	95	126	38	45	119	78	55	51	1	125	20	105	81	2	61
0	0	0	0	0	0	0	0	0	0	0	0	0	0	0	0	0	0	0	0	0	0	0	0	0	0	0	0	0	0	0	0	0	0	0	0	0	0	0	0	3	9	61	103	69	48	45	23	36	110	92	111	33	103	13	114	36	85	45	72	7	45	46	93	66	112	4	71	50	10	120	96	53	71	102	3	24	30	104	47	4	98	113	120	124	7	63	59	72	75	98	61	88	20	115	87	45	81	31	41	51	59	70	111	62	114	10	16	7	112	26	32	46	13	28	89	35	7	74	95	4	59	108	62	34	79	110	59
0	0	0	0	0	0	0	0	0	0	0	0	0	0	0	0	0	0	0	0	0	0	0	0	0	0	0	0	0	0	0	0	0	0	0	0	0	0	0	0	0	128	65	25	105	11	33	128	9	53	106	12	44	4	81	78	64	120	68	105	79	83	92	70	88	12	33	109	32	11	59	18	89	122	7	53	99	80	35	119	114	20	111	35	56	122	18	89	94	99	64	25	34	105	9	99	54	26	118	116	78	33	124	73	56	117	40	37	95	63	13	107	29	20	69	68	106	45	93	89	100	110	10	48	87	73	64	65
0	0	0	0	0	0	0	0	0	0	0	0	0	0	0	0	0	0	0	0	0	0	0	0	0	0	0	0	0	0	0	0	0	0	0	0	0	0	0	0	0	0	15	105	32	37	5	90	13	17	12	79	29	87	87	61	2	25	117	100	59	122	8	21	12	107	91	85	44	121	54	82	31	119	42	104	54	87	8	66	18	63	45	47	44	80	84	71	10	99	24	38	56	122	17	89	26	98	78	125	120	123	27	69	107	92	31	119	61	111	56	27	55	47	26	14	120	106	3	59	85	19	118	125	78	72	67	46
0	0	0	0	0	0	0	0	0	0	0	0	0	0	0	0	0	0	0	0	0	0	0	0	0	0	0	0	0	0	0	0	0	0	0	0	0	0	0	0	0	0	0	32	103	23	24	106	41	111	70	4	109	17	70	76	21	29	22	40	125	67	110	5	97	10	73	14	110	97	29	95	23	110	126	6	104	100	15	53	10	38	108	14	128	43	19	48	46	77	77	105	104	86	106	126	124	79	113	24	74	73	33	92	46	93	83	71	104	96	100	106	109	112	68	87	67	128	113	93	125	82	56	71	73	113	14	36
0	0	0	0	0	0	0	0	0	0	0	0	0	0	0	0	0	0	0	0	0	0	0	0	0	0	0	0	0	0	0	0	0	0	0	0	0	0	0	0	0	0	0	0	116	41	41	15	77	1	8	4	17	30	23	60	117	87	24	128	125	3	74	32	41	26	120	88	57	122	8	106	51	50	112	6	61	98	8	47	23	38	83	44	4	52	15	31	29	51	29	9	56	92	18	70	91	42	61	96	93	27	86	119	103	17	7	76	87	63	63	126	31	88	5	35	68	65	39	90	45	124	54	24	75	82	123	20
0	0	0	0	0	0	0	0	0	0	0	0	0	0	0	0	0	0	0	0	0	0	0	0	0	0	0	0	0	0	0	0	0	0	0	0	0	0	0	0	0	0	0	0	0	99	61	71	39	89	36	76	22	81	125	62	62	106	74	102	77	20	96	88	94	13	82	21	89	5	30	26	126	31	12	106	128	6	39	40	55	63	35	62	79	116	61	8	72	44	97	102	9	40	14	91	45	5	80	16	2	90	39	123	97	114	60	62	91	99	59	26	46	10	40	54	126	124	49	19	122	8	22	26	20	119	114	50
0	0	0	0	0	0	0	0	0	0	0	0	0	0	0	0	0	0	0	0	0	0	0	0	0	0	0	0	0	0	0	0	0	0	0	0	0	0	0	0	0	0	0	0	0	0	58	42	75	111	12	107	100	72	60	21	119	81	80	52	39	41	126	61	11	52	120	128	101	44	14	32	46	12	6	88	21	125	53	2	75	54	72	111	67	24	81	63	9	58	94	75	30	40	125	54	88	91	82	6	104	57	21	80	14	125	61	100	31	15	52	3	106	75	56	103	22	20	71	45	101	67	21	76	108	98	108	72
0	0	0	0	0	0	0	0	0	0	0	0	0	0	0	0	0	0	0	0	0	0	0	0	0	0	0	0	0	0	0	0	0	0	0	0	0	0	0	0	0	0	0	0	0	0	0	26	93	48	84	3	28	20	104	23	97	121	82	108	98	73	52	110	68	45	92	108	78	119	19	43	26	81	47	48	55	3	34	61	106	19	96	93	53	74	11	120	21	74	52	1	66	103	29	75	41	10	3	61	113	73	120	106	30	116	34	96	5	47	40	79	16	78	89	75	17	63	91	19	128	60	109	35	1	13	20	116
0	0	0	0	0	0	0	0	0	0	0	0	0	0	0	0	0	0	0	0	0	0	0	0	0	0	0	0	0	0	0	0	0	0	0	0	0	0	0	0	0	0	0	0	0	0	0	0	62	92	111	14	37	16	65	50	123	53	96	111	92	98	89	25	5	51	111	71	22	49	60	111	36	81	115	40	50	119	110	48	30	37	120	127	10	14	4	57	34	122	1	126	18	60	5	22	2	83	1	16	59	85	74	44	23	18	123	7	47	93	71	66	107	35	12	71	67	18	122	74	32	118	92	63	22	94	17	112
0	0	0	0	0	0	0	0	0	0	0	0	0	0	0	0	0	0	0	0	0	0	0	0	0	0	0	0	0	0	0	0	0	0	0	0	0	0	0	0	0	0	0	0	0	0	0	0	0	115	3	30	80	101	74	10	113	43	59	100	114	86	72	93	8	43	11	100	107	56	48	9	7	72	68	91	115	60	58	94	67	35	14	16	73	62	121	19	8	124	30	98	24	62	27	82	88	127	1	20	84	42	14	69	109	94	43	1	12	78	88	20	126	56	14	21	59	105	82	36	94	49	126	88	87	115	55	23
0	0	0	0	0	0	0	0	0	0	0	0	0	0	0	0	0	0	0	0	0	0	0	0	0	0	0	0	0	0	0	0	0	0	0	0	0	0	0	0	0	0	0	0	0	0	0	0	0	0	58	22	45	119	126	11	7	7	24	108	43	5	111	42	17	79	19	52	12	93	120	23	111	59	100	94	76	12	27	54	60	59	31	30	4	75	107	92	21	82	60	106	10	3	45	20	8	5	69	86	71	82	112	65	44	77	27	23	120	15	4	114	112	127	127	49	59	95	110	26	12	36	24	92	122	6	58	115
0	0	0	0	0	0	0	0	0	0	0	0	0	0	0	0	0	0	0	0	0	0	0	0	0	0	0	0	0	0	0	0	0	0	0	0	0	0	0	0	0	0	0	0	0	0	0	0	0	0	0	23	78	2	121	128	9	100	122	49	66	32	113	90	6	45	20	80	122	124	55	63	123	99	6	89	43	102	16	104	76	52	117	118	82	35	88	10	39	99	4	96	74	52	65	70	74	5	32	109	16	11	58	4	59	61	12	107	34	2	92	78	125	20	86	32	87	69	54	94	96	50	118	20	103	109	27	14
0	0	0	0	0	0	0	0	0	0	0	0	0	0	0	0	0	0	0	0	0	0	0	0	0	0	0	0	0	0	0	0	0	0	0	0	0	0	0	0	0	0	0	0	0	0	0	0	0	0	0	0	126	16	65	100	125	113	41	70	58	101	128	66	87	106	59	5	113	58	95	112	35	42	81	55	104	17	21	96	59	65	13	8	124	62	104	123	125	114	5	32	56	40	115	23	74	12	75	14	98	74	64	50	11	15	75	46	107	52	8	38	97	68	36	94	29	61	53	31	88	53	30	87	32	72	67	121
0	0	0	0	0	0	0	0	0	0	0	0	0	0	0	0	0	0	0	0	0	0	0	0	0	0	0	0	0	0	0	0	0	0	0	0	0	0	0	0	0	0	0	0	0	0	0	0	0	0	0	0	0	51	128	17	119	43	28	22	35	62	68	8	58	3	11	80	112	86	35	3	93	64	13	52	122	87	64	78	50	20	18	41	37	61	58	84	49	77	80	96	67	57	79	26	81	82	58	58	3	121	27	25	17	95	14	98	62	79	32	4	57	33	112	80	85	62	14	7	67	29	88	111	49	9	97	45
0	0	0	0	0	0	0	0	0	0	0	0	0	0	0	0	0	0	0	0	0	0	0	0	0	0	0	0	0	0	0	0	0	0	0	0	0	0	0	0	0	0	0	0	0	0	0	0	0	0	0	0	0	0	10	69	69	107	42	116	116	8	90	48	14	57	108	10	108	120	35	58	57	15	67	59	114	122	98	4	109	46	126	98	110	42	113	95	40	99	15	110	120	92	112	48	114	128	84	61	17	108	79	94	42	92	72	23	30	67	36	118	87	7	101	50	4	15	78	72	25	102	82	35	73	89	92	109
0	0	0	0	0	0	0	0	0	0	0	0	0	0	0	0	0	0	0	0	0	0	0	0	0	0	0	0	0	0	0	0	0	0	0	0	0	0	0	0	0	0	0	0	0	0	0	0	0	0	0	0	0	0	0	42	117	106	27	109	97	115	116	30	36	63	106	74	43	49	35	14	56	50	116	20	45	57	18	5	88	3	92	54	7	72	26	20	127	89	52	12	81	70	5	9	100	90	115	97	114	57	2	54	84	1	52	101	1	24	20	38	57	63	25	107	11	30	96	10	17	25	35	3	121	60	95	106
0	0	0	0	0	0	0	0	0	0	0	0	0	0	0	0	0	0	0	0	0	0	0	0	0	0	0	0	0	0	0	0	0	0	0	0	0	0	0	0	0	0	0	0	0	0	0	0	0	0	0	0	0	0	0	0	112	119	13	85	3	96	110	95	91	34	90	123	71	11	103	93	99	121	64	124	43	2	67	73	43	12	46	31	69	45	120	89	4	74	33	16	33	8	110	125	38	13	52	84	44	126	99	114	68	28	109	89	110	86	100	94	110	2	100	51	77	25	109	4	119	109	16	121	21	55	54	83
0	0	0	0	0	0	0	0	0	0	0	0	0	0	0	0	0	0	0	0	0	0	0	0	0	0	0	0	0	0	0	0	0	0	0	0	0	0	0	0	0	0	0	0	0	0	0	0	0	0	0	0	0	0	0	0	0	60	10	17	117	46	72	16	18	122	38	128	62	20	11	76	5	8	80	17	15	80	86	14	110	71	43	124	113	59	60	53	105	48	38	19	81	54	69	12	25	21	4	34	50	54	117	21	116	18	64	36	91	86	63	61	79	32	101	55	118	56	96	64	104	17	51	104	29	87	34	51
0	0	0	0	0	0	0	0	0	0	0	0	0	0	0	0	0	0	0	0	0	0	0	0	0	0	0	0	0	0	0	0	0	0	0	0	0	0	0	0	0	0	0	0	0	0	0	0	0	0	0	0	0	0	0	0	0	0	105	24	93	51	93	11	69	20	28	14	59	95	57	109	125	12	71	69	4	5	102	29	104	70	12	60	10	23	43	79	26	42	104	122	50	16	48	85	62	19	128	80	93	113	12	34	122	40	58	123	117	1	69	16	49	92	76	44	31	67	73	18	82	62	90	9	107	56	9	120
0	0	0	0	0	0	0	0	0	0	0	0	0	0	0	0	0	0	0	0	0	0	0	0	0	0	0	0	0	0	0	0	0	0	0	0	0	0	0	0	0	0	0	0	0	0	0	0	0	0	0	0	0	0	0	0	0	0	0	86	16	20	6	99	61	49	81	70	72	113	60	114	30	1	84	17	37	21	24	68	34	111	62	22	1	126	76	74	86	81	101	45	76	37	46	15	94	60	107	11	105	46	128	39	51	125	60	92	96	101	67	98	81	91	22	64	83	32	108	75	27	122	53	94	83	116	126	17
0	0	0	0	0	0	0	0	0	0	0	0	0	0	0	0	0	0	0	0	0	0	0	0	0	0	0	0	0	0	0	0	0	0	0	0	0	0	0	0	0	0	0	0	0	0	0	0	0	0	0	0	0	0	0	0	0	0	0	0	112	112	23	70	24	67	96	28	80	77	112	30	1	123	47	38	84	94	93	62	98	112	40	64	12	16	87	13	6	90	16	49	5	51	123	69	95	85	43	127	114	46	6	96	103	52	35	126	77	66	95	78	73	98	52	92	47	71	1	95	95	101	113	60	39	116	4	110
0	0	0	0	0	0	0	0	0	0	0	0	0	0	0	0	0	0	0	0	0	0	0	0	0	0	0	0	0	0	0	0	0	0	0	0	0	0	0	0	0	0	0	0	0	0	0	0	0	0	0	0	0	0	0	0	0	0	0	0	0	86	128	96	72	85	56	95	69	50	36	12	102	124	88	90	56	34	123	88	43	15	61	109	26	126	78	107	52	96	13	56	51	20	107	77	10	126	98	65	29	23	72	116	8	71	114	72	97	2	94	106	48	4	87	126	10	34	18	114	5	55	53	27	27	18	108	57
0	0	0	0	0	0	0	0	0	0	0	0	0	0	0	0	0	0	0	0	0	0	0	0	0	0	0	0	0	0	0	0	0	0	0	0	0	0	0	0	0	0	0	0	0	0	0	0	0	0	0	0	0	0	0	0	0	0	0	0	0	0	24	58	105	42	67	105	97	59	29	8	116	42	42	84	79	69	106	106	51	39	34	40	53	128	21	105	103	29	22	33	45	111	26	107	64	53	118	37	87	52	90	75	93	26	61	79	37	111	35	13	77	122	37	95	34	34	113	88	128	26	121	128	120	31	87	65
0	0	0	0	0	0	0	0	0	0	0	0	0	0	0	0	0	0	0	0	0	0	0	0	0	0	0	0	0	0	0	0	0	0	0	0	0	0	0	0	0	0	0	0	0	0	0	0	0	0	0	0	0	0	0	0	0	0	0	0	0	0	0	75	56	90	32	119	78	11	40	47	73	92	15	65	31	6	107	74	26	21	3	57	5	54	58	69	85	96	8	18	31	40	62	89	48	91	105	105	49	11	117	70	24	88	118	126	23	32	2	37	12	12	18	71	60	64	47	2	88	44	28	49	48	112	31	71
0	0	0	0	0	0	0	0	0	0	0	0	0	0	0	0	0	0	0	0	0	0	0	0	0	0	0	0	0	0	0	0	0	0	0	0	0	0	0	0	0	0	0	0	0	0	0	0	0	0	0	0	0	0	0	0	0	0	0	0	0	0	0	0	5	72	19	95	100	34	24	81	7	72	56	45	118	119	2	112	5	68	71	74	79	53	116	96	23	90	1	104	73	35	25	79	117	5	47	26	38	20	82	77	77	107	67	84	110	70	115	80	39	115	75	26	28	87	92	80	48	77	86	20	83	72	25	40
0	0	0	0	0	0	0	0	0	0	0	0	0	0	0	0	0	0	0	0	0	0	0	0	0	0	0	0	0	0	0	0	0	0	0	0	0	0	0	0	0	0	0	0	0	0	0	0	0	0	0	0	0	0	0	0	0	0	0	0	0	0	0	0	0	59	24	40	41	86	12	37	35	120	47	29	34	49	60	74	48	114	95	125	24	57	44	61	91	41	7	104	84	72	41	3	63	63	114	82	93	75	74	69	38	110	122	30	104	94	82	85	84	12	114	78	58	40	61	29	61	31	36	86	48	69	49	117
0	0	0	0	0	0	0	0	0	0	0	0	0	0	0	0	0	0	0	0	0	0	0	0	0	0	0	0	0	0	0	0	0	0	0	0	0	0	0	0	0	0	0	0	0	0	0	0	0	0	0	0	0	0	0	0	0	0	0	0	0	0	0	0	0	0	82	121	115	53	50	50	61	78	66	128	18	126	55	91	14	61	19	91	85	53	71	76	127	122	36	83	28	41	40	76	95	39	51	99	113	6	121	116	89	96	81	38	33	7	51	80	126	95	74	112	73	106	17	117	71	105	37	98	33	26	104	124
0	0	0	0	0	0	0	0	0	0	0	0	0	0	0	0	0	0	0	0	0	0	0	0	0	0	0	0	0	0	0	0	0	0	0	0	0	0	0	0	0	0	0	0	0	0	0	0	0	0	0	0	0	0	0	0	0	0	0	0	0	0	0	0	0	0	0	75	7	11	96	11	57	119	23	58	3	122	46	72	8	83	87	36	122	122	99	118	48	75	62	29	38	125	98	16	30	20	101	95	104	110	91	103	22	107	100	61	99	11	127	62	96	84	27	110	51	107	33	101	20	64	126	45	64	1	91	97
0	0	0	0	0	0	0	0	0	0	0	0	0	0	0	0	0	0	0	0	0	0	0	0	0	0	0	0	0	0	0	0	0	0	0	0	0	0	0	0	0	0	0	0	0	0	0	0	0	0	0	0	0	0	0	0	0	0	0	0	0	0	0	0	0	0	0	0	57	15	29	110	26	80	94	66	44	82	116	101	57	27	126	78	44	81	6	79	12	37	114	60	7	20	44	65	81	42	15	21	84	128	120	62	77	103	37	11	64	18	104	105	52	76	84	69	92	85	42	93	3	100	78	82	4	30	80	61
0	0	0	0	0	0	0	0	0	0	0	0	0	0	0	0	0	0	0	0	0	0	0	0	0	0	0	0	0	0	0	0	0	0	0	0	0	0	0	0	0	0	0	0	0	0	0	0	0	0	0	0	0	0	0	0	0	0	0	0	0	0	0	0	0	0	0	0	0	113	36	66	22	91	124	83	95	53	72	58	35	20	71	71	54	7	3	43	10	43	38	62	46	18	21	51	18	57	43	32	52	43	16	28	39	74	74	102	114	124	101	54	7	59	77	2	72	124	106	91	92	7	67	115	20	88	15	69
0	0	0	0	0	0	0	0	0	0	0	0	0	0	0	0	0	0	0	0	0	0	0	0	0	0	0	0	0	0	0	0	0	0	0	0	0	0	0	0	0	0	0	0	0	0	0	0	0	0	0	0	0	0	0	0	0	0	0	0	0	0	0	0	0	0	0	0	0	0	26	121	118	116	42	125	18	97	100	116	17	105	15	101	61	53	114	128	17	42	28	124	104	73	66	72	118	46	55	90	100	59	102	112	109	36	126	32	47	108	44	71	79	96	128	40	47	100	101	4	28	72	85	91	64	52	84	47
0	0	0	0	0	0	0	0	0	0	0	0	0	0	0	0	0	0	0	0	0	0	0	0	0	0	0	0	0	0	0	0	0	0	0	0	0	0	0	0	0	0	0	0	0	0	0	0	0	0	0	0	0	0	0	0	0	0	0	0	0	0	0	0	0	0	0	0	0	0	0	63	28	95	34	27	92	46	39	124	89	102	25	26	70	6	34	54	37	116	90	121	86	71	88	8	80	48	80	75	87	106	101	120	46	54	42	99	123	94	96	61	120	26	52	48	87	79	88	33	27	96	116	127	103	68	17	111
0	0	0	0	0	0	0	0	0	0	0	0	0	0	0	0	0	0	0	0	0	0	0	0	0	0	0	0	0	0	0	0	0	0	0	0	0	0	0	0	0	0	0	0	0	0	0	0	0	0	0	0	0	0	0	0	0	0	0	0	0	0	0	0	0	0	0	0	0	0	0	0	9	39	10	117	65	28	59	124	110	93	21	58	4	35	33	48	109	87	23	125	94	86	84	75	93	111	43	96	9	12	128	67	40	57	104	111	127	113	80	21	23	37	104	84	4	100	8	41	16	92	117	58	91	19	73	1
0	0	0	0	0	0	0	0	0	0	0	0	0	0	0	0	0	0	0	0	0	0	0	0	0	0	0	0	0	0	0	0	0	0	0	0	0	0	0	0	0	0	0	0	0	0	0	0	0	0	0	0	0	0	0	0	0	0	0	0	0	0	0	0	0	0	0	0	0	0	0	0	0	83	91	16	104	22	9	24	5	78	66	80	27	74	64	41	80	72	15	14	39	70	31	1	112	97	64	18	122	90	78	71	96	62	120	96	72	6	112	51	22	29	6	97	50	71	108	88	15	110	72	110	56	42	10	124
0	0	0	0	0	0	0	0	0	0	0	0	0	0	0	0	0	0	0	0	0	0	0	0	0	0	0	0	0	0	0	0	0	0	0	0	0	0	0	0	0	0	0	0	0	0	0	0	0	0	0	0	0	0	0	0	0	0	0	0	0	0	0	0	0	0	0	0	0	0	0	0	0	0	19	90	101	93	55	82	70	68	33	27	4	79	83	118	77	43	74	47	106	31	18	104	93	30	107	79	118	33	41	39	48	58	106	5	57	23	17	123	124	50	75	78	93	84	75	43	43	9	16	106	38	122	92	16
0	0	0	0	0	0	0	0	0	0	0	0	0	0	0	0	0	0	0	0	0	0	0	0	0	0	0	0	0	0	0	0	0	0	0	0	0	0	0	0	0	0	0	0	0	0	0	0	0	0	0	0	0	0	0	0	0	0	0	0	0	0	0	0	0	0	0	0	0	0	0	0	0	0	0	118	22	12	57	24	46	4	128	101	99	8	85	118	81	32	126	14	3	121	127	110	104	115	55	111	70	23	80	53	103	22	20	102	43	2	117	119	34	55	18	109	54	2	25	102	27	53	88	52	20	123	87	37
0	0	0	0	0	0	0	0	0	0	0	0	0	0	0	0	0	0	0	0	0	0	0	0	0	0	0	0	0	0	0	0	0	0	0	0	0	0	0	0	0	0	0	0	0	0	0	0	0	0	0	0	0	0	0	0	0	0	0	0	0	0	0	0	0	0	0	0	0	0	0	0	0	0	0	0	95	66	56	33	61	73	122	18	127	42	15	5	105	52	118	43	87	81	41	60	125	59	118	106	28	42	14	1	69	10	76	116	45	13	107	5	10	118	118	118	96	98	35	119	38	101	113	100	102	4	90	89
0	0	0	0	0	0	0	0	0	0	0	0	0	0	0	0	0	0	0	0	0	0	0	0	0	0	0	0	0	0	0	0	0	0	0	0	0	0	0	0	0	0	0	0	0	0	0	0	0	0	0	0	0	0	0	0	0	0	0	0	0	0	0	0	0	0	0	0	0	0	0	0	0	0	0	0	0	17	76	34	78	54	49	54	93	54	9	79	18	23	117	23	32	102	95	74	91	8	61	21	26	102	108	59	94	39	32	48	23	74	125	61	42	21	51	38	91	64	61	31	98	77	99	99	25	71	39	107
0	0	0	0	0	0	0	0	0	0	0	0	0	0	0	0	0	0	0	0	0	0	0	0	0	0	0	0	0	0	0	0	0	0	0	0	0	0	0	0	0	0	0	0	0	0	0	0	0	0	0	0	0	0	0	0	0	0	0	0	0	0	0	0	0	0	0	0	0	0	0	0	0	0	0	0	0	0	124	108	27	78	16	57	46	45	44	112	116	89	44	46	79	13	82	77	23	25	4	44	38	32	63	10	41	62	95	95	77	34	16	37	109	104	4	58	19	28	91	61	82	30	38	75	13	45	46	44
0	0	0	0	0	0	0	0	0	0	0	0	0	0	0	0	0	0	0	0	0	0	0	0	0	0	0	0	0	0	0	0	0	0	0	0	0	0	0	0	0	0	0	0	0	0	0	0	0	0	0	0	0	0	0	0	0	0	0	0	0	0	0	0	0	0	0	0	0	0	0	0	0	0	0	0	0	0	0	92	82	50	68	54	116	97	5	113	7	50	50	19	75	25	1	107	114	123	124	73	36	28	6	46	39	49	11	64	36	66	10	7	95	104	64	29	27	80	70	13	29	108	65	75	33	7	92	25
0	0	0	0	0	0	0	0	0	0	0	0	0	0	0	0	0	0	0	0	0	0	0	0	0	0	0	0	0	0	0	0	0	0	0	0	0	0	0	0	0	0	0	0	0	0	0	0	0	0	0	0	0	0	0	0	0	0	0	0	0	0	0	0	0	0	0	0	0	0	0	0	0	0	0	0	0	0	0	0	12	51	58	82	85	79	57	36	79	119	36	91	72	120	103	113	111	4	75	48	105	26	29	43	88	46	22	60	57	88	73	60	97	17	39	4	29	10	69	107	112	102	30	5	59	29	21	102
0	0	0	0	0	0	0	0	0	0	0	0	0	0	0	0	0	0	0	0	0	0	0	0	0	0	0	0	0	0	0	0	0	0	0	0	0	0	0	0	0	0	0	0	0	0	0	0	0	0	0	0	0	0	0	0	0	0	0	0	0	0	0	0	0	0	0	0	0	0	0	0	0	0	0	0	0	0	0	0	0	89	1	111	116	99	7	95	73	50	91	84	51	35	6	6	83	60	123	52	38	93	64	12	117	49	59	106	12	17	56	42	44	55	29	89	120	112	26	22	99	106	30	122	105	46	26	30
0	0	0	0	0	0	0	0	0	0	0	0	0	0	0	0	0	0	0	0	0	0	0	0	0	0	0	0	0	0	0	0	0	0	0	0	0	0	0	0	0	0	0	0	0	0	0	0	0	0	0	0	0	0	0	0	0	0	0	0	0	0	0	0	0	0	0	0	0	0	0	0	0	0	0	0	0	0	0	0	0	0	99	28	112	70	106	80	91	10	120	87	39	92	22	70	31	89	91	69	27	53	126	17	58	120	7	43	125	34	118	90	99	14	77	64	115	106	110	111	41	18	36	92	36	109	119	111
0	0	0	0	0	0	0	0	0	0	0	0	0	0	0	0	0	0	0	0	0	0	0	0	0	0	0	0	0	0	0	0	0	0	0	0	0	0	0	0	0	0	0	0	0	0	0	0	0	0	0	0	0	0	0	0	0	0	0	0	0	0	0	0	0	0	0	0	0	0	0	0	0	0	0	0	0	0	0	0	0	0	0	104	80	57	43	85	1	72	13	26	37	2	36	15	55	121	13	71	11	40	87	84	105	56	38	108	44	114	98	83	110	99	122	74	68	5	116	123	77	52	119	73	118	73	127	126
0	0	0	0	0	0	0	0	0	0	0	0	0	0	0	0	0	0	0	0	0	0	0	0	0	0	0	0	0	0	0	0	0	0	0	0	0	0	0	0	0	0	0	0	0	0	0	0	0	0	0	0	0	0	0	0	0	0	0	0	0	0	0	0	0	0	0	0	0	0	0	0	0	0	0	0	0	0	0	0	0	0	0	0	12	64	74	102	16	1	34	43	56	32	65	15	85	38	78	7	49	28	104	15	76	92	106	25	94	111	107	122	31	3	77	50	90	96	114	85	32	49	98	102	91	36	32	124
0	0	0	0	0	0	0	0	0	0	0	0	0	0	0	0	0	0	0	0	0	0	0	0	0	0	0	0	0	0	0	0	0	0	0	0	0	0	0	0	0	0	0	0	0	0	0	0	0	0	0	0	0	0	0	0	0	0	0	0	0	0	0	0	0	0	0	0	0	0	0	0	0	0	0	0	0	0	0	0	0	0	0	0	0	38	83	55	27	70	111	34	44	82	13	16	67	84	126	56	30	21	96	68	90	4	31	55	41	48	92	43	79	96	75	104	58	73	123	99	119	104	78	24	128	123	115	75
0	0	0	0	0	0	0	0	0	0	0	0	0	0	0	0	0	0	0	0	0	0	0	0	0	0	0	0	0	0	0	0	0	0	0	0	0	0	0	0	0	0	0	0	0	0	0	0	0	0	0	0	0	0	0	0	0	0	0	0	0	0	0	0	0	0	0	0	0	0	0	0	0	0	0	0	0	0	0	0	0	0	0	0	0	0	36	29	93	86	33	33	48	56	52	112	97	87	66	6	54	96	26	2	80	84	117	108	30	103	69	94	108	79	5	90	125	3	73	127	60	86	105	22	45	19	88	86
0	0	0	0	0	0	0	0	0	0	0	0	0	0	0	0	0	0	0	0	0	0	0	0	0	0	0	0	0	0	0	0	0	0	0	0	0	0	0	0	0	0	0	0	0	0	0	0	0	0	0	0	0	0	0	0	0	0	0	0	0	0	0	0	0	0	0	0	0	0	0	0	0	0	0	0	0	0	0	0	0	0	0	0	0	0	0	66	91	76	127	12	93	31	17	82	79	4	24	105	11	16	106	31	33	19	45	128	106	3	5	10	82	12	127	80	93	6	29	65	50	80	37	119	62	45	29	35
0	0	0	0	0	0	0	0	0	0	0	0	0	0	0	0	0	0	0	0	0	0	0	0	0	0	0	0	0	0	0	0	0	0	0	0	0	0	0	0	0	0	0	0	0	0	0	0	0	0	0	0	0	0	0	0	0	0	0	0	0	0	0	0	0	0	0	0	0	0	0	0	0	0	0	0	0	0	0	0	0	0	0	0	0	0	0	0	87	103	96	31	83	35	10	65	80	41	54	4	108	31	3	41	2	94	16	71	3	4	96	6	44	126	8	106	44	30	21	49	47	66	15	98	58	101	47	125
0	0	0	0	0	0	0	0	0	0	0	0	0	0	0	0	0	0	0	0	0	0	0	0	0	0	0	0	0	0	0	0	0	0	0	0	0	0	0	0	0	0	0	0	0	0	0	0	0	0	0	0	0	0	0	0	0	0	0	0	0	0	0	0	0	0	0	0	0	0	0	0	0	0	0	0	0	0	0	0	0	0	0	0	0	0	0	0	0	44	62	83	19	30	56	121	42	110	5	112	83	106	39	58	26	16	4	80	2	59	1	100	50	95	99	39	92	99	60	17	20	28	121	63	65	54	3	93
0	0	0	0	0	0	0	0	0	0	0	0	0	0	0	0	0	0	0	0	0	0	0	0	0	0	0	0	0	0	0	0	0	0	0	0	0	0	0	0	0	0	0	0	0	0	0	0	0	0	0	0	0	0	0	0	0	0	0	0	0	0	0	0	0	0	0	0	0	0	0	0	0	0	0	0	0	0	0	0	0	0	0	0	0	0	0	0	0	0	25	91	97	64	61	112	48	62	10	93	33	31	125	21	58	1	123	123	9	50	114	61	114	22	96	33	83	63	47	33	105	118	127	63	28	94	13	11
0	0	0	0	0	0	0	0	0	0	0	0	0	0	0	0	0	0	0	0	0	0	0	0	0	0	0	0	0	0	0	0	0	0	0	0	0	0	0	0	0	0	0	0	0	0	0	0	0	0	0	0	0	0	0	0	0	0	0	0	0	0	0	0	0	0	0	0	0	0	0	0	0	0	0	0	0	0	0	0	0	0	0	0	0	0	0	0	0	0	0	117	45	114	1	24	32	87	81	122	50	66	1	46	45	13	1	27	111	67	102	99	71	111	126	32	12	76	6	63	118	43	92	102	9	35	58	116
0	0	0	0	0	0	0	0	0	0	0	0	0	0	0	0	0	0	0	0	0	0	0	0	0	0	0	0	0	0	0	0	0	0	0	0	0	0	0	0	0	0	0	0	0	0	0	0	0	0	0	0	0	0	0	0	0	0	0	0	0	0	0	0	0	0	0	0	0	0	0	0	0	0	0	0	0	0	0	0	0	0	0	0	0	0	0	0	0	0	0	0	27	40	95	120	117	114	120	80	51	88	47	64	48	50	19	43	49	14	2	88	26	112	15	59	106	40	41	115	63	101	5	82	118	45	113	6
0	0	0	0	0	0	0	0	0	0	0	0	0	0	0	0	0	0	0	0	0	0	0	0	0	0	0	0	0	0	0	0	0	0	0	0	0	0	0	0	0	0	0	0	0	0	0	0	0	0	0	0	0	0	0	0	0	0	0	0	0	0	0	0	0	0	0	0	0	0	0	0	0	0	0	0	0	0	0	0	0	0	0	0	0	0	0	0	0	0	0	0	0	96	36	21	127	55	47	19	123	87	36	84	92	55	93	6	45	95	28	45	65	22	56	18	60	53	84	46	14	81	82	46	52	123	63	90
0	0	0	0	0	0	0	0	0	0	0	0	0	0	0	0	0	0	0	0	0	0	0	0	0	0	0	0	0	0	0	0	0	0	0	0	0	0	0	0	0	0	0	0	0	0	0	0	0	0	0	0	0	0	0	0	0	0	0	0	0	0	0	0	0	0	0	0	0	0	0	0	0	0	0	0	0	0	0	0	0	0	0	0	0	0	0	0	0	0	0	0	0	0	75	59	99	48	118	124	44	62	52	45	39	99	33	97	42	49	20	53	99	119	59	81	48	36	40	113	31	3	53	94	24	83	105	37
0	0	0	0	0	0	0	0	0	0	0	0	0	0	0	0	0	0	0	0	0	0	0	0	0	0	0	0	0	0	0	0	0	0	0	0	0	0	0	0	0	0	0	0	0	0	0	0	0	0	0	0	0	0	0	0	0	0	0	0	0	0	0	0	0	0	0	0	0	0	0	0	0	0	0	0	0	0	0	0	0	0	0	0	0	0	0	0	0	0	0	0	0	0	0	63	54	81	26	32	112	5	37	45	106	39	21	15	31	67	104	80	82	27	97	121	77	58	128	95	68	74	102	72	122	74	4	120
0	0	0	0	0	0	0	0	0	0	0	0	0	0	0	0	0	0	0	0	0	0	0	0	0	0	0	0	0	0	0	0	0	0	0	0	0	0	0	0	0	0	0	0	0	0	0	0	0	0	0	0	0	0	0	0	0	0	0	0	0	0	0	0	0	0	0	0	0	0	0	0	0	0	0	0	0	0	0	0	0	0	0	0	0	0	0	0	0	0	0	0	0	0	0	0	61	59	21	25	57	70	25	107	18	107	80	41	118	31	1	29	84	72	38	94	19	127	81	127	71	102	14	39	112	112	116	93
0	0	0	0	0	0	0	0	0	0	0	0	0	0	0	0	0	0	0	0	0	0	0	0	0	0	0	0	0	0	0	0	0	0	0	0	0	0	0	0	0	0	0	0	0	0	0	0	0	0	0	0	0	0	0	0	0	0	0	0	0	0	0	0	0	0	0	0	0	0	0	0	0	0	0	0	0	0	0	0	0	0	0	0	0	0	0	0	0	0	0	0	0	0	0	0	0	120	112	108	37	119	62	100	15	7	22	126	82	18	80	58	2	73	16	123	128	21	27	2	118	93	45	25	96	112	4	11
0	0	0	0	0	0	0	0	0	0	0	0	0	0	0	0	0	0	0	0	0	0	0	0	0	0	0	0	0	0	0	0	0	0	0	0	0	0	0	0	0	0	0	0	0	0	0	0	0	0	0	0	0	0	0	0	0	0	0	0	0	0	0	0	0	0	0	0	0	0	0	0	0	0	0	0	0	0	0	0	0	0	0	0	0	0	0	0	0	0	0	0	0	0	0	0	0	0	95	74	114	48	93	44	26	68	21	63	32	122	21	81	24	47	30	23	6	17	100	103	116	80	20	58	1	81	16	13
0	0	0	0	0	0	0	0	0	0	0	0	0	0	0	0	0	0	0	0	0	0	0	0	0	0	0	0	0	0	0	0	0	0	0	0	0	0	0	0	0	0	0	0	0	0	0	0	0	0	0	0	0	0	0	0	0	0	0	0	0	0	0	0	0	0	0	0	0	0	0	0	0	0	0	0	0	0	0	0	0	0	0	0	0	0	0	0	0	0	0	0	0	0	0	0	0	0	0	96	60	70	13	30	99	2	13	50	81	75	67	108	80	15	13	11	103	7	114	37	6	23	66	47	21	85	79	88
0	0	0	0	0	0	0	0	0	0	0	0	0	0	0	0	0	0	0	0	0	0	0	0	0	0	0	0	0	0	0	0	0	0	0	0	0	0	0	0	0	0	0	0	0	0	0	0	0	0	0	0	0	0	0	0	0	0	0	0	0	0	0	0	0	0	0	0	0	0	0	0	0	0	0	0	0	0	0	0	0	0	0	0	0	0	0	0	0	0	0	0	0	0	0	0	0	0	0	0	88	58	73	72	1	19	104	127	53	74	44	15	27	75	74	127	107	10	43	14	103	126	104	23	108	120	94	50
0	0	0	0	0	0	0	0	0	0	0	0	0	0	0	0	0	0	0	0	0	0	0	0	0	0	0	0	0	0	0	0	0	0	0	0	0	0	0	0	0	0	0	0	0	0	0	0	0	0	0	0	0	0	0	0	0	0	0	0	0	0	0	0	0	0	0	0	0	0	0	0	0	0	0	0	0	0	0	0	0	0	0	0	0	0	0	0	0	0	0	0	0	0	0	0	0	0	0	0	0	69	11	113	116	68	84	87	58	100	109	83	11	81	109	85	5	122	108	113	28	32	26	102	116	5	101	70
0	0	0	0	0	0	0	0	0	0	0	0	0	0	0	0	0	0	0	0	0	0	0	0	0	0	0	0	0	0	0	0	0	0	0	0	0	0	0	0	0	0	0	0	0	0	0	0	0	0	0	0	0	0	0	0	0	0	0	0	0	0	0	0	0	0	0	0	0	0	0	0	0	0	0	0	0	0	0	0	0	0	0	0	0	0	0	0	0	0	0	0	0	0	0	0	0	0	0	0	0	0	9	95	41	65	98	26	104	122	115	36	20	13	15	9	96	49	76	26	91	44	117	67	38	96	104	48
0	0	0	0	0	0	0	0	0	0	0	0	0	0	0	0	0	0	0	0	0	0	0	0	0	0	0	0	0	0	0	0	0	0	0	0	0	0	0	0	0	0	0	0	0	0	0	0	0	0	0	0	0	0	0	0	0	0	0	0	0	0	0	0	0	0	0	0	0	0	0	0	0	0	0	0	0	0	0	0	0	0	0	0	0	0	0	0	0	0	0	0	0	0	0	0	0	0	0	0	0	0	0	95	119	67	104	63	90	29	106	23	22	114	27	54	61	43	58	38	68	15	106	121	86	62	71	21
0	0	0	0	0	0	0	0	0	0	0	0	0	0	0	0	0	0	0	0	0	0	0	0	0	0	0	0	0	0	0	0	0	0	0	0	0	0	0	0	0	0	0	0	0	0	0	0	0	0	0	0	0	0	0	0	0	0	0	0	0	0	0	0	0	0	0	0	0	0	0	0	0	0	0	0	0	0	0	0	0	0	0	0	0	0	0	0	0	0	0	0	0	0	0	0	0	0	0	0	0	0	0	0	121	112	104	92	12	14	81	32	107	106	77	53	13	18	81	4	15	75	11	93	81	31	34	64
0	0	0	0	0	0	0	0	0	0	0	0	0	0	0	0	0	0	0	0	0	0	0	0	0	0	0	0	0	0	0	0	0	0	0	0	0	0	0	0	0	0	0	0	0	0	0	0	0	0	0	0	0	0	0	0	0	0	0	0	0	0	0	0	0	0	0	0	0	0	0	0	0	0	0	0	0	0	0	0	0	0	0	0	0	0	0	0	0	0	0	0	0	0	0	0	0	0	0	0	0	0	0	0	0	113	78	92	87	40	88	57	59	59	67	34	75	81	105	112	18	89	56	59	76	56	62	31
0	0	0	0	0	0	0	0	0	0	0	0	0	0	0	0	0	0	0	0	0	0	0	0	0	0	0	0	0	0	0	0	0	0	0	0	0	0	0	0	0	0	0	0	0	0	0	0	0	0	0	0	0	0	0	0	0	0	0	0	0	0	0	0	0	0	0	0	0	0	0	0	0	0	0	0	0	0	0	0	0	0	0	0	0	0	0	0	0	0	0	0	0	0	0	0	0	0	0	0	0	0	0	0	0	0	98	57	44	107	103	24	90	79	71	113	57	110	59	90	127	18	92	89	104	60	73	103
0	0	0	0	0	0	0	0	0	0	0	0	0	0	0	0	0	0	0	0	0	0	0	0	0	0	0	0	0	0	0	0	0	0	0	0	0	0	0	0	0	0	0	0	0	0	0	0	0	0	0	0	0	0	0	0	0	0	0	0	0	0	0	0	0	0	0	0	0	0	0	0	0	0	0	0	0	0	0	0	0	0	0	0	0	0	0	0	0	0	0	0	0	0	0	0	0	0	0	0	0	0	0	0	0	0	0	103	86	32	114	10	76	116	8	44	96	68	53	49	22	110	67	42	104	117	50	109
0	0	0	0	0	0	0	0	0	0	0	0	0	0	0	0	0	0	0	0	0	0	0	0	0	0	0	0	0	0	0	0	0	0	0	0	0	0	0	0	0	0	0	0	0	0	0	0	0	0	0	0	0	0	0	0	0	0	0	0	0	0	0	0	0	0	0	0	0	0	0	0	0	0	0	0	0	0	0	0	0	0	0	0	0	0	0	0	0	0	0	0	0	0	0	0	0	0	0	0	0	0	0	0	0	0	0	0	89	8	3	39	92	128	95	113	8	5	28	15	115	79	117	16	42	116	84	100
0	0	0	0	0	0	0	0	0	0	0	0	0	0	0	0	0	0	0	0	0	0	0	0	0	0	0	0	0	0	0	0	0	0	0	0	0	0	0	0	0	0	0	0	0	0	0	0	0	0	0	0	0	0	0	0	0	0	0	0	0	0	0	0	0	0	0	0	0	0	0	0	0	0	0	0	0	0	0	0	0	0	0	0	0	0	0	0	0	0	0	0	0	0	0	0	0	0	0	0	0	0	0	0	0	0	0	0	0	35	27	69	44	44	96	105	67	113	104	111	119	90	48	53	92	120	103	94
0	0	0	0	0	0	0	0	0	0	0	0	0	0	0	0	0	0	0	0	0	0	0	0	0	0	0	0	0	0	0	0	0	0	0	0	0	0	0	0	0	0	0	0	0	0	0	0	0	0	0	0	0	0	0	0	0	0	0	0	0	0	0	0	0	0	0	0	0	0	0	0	0	0	0	0	0	0	0	0	0	0	0	0	0	0	0	0	0	0	0	0	0	0	0	0	0	0	0	0	0	0	0	0	0	0	0	0	0	0	96	75	124	31	46	95	25	88	80	56	125	105	87	56	107	57	23	76
0	0	0	0	0	0	0	0	0	0	0	0	0	0	0	0	0	0	0	0	0	0	0	0	0	0	0	0	0	0	0	0	0	0	0	0	0	0	0	0	0	0	0	0	0	0	0	0	0	0	0	0	0	0	0	0	0	0	0	0	0	0	0	0	0	0	0	0	0	0	0	0	0	0	0	0	0	0	0	0	0	0	0	0	0	0	0	0	0	0	0	0	0	0	0	0	0	0	0	0	0	0	0	0	0	0	0	0	0	0	0	76	81	27	43	128	28	5	22	119	19	90	16	60	48	32	28	107
0	0	0	0	0	0	0	0	0	0	0	0	0	0	0	0	0	0	0	0	0	0	0	0	0	0	0	0	0	0	0	0	0	0	0	0	0	0	0	0	0	0	0	0	0	0	0	0	0	0	0	0	0	0	0	0	0	0	0	0	0	0	0	0	0	0	0	0	0	0	0	0	0	0	0	0	0	0	0	0	0	0	0	0	0	0	0	0	0	0	0	0	0	0	0	0	0	0	0	0	0	0	0	0	0	0	0	0	0	0	0	0	112	53	73	104	14	47	12	114	15	16	53	10	25	101	62	53
0	0	0	0	0	0	0	0	0	0	0	0	0	0	0	0	0	0	0	0	0	0	0	0	0	0	0	0	0	0	0	0	0	0	0	0	0	0	0	0	0	0	0	0	0	0	0	0	0	0	0	0	0	0	0	0	0	0	0	0	0	0	0	0	0	0	0	0	0	0	0	0	0	0	0	0	0	0	0	0	0	0	0	0	0	0	0	0	0	0	0	0	0	0	0	0	0	0	0	0	0	0	0	0	0	0	0	0	0	0	0	0	0	125	76	80	16	64	69	42	27	66	42	71	97	128	28	27
0	0	0	0	0	0	0	0	0	0	0	0	0	0	0	0	0	0	0	0	0	0	0	0	0	0	0	0	0	0	0	0	0	0	0	0	0	0	0	0	0	0	0	0	0	0	0	0	0	0	0	0	0	0	0	0	0	0	0	0	0	0	0	0	0	0	0	0	0	0	0	0	0	0	0	0	0	0	0	0	0	0	0	0	0	0	0	0	0	0	0	0	0	0	0	0	0	0	0	0	0	0	0	0	0	0	0	0	0	0	0	0	0	0	52	18	24	34	11	97	4	114	17	100	48	113	22	52
0	0	0	0	0	0	0	0	0	0	0	0	0	0	0	0	0	0	0	0	0	0	0	0	0	0	0	0	0	0	0	0	0	0	0	0	0	0	0	0	0	0	0	0	0	0	0	0	0	0	0	0	0	0	0	0	0	0	0	0	0	0	0	0	0	0	0	0	0	0	0	0	0	0	0	0	0	0	0	0	0	0	0	0	0	0	0	0	0	0	0	0	0	0	0	0	0	0	0	0	0	0	0	0	0	0	0	0	0	0	0	0	0	0	0	9	105	123	26	60	122	60	9	65	21	20	39	69
0	0	0	0	0	0	0	0	0	0	0	0	0	0	0	0	0	0	0	0	0	0	0	0	0	0	0	0	0	0	0	0	0	0	0	0	0	0	0	0	0	0	0	0	0	0	0	0	0	0	0	0	0	0	0	0	0	0	0	0	0	0	0	0	0	0	0	0	0	0	0	0	0	0	0	0	0	0	0	0	0	0	0	0	0	0	0	0	0	0	0	0	0	0	0	0	0	0	0	0	0	0	0	0	0	0	0	0	0	0	0	0	0	0	0	0	27	102	58	67	19	41	5	8	70	123	60	96
0	0	0	0	0	0	0	0	0	0	0	0	0	0	0	0	0	0	0	0	0	0	0	0	0	0	0	0	0	0	0	0	0	0	0	0	0	0	0	0	0	0	0	0	0	0	0	0	0	0	0	0	0	0	0	0	0	0	0	0	0	0	0	0	0	0	0	0	0	0	0	0	0	0	0	0	0	0	0	0	0	0	0	0	0	0	0	0	0	0	0	0	0	0	0	0	0	0	0	0	0	0	0	0	0	0	0	0	0	0	0	0	0	0	0	0	0	37	32	48	29	94	4	70	39	97	48	102
0	0	0	0	0	0	0	0	0	0	0	0	0	0	0	0	0	0	0	0	0	0	0	0	0	0	0	0	0	0	0	0	0	0	0	0	0	0	0	0	0	0	0	0	0	0	0	0	0	0	0	0	0	0	0	0	0	0	0	0	0	0	0	0	0	0	0	0	0	0	0	0	0	0	0	0	0	0	0	0	0	0	0	0	0	0	0	0	0	0	0	0	0	0	0	0	0	0	0	0	0	0	0	0	0	0	0	0	0	0	0	0	0	0	0	0	0	0	86	41	103	78	17	63	39	72	39	112
0	0	0	0	0	0	0	0	0	0	0	0	0	0	0	0	0	0	0	0	0	0	0	0	0	0	0	0	0	0	0	0	0	0	0	0	0	0	0	0	0	0	0	0	0	0	0	0	0	0	0	0	0	0	0	0	0	0	0	0	0	0	0	0	0	0	0	0	0	0	0	0	0	0	0	0	0	0	0	0	0	0	0	0	0	0	0	0	0	0	0	0	0	0	0	0	0	0	0	0	0	0	0	0	0	0	0	0	0	0	0	0	0	0	0	0	0	0	0	61	33	73	1	19	64	97	73	12
0	0	0	0	0	0	0	0	0	0	0	0	0	0	0	0	0	0	0	0	0	0	0	0	0	0	0	0	0	0	0	0	0	0	0	0	0	0	0	0	0	0	0	0	0	0	0	0	0	0	0	0	0	0	0	0	0	0	0	0	0	0	0	0	0	0	0	0	0	0	0	0	0	0	0	0	0	0	0	0	0	0	0	0	0	0	0	0	0	0	0	0	0	0	0	0	0	0	0	0	0	0	0	0	0	0	0	0	0	0	0	0	0	0	0	0	0	0	0	0	46	99	126	93	66	72	45	3
0	0	0	0	0	0	0	0	0	0	0	0	0	0	0	0	0	0	0	0	0	0	0	0	0	0	0	0	0	0	0	0	0	0	0	0	0	0	0	0	0	0	0	0	0	0	0	0	0	0	0	0	0	0	0	0	0	0	0	0	0	0	0	0	0	0	0	0	0	0	0	0	0	0	0	0	0	0	0	0	0	0	0	0	0	0	0	0	0	0	0	0	0	0	0	0	0	0	0	0	0	0	0	0	0	0	0	0	0	0	0	0	0	0	0	0	0	0	0	0	0	102	17	55	35	27	26	89
0	0	0	0	0	0	0	0	0	0	0	0	0	0	0	0	0	0	0	0	0	0	0	0	0	0	0	0	0	0	0	0	0	0	0	0	0	0	0	0	0	0	0	0	0	0	0	0	0	0	0	0	0	0	0	0	0	0	0	0	0	0	0	0	0	0	0	0	0	0	0	0	0	0	0	0	0	0	0	0	0	0	0	0	0	0	0	0	0	0	0	0	0	0	0	0	0	0	0	0	0	0	0	0	0	0	0	0	0	0	0	0	0	0	0	0	0	0	0	0	0	0	103	14	92	72	93	125
0	0	0	0	0	0	0	0	0	0	0	0	0	0	0	0	0	0	0	0	0	0	0	0	0	0	0	0	0	0	0	0	0	0	0	0	0	0	0	0	0	0	0	0	0	0	0	0	0	0	0	0	0	0	0	0	0	0	0	0	0	0	0	0	0	0	0	0	0	0	0	0	0	0	0	0	0	0	0	0	0	0	0	0	0	0	0	0	0	0	0	0	0	0	0	0	0	0	0	0	0	0	0	0	0	0	0	0	0	0	0	0	0	0	0	0	0	0	0	0	0	0	0	32	101	59	61	51
0	0	0	0	0	0	0	0	0	0	0	0	0	0	0	0	0	0	0	0	0	0	0	0	0	0	0	0	0	0	0	0	0	0	0	0	0	0	0	0	0	0	0	0	0	0	0	0	0	0	0	0	0	0	0	0	0	0	0	0	0	0	0	0	0	0	0	0	0	0	0	0	0	0	0	0	0	0	0	0	0	0	0	0	0	0	0	0	0	0	0	0	0	0	0	0	0	0	0	0	0	0	0	0	0	0	0	0	0	0	0	0	0	0	0	0	0	0	0	0	0	0	0	0	50	53	66	28
0	0	0	0	0	0	0	0	0	0	0	0	0	0	0	0	0	0	0	0	0	0	0	0	0	0	0	0	0	0	0	0	0	0	0	0	0	0	0	0	0	0	0	0	0	0	0	0	0	0	0	0	0	0	0	0	0	0	0	0	0	0	0	0	0	0	0	0	0	0	0	0	0	0	0	0	0	0	0	0	0	0	0	0	0	0	0	0	0	0	0	0	0	0	0	0	0	0	0	0	0	0	0	0	0	0	0	0	0	0	0	0	0	0	0	0	0	0	0	0	0	0	0	0	0	69	108	53
0	0	0	0	0	0	0	0	0	0	0	0	0	0	0	0	0	0	0	0	0	0	0	0	0	0	0	0	0	0	0	0	0	0	0	0	0	0	0	0	0	0	0	0	0	0	0	0	0	0	0	0	0	0	0	0	0	0	0	0	0	0	0	0	0	0	0	0	0	0	0	0	0	0	0	0	0	0	0	0	0	0	0	0	0	0	0	0	0	0	0	0	0	0	0	0	0	0	0	0	0	0	0	0	0	0	0	0	0	0	0	0	0	0	0	0	0	0	0	0	0	0	0	0	0	0	121	63
0	0	0	0	0	0	0	0	0	0	0	0	0	0	0	0	0	0	0	0	0	0	0	0	0	0	0	0	0	0	0	0	0	0	0	0	0	0	0	0	0	0	0	0	0	0	0	0	0	0	0	0	0	0	0	0	0	0	0	0	0	0	0	0	0	0	0	0	0	0	0	0	0	0	0	0	0	0	0	0	0	0	0	0	0	0	0	0	0	0	0	0	0	0	0	0	0	0	0	0	0	0	0	0	0	0	0	0	0	0	0	0	0	0	0	0	0	0	0	0	0	0	0	0	0	0	0	96
0	0	0	0	0	0	0	0	0	0	0	0	0	0	0	0	0	0	0	0	0	0	0	0	0	0	0	0	0	0	0	0	0	0	0	0	0	0	0	0	0	0	0	0	0	0	0	0	0	0	0	0	0	0	0	0	0	0	0	0	0	0	0	0	0	0	0	0	0	0	0	0	0	0	0	0	0	0	0	0	0	0	0	0	0	0	0	0	0	0	0	0	0	0	0	0	0	0	0	0	0	0	0	0	0	0	0	0	0	0	0	0	0	0	0	0	0	0	0	0	0	0	0	0	0	0	0	0