0	48	64	66	101	18	87	111	119	64	1	94	2	26	117	71	8	4	47	102	91	73	104	5	53	17	55	13	120	73	115	87	60	89	69	70	71	42	72	37	60	15	116	125	33	75	67	102	87	16	5	33	61	19	50	52	98	19	13	12	24	9	69	16	43	61	72	110	88	94	68	104	42	41	21	123	66	26	77	59	37	53	50	106	63	58	76	118	104	27	30	29	7	37	65	7	22	60	8	107	42	78	35	25	35	36	16	102	62	107	114	124	86	41	109	63	73	42	67	93	29	107	94	98	93	15	4	31
0	0	38	54	101	100	123	85	55	49	100	90	78	108	110	41	3	33	28	16	123	92	17	18	23	6	33	76	126	102	122	32	19	87	64	81	13	12	75	76	24	95	30	127	27	37	94	118	44	20	123	62	57	25	30	123	95	7	97	55	74	51	59	61	99	114	16	124	105	64	100	75	117	26	62	10	99	66	31	127	9	119	56	9	30	105	127	86	38	2	43	124	70	84	22	8	105	50	15	113	28	66	74	83	103	7	64	28	50	90	75	14	123	81	85	113	88	43	82	47	105	7	94	115	115	81	1	106
0	0	0	36	33	108	59	115	11	125	42	60	110	116	59	95	112	34	114	62	127	25	21	14	6	69	6	22	115	119	84	116	55	92	14	9	111	103	119	88	73	121	38	38	73	31	6	67	6	101	10	111	122	70	100	72	8	66	103	99	50	79	95	97	108	12	101	78	107	49	31	63	32	107	58	102	3	57	21	21	34	66	96	54	39	67	60	25	18	94	52	109	11	116	126	97	50	105	70	31	2	30	52	52	26	17	1	4	51	103	127	89	5	73	70	23	99	64	27	69	93	73	80	16	21	106	65	94
0	0	0	0	32	71	80	59	17	60	100	94	89	92	86	65	115	123	34	98	26	122	86	25	54	15	104	12	36	50	54	28	36	14	84	44	44	57	120	125	59	64	68	101	72	15	85	50	91	26	53	69	83	85	2	117	57	44	10	124	91	11	74	50	90	117	7	116	5	84	74	46	19	13	57	123	27	45	97	104	74	3	12	80	86	19	117	54	124	11	36	37	90	57	17	24	33	16	102	83	88	103	83	126	105	75	41	105	108	118	36	103	66	3	75	96	21	18	44	30	117	14	107	116	6	125	114	93
0	0	0	0	0	10	18	128	16	118	113	113	9	50	71	126	53	104	110	90	76	15	21	12	71	28	77	94	47	11	14	66	38	47	83	36	98	9	33	38	119	59	95	27	19	54	45	23	87	35	127	16	69	35	8	116	120	24	103	114	62	69	127	58	117	67	61	6	43	88	2	3	30	52	119	95	114	49	15	31	8	23	90	84	90	58	115	9	11	121	79	4	57	57	109	123	67	115	42	83	102	38	46	1	12	66	48	125	7	37	9	70	64	55	51	81	86	86	42	15	40	95	17	111	120	52	63	47
0	0	0	0	0	0	37	38	52	83	61	42	5	91	105	20	88	125	10	51	87	17	58	122	54	81	57	71	103	73	66	18	61	22	48	101	18	32	93	98	69	65	70	124	21	29	99	1	83	22	31	56	109	98	11	128	47	27	44	51	41	38	35	6	41	91	22	73	6	7	116	9	105	121	63	28	120	115	46	57	96	32	93	77	45	75	97	7	51	118	71	25	11	119	44	109	8	45	98	110	42	24	115	82	36	96	93	62	40	30	28	46	113	124	117	120	55	65	22	71	127	82	42	4	11	86	104	94
0	0	0	0	0	0	0	8	82	7	97	3	15	38	50	99	53	5	59	4	37	112	96	89	1	46	57	19	30	95	35	54	97	98	79	8	111	33	7	47	111	76	111	8	44	38	64	31	67	55	112	69	23	94	128	118	119	32	15	7	125	34	98	54	14	7	1	121	123	95	39	103	119	78	99	93	2	83	42	39	1	76	16	124	5	33	29	13	29	80	82	59	17	67	120	73	123	91	20	115	105	43	94	43	79	80	84	123	115	26	114	15	32	109	115	47	61	35	6	108	109	28	104	58	88	118	109	127
0	0	0	0	0	0	0	0	36	50	104	28	85	22	82	55	81	30	16	84	52	41	63	82	47	79	12	29	99	106	82	94	31	77	76	27	105	38	22	85	117	108	54	97	40	62	103	114	6	44	22	95	28	122	28	119	10	97	14	57	22	52	57	66	20	58	29	52	82	114	93	4	45	68	109	107	47	18	104	38	3	13	71	24	26	32	28	61	85	84	119	124	81	84	6	113	3	101	19	57	102	5	71	49	107	125	102	7	108	19	103	109	35	127	32	109	127	37	37	11	94	82	54	105	102	60	49	63
0	0	0	0	0	0	0	0	0	126	14	1	32	69	4	83	84	64	8	53	44	112	92	122	70	83	116	11	59	121	99	77	68	116	47	61	45	66	20	36	7	105	74	67	63	81	57	33	7	59	32	30	72	62	56	40	41	98	47	28	54	49	102	89	89	98	51	112	17	105	54	112	54	91	22	36	107	27	49	121	76	44	12	65	36	122	20	18	33	31	3	26	91	106	13	118	93	88	126	44	16	4	79	113	48	81	82	102	67	32	88	49	32	30	72	51	47	65	57	124	60	7	61	59	45	50	85	9
0	0	0	0	0	0	0	0	0	0	66	10	102	53	62	40	57	24	17	79	84	29	125	41	115	59	107	110	11	114	45	5	33	46	67	111	67	99	48	123	125	69	87	42	95	17	125	4	103	52	76	82	5	96	70	63	38	42	108	120	82	119	48	77	40	102	14	11	82	47	28	4	26	64	45	123	25	2	29	37	103	51	86	58	49	41	41	58	50	100	78	69	94	119	8	42	35	15	71	106	73	44	121	3	19	12	124	39	74	30	93	44	70	7	120	9	100	58	13	71	33	100	116	30	88	41	30	124
0	0	0	0	0	0	0	0	0	0	0	54	49	20	56	56	69	11	39	93	103	20	59	51	69	15	52	126	104	114	18	91	62	82	95	115	77	91	61	110	37	116	126	15	86	76	55	6	53	115	107	40	38	6	116	19	78	58	15	57	74	8	4	109	50	103	61	6	119	84	19	15	85	69	45	103	84	24	18	80	1	105	53	121	11	70	82	128	102	77	25	17	68	59	20	92	34	99	89	105	118	43	91	114	29	95	51	9	125	11	52	25	52	55	10	95	81	55	52	44	69	101	59	87	78	124	55	55
0	0	0	0	0	0	0	0	0	0	0	0	22	14	28	102	24	115	6	39	79	106	87	119	109	62	29	126	87	85	3	54	93	97	82	81	15	24	22	114	60	12	100	15	84	113	90	108	42	106	2	7	42	53	40	8	48	100	31	94	5	80	30	106	128	5	38	67	102	87	80	106	40	35	120	48	28	119	71	39	35	16	41	119	20	25	90	87	66	25	29	121	27	125	118	97	117	1	97	5	82	101	12	42	2	54	14	8	18	33	80	30	127	68	104	109	118	110	37	92	121	119	37	70	87	99	30	18
0	0	0	0	0	0	0	0	0	0	0	0	0	39	38	55	51	84	53	55	20	75	89	51	100	125	44	126	97	52	83	29	4	110	57	57	109	73	71	24	41	71	101	12	3	114	123	56	124	57	104	32	81	75	3	116	89	10	79	44	10	99	124	120	54	74	25	99	37	7	19	77	21	84	70	80	112	12	24	16	79	66	65	76	2	83	111	117	100	100	118	105	31	45	61	56	66	54	48	30	47	79	21	64	111	114	45	76	59	6	88	110	18	34	71	85	8	97	81	11	117	15	47	62	73	122	61	57
0	0	0	0	0	0	0	0	0	0	0	0	0	0	93	114	38	106	72	115	20	3	49	63	18	35	128	76	41	72	41	82	116	127	125	15	126	78	35	32	113	50	26	31	96	51	64	40	66	126	120	128	105	27	118	116	106	125	7	26	73	50	54	107	88	15	101	1	32	56	99	32	15	42	58	10	127	60	6	60	53	112	48	102	74	55	31	10	26	4	97	109	27	8	100	53	68	48	92	31	89	110	40	84	32	25	88	76	6	110	125	30	106	59	48	75	46	65	121	40	32	21	69	1	101	51	50	34
0	0	0	0	0	0	0	0	0	0	0	0	0	0	0	51	99	85	62	20	41	108	33	20	35	96	122	26	24	92	42	103	55	45	34	112	96	64	124	100	45	86	11	10	24	92	1	29	74	19	85	19	10	115	15	73	113	125	8	8	93	16	60	58	43	96	72	83	74	17	91	42	90	69	102	102	55	127	86	70	16	64	102	57	23	20	51	60	92	68	40	120	92	93	19	115	31	18	15	16	40	26	106	125	40	74	105	98	22	32	43	125	60	107	14	75	42	80	8	14	26	125	62	13	80	104	78	20
0	0	0	0	0	0	0	0	0	0	0	0	0	0	0	0	17	25	41	59	118	50	96	52	98	19	48	11	66	63	73	122	117	104	55	6	43	40	126	97	45	83	30	55	123	37	57	37	26	54	92	106	115	48	90	110	4	65	83	29	1	98	127	38	48	84	63	113	14	22	102	114	87	123	40	84	43	12	89	14	87	109	123	19	11	71	46	90	101	128	4	62	91	76	13	76	122	107	13	53	119	125	126	51	81	69	17	52	86	55	112	49	125	121	106	58	21	29	49	53	93	127	27	106	118	114	66	57
0	0	0	0	0	0	0	0	0	0	0	0	0	0	0	0	0	116	102	77	104	70	22	125	19	72	29	126	80	50	115	113	33	27	9	70	21	25	47	128	121	88	12	73	46	31	48	57	80	33	97	96	121	41	115	79	32	84	117	70	115	53	95	88	81	88	47	12	93	31	66	13	14	104	84	57	90	102	55	102	116	44	29	91	10	103	35	85	128	47	35	72	124	67	120	34	89	127	7	52	122	81	5	111	44	41	40	53	116	72	35	56	119	17	61	122	69	20	36	81	53	58	114	96	85	72	117	56
0	0	0	0	0	0	0	0	0	0	0	0	0	0	0	0	0	0	98	97	61	36	27	128	116	3	95	92	76	45	20	91	52	76	21	66	126	13	37	26	107	97	46	104	45	113	9	84	33	58	11	89	64	95	62	54	23	53	24	7	94	63	97	61	46	27	107	40	80	84	48	103	15	93	73	115	89	114	73	49	31	80	18	75	124	103	17	30	57	27	29	45	72	6	64	32	38	5	68	16	56	106	4	117	59	75	127	33	122	21	124	35	64	78	61	115	112	80	73	110	30	97	83	10	113	20	78	60
0	0	0	0	0	0	0	0	0	0	0	0	0	0	0	0	0	0	0	63	6	111	37	19	77	105	80	105	39	27	23	97	50	48	73	22	101	113	81	1	117	123	79	42	70	60	8	28	91	85	74	13	125	105	57	33	110	17	42	125	53	123	78	93	1	54	84	55	48	92	61	78	94	115	69	52	58	64	71	106	3	71	67	48	119	81	90	122	104	127	44	32	124	112	83	25	58	43	37	46	125	75	29	51	119	109	7	48	4	102	65	38	31	44	90	35	13	16	99	67	99	11	59	68	13	56	12	87
0	0	0	0	0	0	0	0	0	0	0	0	0	0	0	0	0	0	0	0	29	55	85	8	93	111	95	14	110	16	95	117	54	56	69	52	101	99	70	115	44	59	37	43	1	83	61	127	114	113	40	1	88	13	56	100	2	72	85	43	50	102	48	37	41	32	72	23	125	128	95	95	72	3	63	83	126	123	16	122	14	116	37	70	64	69	83	40	77	60	114	44	76	102	113	87	111	62	79	73	93	48	23	68	77	5	128	101	44	44	81	44	84	52	54	102	47	94	40	16	34	61	88	66	104	64	30	10
0	0	0	0	0	0	0	0	0	0	0	0	0	0	0	0	0	0	0	0	0	82	99	39	15	68	73	53	79	123	10	44	64	66	126	30	58	103	109	7	96	56	28	41	26	70	99	34	50	67	81	58	107	25	71	64	112	85	22	61	26	87	26	38	4	58	119	5	53	40	37	2	89	13	60	34	48	14	14	43	128	59	91	126	88	77	124	38	14	101	32	75	75	95	6	89	23	126	67	93	111	93	74	29	100	107	60	84	125	20	7	51	106	103	50	64	90	44	75	12	46	7	79	31	56	17	22	12
0	0	0	0	0	0	0	0	0	0	0	0	0	0	0	0	0	0	0	0	0	0	33	29	63	17	37	115	120	6	41	48	108	74	13	23	41	38	67	31	40	12	65	61	115	123	120	52	120	69	107	36	61	69	99	28	24	12	77	86	100	111	16	87	119	94	87	4	32	43	128	26	53	98	78	115	46	74	105	110	47	90	71	48	101	3	127	112	1	7	4	37	30	44	93	5	76	12	116	19	122	102	91	42	124	61	125	38	46	41	58	45	5	106	115	99	121	36	94	64	54	54	3	106	15	59	23	51
0	0	0	0	0	0	0	0	0	0	0	0	0	0	0	0	0	0	0	0	0	0	0	94	92	103	17	16	53	115	114	4	83	27	123	11	3	118	128	48	49	95	92	120	77	60	17	53	1	78	111	77	50	9	46	59	92	101	113	79	26	59	111	33	54	83	99	20	90	87	18	22	21	94	19	48	97	16	70	44	10	102	118	91	18	43	26	3	59	95	65	40	81	45	25	15	7	72	42	1	56	119	114	77	49	11	29	45	40	3	20	14	54	46	115	10	110	91	52	4	94	62	40	18	120	28	43	56
0	0	0	0	0	0	0	0	0	0	0	0	0	0	0	0	0	0	0	0	0	0	0	0	41	61	5	18	50	60	116	116	69	116	43	110	27	104	4	71	114	113	119	13	45	57	61	13	27	114	112	59	30	67	112	108	59	74	65	106	61	48	13	12	110	51	126	82	95	125	109	97	117	31	111	50	27	65	44	103	35	23	94	110	46	128	128	29	73	53	91	45	121	37	14	60	104	100	101	18	121	64	38	4	78	55	35	87	88	109	8	6	112	126	76	88	91	78	122	23	50	91	33	69	41	114	119	107
0	0	0	0	0	0	0	0	0	0	0	0	0	0	0	0	0	0	0	0	0	0	0	0	0	82	97	31	26	114	119	96	106	12	33	26	21	114	88	11	99	113	81	125	58	29	90	26	77	97	60	4	56	123	13	121	44	87	20	29	26	65	2	93	105	45	48	23	36	58	110	106	46	34	117	49	78	7	40	112	97	64	2	121	109	125	14	40	79	22	61	104	53	122	11	64	92	22	25	98	92	52	19	106	27	44	71	88	67	65	123	33	30	12	119	48	8	33	15	14	25	21	70	79	52	126	60	14
0	0	0	0	0	0	0	0	0	0	0	0	0	0	0	0	0	0	0	0	0	0	0	0	0	0	18	24	40	88	54	41	31	128	67	14	14	127	74	107	37	128	94	128	108	85	95	23	58	49	122	59	115	18	58	40	32	78	18	126	43	61	117	12	16	89	116	1	26	101	11	18	28	113	71	51	123	7	18	21	100	116	20	17	39	70	40	58	90	40	38	53	61	1	28	45	85	13	86	91	81	22	7	75	109	120	90	72	47	34	43	56	86	62	115	61	60	57	2	18	26	19	55	64	42	26	26	23
0	0	0	0	0	0	0	0	0	0	0	0	0	0	0	0	0	0	0	0	0	0	0	0	0	0	0	120	54	80	4	118	58	47	5	84	79	111	113	92	57	54	128	32	113	31	19	41	42	115	18	126	60	54	81	119	16	108	114	82	55	25	116	51	57	40	2	54	120	107	104	41	58	37	26	112	104	107	4	86	87	98	4	42	96	58	80	87	50	60	12	124	48	39	28	26	103	122	104	94	84	98	63	30	121	48	49	126	66	27	56	37	118	14	58	121	107	42	106	12	86	61	51	17	119	62	46	31
0	0	0	0	0	0	0	0	0	0	0	0	0	0	0	0	0	0	0	0	0	0	0	0	0	0	0	0	25	61	107	46	17	53	68	58	111	47	80	118	19	19	104	122	70	84	98	65	58	37	84	101	23	14	100	7	53	116	15	90	122	63	79	92	85	40	23	92	47	42	74	16	47	100	56	104	36	89	81	35	40	22	103	80	18	26	3	61	89	92	7	67	84	85	93	11	82	105	51	106	123	71	96	91	19	113	50	106	95	81	108	46	71	2	76	123	39	7	116	32	115	99	73	99	98	100	110	77
0	0	0	0	0	0	0	0	0	0	0	0	0	0	0	0	0	0	0	0	0	0	0	0	0	0	0	0	0	4	54	96	101	6	96	35	12	56	83	33	27	128	15	49	80	58	72	42	5	41	65	127	94	77	2	109	21	15	95	81	22	62	31	121	90	55	55	85	48	105	4	101	65	60	126	23	103	82	117	11	29	28	9	126	111	74	119	16	3	10	13	47	30	109	39	49	47	102	3	49	98	82	104	100	2	128	28	113	73	1	18	45	23	125	120	75	65	96	26	127	51	43	13	67	99	34	22	43
0	0	0	0	0	0	0	0	0	0	0	0	0	0	0	0	0	0	0	0	0	0	0	0	0	0	0	0	0	0	83	56	49	22	96	46	46	81	38	86	82	93	93	40	123	103	22	84	8	69	86	5	5	10	19	65	104	84	105	99	94	28	95	51	69	22	62	65	7	91	82	97	63	1	17	119	81	102	47	32	127	41	36	48	117	78	6	56	19	102	36	96	90	15	90	49	29	7	99	111	38	13	126	47	44	108	1	66	125	127	94	112	109	38	124	49	53	8	125	90	106	22	50	100	82	99	122	94
0	0	0	0	0	0	0	0	0	0	0	0	0	0	0	0	0	0	0	0	0	0	0	0	0	0	0	0	0	0	0	13	15	33	109	55	78	69	81	73	57	97	47	44	90	65	92	56	85	46	94	35	116	98	69	70	32	77	114	89	3	12	24	79	100	12	116	11	20	5	48	116	60	59	34	57	96	79	53	55	12	22	24	36	51	45	107	95	9	71	1	5	107	7	85	14	106	29	8	40	62	104	16	107	73	40	17	119	81	73	3	20	24	20	83	79	55	27	120	16	41	64	97	17	17	19	29	103
0	0	0	0	0	0	0	0	0	0	0	0	0	0	0	0	0	0	0	0	0	0	0	0	0	0	0	0	0	0	0	0	86	76	65	45	7	100	85	62	67	47	49	20	95	22	81	65	43	73	73	69	121	104	63	25	13	62	19	86	115	128	42	125	25	49	31	94	120	93	66	102	123	18	34	6	32	20	16	88	73	18	92	100	79	25	8	37	50	110	109	24	94	14	35	128	92	118	62	59	117	6	71	11	35	1	7	58	94	122	18	70	42	31	128	17	56	72	87	89	3	11	21	25	49	74	81	79
0	0	0	0	0	0	0	0	0	0	0	0	0	0	0	0	0	0	0	0	0	0	0	0	0	0	0	0	0	0	0	0	0	53	22	116	37	96	88	67	113	113	124	15	68	18	89	21	83	31	56	57	125	36	99	74	113	93	108	28	123	56	59	40	85	30	71	72	20	14	5	73	29	82	96	109	61	56	54	51	31	2	62	61	11	117	28	77	128	104	125	49	84	34	10	74	120	48	60	115	122	76	35	83	32	47	50	62	19	118	65	74	55	69	56	126	118	90	73	79	46	82	15	79	101	125	53	123
0	0	0	0	0	0	0	0	0	0	0	0	0	0	0	0	0	0	0	0	0	0	0	0	0	0	0	0	0	0	0	0	0	0	45	93	3	60	52	109	28	35	76	111	94	105	105	32	79	73	117	105	33	13	54	47	31	8	56	66	25	64	118	12	28	54	49	107	83	79	10	91	94	113	74	40	94	35	36	117	31	16	110	23	78	8	47	43	69	93	124	15	7	5	53	84	11	122	38	78	41	75	124	98	103	128	62	127	40	116	107	55	123	122	38	70	126	46	35	37	113	4	15	58	27	120	47	121
0	0	0	0	0	0	0	0	0	0	0	0	0	0	0	0	0	0	0	0	0	0	0	0	0	0	0	0	0	0	0	0	0	0	0	78	102	44	123	102	34	29	79	63	20	87	107	32	43	42	40	68	38	7	101	70	100	82	3	121	53	63	88	107	119	63	45	7	24	77	59	120	37	10	39	84	53	61	14	55	118	30	44	57	51	82	84	124	2	9	61	55	71	46	33	17	80	5	72	46	113	79	61	9	32	32	111	35	44	85	12	62	45	114	65	75	20	44	46	124	124	25	80	15	112	103	53	103
0	0	0	0	0	0	0	0	0	0	0	0	0	0	0	0	0	0	0	0	0	0	0	0	0	0	0	0	0	0	0	0	0	0	0	0	61	120	104	76	97	32	51	77	63	103	108	67	115	23	20	110	22	125	67	112	119	102	102	35	66	1	25	104	11	112	92	15	122	75	110	95	23	100	74	35	35	6	81	68	55	61	49	57	16	60	77	40	124	18	63	48	42	58	50	85	77	12	100	115	81	67	51	92	11	62	106	127	87	79	2	47	4	44	21	59	23	89	93	40	71	14	111	33	30	32	94	49
0	0	0	0	0	0	0	0	0	0	0	0	0	0	0	0	0	0	0	0	0	0	0	0	0	0	0	0	0	0	0	0	0	0	0	0	0	83	39	120	97	91	87	47	69	119	87	44	65	71	56	90	89	88	96	126	88	119	12	83	67	56	36	46	103	71	53	45	21	80	9	56	31	2	66	72	110	39	55	64	111	60	93	50	81	74	75	83	93	92	123	77	12	26	92	7	77	125	1	22	14	105	17	18	57	117	33	111	34	107	58	120	92	19	76	27	91	117	1	44	109	85	34	83	108	50	115	104
0	0	0	0	0	0	0	0	0	0	0	0	0	0	0	0	0	0	0	0	0	0	0	0	0	0	0	0	0	0	0	0	0	0	0	0	0	0	10	96	118	49	116	9	63	26	88	15	68	116	46	69	18	112	71	17	4	29	86	103	67	33	2	113	91	11	98	11	39	100	90	11	65	39	58	74	88	59	3	76	38	72	123	18	63	108	97	18	20	64	123	10	6	28	122	104	77	35	33	34	97	7	46	42	102	72	3	56	105	43	2	97	82	17	49	29	107	92	114	99	40	7	92	93	88	61	128	7
0	0	0	0	0	0	0	0	0	0	0	0	0	0	0	0	0	0	0	0	0	0	0	0	0	0	0	0	0	0	0	0	0	0	0	0	0	0	0	2	87	5	122	110	18	58	53	73	35	106	104	55	22	81	120	47	94	92	73	92	105	119	13	52	114	101	120	101	114	53	75	114	13	105	8	85	117	118	19	60	6	67	16	53	96	121	63	42	72	108	9	110	39	60	113	4	17	119	53	76	126	103	87	127	99	119	120	117	112	117	114	64	114	80	30	90	68	21	8	75	88	25	83	72	64	54	70	62
0	0	0	0	0	0	0	0	0	0	0	0	0	0	0	0	0	0	0	0	0	0	0	0	0	0	0	0	0	0	0	0	0	0	0	0	0	0	0	0	56	33	104	7	67	60	7	64	119	17	105	59	54	61	3	48	18	99	32	49	29	105	124	32	95	52	31	11	18	48	91	40	84	107	123	20	63	73	39	12	68	88	104	55	27	127	11	119	44	61	105	80	20	49	13	70	60	102	40	91	68	113	107	81	15	12	35	45	38	64	72	68	119	82	45	93	34	34	41	22	104	97	109	124	29	37	45	126
0	0	0	0	0	0	0	0	0	0	0	0	0	0	0	0	0	0	0	0	0	0	0	0	0	0	0	0	0	0	0	0	0	0	0	0	0	0	0	0	0	7	40	111	66	3	51	96	4	124	24	125	45	77	80	10	11	10	14	111	64	23	65	113	126	91	47	111	31	106	112	28	13	97	55	16	85	59	63	19	109	118	32	94	123	96	81	107	3	87	30	10	116	112	92	55	96	95	98	123	90	118	17	93	65	19	35	60	18	27	75	72	51	37	45	51	122	41	51	69	118	90	52	68	44	63	45	22
0	0	0	0	0	0	0	0	0	0	0	0	0	0	0	0	0	0	0	0	0	0	0	0	0	0	0	0	0	0	0	0	0	0	0	0	0	0	0	0	0	0	45	45	29	88	38	23	42	5	54	104	80	62	59	101	38	120	18	123	31	20	29	81	110	51	71	104	43	99	39	3	94	59	97	19	25	35	103	60	40	126	83	57	79	95	82	46	74	17	86	28	95	35	57	107	7	52	126	114	46	121	88	115	20	70	66	95	94	105	78	69	80	109	116	21	82	127	31	58	23	10	7	109	60	44	117	60
0	0	0	0	0	0	0	0	0	0	0	0	0	0	0	0	0	0	0	0	0	0	0	0	0	0	0	0	0	0	0	0	0	0	0	0	0	0	0	0	0	0	0	70	26	76	101	112	85	80	91	32	18	44	28	115	53	90	127	29	95	35	20	118	104	9	92	116	66	40	97	88	126	99	67	12	64	96	41	44	22	128	87	82	28	31	43	49	115	36	32	124	63	59	61	55	46	122	35	75	78	71	96	46	40	127	79	59	111	114	88	39	93	96	10	35	26	41	9	11	6	65	54	34	26	32	24	26
0	0	0	0	0	0	0	0	0	0	0	0	0	0	0	0	0	0	0	0	0	0	0	0	0	0	0	0	0	0	0	0	0	0	0	0	0	0	0	0	0	0	0	0	103	98	99	39	55	41	20	75	89	73	84	123	122	11	108	108	110	122	87	54	54	103	4	7	2	26	77	4	70	64	62	20	36	117	101	16	75	75	111	73	46	29	93	28	41	29	69	70	18	7	22	109	110	115	72	72	13	117	61	77	71	85	6	77	126	102	123	67	23	42	49	22	2	70	98	48	94	27	102	13	65	25	22	91
0	0	0	0	0	0	0	0	0	0	0	0	0	0	0	0	0	0	0	0	0	0	0	0	0	0	0	0	0	0	0	0	0	0	0	0	0	0	0	0	0	0	0	0	0	100	66	98	78	104	114	111	64	102	35	96	22	88	118	127	101	9	11	94	59	114	30	27	43	8	4	34	67	75	98	47	95	68	74	64	98	118	37	72	105	15	119	4	18	45	27	44	105	25	61	52	11	99	52	3	70	69	83	109	65	55	12	24	81	7	38	30	112	110	15	99	28	112	88	38	110	68	104	6	13	78	59	61
0	0	0	0	0	0	0	0	0	0	0	0	0	0	0	0	0	0	0	0	0	0	0	0	0	0	0	0	0	0	0	0	0	0	0	0	0	0	0	0	0	0	0	0	0	0	68	41	36	6	62	41	116	101	108	91	68	44	64	125	53	57	54	70	125	46	125	73	96	85	105	52	50	24	95	71	7	20	63	126	46	15	118	75	92	36	5	49	77	121	101	122	4	86	92	18	17	33	39	119	105	89	114	94	84	9	87	26	128	10	81	61	120	3	38	117	71	126	9	101	48	116	86	113	3	56	73	97
0	0	0	0	0	0	0	0	0	0	0	0	0	0	0	0	0	0	0	0	0	0	0	0	0	0	0	0	0	0	0	0	0	0	0	0	0	0	0	0	0	0	0	0	0	0	0	29	68	94	123	84	52	60	112	111	27	48	99	27	115	37	2	128	50	110	38	60	55	71	34	52	97	35	71	9	37	12	40	28	118	75	39	125	46	73	25	67	29	104	43	17	53	94	5	26	10	111	24	84	10	12	33	118	114	22	90	9	64	54	2	69	59	55	24	34	36	81	15	55	98	78	50	48	7	84	125	81
0	0	0	0	0	0	0	0	0	0	0	0	0	0	0	0	0	0	0	0	0	0	0	0	0	0	0	0	0	0	0	0	0	0	0	0	0	0	0	0	0	0	0	0	0	0	0	0	125	76	82	3	36	119	127	123	47	41	115	112	73	118	102	14	68	77	78	95	102	4	25	3	15	76	47	47	46	107	75	66	117	102	100	63	28	71	46	92	16	84	108	14	87	23	46	38	65	45	31	26	58	45	107	11	122	2	33	39	37	1	103	34	100	83	93	101	85	37	12	33	74	3	56	4	27	27	20	121
0	0	0	0	0	0	0	0	0	0	0	0	0	0	0	0	0	0	0	0	0	0	0	0	0	0	0	0	0	0	0	0	0	0	0	0	0	0	0	0	0	0	0	0	0	0	0	0	0	111	19	92	103	124	101	45	64	88	2	128	121	63	66	12	123	32	18	107	59	80	41	95	106	28	78	55	107	36	30	74	71	86	92	96	25	12	126	24	107	45	2	98	87	39	99	24	76	102	119	68	3	35	75	55	68	23	98	20	31	41	14	1	72	78	109	48	106	29	126	107	122	25	39	82	67	56	52	87
0	0	0	0	0	0	0	0	0	0	0	0	0	0	0	0	0	0	0	0	0	0	0	0	0	0	0	0	0	0	0	0	0	0	0	0	0	0	0	0	0	0	0	0	0	0	0	0	0	0	35	114	102	11	23	53	125	91	84	36	52	59	53	54	3	53	116	37	92	67	32	120	28	84	70	11	16	18	100	103	19	79	43	59	101	103	110	125	17	68	108	86	74	61	98	84	18	89	13	124	56	90	64	23	55	107	77	60	74	49	36	66	44	17	61	19	104	90	76	45	121	55	81	49	17	17	49	98
0	0	0	0	0	0	0	0	0	0	0	0	0	0	0	0	0	0	0	0	0	0	0	0	0	0	0	0	0	0	0	0	0	0	0	0	0	0	0	0	0	0	0	0	0	0	0	0	0	0	0	52	69	71	42	47	86	46	116	69	118	67	6	100	105	124	35	99	84	46	54	92	27	100	95	82	1	115	50	17	4	99	48	3	57	92	101	25	13	117	9	74	19	25	95	78	50	96	85	63	122	93	49	23	44	99	126	96	107	62	71	20	118	10	28	111	83	114	77	56	76	69	47	95	69	69	88	82
0	0	0	0	0	0	0	0	0	0	0	0	0	0	0	0	0	0	0	0	0	0	0	0	0	0	0	0	0	0	0	0	0	0	0	0	0	0	0	0	0	0	0	0	0	0	0	0	0	0	0	0	40	8	22	22	32	78	86	31	127	69	6	119	94	31	6	57	76	94	16	19	56	93	14	28	58	25	20	19	38	25	61	63	50	74	44	78	112	92	32	88	56	64	34	111	100	91	71	51	124	12	15	103	55	6	104	99	108	76	50	6	17	2	14	26	5	5	58	30	61	94	43	56	76	14	125	102
0	0	0	0	0	0	0	0	0	0	0	0	0	0	0	0	0	0	0	0	0	0	0	0	0	0	0	0	0	0	0	0	0	0	0	0	0	0	0	0	0	0	0	0	0	0	0	0	0	0	0	0	0	62	70	76	73	31	110	30	20	107	100	82	17	48	81	56	121	123	102	86	22	128	104	55	20	60	72	57	69	49	122	48	1	103	67	8	7	70	73	25	15	27	79	110	100	57	56	27	13	34	70	10	123	25	35	35	109	68	43	62	87	96	28	106	49	52	13	55	25	46	10	37	51	9	71	26
0	0	0	0	0	0	0	0	0	0	0	0	0	0	0	0	0	0	0	0	0	0	0	0	0	0	0	0	0	0	0	0	0	0	0	0	0	0	0	0	0	0	0	0	0	0	0	0	0	0	0	0	0	0	111	42	37	1	37	40	81	72	116	68	56	14	34	82	22	40	83	110	114	90	38	74	17	72	36	17	117	74	69	16	112	84	2	63	105	83	56	41	115	52	102	126	55	117	89	60	1	33	58	16	28	27	46	14	5	5	5	71	75	36	93	101	20	7	7	17	120	36	71	29	128	77	126	80
0	0	0	0	0	0	0	0	0	0	0	0	0	0	0	0	0	0	0	0	0	0	0	0	0	0	0	0	0	0	0	0	0	0	0	0	0	0	0	0	0	0	0	0	0	0	0	0	0	0	0	0	0	0	0	117	46	127	30	30	50	74	1	49	50	79	32	62	57	45	48	20	63	80	51	3	51	80	96	109	69	95	44	112	46	110	21	117	125	102	13	128	90	16	94	70	66	96	51	16	67	100	67	56	18	88	44	63	55	45	26	23	13	117	4	93	33	119	127	77	16	58	24	112	73	12	22	2
0	0	0	0	0	0	0	0	0	0	0	0	0	0	0	0	0	0	0	0	0	0	0	0	0	0	0	0	0	0	0	0	0	0	0	0	0	0	0	0	0	0	0	0	0	0	0	0	0	0	0	0	0	0	0	0	9	1	51	25	39	86	78	19	39	128	68	69	113	24	69	54	13	85	10	28	34	37	72	110	88	60	51	81	95	63	110	83	103	101	17	90	5	39	36	99	51	41	89	96	29	125	112	76	113	94	126	110	62	52	126	88	96	7	120	102	61	52	86	43	49	6	53	124	13	115	42	89
0	0	0	0	0	0	0	0	0	0	0	0	0	0	0	0	0	0	0	0	0	0	0	0	0	0	0	0	0	0	0	0	0	0	0	0	0	0	0	0	0	0	0	0	0	0	0	0	0	0	0	0	0	0	0	0	0	97	6	44	67	17	78	65	59	101	67	72	63	48	69	60	2	79	20	30	84	10	110	17	7	60	14	35	119	10	89	93	6	102	101	6	60	95	95	99	75	57	1	15	68	104	53	103	19	99	103	96	37	95	62	42	47	76	83	8	116	97	85	47	3	9	104	88	81	60	122	88
0	0	0	0	0	0	0	0	0	0	0	0	0	0	0	0	0	0	0	0	0	0	0	0	0	0	0	0	0	0	0	0	0	0	0	0	0	0	0	0	0	0	0	0	0	0	0	0	0	0	0	0	0	0	0	0	0	0	113	10	120	77	85	2	70	44	9	114	109	76	59	47	43	113	93	28	107	49	67	50	87	52	55	7	21	82	40	79	11	23	49	96	124	54	111	26	51	104	52	84	119	116	44	11	9	57	109	95	57	126	128	116	84	118	35	42	77	97	27	123	93	80	71	78	51	100	20	35
0	0	0	0	0	0	0	0	0	0	0	0	0	0	0	0	0	0	0	0	0	0	0	0	0	0	0	0	0	0	0	0	0	0	0	0	0	0	0	0	0	0	0	0	0	0	0	0	0	0	0	0	0	0	0	0	0	0	0	121	69	82	6	115	64	13	68	99	84	124	87	29	89	15	37	26	102	36	101	21	58	19	118	76	71	42	68	99	114	25	15	72	51	44	1	88	41	42	40	107	83	67	67	15	10	83	17	85	125	32	48	63	47	117	32	95	34	117	5	101	29	86	13	73	30	89	53	66
0	0	0	0	0	0	0	0	0	0	0	0	0	0	0	0	0	0	0	0	0	0	0	0	0	0	0	0	0	0	0	0	0	0	0	0	0	0	0	0	0	0	0	0	0	0	0	0	0	0	0	0	0	0	0	0	0	0	0	0	108	41	96	115	116	37	18	58	54	126	22	45	63	8	101	92	127	122	86	92	95	93	19	19	86	90	60	8	50	92	70	68	53	107	92	85	31	105	108	82	2	84	121	57	53	33	92	39	86	89	80	6	119	45	9	66	70	51	117	92	128	80	51	69	55	65	61	66
0	0	0	0	0	0	0	0	0	0	0	0	0	0	0	0	0	0	0	0	0	0	0	0	0	0	0	0	0	0	0	0	0	0	0	0	0	0	0	0	0	0	0	0	0	0	0	0	0	0	0	0	0	0	0	0	0	0	0	0	0	53	5	83	46	93	26	69	82	1	57	47	98	2	112	10	123	40	29	23	109	78	99	46	116	29	13	55	77	119	50	114	37	77	64	38	128	104	49	115	95	92	125	27	6	22	31	72	110	85	108	12	63	2	7	73	115	103	117	120	74	58	117	67	42	31	49	34
0	0	0	0	0	0	0	0	0	0	0	0	0	0	0	0	0	0	0	0	0	0	0	0	0	0	0	0	0	0	0	0	0	0	0	0	0	0	0	0	0	0	0	0	0	0	0	0	0	0	0	0	0	0	0	0	0	0	0	0	0	0	40	20	99	30	116	34	113	41	15	93	104	60	119	37	37	72	115	82	40	119	64	73	94	73	93	88	113	44	38	101	65	25	50	7	104	37	7	65	94	92	71	87	103	85	89	62	81	68	100	108	11	62	126	53	63	118	56	86	81	89	119	67	17	57	29	97
0	0	0	0	0	0	0	0	0	0	0	0	0	0	0	0	0	0	0	0	0	0	0	0	0	0	0	0	0	0	0	0	0	0	0	0	0	0	0	0	0	0	0	0	0	0	0	0	0	0	0	0	0	0	0	0	0	0	0	0	0	0	0	21	113	86	53	107	122	10	48	42	45	27	119	109	109	120	64	14	92	25	48	91	106	37	110	116	91	66	5	52	102	27	32	62	97	86	33	61	111	19	120	72	11	6	24	102	5	109	127	58	43	72	73	92	16	127	8	78	4	89	98	68	104	119	4	65
0	0	0	0	0	0	0	0	0	0	0	0	0	0	0	0	0	0	0	0	0	0	0	0	0	0	0	0	0	0	0	0	0	0	0	0	0	0	0	0	0	0	0	0	0	0	0	0	0	0	0	0	0	0	0	0	0	0	0	0	0	0	0	0	94	25	33	111	7	56	84	5	105	83	37	87	46	49	72	83	1	124	11	24	118	63	113	46	76	68	3	95	33	1	6	30	18	104	60	41	97	66	120	23	71	99	7	94	53	36	36	118	92	74	125	31	96	20	25	70	44	57	16	111	97	1	99	39
0	0	0	0	0	0	0	0	0	0	0	0	0	0	0	0	0	0	0	0	0	0	0	0	0	0	0	0	0	0	0	0	0	0	0	0	0	0	0	0	0	0	0	0	0	0	0	0	0	0	0	0	0	0	0	0	0	0	0	0	0	0	0	0	0	27	52	28	77	3	57	74	8	67	109	80	31	5	105	98	9	21	47	19	100	67	88	19	83	34	105	16	34	83	94	39	61	87	34	109	33	80	80	119	112	88	120	86	120	69	77	67	48	10	110	112	9	112	41	108	45	76	40	49	115	115	92	45
0	0	0	0	0	0	0	0	0	0	0	0	0	0	0	0	0	0	0	0	0	0	0	0	0	0	0	0	0	0	0	0	0	0	0	0	0	0	0	0	0	0	0	0	0	0	0	0	0	0	0	0	0	0	0	0	0	0	0	0	0	0	0	0	0	0	63	20	124	8	35	9	81	25	122	16	33	27	25	76	103	28	4	20	61	55	66	53	30	75	37	1	105	91	13	22	89	53	47	73	46	82	84	48	90	55	44	19	9	73	67	43	2	31	85	116	23	45	2	45	9	85	37	87	114	92	85	125
0	0	0	0	0	0	0	0	0	0	0	0	0	0	0	0	0	0	0	0	0	0	0	0	0	0	0	0	0	0	0	0	0	0	0	0	0	0	0	0	0	0	0	0	0	0	0	0	0	0	0	0	0	0	0	0	0	0	0	0	0	0	0	0	0	0	0	102	25	72	63	34	20	73	39	48	83	123	13	117	16	5	52	14	108	88	115	12	119	82	62	75	51	18	39	41	70	23	79	56	71	68	91	74	36	77	48	49	60	30	46	78	106	73	124	37	56	48	94	65	90	114	85	41	14	106	4	45
0	0	0	0	0	0	0	0	0	0	0	0	0	0	0	0	0	0	0	0	0	0	0	0	0	0	0	0	0	0	0	0	0	0	0	0	0	0	0	0	0	0	0	0	0	0	0	0	0	0	0	0	0	0	0	0	0	0	0	0	0	0	0	0	0	0	0	0	35	46	54	102	97	125	60	52	20	100	99	128	119	72	69	117	43	103	64	20	50	35	22	59	24	49	22	16	88	25	113	68	93	67	95	67	58	10	63	32	74	18	113	111	13	106	74	76	55	124	86	83	100	123	9	109	58	125	104	87
0	0	0	0	0	0	0	0	0	0	0	0	0	0	0	0	0	0	0	0	0	0	0	0	0	0	0	0	0	0	0	0	0	0	0	0	0	0	0	0	0	0	0	0	0	0	0	0	0	0	0	0	0	0	0	0	0	0	0	0	0	0	0	0	0	0	0	0	0	87	13	17	109	70	42	65	70	122	101	120	63	107	15	14	56	12	51	10	22	47	113	63	11	94	46	33	26	51	43	112	92	102	93	52	12	34	85	39	28	118	4	54	76	118	123	52	28	66	53	106	66	56	82	84	44	110	45	75
0	0	0	0	0	0	0	0	0	0	0	0	0	0	0	0	0	0	0	0	0	0	0	0	0	0	0	0	0	0	0	0	0	0	0	0	0	0	0	0	0	0	0	0	0	0	0	0	0	0	0	0	0	0	0	0	0	0	0	0	0	0	0	0	0	0	0	0	0	0	38	56	31	30	83	88	112	118	17	59	39	72	18	36	3	116	2	44	30	82	90	116	4	106	1	113	106	55	46	110	52	38	60	120	23	112	35	43	24	38	40	49	89	119	28	43	10	7	2	78	66	89	91	92	55	81	100	85
0	0	0	0	0	0	0	0	0	0	0	0	0	0	0	0	0	0	0	0	0	0	0	0	0	0	0	0	0	0	0	0	0	0	0	0	0	0	0	0	0	0	0	0	0	0	0	0	0	0	0	0	0	0	0	0	0	0	0	0	0	0	0	0	0	0	0	0	0	0	0	99	109	91	108	104	104	2	56	30	28	54	69	56	119	2	47	125	28	68	31	42	109	58	11	27	33	87	62	12	82	15	113	35	28	116	121	32	80	37	16	71	61	7	73	124	32	62	12	11	73	122	107	71	11	101	35	80
0	0	0	0	0	0	0	0	0	0	0	0	0	0	0	0	0	0	0	0	0	0	0	0	0	0	0	0	0	0	0	0	0	0	0	0	0	0	0	0	0	0	0	0	0	0	0	0	0	0	0	0	0	0	0	0	0	0	0	0	0	0	0	0	0	0	0	0	0	0	0	0	127	97	120	2	74	67	102	54	90	32	51	72	67	36	95	116	114	100	34	7	57	60	111	14	67	17	23	11	60	87	21	37	82	92	29	57	86	103	93	28	107	101	125	75	115	10	56	63	12	45	118	47	123	92	123	12
0	0	0	0	0	0	0	0	0	0	0	0	0	0	0	0	0	0	0	0	0	0	0	0	0	0	0	0	0	0	0	0	0	0	0	0	0	0	0	0	0	0	0	0	0	0	0	0	0	0	0	0	0	0	0	0	0	0	0	0	0	0	0	0	0	0	0	0	0	0	0	0	0	8	119	60	7	6	67	39	104	92	124	1	105	118	68	106	59	118	99	79	121	42	14	99	90	3	63	56	79	105	77	9	122	123	45	88	7	54	58	71	91	73	27	92	114	104	127	7	31	119	54	35	30	43	48	25
0	0	0	0	0	0	0	0	0	0	0	0	0	0	0	0	0	0	0	0	0	0	0	0	0	0	0	0	0	0	0	0	0	0	0	0	0	0	0	0	0	0	0	0	0	0	0	0	0	0	0	0	0	0	0	0	0	0	0	0	0	0	0	0	0	0	0	0	0	0	0	0	0	0	17	1	39	63	43	106	106	124	91	86	78	123	78	109	124	25	23	76	24	58	56	118	116	30	97	26	31	78	9	38	89	52	18	8	34	18	49	81	103	8	87	90	37	56	6	60	2	14	15	40	42	62	55	29
0	0	0	0	0	0	0	0	0	0	0	0	0	0	0	0	0	0	0	0	0	0	0	0	0	0	0	0	0	0	0	0	0	0	0	0	0	0	0	0	0	0	0	0	0	0	0	0	0	0	0	0	0	0	0	0	0	0	0	0	0	0	0	0	0	0	0	0	0	0	0	0	0	0	0	79	51	64	76	16	37	71	86	30	48	81	30	125	42	80	27	86	100	39	54	30	94	103	114	44	68	23	66	88	22	100	97	80	38	56	95	22	105	48	16	4	9	42	43	28	115	103	26	101	71	40	44	42
0	0	0	0	0	0	0	0	0	0	0	0	0	0	0	0	0	0	0	0	0	0	0	0	0	0	0	0	0	0	0	0	0	0	0	0	0	0	0	0	0	0	0	0	0	0	0	0	0	0	0	0	0	0	0	0	0	0	0	0	0	0	0	0	0	0	0	0	0	0	0	0	0	0	0	0	63	82	76	78	56	60	76	94	116	109	30	44	4	103	39	60	128	94	101	16	29	79	48	10	121	11	100	47	66	126	86	125	94	23	50	20	123	27	39	30	27	41	109	43	51	127	123	14	89	4	74	7
0	0	0	0	0	0	0	0	0	0	0	0	0	0	0	0	0	0	0	0	0	0	0	0	0	0	0	0	0	0	0	0	0	0	0	0	0	0	0	0	0	0	0	0	0	0	0	0	0	0	0	0	0	0	0	0	0	0	0	0	0	0	0	0	0	0	0	0	0	0	0	0	0	0	0	0	0	95	89	53	117	52	101	4	5	115	69	46	122	28	54	24	20	21	35	120	29	35	105	23	94	87	52	32	54	89	60	56	31	91	29	111	118	48	128	88	87	7	4	98	38	87	26	21	39	97	58	5
0	0	0	0	0	0	0	0	0	0	0	0	0	0	0	0	0	0	0	0	0	0	0	0	0	0	0	0	0	0	0	0	0	0	0	0	0	0	0	0	0	0	0	0	0	0	0	0	0	0	0	0	0	0	0	0	0	0	0	0	0	0	0	0	0	0	0	0	0	0	0	0	0	0	0	0	0	0	120	52	107	40	39	15	95	116	112	62	45	4	78	34	101	56	71	94	51	94	69	17	110	56	82	41	1	45	105	68	64	52	31	20	96	107	76	43	93	59	114	79	77	121	6	3	10	10	94	18
0	0	0	0	0	0	0	0	0	0	0	0	0	0	0	0	0	0	0	0	0	0	0	0	0	0	0	0	0	0	0	0	0	0	0	0	0	0	0	0	0	0	0	0	0	0	0	0	0	0	0	0	0	0	0	0	0	0	0	0	0	0	0	0	0	0	0	0	0	0	0	0	0	0	0	0	0	0	0	38	14	86	9	95	57	77	113	92	83	125	16	11	113	32	21	55	67	102	64	99	92	21	123	30	120	44	104	19	85	68	11	50	2	122	78	52	39	69	69	86	122	2	48	68	30	23	24	60
0	0	0	0	0	0	0	0	0	0	0	0	0	0	0	0	0	0	0	0	0	0	0	0	0	0	0	0	0	0	0	0	0	0	0	0	0	0	0	0	0	0	0	0	0	0	0	0	0	0	0	0	0	0	0	0	0	0	0	0	0	0	0	0	0	0	0	0	0	0	0	0	0	0	0	0	0	0	0	0	104	50	23	1	59	62	80	111	50	6	70	116	83	127	110	103	60	24	114	79	47	54	31	78	124	32	8	69	66	79	28	111	49	41	35	36	110	86	18	101	90	41	118	46	121	97	84	49
0	0	0	0	0	0	0	0	0	0	0	0	0	0	0	0	0	0	0	0	0	0	0	0	0	0	0	0	0	0	0	0	0	0	0	0	0	0	0	0	0	0	0	0	0	0	0	0	0	0	0	0	0	0	0	0	0	0	0	0	0	0	0	0	0	0	0	0	0	0	0	0	0	0	0	0	0	0	0	0	0	125	21	115	75	98	83	119	52	94	36	109	117	61	114	62	67	30	24	41	118	89	122	76	80	65	28	112	70	27	48	47	115	36	67	107	103	16	51	59	87	9	63	39	17	105	16	39
0	0	0	0	0	0	0	0	0	0	0	0	0	0	0	0	0	0	0	0	0	0	0	0	0	0	0	0	0	0	0	0	0	0	0	0	0	0	0	0	0	0	0	0	0	0	0	0	0	0	0	0	0	0	0	0	0	0	0	0	0	0	0	0	0	0	0	0	0	0	0	0	0	0	0	0	0	0	0	0	0	0	81	24	86	79	64	121	88	23	51	78	123	111	96	49	89	124	68	69	46	30	92	20	23	98	126	127	121	80	79	19	118	36	19	123	43	57	40	18	32	107	116	20	104	45	76	80
0	0	0	0	0	0	0	0	0	0	0	0	0	0	0	0	0	0	0	0	0	0	0	0	0	0	0	0	0	0	0	0	0	0	0	0	0	0	0	0	0	0	0	0	0	0	0	0	0	0	0	0	0	0	0	0	0	0	0	0	0	0	0	0	0	0	0	0	0	0	0	0	0	0	0	0	0	0	0	0	0	0	0	66	62	104	46	113	75	44	9	121	109	86	103	102	110	128	44	39	92	68	94	90	48	116	27	61	77	93	95	46	99	5	36	7	112	88	29	14	7	25	98	48	73	47	14	103
0	0	0	0	0	0	0	0	0	0	0	0	0	0	0	0	0	0	0	0	0	0	0	0	0	0	0	0	0	0	0	0	0	0	0	0	0	0	0	0	0	0	0	0	0	0	0	0	0	0	0	0	0	0	0	0	0	0	0	0	0	0	0	0	0	0	0	0	0	0	0	0	0	0	0	0	0	0	0	0	0	0	0	0	22	86	80	102	93	100	19	60	114	52	105	100	43	91	36	41	104	2	116	78	65	78	77	104	51	91	71	117	25	19	42	3	115	77	43	56	29	39	64	89	124	84	4	55
0	0	0	0	0	0	0	0	0	0	0	0	0	0	0	0	0	0	0	0	0	0	0	0	0	0	0	0	0	0	0	0	0	0	0	0	0	0	0	0	0	0	0	0	0	0	0	0	0	0	0	0	0	0	0	0	0	0	0	0	0	0	0	0	0	0	0	0	0	0	0	0	0	0	0	0	0	0	0	0	0	0	0	0	0	4	42	22	50	96	104	124	116	48	117	117	86	116	108	15	109	22	85	123	46	104	69	54	52	111	12	14	47	118	40	74	5	113	101	92	51	8	78	38	11	40	72	49
0	0	0	0	0	0	0	0	0	0	0	0	0	0	0	0	0	0	0	0	0	0	0	0	0	0	0	0	0	0	0	0	0	0	0	0	0	0	0	0	0	0	0	0	0	0	0	0	0	0	0	0	0	0	0	0	0	0	0	0	0	0	0	0	0	0	0	0	0	0	0	0	0	0	0	0	0	0	0	0	0	0	0	0	0	0	105	95	82	9	101	68	91	123	97	98	120	119	85	27	108	108	118	91	76	86	101	104	18	18	7	27	36	63	41	8	59	62	19	64	26	94	46	93	36	119	123	4
0	0	0	0	0	0	0	0	0	0	0	0	0	0	0	0	0	0	0	0	0	0	0	0	0	0	0	0	0	0	0	0	0	0	0	0	0	0	0	0	0	0	0	0	0	0	0	0	0	0	0	0	0	0	0	0	0	0	0	0	0	0	0	0	0	0	0	0	0	0	0	0	0	0	0	0	0	0	0	0	0	0	0	0	0	0	0	119	17	49	51	104	103	42	93	95	24	10	55	74	78	100	76	65	66	45	81	78	36	99	97	31	99	83	10	95	45	123	39	30	50	27	101	66	17	64	80	121
0	0	0	0	0	0	0	0	0	0	0	0	0	0	0	0	0	0	0	0	0	0	0	0	0	0	0	0	0	0	0	0	0	0	0	0	0	0	0	0	0	0	0	0	0	0	0	0	0	0	0	0	0	0	0	0	0	0	0	0	0	0	0	0	0	0	0	0	0	0	0	0	0	0	0	0	0	0	0	0	0	0	0	0	0	0	0	0	122	11	110	30	18	47	2	74	64	95	127	122	6	117	17	107	19	78	113	41	51	50	128	126	87	9	118	125	100	112	10	73	5	63	96	93	100	125	124	24
0	0	0	0	0	0	0	0	0	0	0	0	0	0	0	0	0	0	0	0	0	0	0	0	0	0	0	0	0	0	0	0	0	0	0	0	0	0	0	0	0	0	0	0	0	0	0	0	0	0	0	0	0	0	0	0	0	0	0	0	0	0	0	0	0	0	0	0	0	0	0	0	0	0	0	0	0	0	0	0	0	0	0	0	0	0	0	0	0	29	81	98	94	78	24	46	1	63	52	15	9	113	33	7	113	59	58	57	12	94	84	60	30	9	12	31	13	12	92	19	56	35	115	9	69	64	115	14
0	0	0	0	0	0	0	0	0	0	0	0	0	0	0	0	0	0	0	0	0	0	0	0	0	0	0	0	0	0	0	0	0	0	0	0	0	0	0	0	0	0	0	0	0	0	0	0	0	0	0	0	0	0	0	0	0	0	0	0	0	0	0	0	0	0	0	0	0	0	0	0	0	0	0	0	0	0	0	0	0	0	0	0	0	0	0	0	0	0	95	109	35	65	114	40	49	110	54	7	9	111	26	34	74	97	97	57	108	36	37	44	31	34	89	72	55	107	109	109	80	126	113	105	5	108	77	30
0	0	0	0	0	0	0	0	0	0	0	0	0	0	0	0	0	0	0	0	0	0	0	0	0	0	0	0	0	0	0	0	0	0	0	0	0	0	0	0	0	0	0	0	0	0	0	0	0	0	0	0	0	0	0	0	0	0	0	0	0	0	0	0	0	0	0	0	0	0	0	0	0	0	0	0	0	0	0	0	0	0	0	0	0	0	0	0	0	0	0	85	79	114	65	60	114	86	75	39	40	120	101	73	32	58	79	17	112	79	34	21	99	118	101	25	68	111	128	27	108	99	73	116	117	89	110	109
0	0	0	0	0	0	0	0	0	0	0	0	0	0	0	0	0	0	0	0	0	0	0	0	0	0	0	0	0	0	0	0	0	0	0	0	0	0	0	0	0	0	0	0	0	0	0	0	0	0	0	0	0	0	0	0	0	0	0	0	0	0	0	0	0	0	0	0	0	0	0	0	0	0	0	0	0	0	0	0	0	0	0	0	0	0	0	0	0	0	0	0	55	23	53	60	64	80	55	85	86	53	125	103	14	108	26	97	54	19	90	93	42	14	99	30	15	33	62	43	66	83	64	26	96	72	87	60
0	0	0	0	0	0	0	0	0	0	0	0	0	0	0	0	0	0	0	0	0	0	0	0	0	0	0	0	0	0	0	0	0	0	0	0	0	0	0	0	0	0	0	0	0	0	0	0	0	0	0	0	0	0	0	0	0	0	0	0	0	0	0	0	0	0	0	0	0	0	0	0	0	0	0	0	0	0	0	0	0	0	0	0	0	0	0	0	0	0	0	0	0	117	104	76	37	88	96	117	51	23	65	91	65	3	103	94	63	84	46	106	2	43	123	120	78	8	48	113	77	66	53	11	65	85	74	69
0	0	0	0	0	0	0	0	0	0	0	0	0	0	0	0	0	0	0	0	0	0	0	0	0	0	0	0	0	0	0	0	0	0	0	0	0	0	0	0	0	0	0	0	0	0	0	0	0	0	0	0	0	0	0	0	0	0	0	0	0	0	0	0	0	0	0	0	0	0	0	0	0	0	0	0	0	0	0	0	0	0	0	0	0	0	0	0	0	0	0	0	0	0	122	86	89	39	97	10	76	122	128	103	98	57	15	111	78	45	105	102	108	117	65	35	29	110	106	25	22	5	62	33	42	25	24	67
0	0	0	0	0	0	0	0	0	0	0	0	0	0	0	0	0	0	0	0	0	0	0	0	0	0	0	0	0	0	0	0	0	0	0	0	0	0	0	0	0	0	0	0	0	0	0	0	0	0	0	0	0	0	0	0	0	0	0	0	0	0	0	0	0	0	0	0	0	0	0	0	0	0	0	0	0	0	0	0	0	0	0	0	0	0	0	0	0	0	0	0	0	0	0	42	120	28	66	84	10	30	45	51	68	78	85	69	97	36	15	51	85	113	40	89	119	46	100	14	16	121	98	53	120	25	92	117
0	0	0	0	0	0	0	0	0	0	0	0	0	0	0	0	0	0	0	0	0	0	0	0	0	0	0	0	0	0	0	0	0	0	0	0	0	0	0	0	0	0	0	0	0	0	0	0	0	0	0	0	0	0	0	0	0	0	0	0	0	0	0	0	0	0	0	0	0	0	0	0	0	0	0	0	0	0	0	0	0	0	0	0	0	0	0	0	0	0	0	0	0	0	0	0	123	33	91	78	44	16	69	20	127	24	66	119	23	29	40	118	31	81	19	105	17	66	67	33	71	69	89	107	125	11	27	20
0	0	0	0	0	0	0	0	0	0	0	0	0	0	0	0	0	0	0	0	0	0	0	0	0	0	0	0	0	0	0	0	0	0	0	0	0	0	0	0	0	0	0	0	0	0	0	0	0	0	0	0	0	0	0	0	0	0	0	0	0	0	0	0	0	0	0	0	0	0	0	0	0	0	0	0	0	0	0	0	0	0	0	0	0	0	0	0	0	0	0	0	0	0	0	0	0	95	38	76	50	83	34	90	94	33	51	20	51	40	93	113	11	67	87	119	20	116	73	91	89	94	35	124	90	123	88	39
0	0	0	0	0	0	0	0	0	0	0	0	0	0	0	0	0	0	0	0	0	0	0	0	0	0	0	0	0	0	0	0	0	0	0	0	0	0	0	0	0	0	0	0	0	0	0	0	0	0	0	0	0	0	0	0	0	0	0	0	0	0	0	0	0	0	0	0	0	0	0	0	0	0	0	0	0	0	0	0	0	0	0	0	0	0	0	0	0	0	0	0	0	0	0	0	0	0	78	120	1	84	30	83	23	92	80	8	67	73	3	14	82	55	75	94	22	100	107	106	105	23	83	107	108	60	35	110
0	0	0	0	0	0	0	0	0	0	0	0	0	0	0	0	0	0	0	0	0	0	0	0	0	0	0	0	0	0	0	0	0	0	0	0	0	0	0	0	0	0	0	0	0	0	0	0	0	0	0	0	0	0	0	0	0	0	0	0	0	0	0	0	0	0	0	0	0	0	0	0	0	0	0	0	0	0	0	0	0	0	0	0	0	0	0	0	0	0	0	0	0	0	0	0	0	0	0	35	125	39	14	71	54	89	1	55	60	21	26	128	34	20	6	79	15	109	16	114	114	9	67	58	34	19	46	83
0	0	0	0	0	0	0	0	0	0	0	0	0	0	0	0	0	0	0	0	0	0	0	0	0	0	0	0	0	0	0	0	0	0	0	0	0	0	0	0	0	0	0	0	0	0	0	0	0	0	0	0	0	0	0	0	0	0	0	0	0	0	0	0	0	0	0	0	0	0	0	0	0	0	0	0	0	0	0	0	0	0	0	0	0	0	0	0	0	0	0	0	0	0	0	0	0	0	0	0	111	101	41	57	95	3	126	111	74	19	28	126	82	98	76	125	107	97	56	58	85	3	119	44	38	49	25	4
0	0	0	0	0	0	0	0	0	0	0	0	0	0	0	0	0	0	0	0	0	0	0	0	0	0	0	0	0	0	0	0	0	0	0	0	0	0	0	0	0	0	0	0	0	0	0	0	0	0	0	0	0	0	0	0	0	0	0	0	0	0	0	0	0	0	0	0	0	0	0	0	0	0	0	0	0	0	0	0	0	0	0	0	0	0	0	0	0	0	0	0	0	0	0	0	0	0	0	0	0	16	106	31	50	118	73	35	101	102	85	45	4	75	103	45	30	62	65	18	82	11	109	3	117	79	26	91
0	0	0	0	0	0	0	0	0	0	0	0	0	0	0	0	0	0	0	0	0	0	0	0	0	0	0	0	0	0	0	0	0	0	0	0	0	0	0	0	0	0	0	0	0	0	0	0	0	0	0	0	0	0	0	0	0	0	0	0	0	0	0	0	0	0	0	0	0	0	0	0	0	0	0	0	0	0	0	0	0	0	0	0	0	0	0	0	0	0	0	0	0	0	0	0	0	0	0	0	0	0	45	12	64	21	86	50	46	107	57	63	6	39	39	101	89	71	34	98	14	13	128	52	48	87	73	59
0	0	0	0	0	0	0	0	0	0	0	0	0	0	0	0	0	0	0	0	0	0	0	0	0	0	0	0	0	0	0	0	0	0	0	0	0	0	0	0	0	0	0	0	0	0	0	0	0	0	0	0	0	0	0	0	0	0	0	0	0	0	0	0	0	0	0	0	0	0	0	0	0	0	0	0	0	0	0	0	0	0	0	0	0	0	0	0	0	0	0	0	0	0	0	0	0	0	0	0	0	0	0	105	72	108	13	68	34	74	69	32	42	88	54	12	68	107	103	32	102	42	75	87	90	78	111	102
0	0	0	0	0	0	0	0	0	0	0	0	0	0	0	0	0	0	0	0	0	0	0	0	0	0	0	0	0	0	0	0	0	0	0	0	0	0	0	0	0	0	0	0	0	0	0	0	0	0	0	0	0	0	0	0	0	0	0	0	0	0	0	0	0	0	0	0	0	0	0	0	0	0	0	0	0	0	0	0	0	0	0	0	0	0	0	0	0	0	0	0	0	0	0	0	0	0	0	0	0	0	0	0	1	72	34	30	88	3	123	115	49	9	106	95	54	110	15	85	126	69	70	78	7	46	58	67
0	0	0	0	0	0	0	0	0	0	0	0	0	0	0	0	0	0	0	0	0	0	0	0	0	0	0	0	0	0	0	0	0	0	0	0	0	0	0	0	0	0	0	0	0	0	0	0	0	0	0	0	0	0	0	0	0	0	0	0	0	0	0	0	0	0	0	0	0	0	0	0	0	0	0	0	0	0	0	0	0	0	0	0	0	0	0	0	0	0	0	0	0	0	0	0	0	0	0	0	0	0	0	0	0	106	86	94	80	10	103	60	33	89	90	50	37	106	48	104	57	34	2	102	66	91	53	95
0	0	0	0	0	0	0	0	0	0	0	0	0	0	0	0	0	0	0	0	0	0	0	0	0	0	0	0	0	0	0	0	0	0	0	0	0	0	0	0	0	0	0	0	0	0	0	0	0	0	0	0	0	0	0	0	0	0	0	0	0	0	0	0	0	0	0	0	0	0	0	0	0	0	0	0	0	0	0	0	0	0	0	0	0	0	0	0	0	0	0	0	0	0	0	0	0	0	0	0	0	0	0	0	0	0	125	102	74	81	35	113	4	86	76	120	15	26	82	33	122	79	126	124	26	85	72	4
0	0	0	0	0	0	0	0	0	0	0	0	0	0	0	0	0	0	0	0	0	0	0	0	0	0	0	0	0	0	0	0	0	0	0	0	0	0	0	0	0	0	0	0	0	0	0	0	0	0	0	0	0	0	0	0	0	0	0	0	0	0	0	0	0	0	0	0	0	0	0	0	0	0	0	0	0	0	0	0	0	0	0	0	0	0	0	0	0	0	0	0	0	0	0	0	0	0	0	0	0	0	0	0	0	0	0	66	120	116	16	119	33	96	95	3	9	27	72	39	88	23	88	39	56	96	33	50
0	0	0	0	0	0	0	0	0	0	0	0	0	0	0	0	0	0	0	0	0	0	0	0	0	0	0	0	0	0	0	0	0	0	0	0	0	0	0	0	0	0	0	0	0	0	0	0	0	0	0	0	0	0	0	0	0	0	0	0	0	0	0	0	0	0	0	0	0	0	0	0	0	0	0	0	0	0	0	0	0	0	0	0	0	0	0	0	0	0	0	0	0	0	0	0	0	0	0	0	0	0	0	0	0	0	0	0	53	53	62	15	24	85	101	70	121	34	77	82	25	10	84	10	88	40	34	15
0	0	0	0	0	0	0	0	0	0	0	0	0	0	0	0	0	0	0	0	0	0	0	0	0	0	0	0	0	0	0	0	0	0	0	0	0	0	0	0	0	0	0	0	0	0	0	0	0	0	0	0	0	0	0	0	0	0	0	0	0	0	0	0	0	0	0	0	0	0	0	0	0	0	0	0	0	0	0	0	0	0	0	0	0	0	0	0	0	0	0	0	0	0	0	0	0	0	0	0	0	0	0	0	0	0	0	0	0	74	95	102	16	19	85	8	32	105	86	109	113	75	42	31	19	2	32	49
0	0	0	0	0	0	0	0	0	0	0	0	0	0	0	0	0	0	0	0	0	0	0	0	0	0	0	0	0	0	0	0	0	0	0	0	0	0	0	0	0	0	0	0	0	0	0	0	0	0	0	0	0	0	0	0	0	0	0	0	0	0	0	0	0	0	0	0	0	0	0	0	0	0	0	0	0	0	0	0	0	0	0	0	0	0	0	0	0	0	0	0	0	0	0	0	0	0	0	0	0	0	0	0	0	0	0	0	0	0	80	89	40	109	99	117	52	49	120	32	17	49	58	99	77	16	113	34
0	0	0	0	0	0	0	0	0	0	0	0	0	0	0	0	0	0	0	0	0	0	0	0	0	0	0	0	0	0	0	0	0	0	0	0	0	0	0	0	0	0	0	0	0	0	0	0	0	0	0	0	0	0	0	0	0	0	0	0	0	0	0	0	0	0	0	0	0	0	0	0	0	0	0	0	0	0	0	0	0	0	0	0	0	0	0	0	0	0	0	0	0	0	0	0	0	0	0	0	0	0	0	0	0	0	0	0	0	0	0	54	18	79	56	6	100	21	18	75	114	34	113	45	105	63	43	123
0	0	0	0	0	0	0	0	0	0	0	0	0	0	0	0	0	0	0	0	0	0	0	0	0	0	0	0	0	0	0	0	0	0	0	0	0	0	0	0	0	0	0	0	0	0	0	0	0	0	0	0	0	0	0	0	0	0	0	0	0	0	0	0	0	0	0	0	0	0	0	0	0	0	0	0	0	0	0	0	0	0	0	0	0	0	0	0	0	0	0	0	0	0	0	0	0	0	0	0	0	0	0	0	0	0	0	0	0	0	0	0	28	85	21	122	124	48	39	71	6	53	18	78	69	81	105	99
0	0	0	0	0	0	0	0	0	0	0	0	0	0	0	0	0	0	0	0	0	0	0	0	0	0	0	0	0	0	0	0	0	0	0	0	0	0	0	0	0	0	0	0	0	0	0	0	0	0	0	0	0	0	0	0	0	0	0	0	0	0	0	0	0	0	0	0	0	0	0	0	0	0	0	0	0	0	0	0	0	0	0	0	0	0	0	0	0	0	0	0	0	0	0	0	0	0	0	0	0	0	0	0	0	0	0	0	0	0	0	0	0	93	67	90	88	27	42	8	35	99	36	107	61	44	25	110
0	0	0	0	0	0	0	0	0	0	0	0	0	0	0	0	0	0	0	0	0	0	0	0	0	0	0	0	0	0	0	0	0	0	0	0	0	0	0	0	0	0	0	0	0	0	0	0	0	0	0	0	0	0	0	0	0	0	0	0	0	0	0	0	0	0	0	0	0	0	0	0	0	0	0	0	0	0	0	0	0	0	0	0	0	0	0	0	0	0	0	0	0	0	0	0	0	0	0	0	0	0	0	0	0	0	0	0	0	0	0	0	0	0	96	46	5	76	88	108	52	60	37	3	22	7	6	88
0	0	0	0	0	0	0	0	0	0	0	0	0	0	0	0	0	0	0	0	0	0	0	0	0	0	0	0	0	0	0	0	0	0	0	0	0	0	0	0	0	0	0	0	0	0	0	0	0	0	0	0	0	0	0	0	0	0	0	0	0	0	0	0	0	0	0	0	0	0	0	0	0	0	0	0	0	0	0	0	0	0	0	0	0	0	0	0	0	0	0	0	0	0	0	0	0	0	0	0	0	0	0	0	0	0	0	0	0	0	0	0	0	0	0	84	100	92	52	91	40	128	66	11	50	55	55	123
0	0	0	0	0	0	0	0	0	0	0	0	0	0	0	0	0	0	0	0	0	0	0	0	0	0	0	0	0	0	0	0	0	0	0	0	0	0	0	0	0	0	0	0	0	0	0	0	0	0	0	0	0	0	0	0	0	0	0	0	0	0	0	0	0	0	0	0	0	0	0	0	0	0	0	0	0	0	0	0	0	0	0	0	0	0	0	0	0	0	0	0	0	0	0	0	0	0	0	0	0	0	0	0	0	0	0	0	0	0	0	0	0	0	0	0	70	64	42	70	82	56	115	64	103	28	111	53
0	0	0	0	0	0	0	0	0	0	0	0	0	0	0	0	0	0	0	0	0	0	0	0	0	0	0	0	0	0	0	0	0	0	0	0	0	0	0	0	0	0	0	0	0	0	0	0	0	0	0	0	0	0	0	0	0	0	0	0	0	0	0	0	0	0	0	0	0	0	0	0	0	0	0	0	0	0	0	0	0	0	0	0	0	0	0	0	0	0	0	0	0	0	0	0	0	0	0	0	0	0	0	0	0	0	0	0	0	0	0	0	0	0	0	0	0	127	1	51	114	82	96	22	84	6	24	85
0	0	0	0	0	0	0	0	0	0	0	0	0	0	0	0	0	0	0	0	0	0	0	0	0	0	0	0	0	0	0	0	0	0	0	0	0	0	0	0	0	0	0	0	0	0	0	0	0	0	0	0	0	0	0	0	0	0	0	0	0	0	0	0	0	0	0	0	0	0	0	0	0	0	0	0	0	0	0	0	0	0	0	0	0	0	0	0	0	0	0	0	0	0	0	0	0	0	0	0	0	0	0	0	0	0	0	0	0	0	0	0	0	0	0	0	0	0	104	1	99	72	106	48	70	1	90	76
0	0	0	0	0	0	0	0	0	0	0	0	0	0	0	0	0	0	0	0	0	0	0	0	0	0	0	0	0	0	0	0	0	0	0	0	0	0	0	0	0	0	0	0	0	0	0	0	0	0	0	0	0	0	0	0	0	0	0	0	0	0	0	0	0	0	0	0	0	0	0	0	0	0	0	0	0	0	0	0	0	0	0	0	0	0	0	0	0	0	0	0	0	0	0	0	0	0	0	0	0	0	0	0	0	0	0	0	0	0	0	0	0	0	0	0	0	0	0	128	24	52	58	7	91	119	100	56
0	0	0	0	0	0	0	0	0	0	0	0	0	0	0	0	0	0	0	0	0	0	0	0	0	0	0	0	0	0	0	0	0	0	0	0	0	0	0	0	0	0	0	0	0	0	0	0	0	0	0	0	0	0	0	0	0	0	0	0	0	0	0	0	0	0	0	0	0	0	0	0	0	0	0	0	0	0	0	0	0	0	0	0	0	0	0	0	0	0	0	0	0	0	0	0	0	0	0	0	0	0	0	0	0	0	0	0	0	0	0	0	0	0	0	0	0	0	0	0	115	120	44	117	69	64	120	123
0	0	0	0	0	0	0	0	0	0	0	0	0	0	0	0	0	0	0	0	0	0	0	0	0	0	0	0	0	0	0	0	0	0	0	0	0	0	0	0	0	0	0	0	0	0	0	0	0	0	0	0	0	0	0	0	0	0	0	0	0	0	0	0	0	0	0	0	0	0	0	0	0	0	0	0	0	0	0	0	0	0	0	0	0	0	0	0	0	0	0	0	0	0	0	0	0	0	0	0	0	0	0	0	0	0	0	0	0	0	0	0	0	0	0	0	0	0	0	0	0	52	90	38	10	113	124	9
0	0	0	0	0	0	0	0	0	0	0	0	0	0	0	0	0	0	0	0	0	0	0	0	0	0	0	0	0	0	0	0	0	0	0	0	0	0	0	0	0	0	0	0	0	0	0	0	0	0	0	0	0	0	0	0	0	0	0	0	0	0	0	0	0	0	0	0	0	0	0	0	0	0	0	0	0	0	0	0	0	0	0	0	0	0	0	0	0	0	0	0	0	0	0	0	0	0	0	0	0	0	0	0	0	0	0	0	0	0	0	0	0	0	0	0	0	0	0	0	0	0	73	37	77	51	47	79
0	0	0	0	0	0	0	0	0	0	0	0	0	0	0	0	0	0	0	0	0	0	0	0	0	0	0	0	0	0	0	0	0	0	0	0	0	0	0	0	0	0	0	0	0	0	0	0	0	0	0	0	0	0	0	0	0	0	0	0	0	0	0	0	0	0	0	0	0	0	0	0	0	0	0	0	0	0	0	0	0	0	0	0	0	0	0	0	0	0	0	0	0	0	0	0	0	0	0	0	0	0	0	0	0	0	0	0	0	0	0	0	0	0	0	0	0	0	0	0	0	0	0	91	56	39	66	41
0	0	0	0	0	0	0	0	0	0	0	0	0	0	0	0	0	0	0	0	0	0	0	0	0	0	0	0	0	0	0	0	0	0	0	0	0	0	0	0	0	0	0	0	0	0	0	0	0	0	0	0	0	0	0	0	0	0	0	0	0	0	0	0	0	0	0	0	0	0	0	0	0	0	0	0	0	0	0	0	0	0	0	0	0	0	0	0	0	0	0	0	0	0	0	0	0	0	0	0	0	0	0	0	0	0	0	0	0	0	0	0	0	0	0	0	0	0	0	0	0	0	0	0	8	105	35	35
0	0	0	0	0	0	0	0	0	0	0	0	0	0	0	0	0	0	0	0	0	0	0	0	0	0	0	0	0	0	0	0	0	0	0	0	0	0	0	0	0	0	0	0	0	0	0	0	0	0	0	0	0	0	0	0	0	0	0	0	0	0	0	0	0	0	0	0	0	0	0	0	0	0	0	0	0	0	0	0	0	0	0	0	0	0	0	0	0	0	0	0	0	0	0	0	0	0	0	0	0	0	0	0	0	0	0	0	0	0	0	0	0	0	0	0	0	0	0	0	0	0	0	0	0	128	55	47
0	0	0	0	0	0	0	0	0	0	0	0	0	0	0	0	0	0	0	0	0	0	0	0	0	0	0	0	0	0	0	0	0	0	0	0	0	0	0	0	0	0	0	0	0	0	0	0	0	0	0	0	0	0	0	0	0	0	0	0	0	0	0	0	0	0	0	0	0	0	0	0	0	0	0	0	0	0	0	0	0	0	0	0	0	0	0	0	0	0	0	0	0	0	0	0	0	0	0	0	0	0	0	0	0	0	0	0	0	0	0	0	0	0	0	0	0	0	0	0	0	0	0	0	0	0	81	124
0	0	0	0	0	0	0	0	0	0	0	0	0	0	0	0	0	0	0	0	0	0	0	0	0	0	0	0	0	0	0	0	0	0	0	0	0	0	0	0	0	0	0	0	0	0	0	0	0	0	0	0	0	0	0	0	0	0	0	0	0	0	0	0	0	0	0	0	0	0	0	0	0	0	0	0	0	0	0	0	0	0	0	0	0	0	0	0	0	0	0	0	0	0	0	0	0	0	0	0	0	0	0	0	0	0	0	0	0	0	0	0	0	0	0	0	0	0	0	0	0	0	0	0	0	0	0	50
0	0	0	0	0	0	0	0	0	0	0	0	0	0	0	0	0	0	0	0	0	0	0	0	0	0	0	0	0	0	0	0	0	0	0	0	0	0	0	0	0	0	0	0	0	0	0	0	0	0	0	0	0	0	0	0	0	0	0	0	0	0	0	0	0	0	0	0	0	0	0	0	0	0	0	0	0	0	0	0	0	0	0	0	0	0	0	0	0	0	0	0	0	0	0	0	0	0	0	0	0	0	0	0	0	0	0	0	0	0	0	0	0	0	0	0	0	0	0	0	0	0	0	0	0	0	0	0