0	3	47	23	59	113	75	31	102	87	14	43	96	42	89	108	53	91	8	113	80	95	88	114	15	8	39	4	121	10	40	66	48	90	88	96	10	72	49	46	73	104	27	47	42	123	96	124	50	46	78	28	37	118	10	50	62	18	47	59	83	41	119	46	90	39	20	6	6	35	60	127	95	27	49	11	27	22	46	57	46	103	126	28	115	21	45	99	69	5	5	91	69	112	121	51	115	16	105	115	108	58	58	96	120	53	70	53	108	88	55	110	113	19	101	38	106	100	96	1	60	64	67	104	106	90	86	11
0	0	66	54	37	74	10	10	79	14	16	28	13	3	77	56	98	105	99	114	5	22	36	109	112	90	33	37	52	121	54	34	53	29	41	126	21	58	70	85	118	43	39	84	33	79	125	83	123	24	79	34	51	27	15	128	103	22	8	122	23	8	128	63	37	119	49	116	70	47	70	107	69	21	31	101	45	109	54	82	124	73	16	100	60	14	45	3	126	83	3	81	88	38	94	105	4	72	10	79	45	45	113	33	60	93	118	23	126	15	42	41	27	71	117	49	128	28	72	98	16	97	23	90	54	95	75	72
0	0	0	126	6	47	19	88	25	73	30	68	107	11	4	118	128	58	53	113	96	21	74	41	65	42	39	24	62	35	56	85	47	72	98	56	62	27	62	98	82	63	16	26	121	32	128	78	110	104	8	41	32	49	36	20	47	114	96	118	94	27	60	72	45	55	46	109	106	115	102	30	77	36	57	115	83	99	88	100	19	110	31	11	3	118	87	57	81	83	99	40	112	68	49	40	106	124	55	80	21	42	106	92	47	57	93	21	122	31	52	108	70	41	99	100	84	42	27	43	16	31	13	65	58	89	66	118
0	0	0	0	75	47	32	98	125	67	5	125	39	9	123	63	91	99	79	123	34	64	10	64	22	86	44	61	109	70	55	75	68	92	97	43	104	67	11	5	103	47	126	99	31	35	58	38	55	121	117	114	125	126	80	85	78	57	49	26	109	1	95	89	75	55	62	24	104	54	36	16	24	61	48	22	125	22	88	70	120	89	112	49	7	66	50	109	86	28	51	12	79	88	115	75	33	13	94	82	119	46	124	59	34	12	82	41	41	37	50	84	36	82	94	78	52	107	104	115	90	71	87	39	104	71	42	75
0	0	0	0	0	107	120	102	23	33	24	110	97	38	71	7	65	4	69	91	61	42	35	46	116	49	77	61	103	86	5	61	110	72	51	18	110	97	51	53	14	105	70	125	72	119	31	65	30	97	29	68	119	16	83	109	62	39	58	79	29	105	99	83	102	30	53	94	86	95	2	61	43	34	100	41	80	63	84	9	117	108	3	22	68	3	60	45	89	2	53	56	5	78	101	82	6	75	49	13	22	13	44	34	91	35	88	116	43	73	70	6	126	91	13	124	118	21	35	99	21	114	68	10	108	84	71	101
0	0	0	0	0	0	80	108	74	126	82	74	82	36	85	20	48	16	38	23	116	27	111	105	47	99	39	6	39	61	19	94	51	28	110	71	18	45	102	25	1	106	103	63	26	84	96	65	78	99	106	64	107	23	70	119	123	90	98	68	112	83	42	64	106	20	79	4	93	59	34	115	7	125	66	23	107	111	2	4	86	20	40	120	5	121	58	4	25	103	49	50	120	31	102	117	83	95	38	123	31	2	67	7	71	91	80	46	11	8	114	22	117	19	84	117	81	104	127	9	45	91	101	34	121	57	95	57
0	0	0	0	0	0	0	18	110	104	4	114	62	15	11	89	121	124	99	104	121	77	22	36	90	17	53	49	77	44	32	68	63	14	108	71	43	114	33	5	40	63	94	9	13	10	101	117	15	85	7	3	76	115	6	66	17	4	71	13	101	36	41	29	96	65	38	117	2	32	29	88	21	4	57	101	22	116	109	51	58	119	122	44	89	114	7	107	2	98	38	3	62	87	12	42	59	31	59	101	119	75	118	37	20	6	38	5	13	115	78	82	50	10	47	19	62	84	66	34	118	74	114	19	62	122	49	23
0	0	0	0	0	0	0	0	2	120	49	98	12	36	66	28	115	45	114	96	120	47	47	53	104	97	53	5	44	96	67	124	104	23	44	35	30	83	9	24	55	53	91	109	22	55	42	124	128	82	106	87	5	49	114	45	95	4	54	84	86	79	75	74	93	91	47	61	117	87	107	12	35	37	31	12	96	53	29	110	76	105	17	31	83	70	126	105	71	87	61	60	64	66	12	49	26	43	40	43	48	40	82	118	108	63	50	117	35	11	72	97	104	100	71	67	1	41	97	18	77	73	116	31	6	88	85	51
0	0	0	0	0	0	0	0	0	88	112	10	74	116	21	108	105	100	7	54	86	48	118	56	48	93	114	13	85	122	81	56	112	56	96	111	34	49	113	11	64	41	19	80	16	60	44	94	60	12	18	115	107	61	14	2	82	6	14	3	127	69	78	85	43	54	118	70	46	49	80	93	17	22	117	128	56	68	66	109	104	125	14	84	96	16	83	95	82	9	116	97	63	13	123	92	28	17	3	72	24	41	40	21	81	18	55	55	69	40	101	67	22	6	35	116	6	85	53	105	30	105	51	99	39	43	107	64
0	0	0	0	0	0	0	0	0	0	105	39	114	13	100	15	73	23	66	7	38	60	127	36	24	111	83	67	39	65	18	11	107	120	18	121	23	10	50	62	48	5	73	78	42	88	101	25	66	17	45	113	119	17	99	10	123	126	45	128	125	35	56	51	22	118	58	56	37	39	77	15	48	118	98	33	18	51	96	46	115	35	115	20	80	94	95	87	66	44	49	44	12	8	91	71	20	59	27	91	23	11	53	55	110	89	86	76	34	65	80	84	114	93	113	95	55	14	44	74	90	93	46	65	114	61	119	17
0	0	0	0	0	0	0	0	0	0	0	22	5	97	75	108	101	116	25	63	106	120	25	24	57	114	102	98	11	89	107	94	86	110	118	25	21	31	104	117	110	7	61	90	88	80	60	110	119	121	17	40	19	2	93	72	53	112	110	92	1	62	110	47	78	54	4	19	44	14	91	77	38	9	46	108	36	41	121	119	7	128	12	124	66	1	68	69	93	86	15	22	123	89	51	85	75	66	56	68	8	73	33	62	33	75	83	52	41	77	7	26	37	34	127	48	118	114	63	69	77	84	21	72	107	81	78	48
0	0	0	0	0	0	0	0	0	0	0	0	76	106	114	50	67	90	36	73	71	20	13	6	93	62	90	20	70	28	71	48	76	43	70	23	123	46	67	82	43	35	124	110	72	23	1	29	121	36	36	84	21	16	80	73	55	90	121	44	31	53	67	112	48	127	124	13	68	116	12	69	32	18	95	28	40	116	110	1	76	7	111	106	59	2	37	56	86	11	47	106	40	50	24	108	42	8	55	103	118	101	79	104	99	123	35	35	95	38	14	124	32	86	112	88	67	83	94	88	86	93	70	3	63	40	89	29
0	0	0	0	0	0	0	0	0	0	0	0	0	46	19	8	36	66	111	107	70	17	14	127	83	123	46	61	45	93	92	14	35	99	18	73	93	118	112	83	39	8	60	80	118	23	10	100	50	90	60	52	63	54	10	16	123	28	39	54	62	85	46	126	124	114	100	104	44	41	48	36	73	36	60	27	102	53	64	77	112	91	4	85	72	67	77	127	59	112	48	108	10	116	37	63	107	95	112	73	88	104	111	59	11	121	58	62	26	26	2	82	68	54	84	11	7	70	56	10	104	121	6	39	20	45	63	41
0	0	0	0	0	0	0	0	0	0	0	0	0	0	93	91	17	46	73	29	51	79	74	83	14	49	102	68	69	127	47	97	74	17	45	36	83	55	100	72	20	7	28	47	87	115	73	35	27	18	40	98	15	11	127	54	43	124	2	35	85	79	66	16	24	123	112	32	112	63	106	103	64	26	36	79	116	105	51	33	24	16	57	59	111	40	110	85	12	40	57	61	14	109	61	49	6	93	39	7	58	75	5	5	60	11	45	86	123	8	18	95	56	11	38	100	103	44	114	118	89	102	9	49	66	106	83	73
0	0	0	0	0	0	0	0	0	0	0	0	0	0	0	81	111	107	35	32	20	35	61	120	48	60	52	91	16	13	10	40	118	35	80	104	96	70	51	110	45	112	88	17	108	11	9	82	40	92	29	116	33	104	40	125	18	22	70	120	82	44	40	59	106	10	46	117	34	20	123	23	58	55	77	15	12	119	78	67	15	94	71	70	44	40	100	51	123	15	4	82	46	82	105	123	2	33	108	86	102	27	34	93	20	14	3	71	51	28	64	96	53	124	43	61	3	66	111	19	60	72	97	120	111	11	22	27
0	0	0	0	0	0	0	0	0	0	0	0	0	0	0	0	26	20	90	127	108	116	36	16	45	59	124	77	40	107	93	24	79	68	13	26	84	76	11	116	14	73	15	126	106	108	15	27	73	23	107	96	112	122	51	68	74	75	56	123	33	25	69	5	70	59	79	38	113	74	14	116	72	110	71	62	80	116	48	8	13	64	3	116	76	75	17	46	40	49	94	96	108	64	3	127	102	124	86	9	106	13	121	37	78	80	1	96	95	10	116	24	35	59	70	109	23	28	41	15	53	109	43	31	74	71	44	54
0	0	0	0	0	0	0	0	0	0	0	0	0	0	0	0	0	53	10	52	58	8	20	119	58	22	120	122	100	108	38	76	4	98	119	120	103	1	7	100	88	120	116	102	62	121	89	125	50	95	90	69	83	90	102	79	16	78	93	123	50	50	12	20	125	49	23	126	72	41	43	95	91	122	46	97	41	38	35	30	17	29	56	100	70	1	18	21	107	125	48	99	53	54	7	33	113	38	18	85	5	27	119	87	23	11	100	43	53	125	20	68	122	121	87	18	66	1	1	4	58	60	64	41	103	94	95	93
0	0	0	0	0	0	0	0	0	0	0	0	0	0	0	0	0	0	15	104	104	76	87	51	31	33	8	34	78	109	75	78	31	42	119	34	72	83	90	88	41	15	51	66	1	85	66	54	66	49	35	60	18	61	50	99	15	80	43	14	128	15	110	58	95	4	21	76	84	79	87	25	106	97	81	91	50	66	50	70	8	113	10	111	4	58	92	114	100	82	31	54	14	106	57	101	120	77	41	88	97	24	121	114	33	60	112	9	128	83	77	74	98	87	22	125	111	47	95	65	52	74	55	64	96	53	76	99
0	0	0	0	0	0	0	0	0	0	0	0	0	0	0	0	0	0	0	49	84	105	97	78	108	50	110	102	127	105	81	107	29	71	67	37	24	27	37	107	5	71	104	94	86	77	2	126	118	67	17	122	114	110	2	64	4	51	59	103	52	59	17	21	31	19	81	39	58	32	113	87	56	13	75	53	51	111	93	41	122	68	104	38	114	2	32	18	65	38	87	91	118	58	83	28	51	13	26	75	111	126	74	94	38	112	8	12	78	1	56	53	33	49	61	111	31	15	5	20	47	114	114	106	43	111	49	12
0	0	0	0	0	0	0	0	0	0	0	0	0	0	0	0	0	0	0	0	13	17	36	103	77	94	19	34	20	105	103	4	87	26	105	25	33	96	17	125	113	114	97	117	26	93	3	105	64	49	4	123	47	125	106	86	11	105	82	6	111	41	59	86	10	13	9	13	5	14	49	7	95	108	83	101	65	120	6	89	74	53	119	99	104	114	72	44	90	19	127	126	20	20	7	66	96	57	17	58	35	23	124	108	5	16	1	56	72	105	84	99	52	45	115	18	62	23	8	19	6	56	113	123	40	53	34	82
0	0	0	0	0	0	0	0	0	0	0	0	0	0	0	0	0	0	0	0	0	100	20	116	96	8	120	52	10	50	60	81	78	60	19	72	101	17	64	35	28	19	91	20	65	30	122	59	66	114	118	45	66	114	90	43	77	11	123	103	116	22	37	45	35	64	2	20	107	20	24	21	123	15	24	125	70	51	5	111	70	9	39	103	10	89	53	69	79	87	42	84	34	40	76	28	28	31	38	111	1	5	66	100	48	121	105	124	38	82	123	113	107	61	47	111	91	63	9	104	10	81	76	79	68	11	18	41
0	0	0	0	0	0	0	0	0	0	0	0	0	0	0	0	0	0	0	0	0	0	58	100	4	26	61	79	67	43	93	85	1	37	116	100	106	55	92	105	109	17	104	68	11	37	11	48	62	24	90	90	122	77	25	82	59	16	106	78	82	87	115	62	110	13	6	47	61	9	79	25	108	40	38	64	103	85	120	11	75	11	32	73	27	56	89	64	28	15	50	56	46	56	100	60	30	86	68	6	38	99	50	66	108	94	127	45	18	73	42	77	106	86	102	111	36	75	68	82	2	111	61	33	53	47	70	106
0	0	0	0	0	0	0	0	0	0	0	0	0	0	0	0	0	0	0	0	0	0	0	15	17	43	85	12	118	42	119	121	42	40	49	104	118	23	100	64	15	97	24	11	127	90	90	67	84	113	12	64	88	1	113	81	105	25	54	122	100	111	123	69	27	26	90	1	68	59	107	85	66	9	23	27	123	91	45	115	68	127	19	13	98	32	50	24	83	74	59	23	120	40	86	76	104	1	103	37	47	57	99	100	78	27	28	18	33	49	127	46	69	69	45	83	19	109	88	33	25	122	5	70	69	30	68	95
0	0	0	0	0	0	0	0	0	0	0	0	0	0	0	0	0	0	0	0	0	0	0	0	92	17	72	117	62	23	16	7	110	80	9	7	97	78	91	10	40	27	59	23	117	69	7	2	40	119	90	88	79	65	90	4	70	37	19	28	68	20	1	106	3	123	95	97	125	35	107	101	67	89	7	35	67	40	33	7	78	2	76	97	128	51	84	59	26	121	38	125	8	125	119	10	22	52	72	115	71	99	91	103	33	3	124	59	64	100	28	56	110	34	41	14	92	92	4	48	119	51	63	55	112	121	113	71
0	0	0	0	0	0	0	0	0	0	0	0	0	0	0	0	0	0	0	0	0	0	0	0	0	61	1	115	73	95	46	11	59	18	23	38	125	19	11	103	20	74	37	74	7	60	103	122	119	91	106	92	96	34	23	45	120	76	111	103	41	85	93	55	101	89	88	9	117	62	88	81	92	116	34	11	106	92	128	54	93	27	102	98	38	44	111	15	4	92	79	10	52	113	48	123	19	14	81	74	103	125	39	77	7	70	2	64	54	11	127	65	79	109	112	6	68	47	29	106	91	7	5	91	122	88	10	94
0	0	0	0	0	0	0	0	0	0	0	0	0	0	0	0	0	0	0	0	0	0	0	0	0	0	99	108	46	128	64	111	51	73	44	68	39	1	98	42	23	37	62	126	4	12	19	82	92	124	32	30	121	122	123	25	83	114	95	124	124	49	89	60	22	81	115	123	76	33	51	127	24	88	3	51	38	128	40	82	71	91	28	5	14	57	14	32	27	56	3	11	83	56	45	52	48	78	123	119	119	101	13	101	81	41	95	56	54	4	49	28	40	20	107	63	96	73	51	36	19	66	98	21	51	63	45	94
0	0	0	0	0	0	0	0	0	0	0	0	0	0	0	0	0	0	0	0	0	0	0	0	0	0	0	36	57	57	51	51	31	38	19	14	6	109	103	27	2	110	123	128	53	41	55	7	19	39	52	27	73	116	100	84	14	74	121	8	20	12	74	50	124	114	110	96	99	20	65	48	54	127	44	6	96	55	70	125	41	5	112	87	7	12	82	3	38	30	43	8	56	14	33	64	20	93	54	84	79	85	99	105	115	45	109	28	41	2	87	39	46	68	59	59	13	15	128	5	5	4	109	59	126	70	26	2
0	0	0	0	0	0	0	0	0	0	0	0	0	0	0	0	0	0	0	0	0	0	0	0	0	0	0	0	98	18	118	124	58	66	119	115	58	126	120	111	72	43	5	124	86	104	97	28	5	45	62	117	26	89	89	42	80	98	110	99	2	24	122	95	16	38	107	30	19	39	51	78	22	18	107	9	11	45	25	101	30	45	36	99	52	82	1	104	88	19	44	20	47	113	108	39	101	112	41	101	48	34	92	11	105	76	124	59	113	28	3	48	114	40	57	1	81	80	69	43	122	88	91	126	98	50	108	59
0	0	0	0	0	0	0	0	0	0	0	0	0	0	0	0	0	0	0	0	0	0	0	0	0	0	0	0	0	3	48	20	67	118	101	61	125	120	3	127	11	124	33	81	68	89	52	14	56	100	112	90	38	110	84	94	47	26	15	68	13	87	99	79	42	71	12	69	47	16	100	67	92	126	3	97	7	73	8	25	10	125	85	39	103	89	11	67	20	43	74	88	111	71	123	52	16	2	19	58	72	4	67	3	100	69	56	88	56	109	88	43	12	45	29	101	62	69	80	83	113	102	53	88	18	10	85	98
0	0	0	0	0	0	0	0	0	0	0	0	0	0	0	0	0	0	0	0	0	0	0	0	0	0	0	0	0	0	103	78	6	30	13	92	107	37	125	124	116	64	16	82	27	19	40	106	116	122	96	56	46	54	72	10	19	97	55	26	124	81	111	99	16	3	48	35	107	75	85	114	95	102	62	24	48	4	95	62	108	82	65	100	29	65	104	7	29	50	52	22	39	40	31	62	103	94	17	63	46	3	34	85	26	44	41	100	53	79	38	35	71	106	95	43	110	82	37	32	96	96	55	55	5	107	12	41
0	0	0	0	0	0	0	0	0	0	0	0	0	0	0	0	0	0	0	0	0	0	0	0	0	0	0	0	0	0	0	94	4	39	67	37	19	92	108	70	2	91	123	70	93	44	38	1	3	31	20	104	67	123	12	6	47	81	41	87	94	30	75	75	26	49	82	59	107	93	115	58	42	44	62	14	123	101	29	82	78	128	47	99	52	69	110	16	7	8	16	116	109	79	80	46	101	45	97	110	61	63	124	97	88	2	42	88	102	68	57	86	7	78	16	47	75	8	41	114	106	59	69	88	55	57	73	24
0	0	0	0	0	0	0	0	0	0	0	0	0	0	0	0	0	0	0	0	0	0	0	0	0	0	0	0	0	0	0	0	56	26	85	96	21	47	32	118	71	121	119	64	51	102	36	110	106	8	118	92	53	29	45	61	55	100	87	52	10	87	11	17	14	50	66	27	54	96	29	64	35	16	46	2	21	31	79	23	49	59	90	73	78	102	70	21	117	107	120	48	6	47	74	40	86	116	88	54	26	81	98	118	106	120	118	32	19	20	97	97	63	10	33	122	120	94	45	81	47	18	110	48	68	50	82	29
0	0	0	0	0	0	0	0	0	0	0	0	0	0	0	0	0	0	0	0	0	0	0	0	0	0	0	0	0	0	0	0	0	74	119	102	10	58	107	43	68	39	90	125	22	90	41	62	55	98	10	94	85	37	5	65	60	36	38	36	127	84	100	95	73	11	122	89	68	120	48	10	30	93	36	87	128	52	17	45	128	34	46	61	80	111	99	25	13	77	63	62	109	100	80	89	88	17	110	94	102	53	34	109	69	26	126	87	10	111	54	124	122	126	55	57	12	18	63	56	61	48	94	79	113	8	20	113
0	0	0	0	0	0	0	0	0	0	0	0	0	0	0	0	0	0	0	0	0	0	0	0	0	0	0	0	0	0	0	0	0	0	100	87	84	4	7	3	104	78	38	104	50	112	50	65	10	64	1	89	119	43	43	9	67	33	19	117	115	81	27	117	50	117	86	29	25	42	72	16	26	69	3	119	41	82	101	125	119	109	44	124	1	42	118	28	92	60	22	70	95	22	20	32	56	70	53	68	17	83	111	57	21	65	67	99	52	65	88	85	80	17	73	79	59	20	55	105	15	98	25	50	123	11	37	77
0	0	0	0	0	0	0	0	0	0	0	0	0	0	0	0	0	0	0	0	0	0	0	0	0	0	0	0	0	0	0	0	0	0	0	21	35	1	121	65	33	98	47	92	54	126	53	67	108	96	17	60	88	39	36	125	24	113	101	62	44	55	84	56	7	91	121	50	53	48	109	97	82	47	20	63	46	105	65	98	71	53	20	109	8	111	54	96	33	5	73	90	9	72	47	91	84	48	110	100	69	77	47	32	52	92	54	116	51	43	5	66	120	20	74	92	122	33	114	119	96	1	10	45	19	51	2	62
0	0	0	0	0	0	0	0	0	0	0	0	0	0	0	0	0	0	0	0	0	0	0	0	0	0	0	0	0	0	0	0	0	0	0	0	35	13	36	96	73	124	1	117	64	74	53	47	40	51	103	22	72	27	14	112	91	5	43	64	22	79	27	11	4	94	66	99	85	94	21	122	34	45	99	126	110	33	28	79	71	45	6	24	47	66	13	51	93	33	66	92	36	52	25	101	27	48	92	66	61	89	123	68	31	72	62	21	68	93	110	11	113	1	73	25	53	60	67	91	62	94	37	4	20	32	1	39
0	0	0	0	0	0	0	0	0	0	0	0	0	0	0	0	0	0	0	0	0	0	0	0	0	0	0	0	0	0	0	0	0	0	0	0	0	42	23	19	97	11	87	115	95	38	77	111	116	58	59	27	49	97	46	105	76	29	40	97	79	10	36	10	11	106	80	109	98	47	60	110	36	125	94	91	18	84	26	12	95	25	43	1	55	42	107	75	85	1	65	10	19	44	11	6	22	39	35	119	111	115	12	53	122	13	67	94	114	67	79	90	62	8	31	23	110	72	35	59	11	46	32	18	76	70	59	82
0	0	0	0	0	0	0	0	0	0	0	0	0	0	0	0	0	0	0	0	0	0	0	0	0	0	0	0	0	0	0	0	0	0	0	0	0	0	51	72	109	31	124	13	118	113	123	45	16	113	4	96	36	51	68	27	108	11	104	50	32	36	23	63	49	113	101	109	100	56	125	2	98	3	7	46	72	119	13	43	100	104	54	95	89	23	36	71	85	92	2	99	92	9	126	21	115	124	3	126	128	91	94	98	125	9	120	59	60	18	79	124	122	26	70	91	69	4	29	118	60	53	3	24	66	105	120	36
0	0	0	0	0	0	0	0	0	0	0	0	0	0	0	0	0	0	0	0	0	0	0	0	0	0	0	0	0	0	0	0	0	0	0	0	0	0	0	21	10	17	52	40	66	113	34	19	26	125	91	36	115	74	58	107	113	31	72	42	21	90	2	31	33	19	116	57	68	22	89	35	30	49	71	64	20	2	54	101	70	64	18	77	3	117	81	74	67	108	56	52	48	21	115	28	95	113	36	81	35	93	26	51	84	76	9	12	20	120	78	41	15	92	30	66	7	81	7	105	30	125	67	28	118	71	11	87
0	0	0	0	0	0	0	0	0	0	0	0	0	0	0	0	0	0	0	0	0	0	0	0	0	0	0	0	0	0	0	0	0	0	0	0	0	0	0	0	50	72	76	33	35	93	26	76	64	22	22	22	28	57	99	77	93	95	20	9	115	26	118	100	122	111	86	117	78	75	38	13	97	96	43	91	50	15	24	50	110	75	44	93	77	111	117	99	27	101	5	67	40	40	75	51	113	7	93	28	3	75	66	71	65	114	68	28	39	89	79	81	102	14	43	3	30	60	72	111	77	93	81	44	128	37	128	52
0	0	0	0	0	0	0	0	0	0	0	0	0	0	0	0	0	0	0	0	0	0	0	0	0	0	0	0	0	0	0	0	0	0	0	0	0	0	0	0	0	125	91	77	112	127	70	85	40	127	105	31	74	128	30	87	79	42	95	64	95	44	38	29	103	19	117	44	128	111	79	12	7	96	11	35	118	106	90	42	112	5	24	10	100	3	24	90	28	36	70	92	19	21	127	20	123	100	92	107	107	111	41	49	35	110	127	61	1	43	31	119	78	126	106	110	86	71	19	13	90	121	116	45	86	79	38	10
0	0	0	0	0	0	0	0	0	0	0	0	0	0	0	0	0	0	0	0	0	0	0	0	0	0	0	0	0	0	0	0	0	0	0	0	0	0	0	0	0	0	99	9	45	48	95	97	93	3	46	51	97	64	106	70	87	3	19	89	13	95	98	64	13	109	73	113	79	16	123	9	10	86	39	78	65	110	14	55	82	4	96	63	116	97	126	94	83	70	128	27	107	53	126	36	79	10	101	53	4	18	32	99	96	18	108	44	105	71	67	30	2	98	26	4	40	104	101	72	36	48	35	95	128	76	122	45
0	0	0	0	0	0	0	0	0	0	0	0	0	0	0	0	0	0	0	0	0	0	0	0	0	0	0	0	0	0	0	0	0	0	0	0	0	0	0	0	0	0	0	96	83	19	17	41	104	32	92	30	69	89	117	85	36	24	104	19	60	123	90	40	120	96	94	23	118	36	113	15	113	61	15	109	18	79	122	127	68	34	114	82	44	124	35	44	38	2	65	77	127	86	70	62	61	83	50	72	82	37	3	82	29	27	47	114	71	81	126	53	52	47	1	61	43	26	43	108	78	13	100	33	6	33	7	70
0	0	0	0	0	0	0	0	0	0	0	0	0	0	0	0	0	0	0	0	0	0	0	0	0	0	0	0	0	0	0	0	0	0	0	0	0	0	0	0	0	0	0	0	18	111	86	84	123	28	123	96	95	85	107	51	65	105	126	69	24	113	123	71	89	75	36	104	56	50	5	73	84	64	33	93	120	47	60	42	121	91	56	88	59	34	89	21	91	5	109	69	121	34	85	74	63	55	7	51	126	120	91	46	113	50	17	38	115	52	109	34	127	123	36	115	54	106	5	117	73	113	107	54	2	48	33	87
0	0	0	0	0	0	0	0	0	0	0	0	0	0	0	0	0	0	0	0	0	0	0	0	0	0	0	0	0	0	0	0	0	0	0	0	0	0	0	0	0	0	0	0	0	103	25	33	45	18	89	23	20	13	30	74	11	93	55	60	38	18	13	115	68	70	98	8	36	91	42	13	8	78	4	59	75	7	104	104	13	106	11	116	70	65	109	36	56	95	106	9	46	16	26	99	82	84	17	24	96	49	28	82	85	102	48	121	18	100	91	62	86	100	78	64	67	10	15	117	52	61	32	86	71	37	69	108
0	0	0	0	0	0	0	0	0	0	0	0	0	0	0	0	0	0	0	0	0	0	0	0	0	0	0	0	0	0	0	0	0	0	0	0	0	0	0	0	0	0	0	0	0	0	95	46	44	17	120	56	28	94	50	69	106	17	40	60	109	108	85	41	87	15	77	7	12	121	53	16	85	103	30	22	22	83	52	26	89	44	73	59	13	71	72	95	38	15	117	67	67	76	101	121	64	17	30	77	66	56	103	87	109	4	21	58	2	128	88	37	95	61	75	64	35	18	26	108	80	25	48	86	4	64	107	31
0	0	0	0	0	0	0	0	0	0	0	0	0	0	0	0	0	0	0	0	0	0	0	0	0	0	0	0	0	0	0	0	0	0	0	0	0	0	0	0	0	0	0	0	0	0	0	32	4	9	74	75	60	68	46	4	127	87	128	16	22	87	83	59	9	90	96	108	118	34	48	26	53	126	71	36	42	82	69	85	6	12	104	109	102	100	128	95	1	32	106	2	117	24	80	30	93	68	69	32	111	121	103	17	66	9	53	87	25	4	100	97	85	42	128	27	102	50	67	34	75	50	4	114	114	113	38	106
0	0	0	0	0	0	0	0	0	0	0	0	0	0	0	0	0	0	0	0	0	0	0	0	0	0	0	0	0	0	0	0	0	0	0	0	0	0	0	0	0	0	0	0	0	0	0	0	119	14	109	104	56	104	3	121	108	24	90	107	39	40	114	31	79	81	16	64	20	16	42	124	105	67	112	80	55	46	49	17	35	103	39	114	92	47	57	46	21	85	61	73	13	76	93	76	19	48	16	43	111	63	59	31	12	22	64	87	14	63	51	14	18	75	45	110	48	47	58	72	37	52	50	56	79	94	38	84
0	0	0	0	0	0	0	0	0	0	0	0	0	0	0	0	0	0	0	0	0	0	0	0	0	0	0	0	0	0	0	0	0	0	0	0	0	0	0	0	0	0	0	0	0	0	0	0	0	82	87	62	36	85	21	123	85	127	125	34	112	70	101	113	92	22	27	111	87	99	93	86	101	128	94	59	56	72	44	89	123	115	71	35	61	47	75	93	96	5	117	99	47	5	9	77	100	118	101	12	80	75	73	87	118	11	79	3	43	125	110	43	87	126	21	102	9	31	46	118	98	43	116	34	47	35	27	17
0	0	0	0	0	0	0	0	0	0	0	0	0	0	0	0	0	0	0	0	0	0	0	0	0	0	0	0	0	0	0	0	0	0	0	0	0	0	0	0	0	0	0	0	0	0	0	0	0	0	43	16	31	89	53	83	83	36	52	48	22	44	30	95	6	93	36	117	114	72	39	37	32	30	123	23	91	31	67	58	43	23	26	2	59	26	62	112	66	74	101	112	113	104	128	47	53	45	94	86	35	99	95	34	121	80	90	73	35	2	57	8	39	46	100	61	107	72	97	78	29	61	45	112	109	76	126	15
0	0	0	0	0	0	0	0	0	0	0	0	0	0	0	0	0	0	0	0	0	0	0	0	0	0	0	0	0	0	0	0	0	0	0	0	0	0	0	0	0	0	0	0	0	0	0	0	0	0	0	103	55	71	39	103	3	19	108	92	73	30	36	14	61	39	66	9	115	24	122	26	38	97	7	42	118	42	42	2	12	41	128	65	99	19	112	26	23	69	112	26	29	45	102	50	112	14	42	14	116	51	54	74	69	81	2	53	120	55	90	126	13	37	123	92	73	87	7	62	105	86	112	86	38	11	60	38
0	0	0	0	0	0	0	0	0	0	0	0	0	0	0	0	0	0	0	0	0	0	0	0	0	0	0	0	0	0	0	0	0	0	0	0	0	0	0	0	0	0	0	0	0	0	0	0	0	0	0	0	5	109	126	30	80	126	33	45	71	126	32	26	59	103	20	54	14	112	7	126	100	78	44	77	23	122	112	76	96	98	23	9	106	22	67	96	128	104	53	33	30	8	69	14	114	14	19	116	84	127	88	103	3	114	50	88	93	49	4	87	15	81	79	69	121	19	2	27	71	2	7	24	3	31	13	67
0	0	0	0	0	0	0	0	0	0	0	0	0	0	0	0	0	0	0	0	0	0	0	0	0	0	0	0	0	0	0	0	0	0	0	0	0	0	0	0	0	0	0	0	0	0	0	0	0	0	0	0	0	64	41	80	41	58	2	31	69	49	100	7	121	54	56	116	128	55	35	86	106	21	125	79	121	25	46	4	3	4	105	39	118	65	9	79	75	28	16	58	8	54	85	120	54	97	2	85	54	60	62	94	103	33	14	26	10	9	81	70	60	113	27	79	114	53	62	101	49	57	83	111	112	59	115	67
0	0	0	0	0	0	0	0	0	0	0	0	0	0	0	0	0	0	0	0	0	0	0	0	0	0	0	0	0	0	0	0	0	0	0	0	0	0	0	0	0	0	0	0	0	0	0	0	0	0	0	0	0	0	1	22	84	85	96	47	79	78	60	18	101	50	84	40	80	12	122	124	76	69	119	33	120	75	84	68	119	12	49	104	65	34	88	125	35	36	29	82	109	22	28	68	3	64	63	76	9	87	127	49	32	22	61	101	95	106	62	128	128	64	37	117	38	97	81	118	88	5	104	36	54	110	33	117
0	0	0	0	0	0	0	0	0	0	0	0	0	0	0	0	0	0	0	0	0	0	0	0	0	0	0	0	0	0	0	0	0	0	0	0	0	0	0	0	0	0	0	0	0	0	0	0	0	0	0	0	0	0	0	95	112	57	98	47	53	36	114	89	89	118	126	101	63	62	121	79	1	23	25	72	14	95	31	48	8	7	3	73	19	31	43	95	105	6	23	3	2	58	70	11	74	41	95	74	2	65	89	55	38	11	47	12	30	126	118	15	96	61	87	53	125	12	24	17	28	44	28	20	8	76	106	6
0	0	0	0	0	0	0	0	0	0	0	0	0	0	0	0	0	0	0	0	0	0	0	0	0	0	0	0	0	0	0	0	0	0	0	0	0	0	0	0	0	0	0	0	0	0	0	0	0	0	0	0	0	0	0	0	27	118	71	76	101	32	71	38	56	78	95	24	7	22	80	94	65	67	105	115	68	76	85	51	67	69	120	39	101	72	107	6	101	58	28	75	3	12	100	82	112	17	51	48	71	94	55	32	66	94	89	60	60	26	75	36	58	12	110	101	5	70	64	71	101	85	38	28	83	125	32	71
0	0	0	0	0	0	0	0	0	0	0	0	0	0	0	0	0	0	0	0	0	0	0	0	0	0	0	0	0	0	0	0	0	0	0	0	0	0	0	0	0	0	0	0	0	0	0	0	0	0	0	0	0	0	0	0	0	69	1	83	11	52	84	110	124	58	71	67	113	95	99	86	3	86	42	122	67	59	69	7	68	44	12	100	29	127	120	107	50	76	94	110	91	74	20	40	19	35	35	4	117	75	123	50	115	67	32	22	2	11	41	11	75	2	111	96	40	53	54	46	14	25	46	52	118	99	25	124
0	0	0	0	0	0	0	0	0	0	0	0	0	0	0	0	0	0	0	0	0	0	0	0	0	0	0	0	0	0	0	0	0	0	0	0	0	0	0	0	0	0	0	0	0	0	0	0	0	0	0	0	0	0	0	0	0	0	94	104	17	91	120	53	77	81	126	60	8	97	17	68	30	101	100	81	64	38	87	6	125	7	23	30	108	100	84	26	117	27	122	10	115	31	33	69	73	28	95	65	31	12	79	75	10	7	9	83	88	111	120	15	82	83	23	31	128	1	22	74	19	44	102	41	48	18	104	24
0	0	0	0	0	0	0	0	0	0	0	0	0	0	0	0	0	0	0	0	0	0	0	0	0	0	0	0	0	0	0	0	0	0	0	0	0	0	0	0	0	0	0	0	0	0	0	0	0	0	0	0	0	0	0	0	0	0	0	94	8	87	74	122	79	110	115	40	69	97	28	118	53	23	11	20	94	100	99	96	34	33	25	5	61	72	50	57	120	8	8	108	24	115	36	8	101	121	125	100	64	96	36	90	3	98	40	29	41	66	92	5	12	63	115	103	115	57	10	127	60	105	13	58	53	53	108	60
0	0	0	0	0	0	0	0	0	0	0	0	0	0	0	0	0	0	0	0	0	0	0	0	0	0	0	0	0	0	0	0	0	0	0	0	0	0	0	0	0	0	0	0	0	0	0	0	0	0	0	0	0	0	0	0	0	0	0	0	37	119	91	114	94	65	100	55	67	117	44	41	116	61	38	69	55	72	85	87	64	70	6	10	99	89	48	56	47	25	26	110	84	52	100	73	29	117	96	93	101	124	75	19	46	69	96	4	99	41	51	8	96	42	82	105	85	9	69	44	21	1	73	91	68	5	24	117
0	0	0	0	0	0	0	0	0	0	0	0	0	0	0	0	0	0	0	0	0	0	0	0	0	0	0	0	0	0	0	0	0	0	0	0	0	0	0	0	0	0	0	0	0	0	0	0	0	0	0	0	0	0	0	0	0	0	0	0	0	120	52	109	59	22	12	7	93	94	80	45	55	21	46	104	97	6	1	101	14	110	22	104	80	96	43	10	13	69	41	35	45	32	123	101	62	20	88	80	18	103	78	19	109	61	75	80	66	7	127	24	121	9	89	59	4	65	123	61	6	16	83	107	15	30	64	99
0	0	0	0	0	0	0	0	0	0	0	0	0	0	0	0	0	0	0	0	0	0	0	0	0	0	0	0	0	0	0	0	0	0	0	0	0	0	0	0	0	0	0	0	0	0	0	0	0	0	0	0	0	0	0	0	0	0	0	0	0	0	20	40	56	45	54	78	77	72	94	24	11	97	56	122	66	97	127	53	30	58	39	85	128	15	121	34	1	37	74	23	8	16	34	1	54	18	92	6	117	16	21	1	18	26	92	47	69	125	75	103	54	53	112	107	83	28	41	54	88	71	13	20	51	102	42	106
0	0	0	0	0	0	0	0	0	0	0	0	0	0	0	0	0	0	0	0	0	0	0	0	0	0	0	0	0	0	0	0	0	0	0	0	0	0	0	0	0	0	0	0	0	0	0	0	0	0	0	0	0	0	0	0	0	0	0	0	0	0	0	8	95	61	107	58	37	120	110	32	93	68	103	49	128	85	80	96	51	106	89	55	36	20	108	103	1	82	15	73	86	96	33	69	99	63	79	27	91	51	77	13	32	17	96	119	17	51	92	78	96	49	46	12	94	112	70	19	28	64	11	105	18	118	65	35
0	0	0	0	0	0	0	0	0	0	0	0	0	0	0	0	0	0	0	0	0	0	0	0	0	0	0	0	0	0	0	0	0	0	0	0	0	0	0	0	0	0	0	0	0	0	0	0	0	0	0	0	0	0	0	0	0	0	0	0	0	0	0	0	36	6	60	120	26	124	45	78	21	69	56	23	51	63	19	111	25	5	56	12	7	56	42	79	7	34	55	10	88	91	73	41	59	89	112	79	23	93	25	51	65	60	39	12	43	56	3	127	118	14	106	88	43	28	99	119	80	24	11	105	35	101	91	36
0	0	0	0	0	0	0	0	0	0	0	0	0	0	0	0	0	0	0	0	0	0	0	0	0	0	0	0	0	0	0	0	0	0	0	0	0	0	0	0	0	0	0	0	0	0	0	0	0	0	0	0	0	0	0	0	0	0	0	0	0	0	0	0	0	35	122	81	122	120	18	43	46	85	122	80	123	79	87	72	17	62	45	11	6	36	8	99	52	111	79	93	127	55	99	57	126	19	32	33	56	119	2	102	79	35	42	67	28	24	124	125	43	50	104	81	40	59	67	69	64	44	46	84	77	108	104	97
0	0	0	0	0	0	0	0	0	0	0	0	0	0	0	0	0	0	0	0	0	0	0	0	0	0	0	0	0	0	0	0	0	0	0	0	0	0	0	0	0	0	0	0	0	0	0	0	0	0	0	0	0	0	0	0	0	0	0	0	0	0	0	0	0	0	73	67	53	6	2	16	110	74	76	31	34	42	46	97	114	76	38	62	103	54	128	12	33	59	117	37	40	102	94	1	98	40	112	53	104	100	6	120	62	88	99	58	4	7	94	57	89	83	105	109	19	82	63	97	34	118	90	115	83	24	88	93
0	0	0	0	0	0	0	0	0	0	0	0	0	0	0	0	0	0	0	0	0	0	0	0	0	0	0	0	0	0	0	0	0	0	0	0	0	0	0	0	0	0	0	0	0	0	0	0	0	0	0	0	0	0	0	0	0	0	0	0	0	0	0	0	0	0	0	98	74	93	63	62	14	43	21	103	7	32	20	17	4	38	102	35	60	1	34	72	127	126	23	125	66	20	62	9	76	127	81	66	116	109	54	87	44	116	56	60	84	57	115	36	62	19	44	97	54	109	126	19	49	128	106	114	26	80	76	65
0	0	0	0	0	0	0	0	0	0	0	0	0	0	0	0	0	0	0	0	0	0	0	0	0	0	0	0	0	0	0	0	0	0	0	0	0	0	0	0	0	0	0	0	0	0	0	0	0	0	0	0	0	0	0	0	0	0	0	0	0	0	0	0	0	0	0	0	16	104	112	80	118	32	87	86	33	119	98	111	120	17	68	85	103	116	21	44	88	88	48	111	29	39	109	96	55	120	93	123	49	121	6	21	80	104	55	62	23	37	64	30	86	4	38	90	21	108	37	75	110	25	10	71	30	49	124	112
0	0	0	0	0	0	0	0	0	0	0	0	0	0	0	0	0	0	0	0	0	0	0	0	0	0	0	0	0	0	0	0	0	0	0	0	0	0	0	0	0	0	0	0	0	0	0	0	0	0	0	0	0	0	0	0	0	0	0	0	0	0	0	0	0	0	0	0	0	63	119	77	91	65	46	67	3	44	56	96	24	88	117	49	95	70	9	63	1	42	107	15	93	70	54	61	87	125	76	26	126	54	73	88	86	17	98	114	23	8	57	50	69	70	63	20	13	55	81	48	60	9	88	56	94	125	76	100
0	0	0	0	0	0	0	0	0	0	0	0	0	0	0	0	0	0	0	0	0	0	0	0	0	0	0	0	0	0	0	0	0	0	0	0	0	0	0	0	0	0	0	0	0	0	0	0	0	0	0	0	0	0	0	0	0	0	0	0	0	0	0	0	0	0	0	0	0	0	94	51	19	25	11	63	39	20	108	6	1	45	114	14	16	16	7	52	12	78	79	46	38	119	6	54	6	20	32	47	47	125	23	28	56	106	116	125	24	40	88	60	60	109	78	99	97	109	55	15	55	57	58	98	61	87	51	95
0	0	0	0	0	0	0	0	0	0	0	0	0	0	0	0	0	0	0	0	0	0	0	0	0	0	0	0	0	0	0	0	0	0	0	0	0	0	0	0	0	0	0	0	0	0	0	0	0	0	0	0	0	0	0	0	0	0	0	0	0	0	0	0	0	0	0	0	0	0	0	51	106	117	15	99	94	109	96	110	74	117	26	4	45	107	109	22	86	73	96	128	20	37	4	111	94	110	70	120	1	88	38	67	127	116	115	76	26	106	78	77	94	50	94	118	112	123	4	6	20	27	38	59	12	20	50	25
0	0	0	0	0	0	0	0	0	0	0	0	0	0	0	0	0	0	0	0	0	0	0	0	0	0	0	0	0	0	0	0	0	0	0	0	0	0	0	0	0	0	0	0	0	0	0	0	0	0	0	0	0	0	0	0	0	0	0	0	0	0	0	0	0	0	0	0	0	0	0	0	1	51	79	79	75	58	37	128	78	66	41	11	96	98	128	127	63	62	115	48	20	90	110	125	88	4	33	108	53	43	92	94	37	58	125	13	111	53	53	66	69	17	127	40	11	128	61	73	5	3	75	124	66	106	100	76
0	0	0	0	0	0	0	0	0	0	0	0	0	0	0	0	0	0	0	0	0	0	0	0	0	0	0	0	0	0	0	0	0	0	0	0	0	0	0	0	0	0	0	0	0	0	0	0	0	0	0	0	0	0	0	0	0	0	0	0	0	0	0	0	0	0	0	0	0	0	0	0	0	69	30	38	7	93	89	24	89	69	28	72	89	106	47	90	40	16	80	7	34	105	50	22	88	70	33	21	29	24	11	103	74	22	81	128	97	123	54	89	93	47	100	39	106	109	101	49	37	95	38	52	83	5	121	86
0	0	0	0	0	0	0	0	0	0	0	0	0	0	0	0	0	0	0	0	0	0	0	0	0	0	0	0	0	0	0	0	0	0	0	0	0	0	0	0	0	0	0	0	0	0	0	0	0	0	0	0	0	0	0	0	0	0	0	0	0	0	0	0	0	0	0	0	0	0	0	0	0	0	10	18	84	31	27	47	46	85	49	78	105	115	21	85	10	83	103	108	7	60	102	72	85	111	79	69	85	122	105	67	56	19	38	39	1	125	97	91	9	55	96	52	113	105	49	118	100	7	17	52	38	41	77	98
0	0	0	0	0	0	0	0	0	0	0	0	0	0	0	0	0	0	0	0	0	0	0	0	0	0	0	0	0	0	0	0	0	0	0	0	0	0	0	0	0	0	0	0	0	0	0	0	0	0	0	0	0	0	0	0	0	0	0	0	0	0	0	0	0	0	0	0	0	0	0	0	0	0	0	23	7	33	4	70	23	125	22	22	91	119	95	65	90	9	117	125	88	40	55	55	61	19	54	6	14	119	53	81	79	67	47	84	36	121	87	16	126	112	34	62	98	75	28	47	30	88	57	126	56	58	48	78
0	0	0	0	0	0	0	0	0	0	0	0	0	0	0	0	0	0	0	0	0	0	0	0	0	0	0	0	0	0	0	0	0	0	0	0	0	0	0	0	0	0	0	0	0	0	0	0	0	0	0	0	0	0	0	0	0	0	0	0	0	0	0	0	0	0	0	0	0	0	0	0	0	0	0	0	47	127	63	122	114	125	119	38	62	72	99	109	118	39	119	72	109	50	104	38	104	25	7	122	93	124	79	88	123	33	16	72	99	38	118	28	63	15	52	108	36	115	96	11	23	62	53	118	54	66	101	76
0	0	0	0	0	0	0	0	0	0	0	0	0	0	0	0	0	0	0	0	0	0	0	0	0	0	0	0	0	0	0	0	0	0	0	0	0	0	0	0	0	0	0	0	0	0	0	0	0	0	0	0	0	0	0	0	0	0	0	0	0	0	0	0	0	0	0	0	0	0	0	0	0	0	0	0	0	1	69	14	21	64	92	96	101	59	40	24	106	15	108	51	53	56	51	75	11	51	59	99	57	64	89	115	47	119	4	47	27	100	127	23	84	110	20	65	54	48	28	46	11	68	65	69	62	72	52	102
0	0	0	0	0	0	0	0	0	0	0	0	0	0	0	0	0	0	0	0	0	0	0	0	0	0	0	0	0	0	0	0	0	0	0	0	0	0	0	0	0	0	0	0	0	0	0	0	0	0	0	0	0	0	0	0	0	0	0	0	0	0	0	0	0	0	0	0	0	0	0	0	0	0	0	0	0	0	89	19	120	1	112	79	121	109	68	15	79	104	61	63	11	61	111	90	121	18	100	68	87	82	37	14	70	2	27	123	15	72	82	111	99	22	122	40	51	82	108	60	9	46	80	126	29	76	14	121
0	0	0	0	0	0	0	0	0	0	0	0	0	0	0	0	0	0	0	0	0	0	0	0	0	0	0	0	0	0	0	0	0	0	0	0	0	0	0	0	0	0	0	0	0	0	0	0	0	0	0	0	0	0	0	0	0	0	0	0	0	0	0	0	0	0	0	0	0	0	0	0	0	0	0	0	0	0	0	60	2	64	24	74	108	98	109	34	58	107	84	65	27	37	20	74	97	77	66	13	42	89	9	68	54	60	46	124	5	44	126	116	20	24	67	43	101	60	105	12	24	46	3	108	13	104	30	92
0	0	0	0	0	0	0	0	0	0	0	0	0	0	0	0	0	0	0	0	0	0	0	0	0	0	0	0	0	0	0	0	0	0	0	0	0	0	0	0	0	0	0	0	0	0	0	0	0	0	0	0	0	0	0	0	0	0	0	0	0	0	0	0	0	0	0	0	0	0	0	0	0	0	0	0	0	0	0	0	23	17	84	63	44	66	54	95	117	37	61	31	60	62	14	43	99	14	65	21	47	81	29	125	5	38	59	1	54	121	23	60	29	95	107	73	13	118	32	113	123	91	115	117	27	68	63	8
0	0	0	0	0	0	0	0	0	0	0	0	0	0	0	0	0	0	0	0	0	0	0	0	0	0	0	0	0	0	0	0	0	0	0	0	0	0	0	0	0	0	0	0	0	0	0	0	0	0	0	0	0	0	0	0	0	0	0	0	0	0	0	0	0	0	0	0	0	0	0	0	0	0	0	0	0	0	0	0	0	120	82	65	26	122	110	20	32	119	70	5	77	103	82	95	57	79	98	94	111	3	110	123	48	43	71	5	39	9	3	118	71	26	51	92	102	69	75	94	56	61	108	61	84	12	46	18
0	0	0	0	0	0	0	0	0	0	0	0	0	0	0	0	0	0	0	0	0	0	0	0	0	0	0	0	0	0	0	0	0	0	0	0	0	0	0	0	0	0	0	0	0	0	0	0	0	0	0	0	0	0	0	0	0	0	0	0	0	0	0	0	0	0	0	0	0	0	0	0	0	0	0	0	0	0	0	0	0	0	102	10	10	81	33	62	24	44	122	73	92	78	82	120	106	6	25	80	36	77	21	65	46	118	12	61	15	59	109	107	54	85	42	54	39	119	111	30	72	84	1	9	79	60	111	109
0	0	0	0	0	0	0	0	0	0	0	0	0	0	0	0	0	0	0	0	0	0	0	0	0	0	0	0	0	0	0	0	0	0	0	0	0	0	0	0	0	0	0	0	0	0	0	0	0	0	0	0	0	0	0	0	0	0	0	0	0	0	0	0	0	0	0	0	0	0	0	0	0	0	0	0	0	0	0	0	0	0	0	52	2	51	9	45	59	119	121	69	47	69	126	39	121	66	26	116	113	73	123	37	85	9	50	82	109	20	87	10	6	87	111	75	36	113	83	60	86	62	122	31	10	5	105	49
0	0	0	0	0	0	0	0	0	0	0	0	0	0	0	0	0	0	0	0	0	0	0	0	0	0	0	0	0	0	0	0	0	0	0	0	0	0	0	0	0	0	0	0	0	0	0	0	0	0	0	0	0	0	0	0	0	0	0	0	0	0	0	0	0	0	0	0	0	0	0	0	0	0	0	0	0	0	0	0	0	0	0	0	124	88	22	98	86	113	9	11	124	37	125	85	32	34	5	102	11	75	1	54	38	127	79	29	79	3	55	63	30	98	15	90	10	51	57	67	68	32	79	115	124	15	27	70
0	0	0	0	0	0	0	0	0	0	0	0	0	0	0	0	0	0	0	0	0	0	0	0	0	0	0	0	0	0	0	0	0	0	0	0	0	0	0	0	0	0	0	0	0	0	0	0	0	0	0	0	0	0	0	0	0	0	0	0	0	0	0	0	0	0	0	0	0	0	0	0	0	0	0	0	0	0	0	0	0	0	0	0	0	75	39	88	11	67	19	1	70	77	83	101	45	46	125	58	127	120	34	85	116	42	88	67	32	62	55	27	29	87	114	88	87	117	127	106	120	73	128	51	91	32	82	13
0	0	0	0	0	0	0	0	0	0	0	0	0	0	0	0	0	0	0	0	0	0	0	0	0	0	0	0	0	0	0	0	0	0	0	0	0	0	0	0	0	0	0	0	0	0	0	0	0	0	0	0	0	0	0	0	0	0	0	0	0	0	0	0	0	0	0	0	0	0	0	0	0	0	0	0	0	0	0	0	0	0	0	0	0	0	108	109	42	51	67	14	104	99	52	42	100	4	68	27	56	56	115	47	28	23	98	35	30	124	61	122	100	117	85	8	11	99	117	2	84	60	64	17	26	7	59	93
0	0	0	0	0	0	0	0	0	0	0	0	0	0	0	0	0	0	0	0	0	0	0	0	0	0	0	0	0	0	0	0	0	0	0	0	0	0	0	0	0	0	0	0	0	0	0	0	0	0	0	0	0	0	0	0	0	0	0	0	0	0	0	0	0	0	0	0	0	0	0	0	0	0	0	0	0	0	0	0	0	0	0	0	0	0	0	84	13	124	20	119	16	113	22	95	104	123	30	117	54	11	93	84	103	26	121	4	90	109	51	35	89	64	64	95	50	71	61	91	24	46	25	47	119	58	66	31
0	0	0	0	0	0	0	0	0	0	0	0	0	0	0	0	0	0	0	0	0	0	0	0	0	0	0	0	0	0	0	0	0	0	0	0	0	0	0	0	0	0	0	0	0	0	0	0	0	0	0	0	0	0	0	0	0	0	0	0	0	0	0	0	0	0	0	0	0	0	0	0	0	0	0	0	0	0	0	0	0	0	0	0	0	0	0	0	109	91	113	93	29	102	3	59	52	96	122	18	45	87	108	96	91	44	99	25	128	22	102	89	118	20	49	81	11	81	17	22	11	45	109	34	99	128	90	52
0	0	0	0	0	0	0	0	0	0	0	0	0	0	0	0	0	0	0	0	0	0	0	0	0	0	0	0	0	0	0	0	0	0	0	0	0	0	0	0	0	0	0	0	0	0	0	0	0	0	0	0	0	0	0	0	0	0	0	0	0	0	0	0	0	0	0	0	0	0	0	0	0	0	0	0	0	0	0	0	0	0	0	0	0	0	0	0	0	117	86	25	2	55	20	13	122	98	53	36	3	88	59	35	95	75	16	20	97	114	47	22	72	97	2	30	44	25	120	67	65	87	6	24	113	79	15	69
0	0	0	0	0	0	0	0	0	0	0	0	0	0	0	0	0	0	0	0	0	0	0	0	0	0	0	0	0	0	0	0	0	0	0	0	0	0	0	0	0	0	0	0	0	0	0	0	0	0	0	0	0	0	0	0	0	0	0	0	0	0	0	0	0	0	0	0	0	0	0	0	0	0	0	0	0	0	0	0	0	0	0	0	0	0	0	0	0	0	65	89	124	15	12	82	117	21	49	98	73	100	68	3	21	98	60	26	76	83	47	61	7	68	59	57	33	12	112	111	26	56	118	47	89	105	78	68
0	0	0	0	0	0	0	0	0	0	0	0	0	0	0	0	0	0	0	0	0	0	0	0	0	0	0	0	0	0	0	0	0	0	0	0	0	0	0	0	0	0	0	0	0	0	0	0	0	0	0	0	0	0	0	0	0	0	0	0	0	0	0	0	0	0	0	0	0	0	0	0	0	0	0	0	0	0	0	0	0	0	0	0	0	0	0	0	0	0	0	17	50	65	102	75	43	37	104	113	74	69	103	45	102	32	53	11	4	124	126	50	15	13	107	16	95	33	34	28	125	85	88	63	100	5	9	94
0	0	0	0	0	0	0	0	0	0	0	0	0	0	0	0	0	0	0	0	0	0	0	0	0	0	0	0	0	0	0	0	0	0	0	0	0	0	0	0	0	0	0	0	0	0	0	0	0	0	0	0	0	0	0	0	0	0	0	0	0	0	0	0	0	0	0	0	0	0	0	0	0	0	0	0	0	0	0	0	0	0	0	0	0	0	0	0	0	0	0	0	35	93	98	30	72	75	104	56	9	107	45	43	6	127	110	100	112	101	110	118	59	60	51	57	4	29	103	82	102	92	19	110	89	13	85	20
0	0	0	0	0	0	0	0	0	0	0	0	0	0	0	0	0	0	0	0	0	0	0	0	0	0	0	0	0	0	0	0	0	0	0	0	0	0	0	0	0	0	0	0	0	0	0	0	0	0	0	0	0	0	0	0	0	0	0	0	0	0	0	0	0	0	0	0	0	0	0	0	0	0	0	0	0	0	0	0	0	0	0	0	0	0	0	0	0	0	0	0	0	121	104	13	99	114	108	56	67	45	118	24	113	104	96	10	44	33	22	115	104	84	36	92	17	81	83	69	5	2	90	79	27	31	12	114
0	0	0	0	0	0	0	0	0	0	0	0	0	0	0	0	0	0	0	0	0	0	0	0	0	0	0	0	0	0	0	0	0	0	0	0	0	0	0	0	0	0	0	0	0	0	0	0	0	0	0	0	0	0	0	0	0	0	0	0	0	0	0	0	0	0	0	0	0	0	0	0	0	0	0	0	0	0	0	0	0	0	0	0	0	0	0	0	0	0	0	0	0	0	85	74	60	97	83	83	35	100	127	120	29	61	40	96	55	90	90	105	111	70	72	102	114	4	51	88	107	43	118	27	50	123	4	77
0	0	0	0	0	0	0	0	0	0	0	0	0	0	0	0	0	0	0	0	0	0	0	0	0	0	0	0	0	0	0	0	0	0	0	0	0	0	0	0	0	0	0	0	0	0	0	0	0	0	0	0	0	0	0	0	0	0	0	0	0	0	0	0	0	0	0	0	0	0	0	0	0	0	0	0	0	0	0	0	0	0	0	0	0	0	0	0	0	0	0	0	0	0	0	115	56	16	21	88	27	102	32	45	109	94	23	69	81	70	43	128	72	95	44	101	47	102	125	15	49	11	95	60	114	3	128	92
0	0	0	0	0	0	0	0	0	0	0	0	0	0	0	0	0	0	0	0	0	0	0	0	0	0	0	0	0	0	0	0	0	0	0	0	0	0	0	0	0	0	0	0	0	0	0	0	0	0	0	0	0	0	0	0	0	0	0	0	0	0	0	0	0	0	0	0	0	0	0	0	0	0	0	0	0	0	0	0	0	0	0	0	0	0	0	0	0	0	0	0	0	0	0	0	125	110	30	103	74	104	53	13	68	114	95	9	81	109	104	102	5	20	6	85	96	32	17	7	20	128	17	28	49	74	77	35
0	0	0	0	0	0	0	0	0	0	0	0	0	0	0	0	0	0	0	0	0	0	0	0	0	0	0	0	0	0	0	0	0	0	0	0	0	0	0	0	0	0	0	0	0	0	0	0	0	0	0	0	0	0	0	0	0	0	0	0	0	0	0	0	0	0	0	0	0	0	0	0	0	0	0	0	0	0	0	0	0	0	0	0	0	0	0	0	0	0	0	0	0	0	0	0	0	125	5	122	72	35	61	16	41	9	89	91	94	84	90	115	54	28	127	74	45	94	17	15	57	101	125	63	101	8	60	46
0	0	0	0	0	0	0	0	0	0	0	0	0	0	0	0	0	0	0	0	0	0	0	0	0	0	0	0	0	0	0	0	0	0	0	0	0	0	0	0	0	0	0	0	0	0	0	0	0	0	0	0	0	0	0	0	0	0	0	0	0	0	0	0	0	0	0	0	0	0	0	0	0	0	0	0	0	0	0	0	0	0	0	0	0	0	0	0	0	0	0	0	0	0	0	0	0	0	114	47	19	59	28	28	65	92	104	57	4	48	45	81	33	46	97	42	81	76	62	43	113	60	55	54	55	61	75	41
0	0	0	0	0	0	0	0	0	0	0	0	0	0	0	0	0	0	0	0	0	0	0	0	0	0	0	0	0	0	0	0	0	0	0	0	0	0	0	0	0	0	0	0	0	0	0	0	0	0	0	0	0	0	0	0	0	0	0	0	0	0	0	0	0	0	0	0	0	0	0	0	0	0	0	0	0	0	0	0	0	0	0	0	0	0	0	0	0	0	0	0	0	0	0	0	0	0	0	39	37	112	80	116	101	89	32	96	121	56	95	79	100	121	30	116	16	66	60	64	48	34	58	84	98	70	8	3
0	0	0	0	0	0	0	0	0	0	0	0	0	0	0	0	0	0	0	0	0	0	0	0	0	0	0	0	0	0	0	0	0	0	0	0	0	0	0	0	0	0	0	0	0	0	0	0	0	0	0	0	0	0	0	0	0	0	0	0	0	0	0	0	0	0	0	0	0	0	0	0	0	0	0	0	0	0	0	0	0	0	0	0	0	0	0	0	0	0	0	0	0	0	0	0	0	0	0	0	83	5	42	56	44	44	35	104	79	23	46	50	89	4	70	111	80	33	103	62	3	59	82	12	97	102	87	71
0	0	0	0	0	0	0	0	0	0	0	0	0	0	0	0	0	0	0	0	0	0	0	0	0	0	0	0	0	0	0	0	0	0	0	0	0	0	0	0	0	0	0	0	0	0	0	0	0	0	0	0	0	0	0	0	0	0	0	0	0	0	0	0	0	0	0	0	0	0	0	0	0	0	0	0	0	0	0	0	0	0	0	0	0	0	0	0	0	0	0	0	0	0	0	0	0	0	0	0	0	98	35	55	1	26	17	48	4	111	71	117	71	51	111	110	68	7	23	44	59	66	45	13	11	124	29	61
0	0	0	0	0	0	0	0	0	0	0	0	0	0	0	0	0	0	0	0	0	0	0	0	0	0	0	0	0	0	0	0	0	0	0	0	0	0	0	0	0	0	0	0	0	0	0	0	0	0	0	0	0	0	0	0	0	0	0	0	0	0	0	0	0	0	0	0	0	0	0	0	0	0	0	0	0	0	0	0	0	0	0	0	0	0	0	0	0	0	0	0	0	0	0	0	0	0	0	0	0	0	121	98	71	73	80	60	28	86	27	20	10	31	123	70	96	107	18	31	115	61	35	46	63	89	20	75
0	0	0	0	0	0	0	0	0	0	0	0	0	0	0	0	0	0	0	0	0	0	0	0	0	0	0	0	0	0	0	0	0	0	0	0	0	0	0	0	0	0	0	0	0	0	0	0	0	0	0	0	0	0	0	0	0	0	0	0	0	0	0	0	0	0	0	0	0	0	0	0	0	0	0	0	0	0	0	0	0	0	0	0	0	0	0	0	0	0	0	0	0	0	0	0	0	0	0	0	0	0	0	91	123	50	108	100	81	32	116	85	49	56	63	21	40	115	17	119	117	12	102	3	108	65	91	60
0	0	0	0	0	0	0	0	0	0	0	0	0	0	0	0	0	0	0	0	0	0	0	0	0	0	0	0	0	0	0	0	0	0	0	0	0	0	0	0	0	0	0	0	0	0	0	0	0	0	0	0	0	0	0	0	0	0	0	0	0	0	0	0	0	0	0	0	0	0	0	0	0	0	0	0	0	0	0	0	0	0	0	0	0	0	0	0	0	0	0	0	0	0	0	0	0	0	0	0	0	0	0	0	17	8	120	70	25	104	74	120	114	30	17	41	54	107	125	57	67	99	7	82	95	125	84	103
0	0	0	0	0	0	0	0	0	0	0	0	0	0	0	0	0	0	0	0	0	0	0	0	0	0	0	0	0	0	0	0	0	0	0	0	0	0	0	0	0	0	0	0	0	0	0	0	0	0	0	0	0	0	0	0	0	0	0	0	0	0	0	0	0	0	0	0	0	0	0	0	0	0	0	0	0	0	0	0	0	0	0	0	0	0	0	0	0	0	0	0	0	0	0	0	0	0	0	0	0	0	0	0	0	96	127	116	12	40	57	104	112	72	47	70	54	94	126	47	34	40	49	54	59	118	64	6
0	0	0	0	0	0	0	0	0	0	0	0	0	0	0	0	0	0	0	0	0	0	0	0	0	0	0	0	0	0	0	0	0	0	0	0	0	0	0	0	0	0	0	0	0	0	0	0	0	0	0	0	0	0	0	0	0	0	0	0	0	0	0	0	0	0	0	0	0	0	0	0	0	0	0	0	0	0	0	0	0	0	0	0	0	0	0	0	0	0	0	0	0	0	0	0	0	0	0	0	0	0	0	0	0	0	109	31	109	6	120	9	47	71	33	87	100	127	93	79	14	7	88	36	43	52	86	113
0	0	0	0	0	0	0	0	0	0	0	0	0	0	0	0	0	0	0	0	0	0	0	0	0	0	0	0	0	0	0	0	0	0	0	0	0	0	0	0	0	0	0	0	0	0	0	0	0	0	0	0	0	0	0	0	0	0	0	0	0	0	0	0	0	0	0	0	0	0	0	0	0	0	0	0	0	0	0	0	0	0	0	0	0	0	0	0	0	0	0	0	0	0	0	0	0	0	0	0	0	0	0	0	0	0	0	34	42	22	92	35	30	125	16	32	43	110	118	29	24	46	116	35	90	10	25	95
0	0	0	0	0	0	0	0	0	0	0	0	0	0	0	0	0	0	0	0	0	0	0	0	0	0	0	0	0	0	0	0	0	0	0	0	0	0	0	0	0	0	0	0	0	0	0	0	0	0	0	0	0	0	0	0	0	0	0	0	0	0	0	0	0	0	0	0	0	0	0	0	0	0	0	0	0	0	0	0	0	0	0	0	0	0	0	0	0	0	0	0	0	0	0	0	0	0	0	0	0	0	0	0	0	0	0	0	127	63	16	64	26	92	94	128	25	4	28	40	113	6	113	123	90	103	30	111
0	0	0	0	0	0	0	0	0	0	0	0	0	0	0	0	0	0	0	0	0	0	0	0	0	0	0	0	0	0	0	0	0	0	0	0	0	0	0	0	0	0	0	0	0	0	0	0	0	0	0	0	0	0	0	0	0	0	0	0	0	0	0	0	0	0	0	0	0	0	0	0	0	0	0	0	0	0	0	0	0	0	0	0	0	0	0	0	0	0	0	0	0	0	0	0	0	0	0	0	0	0	0	0	0	0	0	0	0	88	10	53	86	124	25	32	46	42	63	32	83	54	3	16	38	20	91	2
0	0	0	0	0	0	0	0	0	0	0	0	0	0	0	0	0	0	0	0	0	0	0	0	0	0	0	0	0	0	0	0	0	0	0	0	0	0	0	0	0	0	0	0	0	0	0	0	0	0	0	0	0	0	0	0	0	0	0	0	0	0	0	0	0	0	0	0	0	0	0	0	0	0	0	0	0	0	0	0	0	0	0	0	0	0	0	0	0	0	0	0	0	0	0	0	0	0	0	0	0	0	0	0	0	0	0	0	0	0	74	36	127	59	60	63	75	115	66	82	78	49	26	96	2	19	89	25
0	0	0	0	0	0	0	0	0	0	0	0	0	0	0	0	0	0	0	0	0	0	0	0	0	0	0	0	0	0	0	0	0	0	0	0	0	0	0	0	0	0	0	0	0	0	0	0	0	0	0	0	0	0	0	0	0	0	0	0	0	0	0	0	0	0	0	0	0	0	0	0	0	0	0	0	0	0	0	0	0	0	0	0	0	0	0	0	0	0	0	0	0	0	0	0	0	0	0	0	0	0	0	0	0	0	0	0	0	0	0	117	119	23	28	8	6	26	58	1	115	26	104	36	37	107	119	127
0	0	0	0	0	0	0	0	0	0	0	0	0	0	0	0	0	0	0	0	0	0	0	0	0	0	0	0	0	0	0	0	0	0	0	0	0	0	0	0	0	0	0	0	0	0	0	0	0	0	0	0	0	0	0	0	0	0	0	0	0	0	0	0	0	0	0	0	0	0	0	0	0	0	0	0	0	0	0	0	0	0	0	0	0	0	0	0	0	0	0	0	0	0	0	0	0	0	0	0	0	0	0	0	0	0	0	0	0	0	0	0	128	121	76	95	14	3	103	53	37	126	45	118	96	4	29	96
0	0	0	0	0	0	0	0	0	0	0	0	0	0	0	0	0	0	0	0	0	0	0	0	0	0	0	0	0	0	0	0	0	0	0	0	0	0	0	0	0	0	0	0	0	0	0	0	0	0	0	0	0	0	0	0	0	0	0	0	0	0	0	0	0	0	0	0	0	0	0	0	0	0	0	0	0	0	0	0	0	0	0	0	0	0	0	0	0	0	0	0	0	0	0	0	0	0	0	0	0	0	0	0	0	0	0	0	0	0	0	0	0	116	12	114	68	116	65	97	72	46	74	75	103	57	110	7
0	0	0	0	0	0	0	0	0	0	0	0	0	0	0	0	0	0	0	0	0	0	0	0	0	0	0	0	0	0	0	0	0	0	0	0	0	0	0	0	0	0	0	0	0	0	0	0	0	0	0	0	0	0	0	0	0	0	0	0	0	0	0	0	0	0	0	0	0	0	0	0	0	0	0	0	0	0	0	0	0	0	0	0	0	0	0	0	0	0	0	0	0	0	0	0	0	0	0	0	0	0	0	0	0	0	0	0	0	0	0	0	0	0	108	45	84	88	78	65	88	116	66	11	104	50	72	33
0	0	0	0	0	0	0	0	0	0	0	0	0	0	0	0	0	0	0	0	0	0	0	0	0	0	0	0	0	0	0	0	0	0	0	0	0	0	0	0	0	0	0	0	0	0	0	0	0	0	0	0	0	0	0	0	0	0	0	0	0	0	0	0	0	0	0	0	0	0	0	0	0	0	0	0	0	0	0	0	0	0	0	0	0	0	0	0	0	0	0	0	0	0	0	0	0	0	0	0	0	0	0	0	0	0	0	0	0	0	0	0	0	0	0	6	69	5	37	116	12	62	70	75	108	112	80	39
0	0	0	0	0	0	0	0	0	0	0	0	0	0	0	0	0	0	0	0	0	0	0	0	0	0	0	0	0	0	0	0	0	0	0	0	0	0	0	0	0	0	0	0	0	0	0	0	0	0	0	0	0	0	0	0	0	0	0	0	0	0	0	0	0	0	0	0	0	0	0	0	0	0	0	0	0	0	0	0	0	0	0	0	0	0	0	0	0	0	0	0	0	0	0	0	0	0	0	0	0	0	0	0	0	0	0	0	0	0	0	0	0	0	0	0	74	115	97	102	124	4	47	83	115	126	40	30
0	0	0	0	0	0	0	0	0	0	0	0	0	0	0	0	0	0	0	0	0	0	0	0	0	0	0	0	0	0	0	0	0	0	0	0	0	0	0	0	0	0	0	0	0	0	0	0	0	0	0	0	0	0	0	0	0	0	0	0	0	0	0	0	0	0	0	0	0	0	0	0	0	0	0	0	0	0	0	0	0	0	0	0	0	0	0	0	0	0	0	0	0	0	0	0	0	0	0	0	0	0	0	0	0	0	0	0	0	0	0	0	0	0	0	0	0	96	81	8	17	28	36	52	100	110	28	116
0	0	0	0	0	0	0	0	0	0	0	0	0	0	0	0	0	0	0	0	0	0	0	0	0	0	0	0	0	0	0	0	0	0	0	0	0	0	0	0	0	0	0	0	0	0	0	0	0	0	0	0	0	0	0	0	0	0	0	0	0	0	0	0	0	0	0	0	0	0	0	0	0	0	0	0	0	0	0	0	0	0	0	0	0	0	0	0	0	0	0	0	0	0	0	0	0	0	0	0	0	0	0	0	0	0	0	0	0	0	0	0	0	0	0	0	0	0	22	53	81	3	123	30	100	70	88	92
0	0	0	0	0	0	0	0	0	0	0	0	0	0	0	0	0	0	0	0	0	0	0	0	0	0	0	0	0	0	0	0	0	0	0	0	0	0	0	0	0	0	0	0	0	0	0	0	0	0	0	0	0	0	0	0	0	0	0	0	0	0	0	0	0	0	0	0	0	0	0	0	0	0	0	0	0	0	0	0	0	0	0	0	0	0	0	0	0	0	0	0	0	0	0	0	0	0	0	0	0	0	0	0	0	0	0	0	0	0	0	0	0	0	0	0	0	0	0	46	18	30	78	108	41	79	41	105
0	0	0	0	0	0	0	0	0	0	0	0	0	0	0	0	0	0	0	0	0	0	0	0	0	0	0	0	0	0	0	0	0	0	0	0	0	0	0	0	0	0	0	0	0	0	0	0	0	0	0	0	0	0	0	0	0	0	0	0	0	0	0	0	0	0	0	0	0	0	0	0	0	0	0	0	0	0	0	0	0	0	0	0	0	0	0	0	0	0	0	0	0	0	0	0	0	0	0	0	0	0	0	0	0	0	0	0	0	0	0	0	0	0	0	0	0	0	0	0	97	49	103	42	116	53	22	114
0	0	0	0	0	0	0	0	0	0	0	0	0	0	0	0	0	0	0	0	0	0	0	0	0	0	0	0	0	0	0	0	0	0	0	0	0	0	0	0	0	0	0	0	0	0	0	0	0	0	0	0	0	0	0	0	0	0	0	0	0	0	0	0	0	0	0	0	0	0	0	0	0	0	0	0	0	0	0	0	0	0	0	0	0	0	0	0	0	0	0	0	0	0	0	0	0	0	0	0	0	0	0	0	0	0	0	0	0	0	0	0	0	0	0	0	0	0	0	0	0	117	101	55	70	61	4	69
0	0	0	0	0	0	0	0	0	0	0	0	0	0	0	0	0	0	0	0	0	0	0	0	0	0	0	0	0	0	0	0	0	0	0	0	0	0	0	0	0	0	0	0	0	0	0	0	0	0	0	0	0	0	0	0	0	0	0	0	0	0	0	0	0	0	0	0	0	0	0	0	0	0	0	0	0	0	0	0	0	0	0	0	0	0	0	0	0	0	0	0	0	0	0	0	0	0	0	0	0	0	0	0	0	0	0	0	0	0	0	0	0	0	0	0	0	0	0	0	0	0	116	32	121	9	28	62
0	0	0	0	0	0	0	0	0	0	0	0	0	0	0	0	0	0	0	0	0	0	0	0	0	0	0	0	0	0	0	0	0	0	0	0	0	0	0	0	0	0	0	0	0	0	0	0	0	0	0	0	0	0	0	0	0	0	0	0	0	0	0	0	0	0	0	0	0	0	0	0	0	0	0	0	0	0	0	0	0	0	0	0	0	0	0	0	0	0	0	0	0	0	0	0	0	0	0	0	0	0	0	0	0	0	0	0	0	0	0	0	0	0	0	0	0	0	0	0	0	0	0	28	77	60	50	125
0	0	0	0	0	0	0	0	0	0	0	0	0	0	0	0	0	0	0	0	0	0	0	0	0	0	0	0	0	0	0	0	0	0	0	0	0	0	0	0	0	0	0	0	0	0	0	0	0	0	0	0	0	0	0	0	0	0	0	0	0	0	0	0	0	0	0	0	0	0	0	0	0	0	0	0	0	0	0	0	0	0	0	0	0	0	0	0	0	0	0	0	0	0	0	0	0	0	0	0	0	0	0	0	0	0	0	0	0	0	0	0	0	0	0	0	0	0	0	0	0	0	0	0	1	27	116	4
0	0	0	0	0	0	0	0	0	0	0	0	0	0	0	0	0	0	0	0	0	0	0	0	0	0	0	0	0	0	0	0	0	0	0	0	0	0	0	0	0	0	0	0	0	0	0	0	0	0	0	0	0	0	0	0	0	0	0	0	0	0	0	0	0	0	0	0	0	0	0	0	0	0	0	0	0	0	0	0	0	0	0	0	0	0	0	0	0	0	0	0	0	0	0	0	0	0	0	0	0	0	0	0	0	0	0	0	0	0	0	0	0	0	0	0	0	0	0	0	0	0	0	0	0	92	102	16
0	0	0	0	0	0	0	0	0	0	0	0	0	0	0	0	0	0	0	0	0	0	0	0	0	0	0	0	0	0	0	0	0	0	0	0	0	0	0	0	0	0	0	0	0	0	0	0	0	0	0	0	0	0	0	0	0	0	0	0	0	0	0	0	0	0	0	0	0	0	0	0	0	0	0	0	0	0	0	0	0	0	0	0	0	0	0	0	0	0	0	0	0	0	0	0	0	0	0	0	0	0	0	0	0	0	0	0	0	0	0	0	0	0	0	0	0	0	0	0	0	0	0	0	0	0	66	78
0	0	0	0	0	0	0	0	0	0	0	0	0	0	0	0	0	0	0	0	0	0	0	0	0	0	0	0	0	0	0	0	0	0	0	0	0	0	0	0	0	0	0	0	0	0	0	0	0	0	0	0	0	0	0	0	0	0	0	0	0	0	0	0	0	0	0	0	0	0	0	0	0	0	0	0	0	0	0	0	0	0	0	0	0	0	0	0	0	0	0	0	0	0	0	0	0	0	0	0	0	0	0	0	0	0	0	0	0	0	0	0	0	0	0	0	0	0	0	0	0	0	0	0	0	0	0	26
0	0	0	0	0	0	0	0	0	0	0	0	0	0	0	0	0	0	0	0	0	0	0	0	0	0	0	0	0	0	0	0	0	0	0	0	0	0	0	0	0	0	0	0	0	0	0	0	0	0	0	0	0	0	0	0	0	0	0	0	0	0	0	0	0	0	0	0	0	0	0	0	0	0	0	0	0	0	0	0	0	0	0	0	0	0	0	0	0	0	0	0	0	0	0	0	0	0	0	0	0	0	0	0	0	0	0	0	0	0	0	0	0	0	0	0	0	0	0	0	0	0	0	0	0	0	0	0