0	24	108	32	62	34	126	52	17	109	64	113	113	124	34	21	53	69	58	21	15	10	38	42	40	68	67	4	82	101	87	97	113	19	56	119	111	80	4	123	54	7	90	20	47	8	83	120	127	77	101	116	9	97	60	27	69	50	92	121	3	45	46	96	123	28	59	39	39	82	39	61	46	60	48	86	33	84	39	42	15	46	11	105	51	72	125	113	89	115	123	123	38	49	100	81	32	5	76	116	106	110	95	29	75	41	102	11	87	26	44	120	61	86	122	77	123	35	101	104	36	61	91	102	57	116	5	36
0	0	43	108	70	77	28	84	118	90	124	23	126	43	101	15	5	93	41	119	26	40	68	26	19	99	32	80	83	47	13	126	107	118	55	23	125	18	20	38	35	92	45	63	115	125	39	87	88	107	25	128	73	45	26	34	61	48	50	87	84	18	49	54	50	41	120	112	43	9	18	81	112	34	46	63	81	30	75	48	75	120	7	70	70	91	57	83	99	17	107	90	123	23	52	97	124	98	89	100	1	15	126	70	79	109	117	81	99	104	38	46	51	127	97	91	67	69	74	19	122	83	85	39	29	95	54	97
0	0	0	48	66	11	124	58	123	91	85	89	87	87	64	113	117	114	77	121	105	15	30	71	95	2	112	108	31	36	118	10	120	108	103	46	120	66	1	55	33	10	70	9	128	70	35	93	15	109	44	102	41	120	6	78	71	27	7	58	105	12	127	109	37	103	86	124	83	34	40	36	45	97	67	89	37	105	53	106	110	45	40	109	98	112	97	56	38	40	117	71	99	91	32	126	122	38	47	46	40	17	94	71	45	103	59	32	50	117	38	49	7	11	75	52	92	69	21	52	104	59	50	63	103	6	59	77
0	0	0	0	124	112	61	62	1	6	68	25	32	36	53	61	95	123	82	56	80	79	88	56	51	100	46	111	112	118	23	48	33	34	110	56	113	12	123	9	87	127	44	67	104	8	94	100	84	41	118	51	23	74	125	48	46	53	103	108	94	27	98	77	37	8	15	27	21	72	113	80	128	125	45	31	66	91	40	118	90	22	115	71	86	32	42	62	35	19	99	41	82	52	2	85	14	13	52	59	117	103	91	19	59	98	50	28	11	91	124	62	110	119	93	6	120	61	122	79	8	71	58	54	6	89	18	11
0	0	0	0	0	51	122	25	104	77	46	28	40	71	19	7	114	27	16	7	46	10	31	116	48	69	43	128	13	32	37	118	32	34	40	119	85	96	5	52	30	73	71	89	80	43	101	9	107	73	20	126	105	35	19	27	79	22	5	110	94	84	3	17	20	104	107	36	87	34	95	73	118	75	110	78	125	95	118	4	110	59	71	70	104	119	11	36	60	99	110	92	109	88	74	22	112	16	58	28	59	30	18	14	61	88	49	90	7	52	109	115	71	58	43	50	60	75	104	67	71	107	36	37	53	25	100	80
0	0	0	0	0	0	93	27	42	105	104	34	43	52	6	117	89	124	40	12	90	48	122	37	123	39	95	41	40	78	21	54	7	26	50	11	4	81	114	68	124	36	22	76	33	63	88	93	47	87	21	39	36	36	88	102	36	52	98	60	8	43	6	17	84	9	84	14	63	85	86	12	120	107	64	7	87	26	85	66	99	59	3	87	53	13	30	122	112	24	103	56	112	42	19	121	26	80	63	74	113	70	20	36	111	10	31	65	2	10	15	82	7	114	64	69	6	34	50	123	8	15	128	101	69	110	7	114
0	0	0	0	0	0	0	31	126	42	108	36	74	73	26	92	48	112	106	24	27	53	82	58	101	97	31	81	75	104	39	21	116	102	57	8	7	35	41	43	20	106	74	41	15	65	25	6	55	83	123	41	26	37	85	106	50	125	49	118	11	111	29	90	67	34	55	57	11	84	100	39	33	111	40	113	122	95	40	110	33	43	99	98	25	41	100	120	61	44	40	68	83	105	9	67	92	124	43	118	127	49	98	3	36	127	58	123	41	6	35	38	22	44	105	49	18	62	63	123	110	31	55	59	36	21	65	73
0	0	0	0	0	0	0	0	24	21	15	128	42	9	41	51	126	71	59	74	28	16	79	26	81	128	8	124	3	89	46	90	86	50	125	94	78	65	88	41	78	60	35	89	59	41	113	100	79	78	24	15	48	47	97	72	8	82	56	88	33	124	123	35	20	126	6	2	127	98	103	112	2	103	80	98	119	55	38	37	55	107	97	8	89	11	68	93	43	65	67	97	15	119	55	90	109	5	106	116	30	32	128	75	88	71	68	13	67	126	47	48	28	59	87	50	6	81	53	21	64	61	118	76	65	127	89	124
0	0	0	0	0	0	0	0	0	4	49	48	82	56	10	119	33	50	64	74	47	29	125	125	62	25	118	27	124	62	19	35	18	14	9	53	94	25	49	66	21	37	22	42	117	97	16	85	46	109	57	7	66	3	4	12	103	90	45	62	77	90	119	91	9	13	94	73	80	35	126	58	89	115	35	99	19	56	6	12	95	7	91	38	53	94	9	125	106	72	4	41	48	54	15	18	81	78	114	7	69	61	63	63	21	2	117	99	95	100	36	35	70	124	68	78	123	67	87	45	53	123	84	69	21	71	121	17
0	0	0	0	0	0	0	0	0	0	97	74	111	33	107	53	45	120	10	111	64	84	6	61	11	18	96	37	91	41	61	36	85	44	78	127	32	59	77	63	21	53	44	53	41	55	85	47	55	108	36	40	84	27	67	83	63	5	68	85	19	110	117	121	28	14	44	47	18	120	70	123	10	110	22	31	114	48	17	33	82	94	98	117	14	43	9	101	42	80	20	79	68	51	14	48	9	106	80	119	58	61	86	116	75	21	71	52	100	93	72	102	55	62	21	121	113	128	43	46	118	69	120	120	7	85	116	1
0	0	0	0	0	0	0	0	0	0	0	45	100	26	27	116	5	32	108	121	22	37	58	54	93	38	7	50	20	127	10	35	27	81	125	56	30	47	8	33	57	8	81	124	108	62	14	101	102	84	115	124	126	94	12	110	44	109	47	98	94	88	83	71	58	117	80	88	61	31	57	124	10	107	54	25	126	15	66	107	67	21	65	72	76	112	92	92	5	21	57	21	34	95	104	47	34	20	14	91	12	5	12	118	90	63	6	89	123	125	14	60	51	116	81	44	75	109	113	16	21	101	79	28	72	80	59	122
0	0	0	0	0	0	0	0	0	0	0	0	53	76	94	30	20	74	84	77	54	53	65	74	68	70	30	74	123	57	15	95	50	110	101	12	17	10	107	21	127	80	41	63	109	116	79	38	119	82	68	68	54	60	73	96	97	18	34	55	43	67	38	60	60	17	127	1	113	50	105	74	52	118	19	14	64	59	122	107	55	14	20	79	128	8	107	57	108	50	33	92	26	74	79	97	108	73	70	108	106	6	70	47	56	44	66	105	78	11	88	56	113	47	64	21	58	3	20	14	70	85	125	58	63	114	105	46
0	0	0	0	0	0	0	0	0	0	0	0	0	105	126	58	47	64	125	87	21	85	76	71	106	19	57	116	112	120	36	14	13	71	34	19	57	86	99	54	124	14	93	46	21	123	41	71	24	104	117	22	69	65	76	66	77	98	15	24	23	73	74	30	67	13	27	52	23	42	87	101	19	70	86	80	48	2	105	34	79	37	62	43	20	29	76	116	93	126	90	102	42	102	35	41	100	12	75	106	74	30	93	70	46	71	94	21	113	79	115	94	51	111	52	44	103	93	103	91	78	4	117	52	13	59	67	57
0	0	0	0	0	0	0	0	0	0	0	0	0	0	90	66	55	118	81	23	108	92	2	24	53	113	108	49	67	36	79	53	123	6	48	48	12	92	21	128	91	104	50	67	23	106	1	42	56	3	53	92	76	59	68	89	114	55	68	112	112	115	54	115	57	76	90	99	57	116	46	58	93	28	75	16	1	125	53	49	125	128	35	51	95	69	118	68	16	90	50	35	29	36	22	62	32	46	124	86	53	92	25	58	71	26	23	120	15	57	107	102	5	101	1	9	49	84	21	121	90	56	110	15	34	82	16	73
0	0	0	0	0	0	0	0	0	0	0	0	0	0	0	113	85	73	57	100	118	21	31	118	59	51	14	34	58	26	91	40	83	14	55	90	113	103	99	15	74	82	21	78	17	21	87	2	31	113	73	103	92	60	1	67	100	89	25	113	106	84	11	31	37	2	91	94	10	26	111	35	45	34	104	73	51	113	5	51	92	34	69	10	86	126	20	44	101	118	77	65	45	13	37	122	27	19	13	29	49	66	113	30	72	124	17	75	63	100	37	43	16	24	70	106	97	106	23	114	8	74	30	120	13	108	125	52
0	0	0	0	0	0	0	0	0	0	0	0	0	0	0	0	29	92	98	36	37	67	36	78	60	117	101	124	93	54	65	106	98	128	11	45	85	123	27	95	83	121	89	97	97	33	88	34	128	25	85	69	54	26	21	124	86	24	59	1	106	109	41	48	60	56	105	118	45	108	2	17	64	126	4	70	90	92	3	15	113	53	3	46	113	88	118	91	44	95	77	98	22	83	6	82	98	64	88	55	99	94	54	12	93	53	15	106	81	62	25	57	39	81	56	16	41	113	12	9	48	62	49	28	22	20	121	54
0	0	0	0	0	0	0	0	0	0	0	0	0	0	0	0	0	77	49	35	115	59	103	51	42	98	121	44	68	29	31	89	67	10	127	112	114	94	91	2	31	117	63	12	74	89	84	126	111	7	59	120	5	52	41	38	23	38	3	25	14	102	108	88	122	44	69	73	73	9	96	45	59	42	98	88	54	75	68	14	25	44	5	99	45	83	21	98	36	116	19	86	116	47	25	82	120	111	94	97	109	96	90	54	100	51	76	117	36	124	116	92	16	55	13	123	73	64	7	13	51	20	128	19	38	85	115	50
0	0	0	0	0	0	0	0	0	0	0	0	0	0	0	0	0	0	76	119	26	39	42	93	78	39	90	50	18	56	13	13	59	107	11	79	128	38	69	115	122	44	126	4	85	75	87	116	72	126	87	6	68	110	31	2	31	43	2	42	3	8	64	37	91	71	20	84	41	33	13	59	66	119	91	101	96	102	128	58	113	102	58	31	32	33	10	43	49	51	120	87	6	5	84	49	35	105	48	22	66	57	5	92	66	91	72	33	46	61	49	15	40	10	11	41	11	113	70	86	85	37	38	10	31	117	102	42
0	0	0	0	0	0	0	0	0	0	0	0	0	0	0	0	0	0	0	17	110	1	116	68	57	92	35	124	32	120	10	104	102	21	110	66	96	27	38	104	3	70	7	18	93	66	12	111	55	76	63	20	22	103	14	12	109	14	1	63	108	102	97	74	96	10	96	65	35	60	11	35	66	112	35	21	50	3	71	61	10	118	67	90	36	45	65	18	13	92	1	124	42	89	48	26	106	123	79	76	64	9	45	39	74	107	27	57	106	38	30	102	97	123	43	125	90	45	54	37	28	58	42	6	54	89	123	122
0	0	0	0	0	0	0	0	0	0	0	0	0	0	0	0	0	0	0	0	25	92	12	59	33	43	21	90	36	2	72	70	93	43	50	118	122	98	34	6	82	82	37	76	34	30	97	14	80	109	90	92	111	90	124	45	31	15	114	2	122	46	69	76	105	18	36	31	90	96	75	127	90	58	44	62	34	61	1	81	50	24	62	103	87	49	82	60	11	41	57	7	23	14	102	38	32	73	84	44	1	103	1	70	28	86	101	121	123	3	65	106	58	24	108	70	56	13	56	69	27	92	54	29	74	70	67	74
0	0	0	0	0	0	0	0	0	0	0	0	0	0	0	0	0	0	0	0	0	50	87	113	28	110	36	95	70	70	115	45	116	108	120	27	67	67	51	23	61	106	78	33	84	108	10	85	6	28	60	128	28	105	43	54	2	30	22	3	30	38	69	69	9	126	20	18	2	16	93	114	95	123	88	34	62	3	93	87	110	18	98	5	90	74	38	59	79	115	100	116	98	5	13	19	97	64	114	82	5	6	22	25	91	22	66	61	85	117	75	125	102	45	110	99	75	126	7	49	57	57	17	101	50	47	86	39
0	0	0	0	0	0	0	0	0	0	0	0	0	0	0	0	0	0	0	0	0	0	100	14	44	127	101	119	73	11	73	104	41	91	20	80	105	91	87	82	115	9	27	45	47	10	81	25	8	116	29	15	95	79	13	49	6	70	22	54	76	68	109	128	23	43	78	41	51	114	49	68	54	35	62	110	56	53	73	22	66	46	75	54	32	111	80	36	112	5	119	53	63	39	117	39	42	7	33	91	25	68	11	106	84	107	7	92	23	1	18	70	102	24	128	108	100	72	49	23	116	102	95	97	25	13	54	112
0	0	0	0	0	0	0	0	0	0	0	0	0	0	0	0	0	0	0	0	0	0	0	40	118	15	103	93	103	61	11	98	123	75	11	102	54	60	48	20	99	44	63	114	73	108	72	80	42	19	127	92	125	19	42	2	75	81	88	128	53	56	45	19	17	105	7	102	66	56	12	75	69	67	17	28	76	79	49	90	124	94	83	71	114	101	126	48	47	72	124	63	57	103	84	71	49	44	5	10	21	73	42	24	23	1	108	50	78	100	69	75	45	120	88	47	7	121	22	6	2	83	117	46	7	106	74	63
0	0	0	0	0	0	0	0	0	0	0	0	0	0	0	0	0	0	0	0	0	0	0	0	46	4	61	21	40	19	123	74	99	11	113	119	5	85	114	28	77	123	26	79	72	79	114	11	38	28	30	5	126	62	11	35	7	121	2	15	58	107	93	98	115	51	63	123	111	114	115	25	26	90	51	15	111	72	94	84	41	41	25	22	64	34	94	11	48	14	46	80	79	67	77	74	61	114	51	109	71	44	5	23	87	44	48	108	51	111	71	37	12	110	128	50	51	51	25	78	85	97	72	26	32	92	114	16
0	0	0	0	0	0	0	0	0	0	0	0	0	0	0	0	0	0	0	0	0	0	0	0	0	52	119	92	70	22	25	109	87	81	12	122	46	80	12	50	96	106	96	67	62	78	37	79	64	99	66	7	12	110	96	1	86	93	114	36	6	47	103	91	46	52	108	119	117	74	50	115	91	61	12	8	91	64	125	115	56	45	24	32	78	116	75	89	28	114	45	53	10	43	56	55	47	108	43	42	7	19	103	94	90	81	61	107	97	12	15	25	98	17	39	123	99	115	68	26	22	40	95	104	111	126	43	127
0	0	0	0	0	0	0	0	0	0	0	0	0	0	0	0	0	0	0	0	0	0	0	0	0	0	25	3	12	50	91	109	67	6	84	63	14	8	93	87	31	46	70	96	7	13	25	37	95	32	127	41	4	16	66	122	91	71	125	61	54	120	28	17	6	36	81	101	20	121	103	61	41	54	121	81	5	123	19	19	116	41	73	96	103	77	13	26	12	123	32	94	16	125	121	45	124	81	44	127	128	112	34	82	74	7	92	3	3	69	106	98	29	69	83	113	79	9	26	93	94	72	36	48	105	91	97	69
0	0	0	0	0	0	0	0	0	0	0	0	0	0	0	0	0	0	0	0	0	0	0	0	0	0	0	37	74	35	34	119	52	47	49	80	55	22	91	56	122	66	119	6	73	13	91	112	94	23	90	127	16	64	5	74	109	14	72	44	56	34	103	24	128	51	47	25	11	101	6	92	108	84	110	81	90	75	77	86	69	76	108	21	55	98	124	88	74	30	55	40	104	32	28	50	127	29	98	47	66	17	10	81	75	23	15	3	43	33	86	128	49	90	111	86	37	70	83	96	98	90	44	40	60	117	78	71
0	0	0	0	0	0	0	0	0	0	0	0	0	0	0	0	0	0	0	0	0	0	0	0	0	0	0	0	21	83	57	72	114	7	86	108	79	92	42	115	6	26	85	69	75	96	25	96	47	6	12	100	33	57	4	23	123	17	85	90	86	123	76	91	33	33	109	104	108	108	26	81	45	92	34	24	3	64	35	59	63	114	89	43	27	6	112	95	14	116	91	14	69	117	115	29	30	33	66	61	58	96	63	63	54	53	91	120	26	38	111	10	123	92	57	100	52	119	13	86	95	14	101	96	124	122	17	54
0	0	0	0	0	0	0	0	0	0	0	0	0	0	0	0	0	0	0	0	0	0	0	0	0	0	0	0	0	69	26	81	52	19	55	68	58	92	36	73	72	44	58	41	56	63	101	10	94	57	82	59	69	57	56	95	90	101	20	103	117	123	63	108	37	67	106	51	93	76	3	33	52	47	59	73	18	73	72	55	50	103	14	24	33	126	85	105	20	20	87	74	80	17	12	24	109	68	35	115	48	119	110	7	111	69	108	80	1	124	1	107	42	116	30	52	89	12	81	52	1	86	35	59	22	103	44	2
0	0	0	0	0	0	0	0	0	0	0	0	0	0	0	0	0	0	0	0	0	0	0	0	0	0	0	0	0	0	52	104	121	2	128	13	13	92	74	94	114	35	35	36	76	62	73	107	34	1	118	90	53	73	106	61	103	103	109	120	75	68	65	117	100	44	35	44	89	7	31	54	98	20	61	6	51	14	33	27	26	82	72	32	113	69	104	79	94	43	48	65	54	89	66	93	102	60	58	88	115	39	113	41	71	40	110	7	63	65	108	78	74	82	39	63	102	92	18	55	108	108	2	54	99	6	43	57
0	0	0	0	0	0	0	0	0	0	0	0	0	0	0	0	0	0	0	0	0	0	0	0	0	0	0	0	0	0	0	80	44	98	52	34	111	14	48	107	11	72	12	2	80	19	17	49	47	67	59	38	88	18	8	98	16	94	24	2	69	113	56	102	105	41	84	52	32	67	58	103	115	121	121	64	15	82	113	28	42	34	27	124	54	122	82	3	119	105	77	16	119	24	59	115	20	36	122	65	72	93	69	13	85	11	123	69	73	12	60	47	16	45	47	99	68	23	60	100	76	43	17	12	76	65	13	72
0	0	0	0	0	0	0	0	0	0	0	0	0	0	0	0	0	0	0	0	0	0	0	0	0	0	0	0	0	0	0	0	57	8	1	125	43	41	64	59	111	31	82	102	52	78	2	120	68	124	26	96	125	16	61	48	11	128	61	127	75	1	28	5	9	17	54	49	98	83	12	83	31	93	105	24	8	36	128	78	11	10	102	58	53	46	56	52	127	48	49	103	6	52	46	59	118	53	63	80	107	115	126	103	41	88	59	60	90	109	83	117	4	47	40	82	17	31	88	118	56	73	38	6	8	116	10	13
0	0	0	0	0	0	0	0	0	0	0	0	0	0	0	0	0	0	0	0	0	0	0	0	0	0	0	0	0	0	0	0	0	50	14	103	33	97	114	30	66	29	128	123	24	27	93	51	9	103	125	108	51	1	75	86	125	19	53	9	46	84	81	88	6	1	3	29	106	75	38	98	9	73	30	93	104	104	112	74	13	105	5	35	43	118	25	12	29	70	19	8	56	96	85	33	56	86	93	89	98	105	109	35	1	56	16	47	19	61	92	85	16	51	114	110	6	118	44	10	125	119	96	45	44	6	117	16
0	0	0	0	0	0	0	0	0	0	0	0	0	0	0	0	0	0	0	0	0	0	0	0	0	0	0	0	0	0	0	0	0	0	37	100	85	21	108	112	96	69	39	55	89	17	39	25	54	23	32	76	47	73	75	9	98	40	126	106	109	72	92	15	47	6	61	74	88	64	88	2	27	54	85	114	21	122	126	115	119	42	77	76	87	3	15	43	80	76	6	65	28	7	35	26	110	114	3	77	55	100	46	82	74	103	3	96	14	31	83	118	23	99	60	42	125	117	84	37	91	38	128	29	5	66	53	95
0	0	0	0	0	0	0	0	0	0	0	0	0	0	0	0	0	0	0	0	0	0	0	0	0	0	0	0	0	0	0	0	0	0	0	80	3	62	72	79	114	84	2	46	81	63	13	2	35	31	56	86	51	39	6	25	96	56	62	34	125	30	118	81	100	6	83	19	44	9	13	94	59	37	70	93	59	27	41	10	32	44	58	82	59	85	25	45	59	43	75	65	72	124	47	109	97	87	104	25	42	4	61	75	95	25	112	108	63	58	26	45	20	104	63	24	58	1	14	59	17	47	88	10	83	44	42	45
0	0	0	0	0	0	0	0	0	0	0	0	0	0	0	0	0	0	0	0	0	0	0	0	0	0	0	0	0	0	0	0	0	0	0	0	91	107	79	119	10	102	36	111	114	76	86	82	68	104	96	16	90	78	109	74	71	91	7	23	16	78	96	67	36	57	113	73	51	116	9	74	66	119	114	77	127	51	6	117	35	125	111	109	7	34	115	124	49	119	81	69	63	112	78	98	70	63	44	87	96	103	9	108	28	77	54	75	7	69	32	53	34	58	103	128	126	30	1	21	9	126	115	60	2	39	35	81
0	0	0	0	0	0	0	0	0	0	0	0	0	0	0	0	0	0	0	0	0	0	0	0	0	0	0	0	0	0	0	0	0	0	0	0	0	54	85	38	46	19	112	51	86	73	79	54	115	78	73	56	102	126	116	73	55	70	84	74	84	121	22	90	120	35	35	87	1	50	85	70	12	41	118	120	9	38	115	47	63	111	14	63	100	69	84	16	50	91	115	60	62	64	91	118	52	48	44	49	126	44	106	20	93	122	16	72	100	2	5	124	60	32	70	61	41	37	128	78	31	55	122	95	48	109	64	90
0	0	0	0	0	0	0	0	0	0	0	0	0	0	0	0	0	0	0	0	0	0	0	0	0	0	0	0	0	0	0	0	0	0	0	0	0	0	19	50	77	76	30	60	74	105	7	45	99	54	38	61	20	96	60	74	116	82	100	72	48	95	23	40	60	115	72	18	98	68	9	60	106	122	22	39	14	95	81	119	32	7	122	32	125	81	42	51	50	74	123	113	41	79	102	21	105	124	105	31	90	30	46	74	49	26	6	20	80	71	23	108	103	89	22	50	119	96	123	72	12	85	52	115	87	51	80	30
0	0	0	0	0	0	0	0	0	0	0	0	0	0	0	0	0	0	0	0	0	0	0	0	0	0	0	0	0	0	0	0	0	0	0	0	0	0	0	15	40	73	29	16	53	4	4	25	23	79	114	103	80	56	17	25	108	105	95	90	102	33	68	70	125	6	44	72	76	1	86	101	97	100	93	29	22	54	18	107	54	88	59	119	10	125	5	113	86	75	32	119	31	93	72	76	126	40	67	117	18	60	102	115	74	95	124	61	13	31	62	44	124	114	40	22	59	81	48	77	72	17	49	56	1	4	86	46
0	0	0	0	0	0	0	0	0	0	0	0	0	0	0	0	0	0	0	0	0	0	0	0	0	0	0	0	0	0	0	0	0	0	0	0	0	0	0	0	101	79	12	30	49	102	126	65	127	1	85	112	17	128	25	69	29	106	90	12	97	12	41	111	35	33	68	10	117	60	11	79	26	14	58	62	58	7	7	37	37	44	76	57	105	23	64	16	69	86	87	30	108	120	70	93	9	12	49	71	3	12	48	93	78	112	111	53	15	63	91	118	55	49	73	53	106	48	82	94	106	84	83	26	108	97	38	109
0	0	0	0	0	0	0	0	0	0	0	0	0	0	0	0	0	0	0	0	0	0	0	0	0	0	0	0	0	0	0	0	0	0	0	0	0	0	0	0	0	34	10	100	125	113	28	1	127	68	4	127	72	50	116	114	114	45	62	108	77	56	43	102	59	82	25	59	93	121	111	73	38	71	64	60	116	23	113	38	32	113	47	42	13	32	104	82	60	70	57	125	87	89	2	124	21	2	16	72	64	26	1	128	124	51	38	18	14	41	71	13	125	49	99	28	21	125	73	120	24	40	121	85	61	8	35	34
0	0	0	0	0	0	0	0	0	0	0	0	0	0	0	0	0	0	0	0	0	0	0	0	0	0	0	0	0	0	0	0	0	0	0	0	0	0	0	0	0	0	75	99	62	70	109	14	98	12	82	116	78	29	11	96	74	62	106	8	30	128	120	79	96	105	126	100	28	4	99	36	55	76	34	16	82	87	128	26	63	29	35	58	54	46	82	18	48	93	87	4	28	108	126	12	29	16	13	109	1	71	113	92	57	10	92	103	95	6	70	5	54	14	109	18	59	100	104	99	22	74	50	14	5	48	104	35
0	0	0	0	0	0	0	0	0	0	0	0	0	0	0	0	0	0	0	0	0	0	0	0	0	0	0	0	0	0	0	0	0	0	0	0	0	0	0	0	0	0	0	26	114	37	68	58	95	31	106	76	16	117	101	79	3	50	98	29	121	23	4	13	64	104	23	30	103	105	4	58	55	76	13	115	61	107	109	87	106	44	55	10	99	98	92	103	64	42	46	70	116	12	21	33	111	86	120	115	14	125	40	78	46	14	102	51	106	75	98	127	116	1	48	73	111	79	14	83	80	99	39	82	108	117	99	36
0	0	0	0	0	0	0	0	0	0	0	0	0	0	0	0	0	0	0	0	0	0	0	0	0	0	0	0	0	0	0	0	0	0	0	0	0	0	0	0	0	0	0	0	90	112	108	50	80	22	10	11	14	90	8	24	88	115	122	21	44	59	70	73	110	11	122	30	37	48	100	48	109	44	117	41	24	50	96	87	12	19	50	67	92	81	127	41	7	48	91	102	41	3	6	57	120	65	11	50	93	64	126	42	30	61	22	95	31	73	45	7	60	67	10	126	67	88	32	78	14	64	12	97	18	58	81	76
0	0	0	0	0	0	0	0	0	0	0	0	0	0	0	0	0	0	0	0	0	0	0	0	0	0	0	0	0	0	0	0	0	0	0	0	0	0	0	0	0	0	0	0	0	98	94	107	70	6	4	7	128	99	51	83	118	4	60	113	127	56	12	3	15	19	51	54	91	35	45	73	30	89	104	11	54	116	108	53	11	66	116	109	92	8	90	69	105	84	80	112	17	111	124	16	107	59	30	63	86	117	21	82	20	10	36	90	106	116	79	31	108	112	93	79	77	85	102	75	94	77	99	55	99	84	106	70
0	0	0	0	0	0	0	0	0	0	0	0	0	0	0	0	0	0	0	0	0	0	0	0	0	0	0	0	0	0	0	0	0	0	0	0	0	0	0	0	0	0	0	0	0	0	17	5	25	80	106	115	65	57	49	11	68	46	56	124	30	128	59	63	121	98	118	127	17	73	84	78	36	54	32	127	111	5	46	12	85	109	108	37	95	7	100	115	78	84	99	120	33	30	96	103	14	72	97	82	79	65	115	107	4	18	67	87	110	98	98	39	21	28	23	21	11	1	112	71	12	93	26	1	56	65	109	61
0	0	0	0	0	0	0	0	0	0	0	0	0	0	0	0	0	0	0	0	0	0	0	0	0	0	0	0	0	0	0	0	0	0	0	0	0	0	0	0	0	0	0	0	0	0	0	85	96	85	112	124	29	71	7	84	116	73	22	21	85	103	79	114	42	27	91	2	127	29	64	54	54	53	81	118	89	102	85	72	8	64	44	117	47	126	112	12	52	33	40	79	17	5	104	48	89	54	38	17	13	50	12	13	15	30	88	98	74	106	75	55	67	90	102	107	19	101	4	76	25	35	23	50	55	58	13	116
0	0	0	0	0	0	0	0	0	0	0	0	0	0	0	0	0	0	0	0	0	0	0	0	0	0	0	0	0	0	0	0	0	0	0	0	0	0	0	0	0	0	0	0	0	0	0	0	5	59	101	54	116	91	6	16	108	109	24	105	78	12	74	77	43	72	44	75	85	111	102	19	81	121	39	71	113	122	78	117	27	19	9	96	99	40	97	73	48	50	108	58	128	66	31	84	7	86	88	65	126	78	74	85	112	74	70	69	51	54	47	27	20	7	47	98	122	69	124	69	107	56	48	15	119	118	95	11
0	0	0	0	0	0	0	0	0	0	0	0	0	0	0	0	0	0	0	0	0	0	0	0	0	0	0	0	0	0	0	0	0	0	0	0	0	0	0	0	0	0	0	0	0	0	0	0	0	76	54	102	34	97	67	20	67	57	55	20	120	88	126	80	120	106	22	118	99	25	41	23	21	42	85	66	88	96	70	110	28	21	85	59	45	71	3	121	112	93	87	67	56	32	95	7	49	20	31	45	25	65	4	101	91	13	127	51	19	36	8	78	47	120	83	30	98	54	86	10	49	102	59	5	50	10	31	6
0	0	0	0	0	0	0	0	0	0	0	0	0	0	0	0	0	0	0	0	0	0	0	0	0	0	0	0	0	0	0	0	0	0	0	0	0	0	0	0	0	0	0	0	0	0	0	0	0	0	61	92	108	70	22	96	22	10	6	89	55	102	54	99	5	104	11	12	99	47	27	104	61	95	25	18	23	46	103	107	70	68	108	120	95	126	96	5	97	118	75	38	95	39	40	57	127	81	124	60	80	100	108	56	6	6	105	119	99	77	22	60	54	5	91	119	81	105	74	116	54	71	98	80	31	24	35	1
0	0	0	0	0	0	0	0	0	0	0	0	0	0	0	0	0	0	0	0	0	0	0	0	0	0	0	0	0	0	0	0	0	0	0	0	0	0	0	0	0	0	0	0	0	0	0	0	0	0	0	20	118	68	128	116	6	24	11	124	108	58	110	127	85	19	45	12	52	54	78	77	86	84	123	100	80	41	95	98	65	4	96	76	79	119	71	61	11	101	33	58	119	7	46	38	39	126	51	110	122	81	3	15	32	71	92	123	89	1	81	25	46	27	32	65	79	56	104	39	115	62	24	68	111	10	8	113
0	0	0	0	0	0	0	0	0	0	0	0	0	0	0	0	0	0	0	0	0	0	0	0	0	0	0	0	0	0	0	0	0	0	0	0	0	0	0	0	0	0	0	0	0	0	0	0	0	0	0	0	126	28	122	124	47	57	78	125	32	97	90	109	90	69	53	52	11	92	34	43	115	22	53	42	115	24	94	36	61	19	4	36	65	63	68	79	119	87	107	97	6	37	71	12	89	80	63	115	62	109	8	43	119	8	20	33	31	102	3	84	1	105	43	16	22	23	113	128	97	111	31	75	125	106	43	22
0	0	0	0	0	0	0	0	0	0	0	0	0	0	0	0	0	0	0	0	0	0	0	0	0	0	0	0	0	0	0	0	0	0	0	0	0	0	0	0	0	0	0	0	0	0	0	0	0	0	0	0	0	4	27	71	27	92	122	11	24	36	55	69	121	51	86	18	26	62	34	105	109	26	101	55	76	46	104	21	90	108	122	114	16	82	86	70	109	2	23	3	78	54	105	87	74	104	28	19	115	42	13	75	16	107	22	50	13	100	58	111	42	9	127	90	33	48	68	111	60	74	120	102	55	66	80	121
0	0	0	0	0	0	0	0	0	0	0	0	0	0	0	0	0	0	0	0	0	0	0	0	0	0	0	0	0	0	0	0	0	0	0	0	0	0	0	0	0	0	0	0	0	0	0	0	0	0	0	0	0	0	83	95	71	117	56	98	52	80	84	2	44	6	21	91	12	86	100	105	60	16	93	65	60	80	32	87	106	104	82	82	104	86	1	78	21	49	74	115	15	113	92	46	64	46	13	55	88	114	103	61	119	119	52	48	108	92	100	44	24	103	11	97	125	68	24	90	98	46	39	34	3	84	45	120
0	0	0	0	0	0	0	0	0	0	0	0	0	0	0	0	0	0	0	0	0	0	0	0	0	0	0	0	0	0	0	0	0	0	0	0	0	0	0	0	0	0	0	0	0	0	0	0	0	0	0	0	0	0	0	43	88	90	102	11	71	70	91	22	99	31	100	108	105	81	119	105	111	46	34	91	111	84	23	35	63	26	30	90	72	88	20	23	31	101	115	9	98	31	88	68	69	19	61	40	81	65	2	92	96	104	103	2	17	3	126	117	49	5	101	46	113	52	71	36	47	59	37	45	55	102	57	108
0	0	0	0	0	0	0	0	0	0	0	0	0	0	0	0	0	0	0	0	0	0	0	0	0	0	0	0	0	0	0	0	0	0	0	0	0	0	0	0	0	0	0	0	0	0	0	0	0	0	0	0	0	0	0	0	65	17	111	27	40	31	47	102	98	71	44	102	87	42	103	123	82	71	54	53	115	87	62	62	1	101	2	117	26	82	57	34	54	92	78	57	127	5	28	11	105	87	84	40	9	58	57	5	17	99	8	37	79	20	39	65	119	87	46	113	45	75	72	76	82	127	58	89	86	83	51	87
0	0	0	0	0	0	0	0	0	0	0	0	0	0	0	0	0	0	0	0	0	0	0	0	0	0	0	0	0	0	0	0	0	0	0	0	0	0	0	0	0	0	0	0	0	0	0	0	0	0	0	0	0	0	0	0	0	93	21	99	14	45	6	52	42	113	75	92	60	9	81	76	116	111	124	50	83	19	28	113	4	21	79	73	4	77	65	93	2	127	116	98	39	125	32	51	81	108	96	45	85	41	123	56	41	7	16	57	3	90	70	118	14	123	128	75	80	27	104	69	55	120	6	78	60	121	109	87
0	0	0	0	0	0	0	0	0	0	0	0	0	0	0	0	0	0	0	0	0	0	0	0	0	0	0	0	0	0	0	0	0	0	0	0	0	0	0	0	0	0	0	0	0	0	0	0	0	0	0	0	0	0	0	0	0	0	67	122	36	100	47	21	98	81	98	118	116	38	33	96	40	16	103	21	55	103	125	5	118	81	78	32	53	128	103	97	76	104	112	57	81	10	127	25	40	21	56	22	81	35	47	24	27	45	39	53	63	72	123	53	89	100	94	47	59	104	65	20	42	47	128	60	63	107	125	34
0	0	0	0	0	0	0	0	0	0	0	0	0	0	0	0	0	0	0	0	0	0	0	0	0	0	0	0	0	0	0	0	0	0	0	0	0	0	0	0	0	0	0	0	0	0	0	0	0	0	0	0	0	0	0	0	0	0	0	117	95	27	20	17	71	59	20	99	25	3	29	94	1	65	50	34	52	61	56	109	32	118	120	70	65	17	128	67	86	114	124	113	123	24	124	60	28	11	100	10	27	57	38	121	76	50	29	106	61	13	110	127	41	45	79	63	41	96	84	109	29	48	122	70	76	8	50	121
0	0	0	0	0	0	0	0	0	0	0	0	0	0	0	0	0	0	0	0	0	0	0	0	0	0	0	0	0	0	0	0	0	0	0	0	0	0	0	0	0	0	0	0	0	0	0	0	0	0	0	0	0	0	0	0	0	0	0	0	114	17	8	69	43	26	26	95	81	87	100	126	104	25	45	23	40	60	45	23	41	32	27	41	104	82	33	93	13	38	14	41	51	6	47	90	12	63	59	118	22	100	41	16	71	104	37	11	66	76	36	40	64	47	90	75	38	115	37	24	109	35	104	17	73	80	24	123
0	0	0	0	0	0	0	0	0	0	0	0	0	0	0	0	0	0	0	0	0	0	0	0	0	0	0	0	0	0	0	0	0	0	0	0	0	0	0	0	0	0	0	0	0	0	0	0	0	0	0	0	0	0	0	0	0	0	0	0	0	87	95	92	66	30	120	47	1	9	54	50	73	24	33	35	88	71	53	25	23	55	116	89	49	92	12	106	94	106	119	78	44	30	126	13	88	33	52	92	100	101	53	104	32	73	5	80	78	1	19	42	20	65	92	25	119	45	96	5	82	4	80	5	62	127	36	28
0	0	0	0	0	0	0	0	0	0	0	0	0	0	0	0	0	0	0	0	0	0	0	0	0	0	0	0	0	0	0	0	0	0	0	0	0	0	0	0	0	0	0	0	0	0	0	0	0	0	0	0	0	0	0	0	0	0	0	0	0	0	27	108	124	51	30	83	26	119	52	40	71	38	113	32	18	2	35	95	121	13	105	105	91	35	126	11	100	41	59	37	97	34	95	73	46	25	76	39	105	22	99	49	34	49	110	39	72	122	120	38	46	3	56	57	82	4	128	70	68	128	91	64	92	127	91	49
0	0	0	0	0	0	0	0	0	0	0	0	0	0	0	0	0	0	0	0	0	0	0	0	0	0	0	0	0	0	0	0	0	0	0	0	0	0	0	0	0	0	0	0	0	0	0	0	0	0	0	0	0	0	0	0	0	0	0	0	0	0	0	85	68	63	110	35	5	93	123	61	115	102	47	101	76	81	25	74	42	126	126	39	109	86	114	55	117	58	10	127	36	109	123	10	27	89	2	39	69	25	125	46	65	78	120	26	13	65	114	3	106	41	95	64	127	46	23	84	125	18	113	85	125	104	66	81
0	0	0	0	0	0	0	0	0	0	0	0	0	0	0	0	0	0	0	0	0	0	0	0	0	0	0	0	0	0	0	0	0	0	0	0	0	0	0	0	0	0	0	0	0	0	0	0	0	0	0	0	0	0	0	0	0	0	0	0	0	0	0	0	61	97	81	1	75	64	3	42	10	15	93	79	28	91	12	5	96	85	20	56	94	76	84	32	96	53	56	125	2	43	74	67	20	109	7	99	89	24	45	50	124	74	35	32	117	128	29	102	13	84	80	69	69	58	32	18	36	102	107	75	88	16	54	4
0	0	0	0	0	0	0	0	0	0	0	0	0	0	0	0	0	0	0	0	0	0	0	0	0	0	0	0	0	0	0	0	0	0	0	0	0	0	0	0	0	0	0	0	0	0	0	0	0	0	0	0	0	0	0	0	0	0	0	0	0	0	0	0	0	20	123	25	36	65	58	12	84	103	100	19	37	89	32	89	96	41	49	69	125	73	17	62	116	40	59	125	21	63	55	64	54	48	60	120	36	42	34	25	38	66	65	80	9	65	89	66	76	29	26	5	12	112	63	113	85	57	93	60	7	73	79	57
0	0	0	0	0	0	0	0	0	0	0	0	0	0	0	0	0	0	0	0	0	0	0	0	0	0	0	0	0	0	0	0	0	0	0	0	0	0	0	0	0	0	0	0	0	0	0	0	0	0	0	0	0	0	0	0	0	0	0	0	0	0	0	0	0	0	13	101	128	41	7	47	43	7	89	16	97	54	109	16	128	37	95	101	103	109	54	98	121	125	88	14	94	113	90	46	67	98	42	101	69	80	60	65	103	26	82	46	90	39	72	19	125	86	80	49	86	41	67	103	53	114	59	91	17	34	86	111
0	0	0	0	0	0	0	0	0	0	0	0	0	0	0	0	0	0	0	0	0	0	0	0	0	0	0	0	0	0	0	0	0	0	0	0	0	0	0	0	0	0	0	0	0	0	0	0	0	0	0	0	0	0	0	0	0	0	0	0	0	0	0	0	0	0	0	21	11	42	45	66	55	21	32	46	118	100	59	78	113	102	36	118	25	61	1	114	24	103	123	124	15	56	98	38	70	82	74	19	27	56	117	50	66	118	80	76	34	18	100	66	24	32	99	70	70	66	82	51	7	55	89	109	14	90	126	24
0	0	0	0	0	0	0	0	0	0	0	0	0	0	0	0	0	0	0	0	0	0	0	0	0	0	0	0	0	0	0	0	0	0	0	0	0	0	0	0	0	0	0	0	0	0	0	0	0	0	0	0	0	0	0	0	0	0	0	0	0	0	0	0	0	0	0	0	27	104	119	28	49	70	29	65	76	125	31	110	75	88	85	85	78	54	47	43	52	103	128	5	50	95	34	95	70	32	53	90	93	127	81	48	106	67	95	104	6	104	41	3	108	7	118	109	11	117	72	101	34	2	20	76	7	29	55	60
0	0	0	0	0	0	0	0	0	0	0	0	0	0	0	0	0	0	0	0	0	0	0	0	0	0	0	0	0	0	0	0	0	0	0	0	0	0	0	0	0	0	0	0	0	0	0	0	0	0	0	0	0	0	0	0	0	0	0	0	0	0	0	0	0	0	0	0	0	85	105	106	127	53	95	67	95	70	63	69	14	90	92	117	42	117	125	43	112	96	2	76	85	67	3	87	83	62	118	119	83	69	76	1	31	73	108	66	68	92	93	63	70	37	74	42	128	115	38	101	89	7	93	107	42	98	114	40
0	0	0	0	0	0	0	0	0	0	0	0	0	0	0	0	0	0	0	0	0	0	0	0	0	0	0	0	0	0	0	0	0	0	0	0	0	0	0	0	0	0	0	0	0	0	0	0	0	0	0	0	0	0	0	0	0	0	0	0	0	0	0	0	0	0	0	0	0	0	97	26	72	128	6	105	20	118	66	84	59	8	55	44	76	18	17	79	39	57	126	52	95	115	9	28	50	66	98	95	20	115	118	81	72	99	43	108	10	60	66	10	29	125	106	92	61	27	31	75	54	28	115	105	110	34	125	48
0	0	0	0	0	0	0	0	0	0	0	0	0	0	0	0	0	0	0	0	0	0	0	0	0	0	0	0	0	0	0	0	0	0	0	0	0	0	0	0	0	0	0	0	0	0	0	0	0	0	0	0	0	0	0	0	0	0	0	0	0	0	0	0	0	0	0	0	0	0	0	53	43	62	38	39	95	44	25	30	29	26	36	106	112	72	55	66	128	93	13	2	35	13	14	62	21	3	89	77	99	9	62	67	78	84	14	13	89	19	118	86	33	23	22	68	78	54	23	15	85	38	7	46	34	118	127	20
0	0	0	0	0	0	0	0	0	0	0	0	0	0	0	0	0	0	0	0	0	0	0	0	0	0	0	0	0	0	0	0	0	0	0	0	0	0	0	0	0	0	0	0	0	0	0	0	0	0	0	0	0	0	0	0	0	0	0	0	0	0	0	0	0	0	0	0	0	0	0	0	125	39	114	15	106	122	114	105	7	72	88	21	89	16	110	29	70	8	17	110	89	10	97	23	8	6	55	125	88	75	34	63	126	124	116	4	38	25	65	103	26	114	20	71	116	11	31	13	19	78	29	30	42	124	25	105
0	0	0	0	0	0	0	0	0	0	0	0	0	0	0	0	0	0	0	0	0	0	0	0	0	0	0	0	0	0	0	0	0	0	0	0	0	0	0	0	0	0	0	0	0	0	0	0	0	0	0	0	0	0	0	0	0	0	0	0	0	0	0	0	0	0	0	0	0	0	0	0	0	73	59	26	73	73	31	35	37	39	80	69	101	68	51	118	11	113	1	40	36	99	33	110	84	72	92	108	34	44	66	83	128	39	11	109	58	101	102	5	112	14	107	88	56	85	120	40	25	89	93	70	46	21	93	126
0	0	0	0	0	0	0	0	0	0	0	0	0	0	0	0	0	0	0	0	0	0	0	0	0	0	0	0	0	0	0	0	0	0	0	0	0	0	0	0	0	0	0	0	0	0	0	0	0	0	0	0	0	0	0	0	0	0	0	0	0	0	0	0	0	0	0	0	0	0	0	0	0	0	78	50	94	40	127	128	29	123	123	64	21	5	20	52	81	3	18	119	73	20	18	65	10	1	28	6	1	112	41	99	33	106	54	48	82	29	3	80	77	121	43	51	28	44	124	39	18	54	100	68	21	18	107	31
0	0	0	0	0	0	0	0	0	0	0	0	0	0	0	0	0	0	0	0	0	0	0	0	0	0	0	0	0	0	0	0	0	0	0	0	0	0	0	0	0	0	0	0	0	0	0	0	0	0	0	0	0	0	0	0	0	0	0	0	0	0	0	0	0	0	0	0	0	0	0	0	0	0	0	117	43	111	68	34	41	113	2	80	100	76	53	80	46	110	128	110	26	15	90	14	37	79	4	90	16	36	72	21	96	27	45	89	121	127	69	74	106	32	91	77	109	1	47	116	106	30	88	68	69	96	46	38
0	0	0	0	0	0	0	0	0	0	0	0	0	0	0	0	0	0	0	0	0	0	0	0	0	0	0	0	0	0	0	0	0	0	0	0	0	0	0	0	0	0	0	0	0	0	0	0	0	0	0	0	0	0	0	0	0	0	0	0	0	0	0	0	0	0	0	0	0	0	0	0	0	0	0	0	24	6	124	17	114	64	57	83	105	77	1	23	23	82	21	128	122	20	88	5	71	64	62	15	3	72	96	119	49	20	10	37	87	80	102	1	102	37	104	34	83	121	54	92	92	6	60	96	86	45	44	65
0	0	0	0	0	0	0	0	0	0	0	0	0	0	0	0	0	0	0	0	0	0	0	0	0	0	0	0	0	0	0	0	0	0	0	0	0	0	0	0	0	0	0	0	0	0	0	0	0	0	0	0	0	0	0	0	0	0	0	0	0	0	0	0	0	0	0	0	0	0	0	0	0	0	0	0	0	105	36	31	106	99	117	59	44	26	112	13	82	69	54	67	113	42	91	15	108	34	28	67	120	25	45	15	93	75	12	116	95	37	10	17	113	78	14	67	3	90	29	119	12	36	56	79	51	57	106	103
0	0	0	0	0	0	0	0	0	0	0	0	0	0	0	0	0	0	0	0	0	0	0	0	0	0	0	0	0	0	0	0	0	0	0	0	0	0	0	0	0	0	0	0	0	0	0	0	0	0	0	0	0	0	0	0	0	0	0	0	0	0	0	0	0	0	0	0	0	0	0	0	0	0	0	0	0	0	42	62	70	91	110	128	33	65	106	31	13	70	103	41	76	120	114	84	66	1	92	125	1	19	70	9	95	11	15	80	11	42	108	76	19	124	9	116	121	68	44	19	104	83	8	39	70	84	4	63
0	0	0	0	0	0	0	0	0	0	0	0	0	0	0	0	0	0	0	0	0	0	0	0	0	0	0	0	0	0	0	0	0	0	0	0	0	0	0	0	0	0	0	0	0	0	0	0	0	0	0	0	0	0	0	0	0	0	0	0	0	0	0	0	0	0	0	0	0	0	0	0	0	0	0	0	0	0	0	20	102	78	76	105	70	8	44	93	10	27	31	93	79	69	7	70	26	88	29	54	125	19	43	88	100	48	85	25	68	13	25	102	5	128	35	110	60	73	35	72	9	115	115	33	6	76	38	97
0	0	0	0	0	0	0	0	0	0	0	0	0	0	0	0	0	0	0	0	0	0	0	0	0	0	0	0	0	0	0	0	0	0	0	0	0	0	0	0	0	0	0	0	0	0	0	0	0	0	0	0	0	0	0	0	0	0	0	0	0	0	0	0	0	0	0	0	0	0	0	0	0	0	0	0	0	0	0	0	41	30	73	43	103	104	77	124	56	35	48	43	93	121	121	52	102	43	21	48	112	85	20	13	88	37	21	50	28	75	44	115	26	84	126	102	7	68	119	14	48	36	78	122	34	74	59	1
0	0	0	0	0	0	0	0	0	0	0	0	0	0	0	0	0	0	0	0	0	0	0	0	0	0	0	0	0	0	0	0	0	0	0	0	0	0	0	0	0	0	0	0	0	0	0	0	0	0	0	0	0	0	0	0	0	0	0	0	0	0	0	0	0	0	0	0	0	0	0	0	0	0	0	0	0	0	0	0	0	30	107	124	108	56	98	41	37	70	35	10	88	28	45	89	52	42	30	123	63	53	80	48	90	113	53	48	22	112	59	24	90	67	99	11	119	66	43	34	52	107	117	122	64	56	73	23
0	0	0	0	0	0	0	0	0	0	0	0	0	0	0	0	0	0	0	0	0	0	0	0	0	0	0	0	0	0	0	0	0	0	0	0	0	0	0	0	0	0	0	0	0	0	0	0	0	0	0	0	0	0	0	0	0	0	0	0	0	0	0	0	0	0	0	0	0	0	0	0	0	0	0	0	0	0	0	0	0	0	81	24	93	98	18	67	93	57	78	121	101	123	118	96	42	102	68	75	78	126	124	19	30	45	30	122	99	113	99	34	115	12	38	48	97	97	86	96	33	124	4	51	118	123	94	81
0	0	0	0	0	0	0	0	0	0	0	0	0	0	0	0	0	0	0	0	0	0	0	0	0	0	0	0	0	0	0	0	0	0	0	0	0	0	0	0	0	0	0	0	0	0	0	0	0	0	0	0	0	0	0	0	0	0	0	0	0	0	0	0	0	0	0	0	0	0	0	0	0	0	0	0	0	0	0	0	0	0	0	74	102	117	127	93	57	32	58	25	117	121	107	100	31	59	87	31	80	39	42	33	43	73	119	71	30	93	18	1	39	23	44	52	93	45	121	44	98	46	81	88	100	70	90	104
0	0	0	0	0	0	0	0	0	0	0	0	0	0	0	0	0	0	0	0	0	0	0	0	0	0	0	0	0	0	0	0	0	0	0	0	0	0	0	0	0	0	0	0	0	0	0	0	0	0	0	0	0	0	0	0	0	0	0	0	0	0	0	0	0	0	0	0	0	0	0	0	0	0	0	0	0	0	0	0	0	0	0	0	29	87	50	116	25	71	92	98	37	127	67	27	73	92	10	46	114	62	1	61	29	116	115	57	5	11	64	109	62	68	107	81	78	5	102	72	33	25	127	102	3	50	3	108
0	0	0	0	0	0	0	0	0	0	0	0	0	0	0	0	0	0	0	0	0	0	0	0	0	0	0	0	0	0	0	0	0	0	0	0	0	0	0	0	0	0	0	0	0	0	0	0	0	0	0	0	0	0	0	0	0	0	0	0	0	0	0	0	0	0	0	0	0	0	0	0	0	0	0	0	0	0	0	0	0	0	0	0	0	82	19	62	53	60	37	46	104	31	17	78	51	72	76	28	98	114	17	57	21	109	49	121	121	18	124	11	105	103	21	25	58	5	37	94	76	91	3	16	31	76	42	66
0	0	0	0	0	0	0	0	0	0	0	0	0	0	0	0	0	0	0	0	0	0	0	0	0	0	0	0	0	0	0	0	0	0	0	0	0	0	0	0	0	0	0	0	0	0	0	0	0	0	0	0	0	0	0	0	0	0	0	0	0	0	0	0	0	0	0	0	0	0	0	0	0	0	0	0	0	0	0	0	0	0	0	0	0	0	1	66	104	71	84	83	86	27	76	78	51	13	22	122	12	69	2	12	60	70	120	103	96	87	32	56	33	5	77	58	101	5	90	126	58	25	20	110	49	73	63	98
0	0	0	0	0	0	0	0	0	0	0	0	0	0	0	0	0	0	0	0	0	0	0	0	0	0	0	0	0	0	0	0	0	0	0	0	0	0	0	0	0	0	0	0	0	0	0	0	0	0	0	0	0	0	0	0	0	0	0	0	0	0	0	0	0	0	0	0	0	0	0	0	0	0	0	0	0	0	0	0	0	0	0	0	0	0	0	52	105	106	91	56	83	111	54	11	25	35	100	93	122	85	109	23	70	116	86	47	17	45	37	109	35	50	109	120	40	120	65	117	51	24	108	94	21	26	46	32
0	0	0	0	0	0	0	0	0	0	0	0	0	0	0	0	0	0	0	0	0	0	0	0	0	0	0	0	0	0	0	0	0	0	0	0	0	0	0	0	0	0	0	0	0	0	0	0	0	0	0	0	0	0	0	0	0	0	0	0	0	0	0	0	0	0	0	0	0	0	0	0	0	0	0	0	0	0	0	0	0	0	0	0	0	0	0	0	109	116	93	84	107	58	16	102	101	80	101	86	82	104	98	22	94	104	29	89	98	44	77	63	70	104	92	109	83	110	8	92	42	122	106	79	126	25	97	38
0	0	0	0	0	0	0	0	0	0	0	0	0	0	0	0	0	0	0	0	0	0	0	0	0	0	0	0	0	0	0	0	0	0	0	0	0	0	0	0	0	0	0	0	0	0	0	0	0	0	0	0	0	0	0	0	0	0	0	0	0	0	0	0	0	0	0	0	0	0	0	0	0	0	0	0	0	0	0	0	0	0	0	0	0	0	0	0	0	48	19	61	71	110	89	84	82	31	93	40	63	114	114	93	91	14	111	16	61	72	2	44	25	76	90	52	100	38	62	76	3	17	5	78	96	55	127	117
0	0	0	0	0	0	0	0	0	0	0	0	0	0	0	0	0	0	0	0	0	0	0	0	0	0	0	0	0	0	0	0	0	0	0	0	0	0	0	0	0	0	0	0	0	0	0	0	0	0	0	0	0	0	0	0	0	0	0	0	0	0	0	0	0	0	0	0	0	0	0	0	0	0	0	0	0	0	0	0	0	0	0	0	0	0	0	0	0	0	102	16	125	72	59	19	36	91	66	52	59	65	110	82	17	94	120	89	35	109	19	43	117	31	121	125	6	114	108	16	19	9	84	76	90	101	122	81
0	0	0	0	0	0	0	0	0	0	0	0	0	0	0	0	0	0	0	0	0	0	0	0	0	0	0	0	0	0	0	0	0	0	0	0	0	0	0	0	0	0	0	0	0	0	0	0	0	0	0	0	0	0	0	0	0	0	0	0	0	0	0	0	0	0	0	0	0	0	0	0	0	0	0	0	0	0	0	0	0	0	0	0	0	0	0	0	0	0	0	88	109	82	116	31	91	40	55	46	103	33	50	46	96	89	45	42	33	120	2	18	125	52	113	110	77	75	81	53	29	2	128	53	39	61	119	10
0	0	0	0	0	0	0	0	0	0	0	0	0	0	0	0	0	0	0	0	0	0	0	0	0	0	0	0	0	0	0	0	0	0	0	0	0	0	0	0	0	0	0	0	0	0	0	0	0	0	0	0	0	0	0	0	0	0	0	0	0	0	0	0	0	0	0	0	0	0	0	0	0	0	0	0	0	0	0	0	0	0	0	0	0	0	0	0	0	0	0	0	36	57	10	59	83	97	106	23	48	77	18	93	13	17	9	64	20	71	96	2	22	123	3	120	62	113	125	121	85	84	76	83	79	105	123	70
0	0	0	0	0	0	0	0	0	0	0	0	0	0	0	0	0	0	0	0	0	0	0	0	0	0	0	0	0	0	0	0	0	0	0	0	0	0	0	0	0	0	0	0	0	0	0	0	0	0	0	0	0	0	0	0	0	0	0	0	0	0	0	0	0	0	0	0	0	0	0	0	0	0	0	0	0	0	0	0	0	0	0	0	0	0	0	0	0	0	0	0	0	88	15	99	12	112	19	99	116	39	82	19	93	120	115	70	81	125	73	76	125	93	116	75	46	37	92	106	80	55	102	111	8	67	27	52
0	0	0	0	0	0	0	0	0	0	0	0	0	0	0	0	0	0	0	0	0	0	0	0	0	0	0	0	0	0	0	0	0	0	0	0	0	0	0	0	0	0	0	0	0	0	0	0	0	0	0	0	0	0	0	0	0	0	0	0	0	0	0	0	0	0	0	0	0	0	0	0	0	0	0	0	0	0	0	0	0	0	0	0	0	0	0	0	0	0	0	0	0	0	103	94	124	103	77	31	32	8	52	120	74	69	12	89	120	70	60	122	44	83	97	113	48	116	83	52	66	86	108	124	29	123	14	118
0	0	0	0	0	0	0	0	0	0	0	0	0	0	0	0	0	0	0	0	0	0	0	0	0	0	0	0	0	0	0	0	0	0	0	0	0	0	0	0	0	0	0	0	0	0	0	0	0	0	0	0	0	0	0	0	0	0	0	0	0	0	0	0	0	0	0	0	0	0	0	0	0	0	0	0	0	0	0	0	0	0	0	0	0	0	0	0	0	0	0	0	0	0	0	122	70	29	5	1	7	22	6	14	21	118	3	21	95	41	117	115	113	125	128	26	94	94	51	109	26	96	45	120	86	53	88	68
0	0	0	0	0	0	0	0	0	0	0	0	0	0	0	0	0	0	0	0	0	0	0	0	0	0	0	0	0	0	0	0	0	0	0	0	0	0	0	0	0	0	0	0	0	0	0	0	0	0	0	0	0	0	0	0	0	0	0	0	0	0	0	0	0	0	0	0	0	0	0	0	0	0	0	0	0	0	0	0	0	0	0	0	0	0	0	0	0	0	0	0	0	0	0	0	33	101	42	82	35	63	111	72	12	74	79	97	48	20	68	27	13	67	31	40	20	87	105	13	74	112	54	54	5	60	27	45
0	0	0	0	0	0	0	0	0	0	0	0	0	0	0	0	0	0	0	0	0	0	0	0	0	0	0	0	0	0	0	0	0	0	0	0	0	0	0	0	0	0	0	0	0	0	0	0	0	0	0	0	0	0	0	0	0	0	0	0	0	0	0	0	0	0	0	0	0	0	0	0	0	0	0	0	0	0	0	0	0	0	0	0	0	0	0	0	0	0	0	0	0	0	0	0	0	125	63	38	107	105	27	121	18	112	118	18	116	11	76	123	122	75	16	77	37	5	29	30	93	37	84	14	90	83	126	62
0	0	0	0	0	0	0	0	0	0	0	0	0	0	0	0	0	0	0	0	0	0	0	0	0	0	0	0	0	0	0	0	0	0	0	0	0	0	0	0	0	0	0	0	0	0	0	0	0	0	0	0	0	0	0	0	0	0	0	0	0	0	0	0	0	0	0	0	0	0	0	0	0	0	0	0	0	0	0	0	0	0	0	0	0	0	0	0	0	0	0	0	0	0	0	0	0	0	63	69	120	21	58	98	8	40	75	123	30	49	69	91	25	45	24	88	118	87	107	61	115	84	56	90	12	48	112	33
0	0	0	0	0	0	0	0	0	0	0	0	0	0	0	0	0	0	0	0	0	0	0	0	0	0	0	0	0	0	0	0	0	0	0	0	0	0	0	0	0	0	0	0	0	0	0	0	0	0	0	0	0	0	0	0	0	0	0	0	0	0	0	0	0	0	0	0	0	0	0	0	0	0	0	0	0	0	0	0	0	0	0	0	0	0	0	0	0	0	0	0	0	0	0	0	0	0	0	89	104	44	42	59	40	110	1	93	119	102	2	107	63	48	9	89	53	93	77	38	43	51	44	108	61	80	117	62
0	0	0	0	0	0	0	0	0	0	0	0	0	0	0	0	0	0	0	0	0	0	0	0	0	0	0	0	0	0	0	0	0	0	0	0	0	0	0	0	0	0	0	0	0	0	0	0	0	0	0	0	0	0	0	0	0	0	0	0	0	0	0	0	0	0	0	0	0	0	0	0	0	0	0	0	0	0	0	0	0	0	0	0	0	0	0	0	0	0	0	0	0	0	0	0	0	0	0	0	71	30	1	60	38	21	123	33	22	37	65	119	89	125	85	110	38	120	95	60	31	11	125	51	69	15	81	88
0	0	0	0	0	0	0	0	0	0	0	0	0	0	0	0	0	0	0	0	0	0	0	0	0	0	0	0	0	0	0	0	0	0	0	0	0	0	0	0	0	0	0	0	0	0	0	0	0	0	0	0	0	0	0	0	0	0	0	0	0	0	0	0	0	0	0	0	0	0	0	0	0	0	0	0	0	0	0	0	0	0	0	0	0	0	0	0	0	0	0	0	0	0	0	0	0	0	0	0	0	17	57	116	114	81	30	72	22	76	36	64	96	35	6	127	82	78	78	75	89	101	104	91	48	41	114	103
0	0	0	0	0	0	0	0	0	0	0	0	0	0	0	0	0	0	0	0	0	0	0	0	0	0	0	0	0	0	0	0	0	0	0	0	0	0	0	0	0	0	0	0	0	0	0	0	0	0	0	0	0	0	0	0	0	0	0	0	0	0	0	0	0	0	0	0	0	0	0	0	0	0	0	0	0	0	0	0	0	0	0	0	0	0	0	0	0	0	0	0	0	0	0	0	0	0	0	0	0	0	10	110	44	10	38	106	117	39	74	19	81	83	93	106	3	16	96	21	11	116	82	74	22	118	100	9
0	0	0	0	0	0	0	0	0	0	0	0	0	0	0	0	0	0	0	0	0	0	0	0	0	0	0	0	0	0	0	0	0	0	0	0	0	0	0	0	0	0	0	0	0	0	0	0	0	0	0	0	0	0	0	0	0	0	0	0	0	0	0	0	0	0	0	0	0	0	0	0	0	0	0	0	0	0	0	0	0	0	0	0	0	0	0	0	0	0	0	0	0	0	0	0	0	0	0	0	0	0	0	52	11	102	53	92	120	11	95	10	114	128	15	126	34	3	117	61	69	40	116	92	2	24	110	40
0	0	0	0	0	0	0	0	0	0	0	0	0	0	0	0	0	0	0	0	0	0	0	0	0	0	0	0	0	0	0	0	0	0	0	0	0	0	0	0	0	0	0	0	0	0	0	0	0	0	0	0	0	0	0	0	0	0	0	0	0	0	0	0	0	0	0	0	0	0	0	0	0	0	0	0	0	0	0	0	0	0	0	0	0	0	0	0	0	0	0	0	0	0	0	0	0	0	0	0	0	0	0	0	98	116	16	62	77	95	57	51	58	5	75	80	7	103	36	54	40	40	28	58	68	50	78	33
0	0	0	0	0	0	0	0	0	0	0	0	0	0	0	0	0	0	0	0	0	0	0	0	0	0	0	0	0	0	0	0	0	0	0	0	0	0	0	0	0	0	0	0	0	0	0	0	0	0	0	0	0	0	0	0	0	0	0	0	0	0	0	0	0	0	0	0	0	0	0	0	0	0	0	0	0	0	0	0	0	0	0	0	0	0	0	0	0	0	0	0	0	0	0	0	0	0	0	0	0	0	0	0	0	103	39	94	106	55	45	3	92	3	126	13	53	80	100	22	7	41	127	82	90	86	116	109
0	0	0	0	0	0	0	0	0	0	0	0	0	0	0	0	0	0	0	0	0	0	0	0	0	0	0	0	0	0	0	0	0	0	0	0	0	0	0	0	0	0	0	0	0	0	0	0	0	0	0	0	0	0	0	0	0	0	0	0	0	0	0	0	0	0	0	0	0	0	0	0	0	0	0	0	0	0	0	0	0	0	0	0	0	0	0	0	0	0	0	0	0	0	0	0	0	0	0	0	0	0	0	0	0	0	127	62	67	1	86	64	77	83	120	56	23	31	63	9	61	40	10	74	59	14	9	77
0	0	0	0	0	0	0	0	0	0	0	0	0	0	0	0	0	0	0	0	0	0	0	0	0	0	0	0	0	0	0	0	0	0	0	0	0	0	0	0	0	0	0	0	0	0	0	0	0	0	0	0	0	0	0	0	0	0	0	0	0	0	0	0	0	0	0	0	0	0	0	0	0	0	0	0	0	0	0	0	0	0	0	0	0	0	0	0	0	0	0	0	0	0	0	0	0	0	0	0	0	0	0	0	0	0	0	87	102	59	24	62	109	100	61	10	22	20	3	74	34	13	121	23	91	63	115	127
0	0	0	0	0	0	0	0	0	0	0	0	0	0	0	0	0	0	0	0	0	0	0	0	0	0	0	0	0	0	0	0	0	0	0	0	0	0	0	0	0	0	0	0	0	0	0	0	0	0	0	0	0	0	0	0	0	0	0	0	0	0	0	0	0	0	0	0	0	0	0	0	0	0	0	0	0	0	0	0	0	0	0	0	0	0	0	0	0	0	0	0	0	0	0	0	0	0	0	0	0	0	0	0	0	0	0	0	118	18	65	97	46	62	94	37	3	113	101	9	71	3	101	126	34	3	95	40
0	0	0	0	0	0	0	0	0	0	0	0	0	0	0	0	0	0	0	0	0	0	0	0	0	0	0	0	0	0	0	0	0	0	0	0	0	0	0	0	0	0	0	0	0	0	0	0	0	0	0	0	0	0	0	0	0	0	0	0	0	0	0	0	0	0	0	0	0	0	0	0	0	0	0	0	0	0	0	0	0	0	0	0	0	0	0	0	0	0	0	0	0	0	0	0	0	0	0	0	0	0	0	0	0	0	0	0	0	108	76	91	121	54	115	12	18	73	50	61	112	50	110	19	70	87	120	67
0	0	0	0	0	0	0	0	0	0	0	0	0	0	0	0	0	0	0	0	0	0	0	0	0	0	0	0	0	0	0	0	0	0	0	0	0	0	0	0	0	0	0	0	0	0	0	0	0	0	0	0	0	0	0	0	0	0	0	0	0	0	0	0	0	0	0	0	0	0	0	0	0	0	0	0	0	0	0	0	0	0	0	0	0	0	0	0	0	0	0	0	0	0	0	0	0	0	0	0	0	0	0	0	0	0	0	0	0	0	81	73	2	14	54	68	94	32	75	80	114	85	24	29	120	97	54	58
0	0	0	0	0	0	0	0	0	0	0	0	0	0	0	0	0	0	0	0	0	0	0	0	0	0	0	0	0	0	0	0	0	0	0	0	0	0	0	0	0	0	0	0	0	0	0	0	0	0	0	0	0	0	0	0	0	0	0	0	0	0	0	0	0	0	0	0	0	0	0	0	0	0	0	0	0	0	0	0	0	0	0	0	0	0	0	0	0	0	0	0	0	0	0	0	0	0	0	0	0	0	0	0	0	0	0	0	0	0	0	26	27	81	2	86	17	111	17	112	54	16	50	99	30	54	2	44
0	0	0	0	0	0	0	0	0	0	0	0	0	0	0	0	0	0	0	0	0	0	0	0	0	0	0	0	0	0	0	0	0	0	0	0	0	0	0	0	0	0	0	0	0	0	0	0	0	0	0	0	0	0	0	0	0	0	0	0	0	0	0	0	0	0	0	0	0	0	0	0	0	0	0	0	0	0	0	0	0	0	0	0	0	0	0	0	0	0	0	0	0	0	0	0	0	0	0	0	0	0	0	0	0	0	0	0	0	0	0	0	30	39	93	25	78	120	25	20	43	13	38	58	48	76	78	100
0	0	0	0	0	0	0	0	0	0	0	0	0	0	0	0	0	0	0	0	0	0	0	0	0	0	0	0	0	0	0	0	0	0	0	0	0	0	0	0	0	0	0	0	0	0	0	0	0	0	0	0	0	0	0	0	0	0	0	0	0	0	0	0	0	0	0	0	0	0	0	0	0	0	0	0	0	0	0	0	0	0	0	0	0	0	0	0	0	0	0	0	0	0	0	0	0	0	0	0	0	0	0	0	0	0	0	0	0	0	0	0	0	35	64	107	115	96	5	64	66	9	30	80	100	34	60	32
0	0	0	0	0	0	0	0	0	0	0	0	0	0	0	0	0	0	0	0	0	0	0	0	0	0	0	0	0	0	0	0	0	0	0	0	0	0	0	0	0	0	0	0	0	0	0	0	0	0	0	0	0	0	0	0	0	0	0	0	0	0	0	0	0	0	0	0	0	0	0	0	0	0	0	0	0	0	0	0	0	0	0	0	0	0	0	0	0	0	0	0	0	0	0	0	0	0	0	0	0	0	0	0	0	0	0	0	0	0	0	0	0	0	1	2	79	38	124	71	23	14	102	98	89	112	31	18
0	0	0	0	0	0	0	0	0	0	0	0	0	0	0	0	0	0	0	0	0	0	0	0	0	0	0	0	0	0	0	0	0	0	0	0	0	0	0	0	0	0	0	0	0	0	0	0	0	0	0	0	0	0	0	0	0	0	0	0	0	0	0	0	0	0	0	0	0	0	0	0	0	0	0	0	0	0	0	0	0	0	0	0	0	0	0	0	0	0	0	0	0	0	0	0	0	0	0	0	0	0	0	0	0	0	0	0	0	0	0	0	0	0	0	26	76	85	1	22	31	44	62	79	127	119	33	124
0	0	0	0	0	0	0	0	0	0	0	0	0	0	0	0	0	0	0	0	0	0	0	0	0	0	0	0	0	0	0	0	0	0	0	0	0	0	0	0	0	0	0	0	0	0	0	0	0	0	0	0	0	0	0	0	0	0	0	0	0	0	0	0	0	0	0	0	0	0	0	0	0	0	0	0	0	0	0	0	0	0	0	0	0	0	0	0	0	0	0	0	0	0	0	0	0	0	0	0	0	0	0	0	0	0	0	0	0	0	0	0	0	0	0	0	107	89	22	32	49	15	62	22	58	27	69	46
0	0	0	0	0	0	0	0	0	0	0	0	0	0	0	0	0	0	0	0	0	0	0	0	0	0	0	0	0	0	0	0	0	0	0	0	0	0	0	0	0	0	0	0	0	0	0	0	0	0	0	0	0	0	0	0	0	0	0	0	0	0	0	0	0	0	0	0	0	0	0	0	0	0	0	0	0	0	0	0	0	0	0	0	0	0	0	0	0	0	0	0	0	0	0	0	0	0	0	0	0	0	0	0	0	0	0	0	0	0	0	0	0	0	0	0	0	37	68	98	101	74	28	39	109	5	82	123
0	0	0	0	0	0	0	0	0	0	0	0	0	0	0	0	0	0	0	0	0	0	0	0	0	0	0	0	0	0	0	0	0	0	0	0	0	0	0	0	0	0	0	0	0	0	0	0	0	0	0	0	0	0	0	0	0	0	0	0	0	0	0	0	0	0	0	0	0	0	0	0	0	0	0	0	0	0	0	0	0	0	0	0	0	0	0	0	0	0	0	0	0	0	0	0	0	0	0	0	0	0	0	0	0	0	0	0	0	0	0	0	0	0	0	0	0	0	92	57	24	12	124	64	43	79	22	44
0	0	0	0	0	0	0	0	0	0	0	0	0	0	0	0	0	0	0	0	0	0	0	0	0	0	0	0	0	0	0	0	0	0	0	0	0	0	0	0	0	0	0	0	0	0	0	0	0	0	0	0	0	0	0	0	0	0	0	0	0	0	0	0	0	0	0	0	0	0	0	0	0	0	0	0	0	0	0	0	0	0	0	0	0	0	0	0	0	0	0	0	0	0	0	0	0	0	0	0	0	0	0	0	0	0	0	0	0	0	0	0	0	0	0	0	0	0	0	70	52	15	58	44	95	54	8	3
0	0	0	0	0	0	0	0	0	0	0	0	0	0	0	0	0	0	0	0	0	0	0	0	0	0	0	0	0	0	0	0	0	0	0	0	0	0	0	0	0	0	0	0	0	0	0	0	0	0	0	0	0	0	0	0	0	0	0	0	0	0	0	0	0	0	0	0	0	0	0	0	0	0	0	0	0	0	0	0	0	0	0	0	0	0	0	0	0	0	0	0	0	0	0	0	0	0	0	0	0	0	0	0	0	0	0	0	0	0	0	0	0	0	0	0	0	0	0	0	107	46	34	40	1	62	50	108
0	0	0	0	0	0	0	0	0	0	0	0	0	0	0	0	0	0	0	0	0	0	0	0	0	0	0	0	0	0	0	0	0	0	0	0	0	0	0	0	0	0	0	0	0	0	0	0	0	0	0	0	0	0	0	0	0	0	0	0	0	0	0	0	0	0	0	0	0	0	0	0	0	0	0	0	0	0	0	0	0	0	0	0	0	0	0	0	0	0	0	0	0	0	0	0	0	0	0	0	0	0	0	0	0	0	0	0	0	0	0	0	0	0	0	0	0	0	0	0	0	35	34	3	123	97	21	87
0	0	0	0	0	0	0	0	0	0	0	0	0	0	0	0	0	0	0	0	0	0	0	0	0	0	0	0	0	0	0	0	0	0	0	0	0	0	0	0	0	0	0	0	0	0	0	0	0	0	0	0	0	0	0	0	0	0	0	0	0	0	0	0	0	0	0	0	0	0	0	0	0	0	0	0	0	0	0	0	0	0	0	0	0	0	0	0	0	0	0	0	0	0	0	0	0	0	0	0	0	0	0	0	0	0	0	0	0	0	0	0	0	0	0	0	0	0	0	0	0	0	89	34	17	126	62	128
0	0	0	0	0	0	0	0	0	0	0	0	0	0	0	0	0	0	0	0	0	0	0	0	0	0	0	0	0	0	0	0	0	0	0	0	0	0	0	0	0	0	0	0	0	0	0	0	0	0	0	0	0	0	0	0	0	0	0	0	0	0	0	0	0	0	0	0	0	0	0	0	0	0	0	0	0	0	0	0	0	0	0	0	0	0	0	0	0	0	0	0	0	0	0	0	0	0	0	0	0	0	0	0	0	0	0	0	0	0	0	0	0	0	0	0	0	0	0	0	0	0	0	17	85	72	96	98
0	0	0	0	0	0	0	0	0	0	0	0	0	0	0	0	0	0	0	0	0	0	0	0	0	0	0	0	0	0	0	0	0	0	0	0	0	0	0	0	0	0	0	0	0	0	0	0	0	0	0	0	0	0	0	0	0	0	0	0	0	0	0	0	0	0	0	0	0	0	0	0	0	0	0	0	0	0	0	0	0	0	0	0	0	0	0	0	0	0	0	0	0	0	0	0	0	0	0	0	0	0	0	0	0	0	0	0	0	0	0	0	0	0	0	0	0	0	0	0	0	0	0	0	84	37	92	111
0	0	0	0	0	0	0	0	0	0	0	0	0	0	0	0	0	0	0	0	0	0	0	0	0	0	0	0	0	0	0	0	0	0	0	0	0	0	0	0	0	0	0	0	0	0	0	0	0	0	0	0	0	0	0	0	0	0	0	0	0	0	0	0	0	0	0	0	0	0	0	0	0	0	0	0	0	0	0	0	0	0	0	0	0	0	0	0	0	0	0	0	0	0	0	0	0	0	0	0	0	0	0	0	0	0	0	0	0	0	0	0	0	0	0	0	0	0	0	0	0	0	0	0	0	58	52	48
0	0	0	0	0	0	0	0	0	0	0	0	0	0	0	0	0	0	0	0	0	0	0	0	0	0	0	0	0	0	0	0	0	0	0	0	0	0	0	0	0	0	0	0	0	0	0	0	0	0	0	0	0	0	0	0	0	0	0	0	0	0	0	0	0	0	0	0	0	0	0	0	0	0	0	0	0	0	0	0	0	0	0	0	0	0	0	0	0	0	0	0	0	0	0	0	0	0	0	0	0	0	0	0	0	0	0	0	0	0	0	0	0	0	0	0	0	0	0	0	0	0	0	0	0	0	3	43
0	0	0	0	0	0	0	0	0	0	0	0	0	0	0	0	0	0	0	0	0	0	0	0	0	0	0	0	0	0	0	0	0	0	0	0	0	0	0	0	0	0	0	0	0	0	0	0	0	0	0	0	0	0	0	0	0	0	0	0	0	0	0	0	0	0	0	0	0	0	0	0	0	0	0	0	0	0	0	0	0	0	0	0	0	0	0	0	0	0	0	0	0	0	0	0	0	0	0	0	0	0	0	0	0	0	0	0	0	0	0	0	0	0	0	0	0	0	0	0	0	0	0	0	0	0	0	66
0	0	0	0	0	0	0	0	0	0	0	0	0	0	0	0	0	0	0	0	0	0	0	0	0	0	0	0	0	0	0	0	0	0	0	0	0	0	0	0	0	0	0	0	0	0	0	0	0	0	0	0	0	0	0	0	0	0	0	0	0	0	0	0	0	0	0	0	0	0	0	0	0	0	0	0	0	0	0	0	0	0	0	0	0	0	0	0	0	0	0	0	0	0	0	0	0	0	0	0	0	0	0	0	0	0	0	0	0	0	0	0	0	0	0	0	0	0	0	0	0	0	0	0	0	0	0	0