0	11	6	88	109	98	120	70	108	116	87	23	115	78	123	61	108	127	43	58	5	120	97	25	128	80	62	115	71	78	32	1	119	113	4	111	128	92	76	25	29	47	53	107	2	92	8	29	114	23	67	10	104	71	52	12	84	14	42	36	123	26	82	91	122	100	5	38	88	21	118	52	76	38	99	91	18	9	125	35	104	107	35	87	69	33	43	78	37	63	83	8	37	96	72	82	20	78	6	35	97	82	67	5	33	13	43	37	128	47	59	90	6	87	99	41	50	113	48	98	5	70	62	97	78	37	34	28
0	0	29	99	59	45	70	89	122	92	51	89	57	86	110	99	53	31	125	123	68	39	30	106	21	126	50	44	48	115	101	92	8	107	13	76	33	91	123	32	27	42	62	59	56	54	78	42	39	60	82	39	83	55	116	35	84	117	85	100	40	9	98	116	95	84	7	115	16	53	37	45	77	14	68	28	113	124	39	84	104	114	95	63	73	19	106	114	16	19	119	117	89	73	15	125	23	117	22	79	86	65	32	125	51	124	83	89	60	126	4	4	61	13	39	128	44	81	2	111	27	77	115	28	102	69	60	34
0	0	0	101	58	122	31	120	110	35	91	74	36	75	123	106	32	91	50	103	81	68	115	46	48	32	74	54	107	95	33	16	96	23	20	107	19	116	115	121	21	104	63	95	93	115	27	83	113	47	122	19	73	94	73	24	106	21	1	43	7	74	87	85	24	77	83	10	56	24	63	106	75	118	82	29	59	42	23	31	85	70	86	64	44	52	61	78	83	33	85	33	72	51	29	51	35	86	111	106	41	127	75	101	20	34	58	34	117	112	23	5	16	38	81	56	110	41	55	93	66	95	65	99	82	86	18	93
0	0	0	0	110	8	116	63	118	95	40	29	71	28	100	63	89	118	41	110	89	12	47	58	87	71	36	124	82	51	38	77	88	22	40	7	114	117	124	39	110	48	32	40	76	17	105	43	102	122	67	100	15	8	17	71	113	69	41	79	46	24	68	63	41	34	21	72	22	91	119	44	105	18	74	46	20	42	118	115	119	52	126	102	10	114	127	15	1	104	128	7	79	6	67	123	29	33	58	126	40	56	77	55	51	59	71	101	102	101	25	100	62	111	127	90	110	44	118	106	13	60	96	119	31	8	6	124
0	0	0	0	0	19	114	40	15	128	100	5	12	28	90	100	88	11	115	70	119	15	44	57	49	118	89	96	75	33	122	94	106	102	119	117	107	16	106	56	86	109	123	99	128	124	65	88	12	55	85	54	22	120	77	42	27	101	94	54	55	113	3	31	17	117	20	43	31	20	8	125	127	68	30	23	106	123	25	110	48	53	88	105	78	108	47	75	107	78	30	57	4	57	34	88	20	2	53	67	35	115	58	71	121	33	125	81	106	72	83	110	82	104	103	45	97	106	50	10	68	61	79	69	19	109	42	88
0	0	0	0	0	0	14	59	76	123	51	40	125	126	26	71	107	35	106	34	65	43	61	32	55	66	20	27	128	97	54	32	69	61	87	2	29	51	116	34	104	57	93	118	37	111	15	45	67	106	107	26	29	108	49	55	38	11	5	5	111	50	39	61	87	5	14	42	90	120	12	15	50	123	78	127	13	60	112	117	69	12	60	28	105	41	128	97	42	124	18	98	90	114	37	81	13	58	114	75	14	38	126	78	33	4	77	9	76	96	97	74	112	43	1	125	66	110	125	79	17	63	100	28	22	126	86	93
0	0	0	0	0	0	0	89	68	9	73	11	111	10	115	18	90	14	65	26	37	36	53	69	82	123	67	79	105	92	9	4	97	82	41	125	89	73	52	95	10	78	7	123	31	8	117	121	6	5	63	18	18	110	51	103	94	114	52	67	83	84	83	118	78	74	54	113	120	68	111	114	100	14	101	36	43	8	58	62	116	67	105	61	113	15	22	86	18	78	87	122	53	46	97	94	75	122	122	97	71	78	114	48	45	8	8	41	35	10	105	59	80	33	79	113	127	96	94	69	67	6	103	40	122	92	57	56
0	0	0	0	0	0	0	0	23	33	3	71	74	65	124	84	1	51	86	41	125	8	68	29	87	15	126	119	15	19	124	77	97	98	110	97	35	99	16	76	116	124	22	90	74	123	67	85	38	98	37	67	31	73	79	73	105	46	113	6	79	128	68	88	74	66	85	89	128	112	41	47	88	23	3	40	83	88	56	67	81	97	57	34	116	2	103	22	107	14	100	81	18	86	4	63	49	49	20	69	107	32	116	37	84	67	50	82	17	91	84	94	115	106	50	88	3	45	127	66	64	122	37	94	121	123	68	18
0	0	0	0	0	0	0	0	0	109	1	10	59	90	29	94	113	102	49	104	54	25	84	103	16	22	29	124	107	115	89	6	13	111	110	26	9	71	61	31	44	56	38	49	24	9	88	118	111	119	10	94	53	74	34	117	62	20	6	72	15	125	52	21	125	114	40	43	27	114	30	120	76	112	84	60	23	58	101	65	73	38	106	103	76	126	4	1	39	99	65	60	40	36	41	91	8	22	75	120	60	116	44	22	36	3	60	2	79	52	100	27	39	31	125	4	96	47	103	105	98	3	58	3	18	36	29	61
0	0	0	0	0	0	0	0	0	0	115	106	35	71	118	101	66	114	100	66	73	24	78	20	122	124	62	115	25	60	94	93	54	94	126	63	70	39	104	3	11	112	21	39	44	89	80	119	86	37	111	89	68	16	37	124	30	126	87	91	8	40	86	85	30	56	41	21	75	23	89	6	108	105	85	93	123	111	43	10	8	18	116	15	40	31	84	14	106	102	59	59	3	32	75	112	58	12	27	59	74	30	9	38	27	14	103	88	107	53	93	86	47	36	43	107	42	43	69	88	15	74	68	116	105	89	66	123
0	0	0	0	0	0	0	0	0	0	0	9	4	41	4	7	77	12	85	33	89	9	23	95	100	13	58	124	56	9	89	56	86	35	68	11	93	79	112	63	105	11	55	76	90	93	106	27	70	54	69	13	15	90	97	3	84	1	84	128	98	126	123	45	104	28	95	3	91	39	106	57	46	99	29	105	37	16	10	7	5	94	88	85	101	56	95	17	44	48	114	104	108	34	53	54	38	23	61	125	47	13	89	101	66	39	101	112	4	33	32	38	62	30	28	75	46	65	21	7	25	4	76	80	26	30	9	20
0	0	0	0	0	0	0	0	0	0	0	0	80	97	90	21	112	63	32	110	22	125	33	107	58	79	108	94	47	40	74	5	100	72	66	38	44	104	40	26	75	58	37	62	128	121	41	25	82	90	21	107	83	84	38	83	120	46	122	33	34	110	12	88	98	117	25	48	111	81	66	68	49	45	16	31	124	15	49	38	92	84	81	44	70	4	50	104	118	80	100	120	71	56	17	102	75	126	121	86	125	35	120	33	115	16	60	100	34	52	102	81	98	12	51	85	34	20	50	49	99	28	79	13	124	109	57	29
0	0	0	0	0	0	0	0	0	0	0	0	0	17	92	76	111	28	84	31	26	32	6	127	84	63	29	7	61	47	106	26	103	16	37	74	77	112	102	35	62	33	66	87	57	31	78	60	29	52	49	105	27	74	9	113	81	64	100	112	105	7	71	37	71	6	64	34	8	44	112	46	117	13	23	16	30	124	7	59	75	37	1	33	82	36	9	125	49	78	33	37	35	97	115	105	78	63	46	117	21	126	114	89	75	51	45	116	12	83	70	40	104	66	87	54	6	24	81	84	103	59	20	107	62	47	58	62
0	0	0	0	0	0	0	0	0	0	0	0	0	0	80	121	122	48	90	78	117	71	78	97	18	75	75	73	115	58	21	47	107	124	124	106	40	95	91	96	119	44	46	30	83	28	104	107	32	109	4	69	29	107	17	122	10	35	44	47	53	79	34	32	90	127	40	77	93	100	110	43	67	35	104	74	106	49	50	81	6	33	101	119	46	109	103	79	107	16	90	38	100	27	28	37	9	89	86	103	77	60	6	73	49	31	122	120	81	118	100	39	15	7	29	60	1	18	7	14	89	48	85	39	53	33	84	26
0	0	0	0	0	0	0	0	0	0	0	0	0	0	0	127	110	6	63	91	62	24	89	114	99	74	7	53	14	14	16	62	63	31	45	84	48	83	128	49	109	112	46	80	112	128	62	94	44	67	38	81	8	33	109	31	68	123	123	120	124	93	49	125	91	46	96	32	51	112	43	50	107	48	1	87	39	66	106	19	38	46	107	97	85	65	83	4	9	45	15	123	37	20	71	12	126	113	97	87	3	101	42	27	81	25	58	50	10	89	110	4	75	116	61	44	56	112	91	125	12	77	91	31	64	15	127	95
0	0	0	0	0	0	0	0	0	0	0	0	0	0	0	0	118	41	50	3	90	91	31	78	118	26	104	21	1	22	98	75	6	50	41	115	62	128	11	98	71	30	14	108	1	5	10	110	76	88	65	97	110	21	78	7	78	128	111	116	94	40	100	18	69	25	5	53	17	111	81	99	83	124	3	64	85	27	111	103	81	47	122	127	53	118	117	53	24	113	23	92	38	32	120	62	27	41	21	125	26	4	54	54	124	104	64	5	117	97	56	80	27	18	127	121	66	120	75	3	68	18	103	29	17	65	46	119
0	0	0	0	0	0	0	0	0	0	0	0	0	0	0	0	0	56	52	34	9	102	67	88	72	115	119	105	10	79	25	74	80	113	7	72	8	55	83	26	58	70	123	84	113	54	65	18	83	90	14	20	118	111	87	40	123	51	81	51	92	123	13	83	92	108	42	32	37	107	128	41	18	25	33	46	41	89	21	69	41	16	8	116	2	82	67	25	119	47	112	56	102	61	39	23	113	8	66	52	1	46	87	65	64	48	32	39	28	111	100	20	30	101	128	64	112	81	107	43	31	48	27	83	36	61	61	64
0	0	0	0	0	0	0	0	0	0	0	0	0	0	0	0	0	0	42	124	101	39	95	14	30	65	68	35	38	28	119	46	76	104	42	20	45	122	62	19	47	115	97	11	73	69	40	44	33	120	46	32	79	46	67	125	16	104	80	24	17	84	30	13	33	37	23	108	118	84	16	46	118	16	85	75	84	26	51	128	77	15	95	110	124	118	30	41	89	66	68	77	114	113	20	13	82	23	50	35	47	50	63	46	94	8	17	123	66	13	12	2	59	36	87	121	73	79	26	65	39	58	74	22	101	69	62	84
0	0	0	0	0	0	0	0	0	0	0	0	0	0	0	0	0	0	0	98	121	99	75	10	49	47	112	22	105	63	83	29	16	17	14	104	36	124	44	121	52	36	42	120	16	62	103	26	99	90	122	63	90	66	73	65	80	8	6	44	106	75	106	91	102	7	93	9	5	12	119	69	46	92	127	124	108	109	90	106	43	28	73	44	54	95	36	11	88	41	10	127	34	88	118	57	79	100	1	44	111	9	71	42	1	37	1	98	94	100	14	40	100	110	14	110	97	38	75	12	40	67	109	113	69	71	111	32
0	0	0	0	0	0	0	0	0	0	0	0	0	0	0	0	0	0	0	0	39	79	21	94	94	8	77	57	68	17	123	29	4	31	8	65	16	91	48	18	42	42	85	109	64	77	49	47	17	3	104	113	110	51	64	80	117	24	94	6	21	84	72	52	92	75	84	113	93	11	83	83	41	60	50	60	6	85	88	118	106	6	49	22	81	123	124	92	5	32	113	106	58	126	42	104	109	119	113	3	30	60	84	68	8	127	36	95	59	110	39	29	95	59	36	58	123	19	42	65	67	10	74	94	99	119	94	68
0	0	0	0	0	0	0	0	0	0	0	0	0	0	0	0	0	0	0	0	0	105	112	58	28	67	76	79	38	17	39	125	42	51	121	72	89	58	84	8	89	110	8	20	22	24	1	70	49	4	1	123	2	42	114	35	123	57	42	28	128	119	30	119	49	1	124	43	1	87	98	67	49	27	75	117	105	98	94	34	87	16	87	61	26	8	78	9	125	127	19	28	98	102	119	1	25	123	29	103	95	22	91	13	116	40	71	8	62	121	128	79	69	64	89	40	36	111	99	125	71	20	107	108	123	57	40	96
0	0	0	0	0	0	0	0	0	0	0	0	0	0	0	0	0	0	0	0	0	0	85	87	2	28	6	70	83	86	8	14	46	117	12	70	35	76	15	32	35	1	15	112	116	120	45	27	79	120	117	124	91	73	30	81	9	43	112	55	52	106	116	96	33	59	88	64	28	103	125	115	2	77	60	5	18	20	70	65	54	102	7	115	7	10	42	99	47	111	110	20	53	77	38	63	64	13	99	16	11	6	109	58	69	122	83	43	126	38	13	73	54	22	34	31	67	100	60	123	2	10	84	65	127	16	62	27
0	0	0	0	0	0	0	0	0	0	0	0	0	0	0	0	0	0	0	0	0	0	0	127	124	84	125	10	104	115	128	60	82	38	4	29	94	19	79	117	110	81	30	50	122	29	3	123	23	105	117	101	86	96	18	108	78	42	46	33	51	24	94	8	35	91	28	66	24	125	75	87	97	80	69	73	29	30	1	127	10	50	86	114	43	54	128	22	118	66	6	72	31	80	69	16	47	33	123	56	8	126	70	92	55	119	77	16	91	21	95	46	19	111	55	28	21	26	85	118	50	49	24	102	38	95	70	109
0	0	0	0	0	0	0	0	0	0	0	0	0	0	0	0	0	0	0	0	0	0	0	0	18	112	19	119	15	98	77	128	62	123	92	48	61	13	49	86	17	109	124	49	2	127	78	12	73	114	71	85	15	9	49	90	53	10	20	68	117	37	74	101	22	125	22	117	71	41	126	36	13	1	44	84	61	95	49	29	22	16	119	56	101	96	68	109	107	80	20	46	46	75	111	75	28	105	51	115	56	100	1	88	39	13	128	64	90	103	2	64	11	13	21	121	16	14	25	59	58	62	87	55	9	63	115	36
0	0	0	0	0	0	0	0	0	0	0	0	0	0	0	0	0	0	0	0	0	0	0	0	0	97	44	36	58	15	107	44	44	86	49	94	70	117	119	28	33	60	23	34	14	20	124	2	111	8	25	11	67	89	88	128	111	49	53	107	46	71	2	71	24	68	78	60	77	67	79	92	100	123	103	106	29	49	20	19	21	32	33	12	101	15	59	40	2	29	125	104	120	30	86	54	52	105	2	19	115	75	105	37	50	67	61	66	116	121	95	100	96	104	63	38	91	15	48	39	126	5	2	61	84	109	14	27
0	0	0	0	0	0	0	0	0	0	0	0	0	0	0	0	0	0	0	0	0	0	0	0	0	0	127	101	100	44	89	12	81	93	65	110	39	4	91	18	84	36	109	16	97	72	57	92	112	113	108	92	96	24	42	29	59	33	57	103	76	13	98	25	1	105	82	116	33	121	16	92	18	42	66	4	62	29	95	93	95	25	58	69	118	108	18	91	89	102	107	84	87	6	42	51	78	41	57	49	38	55	88	114	12	50	18	75	34	75	79	14	24	68	32	88	83	36	38	111	70	123	70	6	31	95	33	31
0	0	0	0	0	0	0	0	0	0	0	0	0	0	0	0	0	0	0	0	0	0	0	0	0	0	0	82	50	103	46	3	23	14	94	29	113	31	66	48	103	14	83	44	81	36	116	85	122	8	57	52	34	38	68	94	35	16	67	3	92	107	106	81	25	94	74	71	44	8	109	4	126	39	79	50	27	53	80	62	127	93	105	80	66	102	75	110	117	106	15	27	125	44	126	70	113	118	123	48	117	88	54	49	39	81	23	84	77	94	65	95	46	30	99	20	32	9	36	105	41	122	101	58	32	57	14	121
0	0	0	0	0	0	0	0	0	0	0	0	0	0	0	0	0	0	0	0	0	0	0	0	0	0	0	0	46	38	58	79	13	91	103	93	89	5	125	60	117	25	97	44	41	45	52	114	78	25	61	82	92	107	19	45	107	71	107	83	40	118	105	120	106	122	39	101	37	25	122	85	26	35	108	94	7	83	87	48	20	119	71	69	9	29	75	11	116	126	15	98	71	113	17	32	66	103	75	42	68	11	3	115	121	103	49	4	87	43	6	99	53	124	107	76	52	67	84	113	122	113	65	12	44	79	95	55
0	0	0	0	0	0	0	0	0	0	0	0	0	0	0	0	0	0	0	0	0	0	0	0	0	0	0	0	0	88	20	57	42	78	64	15	125	110	53	107	120	119	58	74	120	28	70	60	55	71	108	73	122	59	52	67	114	126	78	24	45	91	123	65	96	6	39	26	28	112	76	61	61	49	52	23	19	17	55	118	92	114	76	114	66	46	110	38	73	79	77	9	10	108	91	101	106	110	37	41	68	117	55	119	17	60	117	101	1	31	96	112	27	64	74	108	102	69	121	25	75	73	15	18	67	68	39	21
0	0	0	0	0	0	0	0	0	0	0	0	0	0	0	0	0	0	0	0	0	0	0	0	0	0	0	0	0	0	113	12	84	27	52	97	94	101	121	33	117	34	47	7	18	128	75	62	41	28	115	95	26	63	81	85	116	94	5	44	95	25	74	65	28	37	93	21	107	56	111	54	123	19	122	67	11	118	27	35	20	6	50	44	81	53	92	18	64	3	9	83	6	67	6	40	47	21	76	10	86	118	74	100	53	124	102	36	82	111	54	118	56	42	115	49	40	111	15	91	40	111	38	48	95	86	36	17
0	0	0	0	0	0	0	0	0	0	0	0	0	0	0	0	0	0	0	0	0	0	0	0	0	0	0	0	0	0	0	47	121	98	19	81	128	114	114	69	54	13	103	35	63	95	46	16	17	108	81	8	33	94	73	124	15	1	7	122	97	68	9	114	39	28	32	108	102	40	99	22	47	82	10	24	37	85	103	108	73	57	47	62	27	28	92	95	65	9	72	26	45	15	121	58	127	67	119	91	120	22	128	47	7	123	119	128	101	24	44	41	88	120	124	76	54	80	14	126	123	49	81	33	72	20	85	55
0	0	0	0	0	0	0	0	0	0	0	0	0	0	0	0	0	0	0	0	0	0	0	0	0	0	0	0	0	0	0	0	21	38	96	15	101	79	91	74	53	21	28	37	44	118	36	20	90	96	7	46	99	82	84	82	101	50	43	122	116	61	79	45	118	88	115	96	69	97	37	11	106	28	74	84	125	40	41	106	59	19	8	118	39	89	8	103	57	8	39	87	68	99	51	118	98	98	66	107	99	40	60	128	14	26	18	67	25	120	22	12	116	81	41	96	21	40	40	71	112	29	83	57	33	112	46	92
0	0	0	0	0	0	0	0	0	0	0	0	0	0	0	0	0	0	0	0	0	0	0	0	0	0	0	0	0	0	0	0	0	101	58	4	79	99	23	77	76	48	78	20	114	50	34	2	120	9	76	107	22	52	61	90	77	62	95	79	12	63	122	114	34	9	45	84	105	112	41	111	15	95	40	41	52	56	65	41	61	2	61	61	110	88	31	26	79	58	52	35	21	6	6	75	18	66	64	60	102	106	122	59	110	48	103	18	26	63	38	3	33	26	122	118	2	123	47	94	10	93	49	94	78	62	54	90
0	0	0	0	0	0	0	0	0	0	0	0	0	0	0	0	0	0	0	0	0	0	0	0	0	0	0	0	0	0	0	0	0	0	80	48	31	101	106	85	102	86	40	112	10	121	61	84	33	48	81	103	64	118	107	100	86	17	116	105	45	22	27	48	125	44	35	122	121	127	126	101	101	126	43	92	19	101	76	94	99	38	16	40	111	93	16	64	99	66	102	124	89	127	76	90	108	12	1	21	108	37	27	66	19	49	79	121	28	31	19	44	84	92	18	80	70	86	34	89	4	94	126	107	23	16	4	74
0	0	0	0	0	0	0	0	0	0	0	0	0	0	0	0	0	0	0	0	0	0	0	0	0	0	0	0	0	0	0	0	0	0	0	27	72	15	89	9	124	58	82	64	77	115	7	52	118	48	67	12	86	103	85	54	90	42	123	107	52	38	35	31	81	3	84	90	123	45	26	40	41	115	30	72	25	73	116	65	41	29	39	57	52	36	92	89	80	94	67	38	120	31	4	126	70	15	48	74	124	46	47	113	80	57	56	54	32	94	80	79	69	101	47	26	78	81	36	17	77	112	111	114	25	7	38	36
0	0	0	0	0	0	0	0	0	0	0	0	0	0	0	0	0	0	0	0	0	0	0	0	0	0	0	0	0	0	0	0	0	0	0	0	61	47	1	89	113	39	3	106	94	25	78	86	98	11	117	45	125	111	118	88	66	71	43	51	87	6	110	68	101	98	95	93	117	82	114	81	13	4	104	92	48	88	105	14	104	124	120	5	13	112	61	113	126	73	29	14	28	59	123	27	96	36	91	33	98	118	71	124	101	101	42	79	87	64	121	9	67	48	109	28	88	63	76	101	86	50	110	70	22	34	112	51
0	0	0	0	0	0	0	0	0	0	0	0	0	0	0	0	0	0	0	0	0	0	0	0	0	0	0	0	0	0	0	0	0	0	0	0	0	86	73	51	79	46	1	73	77	30	63	28	125	124	14	52	37	6	54	30	106	73	100	120	107	96	65	89	78	120	51	118	93	38	109	18	15	36	86	99	52	44	69	47	122	119	29	121	61	52	98	18	84	76	76	87	61	69	66	112	42	61	47	22	115	101	53	62	51	6	93	79	108	88	84	93	54	31	123	109	76	114	115	56	115	107	3	86	18	122	31	61
0	0	0	0	0	0	0	0	0	0	0	0	0	0	0	0	0	0	0	0	0	0	0	0	0	0	0	0	0	0	0	0	0	0	0	0	0	0	106	101	9	79	65	68	6	28	11	73	121	38	45	53	73	120	62	9	7	50	33	27	119	66	62	123	42	3	36	82	82	90	95	120	56	106	21	86	22	106	46	106	111	39	2	6	102	39	52	67	30	122	46	116	11	29	41	99	49	39	15	126	124	57	122	71	21	59	123	79	63	71	94	21	104	92	65	98	4	22	124	22	118	64	82	32	113	96	125	91
0	0	0	0	0	0	0	0	0	0	0	0	0	0	0	0	0	0	0	0	0	0	0	0	0	0	0	0	0	0	0	0	0	0	0	0	0	0	0	118	74	18	17	87	101	34	4	120	111	39	105	112	15	70	72	33	101	33	83	99	79	42	30	43	66	86	53	76	80	119	30	3	8	33	62	96	61	59	7	122	90	44	57	101	15	84	47	75	10	74	29	16	14	82	123	81	28	88	69	16	26	117	14	53	23	98	81	56	91	120	32	92	128	112	97	8	79	29	86	120	42	28	71	110	38	110	126	104
0	0	0	0	0	0	0	0	0	0	0	0	0	0	0	0	0	0	0	0	0	0	0	0	0	0	0	0	0	0	0	0	0	0	0	0	0	0	0	0	4	87	99	40	16	29	93	30	43	117	108	111	101	80	101	4	94	125	10	23	99	57	14	50	128	34	36	79	39	97	38	127	122	128	128	25	13	57	91	48	44	96	99	38	52	25	95	93	106	6	47	18	110	83	33	34	15	2	124	39	53	29	35	113	35	37	125	10	95	110	13	45	86	74	34	33	18	53	80	61	28	46	28	42	65	57	4	88
0	0	0	0	0	0	0	0	0	0	0	0	0	0	0	0	0	0	0	0	0	0	0	0	0	0	0	0	0	0	0	0	0	0	0	0	0	0	0	0	0	46	63	34	75	87	86	27	101	13	126	80	96	108	6	15	86	87	56	18	109	85	87	25	108	39	95	83	124	107	3	77	102	41	28	119	5	16	126	67	24	67	36	123	3	109	79	93	123	15	92	76	20	32	67	123	1	102	88	110	106	90	4	66	87	78	79	60	32	18	58	77	57	15	119	27	109	18	54	97	117	102	40	115	13	14	53	88
0	0	0	0	0	0	0	0	0	0	0	0	0	0	0	0	0	0	0	0	0	0	0	0	0	0	0	0	0	0	0	0	0	0	0	0	0	0	0	0	0	0	79	8	126	6	45	29	91	127	92	106	97	16	61	116	81	120	62	68	72	98	39	103	114	83	39	105	17	34	106	74	84	123	111	56	70	87	78	13	9	93	21	117	63	82	35	41	18	23	89	114	28	52	50	14	52	27	88	1	83	14	121	84	75	7	67	109	100	44	70	35	51	46	8	84	70	10	121	48	56	19	21	92	117	27	90	44
0	0	0	0	0	0	0	0	0	0	0	0	0	0	0	0	0	0	0	0	0	0	0	0	0	0	0	0	0	0	0	0	0	0	0	0	0	0	0	0	0	0	0	122	44	1	47	30	119	85	30	18	126	117	89	10	118	58	2	19	87	86	98	35	111	46	55	29	78	76	27	44	3	88	67	117	67	124	69	115	43	33	70	34	3	125	8	30	111	79	13	47	105	30	105	69	124	28	50	113	44	98	21	11	117	86	23	38	28	97	64	67	70	118	92	16	56	3	59	50	102	66	27	80	71	61	49	127
0	0	0	0	0	0	0	0	0	0	0	0	0	0	0	0	0	0	0	0	0	0	0	0	0	0	0	0	0	0	0	0	0	0	0	0	0	0	0	0	0	0	0	0	36	33	33	81	3	88	115	64	100	96	13	52	108	54	79	114	92	83	86	45	18	106	128	65	57	61	66	65	127	54	96	73	114	94	88	24	115	58	90	90	65	86	104	53	67	85	76	106	89	73	11	74	20	16	119	62	39	24	88	12	10	114	25	65	68	51	62	111	77	33	111	97	79	28	117	43	111	36	121	29	107	46	68	91
0	0	0	0	0	0	0	0	0	0	0	0	0	0	0	0	0	0	0	0	0	0	0	0	0	0	0	0	0	0	0	0	0	0	0	0	0	0	0	0	0	0	0	0	0	11	109	10	117	73	5	107	104	34	46	100	115	40	80	19	100	96	97	103	128	13	62	53	5	18	34	32	67	89	16	118	61	82	91	123	114	55	56	46	19	15	66	116	20	34	95	90	71	116	35	85	43	48	67	36	25	14	25	107	97	83	111	25	95	80	80	12	116	125	117	42	75	118	84	58	55	65	3	104	81	37	128	38
0	0	0	0	0	0	0	0	0	0	0	0	0	0	0	0	0	0	0	0	0	0	0	0	0	0	0	0	0	0	0	0	0	0	0	0	0	0	0	0	0	0	0	0	0	0	58	93	109	111	31	52	92	74	70	118	72	128	124	54	11	22	99	100	1	19	79	71	101	35	113	48	95	52	106	26	35	84	19	31	37	13	87	124	42	106	107	75	63	9	65	16	40	52	64	115	126	4	86	79	90	12	38	102	10	35	53	59	20	84	115	124	39	35	49	51	127	59	109	123	110	76	18	75	98	61	93	34
0	0	0	0	0	0	0	0	0	0	0	0	0	0	0	0	0	0	0	0	0	0	0	0	0	0	0	0	0	0	0	0	0	0	0	0	0	0	0	0	0	0	0	0	0	0	0	83	20	16	95	59	32	21	92	107	21	44	2	115	28	58	8	37	59	63	99	99	62	11	69	11	66	3	63	75	97	78	83	109	64	121	40	25	113	93	112	101	54	34	96	105	81	92	18	63	17	117	72	27	69	73	10	75	31	112	6	38	6	7	64	95	115	116	128	84	41	91	123	107	61	68	65	46	12	80	73	117
0	0	0	0	0	0	0	0	0	0	0	0	0	0	0	0	0	0	0	0	0	0	0	0	0	0	0	0	0	0	0	0	0	0	0	0	0	0	0	0	0	0	0	0	0	0	0	0	90	75	128	59	64	92	33	24	76	60	3	117	10	20	24	128	63	83	97	39	92	10	9	70	39	112	88	125	116	116	53	59	46	100	109	110	38	80	112	112	50	75	118	73	114	48	69	126	121	123	58	106	58	67	17	82	11	106	66	63	26	61	88	97	28	32	47	60	84	126	98	70	47	88	54	111	114	55	1	27
0	0	0	0	0	0	0	0	0	0	0	0	0	0	0	0	0	0	0	0	0	0	0	0	0	0	0	0	0	0	0	0	0	0	0	0	0	0	0	0	0	0	0	0	0	0	0	0	0	110	105	61	41	115	111	94	4	56	91	73	113	123	30	20	123	82	93	80	22	38	76	87	24	124	40	116	60	61	101	119	102	62	41	55	95	20	61	30	28	8	66	84	47	91	57	112	83	33	117	108	6	39	115	66	93	109	82	50	106	125	34	120	122	65	23	3	16	17	42	75	80	80	60	82	12	59	63	122
0	0	0	0	0	0	0	0	0	0	0	0	0	0	0	0	0	0	0	0	0	0	0	0	0	0	0	0	0	0	0	0	0	0	0	0	0	0	0	0	0	0	0	0	0	0	0	0	0	0	6	25	76	116	89	66	27	60	80	87	43	72	106	113	19	125	112	72	100	111	62	106	118	128	52	42	20	70	61	55	15	46	32	99	105	128	121	85	49	89	34	81	64	121	99	95	31	8	6	120	37	57	69	112	54	78	89	118	52	66	15	76	1	100	2	60	96	125	106	51	112	51	113	4	89	107	36	2
0	0	0	0	0	0	0	0	0	0	0	0	0	0	0	0	0	0	0	0	0	0	0	0	0	0	0	0	0	0	0	0	0	0	0	0	0	0	0	0	0	0	0	0	0	0	0	0	0	0	0	109	75	43	2	107	57	58	60	111	17	52	80	1	96	52	8	104	49	2	115	61	76	121	11	56	47	120	75	2	81	51	38	12	42	45	102	51	41	30	84	18	59	128	64	49	33	2	102	11	31	48	79	103	8	58	56	47	67	43	63	96	85	115	94	28	112	20	122	113	78	121	94	48	22	124	28	42
0	0	0	0	0	0	0	0	0	0	0	0	0	0	0	0	0	0	0	0	0	0	0	0	0	0	0	0	0	0	0	0	0	0	0	0	0	0	0	0	0	0	0	0	0	0	0	0	0	0	0	0	60	80	98	50	45	119	25	95	51	9	59	13	90	94	21	107	22	16	19	74	104	83	64	52	16	73	10	113	31	48	85	126	125	92	126	114	41	119	7	78	53	87	121	22	53	110	107	122	89	57	28	127	126	95	95	108	94	12	41	11	67	83	7	78	124	88	27	42	100	20	28	81	24	76	89	110
0	0	0	0	0	0	0	0	0	0	0	0	0	0	0	0	0	0	0	0	0	0	0	0	0	0	0	0	0	0	0	0	0	0	0	0	0	0	0	0	0	0	0	0	0	0	0	0	0	0	0	0	0	44	7	56	124	47	110	60	86	90	79	96	26	22	4	91	74	127	32	67	73	53	94	86	106	32	118	38	99	101	75	35	10	25	106	122	90	14	5	17	4	41	114	85	39	43	87	37	73	120	17	106	112	20	81	106	68	30	38	21	128	70	6	56	107	112	70	80	67	88	74	115	32	92	32	56
0	0	0	0	0	0	0	0	0	0	0	0	0	0	0	0	0	0	0	0	0	0	0	0	0	0	0	0	0	0	0	0	0	0	0	0	0	0	0	0	0	0	0	0	0	0	0	0	0	0	0	0	0	0	86	84	128	2	13	88	31	102	127	128	8	30	14	122	61	43	79	107	112	29	29	55	102	34	56	20	104	52	84	70	4	32	46	105	25	17	88	11	122	24	40	32	74	70	128	11	108	125	112	70	83	114	97	49	77	97	112	128	64	38	13	30	78	110	5	40	37	70	46	80	88	5	124	14
0	0	0	0	0	0	0	0	0	0	0	0	0	0	0	0	0	0	0	0	0	0	0	0	0	0	0	0	0	0	0	0	0	0	0	0	0	0	0	0	0	0	0	0	0	0	0	0	0	0	0	0	0	0	0	3	53	104	121	17	22	124	37	100	76	16	62	6	29	64	110	104	8	17	128	53	66	33	18	84	95	9	102	85	39	27	9	1	34	2	49	75	50	96	61	1	106	48	3	123	77	80	40	106	88	124	91	35	38	69	35	60	19	52	80	91	81	110	90	13	73	88	87	64	109	24	101	91
0	0	0	0	0	0	0	0	0	0	0	0	0	0	0	0	0	0	0	0	0	0	0	0	0	0	0	0	0	0	0	0	0	0	0	0	0	0	0	0	0	0	0	0	0	0	0	0	0	0	0	0	0	0	0	0	19	121	32	117	5	94	120	23	4	28	17	14	22	98	52	109	25	21	69	19	52	105	117	26	41	18	114	31	6	65	5	36	124	88	50	25	61	7	89	81	16	121	20	69	70	6	106	76	75	9	46	22	100	52	63	16	60	97	106	21	91	90	90	104	90	38	32	125	51	57	107	6
0	0	0	0	0	0	0	0	0	0	0	0	0	0	0	0	0	0	0	0	0	0	0	0	0	0	0	0	0	0	0	0	0	0	0	0	0	0	0	0	0	0	0	0	0	0	0	0	0	0	0	0	0	0	0	0	0	56	85	37	109	19	29	120	95	15	111	117	72	28	33	1	70	21	71	56	39	58	79	110	53	128	69	18	53	125	54	63	123	128	109	81	15	41	36	101	90	93	23	101	69	93	94	74	63	21	122	63	117	112	101	94	19	42	22	59	67	124	15	53	32	4	28	114	4	115	59	72
0	0	0	0	0	0	0	0	0	0	0	0	0	0	0	0	0	0	0	0	0	0	0	0	0	0	0	0	0	0	0	0	0	0	0	0	0	0	0	0	0	0	0	0	0	0	0	0	0	0	0	0	0	0	0	0	0	0	82	6	45	14	96	29	49	41	27	86	7	25	117	67	112	73	60	26	109	78	41	108	117	10	89	20	94	69	61	12	60	115	108	116	52	128	1	73	79	73	30	42	8	1	39	29	59	101	19	28	54	38	100	32	39	17	18	34	27	79	106	52	45	62	118	107	112	101	13	5
0	0	0	0	0	0	0	0	0	0	0	0	0	0	0	0	0	0	0	0	0	0	0	0	0	0	0	0	0	0	0	0	0	0	0	0	0	0	0	0	0	0	0	0	0	0	0	0	0	0	0	0	0	0	0	0	0	0	0	11	119	42	44	96	16	14	55	31	117	4	50	25	42	68	67	25	21	77	24	111	89	57	64	106	26	75	124	3	55	79	41	88	49	126	95	26	99	85	80	103	29	102	31	61	43	24	19	119	122	67	15	11	71	80	113	64	1	9	108	81	46	77	42	70	86	30	128	87
0	0	0	0	0	0	0	0	0	0	0	0	0	0	0	0	0	0	0	0	0	0	0	0	0	0	0	0	0	0	0	0	0	0	0	0	0	0	0	0	0	0	0	0	0	0	0	0	0	0	0	0	0	0	0	0	0	0	0	0	53	101	66	62	59	85	57	16	110	76	98	24	99	100	110	12	62	112	46	24	122	30	120	47	46	77	5	77	79	90	81	99	95	67	53	47	80	98	20	90	42	100	74	29	57	55	109	101	28	96	114	83	39	29	118	43	117	108	4	120	82	16	51	121	105	47	13	98
0	0	0	0	0	0	0	0	0	0	0	0	0	0	0	0	0	0	0	0	0	0	0	0	0	0	0	0	0	0	0	0	0	0	0	0	0	0	0	0	0	0	0	0	0	0	0	0	0	0	0	0	0	0	0	0	0	0	0	0	0	4	97	105	91	33	61	54	71	23	48	104	121	5	46	33	103	30	100	55	112	19	34	91	75	73	14	85	41	105	53	2	71	66	31	20	82	36	78	116	118	81	31	1	73	123	27	27	97	106	33	55	77	107	120	32	13	61	81	8	50	92	84	94	16	122	85	93
0	0	0	0	0	0	0	0	0	0	0	0	0	0	0	0	0	0	0	0	0	0	0	0	0	0	0	0	0	0	0	0	0	0	0	0	0	0	0	0	0	0	0	0	0	0	0	0	0	0	0	0	0	0	0	0	0	0	0	0	0	0	24	95	19	84	68	87	88	99	112	68	70	25	25	25	7	122	41	111	8	119	63	58	8	41	43	67	79	99	12	41	72	85	70	13	76	111	121	127	4	47	32	110	126	15	31	16	47	124	33	20	13	15	86	84	84	54	124	106	96	119	15	101	101	47	69	34
0	0	0	0	0	0	0	0	0	0	0	0	0	0	0	0	0	0	0	0	0	0	0	0	0	0	0	0	0	0	0	0	0	0	0	0	0	0	0	0	0	0	0	0	0	0	0	0	0	0	0	0	0	0	0	0	0	0	0	0	0	0	0	126	106	98	100	85	102	47	3	100	108	128	7	63	32	107	83	102	8	61	103	9	123	31	112	110	11	21	23	106	30	27	83	124	118	116	117	79	89	119	121	62	40	113	66	47	102	56	38	126	63	43	54	88	16	22	85	19	65	92	26	31	122	89	56	80
0	0	0	0	0	0	0	0	0	0	0	0	0	0	0	0	0	0	0	0	0	0	0	0	0	0	0	0	0	0	0	0	0	0	0	0	0	0	0	0	0	0	0	0	0	0	0	0	0	0	0	0	0	0	0	0	0	0	0	0	0	0	0	0	78	52	109	36	94	21	72	79	126	80	8	12	82	91	109	93	128	39	92	42	46	71	38	59	65	12	59	91	91	14	70	122	12	41	71	101	11	125	4	13	53	20	116	65	105	70	55	74	16	49	119	55	79	9	25	117	41	42	98	72	106	10	36	46
0	0	0	0	0	0	0	0	0	0	0	0	0	0	0	0	0	0	0	0	0	0	0	0	0	0	0	0	0	0	0	0	0	0	0	0	0	0	0	0	0	0	0	0	0	0	0	0	0	0	0	0	0	0	0	0	0	0	0	0	0	0	0	0	0	51	74	24	121	112	66	18	19	32	101	109	112	62	110	69	74	43	53	54	79	17	122	96	45	49	125	52	98	90	76	16	98	113	55	46	24	4	17	95	85	80	53	4	7	69	51	68	86	16	64	42	94	73	60	80	74	93	10	37	112	85	85	30
0	0	0	0	0	0	0	0	0	0	0	0	0	0	0	0	0	0	0	0	0	0	0	0	0	0	0	0	0	0	0	0	0	0	0	0	0	0	0	0	0	0	0	0	0	0	0	0	0	0	0	0	0	0	0	0	0	0	0	0	0	0	0	0	0	0	4	93	16	126	32	112	127	118	3	57	31	92	33	12	98	5	24	46	42	122	23	71	13	51	43	96	14	75	78	98	7	120	25	57	87	84	10	24	7	86	117	16	19	90	19	42	125	76	65	49	107	24	49	67	40	63	120	120	95	82	101	34
0	0	0	0	0	0	0	0	0	0	0	0	0	0	0	0	0	0	0	0	0	0	0	0	0	0	0	0	0	0	0	0	0	0	0	0	0	0	0	0	0	0	0	0	0	0	0	0	0	0	0	0	0	0	0	0	0	0	0	0	0	0	0	0	0	0	0	120	63	58	125	104	102	96	26	2	107	102	92	47	47	93	82	65	86	59	21	109	77	15	13	89	98	26	89	62	102	73	81	98	24	126	96	104	69	45	116	117	106	59	69	1	86	40	77	11	23	107	111	79	34	83	39	33	39	7	3	120
0	0	0	0	0	0	0	0	0	0	0	0	0	0	0	0	0	0	0	0	0	0	0	0	0	0	0	0	0	0	0	0	0	0	0	0	0	0	0	0	0	0	0	0	0	0	0	0	0	0	0	0	0	0	0	0	0	0	0	0	0	0	0	0	0	0	0	0	100	91	33	2	87	28	42	47	18	42	17	4	71	4	113	94	119	53	43	92	86	23	109	9	16	126	128	23	88	69	11	96	2	55	93	115	51	60	42	128	119	92	54	23	116	49	22	104	39	125	2	124	116	62	87	30	79	16	80	75
0	0	0	0	0	0	0	0	0	0	0	0	0	0	0	0	0	0	0	0	0	0	0	0	0	0	0	0	0	0	0	0	0	0	0	0	0	0	0	0	0	0	0	0	0	0	0	0	0	0	0	0	0	0	0	0	0	0	0	0	0	0	0	0	0	0	0	0	0	114	63	112	88	79	64	51	45	69	47	92	4	63	38	86	67	56	50	66	53	119	85	115	110	68	117	77	78	17	20	9	106	105	9	74	66	115	52	125	100	23	103	24	58	10	87	120	98	85	27	123	31	112	22	94	39	20	73	71
0	0	0	0	0	0	0	0	0	0	0	0	0	0	0	0	0	0	0	0	0	0	0	0	0	0	0	0	0	0	0	0	0	0	0	0	0	0	0	0	0	0	0	0	0	0	0	0	0	0	0	0	0	0	0	0	0	0	0	0	0	0	0	0	0	0	0	0	0	0	62	79	63	86	72	15	101	122	40	127	121	18	29	21	1	96	96	39	79	83	113	112	19	96	101	18	68	111	41	10	53	20	117	74	35	122	85	18	80	120	116	119	83	29	64	2	113	20	18	125	45	39	33	116	36	103	29	87
0	0	0	0	0	0	0	0	0	0	0	0	0	0	0	0	0	0	0	0	0	0	0	0	0	0	0	0	0	0	0	0	0	0	0	0	0	0	0	0	0	0	0	0	0	0	0	0	0	0	0	0	0	0	0	0	0	0	0	0	0	0	0	0	0	0	0	0	0	0	0	68	8	45	71	34	51	41	15	90	42	92	79	102	60	108	115	87	15	66	10	45	16	59	61	29	10	45	127	68	127	99	55	95	10	44	128	96	79	69	18	40	29	40	43	23	88	12	116	128	122	2	33	25	16	20	57	43
0	0	0	0	0	0	0	0	0	0	0	0	0	0	0	0	0	0	0	0	0	0	0	0	0	0	0	0	0	0	0	0	0	0	0	0	0	0	0	0	0	0	0	0	0	0	0	0	0	0	0	0	0	0	0	0	0	0	0	0	0	0	0	0	0	0	0	0	0	0	0	0	27	28	117	45	10	40	24	110	15	1	19	120	12	7	55	121	14	95	99	54	121	33	10	36	61	69	97	66	104	78	40	96	95	23	90	19	11	23	71	87	58	18	100	108	90	58	114	72	26	110	56	121	102	91	108	26
0	0	0	0	0	0	0	0	0	0	0	0	0	0	0	0	0	0	0	0	0	0	0	0	0	0	0	0	0	0	0	0	0	0	0	0	0	0	0	0	0	0	0	0	0	0	0	0	0	0	0	0	0	0	0	0	0	0	0	0	0	0	0	0	0	0	0	0	0	0	0	0	0	30	63	9	18	63	49	43	112	44	64	28	108	89	104	103	62	6	36	59	28	11	110	46	48	51	60	101	62	106	120	80	3	115	15	114	128	53	45	95	92	101	54	7	103	11	13	83	30	76	74	38	20	5	84	82
0	0	0	0	0	0	0	0	0	0	0	0	0	0	0	0	0	0	0	0	0	0	0	0	0	0	0	0	0	0	0	0	0	0	0	0	0	0	0	0	0	0	0	0	0	0	0	0	0	0	0	0	0	0	0	0	0	0	0	0	0	0	0	0	0	0	0	0	0	0	0	0	0	0	125	47	45	47	111	55	41	89	76	23	121	80	29	22	47	64	7	119	69	34	29	53	52	29	52	57	59	21	44	112	95	75	106	71	33	122	42	32	120	126	16	60	122	60	4	3	63	22	65	103	21	59	92	4
0	0	0	0	0	0	0	0	0	0	0	0	0	0	0	0	0	0	0	0	0	0	0	0	0	0	0	0	0	0	0	0	0	0	0	0	0	0	0	0	0	0	0	0	0	0	0	0	0	0	0	0	0	0	0	0	0	0	0	0	0	0	0	0	0	0	0	0	0	0	0	0	0	0	0	93	7	128	87	35	23	18	91	42	7	38	92	103	83	55	3	109	4	73	127	100	65	111	36	60	101	27	69	89	104	31	126	44	68	118	25	106	82	110	116	110	24	74	34	47	125	32	57	31	20	43	94	73
0	0	0	0	0	0	0	0	0	0	0	0	0	0	0	0	0	0	0	0	0	0	0	0	0	0	0	0	0	0	0	0	0	0	0	0	0	0	0	0	0	0	0	0	0	0	0	0	0	0	0	0	0	0	0	0	0	0	0	0	0	0	0	0	0	0	0	0	0	0	0	0	0	0	0	0	97	70	48	45	70	63	80	24	27	22	125	5	121	3	106	46	55	59	89	37	49	49	97	44	70	124	58	110	111	62	121	107	10	44	120	85	10	46	114	71	30	13	91	45	43	103	64	14	90	78	20	14
0	0	0	0	0	0	0	0	0	0	0	0	0	0	0	0	0	0	0	0	0	0	0	0	0	0	0	0	0	0	0	0	0	0	0	0	0	0	0	0	0	0	0	0	0	0	0	0	0	0	0	0	0	0	0	0	0	0	0	0	0	0	0	0	0	0	0	0	0	0	0	0	0	0	0	0	0	93	105	102	103	74	14	69	109	126	118	47	2	41	12	92	70	124	91	27	43	68	112	77	69	88	43	17	90	1	57	96	115	123	128	35	95	117	107	90	99	89	96	33	93	55	118	8	76	67	68	58
0	0	0	0	0	0	0	0	0	0	0	0	0	0	0	0	0	0	0	0	0	0	0	0	0	0	0	0	0	0	0	0	0	0	0	0	0	0	0	0	0	0	0	0	0	0	0	0	0	0	0	0	0	0	0	0	0	0	0	0	0	0	0	0	0	0	0	0	0	0	0	0	0	0	0	0	0	0	28	127	40	123	103	90	14	126	4	62	84	38	77	35	127	84	84	22	7	9	102	112	65	115	62	94	110	108	104	27	96	80	82	73	74	77	122	56	76	27	87	25	83	32	36	63	8	41	42	119
0	0	0	0	0	0	0	0	0	0	0	0	0	0	0	0	0	0	0	0	0	0	0	0	0	0	0	0	0	0	0	0	0	0	0	0	0	0	0	0	0	0	0	0	0	0	0	0	0	0	0	0	0	0	0	0	0	0	0	0	0	0	0	0	0	0	0	0	0	0	0	0	0	0	0	0	0	0	0	83	17	115	106	77	34	65	59	16	79	23	81	97	81	123	75	97	20	64	47	42	70	64	18	41	94	59	25	116	123	35	55	11	21	49	25	91	120	24	36	51	122	29	39	12	63	116	91	55
0	0	0	0	0	0	0	0	0	0	0	0	0	0	0	0	0	0	0	0	0	0	0	0	0	0	0	0	0	0	0	0	0	0	0	0	0	0	0	0	0	0	0	0	0	0	0	0	0	0	0	0	0	0	0	0	0	0	0	0	0	0	0	0	0	0	0	0	0	0	0	0	0	0	0	0	0	0	0	0	118	66	81	104	12	82	61	21	120	119	28	117	45	125	78	37	53	27	5	127	33	25	56	13	76	12	110	33	67	42	25	84	45	55	4	39	74	7	42	110	123	99	11	43	100	118	105	28
0	0	0	0	0	0	0	0	0	0	0	0	0	0	0	0	0	0	0	0	0	0	0	0	0	0	0	0	0	0	0	0	0	0	0	0	0	0	0	0	0	0	0	0	0	0	0	0	0	0	0	0	0	0	0	0	0	0	0	0	0	0	0	0	0	0	0	0	0	0	0	0	0	0	0	0	0	0	0	0	0	37	92	7	12	6	56	75	23	98	15	68	4	126	20	120	86	78	57	104	125	118	31	4	63	45	105	94	45	75	82	99	29	13	127	122	95	73	63	2	35	78	123	59	92	27	80	115
0	0	0	0	0	0	0	0	0	0	0	0	0	0	0	0	0	0	0	0	0	0	0	0	0	0	0	0	0	0	0	0	0	0	0	0	0	0	0	0	0	0	0	0	0	0	0	0	0	0	0	0	0	0	0	0	0	0	0	0	0	0	0	0	0	0	0	0	0	0	0	0	0	0	0	0	0	0	0	0	0	0	24	12	62	81	5	88	90	96	12	29	35	115	35	38	20	62	78	23	124	94	125	33	79	49	29	70	26	113	88	112	100	107	77	65	8	91	46	30	117	115	88	2	25	116	37	16
0	0	0	0	0	0	0	0	0	0	0	0	0	0	0	0	0	0	0	0	0	0	0	0	0	0	0	0	0	0	0	0	0	0	0	0	0	0	0	0	0	0	0	0	0	0	0	0	0	0	0	0	0	0	0	0	0	0	0	0	0	0	0	0	0	0	0	0	0	0	0	0	0	0	0	0	0	0	0	0	0	0	0	29	72	37	35	92	32	52	41	72	64	26	76	33	115	118	96	109	15	115	65	88	75	62	116	57	21	38	114	65	88	110	49	18	52	127	20	93	34	8	86	71	75	23	112	42
0	0	0	0	0	0	0	0	0	0	0	0	0	0	0	0	0	0	0	0	0	0	0	0	0	0	0	0	0	0	0	0	0	0	0	0	0	0	0	0	0	0	0	0	0	0	0	0	0	0	0	0	0	0	0	0	0	0	0	0	0	0	0	0	0	0	0	0	0	0	0	0	0	0	0	0	0	0	0	0	0	0	0	0	88	25	85	123	65	95	55	12	5	25	100	91	107	22	80	109	95	8	102	47	125	93	31	118	85	62	56	48	42	100	96	64	111	23	109	27	68	76	50	46	15	107	110	14
0	0	0	0	0	0	0	0	0	0	0	0	0	0	0	0	0	0	0	0	0	0	0	0	0	0	0	0	0	0	0	0	0	0	0	0	0	0	0	0	0	0	0	0	0	0	0	0	0	0	0	0	0	0	0	0	0	0	0	0	0	0	0	0	0	0	0	0	0	0	0	0	0	0	0	0	0	0	0	0	0	0	0	0	0	64	96	124	72	21	106	59	98	22	92	33	69	29	94	23	124	20	63	34	24	44	64	18	10	45	111	102	79	42	3	6	109	55	90	30	94	110	57	73	104	63	53	59
0	0	0	0	0	0	0	0	0	0	0	0	0	0	0	0	0	0	0	0	0	0	0	0	0	0	0	0	0	0	0	0	0	0	0	0	0	0	0	0	0	0	0	0	0	0	0	0	0	0	0	0	0	0	0	0	0	0	0	0	0	0	0	0	0	0	0	0	0	0	0	0	0	0	0	0	0	0	0	0	0	0	0	0	0	0	3	88	93	98	110	71	72	80	71	33	5	77	51	40	73	3	83	39	23	42	57	68	9	79	29	72	73	14	53	44	57	5	84	39	117	75	85	111	98	111	13	86
0	0	0	0	0	0	0	0	0	0	0	0	0	0	0	0	0	0	0	0	0	0	0	0	0	0	0	0	0	0	0	0	0	0	0	0	0	0	0	0	0	0	0	0	0	0	0	0	0	0	0	0	0	0	0	0	0	0	0	0	0	0	0	0	0	0	0	0	0	0	0	0	0	0	0	0	0	0	0	0	0	0	0	0	0	0	0	40	26	31	94	23	120	104	109	53	72	48	70	114	93	7	93	44	32	62	5	103	89	43	107	18	62	67	92	121	81	47	36	71	54	33	114	118	44	100	124	23
0	0	0	0	0	0	0	0	0	0	0	0	0	0	0	0	0	0	0	0	0	0	0	0	0	0	0	0	0	0	0	0	0	0	0	0	0	0	0	0	0	0	0	0	0	0	0	0	0	0	0	0	0	0	0	0	0	0	0	0	0	0	0	0	0	0	0	0	0	0	0	0	0	0	0	0	0	0	0	0	0	0	0	0	0	0	0	0	124	51	104	84	23	15	88	77	79	100	56	32	101	13	122	123	57	17	36	30	58	66	39	31	109	72	99	114	14	109	127	9	45	17	5	57	105	73	58	120
0	0	0	0	0	0	0	0	0	0	0	0	0	0	0	0	0	0	0	0	0	0	0	0	0	0	0	0	0	0	0	0	0	0	0	0	0	0	0	0	0	0	0	0	0	0	0	0	0	0	0	0	0	0	0	0	0	0	0	0	0	0	0	0	0	0	0	0	0	0	0	0	0	0	0	0	0	0	0	0	0	0	0	0	0	0	0	0	0	99	48	47	85	42	79	26	23	86	18	3	100	19	31	115	56	75	54	11	71	13	66	3	64	111	16	79	26	54	98	41	48	56	100	80	5	44	80	121
0	0	0	0	0	0	0	0	0	0	0	0	0	0	0	0	0	0	0	0	0	0	0	0	0	0	0	0	0	0	0	0	0	0	0	0	0	0	0	0	0	0	0	0	0	0	0	0	0	0	0	0	0	0	0	0	0	0	0	0	0	0	0	0	0	0	0	0	0	0	0	0	0	0	0	0	0	0	0	0	0	0	0	0	0	0	0	0	0	0	4	74	67	35	95	86	84	7	20	21	104	81	2	42	30	6	20	100	113	66	50	72	112	112	113	17	89	102	65	71	119	25	1	7	19	8	49	79
0	0	0	0	0	0	0	0	0	0	0	0	0	0	0	0	0	0	0	0	0	0	0	0	0	0	0	0	0	0	0	0	0	0	0	0	0	0	0	0	0	0	0	0	0	0	0	0	0	0	0	0	0	0	0	0	0	0	0	0	0	0	0	0	0	0	0	0	0	0	0	0	0	0	0	0	0	0	0	0	0	0	0	0	0	0	0	0	0	0	0	59	27	128	121	72	92	46	97	52	43	116	98	13	85	97	71	36	90	12	111	121	122	68	28	121	116	61	46	4	99	111	116	115	71	57	1	19
0	0	0	0	0	0	0	0	0	0	0	0	0	0	0	0	0	0	0	0	0	0	0	0	0	0	0	0	0	0	0	0	0	0	0	0	0	0	0	0	0	0	0	0	0	0	0	0	0	0	0	0	0	0	0	0	0	0	0	0	0	0	0	0	0	0	0	0	0	0	0	0	0	0	0	0	0	0	0	0	0	0	0	0	0	0	0	0	0	0	0	0	24	28	108	22	123	56	88	59	93	44	19	42	86	114	59	30	119	51	58	52	20	87	14	10	34	44	68	97	16	93	48	42	61	90	44	83
0	0	0	0	0	0	0	0	0	0	0	0	0	0	0	0	0	0	0	0	0	0	0	0	0	0	0	0	0	0	0	0	0	0	0	0	0	0	0	0	0	0	0	0	0	0	0	0	0	0	0	0	0	0	0	0	0	0	0	0	0	0	0	0	0	0	0	0	0	0	0	0	0	0	0	0	0	0	0	0	0	0	0	0	0	0	0	0	0	0	0	0	0	75	83	128	79	55	98	18	117	89	7	41	86	43	43	29	9	94	120	106	24	108	36	94	107	58	8	104	3	4	117	119	79	25	4	23
0	0	0	0	0	0	0	0	0	0	0	0	0	0	0	0	0	0	0	0	0	0	0	0	0	0	0	0	0	0	0	0	0	0	0	0	0	0	0	0	0	0	0	0	0	0	0	0	0	0	0	0	0	0	0	0	0	0	0	0	0	0	0	0	0	0	0	0	0	0	0	0	0	0	0	0	0	0	0	0	0	0	0	0	0	0	0	0	0	0	0	0	0	0	113	122	127	118	109	95	101	108	123	93	96	46	6	71	75	15	17	38	10	127	86	73	99	81	23	118	76	25	18	110	21	16	17	35
0	0	0	0	0	0	0	0	0	0	0	0	0	0	0	0	0	0	0	0	0	0	0	0	0	0	0	0	0	0	0	0	0	0	0	0	0	0	0	0	0	0	0	0	0	0	0	0	0	0	0	0	0	0	0	0	0	0	0	0	0	0	0	0	0	0	0	0	0	0	0	0	0	0	0	0	0	0	0	0	0	0	0	0	0	0	0	0	0	0	0	0	0	0	0	106	113	84	35	83	70	46	40	125	105	90	81	10	98	61	111	109	21	35	71	116	16	33	13	65	80	85	34	95	5	70	93	9
0	0	0	0	0	0	0	0	0	0	0	0	0	0	0	0	0	0	0	0	0	0	0	0	0	0	0	0	0	0	0	0	0	0	0	0	0	0	0	0	0	0	0	0	0	0	0	0	0	0	0	0	0	0	0	0	0	0	0	0	0	0	0	0	0	0	0	0	0	0	0	0	0	0	0	0	0	0	0	0	0	0	0	0	0	0	0	0	0	0	0	0	0	0	0	0	81	56	106	17	52	118	123	42	34	51	128	19	35	84	25	66	100	94	85	114	94	84	115	28	13	36	41	109	82	117	3	128
0	0	0	0	0	0	0	0	0	0	0	0	0	0	0	0	0	0	0	0	0	0	0	0	0	0	0	0	0	0	0	0	0	0	0	0	0	0	0	0	0	0	0	0	0	0	0	0	0	0	0	0	0	0	0	0	0	0	0	0	0	0	0	0	0	0	0	0	0	0	0	0	0	0	0	0	0	0	0	0	0	0	0	0	0	0	0	0	0	0	0	0	0	0	0	0	0	21	34	61	35	50	119	66	45	35	120	92	27	55	82	64	63	121	47	79	113	116	41	101	7	128	3	64	75	33	91	66
0	0	0	0	0	0	0	0	0	0	0	0	0	0	0	0	0	0	0	0	0	0	0	0	0	0	0	0	0	0	0	0	0	0	0	0	0	0	0	0	0	0	0	0	0	0	0	0	0	0	0	0	0	0	0	0	0	0	0	0	0	0	0	0	0	0	0	0	0	0	0	0	0	0	0	0	0	0	0	0	0	0	0	0	0	0	0	0	0	0	0	0	0	0	0	0	0	0	114	40	41	60	39	102	16	7	61	91	46	119	99	70	13	116	41	119	100	92	2	45	49	26	17	3	43	9	111	90
0	0	0	0	0	0	0	0	0	0	0	0	0	0	0	0	0	0	0	0	0	0	0	0	0	0	0	0	0	0	0	0	0	0	0	0	0	0	0	0	0	0	0	0	0	0	0	0	0	0	0	0	0	0	0	0	0	0	0	0	0	0	0	0	0	0	0	0	0	0	0	0	0	0	0	0	0	0	0	0	0	0	0	0	0	0	0	0	0	0	0	0	0	0	0	0	0	0	0	12	17	19	21	97	94	11	73	40	24	20	112	128	62	97	17	3	1	103	54	48	66	46	109	2	18	38	28	81
0	0	0	0	0	0	0	0	0	0	0	0	0	0	0	0	0	0	0	0	0	0	0	0	0	0	0	0	0	0	0	0	0	0	0	0	0	0	0	0	0	0	0	0	0	0	0	0	0	0	0	0	0	0	0	0	0	0	0	0	0	0	0	0	0	0	0	0	0	0	0	0	0	0	0	0	0	0	0	0	0	0	0	0	0	0	0	0	0	0	0	0	0	0	0	0	0	0	0	0	71	113	100	128	77	113	102	87	63	54	65	55	15	120	86	88	128	18	11	56	105	9	93	46	106	19	30	17
0	0	0	0	0	0	0	0	0	0	0	0	0	0	0	0	0	0	0	0	0	0	0	0	0	0	0	0	0	0	0	0	0	0	0	0	0	0	0	0	0	0	0	0	0	0	0	0	0	0	0	0	0	0	0	0	0	0	0	0	0	0	0	0	0	0	0	0	0	0	0	0	0	0	0	0	0	0	0	0	0	0	0	0	0	0	0	0	0	0	0	0	0	0	0	0	0	0	0	0	0	92	114	24	78	73	78	67	29	102	116	101	117	28	119	100	29	40	26	20	28	51	91	109	76	41	33	78
0	0	0	0	0	0	0	0	0	0	0	0	0	0	0	0	0	0	0	0	0	0	0	0	0	0	0	0	0	0	0	0	0	0	0	0	0	0	0	0	0	0	0	0	0	0	0	0	0	0	0	0	0	0	0	0	0	0	0	0	0	0	0	0	0	0	0	0	0	0	0	0	0	0	0	0	0	0	0	0	0	0	0	0	0	0	0	0	0	0	0	0	0	0	0	0	0	0	0	0	0	0	33	90	28	61	32	107	69	112	11	1	43	3	111	11	119	96	32	51	126	113	67	97	42	124	47	89
0	0	0	0	0	0	0	0	0	0	0	0	0	0	0	0	0	0	0	0	0	0	0	0	0	0	0	0	0	0	0	0	0	0	0	0	0	0	0	0	0	0	0	0	0	0	0	0	0	0	0	0	0	0	0	0	0	0	0	0	0	0	0	0	0	0	0	0	0	0	0	0	0	0	0	0	0	0	0	0	0	0	0	0	0	0	0	0	0	0	0	0	0	0	0	0	0	0	0	0	0	0	0	93	17	96	60	126	61	76	73	35	106	4	35	80	110	123	36	29	24	84	65	121	122	72	120	102
0	0	0	0	0	0	0	0	0	0	0	0	0	0	0	0	0	0	0	0	0	0	0	0	0	0	0	0	0	0	0	0	0	0	0	0	0	0	0	0	0	0	0	0	0	0	0	0	0	0	0	0	0	0	0	0	0	0	0	0	0	0	0	0	0	0	0	0	0	0	0	0	0	0	0	0	0	0	0	0	0	0	0	0	0	0	0	0	0	0	0	0	0	0	0	0	0	0	0	0	0	0	0	0	56	55	115	11	126	28	96	106	124	72	24	60	59	6	14	93	102	71	25	120	118	70	112	5
0	0	0	0	0	0	0	0	0	0	0	0	0	0	0	0	0	0	0	0	0	0	0	0	0	0	0	0	0	0	0	0	0	0	0	0	0	0	0	0	0	0	0	0	0	0	0	0	0	0	0	0	0	0	0	0	0	0	0	0	0	0	0	0	0	0	0	0	0	0	0	0	0	0	0	0	0	0	0	0	0	0	0	0	0	0	0	0	0	0	0	0	0	0	0	0	0	0	0	0	0	0	0	0	0	58	24	72	61	119	15	96	62	119	58	64	122	80	82	52	128	42	32	42	30	91	107	97
0	0	0	0	0	0	0	0	0	0	0	0	0	0	0	0	0	0	0	0	0	0	0	0	0	0	0	0	0	0	0	0	0	0	0	0	0	0	0	0	0	0	0	0	0	0	0	0	0	0	0	0	0	0	0	0	0	0	0	0	0	0	0	0	0	0	0	0	0	0	0	0	0	0	0	0	0	0	0	0	0	0	0	0	0	0	0	0	0	0	0	0	0	0	0	0	0	0	0	0	0	0	0	0	0	0	25	103	76	116	30	76	13	118	72	89	121	36	18	3	10	107	74	50	107	52	121	67
0	0	0	0	0	0	0	0	0	0	0	0	0	0	0	0	0	0	0	0	0	0	0	0	0	0	0	0	0	0	0	0	0	0	0	0	0	0	0	0	0	0	0	0	0	0	0	0	0	0	0	0	0	0	0	0	0	0	0	0	0	0	0	0	0	0	0	0	0	0	0	0	0	0	0	0	0	0	0	0	0	0	0	0	0	0	0	0	0	0	0	0	0	0	0	0	0	0	0	0	0	0	0	0	0	0	0	72	101	107	127	28	67	84	29	78	95	15	81	105	56	29	33	120	110	22	123	58
0	0	0	0	0	0	0	0	0	0	0	0	0	0	0	0	0	0	0	0	0	0	0	0	0	0	0	0	0	0	0	0	0	0	0	0	0	0	0	0	0	0	0	0	0	0	0	0	0	0	0	0	0	0	0	0	0	0	0	0	0	0	0	0	0	0	0	0	0	0	0	0	0	0	0	0	0	0	0	0	0	0	0	0	0	0	0	0	0	0	0	0	0	0	0	0	0	0	0	0	0	0	0	0	0	0	0	0	126	69	88	69	42	56	120	83	117	55	40	68	20	97	126	54	27	105	128	93
0	0	0	0	0	0	0	0	0	0	0	0	0	0	0	0	0	0	0	0	0	0	0	0	0	0	0	0	0	0	0	0	0	0	0	0	0	0	0	0	0	0	0	0	0	0	0	0	0	0	0	0	0	0	0	0	0	0	0	0	0	0	0	0	0	0	0	0	0	0	0	0	0	0	0	0	0	0	0	0	0	0	0	0	0	0	0	0	0	0	0	0	0	0	0	0	0	0	0	0	0	0	0	0	0	0	0	0	0	49	23	58	50	93	62	42	62	81	108	46	65	124	45	49	70	102	24	53
0	0	0	0	0	0	0	0	0	0	0	0	0	0	0	0	0	0	0	0	0	0	0	0	0	0	0	0	0	0	0	0	0	0	0	0	0	0	0	0	0	0	0	0	0	0	0	0	0	0	0	0	0	0	0	0	0	0	0	0	0	0	0	0	0	0	0	0	0	0	0	0	0	0	0	0	0	0	0	0	0	0	0	0	0	0	0	0	0	0	0	0	0	0	0	0	0	0	0	0	0	0	0	0	0	0	0	0	0	0	49	93	116	120	47	112	100	76	12	19	8	16	50	26	93	16	54	123
0	0	0	0	0	0	0	0	0	0	0	0	0	0	0	0	0	0	0	0	0	0	0	0	0	0	0	0	0	0	0	0	0	0	0	0	0	0	0	0	0	0	0	0	0	0	0	0	0	0	0	0	0	0	0	0	0	0	0	0	0	0	0	0	0	0	0	0	0	0	0	0	0	0	0	0	0	0	0	0	0	0	0	0	0	0	0	0	0	0	0	0	0	0	0	0	0	0	0	0	0	0	0	0	0	0	0	0	0	0	0	90	110	70	40	14	20	96	121	35	26	15	84	107	64	102	39	88
0	0	0	0	0	0	0	0	0	0	0	0	0	0	0	0	0	0	0	0	0	0	0	0	0	0	0	0	0	0	0	0	0	0	0	0	0	0	0	0	0	0	0	0	0	0	0	0	0	0	0	0	0	0	0	0	0	0	0	0	0	0	0	0	0	0	0	0	0	0	0	0	0	0	0	0	0	0	0	0	0	0	0	0	0	0	0	0	0	0	0	0	0	0	0	0	0	0	0	0	0	0	0	0	0	0	0	0	0	0	0	0	90	87	29	63	49	110	12	71	28	83	128	55	23	108	47	39
0	0	0	0	0	0	0	0	0	0	0	0	0	0	0	0	0	0	0	0	0	0	0	0	0	0	0	0	0	0	0	0	0	0	0	0	0	0	0	0	0	0	0	0	0	0	0	0	0	0	0	0	0	0	0	0	0	0	0	0	0	0	0	0	0	0	0	0	0	0	0	0	0	0	0	0	0	0	0	0	0	0	0	0	0	0	0	0	0	0	0	0	0	0	0	0	0	0	0	0	0	0	0	0	0	0	0	0	0	0	0	0	0	17	114	21	28	36	81	69	33	20	102	42	56	119	35	95
0	0	0	0	0	0	0	0	0	0	0	0	0	0	0	0	0	0	0	0	0	0	0	0	0	0	0	0	0	0	0	0	0	0	0	0	0	0	0	0	0	0	0	0	0	0	0	0	0	0	0	0	0	0	0	0	0	0	0	0	0	0	0	0	0	0	0	0	0	0	0	0	0	0	0	0	0	0	0	0	0	0	0	0	0	0	0	0	0	0	0	0	0	0	0	0	0	0	0	0	0	0	0	0	0	0	0	0	0	0	0	0	0	0	61	50	122	21	76	25	118	28	30	65	115	48	2	128
0	0	0	0	0	0	0	0	0	0	0	0	0	0	0	0	0	0	0	0	0	0	0	0	0	0	0	0	0	0	0	0	0	0	0	0	0	0	0	0	0	0	0	0	0	0	0	0	0	0	0	0	0	0	0	0	0	0	0	0	0	0	0	0	0	0	0	0	0	0	0	0	0	0	0	0	0	0	0	0	0	0	0	0	0	0	0	0	0	0	0	0	0	0	0	0	0	0	0	0	0	0	0	0	0	0	0	0	0	0	0	0	0	0	0	8	62	43	79	123	27	22	108	2	110	62	35	50
0	0	0	0	0	0	0	0	0	0	0	0	0	0	0	0	0	0	0	0	0	0	0	0	0	0	0	0	0	0	0	0	0	0	0	0	0	0	0	0	0	0	0	0	0	0	0	0	0	0	0	0	0	0	0	0	0	0	0	0	0	0	0	0	0	0	0	0	0	0	0	0	0	0	0	0	0	0	0	0	0	0	0	0	0	0	0	0	0	0	0	0	0	0	0	0	0	0	0	0	0	0	0	0	0	0	0	0	0	0	0	0	0	0	0	0	110	106	78	92	70	110	113	70	96	102	49	51
0	0	0	0	0	0	0	0	0	0	0	0	0	0	0	0	0	0	0	0	0	0	0	0	0	0	0	0	0	0	0	0	0	0	0	0	0	0	0	0	0	0	0	0	0	0	0	0	0	0	0	0	0	0	0	0	0	0	0	0	0	0	0	0	0	0	0	0	0	0	0	0	0	0	0	0	0	0	0	0	0	0	0	0	0	0	0	0	0	0	0	0	0	0	0	0	0	0	0	0	0	0	0	0	0	0	0	0	0	0	0	0	0	0	0	0	0	77	30	48	65	62	20	88	113	55	85	102
0	0	0	0	0	0	0	0	0	0	0	0	0	0	0	0	0	0	0	0	0	0	0	0	0	0	0	0	0	0	0	0	0	0	0	0	0	0	0	0	0	0	0	0	0	0	0	0	0	0	0	0	0	0	0	0	0	0	0	0	0	0	0	0	0	0	0	0	0	0	0	0	0	0	0	0	0	0	0	0	0	0	0	0	0	0	0	0	0	0	0	0	0	0	0	0	0	0	0	0	0	0	0	0	0	0	0	0	0	0	0	0	0	0	0	0	0	0	124	14	66	23	88	87	79	4	61	23
0	0	0	0	0	0	0	0	0	0	0	0	0	0	0	0	0	0	0	0	0	0	0	0	0	0	0	0	0	0	0	0	0	0	0	0	0	0	0	0	0	0	0	0	0	0	0	0	0	0	0	0	0	0	0	0	0	0	0	0	0	0	0	0	0	0	0	0	0	0	0	0	0	0	0	0	0	0	0	0	0	0	0	0	0	0	0	0	0	0	0	0	0	0	0	0	0	0	0	0	0	0	0	0	0	0	0	0	0	0	0	0	0	0	0	0	0	0	0	73	37	83	5	50	108	77	101	36
0	0	0	0	0	0	0	0	0	0	0	0	0	0	0	0	0	0	0	0	0	0	0	0	0	0	0	0	0	0	0	0	0	0	0	0	0	0	0	0	0	0	0	0	0	0	0	0	0	0	0	0	0	0	0	0	0	0	0	0	0	0	0	0	0	0	0	0	0	0	0	0	0	0	0	0	0	0	0	0	0	0	0	0	0	0	0	0	0	0	0	0	0	0	0	0	0	0	0	0	0	0	0	0	0	0	0	0	0	0	0	0	0	0	0	0	0	0	0	0	55	56	118	37	70	97	95	115
0	0	0	0	0	0	0	0	0	0	0	0	0	0	0	0	0	0	0	0	0	0	0	0	0	0	0	0	0	0	0	0	0	0	0	0	0	0	0	0	0	0	0	0	0	0	0	0	0	0	0	0	0	0	0	0	0	0	0	0	0	0	0	0	0	0	0	0	0	0	0	0	0	0	0	0	0	0	0	0	0	0	0	0	0	0	0	0	0	0	0	0	0	0	0	0	0	0	0	0	0	0	0	0	0	0	0	0	0	0	0	0	0	0	0	0	0	0	0	0	0	47	90	28	80	9	106	67
0	0	0	0	0	0	0	0	0	0	0	0	0	0	0	0	0	0	0	0	0	0	0	0	0	0	0	0	0	0	0	0	0	0	0	0	0	0	0	0	0	0	0	0	0	0	0	0	0	0	0	0	0	0	0	0	0	0	0	0	0	0	0	0	0	0	0	0	0	0	0	0	0	0	0	0	0	0	0	0	0	0	0	0	0	0	0	0	0	0	0	0	0	0	0	0	0	0	0	0	0	0	0	0	0	0	0	0	0	0	0	0	0	0	0	0	0	0	0	0	0	0	29	98	124	81	1	14
0	0	0	0	0	0	0	0	0	0	0	0	0	0	0	0	0	0	0	0	0	0	0	0	0	0	0	0	0	0	0	0	0	0	0	0	0	0	0	0	0	0	0	0	0	0	0	0	0	0	0	0	0	0	0	0	0	0	0	0	0	0	0	0	0	0	0	0	0	0	0	0	0	0	0	0	0	0	0	0	0	0	0	0	0	0	0	0	0	0	0	0	0	0	0	0	0	0	0	0	0	0	0	0	0	0	0	0	0	0	0	0	0	0	0	0	0	0	0	0	0	0	0	95	126	79	68	94
0	0	0	0	0	0	0	0	0	0	0	0	0	0	0	0	0	0	0	0	0	0	0	0	0	0	0	0	0	0	0	0	0	0	0	0	0	0	0	0	0	0	0	0	0	0	0	0	0	0	0	0	0	0	0	0	0	0	0	0	0	0	0	0	0	0	0	0	0	0	0	0	0	0	0	0	0	0	0	0	0	0	0	0	0	0	0	0	0	0	0	0	0	0	0	0	0	0	0	0	0	0	0	0	0	0	0	0	0	0	0	0	0	0	0	0	0	0	0	0	0	0	0	0	68	87	5	114
0	0	0	0	0	0	0	0	0	0	0	0	0	0	0	0	0	0	0	0	0	0	0	0	0	0	0	0	0	0	0	0	0	0	0	0	0	0	0	0	0	0	0	0	0	0	0	0	0	0	0	0	0	0	0	0	0	0	0	0	0	0	0	0	0	0	0	0	0	0	0	0	0	0	0	0	0	0	0	0	0	0	0	0	0	0	0	0	0	0	0	0	0	0	0	0	0	0	0	0	0	0	0	0	0	0	0	0	0	0	0	0	0	0	0	0	0	0	0	0	0	0	0	0	0	92	36	119
0	0	0	0	0	0	0	0	0	0	0	0	0	0	0	0	0	0	0	0	0	0	0	0	0	0	0	0	0	0	0	0	0	0	0	0	0	0	0	0	0	0	0	0	0	0	0	0	0	0	0	0	0	0	0	0	0	0	0	0	0	0	0	0	0	0	0	0	0	0	0	0	0	0	0	0	0	0	0	0	0	0	0	0	0	0	0	0	0	0	0	0	0	0	0	0	0	0	0	0	0	0	0	0	0	0	0	0	0	0	0	0	0	0	0	0	0	0	0	0	0	0	0	0	0	0	65	71
0	0	0	0	0	0	0	0	0	0	0	0	0	0	0	0	0	0	0	0	0	0	0	0	0	0	0	0	0	0	0	0	0	0	0	0	0	0	0	0	0	0	0	0	0	0	0	0	0	0	0	0	0	0	0	0	0	0	0	0	0	0	0	0	0	0	0	0	0	0	0	0	0	0	0	0	0	0	0	0	0	0	0	0	0	0	0	0	0	0	0	0	0	0	0	0	0	0	0	0	0	0	0	0	0	0	0	0	0	0	0	0	0	0	0	0	0	0	0	0	0	0	0	0	0	0	0	89
0	0	0	0	0	0	0	0	0	0	0	0	0	0	0	0	0	0	0	0	0	0	0	0	0	0	0	0	0	0	0	0	0	0	0	0	0	0	0	0	0	0	0	0	0	0	0	0	0	0	0	0	0	0	0	0	0	0	0	0	0	0	0	0	0	0	0	0	0	0	0	0	0	0	0	0	0	0	0	0	0	0	0	0	0	0	0	0	0	0	0	0	0	0	0	0	0	0	0	0	0	0	0	0	0	0	0	0	0	0	0	0	0	0	0	0	0	0	0	0	0	0	0	0	0	0	0	0