0	8	36	15	29	35	13	93	38	18	123	85	106	26	44	45	70	17	121	21	91	83	88	57	51	108	110	36	117	38	43	128	71	128	112	111	5	128	87	90	35	24	33	36	56	96	9	45	15	35	14	59	102	36	74	40	58	65	116	77	73	106	11	103	6	74	88	87	58	91	103	63	38	83	110	120	36	3	78	95	102	22	100	103	109	40	106	106	106	68	30	85	3	97	119	84	18	21	37	70	97	53	118	91	5	122	28	100	29	85	61	94	120	1	26	43	52	28	90	48	69	87	117	96	23	52	12	99
0	0	33	64	27	21	44	40	80	96	61	80	70	31	79	5	111	73	99	73	41	113	82	90	23	116	25	64	40	45	5	86	46	8	111	47	32	82	39	5	117	65	24	96	11	8	16	22	31	60	108	45	44	48	99	112	19	69	71	29	27	80	51	5	35	60	66	90	32	5	66	124	125	8	101	8	50	101	124	120	97	127	76	42	20	36	38	66	58	102	48	100	113	78	71	35	102	96	2	101	29	47	15	128	60	70	77	105	105	79	65	66	126	18	69	92	76	116	44	101	78	5	3	54	16	55	77	61
0	0	0	44	127	75	16	55	79	21	97	21	83	28	13	2	119	34	63	75	94	75	11	53	121	119	80	56	55	106	35	46	109	4	123	38	73	24	81	96	3	28	122	100	8	71	99	91	100	39	77	75	111	122	24	33	123	39	83	89	5	35	21	52	128	72	16	111	24	89	100	118	81	51	71	21	109	11	76	7	48	50	48	96	128	27	120	62	97	61	1	59	126	16	123	102	122	80	35	52	90	69	91	64	50	76	124	47	18	68	82	2	9	28	18	89	48	116	67	31	87	88	89	98	114	7	78	80
0	0	0	0	60	115	57	100	30	119	46	82	45	28	50	65	38	45	23	103	121	3	77	98	71	82	40	122	30	127	70	100	37	41	40	121	59	96	56	121	113	16	56	85	123	38	102	116	78	91	47	106	25	122	110	16	14	115	55	77	114	77	73	6	76	46	102	20	64	33	109	62	90	98	48	71	25	66	117	42	9	49	93	98	91	54	42	107	44	35	87	48	121	89	114	44	120	86	85	117	49	88	76	109	76	106	92	37	13	83	34	86	62	5	92	106	91	91	25	69	124	93	92	21	76	75	96	118
0	0	0	0	0	64	124	87	126	119	48	128	70	113	36	56	62	123	68	102	27	95	21	54	3	5	19	128	34	115	37	49	37	92	65	122	46	120	27	123	79	77	105	71	66	60	120	33	43	52	41	84	61	100	23	60	122	40	80	87	110	103	16	83	34	20	17	102	79	96	75	47	4	28	56	107	113	84	29	35	89	128	60	31	128	80	85	6	99	98	23	119	14	102	39	54	123	64	25	43	39	104	38	72	54	128	104	66	37	9	120	55	97	87	71	107	18	110	34	106	101	79	113	6	43	63	124	121
0	0	0	0	0	0	96	52	103	43	39	106	96	110	17	25	120	17	47	18	67	52	123	73	65	66	38	104	121	32	46	71	74	14	3	21	85	64	100	90	41	99	62	121	20	13	93	125	48	12	24	29	103	49	66	111	64	87	2	31	52	109	9	83	2	54	26	59	5	69	93	66	12	110	51	22	86	17	25	108	43	5	70	125	126	55	54	30	22	91	88	45	3	26	68	20	100	81	122	85	41	90	59	96	11	101	16	116	95	59	3	122	123	54	30	6	99	4	119	124	77	2	64	7	75	36	63	79
0	0	0	0	0	0	0	34	92	27	82	67	46	39	12	15	51	32	124	101	125	125	116	13	72	61	89	51	51	57	57	93	112	18	121	9	8	66	15	8	115	103	63	97	52	92	125	116	74	124	113	62	96	46	111	127	44	100	64	71	73	56	77	26	76	1	106	119	92	93	9	77	26	31	31	23	82	63	12	101	75	79	3	25	128	31	60	127	51	96	19	109	23	101	30	27	126	107	13	62	5	1	94	116	27	37	82	10	6	50	31	48	69	6	64	98	25	111	126	73	127	111	36	98	104	56	122	81
0	0	0	0	0	0	0	0	2	95	62	62	21	6	68	128	72	57	74	28	119	82	50	17	34	122	17	125	58	66	25	65	54	92	9	85	105	92	11	96	116	80	97	35	9	104	13	50	60	125	23	106	14	47	5	38	49	78	61	71	120	116	57	82	71	43	21	83	77	43	94	110	7	118	38	76	96	99	87	13	122	59	79	128	95	123	74	28	82	72	21	87	60	50	32	118	67	30	111	65	34	34	27	34	103	3	15	58	126	120	71	85	110	8	22	4	87	24	109	101	65	35	74	42	99	101	78	110
0	0	0	0	0	0	0	0	0	57	15	50	101	105	24	10	94	29	83	108	7	8	116	70	77	64	15	52	62	123	67	22	8	57	123	2	59	25	60	31	36	43	54	49	69	20	19	56	102	91	13	109	114	59	23	30	15	59	17	65	16	65	12	104	75	76	1	34	35	37	4	105	90	112	5	6	102	15	117	127	16	61	17	109	128	54	124	82	11	77	82	88	28	77	16	8	73	22	29	31	63	91	90	23	95	77	72	67	79	5	122	119	32	80	72	51	116	125	49	100	80	18	120	95	48	22	116	1
0	0	0	0	0	0	0	0	0	0	57	38	1	64	80	6	121	91	20	26	28	98	118	53	116	46	107	74	105	52	69	9	98	113	15	79	55	100	113	90	56	49	83	38	58	31	118	85	16	3	68	29	32	14	110	108	120	26	98	96	13	65	72	125	89	91	127	77	83	41	66	116	14	109	23	80	54	71	62	89	71	87	22	86	104	22	101	80	19	51	84	3	47	13	4	87	24	6	96	99	118	11	73	88	30	41	4	119	39	41	64	126	38	53	86	71	75	32	32	14	115	33	14	104	90	111	69	43
0	0	0	0	0	0	0	0	0	0	0	126	127	14	48	94	91	36	55	120	7	41	39	78	83	123	27	62	113	43	31	39	75	74	28	9	40	105	10	25	121	87	96	115	65	113	32	100	102	104	67	113	24	52	46	90	82	6	97	46	18	50	10	88	59	25	23	97	64	99	31	113	77	82	52	87	66	98	123	97	118	97	103	88	66	15	123	87	111	115	21	121	35	28	84	43	128	37	20	45	66	57	92	42	125	20	59	91	81	69	103	7	127	121	113	56	43	35	19	94	81	104	45	108	18	61	42	51
0	0	0	0	0	0	0	0	0	0	0	0	82	49	96	49	101	17	59	122	84	104	90	22	117	45	113	124	102	19	4	86	40	7	10	72	119	31	107	79	122	81	81	105	106	28	3	73	36	16	96	78	84	89	41	39	48	29	99	69	52	100	75	7	127	17	19	79	124	122	64	86	12	62	109	98	95	107	26	120	44	103	23	27	103	28	47	38	5	123	90	88	81	2	69	59	72	104	39	98	83	10	12	124	5	89	74	122	115	9	13	51	38	77	83	99	83	126	42	68	19	2	53	49	105	128	127	84
0	0	0	0	0	0	0	0	0	0	0	0	0	79	54	21	69	13	38	12	36	7	78	124	109	14	69	91	99	44	105	95	125	97	128	118	31	57	107	125	37	70	98	11	65	6	92	50	31	91	58	122	90	114	38	75	64	34	17	5	118	126	122	90	33	103	114	63	123	56	12	70	112	9	25	63	69	110	21	56	68	110	106	108	75	84	78	99	7	8	122	109	52	2	89	59	89	49	24	10	59	65	68	108	78	51	94	65	127	126	16	69	3	116	51	9	74	7	97	18	91	20	68	121	85	57	48	80
0	0	0	0	0	0	0	0	0	0	0	0	0	0	56	112	1	84	42	121	3	112	81	85	85	104	102	24	51	101	99	39	8	34	9	45	75	94	125	49	49	83	79	55	32	58	56	62	88	27	107	113	57	23	115	93	122	13	69	62	7	2	10	117	95	32	55	27	83	65	17	115	9	112	105	125	101	27	72	106	66	63	92	84	38	110	84	82	37	76	6	114	120	112	97	115	1	59	34	49	114	115	17	35	32	46	68	107	74	109	80	102	50	92	86	92	82	68	66	106	86	103	62	35	63	123	74	110
0	0	0	0	0	0	0	0	0	0	0	0	0	0	0	55	86	112	17	83	105	69	83	47	118	87	49	60	60	81	32	115	6	95	77	64	55	66	77	95	18	119	62	22	19	24	43	69	101	16	60	73	20	73	86	4	45	107	100	126	9	118	95	47	45	127	80	33	101	76	121	72	30	99	31	92	19	80	83	95	5	108	38	55	58	101	81	94	59	104	37	36	128	55	27	43	40	124	1	96	29	78	117	13	61	63	42	50	60	72	113	94	87	17	23	100	54	18	101	61	45	100	30	101	34	40	126	100
0	0	0	0	0	0	0	0	0	0	0	0	0	0	0	0	54	83	73	121	47	74	84	23	47	114	125	111	97	108	94	34	67	31	47	20	80	53	18	95	81	51	119	55	116	118	110	9	49	76	36	73	52	28	15	39	122	46	99	48	12	15	126	19	123	50	112	116	18	38	107	81	118	65	50	63	31	20	115	95	77	94	107	100	115	5	61	45	61	17	69	40	127	79	34	108	71	94	68	30	17	74	78	125	103	115	40	64	61	69	20	86	21	83	73	88	33	94	74	67	30	86	2	124	119	14	118	2
0	0	0	0	0	0	0	0	0	0	0	0	0	0	0	0	0	18	96	123	78	50	78	22	50	118	128	101	31	50	122	24	109	99	70	62	27	61	82	92	66	122	53	17	95	24	95	77	68	77	100	109	92	65	4	117	42	2	92	85	87	88	18	53	6	123	100	24	90	72	79	17	8	126	128	17	26	2	104	93	30	13	66	106	7	88	94	34	39	49	39	74	108	50	115	91	114	28	15	41	24	52	72	109	58	113	95	50	103	38	61	76	103	80	9	81	87	41	111	127	32	21	11	116	60	89	26	84
0	0	0	0	0	0	0	0	0	0	0	0	0	0	0	0	0	0	122	127	55	53	15	72	4	122	100	106	91	79	92	4	50	22	10	43	31	95	106	94	58	71	41	128	99	86	88	6	109	113	70	14	82	101	101	63	53	11	113	92	47	116	104	48	87	8	89	107	105	112	115	13	118	81	34	118	120	54	45	43	104	112	49	8	44	123	14	39	93	108	89	128	61	23	91	93	15	41	65	25	77	123	74	12	67	57	15	48	7	25	65	108	24	8	86	71	109	100	23	115	6	120	113	15	117	115	125	76
0	0	0	0	0	0	0	0	0	0	0	0	0	0	0	0	0	0	0	106	85	125	30	3	42	114	86	64	110	117	11	10	3	53	117	47	64	114	104	115	90	98	120	5	100	77	16	67	119	1	106	52	108	126	41	41	39	2	86	89	33	126	121	79	84	109	27	20	90	128	121	19	69	45	87	22	127	2	63	11	117	125	69	21	7	80	124	85	124	117	91	57	59	9	119	11	116	96	34	98	71	124	67	128	30	78	78	104	10	84	127	21	46	112	71	3	42	109	103	69	123	2	10	76	123	64	51	5
0	0	0	0	0	0	0	0	0	0	0	0	0	0	0	0	0	0	0	0	89	27	121	106	113	46	8	92	21	82	35	97	35	16	82	63	113	62	58	50	45	101	78	20	54	116	93	73	57	8	33	32	114	72	104	7	88	71	109	73	118	1	56	117	81	119	11	33	128	91	118	62	90	55	20	1	84	92	62	114	52	38	82	24	90	71	120	27	86	86	95	63	121	64	20	98	20	35	89	30	100	5	123	109	77	116	72	39	44	23	100	11	54	34	7	86	10	89	84	57	73	63	37	92	125	82	35	92
0	0	0	0	0	0	0	0	0	0	0	0	0	0	0	0	0	0	0	0	0	55	57	115	73	27	65	4	56	111	53	112	127	113	70	92	60	52	91	49	74	15	21	19	89	121	121	13	128	24	86	113	63	41	110	11	102	59	119	58	6	70	84	97	31	95	96	73	38	27	6	78	93	100	119	65	52	29	69	3	12	114	77	77	74	31	51	78	93	15	106	38	37	45	126	5	94	27	65	47	65	38	35	104	30	14	106	28	69	35	103	38	12	121	87	108	26	34	7	78	42	112	65	82	82	72	46	118
0	0	0	0	0	0	0	0	0	0	0	0	0	0	0	0	0	0	0	0	0	0	32	57	15	111	28	36	75	84	49	39	127	68	51	64	57	56	128	66	67	77	46	88	37	14	48	100	4	86	82	47	126	37	52	72	101	4	52	127	48	57	4	98	97	85	107	97	66	116	19	5	90	116	93	13	1	9	32	115	22	67	86	58	9	29	74	62	1	71	73	11	97	106	104	128	73	99	77	104	96	120	102	5	27	25	92	90	61	105	81	68	105	55	52	9	100	65	104	8	53	68	31	37	93	35	25	78
0	0	0	0	0	0	0	0	0	0	0	0	0	0	0	0	0	0	0	0	0	0	0	58	42	43	121	16	20	45	128	49	31	24	25	84	46	97	40	76	117	10	58	8	126	66	27	119	16	119	95	97	72	82	43	107	112	13	3	85	65	71	97	72	29	126	1	9	106	53	77	84	116	99	119	108	80	117	45	111	125	100	44	2	91	47	58	112	82	82	95	38	113	57	98	96	65	33	37	120	34	99	102	24	121	4	105	72	41	71	41	59	70	68	64	71	86	104	82	26	24	107	20	77	4	87	111	88
0	0	0	0	0	0	0	0	0	0	0	0	0	0	0	0	0	0	0	0	0	0	0	0	6	66	128	123	104	98	66	70	107	87	107	118	9	7	15	80	58	17	109	116	2	110	75	94	106	113	10	90	17	81	34	98	85	59	70	91	81	60	42	96	124	89	126	94	10	27	66	111	26	81	25	64	83	1	9	37	113	71	81	115	4	123	53	61	62	37	107	56	72	30	56	26	96	73	27	72	107	69	24	4	27	23	17	27	52	128	6	101	41	38	87	53	24	7	49	108	26	91	113	98	72	47	76	20
0	0	0	0	0	0	0	0	0	0	0	0	0	0	0	0	0	0	0	0	0	0	0	0	0	114	49	74	37	4	74	83	63	102	18	29	109	74	56	35	61	121	123	82	43	118	57	50	46	106	79	51	103	42	16	63	14	19	109	5	54	74	34	13	111	15	102	3	16	23	50	10	46	113	72	49	15	10	1	46	96	126	61	94	58	32	41	61	69	93	24	12	73	38	125	16	47	96	104	115	125	120	57	13	96	25	101	42	118	18	91	108	103	12	123	118	99	88	126	100	99	67	124	7	39	48	5	106
0	0	0	0	0	0	0	0	0	0	0	0	0	0	0	0	0	0	0	0	0	0	0	0	0	0	94	22	36	100	23	72	38	109	42	95	53	79	48	70	46	9	15	49	81	53	23	36	44	120	81	13	57	7	25	59	58	53	45	61	54	88	16	39	22	83	106	86	87	72	104	118	20	110	38	78	77	125	77	36	41	107	3	39	80	119	28	110	121	116	7	104	14	128	8	128	48	22	108	116	10	69	86	48	96	67	111	45	65	99	27	13	40	57	89	38	117	47	96	105	64	46	3	87	45	49	48	101
0	0	0	0	0	0	0	0	0	0	0	0	0	0	0	0	0	0	0	0	0	0	0	0	0	0	0	57	121	114	75	3	14	85	119	70	70	62	111	34	14	89	22	95	51	112	59	83	36	5	30	84	53	75	95	103	38	43	105	36	95	55	112	56	46	65	54	74	101	66	20	12	87	120	47	41	56	88	109	46	58	34	57	105	4	116	48	120	3	110	127	28	64	44	68	19	77	42	94	47	31	124	76	12	42	17	76	45	102	52	81	74	15	26	43	128	102	79	26	77	93	122	22	47	5	76	105	124
0	0	0	0	0	0	0	0	0	0	0	0	0	0	0	0	0	0	0	0	0	0	0	0	0	0	0	0	10	22	40	22	121	20	25	17	30	32	122	85	47	123	92	53	11	56	63	109	25	52	123	1	79	32	97	86	74	30	117	102	108	11	114	41	120	70	125	125	26	36	44	98	125	37	11	91	125	100	79	128	71	36	65	66	111	46	103	116	107	42	69	106	52	50	86	42	3	14	64	123	128	19	64	27	22	16	22	55	40	92	40	32	69	3	1	33	80	128	56	97	15	24	110	45	14	8	4	52
0	0	0	0	0	0	0	0	0	0	0	0	0	0	0	0	0	0	0	0	0	0	0	0	0	0	0	0	0	45	116	110	65	26	68	41	54	104	47	26	19	66	65	89	94	13	96	61	101	96	38	20	3	113	44	124	48	96	18	75	7	42	28	71	75	47	63	118	127	27	104	38	38	28	54	92	62	37	86	80	63	13	109	68	18	11	80	100	105	35	68	106	101	35	115	124	64	15	58	40	69	7	13	102	13	30	28	66	121	11	8	103	47	30	78	109	6	90	78	125	55	12	111	16	31	37	44	4
0	0	0	0	0	0	0	0	0	0	0	0	0	0	0	0	0	0	0	0	0	0	0	0	0	0	0	0	0	0	58	19	86	71	60	33	30	23	43	119	86	93	25	6	35	127	117	94	84	78	68	89	113	93	77	53	16	115	22	43	82	44	62	10	53	127	64	33	119	117	92	110	41	32	108	92	3	10	14	75	32	65	127	82	85	81	120	110	13	38	104	38	18	40	57	90	102	26	104	63	108	62	73	120	53	89	105	72	69	67	28	49	9	76	92	48	99	118	95	115	91	93	109	68	73	42	60	91
0	0	0	0	0	0	0	0	0	0	0	0	0	0	0	0	0	0	0	0	0	0	0	0	0	0	0	0	0	0	0	52	46	19	2	57	84	62	61	122	78	105	36	101	119	45	30	82	24	16	25	27	53	111	106	97	109	41	37	108	74	96	28	81	114	117	53	32	51	68	22	124	1	82	84	71	120	20	87	93	99	26	121	13	49	7	113	128	96	84	24	113	2	38	74	95	125	34	127	6	107	128	70	19	84	16	65	78	98	24	57	78	114	26	85	95	10	10	78	26	81	6	9	7	13	109	17	61
0	0	0	0	0	0	0	0	0	0	0	0	0	0	0	0	0	0	0	0	0	0	0	0	0	0	0	0	0	0	0	0	62	42	34	20	54	121	34	8	4	46	35	26	80	115	9	69	87	69	70	103	103	36	72	59	75	127	108	40	33	40	77	45	112	40	116	97	31	59	18	51	57	54	17	36	114	88	105	113	109	101	97	67	74	68	122	34	55	109	116	124	53	82	57	25	98	57	6	119	6	22	80	47	74	82	92	110	114	34	125	8	102	27	116	63	6	36	49	100	49	82	19	109	84	89	113	126
0	0	0	0	0	0	0	0	0	0	0	0	0	0	0	0	0	0	0	0	0	0	0	0	0	0	0	0	0	0	0	0	0	32	61	51	22	35	108	118	57	33	38	96	107	118	26	10	11	112	12	86	11	84	112	119	80	18	14	54	20	98	28	38	95	12	47	101	91	101	80	103	64	27	33	14	53	20	114	63	76	5	97	7	90	73	94	7	111	29	67	25	64	40	48	73	17	103	32	2	83	18	44	58	27	126	4	48	44	44	58	90	115	25	47	16	91	121	73	105	105	16	23	87	4	18	28	92
0	0	0	0	0	0	0	0	0	0	0	0	0	0	0	0	0	0	0	0	0	0	0	0	0	0	0	0	0	0	0	0	0	0	1	15	44	103	14	14	110	27	44	38	41	55	119	119	31	117	53	104	70	41	15	66	125	22	124	69	104	113	127	59	45	20	117	13	6	69	56	19	90	50	51	124	40	91	102	56	60	71	120	59	82	112	26	107	90	107	110	110	33	64	10	69	52	39	83	60	109	106	7	11	67	16	70	120	107	117	109	67	47	92	81	121	100	118	74	43	69	78	9	60	49	47	67	123
0	0	0	0	0	0	0	0	0	0	0	0	0	0	0	0	0	0	0	0	0	0	0	0	0	0	0	0	0	0	0	0	0	0	0	57	124	54	108	11	28	94	81	80	14	48	33	123	17	55	76	126	122	88	36	93	20	110	33	98	29	14	55	37	99	37	128	8	11	95	92	34	106	116	29	119	111	123	22	48	46	107	44	9	66	93	120	128	58	47	84	16	116	37	37	32	24	72	119	61	92	6	61	97	101	53	100	112	31	34	21	103	35	102	69	116	124	85	57	8	57	49	39	118	47	23	112	83
0	0	0	0	0	0	0	0	0	0	0	0	0	0	0	0	0	0	0	0	0	0	0	0	0	0	0	0	0	0	0	0	0	0	0	0	39	48	120	74	39	36	92	121	104	4	11	19	106	43	122	102	105	73	76	51	61	86	73	48	78	119	20	18	120	121	73	78	44	83	46	97	65	128	5	41	8	87	98	20	18	80	51	17	20	9	68	1	29	113	103	88	100	1	68	122	78	82	47	63	103	87	4	36	58	87	22	96	113	20	18	120	51	38	97	50	19	31	32	41	47	17	82	8	62	52	108	79
0	0	0	0	0	0	0	0	0	0	0	0	0	0	0	0	0	0	0	0	0	0	0	0	0	0	0	0	0	0	0	0	0	0	0	0	0	6	22	59	117	51	85	40	31	112	95	26	46	68	43	71	108	124	114	44	27	79	23	67	72	78	112	100	46	71	102	97	111	2	83	83	58	111	23	40	1	37	26	61	117	122	68	84	42	113	89	101	43	115	113	104	64	88	6	21	14	21	38	26	56	64	8	40	85	84	50	101	85	21	88	10	64	30	121	105	10	5	110	58	80	11	8	60	21	23	42	107
0	0	0	0	0	0	0	0	0	0	0	0	0	0	0	0	0	0	0	0	0	0	0	0	0	0	0	0	0	0	0	0	0	0	0	0	0	0	106	60	26	12	82	123	62	45	34	14	12	63	66	81	115	74	7	20	52	18	107	68	35	120	68	2	41	56	16	85	54	86	9	18	105	100	8	104	12	58	103	51	111	82	114	100	83	116	117	31	21	118	64	114	119	74	63	127	48	14	30	117	29	47	47	78	41	83	30	88	93	114	72	62	87	13	13	16	102	78	113	62	20	62	20	61	103	9	37	125
0	0	0	0	0	0	0	0	0	0	0	0	0	0	0	0	0	0	0	0	0	0	0	0	0	0	0	0	0	0	0	0	0	0	0	0	0	0	0	115	21	87	31	4	119	79	41	16	34	34	57	21	122	69	7	12	68	49	35	123	81	40	29	89	101	56	92	74	30	69	72	88	17	113	102	53	98	66	17	31	80	128	94	9	107	74	81	3	107	89	104	83	81	75	36	55	13	23	25	69	77	33	65	92	53	40	13	64	13	13	29	80	52	100	113	118	126	32	86	43	103	42	124	69	84	102	15	63
0	0	0	0	0	0	0	0	0	0	0	0	0	0	0	0	0	0	0	0	0	0	0	0	0	0	0	0	0	0	0	0	0	0	0	0	0	0	0	0	64	67	104	8	120	17	79	60	73	102	98	77	124	99	41	107	116	28	13	47	95	111	18	79	119	12	61	70	54	128	37	54	95	72	84	55	42	114	119	76	77	46	111	107	124	59	20	71	27	119	91	98	54	43	20	36	18	34	20	34	44	81	116	4	104	65	121	97	115	14	9	15	11	103	120	69	66	2	58	46	127	123	111	103	85	42	52	53
0	0	0	0	0	0	0	0	0	0	0	0	0	0	0	0	0	0	0	0	0	0	0	0	0	0	0	0	0	0	0	0	0	0	0	0	0	0	0	0	0	96	110	76	89	53	76	72	44	24	18	113	118	46	69	23	69	119	37	27	98	94	19	108	1	43	128	31	9	15	37	118	85	32	90	22	105	8	31	64	70	23	43	29	36	27	99	36	23	83	109	126	25	55	125	96	44	5	107	30	25	54	3	84	11	120	43	72	117	123	25	76	124	47	9	101	30	34	50	43	91	56	104	46	18	18	86	66
0	0	0	0	0	0	0	0	0	0	0	0	0	0	0	0	0	0	0	0	0	0	0	0	0	0	0	0	0	0	0	0	0	0	0	0	0	0	0	0	0	0	113	53	80	76	17	111	117	96	27	91	98	79	74	110	57	117	79	109	55	85	94	96	79	54	36	23	28	118	54	78	71	56	35	117	63	117	38	44	111	73	96	112	89	27	3	38	15	67	67	127	28	85	109	122	52	23	65	41	2	127	8	92	82	93	6	40	112	46	35	96	80	99	64	60	73	116	88	48	42	59	67	104	47	47	60	125
0	0	0	0	0	0	0	0	0	0	0	0	0	0	0	0	0	0	0	0	0	0	0	0	0	0	0	0	0	0	0	0	0	0	0	0	0	0	0	0	0	0	0	42	65	9	69	122	19	128	108	21	92	125	128	71	98	27	119	104	123	120	34	116	34	104	113	84	69	114	98	18	108	119	21	113	7	57	36	86	12	29	128	80	128	80	18	25	113	109	22	38	81	122	24	2	33	28	93	48	96	115	115	13	116	118	65	38	18	91	21	65	91	50	38	111	123	104	75	21	5	81	95	7	57	121	7	56
0	0	0	0	0	0	0	0	0	0	0	0	0	0	0	0	0	0	0	0	0	0	0	0	0	0	0	0	0	0	0	0	0	0	0	0	0	0	0	0	0	0	0	0	37	46	10	46	89	96	33	113	69	112	63	58	125	88	39	12	40	64	70	37	23	114	102	17	35	126	36	94	96	122	18	55	33	108	37	114	113	92	2	33	10	62	81	56	78	18	35	119	75	18	81	81	61	9	82	81	127	79	70	70	57	122	75	4	95	110	105	33	101	106	54	99	114	30	55	115	113	78	35	38	50	124	120	23
0	0	0	0	0	0	0	0	0	0	0	0	0	0	0	0	0	0	0	0	0	0	0	0	0	0	0	0	0	0	0	0	0	0	0	0	0	0	0	0	0	0	0	0	0	79	21	88	63	53	119	9	8	92	68	13	27	65	64	74	72	4	53	109	50	87	66	52	58	43	123	90	49	110	111	120	17	51	89	128	95	5	23	56	46	60	28	4	22	60	96	69	104	79	73	125	63	101	41	113	67	10	126	112	118	93	29	103	12	59	13	106	113	127	82	102	72	109	60	112	22	103	33	117	43	24	124	92
0	0	0	0	0	0	0	0	0	0	0	0	0	0	0	0	0	0	0	0	0	0	0	0	0	0	0	0	0	0	0	0	0	0	0	0	0	0	0	0	0	0	0	0	0	0	34	41	75	3	26	64	69	59	95	10	106	114	126	61	80	94	65	10	37	41	77	110	72	52	114	80	11	113	101	7	13	32	63	42	109	74	93	67	36	8	12	57	89	31	118	48	62	23	48	27	82	68	57	124	127	57	109	90	71	84	101	50	17	55	77	67	10	60	67	111	104	42	40	6	100	32	122	84	75	125	116	49
0	0	0	0	0	0	0	0	0	0	0	0	0	0	0	0	0	0	0	0	0	0	0	0	0	0	0	0	0	0	0	0	0	0	0	0	0	0	0	0	0	0	0	0	0	0	0	44	87	15	21	101	80	76	7	109	81	53	74	83	60	36	97	127	122	106	45	108	52	32	59	57	87	28	66	5	24	50	89	72	28	8	17	110	122	127	106	101	71	37	65	45	101	37	36	114	64	7	22	66	51	66	70	1	33	11	124	11	95	21	75	118	86	93	72	11	51	35	72	70	47	15	119	110	90	66	67	94
0	0	0	0	0	0	0	0	0	0	0	0	0	0	0	0	0	0	0	0	0	0	0	0	0	0	0	0	0	0	0	0	0	0	0	0	0	0	0	0	0	0	0	0	0	0	0	0	66	112	7	98	118	11	66	100	79	91	97	50	62	54	66	86	56	65	99	13	69	54	93	62	33	16	16	78	101	69	84	37	110	8	121	124	1	107	25	2	77	76	122	108	59	16	89	19	60	66	40	115	39	27	62	104	95	77	11	102	65	120	119	128	38	123	44	59	16	11	119	21	7	113	76	46	18	18	124	76
0	0	0	0	0	0	0	0	0	0	0	0	0	0	0	0	0	0	0	0	0	0	0	0	0	0	0	0	0	0	0	0	0	0	0	0	0	0	0	0	0	0	0	0	0	0	0	0	0	73	125	5	39	100	81	50	111	80	53	57	82	107	75	59	2	116	67	69	63	36	68	111	38	113	60	103	50	33	109	69	78	38	82	103	112	52	125	35	122	122	125	112	35	78	16	45	110	125	115	21	43	50	40	128	84	8	16	76	99	81	106	34	93	84	57	59	34	59	60	66	106	128	86	3	96	106	20	73
0	0	0	0	0	0	0	0	0	0	0	0	0	0	0	0	0	0	0	0	0	0	0	0	0	0	0	0	0	0	0	0	0	0	0	0	0	0	0	0	0	0	0	0	0	0	0	0	0	0	72	119	98	90	117	79	89	83	114	115	125	50	71	10	31	31	2	82	51	38	127	69	39	70	67	58	121	19	77	118	57	111	70	30	120	110	122	57	77	120	55	25	127	12	106	36	37	88	125	18	104	71	68	45	12	62	45	97	5	17	117	64	52	114	114	47	2	116	113	79	57	92	4	2	35	117	12	35
0	0	0	0	0	0	0	0	0	0	0	0	0	0	0	0	0	0	0	0	0	0	0	0	0	0	0	0	0	0	0	0	0	0	0	0	0	0	0	0	0	0	0	0	0	0	0	0	0	0	0	56	94	104	111	3	42	65	98	7	3	2	92	118	3	14	46	27	24	91	41	83	46	70	100	39	79	119	52	44	62	34	9	81	78	19	121	106	53	115	71	118	39	40	69	78	53	109	38	112	90	68	27	8	79	25	25	106	98	103	86	21	81	126	79	14	124	35	113	20	47	115	94	9	71	51	49	126
0	0	0	0	0	0	0	0	0	0	0	0	0	0	0	0	0	0	0	0	0	0	0	0	0	0	0	0	0	0	0	0	0	0	0	0	0	0	0	0	0	0	0	0	0	0	0	0	0	0	0	0	117	48	50	124	32	4	107	25	27	28	74	62	36	122	110	65	47	42	102	2	102	83	128	18	66	33	14	76	90	58	24	54	115	18	115	102	2	48	3	13	29	67	83	75	6	53	14	60	53	41	126	88	5	66	70	15	93	44	46	84	92	11	115	109	104	19	38	43	72	39	14	27	109	21	2	83
0	0	0	0	0	0	0	0	0	0	0	0	0	0	0	0	0	0	0	0	0	0	0	0	0	0	0	0	0	0	0	0	0	0	0	0	0	0	0	0	0	0	0	0	0	0	0	0	0	0	0	0	0	69	93	78	10	90	95	12	111	27	93	70	33	100	40	88	47	12	43	114	103	4	101	39	90	36	4	15	124	114	96	18	96	20	112	118	8	43	62	85	99	3	4	14	68	80	23	15	99	9	28	101	61	93	65	15	111	77	55	83	88	21	118	106	34	85	31	1	64	30	112	72	99	74	52	118
0	0	0	0	0	0	0	0	0	0	0	0	0	0	0	0	0	0	0	0	0	0	0	0	0	0	0	0	0	0	0	0	0	0	0	0	0	0	0	0	0	0	0	0	0	0	0	0	0	0	0	0	0	0	32	30	46	85	116	3	17	20	122	75	7	18	31	21	47	14	91	81	68	58	126	112	24	122	93	77	120	1	114	123	93	12	78	99	42	79	116	27	113	63	52	33	114	63	19	128	106	103	112	84	5	57	77	55	77	27	112	112	5	16	114	7	92	75	71	100	38	61	87	117	50	88	99	10
0	0	0	0	0	0	0	0	0	0	0	0	0	0	0	0	0	0	0	0	0	0	0	0	0	0	0	0	0	0	0	0	0	0	0	0	0	0	0	0	0	0	0	0	0	0	0	0	0	0	0	0	0	0	0	24	44	34	69	76	54	96	45	13	14	71	89	78	119	113	49	5	53	114	57	76	14	18	70	111	87	87	54	18	109	119	84	39	85	67	88	105	16	52	48	120	37	112	24	92	70	83	68	60	55	77	36	80	48	123	97	126	18	79	87	68	97	45	77	37	76	75	16	68	113	114	108	103
0	0	0	0	0	0	0	0	0	0	0	0	0	0	0	0	0	0	0	0	0	0	0	0	0	0	0	0	0	0	0	0	0	0	0	0	0	0	0	0	0	0	0	0	0	0	0	0	0	0	0	0	0	0	0	0	122	60	1	45	123	94	73	30	33	87	4	19	36	100	110	39	110	53	63	86	100	50	106	99	69	48	63	40	59	93	90	52	47	41	36	90	92	115	23	42	9	57	78	78	58	2	17	127	8	60	19	104	8	108	37	91	115	56	19	101	20	83	30	109	35	91	81	42	124	27	86	68
0	0	0	0	0	0	0	0	0	0	0	0	0	0	0	0	0	0	0	0	0	0	0	0	0	0	0	0	0	0	0	0	0	0	0	0	0	0	0	0	0	0	0	0	0	0	0	0	0	0	0	0	0	0	0	0	0	100	25	79	92	87	80	23	76	115	126	77	78	78	87	68	69	25	4	111	8	68	70	76	10	84	62	127	97	26	74	93	111	49	107	14	88	122	49	9	81	33	121	52	11	113	66	107	61	59	57	80	73	100	11	33	98	32	99	107	54	6	48	17	90	62	31	20	62	9	104	21
0	0	0	0	0	0	0	0	0	0	0	0	0	0	0	0	0	0	0	0	0	0	0	0	0	0	0	0	0	0	0	0	0	0	0	0	0	0	0	0	0	0	0	0	0	0	0	0	0	0	0	0	0	0	0	0	0	0	12	28	51	108	5	30	57	41	33	28	125	108	110	118	11	54	90	75	52	52	60	89	34	121	67	92	36	28	41	36	85	95	30	52	92	54	84	70	91	24	46	89	40	60	54	124	105	99	128	13	31	54	20	112	7	91	106	58	24	101	56	62	121	107	35	9	80	93	27	75
0	0	0	0	0	0	0	0	0	0	0	0	0	0	0	0	0	0	0	0	0	0	0	0	0	0	0	0	0	0	0	0	0	0	0	0	0	0	0	0	0	0	0	0	0	0	0	0	0	0	0	0	0	0	0	0	0	0	0	64	124	116	93	104	29	127	41	108	127	42	115	120	101	28	19	98	101	80	124	69	33	12	110	116	55	33	62	110	108	98	35	94	82	12	6	120	32	68	46	51	1	127	20	7	115	71	24	49	112	93	103	38	114	48	39	91	86	39	34	100	71	22	62	15	77	12	56	46
0	0	0	0	0	0	0	0	0	0	0	0	0	0	0	0	0	0	0	0	0	0	0	0	0	0	0	0	0	0	0	0	0	0	0	0	0	0	0	0	0	0	0	0	0	0	0	0	0	0	0	0	0	0	0	0	0	0	0	0	11	15	26	17	104	11	54	60	59	3	77	15	15	89	108	53	57	51	21	42	13	43	112	70	21	101	110	13	24	61	18	9	85	26	33	98	26	82	92	84	86	76	2	21	97	97	55	106	37	42	2	108	83	59	85	116	92	60	35	84	95	55	121	30	24	27	100	61
0	0	0	0	0	0	0	0	0	0	0	0	0	0	0	0	0	0	0	0	0	0	0	0	0	0	0	0	0	0	0	0	0	0	0	0	0	0	0	0	0	0	0	0	0	0	0	0	0	0	0	0	0	0	0	0	0	0	0	0	0	18	31	92	77	57	115	104	107	19	105	70	70	116	64	92	118	42	7	64	69	9	44	89	73	49	65	64	35	93	74	128	36	55	14	125	109	111	13	85	113	80	39	27	37	45	64	96	18	125	128	61	115	65	69	16	63	91	17	77	78	92	8	29	122	5	109	12
0	0	0	0	0	0	0	0	0	0	0	0	0	0	0	0	0	0	0	0	0	0	0	0	0	0	0	0	0	0	0	0	0	0	0	0	0	0	0	0	0	0	0	0	0	0	0	0	0	0	0	0	0	0	0	0	0	0	0	0	0	0	8	110	102	85	112	70	20	13	104	93	4	96	50	123	119	81	62	70	23	48	65	23	93	92	45	14	124	23	47	119	6	35	12	88	103	37	58	26	71	63	45	92	124	85	71	41	116	17	59	87	88	115	96	2	39	43	117	25	99	55	105	1	125	120	23	30
0	0	0	0	0	0	0	0	0	0	0	0	0	0	0	0	0	0	0	0	0	0	0	0	0	0	0	0	0	0	0	0	0	0	0	0	0	0	0	0	0	0	0	0	0	0	0	0	0	0	0	0	0	0	0	0	0	0	0	0	0	0	0	9	19	93	114	1	36	121	50	89	76	38	44	1	20	4	95	107	102	114	114	33	37	78	100	33	103	54	105	35	67	82	44	36	123	64	53	37	92	97	69	122	21	118	23	96	123	5	26	82	128	111	94	102	23	19	121	66	47	73	102	75	65	69	50	104
0	0	0	0	0	0	0	0	0	0	0	0	0	0	0	0	0	0	0	0	0	0	0	0	0	0	0	0	0	0	0	0	0	0	0	0	0	0	0	0	0	0	0	0	0	0	0	0	0	0	0	0	0	0	0	0	0	0	0	0	0	0	0	0	54	79	56	87	9	111	9	38	38	24	100	34	110	77	102	123	56	26	118	56	99	48	114	20	119	41	37	31	89	84	106	33	83	27	29	96	67	49	118	86	65	105	100	103	76	19	91	55	90	53	78	77	85	95	45	44	2	15	85	85	35	33	108	98
0	0	0	0	0	0	0	0	0	0	0	0	0	0	0	0	0	0	0	0	0	0	0	0	0	0	0	0	0	0	0	0	0	0	0	0	0	0	0	0	0	0	0	0	0	0	0	0	0	0	0	0	0	0	0	0	0	0	0	0	0	0	0	0	0	55	6	105	23	58	70	61	65	86	104	37	18	97	27	34	68	49	96	56	99	21	96	83	104	15	47	31	33	127	77	127	33	47	4	14	127	27	85	91	65	105	81	78	54	99	70	61	50	43	25	108	58	23	100	123	71	3	75	58	7	48	110	66
0	0	0	0	0	0	0	0	0	0	0	0	0	0	0	0	0	0	0	0	0	0	0	0	0	0	0	0	0	0	0	0	0	0	0	0	0	0	0	0	0	0	0	0	0	0	0	0	0	0	0	0	0	0	0	0	0	0	0	0	0	0	0	0	0	0	39	9	11	8	44	108	100	46	6	114	61	93	121	93	62	79	19	24	88	18	56	77	108	121	128	16	111	54	100	77	56	124	28	99	43	24	78	55	90	61	4	32	66	59	61	84	123	113	14	50	83	63	87	56	102	13	44	36	58	41	112	126
0	0	0	0	0	0	0	0	0	0	0	0	0	0	0	0	0	0	0	0	0	0	0	0	0	0	0	0	0	0	0	0	0	0	0	0	0	0	0	0	0	0	0	0	0	0	0	0	0	0	0	0	0	0	0	0	0	0	0	0	0	0	0	0	0	0	0	89	118	13	116	17	79	119	49	76	26	38	97	86	90	117	102	13	117	4	92	102	97	43	53	31	93	104	95	30	32	14	94	79	7	64	99	116	128	107	20	123	31	107	31	42	1	93	51	50	47	114	20	101	7	68	9	16	91	124	92	34
0	0	0	0	0	0	0	0	0	0	0	0	0	0	0	0	0	0	0	0	0	0	0	0	0	0	0	0	0	0	0	0	0	0	0	0	0	0	0	0	0	0	0	0	0	0	0	0	0	0	0	0	0	0	0	0	0	0	0	0	0	0	0	0	0	0	0	0	74	9	60	25	103	72	26	88	119	24	47	5	76	72	115	94	79	88	8	124	64	96	102	38	124	87	53	4	75	63	4	26	75	83	114	43	26	7	115	109	28	45	98	91	93	127	30	117	15	102	31	80	94	41	65	65	85	35	78	16
0	0	0	0	0	0	0	0	0	0	0	0	0	0	0	0	0	0	0	0	0	0	0	0	0	0	0	0	0	0	0	0	0	0	0	0	0	0	0	0	0	0	0	0	0	0	0	0	0	0	0	0	0	0	0	0	0	0	0	0	0	0	0	0	0	0	0	0	0	121	20	48	99	100	54	38	34	13	45	101	114	20	85	122	97	78	5	55	77	68	41	81	64	84	3	45	18	102	102	56	97	110	34	56	24	49	8	49	104	45	119	123	60	21	74	79	113	60	74	86	62	39	93	94	20	95	77	39
0	0	0	0	0	0	0	0	0	0	0	0	0	0	0	0	0	0	0	0	0	0	0	0	0	0	0	0	0	0	0	0	0	0	0	0	0	0	0	0	0	0	0	0	0	0	0	0	0	0	0	0	0	0	0	0	0	0	0	0	0	0	0	0	0	0	0	0	0	0	72	16	103	7	50	51	2	73	3	119	49	115	48	44	34	126	124	70	65	116	67	7	108	115	54	103	66	44	106	79	112	78	110	16	34	79	120	102	23	55	24	46	111	8	101	34	25	60	51	13	70	15	55	25	111	76	23	90
0	0	0	0	0	0	0	0	0	0	0	0	0	0	0	0	0	0	0	0	0	0	0	0	0	0	0	0	0	0	0	0	0	0	0	0	0	0	0	0	0	0	0	0	0	0	0	0	0	0	0	0	0	0	0	0	0	0	0	0	0	0	0	0	0	0	0	0	0	0	0	18	22	11	116	22	111	79	61	93	76	113	59	97	116	61	26	45	44	117	124	64	117	121	96	12	73	64	52	26	42	32	87	13	94	96	83	103	94	84	97	123	102	34	101	72	1	57	53	47	101	78	67	46	65	91	73	78
0	0	0	0	0	0	0	0	0	0	0	0	0	0	0	0	0	0	0	0	0	0	0	0	0	0	0	0	0	0	0	0	0	0	0	0	0	0	0	0	0	0	0	0	0	0	0	0	0	0	0	0	0	0	0	0	0	0	0	0	0	0	0	0	0	0	0	0	0	0	0	0	41	62	37	14	109	70	89	2	42	80	56	18	6	7	9	56	96	92	48	66	10	1	92	84	29	26	118	28	50	63	3	31	60	68	37	16	32	101	20	9	113	101	7	23	111	7	60	113	98	27	53	126	117	23	26	52
0	0	0	0	0	0	0	0	0	0	0	0	0	0	0	0	0	0	0	0	0	0	0	0	0	0	0	0	0	0	0	0	0	0	0	0	0	0	0	0	0	0	0	0	0	0	0	0	0	0	0	0	0	0	0	0	0	0	0	0	0	0	0	0	0	0	0	0	0	0	0	0	0	22	24	18	114	108	32	34	1	61	29	101	100	40	44	56	41	83	107	11	64	5	19	47	106	124	93	35	65	70	46	120	59	10	102	12	55	113	110	65	93	72	73	42	45	72	57	111	34	78	86	44	114	68	57	16
0	0	0	0	0	0	0	0	0	0	0	0	0	0	0	0	0	0	0	0	0	0	0	0	0	0	0	0	0	0	0	0	0	0	0	0	0	0	0	0	0	0	0	0	0	0	0	0	0	0	0	0	0	0	0	0	0	0	0	0	0	0	0	0	0	0	0	0	0	0	0	0	0	0	13	75	67	116	58	55	66	65	91	70	64	110	23	48	20	39	32	5	17	86	113	76	79	82	111	88	49	56	112	62	3	10	22	41	52	111	93	47	48	10	69	86	61	31	10	36	28	78	118	30	56	31	31	7
0	0	0	0	0	0	0	0	0	0	0	0	0	0	0	0	0	0	0	0	0	0	0	0	0	0	0	0	0	0	0	0	0	0	0	0	0	0	0	0	0	0	0	0	0	0	0	0	0	0	0	0	0	0	0	0	0	0	0	0	0	0	0	0	0	0	0	0	0	0	0	0	0	0	0	5	22	100	59	121	64	118	72	91	27	109	14	96	12	22	45	95	6	51	25	13	110	86	127	76	77	117	55	47	29	65	23	57	101	55	14	60	94	107	30	58	17	11	44	62	11	90	116	121	91	18	66	80
0	0	0	0	0	0	0	0	0	0	0	0	0	0	0	0	0	0	0	0	0	0	0	0	0	0	0	0	0	0	0	0	0	0	0	0	0	0	0	0	0	0	0	0	0	0	0	0	0	0	0	0	0	0	0	0	0	0	0	0	0	0	0	0	0	0	0	0	0	0	0	0	0	0	0	0	2	106	84	121	59	51	75	105	27	84	81	107	80	19	113	81	88	11	3	85	33	96	15	29	74	35	54	114	108	127	28	13	36	117	124	37	93	107	97	109	20	95	31	65	37	80	37	52	85	78	124	14
0	0	0	0	0	0	0	0	0	0	0	0	0	0	0	0	0	0	0	0	0	0	0	0	0	0	0	0	0	0	0	0	0	0	0	0	0	0	0	0	0	0	0	0	0	0	0	0	0	0	0	0	0	0	0	0	0	0	0	0	0	0	0	0	0	0	0	0	0	0	0	0	0	0	0	0	0	113	107	82	54	42	111	124	82	87	85	77	76	84	109	5	123	2	44	105	42	88	33	2	76	112	80	68	98	53	96	6	97	46	39	94	93	20	35	35	85	95	3	15	96	121	27	59	52	2	14	44
0	0	0	0	0	0	0	0	0	0	0	0	0	0	0	0	0	0	0	0	0	0	0	0	0	0	0	0	0	0	0	0	0	0	0	0	0	0	0	0	0	0	0	0	0	0	0	0	0	0	0	0	0	0	0	0	0	0	0	0	0	0	0	0	0	0	0	0	0	0	0	0	0	0	0	0	0	0	61	62	16	54	22	31	31	57	26	44	14	24	28	27	123	10	83	122	128	2	28	76	94	95	52	104	90	64	71	71	123	60	46	56	113	119	99	43	65	65	94	46	90	91	74	51	31	74	108	55
0	0	0	0	0	0	0	0	0	0	0	0	0	0	0	0	0	0	0	0	0	0	0	0	0	0	0	0	0	0	0	0	0	0	0	0	0	0	0	0	0	0	0	0	0	0	0	0	0	0	0	0	0	0	0	0	0	0	0	0	0	0	0	0	0	0	0	0	0	0	0	0	0	0	0	0	0	0	0	56	65	40	92	116	110	13	30	38	59	82	105	14	73	71	102	9	5	93	17	82	124	24	81	96	65	102	15	79	70	31	18	51	36	46	51	66	51	93	16	126	114	126	26	105	128	75	41	122
0	0	0	0	0	0	0	0	0	0	0	0	0	0	0	0	0	0	0	0	0	0	0	0	0	0	0	0	0	0	0	0	0	0	0	0	0	0	0	0	0	0	0	0	0	0	0	0	0	0	0	0	0	0	0	0	0	0	0	0	0	0	0	0	0	0	0	0	0	0	0	0	0	0	0	0	0	0	0	0	14	94	71	38	35	124	98	18	5	114	110	122	91	114	9	7	13	36	87	73	108	85	70	117	111	51	26	100	108	55	127	106	124	101	63	18	3	47	117	73	38	114	44	13	126	113	5	49
0	0	0	0	0	0	0	0	0	0	0	0	0	0	0	0	0	0	0	0	0	0	0	0	0	0	0	0	0	0	0	0	0	0	0	0	0	0	0	0	0	0	0	0	0	0	0	0	0	0	0	0	0	0	0	0	0	0	0	0	0	0	0	0	0	0	0	0	0	0	0	0	0	0	0	0	0	0	0	0	0	104	83	45	5	9	116	110	113	76	9	98	80	45	15	123	75	89	19	92	123	13	36	72	1	120	38	122	81	26	31	80	67	91	66	66	96	34	60	118	63	34	39	123	85	62	20	91
0	0	0	0	0	0	0	0	0	0	0	0	0	0	0	0	0	0	0	0	0	0	0	0	0	0	0	0	0	0	0	0	0	0	0	0	0	0	0	0	0	0	0	0	0	0	0	0	0	0	0	0	0	0	0	0	0	0	0	0	0	0	0	0	0	0	0	0	0	0	0	0	0	0	0	0	0	0	0	0	0	0	51	51	7	39	22	99	102	17	5	98	84	88	69	7	51	51	27	35	36	80	111	128	70	67	113	45	116	21	44	10	108	49	70	17	126	74	44	18	99	92	53	95	37	72	64	55
0	0	0	0	0	0	0	0	0	0	0	0	0	0	0	0	0	0	0	0	0	0	0	0	0	0	0	0	0	0	0	0	0	0	0	0	0	0	0	0	0	0	0	0	0	0	0	0	0	0	0	0	0	0	0	0	0	0	0	0	0	0	0	0	0	0	0	0	0	0	0	0	0	0	0	0	0	0	0	0	0	0	0	35	32	23	86	67	21	101	50	89	58	46	75	84	47	28	118	53	101	117	81	78	44	119	115	71	83	128	106	62	89	85	103	68	48	22	5	73	5	74	68	125	82	56	124	48
0	0	0	0	0	0	0	0	0	0	0	0	0	0	0	0	0	0	0	0	0	0	0	0	0	0	0	0	0	0	0	0	0	0	0	0	0	0	0	0	0	0	0	0	0	0	0	0	0	0	0	0	0	0	0	0	0	0	0	0	0	0	0	0	0	0	0	0	0	0	0	0	0	0	0	0	0	0	0	0	0	0	0	0	6	50	109	2	84	69	61	82	33	1	80	24	107	24	95	64	82	82	105	57	43	109	104	125	57	105	36	44	52	105	114	85	46	106	45	38	46	116	39	94	61	64	58	82
0	0	0	0	0	0	0	0	0	0	0	0	0	0	0	0	0	0	0	0	0	0	0	0	0	0	0	0	0	0	0	0	0	0	0	0	0	0	0	0	0	0	0	0	0	0	0	0	0	0	0	0	0	0	0	0	0	0	0	0	0	0	0	0	0	0	0	0	0	0	0	0	0	0	0	0	0	0	0	0	0	0	0	0	0	98	116	73	46	51	73	32	36	88	59	80	107	96	69	120	24	72	85	113	105	49	68	125	123	67	119	56	32	91	70	37	56	119	36	85	82	14	55	102	68	35	21	106
0	0	0	0	0	0	0	0	0	0	0	0	0	0	0	0	0	0	0	0	0	0	0	0	0	0	0	0	0	0	0	0	0	0	0	0	0	0	0	0	0	0	0	0	0	0	0	0	0	0	0	0	0	0	0	0	0	0	0	0	0	0	0	0	0	0	0	0	0	0	0	0	0	0	0	0	0	0	0	0	0	0	0	0	0	0	62	7	125	77	17	30	77	49	18	59	101	69	14	115	92	91	20	93	121	32	24	41	45	75	107	52	118	16	32	58	54	15	38	60	12	115	81	61	111	64	30	42
0	0	0	0	0	0	0	0	0	0	0	0	0	0	0	0	0	0	0	0	0	0	0	0	0	0	0	0	0	0	0	0	0	0	0	0	0	0	0	0	0	0	0	0	0	0	0	0	0	0	0	0	0	0	0	0	0	0	0	0	0	0	0	0	0	0	0	0	0	0	0	0	0	0	0	0	0	0	0	0	0	0	0	0	0	0	0	3	103	64	128	33	82	117	36	123	89	16	124	9	92	22	95	75	11	109	35	124	98	120	125	10	48	21	31	28	31	5	47	124	74	38	111	6	64	48	63	109
0	0	0	0	0	0	0	0	0	0	0	0	0	0	0	0	0	0	0	0	0	0	0	0	0	0	0	0	0	0	0	0	0	0	0	0	0	0	0	0	0	0	0	0	0	0	0	0	0	0	0	0	0	0	0	0	0	0	0	0	0	0	0	0	0	0	0	0	0	0	0	0	0	0	0	0	0	0	0	0	0	0	0	0	0	0	0	0	84	85	20	108	115	51	70	4	23	63	13	97	61	40	72	19	64	48	33	56	88	43	78	105	121	125	85	99	62	58	110	15	77	120	125	31	112	99	87	120
0	0	0	0	0	0	0	0	0	0	0	0	0	0	0	0	0	0	0	0	0	0	0	0	0	0	0	0	0	0	0	0	0	0	0	0	0	0	0	0	0	0	0	0	0	0	0	0	0	0	0	0	0	0	0	0	0	0	0	0	0	0	0	0	0	0	0	0	0	0	0	0	0	0	0	0	0	0	0	0	0	0	0	0	0	0	0	0	0	63	63	9	38	55	52	81	18	70	91	96	93	25	13	107	88	128	36	86	81	44	107	71	110	71	8	7	52	22	44	81	11	93	125	60	122	74	104	80
0	0	0	0	0	0	0	0	0	0	0	0	0	0	0	0	0	0	0	0	0	0	0	0	0	0	0	0	0	0	0	0	0	0	0	0	0	0	0	0	0	0	0	0	0	0	0	0	0	0	0	0	0	0	0	0	0	0	0	0	0	0	0	0	0	0	0	0	0	0	0	0	0	0	0	0	0	0	0	0	0	0	0	0	0	0	0	0	0	0	49	126	21	64	27	115	71	72	44	26	10	103	53	121	5	103	30	48	119	64	20	83	44	2	15	36	127	34	28	2	81	125	122	73	122	7	13	27
0	0	0	0	0	0	0	0	0	0	0	0	0	0	0	0	0	0	0	0	0	0	0	0	0	0	0	0	0	0	0	0	0	0	0	0	0	0	0	0	0	0	0	0	0	0	0	0	0	0	0	0	0	0	0	0	0	0	0	0	0	0	0	0	0	0	0	0	0	0	0	0	0	0	0	0	0	0	0	0	0	0	0	0	0	0	0	0	0	0	0	128	124	73	70	48	78	98	66	112	72	9	13	111	78	57	11	91	103	108	62	46	125	51	27	67	122	13	6	82	116	74	77	6	74	113	33	126
0	0	0	0	0	0	0	0	0	0	0	0	0	0	0	0	0	0	0	0	0	0	0	0	0	0	0	0	0	0	0	0	0	0	0	0	0	0	0	0	0	0	0	0	0	0	0	0	0	0	0	0	0	0	0	0	0	0	0	0	0	0	0	0	0	0	0	0	0	0	0	0	0	0	0	0	0	0	0	0	0	0	0	0	0	0	0	0	0	0	0	0	4	32	8	27	114	99	27	101	109	89	115	114	126	62	42	28	17	103	53	3	3	92	60	125	90	11	45	51	128	106	13	15	103	50	97	27
0	0	0	0	0	0	0	0	0	0	0	0	0	0	0	0	0	0	0	0	0	0	0	0	0	0	0	0	0	0	0	0	0	0	0	0	0	0	0	0	0	0	0	0	0	0	0	0	0	0	0	0	0	0	0	0	0	0	0	0	0	0	0	0	0	0	0	0	0	0	0	0	0	0	0	0	0	0	0	0	0	0	0	0	0	0	0	0	0	0	0	0	0	39	7	107	102	14	113	5	23	63	92	65	86	51	32	8	125	121	89	68	96	64	118	90	25	82	54	100	32	24	47	4	112	46	53	81
0	0	0	0	0	0	0	0	0	0	0	0	0	0	0	0	0	0	0	0	0	0	0	0	0	0	0	0	0	0	0	0	0	0	0	0	0	0	0	0	0	0	0	0	0	0	0	0	0	0	0	0	0	0	0	0	0	0	0	0	0	0	0	0	0	0	0	0	0	0	0	0	0	0	0	0	0	0	0	0	0	0	0	0	0	0	0	0	0	0	0	0	0	0	83	84	7	98	126	24	24	67	60	57	73	82	33	9	12	7	100	108	125	97	6	23	85	24	34	98	61	17	34	32	10	73	88	60
0	0	0	0	0	0	0	0	0	0	0	0	0	0	0	0	0	0	0	0	0	0	0	0	0	0	0	0	0	0	0	0	0	0	0	0	0	0	0	0	0	0	0	0	0	0	0	0	0	0	0	0	0	0	0	0	0	0	0	0	0	0	0	0	0	0	0	0	0	0	0	0	0	0	0	0	0	0	0	0	0	0	0	0	0	0	0	0	0	0	0	0	0	0	0	22	48	86	43	38	114	15	87	109	59	80	91	68	94	124	123	95	12	41	64	82	103	15	27	26	63	9	126	88	54	29	123	4
0	0	0	0	0	0	0	0	0	0	0	0	0	0	0	0	0	0	0	0	0	0	0	0	0	0	0	0	0	0	0	0	0	0	0	0	0	0	0	0	0	0	0	0	0	0	0	0	0	0	0	0	0	0	0	0	0	0	0	0	0	0	0	0	0	0	0	0	0	0	0	0	0	0	0	0	0	0	0	0	0	0	0	0	0	0	0	0	0	0	0	0	0	0	0	0	34	84	89	75	36	3	59	80	21	62	1	55	118	60	43	125	3	114	120	29	56	113	4	94	40	69	121	69	33	58	18	49
0	0	0	0	0	0	0	0	0	0	0	0	0	0	0	0	0	0	0	0	0	0	0	0	0	0	0	0	0	0	0	0	0	0	0	0	0	0	0	0	0	0	0	0	0	0	0	0	0	0	0	0	0	0	0	0	0	0	0	0	0	0	0	0	0	0	0	0	0	0	0	0	0	0	0	0	0	0	0	0	0	0	0	0	0	0	0	0	0	0	0	0	0	0	0	0	0	51	46	45	17	24	127	11	54	114	98	110	92	106	11	54	67	76	90	110	14	77	38	122	6	34	80	118	120	68	74	121
0	0	0	0	0	0	0	0	0	0	0	0	0	0	0	0	0	0	0	0	0	0	0	0	0	0	0	0	0	0	0	0	0	0	0	0	0	0	0	0	0	0	0	0	0	0	0	0	0	0	0	0	0	0	0	0	0	0	0	0	0	0	0	0	0	0	0	0	0	0	0	0	0	0	0	0	0	0	0	0	0	0	0	0	0	0	0	0	0	0	0	0	0	0	0	0	0	0	99	39	25	46	23	23	30	101	37	114	68	70	75	9	49	23	112	96	61	61	50	109	108	63	52	3	69	119	39	38
0	0	0	0	0	0	0	0	0	0	0	0	0	0	0	0	0	0	0	0	0	0	0	0	0	0	0	0	0	0	0	0	0	0	0	0	0	0	0	0	0	0	0	0	0	0	0	0	0	0	0	0	0	0	0	0	0	0	0	0	0	0	0	0	0	0	0	0	0	0	0	0	0	0	0	0	0	0	0	0	0	0	0	0	0	0	0	0	0	0	0	0	0	0	0	0	0	0	0	45	40	79	111	66	95	25	22	88	73	11	46	35	40	29	109	75	26	30	126	72	99	36	86	122	82	55	79	111
0	0	0	0	0	0	0	0	0	0	0	0	0	0	0	0	0	0	0	0	0	0	0	0	0	0	0	0	0	0	0	0	0	0	0	0	0	0	0	0	0	0	0	0	0	0	0	0	0	0	0	0	0	0	0	0	0	0	0	0	0	0	0	0	0	0	0	0	0	0	0	0	0	0	0	0	0	0	0	0	0	0	0	0	0	0	0	0	0	0	0	0	0	0	0	0	0	0	0	0	105	82	83	50	77	55	56	76	41	89	96	50	52	13	8	62	113	44	65	69	37	26	14	27	22	127	10	100
0	0	0	0	0	0	0	0	0	0	0	0	0	0	0	0	0	0	0	0	0	0	0	0	0	0	0	0	0	0	0	0	0	0	0	0	0	0	0	0	0	0	0	0	0	0	0	0	0	0	0	0	0	0	0	0	0	0	0	0	0	0	0	0	0	0	0	0	0	0	0	0	0	0	0	0	0	0	0	0	0	0	0	0	0	0	0	0	0	0	0	0	0	0	0	0	0	0	0	0	0	39	60	63	106	71	41	46	56	80	69	108	69	54	86	3	119	109	123	65	88	76	52	70	45	16	122	126
0	0	0	0	0	0	0	0	0	0	0	0	0	0	0	0	0	0	0	0	0	0	0	0	0	0	0	0	0	0	0	0	0	0	0	0	0	0	0	0	0	0	0	0	0	0	0	0	0	0	0	0	0	0	0	0	0	0	0	0	0	0	0	0	0	0	0	0	0	0	0	0	0	0	0	0	0	0	0	0	0	0	0	0	0	0	0	0	0	0	0	0	0	0	0	0	0	0	0	0	0	0	100	64	35	89	87	33	64	47	111	124	66	92	31	83	48	70	48	6	95	13	126	91	21	46	80	70
0	0	0	0	0	0	0	0	0	0	0	0	0	0	0	0	0	0	0	0	0	0	0	0	0	0	0	0	0	0	0	0	0	0	0	0	0	0	0	0	0	0	0	0	0	0	0	0	0	0	0	0	0	0	0	0	0	0	0	0	0	0	0	0	0	0	0	0	0	0	0	0	0	0	0	0	0	0	0	0	0	0	0	0	0	0	0	0	0	0	0	0	0	0	0	0	0	0	0	0	0	0	0	1	10	125	72	124	6	45	103	32	50	126	126	53	17	63	47	90	1	65	90	65	121	47	103	33
0	0	0	0	0	0	0	0	0	0	0	0	0	0	0	0	0	0	0	0	0	0	0	0	0	0	0	0	0	0	0	0	0	0	0	0	0	0	0	0	0	0	0	0	0	0	0	0	0	0	0	0	0	0	0	0	0	0	0	0	0	0	0	0	0	0	0	0	0	0	0	0	0	0	0	0	0	0	0	0	0	0	0	0	0	0	0	0	0	0	0	0	0	0	0	0	0	0	0	0	0	0	0	0	84	15	106	48	64	13	96	63	16	97	45	55	19	90	94	24	50	103	60	63	81	128	109	7
0	0	0	0	0	0	0	0	0	0	0	0	0	0	0	0	0	0	0	0	0	0	0	0	0	0	0	0	0	0	0	0	0	0	0	0	0	0	0	0	0	0	0	0	0	0	0	0	0	0	0	0	0	0	0	0	0	0	0	0	0	0	0	0	0	0	0	0	0	0	0	0	0	0	0	0	0	0	0	0	0	0	0	0	0	0	0	0	0	0	0	0	0	0	0	0	0	0	0	0	0	0	0	0	0	60	37	96	106	8	48	114	65	63	72	10	104	38	72	21	117	111	92	26	85	19	45	96
0	0	0	0	0	0	0	0	0	0	0	0	0	0	0	0	0	0	0	0	0	0	0	0	0	0	0	0	0	0	0	0	0	0	0	0	0	0	0	0	0	0	0	0	0	0	0	0	0	0	0	0	0	0	0	0	0	0	0	0	0	0	0	0	0	0	0	0	0	0	0	0	0	0	0	0	0	0	0	0	0	0	0	0	0	0	0	0	0	0	0	0	0	0	0	0	0	0	0	0	0	0	0	0	0	0	106	36	54	76	12	46	116	14	99	18	46	46	83	109	100	41	81	27	22	72	114	3
0	0	0	0	0	0	0	0	0	0	0	0	0	0	0	0	0	0	0	0	0	0	0	0	0	0	0	0	0	0	0	0	0	0	0	0	0	0	0	0	0	0	0	0	0	0	0	0	0	0	0	0	0	0	0	0	0	0	0	0	0	0	0	0	0	0	0	0	0	0	0	0	0	0	0	0	0	0	0	0	0	0	0	0	0	0	0	0	0	0	0	0	0	0	0	0	0	0	0	0	0	0	0	0	0	0	0	16	21	33	94	85	21	89	8	14	1	18	30	127	6	68	92	14	96	49	64	79
0	0	0	0	0	0	0	0	0	0	0	0	0	0	0	0	0	0	0	0	0	0	0	0	0	0	0	0	0	0	0	0	0	0	0	0	0	0	0	0	0	0	0	0	0	0	0	0	0	0	0	0	0	0	0	0	0	0	0	0	0	0	0	0	0	0	0	0	0	0	0	0	0	0	0	0	0	0	0	0	0	0	0	0	0	0	0	0	0	0	0	0	0	0	0	0	0	0	0	0	0	0	0	0	0	0	0	0	124	98	26	84	71	111	60	113	56	76	40	125	24	75	51	110	9	31	41	56
0	0	0	0	0	0	0	0	0	0	0	0	0	0	0	0	0	0	0	0	0	0	0	0	0	0	0	0	0	0	0	0	0	0	0	0	0	0	0	0	0	0	0	0	0	0	0	0	0	0	0	0	0	0	0	0	0	0	0	0	0	0	0	0	0	0	0	0	0	0	0	0	0	0	0	0	0	0	0	0	0	0	0	0	0	0	0	0	0	0	0	0	0	0	0	0	0	0	0	0	0	0	0	0	0	0	0	0	0	105	94	80	94	123	75	100	101	69	7	93	86	114	95	120	84	38	4	1
0	0	0	0	0	0	0	0	0	0	0	0	0	0	0	0	0	0	0	0	0	0	0	0	0	0	0	0	0	0	0	0	0	0	0	0	0	0	0	0	0	0	0	0	0	0	0	0	0	0	0	0	0	0	0	0	0	0	0	0	0	0	0	0	0	0	0	0	0	0	0	0	0	0	0	0	0	0	0	0	0	0	0	0	0	0	0	0	0	0	0	0	0	0	0	0	0	0	0	0	0	0	0	0	0	0	0	0	0	0	70	52	46	35	6	92	1	80	82	7	49	42	64	59	54	80	64	58
0	0	0	0	0	0	0	0	0	0	0	0	0	0	0	0	0	0	0	0	0	0	0	0	0	0	0	0	0	0	0	0	0	0	0	0	0	0	0	0	0	0	0	0	0	0	0	0	0	0	0	0	0	0	0	0	0	0	0	0	0	0	0	0	0	0	0	0	0	0	0	0	0	0	0	0	0	0	0	0	0	0	0	0	0	0	0	0	0	0	0	0	0	0	0	0	0	0	0	0	0	0	0	0	0	0	0	0	0	0	0	37	99	128	37	23	74	43	99	41	35	89	88	3	110	53	3	96
0	0	0	0	0	0	0	0	0	0	0	0	0	0	0	0	0	0	0	0	0	0	0	0	0	0	0	0	0	0	0	0	0	0	0	0	0	0	0	0	0	0	0	0	0	0	0	0	0	0	0	0	0	0	0	0	0	0	0	0	0	0	0	0	0	0	0	0	0	0	0	0	0	0	0	0	0	0	0	0	0	0	0	0	0	0	0	0	0	0	0	0	0	0	0	0	0	0	0	0	0	0	0	0	0	0	0	0	0	0	0	0	78	1	7	111	91	56	19	27	99	84	41	37	54	123	45	58
0	0	0	0	0	0	0	0	0	0	0	0	0	0	0	0	0	0	0	0	0	0	0	0	0	0	0	0	0	0	0	0	0	0	0	0	0	0	0	0	0	0	0	0	0	0	0	0	0	0	0	0	0	0	0	0	0	0	0	0	0	0	0	0	0	0	0	0	0	0	0	0	0	0	0	0	0	0	0	0	0	0	0	0	0	0	0	0	0	0	0	0	0	0	0	0	0	0	0	0	0	0	0	0	0	0	0	0	0	0	0	0	0	40	70	120	85	87	66	45	116	77	3	69	7	92	18	66
0	0	0	0	0	0	0	0	0	0	0	0	0	0	0	0	0	0	0	0	0	0	0	0	0	0	0	0	0	0	0	0	0	0	0	0	0	0	0	0	0	0	0	0	0	0	0	0	0	0	0	0	0	0	0	0	0	0	0	0	0	0	0	0	0	0	0	0	0	0	0	0	0	0	0	0	0	0	0	0	0	0	0	0	0	0	0	0	0	0	0	0	0	0	0	0	0	0	0	0	0	0	0	0	0	0	0	0	0	0	0	0	0	0	1	104	113	32	80	26	22	56	101	17	88	20	43	100
0	0	0	0	0	0	0	0	0	0	0	0	0	0	0	0	0	0	0	0	0	0	0	0	0	0	0	0	0	0	0	0	0	0	0	0	0	0	0	0	0	0	0	0	0	0	0	0	0	0	0	0	0	0	0	0	0	0	0	0	0	0	0	0	0	0	0	0	0	0	0	0	0	0	0	0	0	0	0	0	0	0	0	0	0	0	0	0	0	0	0	0	0	0	0	0	0	0	0	0	0	0	0	0	0	0	0	0	0	0	0	0	0	0	0	98	92	117	100	63	60	114	85	34	30	88	106	68
0	0	0	0	0	0	0	0	0	0	0	0	0	0	0	0	0	0	0	0	0	0	0	0	0	0	0	0	0	0	0	0	0	0	0	0	0	0	0	0	0	0	0	0	0	0	0	0	0	0	0	0	0	0	0	0	0	0	0	0	0	0	0	0	0	0	0	0	0	0	0	0	0	0	0	0	0	0	0	0	0	0	0	0	0	0	0	0	0	0	0	0	0	0	0	0	0	0	0	0	0	0	0	0	0	0	0	0	0	0	0	0	0	0	0	0	9	79	45	44	23	124	24	120	15	75	72	32
0	0	0	0	0	0	0	0	0	0	0	0	0	0	0	0	0	0	0	0	0	0	0	0	0	0	0	0	0	0	0	0	0	0	0	0	0	0	0	0	0	0	0	0	0	0	0	0	0	0	0	0	0	0	0	0	0	0	0	0	0	0	0	0	0	0	0	0	0	0	0	0	0	0	0	0	0	0	0	0	0	0	0	0	0	0	0	0	0	0	0	0	0	0	0	0	0	0	0	0	0	0	0	0	0	0	0	0	0	0	0	0	0	0	0	0	0	20	118	111	18	120	43	24	83	81	42	87
0	0	0	0	0	0	0	0	0	0	0	0	0	0	0	0	0	0	0	0	0	0	0	0	0	0	0	0	0	0	0	0	0	0	0	0	0	0	0	0	0	0	0	0	0	0	0	0	0	0	0	0	0	0	0	0	0	0	0	0	0	0	0	0	0	0	0	0	0	0	0	0	0	0	0	0	0	0	0	0	0	0	0	0	0	0	0	0	0	0	0	0	0	0	0	0	0	0	0	0	0	0	0	0	0	0	0	0	0	0	0	0	0	0	0	0	0	0	34	88	49	35	84	5	99	36	82	23
0	0	0	0	0	0	0	0	0	0	0	0	0	0	0	0	0	0	0	0	0	0	0	0	0	0	0	0	0	0	0	0	0	0	0	0	0	0	0	0	0	0	0	0	0	0	0	0	0	0	0	0	0	0	0	0	0	0	0	0	0	0	0	0	0	0	0	0	0	0	0	0	0	0	0	0	0	0	0	0	0	0	0	0	0	0	0	0	0	0	0	0	0	0	0	0	0	0	0	0	0	0	0	0	0	0	0	0	0	0	0	0	0	0	0	0	0	0	0	62	34	38	99	98	94	6	103	107
0	0	0	0	0	0	0	0	0	0	0	0	0	0	0	0	0	0	0	0	0	0	0	0	0	0	0	0	0	0	0	0	0	0	0	0	0	0	0	0	0	0	0	0	0	0	0	0	0	0	0	0	0	0	0	0	0	0	0	0	0	0	0	0	0	0	0	0	0	0	0	0	0	0	0	0	0	0	0	0	0	0	0	0	0	0	0	0	0	0	0	0	0	0	0	0	0	0	0	0	0	0	0	0	0	0	0	0	0	0	0	0	0	0	0	0	0	0	0	0	5	58	2	87	47	60	44	63
0	0	0	0	0	0	0	0	0	0	0	0	0	0	0	0	0	0	0	0	0	0	0	0	0	0	0	0	0	0	0	0	0	0	0	0	0	0	0	0	0	0	0	0	0	0	0	0	0	0	0	0	0	0	0	0	0	0	0	0	0	0	0	0	0	0	0	0	0	0	0	0	0	0	0	0	0	0	0	0	0	0	0	0	0	0	0	0	0	0	0	0	0	0	0	0	0	0	0	0	0	0	0	0	0	0	0	0	0	0	0	0	0	0	0	0	0	0	0	0	0	38	122	13	5	120	4	40
0	0	0	0	0	0	0	0	0	0	0	0	0	0	0	0	0	0	0	0	0	0	0	0	0	0	0	0	0	0	0	0	0	0	0	0	0	0	0	0	0	0	0	0	0	0	0	0	0	0	0	0	0	0	0	0	0	0	0	0	0	0	0	0	0	0	0	0	0	0	0	0	0	0	0	0	0	0	0	0	0	0	0	0	0	0	0	0	0	0	0	0	0	0	0	0	0	0	0	0	0	0	0	0	0	0	0	0	0	0	0	0	0	0	0	0	0	0	0	0	0	0	61	19	50	69	19	10
0	0	0	0	0	0	0	0	0	0	0	0	0	0	0	0	0	0	0	0	0	0	0	0	0	0	0	0	0	0	0	0	0	0	0	0	0	0	0	0	0	0	0	0	0	0	0	0	0	0	0	0	0	0	0	0	0	0	0	0	0	0	0	0	0	0	0	0	0	0	0	0	0	0	0	0	0	0	0	0	0	0	0	0	0	0	0	0	0	0	0	0	0	0	0	0	0	0	0	0	0	0	0	0	0	0	0	0	0	0	0	0	0	0	0	0	0	0	0	0	0	0	0	9	37	71	71	47
0	0	0	0	0	0	0	0	0	0	0	0	0	0	0	0	0	0	0	0	0	0	0	0	0	0	0	0	0	0	0	0	0	0	0	0	0	0	0	0	0	0	0	0	0	0	0	0	0	0	0	0	0	0	0	0	0	0	0	0	0	0	0	0	0	0	0	0	0	0	0	0	0	0	0	0	0	0	0	0	0	0	0	0	0	0	0	0	0	0	0	0	0	0	0	0	0	0	0	0	0	0	0	0	0	0	0	0	0	0	0	0	0	0	0	0	0	0	0	0	0	0	0	0	48	15	88	28
0	0	0	0	0	0	0	0	0	0	0	0	0	0	0	0	0	0	0	0	0	0	0	0	0	0	0	0	0	0	0	0	0	0	0	0	0	0	0	0	0	0	0	0	0	0	0	0	0	0	0	0	0	0	0	0	0	0	0	0	0	0	0	0	0	0	0	0	0	0	0	0	0	0	0	0	0	0	0	0	0	0	0	0	0	0	0	0	0	0	0	0	0	0	0	0	0	0	0	0	0	0	0	0	0	0	0	0	0	0	0	0	0	0	0	0	0	0	0	0	0	0	0	0	0	50	35	100
0	0	0	0	0	0	0	0	0	0	0	0	0	0	0	0	0	0	0	0	0	0	0	0	0	0	0	0	0	0	0	0	0	0	0	0	0	0	0	0	0	0	0	0	0	0	0	0	0	0	0	0	0	0	0	0	0	0	0	0	0	0	0	0	0	0	0	0	0	0	0	0	0	0	0	0	0	0	0	0	0	0	0	0	0	0	0	0	0	0	0	0	0	0	0	0	0	0	0	0	0	0	0	0	0	0	0	0	0	0	0	0	0	0	0	0	0	0	0	0	0	0	0	0	0	0	71	10
0	0	0	0	0	0	0	0	0	0	0	0	0	0	0	0	0	0	0	0	0	0	0	0	0	0	0	0	0	0	0	0	0	0	0	0	0	0	0	0	0	0	0	0	0	0	0	0	0	0	0	0	0	0	0	0	0	0	0	0	0	0	0	0	0	0	0	0	0	0	0	0	0	0	0	0	0	0	0	0	0	0	0	0	0	0	0	0	0	0	0	0	0	0	0	0	0	0	0	0	0	0	0	0	0	0	0	0	0	0	0	0	0	0	0	0	0	0	0	0	0	0	0	0	0	0	0	102
0	0	0	0	0	0	0	0	0	0	0	0	0	0	0	0	0	0	0	0	0	0	0	0	0	0	0	0	0	0	0	0	0	0	0	0	0	0	0	0	0	0	0	0	0	0	0	0	0	0	0	0	0	0	0	0	0	0	0	0	0	0	0	0	0	0	0	0	0	0	0	0	0	0	0	0	0	0	0	0	0	0	0	0	0	0	0	0	0	0	0	0	0	0	0	0	0	0	0	0	0	0	0	0	0	0	0	0	0	0	0	0	0	0	0	0	0	0	0	0	0	0	0	0	0	0	0	0