0	65	41	19	13	101	84	77	85	103	49	17	127	51	70	108	63	48	32	8	53	121	14	19	38	35	1	41	57	66	86	16	52	79	111	108	118	35	23	44	90	111	48	17	128	54	70	85	67	42	55	122	116	33	22	19	91	91	103	56	85	102	76	100	43	70	122	64	53	127	63	48	44	10	39	11	67	106	37	94	95	35	24	36	109	91	61	21	64	57	19	109	35	99	45	62	95	6	125	56	10	76	39	107	87	76	69	25	26	118	46	5	2	124	98	14	19	106	12	27	34	13	105	45	104	105	82	76
0	0	29	38	65	36	51	75	103	93	62	30	104	126	9	117	115	26	20	29	73	91	78	53	62	44	27	67	55	47	38	77	75	100	11	19	82	9	70	81	85	21	96	80	125	66	25	29	35	16	8	93	12	66	80	13	78	1	90	35	112	32	59	20	103	29	11	56	20	46	22	1	127	13	25	36	114	125	5	106	92	27	98	70	41	34	81	5	40	30	7	121	50	87	38	124	74	116	19	45	117	113	35	91	6	8	31	20	96	54	65	12	79	67	71	77	103	57	27	31	12	44	94	1	93	39	98	81
0	0	0	96	54	125	109	43	80	73	61	82	2	118	52	103	24	93	58	64	37	86	16	25	76	18	34	48	93	101	16	112	89	57	60	14	1	27	31	2	119	46	109	43	127	73	65	42	82	80	81	30	8	127	104	108	59	13	33	92	105	20	103	51	106	36	2	23	64	34	45	88	33	6	127	103	95	67	47	83	94	48	44	112	128	111	16	89	15	109	124	30	20	55	62	72	38	99	74	16	128	68	19	47	41	24	16	123	34	96	60	5	99	14	83	122	11	59	81	117	127	125	78	95	90	114	52	8
0	0	0	0	108	50	62	124	110	62	46	16	50	35	44	90	78	27	64	116	36	82	104	23	61	83	121	54	73	108	19	34	121	13	122	10	28	105	90	65	33	18	86	43	108	83	2	67	76	122	43	89	26	105	73	85	95	52	29	4	79	9	44	94	109	5	25	73	8	4	49	90	14	106	76	119	63	77	122	104	84	71	61	110	93	50	115	112	42	80	70	16	12	110	52	96	78	10	90	73	8	58	33	38	57	96	88	35	65	34	12	101	7	77	47	102	89	65	95	71	50	79	91	108	48	52	51	3
0	0	0	0	0	69	23	27	71	123	104	104	63	90	51	118	31	126	117	96	3	77	108	84	59	12	91	69	45	40	83	87	27	71	98	77	18	122	9	115	35	4	57	80	96	121	21	83	86	81	122	77	22	128	79	65	109	104	94	78	70	87	116	65	99	94	94	70	104	102	32	104	37	55	72	110	104	107	1	13	40	50	94	78	96	55	126	104	25	75	54	21	90	121	119	77	49	24	112	91	121	128	123	45	43	16	9	67	107	78	57	39	53	63	21	49	97	17	39	77	55	112	34	34	113	89	27	34
0	0	0	0	0	0	104	101	119	42	47	99	54	85	27	57	18	43	111	128	34	96	60	60	18	16	59	55	128	90	62	7	34	89	52	74	51	122	126	59	120	9	86	15	74	106	17	54	2	6	94	34	106	81	6	36	60	85	103	95	26	122	17	3	75	25	19	127	57	55	82	42	88	61	36	76	106	76	80	97	53	2	26	12	79	12	60	20	65	86	64	67	59	113	66	19	122	10	45	80	18	112	91	30	18	114	117	84	3	122	49	116	42	68	86	16	105	103	21	53	17	17	112	72	128	15	61	86
0	0	0	0	0	0	0	17	32	75	1	86	26	44	47	126	121	33	42	11	101	65	68	45	121	68	119	19	17	73	107	102	47	70	39	36	72	125	49	83	110	74	20	86	45	110	112	47	18	41	68	122	29	105	92	21	99	89	18	100	83	14	21	99	116	37	101	66	95	53	54	109	43	128	104	89	43	117	119	112	96	84	121	93	60	115	74	30	23	100	35	40	67	43	115	127	104	89	86	9	60	15	5	19	9	50	109	108	23	13	53	27	116	17	121	121	123	74	82	8	22	124	79	39	42	98	70	2
0	0	0	0	0	0	0	0	80	65	101	28	48	118	76	43	79	6	57	12	11	19	57	54	61	46	91	99	32	23	46	71	20	88	31	112	35	77	21	35	107	80	72	121	90	104	113	88	50	83	18	112	96	57	104	96	92	94	44	112	80	7	113	40	83	90	41	77	64	126	35	71	84	47	124	3	12	13	97	59	112	4	118	6	36	104	111	53	28	99	94	3	22	2	86	86	47	8	67	119	76	5	101	2	113	66	93	6	35	74	53	45	84	110	3	13	100	121	19	35	109	63	119	99	66	89	86	90
0	0	0	0	0	0	0	0	0	49	25	68	58	54	57	80	35	19	63	16	102	79	94	65	41	97	31	56	42	44	1	39	18	60	31	7	60	40	77	91	54	63	124	117	127	91	65	119	90	70	57	111	68	73	123	125	109	76	39	23	20	89	114	26	12	17	53	101	121	36	44	56	39	35	122	55	112	62	53	7	65	88	73	73	9	115	70	35	48	113	70	35	71	99	19	114	21	74	32	1	42	15	32	46	44	42	118	126	96	77	123	99	99	24	27	30	20	48	47	82	102	14	29	116	117	3	37	9
0	0	0	0	0	0	0	0	0	0	112	110	87	100	29	20	12	78	89	56	84	14	35	124	127	12	117	62	20	33	102	68	115	28	50	93	128	57	85	75	114	67	106	74	95	100	35	16	2	51	95	28	107	36	124	85	123	112	79	8	125	69	29	101	92	35	61	78	4	61	62	94	14	96	58	57	98	80	18	87	50	99	64	105	6	110	11	27	84	68	44	54	31	6	51	116	113	100	85	94	96	25	115	70	115	19	95	22	70	113	126	8	48	82	105	29	19	99	81	29	123	69	40	16	71	13	56	122
0	0	0	0	0	0	0	0	0	0	0	84	52	56	41	85	106	31	90	119	48	71	2	20	34	127	21	55	5	84	29	74	21	82	47	119	59	96	34	14	106	11	32	62	57	1	128	28	65	68	52	20	82	120	8	30	57	101	60	17	6	1	34	57	63	55	112	14	19	31	39	113	73	74	118	52	94	6	48	46	24	90	7	34	106	109	118	69	30	64	125	79	75	89	87	115	13	3	4	31	29	28	20	74	83	29	46	1	102	47	106	25	101	74	82	96	83	47	28	17	42	80	110	37	29	37	65	18
0	0	0	0	0	0	0	0	0	0	0	0	87	112	54	42	53	95	6	15	15	103	108	96	126	118	21	75	87	35	73	120	121	118	88	102	62	104	113	77	69	49	102	127	105	102	24	9	97	85	22	118	30	9	111	101	39	3	114	52	90	117	65	80	105	120	29	84	124	40	116	94	107	107	2	23	23	46	93	3	36	51	112	104	56	112	38	80	86	83	27	40	99	121	87	46	43	128	101	123	100	106	89	46	108	94	122	103	108	46	16	50	89	11	125	55	49	32	121	98	118	45	76	47	24	68	49	66
0	0	0	0	0	0	0	0	0	0	0	0	0	118	80	72	108	41	84	28	48	105	60	56	15	125	121	56	83	4	104	18	37	14	16	113	49	124	111	48	97	125	115	115	119	4	110	58	91	86	67	104	90	19	60	128	25	86	118	127	3	61	42	48	42	116	46	124	34	52	40	9	79	48	124	10	60	69	22	22	90	108	33	103	29	66	23	118	122	116	95	117	107	109	21	127	7	121	31	47	124	9	20	110	10	50	45	51	92	64	12	111	96	40	72	75	33	31	90	114	70	5	68	1	19	34	82	93
0	0	0	0	0	0	0	0	0	0	0	0	0	0	46	57	86	47	109	45	76	125	128	4	52	35	24	88	4	91	82	17	12	56	103	110	43	117	107	118	25	127	39	106	105	81	27	40	127	123	65	84	94	9	29	127	71	53	36	114	2	12	67	108	73	2	44	59	112	79	123	66	117	110	32	111	34	75	118	99	99	81	104	36	115	31	62	90	85	60	5	108	53	42	68	24	84	74	48	66	1	117	127	112	97	99	51	79	69	19	63	36	63	112	4	30	40	82	50	115	6	91	63	51	27	126	77	88
0	0	0	0	0	0	0	0	0	0	0	0	0	0	0	25	97	78	126	26	54	101	72	125	56	115	58	127	56	27	24	48	95	100	19	74	8	4	25	68	44	68	78	58	61	6	79	121	28	91	127	72	50	75	53	127	90	43	55	74	23	96	63	87	105	37	109	112	17	83	103	105	49	30	92	33	41	103	56	85	5	34	5	76	19	105	24	88	19	64	100	29	23	116	46	66	44	82	31	33	80	77	64	18	81	53	54	101	127	92	69	54	65	2	14	67	57	36	47	3	85	53	123	24	64	97	66	16
0	0	0	0	0	0	0	0	0	0	0	0	0	0	0	0	39	114	43	44	8	27	105	13	85	113	82	125	88	49	114	76	74	12	73	59	76	43	81	128	43	83	24	16	90	14	110	19	84	64	30	108	102	65	114	67	37	91	79	115	12	54	70	108	115	108	64	74	107	14	40	22	55	62	50	34	103	54	25	90	96	10	51	28	5	120	121	2	75	96	8	51	127	88	97	24	48	57	40	54	2	36	23	113	46	58	38	127	55	33	68	69	128	27	48	105	92	96	12	35	23	90	42	3	90	119	56	57
0	0	0	0	0	0	0	0	0	0	0	0	0	0	0	0	0	15	63	93	121	38	26	8	118	13	40	42	33	23	31	14	46	86	64	121	126	72	122	17	105	105	71	97	12	42	117	76	111	9	61	29	73	26	33	66	27	59	9	125	92	102	118	121	8	29	9	66	34	29	18	56	120	18	88	111	78	107	25	45	29	125	32	105	38	88	68	99	38	75	57	118	71	5	47	105	8	24	14	24	31	74	20	17	123	10	57	45	111	126	51	127	118	43	58	113	67	7	93	33	61	66	71	5	29	21	6	78
0	0	0	0	0	0	0	0	0	0	0	0	0	0	0	0	0	0	74	110	28	41	109	26	48	87	2	32	34	77	31	34	34	98	42	99	8	118	67	14	103	31	27	109	45	13	62	44	70	89	4	123	115	92	76	26	102	6	103	49	105	28	14	32	23	31	58	68	117	56	124	24	126	47	6	88	96	120	121	19	35	104	105	20	56	48	3	41	70	22	127	79	50	3	112	41	90	51	56	100	82	47	35	128	125	38	22	72	59	112	51	59	94	75	19	53	40	120	92	27	128	27	18	87	28	13	66	28
0	0	0	0	0	0	0	0	0	0	0	0	0	0	0	0	0	0	0	14	15	87	80	99	112	106	83	88	68	67	33	10	19	91	24	19	107	127	16	44	23	109	47	53	9	94	30	2	88	124	98	39	111	8	40	123	82	54	107	71	78	40	109	109	41	38	14	1	5	106	76	35	54	58	50	106	36	2	103	28	1	78	61	79	95	58	77	79	60	121	20	114	5	54	66	86	38	7	31	81	16	91	106	15	15	52	97	49	33	77	53	106	45	41	61	85	92	27	113	80	90	87	124	27	39	71	26	18
0	0	0	0	0	0	0	0	0	0	0	0	0	0	0	0	0	0	0	0	85	1	100	82	10	68	27	93	52	113	98	121	128	74	41	107	114	95	63	66	68	69	27	82	22	33	43	100	6	68	58	31	7	108	50	98	126	36	122	16	42	25	79	102	30	59	112	111	78	98	10	109	79	9	58	41	6	114	77	38	70	38	18	45	59	59	40	86	24	65	24	105	30	49	29	26	5	126	5	69	34	73	99	76	98	104	8	105	115	79	19	58	107	81	109	39	12	85	112	16	120	116	30	63	24	8	56	40
0	0	0	0	0	0	0	0	0	0	0	0	0	0	0	0	0	0	0	0	0	17	77	25	10	122	20	6	82	105	74	55	7	72	16	111	85	31	115	49	112	56	54	18	92	36	119	29	56	5	118	75	83	113	97	13	82	17	53	74	59	60	101	124	50	106	102	49	50	53	39	97	101	59	18	125	30	70	44	64	71	50	28	5	79	88	11	63	78	68	100	22	3	99	15	25	121	65	9	37	19	107	13	57	6	19	71	120	79	68	68	56	93	54	105	51	14	97	106	22	5	95	78	119	64	24	107	127
0	0	0	0	0	0	0	0	0	0	0	0	0	0	0	0	0	0	0	0	0	0	63	82	40	61	2	116	69	101	48	36	24	105	33	39	83	117	39	113	4	75	92	26	124	25	124	83	59	36	49	50	100	49	104	83	49	46	51	44	83	86	38	46	56	124	30	80	50	91	106	35	61	60	44	90	21	72	22	55	57	111	82	12	125	23	44	126	111	37	19	57	111	30	33	30	47	70	113	13	97	96	116	29	27	120	47	27	32	57	21	9	50	105	61	74	33	77	20	113	116	27	34	48	28	75	55	61
0	0	0	0	0	0	0	0	0	0	0	0	0	0	0	0	0	0	0	0	0	0	0	6	81	49	5	124	47	120	116	73	63	59	107	46	43	38	23	82	12	98	48	110	117	41	7	92	13	33	123	50	91	35	59	48	28	112	113	38	104	115	65	101	78	74	88	75	107	89	59	31	10	76	81	86	41	107	37	47	92	70	7	103	6	89	97	77	122	89	13	27	31	11	73	77	79	29	12	39	55	21	7	64	108	125	83	64	81	45	24	28	3	89	27	104	94	97	6	49	109	48	21	90	115	93	105	47
0	0	0	0	0	0	0	0	0	0	0	0	0	0	0	0	0	0	0	0	0	0	0	0	17	43	82	102	50	15	83	28	90	39	32	28	94	98	21	38	22	107	82	122	53	86	64	60	113	42	55	20	11	29	48	85	92	98	26	123	82	111	49	79	48	20	98	97	3	49	50	65	75	91	53	98	28	124	71	28	78	113	92	28	37	45	98	83	119	60	93	53	54	121	103	14	73	120	17	13	124	78	21	52	25	85	122	116	34	12	79	15	13	42	95	80	9	43	39	1	48	87	45	33	55	18	8	75
0	0	0	0	0	0	0	0	0	0	0	0	0	0	0	0	0	0	0	0	0	0	0	0	0	10	115	123	79	87	59	69	81	116	107	37	71	88	57	33	125	120	116	110	83	37	42	42	7	14	21	91	75	89	18	93	125	22	41	26	94	12	100	122	78	95	82	39	120	12	52	87	124	106	59	2	72	35	91	103	16	74	13	93	48	45	105	66	51	8	19	13	85	33	84	11	38	114	70	15	45	63	71	58	115	101	120	19	21	44	32	38	61	13	91	9	31	31	45	86	108	67	16	55	45	69	8	48
0	0	0	0	0	0	0	0	0	0	0	0	0	0	0	0	0	0	0	0	0	0	0	0	0	0	90	66	70	69	69	48	48	87	91	72	115	12	67	101	94	89	2	118	116	117	114	68	86	25	71	32	4	21	17	20	53	87	18	60	116	87	118	11	9	30	86	14	78	98	122	87	9	101	94	128	73	127	75	20	79	41	119	37	68	9	48	71	88	57	57	42	94	69	118	104	8	48	113	1	116	20	38	85	1	88	29	53	36	52	8	76	53	105	55	51	51	75	128	22	114	28	88	1	1	26	95	111
0	0	0	0	0	0	0	0	0	0	0	0	0	0	0	0	0	0	0	0	0	0	0	0	0	0	0	39	78	90	16	64	36	73	31	46	127	78	97	112	36	118	52	59	98	75	106	35	121	126	118	85	75	59	3	97	92	43	23	26	35	51	17	51	81	2	41	112	86	1	12	48	94	103	69	91	55	41	87	2	20	61	100	68	26	27	12	20	20	2	20	120	92	35	127	94	103	25	108	92	21	57	40	128	87	52	60	102	6	119	56	76	2	55	69	32	74	91	8	41	5	9	48	41	54	17	124	77
0	0	0	0	0	0	0	0	0	0	0	0	0	0	0	0	0	0	0	0	0	0	0	0	0	0	0	0	79	109	73	15	41	14	73	118	100	127	15	122	84	3	51	24	63	101	65	116	10	98	108	72	114	104	8	58	63	12	19	67	11	40	42	27	126	5	59	68	47	71	73	53	85	96	34	118	52	123	94	28	90	57	47	18	36	62	126	18	1	72	10	127	69	64	39	79	46	109	48	12	56	59	25	67	21	128	99	58	62	116	92	81	40	4	107	128	70	117	16	106	75	115	6	103	44	86	126	65
0	0	0	0	0	0	0	0	0	0	0	0	0	0	0	0	0	0	0	0	0	0	0	0	0	0	0	0	0	27	36	34	78	45	22	95	100	119	56	10	70	128	50	62	29	76	19	22	30	6	35	52	94	78	30	61	8	29	32	95	126	52	58	28	41	115	70	53	37	112	28	108	90	114	18	33	105	16	119	21	82	79	17	108	105	90	3	62	31	39	103	100	35	12	74	62	65	93	116	7	30	37	41	126	24	35	106	116	81	9	11	22	77	28	116	67	87	35	13	9	117	80	111	121	121	72	105	14
0	0	0	0	0	0	0	0	0	0	0	0	0	0	0	0	0	0	0	0	0	0	0	0	0	0	0	0	0	0	31	44	62	8	67	65	61	64	125	93	90	91	70	75	65	94	63	36	20	89	10	58	17	125	13	32	64	118	50	120	91	29	118	24	56	35	51	69	72	30	92	127	81	39	110	46	28	115	122	96	68	8	10	52	54	67	1	40	91	117	77	85	21	22	126	128	82	47	34	43	50	106	43	121	88	109	110	23	106	91	60	17	114	2	2	69	40	125	127	105	76	37	45	66	28	89	13	117
0	0	0	0	0	0	0	0	0	0	0	0	0	0	0	0	0	0	0	0	0	0	0	0	0	0	0	0	0	0	0	127	124	128	60	114	9	19	51	89	98	44	104	46	84	94	117	6	53	92	114	76	75	104	81	59	126	85	14	63	52	69	8	3	117	58	19	74	58	53	27	23	115	124	115	32	124	111	88	109	41	113	29	104	15	39	76	84	78	57	28	51	87	98	48	82	104	111	57	32	47	104	4	6	46	44	14	37	28	39	95	86	102	49	90	43	114	27	122	71	47	65	115	42	39	94	60	117
0	0	0	0	0	0	0	0	0	0	0	0	0	0	0	0	0	0	0	0	0	0	0	0	0	0	0	0	0	0	0	0	65	100	58	99	41	39	108	96	94	5	46	79	121	63	77	12	80	78	38	64	11	92	107	10	23	29	41	30	79	10	48	16	34	101	8	89	112	24	73	81	46	99	13	85	6	27	103	11	12	35	58	77	82	109	112	28	114	41	45	30	49	4	37	68	34	124	95	26	121	114	95	113	68	74	19	78	17	21	45	62	55	28	84	124	85	69	109	37	59	122	41	66	5	99	7	91
0	0	0	0	0	0	0	0	0	0	0	0	0	0	0	0	0	0	0	0	0	0	0	0	0	0	0	0	0	0	0	0	0	54	35	56	52	108	54	62	44	35	44	119	6	63	78	93	25	14	17	123	108	15	20	91	107	44	96	24	104	70	98	43	11	117	43	56	89	106	9	108	109	15	31	93	47	125	16	66	114	60	14	98	13	99	104	43	81	123	107	51	122	20	65	7	19	3	84	72	18	48	60	60	61	16	92	18	46	50	37	40	14	97	23	37	7	20	57	71	26	127	100	32	82	44	106	81
0	0	0	0	0	0	0	0	0	0	0	0	0	0	0	0	0	0	0	0	0	0	0	0	0	0	0	0	0	0	0	0	0	0	78	100	4	50	115	102	79	118	128	91	90	21	33	36	90	21	32	81	23	125	2	1	76	105	37	41	122	7	65	59	119	33	62	33	13	122	120	76	24	30	8	4	105	24	70	74	34	42	98	109	79	85	1	126	112	71	98	12	106	37	63	89	33	56	16	83	22	84	103	67	116	27	57	98	28	15	70	123	45	9	4	2	42	107	111	66	100	77	91	81	85	19	66	57
0	0	0	0	0	0	0	0	0	0	0	0	0	0	0	0	0	0	0	0	0	0	0	0	0	0	0	0	0	0	0	0	0	0	0	49	46	125	14	107	65	113	77	86	53	128	55	28	17	90	13	38	80	121	34	71	53	94	126	12	83	101	112	42	73	26	33	12	9	101	42	24	120	1	32	65	106	91	77	106	55	50	97	122	60	71	35	86	83	116	63	34	47	23	50	86	111	91	41	22	114	62	102	104	53	21	43	72	25	112	59	27	93	13	108	28	94	108	64	27	91	128	63	70	61	90	63	70
0	0	0	0	0	0	0	0	0	0	0	0	0	0	0	0	0	0	0	0	0	0	0	0	0	0	0	0	0	0	0	0	0	0	0	0	63	78	76	47	113	15	76	51	35	94	5	100	6	114	9	86	60	121	107	36	128	3	7	115	24	102	56	2	9	24	113	7	111	37	75	39	42	20	82	70	11	72	4	54	16	110	44	100	112	8	14	15	66	57	35	106	110	104	65	37	80	34	10	17	26	56	118	23	56	78	123	11	71	94	32	22	126	95	111	42	103	65	84	80	17	123	28	116	71	109	80	103
0	0	0	0	0	0	0	0	0	0	0	0	0	0	0	0	0	0	0	0	0	0	0	0	0	0	0	0	0	0	0	0	0	0	0	0	0	121	36	75	64	11	93	128	61	64	100	104	53	119	94	65	117	46	94	91	94	22	32	14	77	14	38	64	114	87	105	67	69	98	91	102	70	82	92	76	128	8	112	115	64	9	104	118	94	75	14	40	16	23	44	59	22	11	15	38	113	87	65	10	32	38	105	54	125	81	88	53	13	87	5	90	49	10	117	8	38	75	1	104	25	32	125	33	74	128	112	91
0	0	0	0	0	0	0	0	0	0	0	0	0	0	0	0	0	0	0	0	0	0	0	0	0	0	0	0	0	0	0	0	0	0	0	0	0	0	101	39	52	29	2	33	101	6	111	120	109	80	122	89	124	43	44	43	95	93	22	21	56	116	74	86	109	78	29	1	102	125	113	124	68	21	50	114	17	72	107	87	103	34	30	68	58	120	3	17	100	10	123	103	28	44	6	49	41	61	121	59	105	38	99	94	34	17	4	91	91	116	104	8	23	120	51	55	127	31	12	37	69	71	74	92	78	125	38	89
0	0	0	0	0	0	0	0	0	0	0	0	0	0	0	0	0	0	0	0	0	0	0	0	0	0	0	0	0	0	0	0	0	0	0	0	0	0	0	104	118	24	100	86	128	117	27	98	30	7	42	98	106	58	107	20	87	28	50	88	107	18	11	88	42	121	40	42	71	9	34	59	110	85	23	12	124	20	127	33	21	44	69	24	122	17	71	97	112	29	36	107	56	55	75	72	101	55	11	117	19	54	78	116	126	66	46	9	103	67	56	117	39	31	41	53	37	20	120	39	93	30	86	45	46	116	19	97
0	0	0	0	0	0	0	0	0	0	0	0	0	0	0	0	0	0	0	0	0	0	0	0	0	0	0	0	0	0	0	0	0	0	0	0	0	0	0	0	96	19	84	39	51	115	17	93	94	121	62	108	77	11	114	29	48	29	88	93	68	73	28	1	47	104	33	41	54	66	38	26	106	88	16	95	109	44	36	30	71	86	24	69	112	49	81	41	39	30	92	104	47	45	8	20	56	87	109	86	127	26	113	73	127	40	80	12	122	83	28	20	13	65	28	16	79	65	81	113	89	83	62	4	87	82	46	112
0	0	0	0	0	0	0	0	0	0	0	0	0	0	0	0	0	0	0	0	0	0	0	0	0	0	0	0	0	0	0	0	0	0	0	0	0	0	0	0	0	35	37	29	35	71	103	18	28	18	58	108	14	81	71	73	53	82	56	112	83	99	33	96	79	72	11	19	83	88	22	77	68	108	87	81	14	33	105	3	38	25	62	91	15	83	47	73	45	106	42	104	101	63	101	31	26	44	75	26	83	111	118	44	115	65	103	8	76	93	116	72	95	77	69	65	119	120	10	14	57	108	93	38	36	87	107	65
0	0	0	0	0	0	0	0	0	0	0	0	0	0	0	0	0	0	0	0	0	0	0	0	0	0	0	0	0	0	0	0	0	0	0	0	0	0	0	0	0	0	40	28	117	13	117	87	111	38	16	28	18	124	41	23	29	28	114	50	40	51	30	65	13	35	12	70	58	45	3	39	11	44	83	90	15	79	31	2	75	51	108	6	109	109	97	80	121	54	72	67	4	26	4	39	97	122	12	45	58	119	120	84	7	124	7	3	51	16	118	91	82	8	20	15	42	42	125	84	83	113	112	124	63	110	113	57
0	0	0	0	0	0	0	0	0	0	0	0	0	0	0	0	0	0	0	0	0	0	0	0	0	0	0	0	0	0	0	0	0	0	0	0	0	0	0	0	0	0	0	23	123	102	6	121	27	51	74	84	53	34	56	39	8	69	9	68	44	20	122	46	69	111	66	21	15	45	53	89	116	22	72	121	112	104	66	26	107	16	104	39	22	116	103	102	60	1	54	42	60	39	117	41	74	93	49	37	27	85	9	58	21	58	20	100	43	63	127	50	20	24	4	53	4	87	25	52	99	74	104	58	102	75	72	15
0	0	0	0	0	0	0	0	0	0	0	0	0	0	0	0	0	0	0	0	0	0	0	0	0	0	0	0	0	0	0	0	0	0	0	0	0	0	0	0	0	0	0	0	43	67	5	97	105	87	88	101	64	113	2	51	91	122	72	108	93	18	126	16	89	61	66	18	50	33	122	109	43	87	110	7	108	111	60	40	51	77	87	82	31	102	122	89	63	64	36	103	68	86	73	69	117	95	121	88	30	9	104	102	9	12	32	83	4	6	98	29	62	49	28	49	43	22	33	56	44	73	2	19	61	76	83	61
0	0	0	0	0	0	0	0	0	0	0	0	0	0	0	0	0	0	0	0	0	0	0	0	0	0	0	0	0	0	0	0	0	0	0	0	0	0	0	0	0	0	0	0	0	79	67	89	49	43	120	54	66	42	58	93	56	11	22	30	101	27	119	72	116	125	89	125	85	30	68	47	114	36	59	7	19	94	107	75	120	59	77	55	90	24	72	124	79	63	68	56	3	95	19	64	30	79	74	81	117	64	114	103	9	90	127	34	25	20	91	18	14	72	63	2	10	82	80	119	82	38	58	89	48	108	48	88
0	0	0	0	0	0	0	0	0	0	0	0	0	0	0	0	0	0	0	0	0	0	0	0	0	0	0	0	0	0	0	0	0	0	0	0	0	0	0	0	0	0	0	0	0	0	112	4	88	7	74	87	16	58	88	47	36	60	60	20	58	25	61	108	72	20	21	84	7	86	82	24	62	116	81	63	54	69	112	119	100	117	38	97	102	125	7	64	10	20	122	92	5	19	56	47	70	6	45	109	70	38	115	39	14	13	17	74	97	118	77	46	117	62	128	105	12	126	5	55	81	5	45	72	34	17	82	24
0	0	0	0	0	0	0	0	0	0	0	0	0	0	0	0	0	0	0	0	0	0	0	0	0	0	0	0	0	0	0	0	0	0	0	0	0	0	0	0	0	0	0	0	0	0	0	39	2	79	114	16	11	1	71	111	36	62	74	121	60	75	104	112	9	117	33	56	4	4	70	125	102	9	51	21	73	58	40	69	114	87	82	35	27	42	86	19	12	36	67	49	12	23	94	128	109	52	13	74	43	122	81	127	107	77	122	90	80	73	114	37	74	2	98	85	119	48	55	30	74	47	68	37	101	57	62	54
0	0	0	0	0	0	0	0	0	0	0	0	0	0	0	0	0	0	0	0	0	0	0	0	0	0	0	0	0	0	0	0	0	0	0	0	0	0	0	0	0	0	0	0	0	0	0	0	48	19	80	44	122	99	17	86	121	120	33	36	48	20	71	64	103	21	55	66	72	107	69	9	25	86	80	26	68	26	123	17	68	23	119	73	110	58	96	120	101	90	48	76	96	66	102	45	46	11	83	127	108	75	84	1	98	31	93	128	115	108	11	89	111	37	105	5	45	104	89	114	123	61	77	12	15	120	14	69
0	0	0	0	0	0	0	0	0	0	0	0	0	0	0	0	0	0	0	0	0	0	0	0	0	0	0	0	0	0	0	0	0	0	0	0	0	0	0	0	0	0	0	0	0	0	0	0	0	35	91	52	95	53	79	52	41	56	87	27	12	40	2	30	67	47	48	62	75	60	59	1	16	22	90	61	10	29	41	39	2	51	95	5	28	27	52	100	91	76	39	124	24	105	34	9	111	128	115	18	93	21	51	125	80	120	115	15	117	49	124	16	31	103	126	77	43	87	49	76	79	16	104	68	92	102	43	123
0	0	0	0	0	0	0	0	0	0	0	0	0	0	0	0	0	0	0	0	0	0	0	0	0	0	0	0	0	0	0	0	0	0	0	0	0	0	0	0	0	0	0	0	0	0	0	0	0	0	64	124	73	58	98	64	82	46	125	49	10	18	1	20	11	107	11	8	111	79	96	117	122	91	17	62	28	99	4	49	9	110	100	9	83	17	107	116	85	66	9	20	118	122	113	71	82	45	89	123	71	82	71	7	110	57	73	35	14	49	24	30	1	55	83	47	15	109	21	78	97	13	94	34	105	96	87	105
0	0	0	0	0	0	0	0	0	0	0	0	0	0	0	0	0	0	0	0	0	0	0	0	0	0	0	0	0	0	0	0	0	0	0	0	0	0	0	0	0	0	0	0	0	0	0	0	0	0	0	20	23	79	102	24	104	82	122	110	109	6	85	31	102	116	120	70	98	109	82	16	14	89	101	128	6	73	119	23	12	12	69	127	44	83	80	55	29	79	50	44	12	117	4	112	89	96	110	88	34	68	45	94	102	113	59	40	57	10	119	10	60	61	25	104	33	95	38	75	115	34	69	86	108	48	115	16
0	0	0	0	0	0	0	0	0	0	0	0	0	0	0	0	0	0	0	0	0	0	0	0	0	0	0	0	0	0	0	0	0	0	0	0	0	0	0	0	0	0	0	0	0	0	0	0	0	0	0	0	21	112	61	8	38	8	124	75	119	57	110	13	27	71	80	2	55	14	116	58	124	19	36	65	70	3	93	114	106	64	33	11	71	12	73	72	28	90	124	25	79	48	86	69	61	74	74	42	37	66	118	121	71	47	105	112	71	96	89	41	23	31	89	84	11	59	109	98	57	105	11	24	65	12	3	50
0	0	0	0	0	0	0	0	0	0	0	0	0	0	0	0	0	0	0	0	0	0	0	0	0	0	0	0	0	0	0	0	0	0	0	0	0	0	0	0	0	0	0	0	0	0	0	0	0	0	0	0	0	38	15	3	108	38	33	71	12	33	106	35	108	94	100	30	122	116	114	26	123	21	99	40	100	82	108	67	40	56	49	123	64	93	123	88	31	57	70	51	38	93	86	46	46	68	15	125	85	119	121	5	59	94	60	59	81	26	88	37	31	104	11	68	99	65	78	122	74	110	57	105	22	81	7	31
0	0	0	0	0	0	0	0	0	0	0	0	0	0	0	0	0	0	0	0	0	0	0	0	0	0	0	0	0	0	0	0	0	0	0	0	0	0	0	0	0	0	0	0	0	0	0	0	0	0	0	0	0	0	70	63	40	76	127	30	78	62	82	124	38	9	16	64	78	32	116	15	28	57	32	101	75	127	41	27	93	122	104	43	15	3	104	62	7	62	34	119	110	35	21	75	127	15	92	126	5	94	23	112	91	53	91	60	105	72	44	49	54	17	26	1	78	109	79	100	35	44	85	83	45	40	22	20
0	0	0	0	0	0	0	0	0	0	0	0	0	0	0	0	0	0	0	0	0	0	0	0	0	0	0	0	0	0	0	0	0	0	0	0	0	0	0	0	0	0	0	0	0	0	0	0	0	0	0	0	0	0	0	34	119	127	84	69	60	46	51	26	64	69	53	96	118	45	77	116	122	75	51	42	118	78	28	70	10	47	6	75	95	74	30	99	54	24	116	59	8	120	82	91	114	48	54	116	66	37	25	73	49	68	122	63	46	12	81	84	42	89	78	9	22	118	118	110	18	8	76	103	28	109	25	50
0	0	0	0	0	0	0	0	0	0	0	0	0	0	0	0	0	0	0	0	0	0	0	0	0	0	0	0	0	0	0	0	0	0	0	0	0	0	0	0	0	0	0	0	0	0	0	0	0	0	0	0	0	0	0	0	78	12	113	42	26	59	30	123	1	31	97	50	19	97	49	36	8	9	109	45	106	79	61	38	84	114	88	17	50	2	52	12	38	76	117	98	13	109	35	11	52	29	116	20	73	72	114	69	65	20	112	5	127	60	39	53	10	44	2	123	2	118	106	62	28	58	95	54	51	35	86	20
0	0	0	0	0	0	0	0	0	0	0	0	0	0	0	0	0	0	0	0	0	0	0	0	0	0	0	0	0	0	0	0	0	0	0	0	0	0	0	0	0	0	0	0	0	0	0	0	0	0	0	0	0	0	0	0	0	77	47	76	93	7	92	80	88	77	95	103	44	113	7	11	71	28	31	57	28	22	115	120	81	113	51	63	32	15	59	101	87	19	12	95	60	112	85	3	87	40	79	28	84	70	98	115	40	120	91	83	78	43	57	126	77	14	60	88	57	61	103	49	19	100	10	99	37	54	40	57
0	0	0	0	0	0	0	0	0	0	0	0	0	0	0	0	0	0	0	0	0	0	0	0	0	0	0	0	0	0	0	0	0	0	0	0	0	0	0	0	0	0	0	0	0	0	0	0	0	0	0	0	0	0	0	0	0	0	77	100	108	78	100	60	123	78	4	3	51	56	127	46	86	124	74	4	77	59	3	70	62	122	76	3	20	37	13	28	76	118	99	115	5	119	70	71	12	3	18	114	90	40	91	76	118	127	94	30	42	31	101	89	44	33	106	4	90	45	17	46	6	25	57	55	115	53	7	76
0	0	0	0	0	0	0	0	0	0	0	0	0	0	0	0	0	0	0	0	0	0	0	0	0	0	0	0	0	0	0	0	0	0	0	0	0	0	0	0	0	0	0	0	0	0	0	0	0	0	0	0	0	0	0	0	0	0	0	113	95	112	60	53	118	124	30	49	61	60	112	49	2	40	99	103	102	45	29	77	22	104	109	35	42	32	124	14	117	3	46	37	126	47	58	93	71	40	67	111	113	65	23	93	93	54	84	3	66	64	94	48	123	42	3	50	121	94	28	74	33	113	72	80	61	78	87	36
0	0	0	0	0	0	0	0	0	0	0	0	0	0	0	0	0	0	0	0	0	0	0	0	0	0	0	0	0	0	0	0	0	0	0	0	0	0	0	0	0	0	0	0	0	0	0	0	0	0	0	0	0	0	0	0	0	0	0	0	39	34	86	100	43	119	84	46	60	103	71	72	115	123	122	93	98	93	100	76	71	50	127	56	96	126	52	55	17	76	47	127	109	110	97	107	40	111	26	119	33	31	66	119	106	120	121	73	45	45	32	104	48	92	72	57	56	72	46	88	5	115	34	100	69	85	45	29
0	0	0	0	0	0	0	0	0	0	0	0	0	0	0	0	0	0	0	0	0	0	0	0	0	0	0	0	0	0	0	0	0	0	0	0	0	0	0	0	0	0	0	0	0	0	0	0	0	0	0	0	0	0	0	0	0	0	0	0	0	109	99	118	116	70	30	33	121	67	56	41	126	118	93	12	124	52	41	92	22	52	46	3	19	22	82	18	52	124	30	58	110	128	11	112	126	126	106	115	95	7	117	115	18	104	60	95	41	35	33	15	46	13	97	49	126	124	120	12	55	65	49	80	53	116	91	76
0	0	0	0	0	0	0	0	0	0	0	0	0	0	0	0	0	0	0	0	0	0	0	0	0	0	0	0	0	0	0	0	0	0	0	0	0	0	0	0	0	0	0	0	0	0	0	0	0	0	0	0	0	0	0	0	0	0	0	0	0	0	39	103	95	81	25	81	85	72	2	94	8	64	53	11	23	44	28	37	113	115	128	51	37	100	35	98	25	64	25	103	94	32	50	50	42	90	123	34	119	6	95	39	60	79	106	114	118	76	93	14	21	52	126	39	119	3	111	37	73	25	112	1	98	4	97	13
0	0	0	0	0	0	0	0	0	0	0	0	0	0	0	0	0	0	0	0	0	0	0	0	0	0	0	0	0	0	0	0	0	0	0	0	0	0	0	0	0	0	0	0	0	0	0	0	0	0	0	0	0	0	0	0	0	0	0	0	0	0	0	92	34	103	96	90	38	74	85	54	103	26	47	59	66	101	20	80	5	42	55	31	59	5	125	119	36	111	39	25	28	10	71	33	62	68	20	67	45	114	54	105	44	18	96	44	95	8	66	66	57	99	55	31	12	45	92	120	75	102	1	59	27	52	75	8
0	0	0	0	0	0	0	0	0	0	0	0	0	0	0	0	0	0	0	0	0	0	0	0	0	0	0	0	0	0	0	0	0	0	0	0	0	0	0	0	0	0	0	0	0	0	0	0	0	0	0	0	0	0	0	0	0	0	0	0	0	0	0	0	90	1	71	8	46	12	49	19	114	34	107	91	89	60	89	2	4	126	109	18	73	62	115	20	84	128	38	14	93	25	44	90	15	115	124	26	12	25	68	9	24	2	89	22	122	62	107	91	102	72	1	64	49	70	50	45	57	46	41	64	90	38	128	89
0	0	0	0	0	0	0	0	0	0	0	0	0	0	0	0	0	0	0	0	0	0	0	0	0	0	0	0	0	0	0	0	0	0	0	0	0	0	0	0	0	0	0	0	0	0	0	0	0	0	0	0	0	0	0	0	0	0	0	0	0	0	0	0	0	36	88	14	57	48	53	39	11	9	87	109	115	106	1	39	45	38	61	16	80	103	59	13	102	119	9	17	31	45	106	7	111	18	124	36	38	13	2	88	56	33	3	66	46	21	107	15	15	59	57	64	14	77	106	60	116	82	51	117	79	79	79	109
0	0	0	0	0	0	0	0	0	0	0	0	0	0	0	0	0	0	0	0	0	0	0	0	0	0	0	0	0	0	0	0	0	0	0	0	0	0	0	0	0	0	0	0	0	0	0	0	0	0	0	0	0	0	0	0	0	0	0	0	0	0	0	0	0	0	77	15	96	116	55	2	72	125	116	50	86	120	112	118	25	2	127	109	34	78	121	2	72	77	92	123	77	78	60	38	125	8	69	10	19	72	86	65	28	122	37	15	27	105	53	33	9	25	110	13	80	28	108	43	126	52	90	24	7	42	102	91
0	0	0	0	0	0	0	0	0	0	0	0	0	0	0	0	0	0	0	0	0	0	0	0	0	0	0	0	0	0	0	0	0	0	0	0	0	0	0	0	0	0	0	0	0	0	0	0	0	0	0	0	0	0	0	0	0	0	0	0	0	0	0	0	0	0	0	24	34	125	82	53	4	63	22	106	102	92	13	1	18	113	117	58	3	34	61	88	89	116	67	62	82	86	50	12	5	84	11	55	124	25	19	121	35	18	95	60	114	22	96	72	24	66	99	53	102	110	4	44	50	82	81	87	104	4	99	90
0	0	0	0	0	0	0	0	0	0	0	0	0	0	0	0	0	0	0	0	0	0	0	0	0	0	0	0	0	0	0	0	0	0	0	0	0	0	0	0	0	0	0	0	0	0	0	0	0	0	0	0	0	0	0	0	0	0	0	0	0	0	0	0	0	0	0	0	7	9	104	56	39	2	45	115	97	88	38	115	31	49	31	17	100	20	105	83	2	19	39	35	128	85	1	88	46	60	13	55	53	114	51	102	113	62	6	82	87	5	25	32	55	81	71	79	86	100	28	65	7	21	82	85	85	123	30	54
0	0	0	0	0	0	0	0	0	0	0	0	0	0	0	0	0	0	0	0	0	0	0	0	0	0	0	0	0	0	0	0	0	0	0	0	0	0	0	0	0	0	0	0	0	0	0	0	0	0	0	0	0	0	0	0	0	0	0	0	0	0	0	0	0	0	0	0	0	47	94	56	117	61	81	30	49	23	5	116	4	97	5	83	122	68	64	78	3	84	83	57	33	12	3	81	62	128	89	115	94	25	18	47	123	9	4	47	48	93	2	110	81	8	48	41	87	97	96	109	5	7	92	27	59	68	98	117
0	0	0	0	0	0	0	0	0	0	0	0	0	0	0	0	0	0	0	0	0	0	0	0	0	0	0	0	0	0	0	0	0	0	0	0	0	0	0	0	0	0	0	0	0	0	0	0	0	0	0	0	0	0	0	0	0	0	0	0	0	0	0	0	0	0	0	0	0	0	6	53	116	68	12	123	71	119	15	63	73	74	16	78	103	45	43	110	15	38	59	8	25	85	8	93	108	107	53	85	75	59	13	60	43	108	15	38	93	1	65	9	72	99	122	34	6	117	69	107	22	17	47	45	123	74	88	77
0	0	0	0	0	0	0	0	0	0	0	0	0	0	0	0	0	0	0	0	0	0	0	0	0	0	0	0	0	0	0	0	0	0	0	0	0	0	0	0	0	0	0	0	0	0	0	0	0	0	0	0	0	0	0	0	0	0	0	0	0	0	0	0	0	0	0	0	0	0	0	38	92	48	70	24	13	60	126	95	113	6	20	100	22	77	62	43	97	126	73	70	71	74	108	22	112	107	111	67	126	56	37	69	56	4	119	111	54	37	24	97	102	123	44	72	22	27	91	10	36	15	64	62	113	104	110	124
0	0	0	0	0	0	0	0	0	0	0	0	0	0	0	0	0	0	0	0	0	0	0	0	0	0	0	0	0	0	0	0	0	0	0	0	0	0	0	0	0	0	0	0	0	0	0	0	0	0	0	0	0	0	0	0	0	0	0	0	0	0	0	0	0	0	0	0	0	0	0	0	122	115	37	31	5	83	53	60	23	123	23	39	18	28	122	1	43	14	127	74	103	27	110	15	93	31	105	12	60	55	105	105	120	54	69	72	33	18	11	65	58	97	13	103	121	40	71	70	83	111	56	54	100	47	68	91
0	0	0	0	0	0	0	0	0	0	0	0	0	0	0	0	0	0	0	0	0	0	0	0	0	0	0	0	0	0	0	0	0	0	0	0	0	0	0	0	0	0	0	0	0	0	0	0	0	0	0	0	0	0	0	0	0	0	0	0	0	0	0	0	0	0	0	0	0	0	0	0	0	44	89	73	10	128	40	113	58	41	12	72	116	49	75	124	27	24	77	60	18	5	72	92	43	16	102	95	67	24	86	20	46	106	30	1	28	55	5	57	79	119	107	7	87	2	123	81	74	83	102	31	122	80	36	84
0	0	0	0	0	0	0	0	0	0	0	0	0	0	0	0	0	0	0	0	0	0	0	0	0	0	0	0	0	0	0	0	0	0	0	0	0	0	0	0	0	0	0	0	0	0	0	0	0	0	0	0	0	0	0	0	0	0	0	0	0	0	0	0	0	0	0	0	0	0	0	0	0	0	113	94	65	27	120	120	101	45	78	61	127	128	75	108	39	55	82	101	112	100	30	5	92	19	29	99	120	85	12	27	45	9	89	81	100	90	39	26	25	15	66	92	19	126	84	96	83	101	26	18	89	10	55	19
0	0	0	0	0	0	0	0	0	0	0	0	0	0	0	0	0	0	0	0	0	0	0	0	0	0	0	0	0	0	0	0	0	0	0	0	0	0	0	0	0	0	0	0	0	0	0	0	0	0	0	0	0	0	0	0	0	0	0	0	0	0	0	0	0	0	0	0	0	0	0	0	0	0	0	85	31	85	84	42	53	96	108	41	26	46	14	65	48	68	18	87	17	87	105	106	127	50	111	42	56	66	36	58	42	106	48	26	74	110	26	24	58	78	62	48	79	6	8	94	53	31	26	40	65	67	87	34
0	0	0	0	0	0	0	0	0	0	0	0	0	0	0	0	0	0	0	0	0	0	0	0	0	0	0	0	0	0	0	0	0	0	0	0	0	0	0	0	0	0	0	0	0	0	0	0	0	0	0	0	0	0	0	0	0	0	0	0	0	0	0	0	0	0	0	0	0	0	0	0	0	0	0	0	75	81	116	123	4	114	77	33	110	57	91	43	124	63	43	80	87	116	108	110	3	111	44	104	35	124	52	81	128	49	25	94	94	76	5	65	68	70	78	124	11	26	52	69	26	128	55	24	57	37	95	42
0	0	0	0	0	0	0	0	0	0	0	0	0	0	0	0	0	0	0	0	0	0	0	0	0	0	0	0	0	0	0	0	0	0	0	0	0	0	0	0	0	0	0	0	0	0	0	0	0	0	0	0	0	0	0	0	0	0	0	0	0	0	0	0	0	0	0	0	0	0	0	0	0	0	0	0	0	107	27	96	74	103	63	55	15	7	15	75	22	29	12	9	31	61	119	118	87	48	9	94	93	13	80	70	17	38	70	128	9	120	13	125	20	51	76	21	79	73	90	96	2	85	79	66	17	1	118	124
0	0	0	0	0	0	0	0	0	0	0	0	0	0	0	0	0	0	0	0	0	0	0	0	0	0	0	0	0	0	0	0	0	0	0	0	0	0	0	0	0	0	0	0	0	0	0	0	0	0	0	0	0	0	0	0	0	0	0	0	0	0	0	0	0	0	0	0	0	0	0	0	0	0	0	0	0	0	6	119	94	48	84	61	28	70	69	92	93	119	107	90	50	57	76	65	6	32	75	55	13	46	55	1	42	44	69	64	37	80	126	100	12	1	26	27	115	38	29	86	31	69	33	31	25	85	57	67
0	0	0	0	0	0	0	0	0	0	0	0	0	0	0	0	0	0	0	0	0	0	0	0	0	0	0	0	0	0	0	0	0	0	0	0	0	0	0	0	0	0	0	0	0	0	0	0	0	0	0	0	0	0	0	0	0	0	0	0	0	0	0	0	0	0	0	0	0	0	0	0	0	0	0	0	0	0	0	21	25	54	21	9	77	110	66	56	15	96	96	121	110	79	83	119	64	8	100	100	128	65	96	42	122	87	96	62	46	42	76	37	89	37	47	80	36	68	102	79	60	5	119	50	121	3	18	46
0	0	0	0	0	0	0	0	0	0	0	0	0	0	0	0	0	0	0	0	0	0	0	0	0	0	0	0	0	0	0	0	0	0	0	0	0	0	0	0	0	0	0	0	0	0	0	0	0	0	0	0	0	0	0	0	0	0	0	0	0	0	0	0	0	0	0	0	0	0	0	0	0	0	0	0	0	0	0	0	59	93	124	40	6	109	121	49	62	20	29	124	13	102	62	8	91	1	7	77	18	27	68	27	14	73	76	123	29	53	40	77	81	96	28	39	20	118	40	27	119	67	11	59	36	46	38	37
0	0	0	0	0	0	0	0	0	0	0	0	0	0	0	0	0	0	0	0	0	0	0	0	0	0	0	0	0	0	0	0	0	0	0	0	0	0	0	0	0	0	0	0	0	0	0	0	0	0	0	0	0	0	0	0	0	0	0	0	0	0	0	0	0	0	0	0	0	0	0	0	0	0	0	0	0	0	0	0	0	90	50	3	2	54	106	39	105	102	55	10	77	50	128	21	59	125	84	82	22	79	126	20	77	12	75	45	81	90	71	75	58	123	86	59	38	71	73	9	103	108	92	35	17	120	46	10
0	0	0	0	0	0	0	0	0	0	0	0	0	0	0	0	0	0	0	0	0	0	0	0	0	0	0	0	0	0	0	0	0	0	0	0	0	0	0	0	0	0	0	0	0	0	0	0	0	0	0	0	0	0	0	0	0	0	0	0	0	0	0	0	0	0	0	0	0	0	0	0	0	0	0	0	0	0	0	0	0	0	80	15	113	23	23	39	67	86	49	108	76	116	103	25	65	125	94	116	120	15	126	54	1	44	15	63	6	90	11	51	1	19	96	92	126	114	119	96	78	62	26	72	109	15	118	37
0	0	0	0	0	0	0	0	0	0	0	0	0	0	0	0	0	0	0	0	0	0	0	0	0	0	0	0	0	0	0	0	0	0	0	0	0	0	0	0	0	0	0	0	0	0	0	0	0	0	0	0	0	0	0	0	0	0	0	0	0	0	0	0	0	0	0	0	0	0	0	0	0	0	0	0	0	0	0	0	0	0	0	121	58	126	93	51	125	18	99	119	113	50	87	7	97	118	5	101	80	124	45	23	119	26	5	81	93	28	12	66	51	91	58	32	65	71	26	112	73	103	109	108	122	80	95	80
0	0	0	0	0	0	0	0	0	0	0	0	0	0	0	0	0	0	0	0	0	0	0	0	0	0	0	0	0	0	0	0	0	0	0	0	0	0	0	0	0	0	0	0	0	0	0	0	0	0	0	0	0	0	0	0	0	0	0	0	0	0	0	0	0	0	0	0	0	0	0	0	0	0	0	0	0	0	0	0	0	0	0	0	92	53	33	27	31	93	122	25	4	79	61	100	112	33	22	2	111	63	87	113	4	113	83	68	39	32	19	113	48	106	18	128	109	55	101	83	25	75	41	7	17	100	40	67
0	0	0	0	0	0	0	0	0	0	0	0	0	0	0	0	0	0	0	0	0	0	0	0	0	0	0	0	0	0	0	0	0	0	0	0	0	0	0	0	0	0	0	0	0	0	0	0	0	0	0	0	0	0	0	0	0	0	0	0	0	0	0	0	0	0	0	0	0	0	0	0	0	0	0	0	0	0	0	0	0	0	0	0	0	55	94	120	88	21	67	35	94	123	94	29	6	27	33	94	11	83	76	105	82	96	33	122	42	29	75	72	119	51	66	105	118	95	78	121	94	121	107	98	69	127	8	62
0	0	0	0	0	0	0	0	0	0	0	0	0	0	0	0	0	0	0	0	0	0	0	0	0	0	0	0	0	0	0	0	0	0	0	0	0	0	0	0	0	0	0	0	0	0	0	0	0	0	0	0	0	0	0	0	0	0	0	0	0	0	0	0	0	0	0	0	0	0	0	0	0	0	0	0	0	0	0	0	0	0	0	0	0	0	3	86	13	27	64	10	51	124	21	127	2	74	111	26	110	48	10	18	34	13	47	101	87	106	63	55	93	20	32	38	110	106	117	7	126	108	125	17	83	47	16	43
0	0	0	0	0	0	0	0	0	0	0	0	0	0	0	0	0	0	0	0	0	0	0	0	0	0	0	0	0	0	0	0	0	0	0	0	0	0	0	0	0	0	0	0	0	0	0	0	0	0	0	0	0	0	0	0	0	0	0	0	0	0	0	0	0	0	0	0	0	0	0	0	0	0	0	0	0	0	0	0	0	0	0	0	0	0	0	24	119	90	2	118	110	68	69	5	109	111	84	120	61	14	81	78	63	109	48	1	36	31	18	13	127	124	83	105	61	84	52	70	61	103	24	119	39	66	21	103
0	0	0	0	0	0	0	0	0	0	0	0	0	0	0	0	0	0	0	0	0	0	0	0	0	0	0	0	0	0	0	0	0	0	0	0	0	0	0	0	0	0	0	0	0	0	0	0	0	0	0	0	0	0	0	0	0	0	0	0	0	0	0	0	0	0	0	0	0	0	0	0	0	0	0	0	0	0	0	0	0	0	0	0	0	0	0	0	57	25	126	109	74	25	13	50	2	67	33	49	37	43	68	38	8	22	35	10	116	84	90	113	103	57	126	100	124	62	26	116	119	69	92	102	36	117	19	68
0	0	0	0	0	0	0	0	0	0	0	0	0	0	0	0	0	0	0	0	0	0	0	0	0	0	0	0	0	0	0	0	0	0	0	0	0	0	0	0	0	0	0	0	0	0	0	0	0	0	0	0	0	0	0	0	0	0	0	0	0	0	0	0	0	0	0	0	0	0	0	0	0	0	0	0	0	0	0	0	0	0	0	0	0	0	0	0	0	28	121	93	85	100	124	64	102	102	23	85	2	113	21	58	4	125	71	42	71	86	55	101	32	93	33	52	85	82	53	18	23	34	19	28	39	93	121	78
0	0	0	0	0	0	0	0	0	0	0	0	0	0	0	0	0	0	0	0	0	0	0	0	0	0	0	0	0	0	0	0	0	0	0	0	0	0	0	0	0	0	0	0	0	0	0	0	0	0	0	0	0	0	0	0	0	0	0	0	0	0	0	0	0	0	0	0	0	0	0	0	0	0	0	0	0	0	0	0	0	0	0	0	0	0	0	0	0	0	104	108	101	108	26	44	3	116	90	94	116	25	104	53	26	70	45	102	23	10	71	88	42	99	11	14	50	14	76	92	115	60	79	118	116	84	4	104
0	0	0	0	0	0	0	0	0	0	0	0	0	0	0	0	0	0	0	0	0	0	0	0	0	0	0	0	0	0	0	0	0	0	0	0	0	0	0	0	0	0	0	0	0	0	0	0	0	0	0	0	0	0	0	0	0	0	0	0	0	0	0	0	0	0	0	0	0	0	0	0	0	0	0	0	0	0	0	0	0	0	0	0	0	0	0	0	0	0	0	52	19	113	33	100	122	74	40	110	122	28	73	119	61	80	71	78	10	10	20	78	110	107	40	38	2	107	26	87	64	69	12	11	76	65	30	110
0	0	0	0	0	0	0	0	0	0	0	0	0	0	0	0	0	0	0	0	0	0	0	0	0	0	0	0	0	0	0	0	0	0	0	0	0	0	0	0	0	0	0	0	0	0	0	0	0	0	0	0	0	0	0	0	0	0	0	0	0	0	0	0	0	0	0	0	0	0	0	0	0	0	0	0	0	0	0	0	0	0	0	0	0	0	0	0	0	0	0	0	63	106	53	53	77	10	14	48	52	77	114	111	15	91	51	51	30	82	52	65	48	82	56	83	39	23	88	67	128	48	40	43	16	72	68	106
0	0	0	0	0	0	0	0	0	0	0	0	0	0	0	0	0	0	0	0	0	0	0	0	0	0	0	0	0	0	0	0	0	0	0	0	0	0	0	0	0	0	0	0	0	0	0	0	0	0	0	0	0	0	0	0	0	0	0	0	0	0	0	0	0	0	0	0	0	0	0	0	0	0	0	0	0	0	0	0	0	0	0	0	0	0	0	0	0	0	0	0	0	106	65	83	109	95	71	126	93	94	23	86	46	107	13	95	82	84	64	124	115	83	81	1	126	31	60	62	86	116	14	77	34	29	105	120
0	0	0	0	0	0	0	0	0	0	0	0	0	0	0	0	0	0	0	0	0	0	0	0	0	0	0	0	0	0	0	0	0	0	0	0	0	0	0	0	0	0	0	0	0	0	0	0	0	0	0	0	0	0	0	0	0	0	0	0	0	0	0	0	0	0	0	0	0	0	0	0	0	0	0	0	0	0	0	0	0	0	0	0	0	0	0	0	0	0	0	0	0	0	111	67	80	78	29	64	41	120	29	71	41	18	58	16	82	124	16	8	88	108	33	93	101	55	99	98	106	33	2	62	113	24	12	95
0	0	0	0	0	0	0	0	0	0	0	0	0	0	0	0	0	0	0	0	0	0	0	0	0	0	0	0	0	0	0	0	0	0	0	0	0	0	0	0	0	0	0	0	0	0	0	0	0	0	0	0	0	0	0	0	0	0	0	0	0	0	0	0	0	0	0	0	0	0	0	0	0	0	0	0	0	0	0	0	0	0	0	0	0	0	0	0	0	0	0	0	0	0	0	111	95	108	38	3	110	84	124	88	4	57	33	23	108	49	91	109	10	49	46	68	21	16	16	14	39	27	43	66	30	117	18	47
0	0	0	0	0	0	0	0	0	0	0	0	0	0	0	0	0	0	0	0	0	0	0	0	0	0	0	0	0	0	0	0	0	0	0	0	0	0	0	0	0	0	0	0	0	0	0	0	0	0	0	0	0	0	0	0	0	0	0	0	0	0	0	0	0	0	0	0	0	0	0	0	0	0	0	0	0	0	0	0	0	0	0	0	0	0	0	0	0	0	0	0	0	0	0	0	85	117	91	29	77	16	121	33	63	65	15	24	106	113	123	56	122	72	81	45	117	110	6	73	49	29	2	115	18	120	38	104
0	0	0	0	0	0	0	0	0	0	0	0	0	0	0	0	0	0	0	0	0	0	0	0	0	0	0	0	0	0	0	0	0	0	0	0	0	0	0	0	0	0	0	0	0	0	0	0	0	0	0	0	0	0	0	0	0	0	0	0	0	0	0	0	0	0	0	0	0	0	0	0	0	0	0	0	0	0	0	0	0	0	0	0	0	0	0	0	0	0	0	0	0	0	0	0	0	66	42	20	105	34	95	23	112	72	23	42	30	30	51	51	96	51	109	20	20	64	46	114	91	104	11	81	80	17	51	65
0	0	0	0	0	0	0	0	0	0	0	0	0	0	0	0	0	0	0	0	0	0	0	0	0	0	0	0	0	0	0	0	0	0	0	0	0	0	0	0	0	0	0	0	0	0	0	0	0	0	0	0	0	0	0	0	0	0	0	0	0	0	0	0	0	0	0	0	0	0	0	0	0	0	0	0	0	0	0	0	0	0	0	0	0	0	0	0	0	0	0	0	0	0	0	0	0	0	8	49	78	36	99	125	54	81	115	119	91	63	8	34	16	86	10	85	41	38	92	16	84	69	8	120	87	49	102	26
0	0	0	0	0	0	0	0	0	0	0	0	0	0	0	0	0	0	0	0	0	0	0	0	0	0	0	0	0	0	0	0	0	0	0	0	0	0	0	0	0	0	0	0	0	0	0	0	0	0	0	0	0	0	0	0	0	0	0	0	0	0	0	0	0	0	0	0	0	0	0	0	0	0	0	0	0	0	0	0	0	0	0	0	0	0	0	0	0	0	0	0	0	0	0	0	0	0	0	57	33	64	73	75	74	40	31	120	57	50	26	69	29	84	48	2	87	82	99	124	78	61	46	121	31	126	45	47
0	0	0	0	0	0	0	0	0	0	0	0	0	0	0	0	0	0	0	0	0	0	0	0	0	0	0	0	0	0	0	0	0	0	0	0	0	0	0	0	0	0	0	0	0	0	0	0	0	0	0	0	0	0	0	0	0	0	0	0	0	0	0	0	0	0	0	0	0	0	0	0	0	0	0	0	0	0	0	0	0	0	0	0	0	0	0	0	0	0	0	0	0	0	0	0	0	0	0	0	80	72	78	36	64	53	69	111	35	58	11	46	6	14	90	85	75	113	80	82	56	13	63	18	100	22	110	79
0	0	0	0	0	0	0	0	0	0	0	0	0	0	0	0	0	0	0	0	0	0	0	0	0	0	0	0	0	0	0	0	0	0	0	0	0	0	0	0	0	0	0	0	0	0	0	0	0	0	0	0	0	0	0	0	0	0	0	0	0	0	0	0	0	0	0	0	0	0	0	0	0	0	0	0	0	0	0	0	0	0	0	0	0	0	0	0	0	0	0	0	0	0	0	0	0	0	0	0	0	59	75	106	117	45	121	62	39	123	7	43	74	122	119	96	108	83	35	115	34	48	103	80	76	57	88	75
0	0	0	0	0	0	0	0	0	0	0	0	0	0	0	0	0	0	0	0	0	0	0	0	0	0	0	0	0	0	0	0	0	0	0	0	0	0	0	0	0	0	0	0	0	0	0	0	0	0	0	0	0	0	0	0	0	0	0	0	0	0	0	0	0	0	0	0	0	0	0	0	0	0	0	0	0	0	0	0	0	0	0	0	0	0	0	0	0	0	0	0	0	0	0	0	0	0	0	0	0	0	76	43	39	56	109	101	14	23	115	82	82	104	37	27	33	106	104	43	47	124	20	30	66	90	96	70
0	0	0	0	0	0	0	0	0	0	0	0	0	0	0	0	0	0	0	0	0	0	0	0	0	0	0	0	0	0	0	0	0	0	0	0	0	0	0	0	0	0	0	0	0	0	0	0	0	0	0	0	0	0	0	0	0	0	0	0	0	0	0	0	0	0	0	0	0	0	0	0	0	0	0	0	0	0	0	0	0	0	0	0	0	0	0	0	0	0	0	0	0	0	0	0	0	0	0	0	0	0	0	61	40	103	87	109	76	27	124	122	48	50	108	49	24	105	26	13	119	124	21	74	121	33	30	127
0	0	0	0	0	0	0	0	0	0	0	0	0	0	0	0	0	0	0	0	0	0	0	0	0	0	0	0	0	0	0	0	0	0	0	0	0	0	0	0	0	0	0	0	0	0	0	0	0	0	0	0	0	0	0	0	0	0	0	0	0	0	0	0	0	0	0	0	0	0	0	0	0	0	0	0	0	0	0	0	0	0	0	0	0	0	0	0	0	0	0	0	0	0	0	0	0	0	0	0	0	0	0	0	76	23	66	18	102	50	44	40	96	128	94	18	35	105	50	37	79	53	85	15	52	38	41	104
0	0	0	0	0	0	0	0	0	0	0	0	0	0	0	0	0	0	0	0	0	0	0	0	0	0	0	0	0	0	0	0	0	0	0	0	0	0	0	0	0	0	0	0	0	0	0	0	0	0	0	0	0	0	0	0	0	0	0	0	0	0	0	0	0	0	0	0	0	0	0	0	0	0	0	0	0	0	0	0	0	0	0	0	0	0	0	0	0	0	0	0	0	0	0	0	0	0	0	0	0	0	0	0	0	74	20	78	46	91	126	19	91	17	64	77	35	45	57	46	23	63	38	94	14	58	55	128
0	0	0	0	0	0	0	0	0	0	0	0	0	0	0	0	0	0	0	0	0	0	0	0	0	0	0	0	0	0	0	0	0	0	0	0	0	0	0	0	0	0	0	0	0	0	0	0	0	0	0	0	0	0	0	0	0	0	0	0	0	0	0	0	0	0	0	0	0	0	0	0	0	0	0	0	0	0	0	0	0	0	0	0	0	0	0	0	0	0	0	0	0	0	0	0	0	0	0	0	0	0	0	0	0	0	106	109	25	53	57	66	77	22	34	95	114	120	87	48	91	22	113	58	46	52	11	15
0	0	0	0	0	0	0	0	0	0	0	0	0	0	0	0	0	0	0	0	0	0	0	0	0	0	0	0	0	0	0	0	0	0	0	0	0	0	0	0	0	0	0	0	0	0	0	0	0	0	0	0	0	0	0	0	0	0	0	0	0	0	0	0	0	0	0	0	0	0	0	0	0	0	0	0	0	0	0	0	0	0	0	0	0	0	0	0	0	0	0	0	0	0	0	0	0	0	0	0	0	0	0	0	0	0	0	100	59	67	59	60	8	82	46	26	97	103	35	47	10	22	92	24	37	40	36	100
0	0	0	0	0	0	0	0	0	0	0	0	0	0	0	0	0	0	0	0	0	0	0	0	0	0	0	0	0	0	0	0	0	0	0	0	0	0	0	0	0	0	0	0	0	0	0	0	0	0	0	0	0	0	0	0	0	0	0	0	0	0	0	0	0	0	0	0	0	0	0	0	0	0	0	0	0	0	0	0	0	0	0	0	0	0	0	0	0	0	0	0	0	0	0	0	0	0	0	0	0	0	0	0	0	0	0	0	57	42	29	99	67	52	2	75	98	115	31	76	65	42	66	100	70	21	12	73
0	0	0	0	0	0	0	0	0	0	0	0	0	0	0	0	0	0	0	0	0	0	0	0	0	0	0	0	0	0	0	0	0	0	0	0	0	0	0	0	0	0	0	0	0	0	0	0	0	0	0	0	0	0	0	0	0	0	0	0	0	0	0	0	0	0	0	0	0	0	0	0	0	0	0	0	0	0	0	0	0	0	0	0	0	0	0	0	0	0	0	0	0	0	0	0	0	0	0	0	0	0	0	0	0	0	0	0	0	120	111	124	3	95	66	19	51	58	104	54	92	92	86	91	72	17	26	63
0	0	0	0	0	0	0	0	0	0	0	0	0	0	0	0	0	0	0	0	0	0	0	0	0	0	0	0	0	0	0	0	0	0	0	0	0	0	0	0	0	0	0	0	0	0	0	0	0	0	0	0	0	0	0	0	0	0	0	0	0	0	0	0	0	0	0	0	0	0	0	0	0	0	0	0	0	0	0	0	0	0	0	0	0	0	0	0	0	0	0	0	0	0	0	0	0	0	0	0	0	0	0	0	0	0	0	0	0	0	21	20	86	82	39	98	76	100	56	112	25	58	45	61	96	102	122	93
0	0	0	0	0	0	0	0	0	0	0	0	0	0	0	0	0	0	0	0	0	0	0	0	0	0	0	0	0	0	0	0	0	0	0	0	0	0	0	0	0	0	0	0	0	0	0	0	0	0	0	0	0	0	0	0	0	0	0	0	0	0	0	0	0	0	0	0	0	0	0	0	0	0	0	0	0	0	0	0	0	0	0	0	0	0	0	0	0	0	0	0	0	0	0	0	0	0	0	0	0	0	0	0	0	0	0	0	0	0	0	60	91	63	83	13	112	6	1	120	22	127	98	104	116	5	50	121
0	0	0	0	0	0	0	0	0	0	0	0	0	0	0	0	0	0	0	0	0	0	0	0	0	0	0	0	0	0	0	0	0	0	0	0	0	0	0	0	0	0	0	0	0	0	0	0	0	0	0	0	0	0	0	0	0	0	0	0	0	0	0	0	0	0	0	0	0	0	0	0	0	0	0	0	0	0	0	0	0	0	0	0	0	0	0	0	0	0	0	0	0	0	0	0	0	0	0	0	0	0	0	0	0	0	0	0	0	0	0	0	122	48	84	109	45	7	114	18	34	103	119	69	33	89	47	76
0	0	0	0	0	0	0	0	0	0	0	0	0	0	0	0	0	0	0	0	0	0	0	0	0	0	0	0	0	0	0	0	0	0	0	0	0	0	0	0	0	0	0	0	0	0	0	0	0	0	0	0	0	0	0	0	0	0	0	0	0	0	0	0	0	0	0	0	0	0	0	0	0	0	0	0	0	0	0	0	0	0	0	0	0	0	0	0	0	0	0	0	0	0	0	0	0	0	0	0	0	0	0	0	0	0	0	0	0	0	0	0	0	65	93	37	107	71	81	27	68	25	88	36	72	79	73	117
0	0	0	0	0	0	0	0	0	0	0	0	0	0	0	0	0	0	0	0	0	0	0	0	0	0	0	0	0	0	0	0	0	0	0	0	0	0	0	0	0	0	0	0	0	0	0	0	0	0	0	0	0	0	0	0	0	0	0	0	0	0	0	0	0	0	0	0	0	0	0	0	0	0	0	0	0	0	0	0	0	0	0	0	0	0	0	0	0	0	0	0	0	0	0	0	0	0	0	0	0	0	0	0	0	0	0	0	0	0	0	0	0	0	11	47	64	58	4	117	3	66	26	83	87	70	12	6
0	0	0	0	0	0	0	0	0	0	0	0	0	0	0	0	0	0	0	0	0	0	0	0	0	0	0	0	0	0	0	0	0	0	0	0	0	0	0	0	0	0	0	0	0	0	0	0	0	0	0	0	0	0	0	0	0	0	0	0	0	0	0	0	0	0	0	0	0	0	0	0	0	0	0	0	0	0	0	0	0	0	0	0	0	0	0	0	0	0	0	0	0	0	0	0	0	0	0	0	0	0	0	0	0	0	0	0	0	0	0	0	0	0	0	94	93	42	11	85	32	120	116	16	28	2	25	88
0	0	0	0	0	0	0	0	0	0	0	0	0	0	0	0	0	0	0	0	0	0	0	0	0	0	0	0	0	0	0	0	0	0	0	0	0	0	0	0	0	0	0	0	0	0	0	0	0	0	0	0	0	0	0	0	0	0	0	0	0	0	0	0	0	0	0	0	0	0	0	0	0	0	0	0	0	0	0	0	0	0	0	0	0	0	0	0	0	0	0	0	0	0	0	0	0	0	0	0	0	0	0	0	0	0	0	0	0	0	0	0	0	0	0	0	11	7	104	78	84	65	55	127	98	78	52	89
0	0	0	0	0	0	0	0	0	0	0	0	0	0	0	0	0	0	0	0	0	0	0	0	0	0	0	0	0	0	0	0	0	0	0	0	0	0	0	0	0	0	0	0	0	0	0	0	0	0	0	0	0	0	0	0	0	0	0	0	0	0	0	0	0	0	0	0	0	0	0	0	0	0	0	0	0	0	0	0	0	0	0	0	0	0	0	0	0	0	0	0	0	0	0	0	0	0	0	0	0	0	0	0	0	0	0	0	0	0	0	0	0	0	0	0	0	96	94	104	97	84	16	16	95	24	95	88
0	0	0	0	0	0	0	0	0	0	0	0	0	0	0	0	0	0	0	0	0	0	0	0	0	0	0	0	0	0	0	0	0	0	0	0	0	0	0	0	0	0	0	0	0	0	0	0	0	0	0	0	0	0	0	0	0	0	0	0	0	0	0	0	0	0	0	0	0	0	0	0	0	0	0	0	0	0	0	0	0	0	0	0	0	0	0	0	0	0	0	0	0	0	0	0	0	0	0	0	0	0	0	0	0	0	0	0	0	0	0	0	0	0	0	0	0	0	99	73	105	123	59	113	122	80	29	81
0	0	0	0	0	0	0	0	0	0	0	0	0	0	0	0	0	0	0	0	0	0	0	0	0	0	0	0	0	0	0	0	0	0	0	0	0	0	0	0	0	0	0	0	0	0	0	0	0	0	0	0	0	0	0	0	0	0	0	0	0	0	0	0	0	0	0	0	0	0	0	0	0	0	0	0	0	0	0	0	0	0	0	0	0	0	0	0	0	0	0	0	0	0	0	0	0	0	0	0	0	0	0	0	0	0	0	0	0	0	0	0	0	0	0	0	0	0	0	10	11	51	38	106	116	100	17	20
0	0	0	0	0	0	0	0	0	0	0	0	0	0	0	0	0	0	0	0	0	0	0	0	0	0	0	0	0	0	0	0	0	0	0	0	0	0	0	0	0	0	0	0	0	0	0	0	0	0	0	0	0	0	0	0	0	0	0	0	0	0	0	0	0	0	0	0	0	0	0	0	0	0	0	0	0	0	0	0	0	0	0	0	0	0	0	0	0	0	0	0	0	0	0	0	0	0	0	0	0	0	0	0	0	0	0	0	0	0	0	0	0	0	0	0	0	0	0	0	91	93	30	108	73	117	16	6
0	0	0	0	0	0	0	0	0	0	0	0	0	0	0	0	0	0	0	0	0	0	0	0	0	0	0	0	0	0	0	0	0	0	0	0	0	0	0	0	0	0	0	0	0	0	0	0	0	0	0	0	0	0	0	0	0	0	0	0	0	0	0	0	0	0	0	0	0	0	0	0	0	0	0	0	0	0	0	0	0	0	0	0	0	0	0	0	0	0	0	0	0	0	0	0	0	0	0	0	0	0	0	0	0	0	0	0	0	0	0	0	0	0	0	0	0	0	0	0	0	74	125	25	22	121	78	121
0	0	0	0	0	0	0	0	0	0	0	0	0	0	0	0	0	0	0	0	0	0	0	0	0	0	0	0	0	0	0	0	0	0	0	0	0	0	0	0	0	0	0	0	0	0	0	0	0	0	0	0	0	0	0	0	0	0	0	0	0	0	0	0	0	0	0	0	0	0	0	0	0	0	0	0	0	0	0	0	0	0	0	0	0	0	0	0	0	0	0	0	0	0	0	0	0	0	0	0	0	0	0	0	0	0	0	0	0	0	0	0	0	0	0	0	0	0	0	0	0	0	72	55	20	115	75	126
0	0	0	0	0	0	0	0	0	0	0	0	0	0	0	0	0	0	0	0	0	0	0	0	0	0	0	0	0	0	0	0	0	0	0	0	0	0	0	0	0	0	0	0	0	0	0	0	0	0	0	0	0	0	0	0	0	0	0	0	0	0	0	0	0	0	0	0	0	0	0	0	0	0	0	0	0	0	0	0	0	0	0	0	0	0	0	0	0	0	0	0	0	0	0	0	0	0	0	0	0	0	0	0	0	0	0	0	0	0	0	0	0	0	0	0	0	0	0	0	0	0	0	9	91	3	126	52
0	0	0	0	0	0	0	0	0	0	0	0	0	0	0	0	0	0	0	0	0	0	0	0	0	0	0	0	0	0	0	0	0	0	0	0	0	0	0	0	0	0	0	0	0	0	0	0	0	0	0	0	0	0	0	0	0	0	0	0	0	0	0	0	0	0	0	0	0	0	0	0	0	0	0	0	0	0	0	0	0	0	0	0	0	0	0	0	0	0	0	0	0	0	0	0	0	0	0	0	0	0	0	0	0	0	0	0	0	0	0	0	0	0	0	0	0	0	0	0	0	0	0	0	99	126	4	80
0	0	0	0	0	0	0	0	0	0	0	0	0	0	0	0	0	0	0	0	0	0	0	0	0	0	0	0	0	0	0	0	0	0	0	0	0	0	0	0	0	0	0	0	0	0	0	0	0	0	0	0	0	0	0	0	0	0	0	0	0	0	0	0	0	0	0	0	0	0	0	0	0	0	0	0	0	0	0	0	0	0	0	0	0	0	0	0	0	0	0	0	0	0	0	0	0	0	0	0	0	0	0	0	0	0	0	0	0	0	0	0	0	0	0	0	0	0	0	0	0	0	0	0	0	34	90	98
0	0	0	0	0	0	0	0	0	0	0	0	0	0	0	0	0	0	0	0	0	0	0	0	0	0	0	0	0	0	0	0	0	0	0	0	0	0	0	0	0	0	0	0	0	0	0	0	0	0	0	0	0	0	0	0	0	0	0	0	0	0	0	0	0	0	0	0	0	0	0	0	0	0	0	0	0	0	0	0	0	0	0	0	0	0	0	0	0	0	0	0	0	0	0	0	0	0	0	0	0	0	0	0	0	0	0	0	0	0	0	0	0	0	0	0	0	0	0	0	0	0	0	0	0	0	99	12
0	0	0	0	0	0	0	0	0	0	0	0	0	0	0	0	0	0	0	0	0	0	0	0	0	0	0	0	0	0	0	0	0	0	0	0	0	0	0	0	0	0	0	0	0	0	0	0	0	0	0	0	0	0	0	0	0	0	0	0	0	0	0	0	0	0	0	0	0	0	0	0	0	0	0	0	0	0	0	0	0	0	0	0	0	0	0	0	0	0	0	0	0	0	0	0	0	0	0	0	0	0	0	0	0	0	0	0	0	0	0	0	0	0	0	0	0	0	0	0	0	0	0	0	0	0	0	41
0	0	0	0	0	0	0	0	0	0	0	0	0	0	0	0	0	0	0	0	0	0	0	0	0	0	0	0	0	0	0	0	0	0	0	0	0	0	0	0	0	0	0	0	0	0	0	0	0	0	0	0	0	0	0	0	0	0	0	0	0	0	0	0	0	0	0	0	0	0	0	0	0	0	0	0	0	0	0	0	0	0	0	0	0	0	0	0	0	0	0	0	0	0	0	0	0	0	0	0	0	0	0	0	0	0	0	0	0	0	0	0	0	0	0	0	0	0	0	0	0	0	0	0	0	0	0	0