0	11	40	14	119	50	121	93	43	114	116	54	24	26	33	78	44	37	57	117	93	58	120	52	88	96	87	15	43	12	61	123	36	40	39	26	79	126	94	73	93	45	12	111	42	15	14	93	126	60	107	76	128	34	75	64	98	125	51	111	97	5	123	56	7	64	44	42	14	19	10	54	53	21	120	4	113	31	52	39	107	52	15	57	12	85	49	82	65	50	102	110	66	74	108	108	48	42	10	72	115	2	51	49	114	98	111	100	8	6	51	31	2	21	124	35	12	84	69	103	66	99	100	104	13	25	90	52
0	0	108	106	15	10	29	106	21	26	22	45	112	4	64	108	19	72	69	65	26	107	89	99	92	68	104	11	108	47	126	110	124	32	56	95	125	107	125	114	127	79	124	2	2	9	123	106	94	12	126	18	118	108	57	48	42	106	22	10	90	29	105	100	99	86	5	98	103	19	80	80	70	64	121	31	128	51	7	114	65	13	57	56	74	31	37	78	93	79	38	9	24	51	65	83	102	65	55	104	90	98	84	119	25	2	16	49	113	84	106	123	13	120	120	41	23	11	74	128	58	67	71	30	46	47	36	35
0	0	0	35	19	21	19	92	72	104	104	62	21	102	116	38	114	73	127	98	17	60	25	40	22	88	43	71	109	76	4	39	45	92	31	62	113	55	41	104	11	26	79	81	88	104	107	15	21	80	86	84	83	32	115	89	63	65	40	110	102	28	40	57	74	112	76	31	113	79	41	105	34	58	27	93	68	21	56	63	18	65	74	7	12	118	126	114	92	94	81	66	4	109	81	28	117	39	103	36	43	36	109	32	7	60	7	52	64	54	96	5	98	99	119	124	41	14	13	92	63	48	83	49	43	108	43	67
0	0	0	0	6	58	42	33	115	84	92	113	127	22	60	117	11	58	10	11	53	4	68	74	40	65	60	55	56	127	20	127	96	80	36	126	20	6	91	85	61	25	25	108	32	73	125	85	123	19	122	73	10	85	16	15	116	12	55	25	73	67	114	93	127	32	108	12	12	9	124	126	9	18	35	52	125	42	83	42	68	26	87	84	106	78	54	105	16	41	72	33	95	16	41	73	24	6	51	86	13	48	127	65	5	10	122	52	38	10	90	79	18	34	121	4	37	25	118	18	86	73	126	97	65	43	77	93
0	0	0	0	0	44	86	85	12	116	22	81	114	21	94	111	82	51	28	71	19	9	119	78	112	105	111	10	2	59	90	45	119	10	90	9	83	17	1	32	113	67	90	38	70	89	30	83	80	28	111	60	92	56	50	33	127	39	9	119	8	60	17	89	49	122	103	26	126	8	125	4	78	5	113	117	103	17	48	13	124	50	71	102	105	90	93	27	62	18	114	96	127	109	51	1	31	26	85	50	23	47	72	122	110	14	111	65	38	115	42	41	114	25	67	106	34	98	68	70	24	64	25	126	10	50	39	32
0	0	0	0	0	0	104	102	98	104	8	96	71	43	122	112	50	9	54	89	40	83	121	119	69	73	99	41	122	63	80	110	5	105	69	34	38	21	1	23	4	76	111	106	27	4	49	64	15	11	74	6	93	16	22	29	28	45	124	39	109	19	70	86	116	28	127	41	106	72	120	3	21	17	100	79	99	72	96	26	82	18	84	42	67	84	10	48	59	8	74	25	21	12	96	111	114	16	30	28	13	125	50	50	39	69	19	98	94	128	87	11	82	55	112	111	96	29	9	57	1	110	87	51	4	108	112	70
0	0	0	0	0	0	0	73	34	6	79	29	108	95	27	40	10	112	37	114	37	112	101	42	51	117	109	46	33	2	7	11	59	1	68	92	26	48	15	49	112	68	67	57	84	95	11	7	89	115	32	71	104	76	79	13	70	51	71	91	105	23	97	127	45	7	49	91	126	53	34	43	11	24	111	39	70	91	8	5	52	48	112	16	112	73	93	94	56	81	126	117	36	91	73	41	102	52	7	39	82	34	125	28	71	9	122	117	85	73	116	31	5	82	55	125	67	74	64	69	107	81	97	72	66	1	18	25
0	0	0	0	0	0	0	0	4	85	69	77	92	105	81	102	29	19	88	9	31	63	98	126	96	28	20	117	35	22	69	48	24	17	87	98	32	18	70	68	21	123	46	47	127	126	33	29	109	74	32	109	122	79	81	63	17	34	128	72	86	87	90	77	75	25	1	100	61	112	33	114	19	68	112	103	39	45	5	122	114	107	5	53	3	101	42	76	52	60	11	93	67	16	68	117	28	21	65	8	82	115	104	27	108	127	60	99	63	116	102	29	116	30	116	103	95	40	74	92	5	41	66	54	128	70	102	90
0	0	0	0	0	0	0	0	0	13	78	55	101	95	84	51	105	21	44	20	72	43	101	1	101	121	53	48	55	7	66	88	3	88	107	46	18	18	74	91	97	30	37	109	59	112	115	12	21	51	41	95	100	42	124	94	86	63	25	80	50	47	72	29	34	101	56	82	21	8	53	86	109	109	10	47	57	109	24	93	106	69	58	13	10	44	48	69	28	75	18	56	14	89	99	59	100	71	24	11	62	80	46	55	79	123	88	29	45	15	116	92	100	81	18	9	5	95	19	63	34	126	35	67	80	18	111	45
0	0	0	0	0	0	0	0	0	0	81	50	128	47	97	31	43	128	108	8	116	4	59	108	46	72	128	13	34	37	119	112	6	17	97	33	19	61	80	29	74	112	87	46	48	100	82	77	95	32	12	98	84	101	59	54	47	66	41	2	123	22	25	82	52	68	44	44	111	46	76	73	34	128	116	71	73	28	37	45	21	127	44	78	16	34	59	115	59	117	87	40	36	83	51	65	84	47	105	114	97	85	4	98	6	53	109	113	121	25	91	69	113	104	81	24	78	25	51	64	121	7	107	6	75	53	76	38
0	0	0	0	0	0	0	0	0	0	0	88	82	113	72	97	18	36	25	36	42	80	128	20	13	123	99	75	41	60	100	2	27	93	59	79	81	123	76	101	44	105	95	72	53	37	86	28	13	54	125	108	118	36	91	96	80	66	112	78	118	105	27	112	65	106	107	27	50	32	112	46	125	72	86	74	33	5	19	32	62	102	68	30	61	37	84	63	46	68	124	63	97	97	62	99	4	3	22	88	116	39	111	11	43	103	57	65	76	23	68	42	59	27	127	19	62	119	24	103	125	116	116	126	32	53	71	72
0	0	0	0	0	0	0	0	0	0	0	0	112	28	59	70	53	96	75	38	125	49	98	101	71	1	106	114	37	9	118	21	39	42	102	115	84	37	39	77	127	49	9	33	9	11	110	32	121	35	42	90	65	80	79	71	14	109	120	106	109	111	1	91	85	40	47	103	15	63	7	101	98	35	79	75	71	64	105	103	44	118	106	36	22	105	128	9	101	68	113	57	8	62	33	3	7	123	77	32	31	79	113	43	65	55	36	88	103	109	38	24	79	52	79	121	78	50	17	35	111	51	31	54	8	106	47	71
0	0	0	0	0	0	0	0	0	0	0	0	0	26	105	5	104	90	59	15	112	17	80	83	8	108	83	115	92	73	100	120	89	48	75	42	12	124	9	109	95	74	108	44	100	93	51	61	101	111	33	43	109	116	67	100	118	61	43	59	104	42	63	31	1	92	125	9	17	4	20	83	38	115	44	84	85	40	19	122	123	72	88	19	120	78	87	34	112	112	66	27	13	82	42	92	23	59	121	16	126	19	88	37	59	124	72	105	38	1	111	27	98	13	94	51	85	123	104	106	10	95	18	62	42	44	44	82
0	0	0	0	0	0	0	0	0	0	0	0	0	0	62	128	81	33	121	108	120	42	3	96	56	121	78	17	74	72	115	108	118	68	76	121	78	25	70	32	20	46	79	7	105	76	110	53	123	108	19	92	100	19	119	118	41	109	94	84	48	45	67	10	24	85	100	29	29	67	7	44	4	64	33	54	6	52	24	63	18	95	51	125	10	92	11	109	86	126	9	99	5	10	30	22	15	93	48	66	68	107	17	42	48	58	76	85	108	33	96	16	112	50	21	50	67	17	39	111	122	19	112	18	62	6	40	60
0	0	0	0	0	0	0	0	0	0	0	0	0	0	0	62	51	44	15	9	5	69	15	8	106	96	54	54	107	78	45	21	26	80	97	93	15	80	87	77	63	124	116	35	114	30	48	36	43	126	68	56	5	8	46	95	73	33	25	62	96	78	60	56	74	5	126	96	73	82	11	67	58	8	110	83	95	89	73	18	121	116	15	50	89	76	67	15	37	82	57	114	17	34	34	12	76	94	1	2	122	109	77	94	2	26	29	91	70	22	120	91	71	91	36	37	64	113	128	116	36	126	118	74	90	40	102	4
0	0	0	0	0	0	0	0	0	0	0	0	0	0	0	0	36	20	75	62	37	101	118	107	84	61	14	45	127	104	19	113	47	126	6	128	12	24	55	19	43	91	101	117	75	22	84	41	62	3	77	112	12	3	31	87	43	14	112	78	70	66	14	98	122	42	53	56	42	122	36	98	13	99	80	33	92	16	80	5	66	35	103	104	114	86	6	9	67	101	29	16	52	68	48	29	74	82	16	98	9	9	12	34	53	107	122	58	70	125	4	111	77	89	52	2	82	78	54	124	13	63	9	37	114	20	75	55
0	0	0	0	0	0	0	0	0	0	0	0	0	0	0	0	0	27	95	45	39	57	41	35	96	29	39	109	57	65	40	104	12	12	30	20	69	59	28	15	58	33	81	14	24	40	122	72	84	94	103	71	33	71	61	104	49	116	29	18	122	72	61	63	127	102	104	32	100	58	40	109	110	52	54	120	66	103	127	38	19	79	79	115	42	124	34	59	76	113	63	2	115	79	57	104	61	58	85	11	82	107	96	31	81	21	35	20	64	52	50	72	92	46	45	105	12	92	39	18	107	93	119	76	87	65	71	123
0	0	0	0	0	0	0	0	0	0	0	0	0	0	0	0	0	0	24	67	18	50	37	99	28	55	110	96	95	12	19	87	112	10	44	57	65	105	71	77	17	79	86	29	112	25	6	6	6	47	70	28	48	109	10	76	65	122	49	40	72	77	106	113	117	46	24	95	32	58	58	11	39	40	125	9	121	55	99	103	85	35	1	33	29	29	13	56	17	61	27	89	28	120	124	95	66	67	121	32	84	65	122	12	98	69	6	64	95	47	60	45	116	103	12	113	79	122	35	123	52	22	8	74	5	11	19	46
0	0	0	0	0	0	0	0	0	0	0	0	0	0	0	0	0	0	0	23	75	25	85	42	103	22	4	75	92	58	82	101	69	52	100	76	18	15	80	12	79	18	92	48	104	30	32	65	48	21	21	27	44	114	31	87	78	53	4	21	10	37	44	64	44	112	85	61	38	18	31	72	19	56	40	15	8	91	45	79	75	118	3	104	117	20	73	77	2	36	34	15	3	100	66	113	16	16	108	19	78	27	127	116	14	4	82	121	32	102	103	22	17	111	5	27	112	31	28	18	12	63	2	13	83	69	64	52
0	0	0	0	0	0	0	0	0	0	0	0	0	0	0	0	0	0	0	0	112	63	47	48	95	26	56	98	7	27	35	109	107	44	77	122	106	60	19	37	34	70	104	124	88	5	92	67	65	95	28	29	58	22	47	21	66	14	44	10	80	53	119	57	57	5	23	20	76	6	27	100	46	29	18	43	128	91	7	111	92	101	14	3	73	43	5	72	78	76	96	34	112	34	80	76	65	124	82	28	66	33	126	9	55	52	106	15	22	15	13	89	28	64	62	94	116	94	54	11	52	120	88	40	99	84	25	106
0	0	0	0	0	0	0	0	0	0	0	0	0	0	0	0	0	0	0	0	0	88	107	116	106	36	69	69	93	18	109	33	43	21	5	53	58	106	122	22	64	62	79	62	92	126	9	69	24	99	3	63	66	5	3	3	35	93	110	33	1	101	31	125	70	17	113	37	35	32	64	91	46	31	127	87	41	67	50	83	24	9	98	82	49	119	105	57	103	106	124	4	64	51	115	75	81	58	110	42	79	19	114	6	17	31	66	18	77	50	124	44	92	72	4	90	30	25	25	56	83	27	78	112	128	9	39	38
0	0	0	0	0	0	0	0	0	0	0	0	0	0	0	0	0	0	0	0	0	0	89	71	19	105	86	78	87	40	35	22	39	35	108	110	26	22	128	11	71	15	61	75	55	128	115	102	108	28	125	60	102	5	124	89	127	75	103	64	25	112	50	71	14	36	34	118	28	95	51	76	107	100	114	55	84	114	17	54	63	118	37	120	115	105	23	34	10	18	61	44	120	63	28	38	40	43	5	51	99	17	2	95	102	36	94	84	8	83	82	116	98	116	41	48	128	45	13	75	96	21	103	36	111	33	72	16
0	0	0	0	0	0	0	0	0	0	0	0	0	0	0	0	0	0	0	0	0	0	0	56	116	31	39	66	5	90	92	53	20	34	78	37	87	30	30	4	85	34	79	55	32	123	113	2	19	105	64	16	4	95	71	53	48	69	75	101	68	18	6	75	43	14	12	68	127	114	56	59	17	48	108	5	12	114	7	125	64	51	89	75	82	117	121	24	77	88	73	46	57	82	33	47	50	53	89	25	74	127	18	23	111	96	72	16	46	90	106	37	11	45	75	110	39	71	65	79	15	54	104	50	36	106	94	61
0	0	0	0	0	0	0	0	0	0	0	0	0	0	0	0	0	0	0	0	0	0	0	0	40	34	80	24	42	88	41	28	22	22	115	120	5	76	127	37	81	35	89	19	59	72	95	120	6	84	109	44	71	110	87	107	61	102	118	24	128	64	8	120	110	126	45	74	113	84	46	73	62	111	79	69	6	90	114	98	61	60	88	25	33	84	66	48	35	47	126	38	52	108	107	120	106	27	70	31	89	86	85	102	111	107	115	124	121	128	39	68	79	104	26	5	119	26	68	113	5	83	69	81	117	27	49	16
0	0	0	0	0	0	0	0	0	0	0	0	0	0	0	0	0	0	0	0	0	0	0	0	0	73	2	113	118	60	59	104	56	64	12	40	28	112	40	22	78	74	85	50	112	13	10	122	52	121	102	120	28	7	123	28	67	3	34	16	91	30	75	33	68	29	114	6	44	4	81	102	16	25	39	64	112	32	28	3	15	105	48	94	85	68	12	110	37	47	103	78	76	80	75	78	12	100	45	89	44	67	54	84	89	119	118	66	112	12	60	117	103	42	24	69	49	67	14	11	79	23	84	36	80	4	79	92
0	0	0	0	0	0	0	0	0	0	0	0	0	0	0	0	0	0	0	0	0	0	0	0	0	0	31	87	3	121	19	99	62	114	74	95	62	5	30	48	77	95	88	47	102	28	107	86	113	62	14	117	86	102	34	82	57	40	79	42	95	6	80	16	48	7	78	2	63	8	9	91	60	75	103	27	68	116	124	125	85	109	85	15	53	80	14	107	2	98	52	29	94	6	121	93	42	48	111	25	20	36	6	75	17	88	74	6	116	37	125	84	64	54	50	8	100	123	14	98	13	68	12	84	11	35	44	79
0	0	0	0	0	0	0	0	0	0	0	0	0	0	0	0	0	0	0	0	0	0	0	0	0	0	0	108	47	72	20	84	81	72	22	59	116	21	15	95	20	72	110	103	65	121	11	86	120	6	42	4	95	5	6	3	101	82	34	3	106	36	107	98	94	66	47	42	73	112	20	121	44	43	39	34	84	80	3	37	25	75	54	48	82	63	121	104	35	104	40	112	124	8	76	72	26	41	27	96	89	108	11	17	68	50	82	89	87	67	40	112	55	4	78	84	24	46	104	61	47	41	61	84	38	109	47	113
0	0	0	0	0	0	0	0	0	0	0	0	0	0	0	0	0	0	0	0	0	0	0	0	0	0	0	0	82	108	119	61	38	53	66	16	38	122	90	7	42	73	81	9	24	76	12	85	75	61	7	4	32	40	34	94	19	120	50	85	111	115	119	82	42	126	64	128	69	114	9	107	66	2	45	95	97	83	21	128	107	101	13	29	91	2	95	12	113	36	7	8	89	95	126	30	57	61	2	63	93	118	91	51	119	109	55	24	14	66	117	120	20	83	71	112	57	24	79	120	54	105	122	31	94	87	76	23
0	0	0	0	0	0	0	0	0	0	0	0	0	0	0	0	0	0	0	0	0	0	0	0	0	0	0	0	0	76	36	115	38	10	84	45	27	20	50	88	94	93	13	56	66	102	11	74	82	39	89	99	91	114	120	8	66	100	56	48	88	118	96	44	45	48	22	92	30	60	98	83	115	94	12	4	66	98	78	35	54	27	9	86	46	114	109	14	125	86	32	108	55	38	62	92	33	22	5	39	88	89	31	46	51	79	89	67	2	19	27	93	56	73	14	19	64	25	98	109	24	86	11	113	106	58	48	94
0	0	0	0	0	0	0	0	0	0	0	0	0	0	0	0	0	0	0	0	0	0	0	0	0	0	0	0	0	0	72	56	24	59	104	111	32	24	38	75	42	119	29	97	18	62	54	46	62	60	16	55	87	15	100	5	68	55	128	103	52	123	25	8	38	64	63	13	114	62	80	61	27	116	12	20	16	64	50	66	2	49	7	17	41	84	123	86	120	61	41	90	38	119	67	88	88	15	19	101	110	12	21	59	44	55	75	31	67	71	74	8	49	103	77	72	26	102	4	20	64	42	51	106	122	14	27	22
0	0	0	0	0	0	0	0	0	0	0	0	0	0	0	0	0	0	0	0	0	0	0	0	0	0	0	0	0	0	0	30	40	11	126	47	128	71	27	35	59	122	45	89	76	123	120	37	36	124	46	121	108	51	98	65	84	41	1	21	33	51	90	118	117	15	54	87	69	61	124	110	15	16	126	44	87	81	6	54	63	3	6	92	10	94	82	109	3	29	109	62	110	103	34	37	31	111	38	127	47	29	44	127	43	25	17	128	65	12	46	52	99	20	88	103	100	113	74	81	86	91	18	23	112	86	113	121
0	0	0	0	0	0	0	0	0	0	0	0	0	0	0	0	0	0	0	0	0	0	0	0	0	0	0	0	0	0	0	0	116	107	71	1	108	39	67	54	86	94	122	5	1	94	36	119	102	83	79	111	19	12	47	24	66	62	80	55	55	100	96	98	91	37	114	79	24	95	97	78	51	19	109	53	47	67	3	10	44	106	73	126	41	55	78	41	109	101	51	107	37	6	33	14	121	3	62	110	72	25	13	84	36	62	33	65	63	116	18	17	122	121	4	79	19	34	23	30	52	123	47	91	25	68	69	5
0	0	0	0	0	0	0	0	0	0	0	0	0	0	0	0	0	0	0	0	0	0	0	0	0	0	0	0	0	0	0	0	0	110	85	9	30	48	126	102	111	32	20	9	106	118	46	63	31	53	75	53	77	85	69	128	91	96	71	82	31	90	116	84	31	46	11	66	59	71	36	21	23	112	77	2	53	10	98	36	98	120	53	128	43	45	18	127	26	56	90	49	58	126	115	97	9	123	61	110	118	6	95	6	54	125	18	112	78	61	94	125	37	78	77	19	90	97	26	15	30	65	21	102	119	119	63	32
0	0	0	0	0	0	0	0	0	0	0	0	0	0	0	0	0	0	0	0	0	0	0	0	0	0	0	0	0	0	0	0	0	0	18	92	101	120	60	84	27	74	16	74	26	50	94	2	34	111	24	50	31	21	3	45	119	103	103	97	84	32	20	13	28	13	36	122	48	39	23	127	116	52	91	32	23	52	110	31	112	28	57	50	41	104	95	8	76	108	119	64	72	116	119	61	86	125	9	10	29	115	22	61	59	43	90	4	6	74	55	115	28	8	113	59	10	122	24	121	108	33	36	104	75	16	125	22
0	0	0	0	0	0	0	0	0	0	0	0	0	0	0	0	0	0	0	0	0	0	0	0	0	0	0	0	0	0	0	0	0	0	0	69	42	95	65	124	81	81	103	75	31	97	46	71	11	68	53	111	1	9	94	80	29	103	12	114	11	45	84	105	5	107	90	8	98	57	127	123	34	71	7	18	104	51	27	103	78	70	35	52	14	124	83	125	122	17	92	90	101	7	121	127	2	79	123	121	104	47	106	102	73	37	63	114	35	21	86	76	14	57	79	18	89	35	4	120	28	100	8	26	62	74	86	32
0	0	0	0	0	0	0	0	0	0	0	0	0	0	0	0	0	0	0	0	0	0	0	0	0	0	0	0	0	0	0	0	0	0	0	0	31	63	35	53	67	87	119	90	37	120	71	91	39	53	11	46	113	90	80	11	3	56	40	25	24	1	122	44	100	63	49	111	71	122	55	27	69	110	117	92	39	30	88	57	36	49	1	128	87	46	2	67	73	126	104	35	37	103	94	107	117	65	112	21	69	87	47	16	127	4	31	100	122	14	71	59	49	121	116	21	47	60	3	16	5	69	39	96	59	47	12	18
0	0	0	0	0	0	0	0	0	0	0	0	0	0	0	0	0	0	0	0	0	0	0	0	0	0	0	0	0	0	0	0	0	0	0	0	0	1	33	7	101	44	69	99	6	113	74	21	111	96	37	24	53	26	92	119	97	10	72	70	11	94	60	107	118	26	7	14	9	48	74	44	15	53	34	106	47	114	67	7	19	29	66	119	31	60	1	47	33	74	90	97	126	44	62	126	95	30	74	63	66	128	112	115	23	63	75	88	17	91	30	29	51	74	56	27	78	15	61	120	105	26	14	124	67	83	40	101
0	0	0	0	0	0	0	0	0	0	0	0	0	0	0	0	0	0	0	0	0	0	0	0	0	0	0	0	0	0	0	0	0	0	0	0	0	0	95	2	64	73	96	6	34	111	105	72	117	77	103	73	121	75	33	128	55	125	75	120	43	23	18	25	51	57	126	70	8	81	70	58	89	44	18	90	47	30	88	61	97	47	70	9	41	89	50	51	53	5	121	3	78	47	124	90	40	49	63	44	50	51	96	105	105	90	117	110	79	21	5	41	7	62	15	120	110	26	62	125	96	79	22	42	81	74	39	62
0	0	0	0	0	0	0	0	0	0	0	0	0	0	0	0	0	0	0	0	0	0	0	0	0	0	0	0	0	0	0	0	0	0	0	0	0	0	0	80	14	48	18	33	82	6	79	30	118	6	120	95	67	77	82	12	62	92	54	53	95	98	35	12	111	21	67	43	36	119	9	72	41	106	31	35	4	71	124	91	61	58	75	47	1	76	112	76	118	24	58	91	128	111	38	95	18	79	2	59	78	39	50	74	44	23	73	11	99	48	74	64	6	95	48	96	28	65	21	12	56	58	113	30	59	94	111	117
0	0	0	0	0	0	0	0	0	0	0	0	0	0	0	0	0	0	0	0	0	0	0	0	0	0	0	0	0	0	0	0	0	0	0	0	0	0	0	0	58	80	53	100	20	99	18	77	55	18	22	104	121	114	64	8	6	106	68	1	38	40	72	12	118	41	38	5	122	77	7	104	127	13	64	118	44	112	19	70	93	14	1	93	125	71	68	1	18	63	51	121	48	128	84	80	18	1	64	115	122	2	95	17	59	107	48	19	115	48	11	55	86	88	53	53	75	71	106	96	44	107	96	26	66	16	73	52
0	0	0	0	0	0	0	0	0	0	0	0	0	0	0	0	0	0	0	0	0	0	0	0	0	0	0	0	0	0	0	0	0	0	0	0	0	0	0	0	0	57	112	33	22	128	6	55	118	128	25	101	100	8	16	76	78	84	58	114	53	76	34	98	90	37	62	123	35	36	102	122	25	113	111	19	7	41	101	50	30	21	10	22	101	46	61	123	34	95	44	65	99	50	94	30	1	122	51	118	107	13	80	63	64	85	49	113	71	110	55	40	58	6	32	57	73	21	23	18	100	33	123	33	4	16	51	88
0	0	0	0	0	0	0	0	0	0	0	0	0	0	0	0	0	0	0	0	0	0	0	0	0	0	0	0	0	0	0	0	0	0	0	0	0	0	0	0	0	0	92	65	23	9	99	114	119	97	113	90	62	99	9	89	84	33	48	54	21	28	5	10	97	105	62	128	115	123	120	65	18	115	44	98	41	94	14	68	88	109	45	3	6	39	60	7	126	19	71	33	3	123	124	115	84	88	41	69	37	95	22	63	81	61	10	84	41	19	105	32	20	70	59	45	94	49	5	70	38	106	50	68	116	36	89	44
0	0	0	0	0	0	0	0	0	0	0	0	0	0	0	0	0	0	0	0	0	0	0	0	0	0	0	0	0	0	0	0	0	0	0	0	0	0	0	0	0	0	0	111	49	122	11	72	110	111	72	38	93	25	38	6	24	94	125	115	95	53	100	122	84	53	50	118	14	40	19	101	16	88	34	60	96	35	17	42	126	75	124	65	4	68	43	22	39	73	80	77	56	35	80	117	56	86	110	93	43	1	11	118	46	28	108	21	12	80	128	12	65	72	83	87	115	101	80	72	7	28	62	78	1	60	90	2
0	0	0	0	0	0	0	0	0	0	0	0	0	0	0	0	0	0	0	0	0	0	0	0	0	0	0	0	0	0	0	0	0	0	0	0	0	0	0	0	0	0	0	0	25	13	62	1	22	48	54	86	125	87	15	31	90	13	81	74	16	49	61	53	62	26	52	80	46	19	26	7	124	34	112	38	34	83	65	105	81	11	43	103	44	19	93	80	47	77	4	62	52	32	90	39	48	74	109	56	36	46	57	26	112	71	103	58	15	21	9	79	117	127	76	86	10	14	122	14	46	95	68	76	112	74	63	120
0	0	0	0	0	0	0	0	0	0	0	0	0	0	0	0	0	0	0	0	0	0	0	0	0	0	0	0	0	0	0	0	0	0	0	0	0	0	0	0	0	0	0	0	0	68	68	73	37	15	117	102	7	51	122	108	34	67	12	127	46	120	112	33	25	116	92	62	106	89	59	60	11	113	121	55	15	109	115	126	45	35	97	33	128	62	81	113	75	61	50	96	34	30	122	97	9	43	18	76	57	84	63	31	12	31	94	30	23	45	113	7	45	71	59	98	104	106	59	79	69	64	67	36	8	81	26	105
0	0	0	0	0	0	0	0	0	0	0	0	0	0	0	0	0	0	0	0	0	0	0	0	0	0	0	0	0	0	0	0	0	0	0	0	0	0	0	0	0	0	0	0	0	0	16	58	55	77	26	79	118	61	104	122	13	64	47	7	118	49	113	37	15	74	58	62	46	90	106	59	90	21	23	61	124	70	16	111	50	98	8	102	84	93	47	107	44	50	65	118	83	26	104	40	55	87	42	68	94	127	77	30	25	37	37	105	50	95	74	69	69	118	120	100	114	40	12	126	43	3	101	58	106	56	78	47
0	0	0	0	0	0	0	0	0	0	0	0	0	0	0	0	0	0	0	0	0	0	0	0	0	0	0	0	0	0	0	0	0	0	0	0	0	0	0	0	0	0	0	0	0	0	0	28	108	126	49	34	80	106	6	49	91	112	58	65	104	101	116	128	100	121	79	50	53	47	48	119	33	36	28	42	93	88	50	104	77	82	123	6	8	91	26	40	53	34	14	6	108	36	17	3	36	93	91	109	47	112	42	35	42	97	12	20	97	34	65	52	70	89	73	82	120	39	32	2	39	83	32	61	45	67	81	123
0	0	0	0	0	0	0	0	0	0	0	0	0	0	0	0	0	0	0	0	0	0	0	0	0	0	0	0	0	0	0	0	0	0	0	0	0	0	0	0	0	0	0	0	0	0	0	0	53	18	86	37	67	47	74	127	55	92	64	31	16	25	66	29	36	113	97	40	109	7	98	37	102	94	26	62	96	1	115	95	70	115	112	37	107	60	99	93	53	86	65	55	69	28	16	60	81	95	89	59	61	81	88	77	35	8	18	91	88	125	15	86	45	75	40	70	8	78	23	31	18	90	56	98	1	118	63	69
0	0	0	0	0	0	0	0	0	0	0	0	0	0	0	0	0	0	0	0	0	0	0	0	0	0	0	0	0	0	0	0	0	0	0	0	0	0	0	0	0	0	0	0	0	0	0	0	0	100	89	3	4	14	32	98	9	91	3	97	107	118	106	44	9	30	21	64	96	12	51	121	75	40	14	5	24	16	104	4	80	7	26	26	112	53	108	59	7	36	114	67	121	5	33	122	41	45	58	18	66	54	108	121	54	15	78	96	50	24	22	16	34	107	28	81	55	101	89	108	9	27	11	127	35	20	69	18
0	0	0	0	0	0	0	0	0	0	0	0	0	0	0	0	0	0	0	0	0	0	0	0	0	0	0	0	0	0	0	0	0	0	0	0	0	0	0	0	0	0	0	0	0	0	0	0	0	0	17	33	49	68	92	5	26	124	11	19	116	95	1	109	21	116	45	118	97	81	31	127	81	33	54	107	61	92	124	9	98	120	107	106	74	41	97	107	77	42	35	100	41	43	82	42	72	40	121	55	73	33	43	101	10	3	29	35	101	3	87	29	62	32	117	96	24	7	14	73	44	112	26	106	54	70	26	96
0	0	0	0	0	0	0	0	0	0	0	0	0	0	0	0	0	0	0	0	0	0	0	0	0	0	0	0	0	0	0	0	0	0	0	0	0	0	0	0	0	0	0	0	0	0	0	0	0	0	0	1	121	55	9	94	28	41	115	103	58	49	42	50	12	67	117	39	43	66	53	100	1	101	110	63	47	83	96	20	107	126	109	72	124	96	48	29	119	23	111	82	30	64	118	75	128	95	101	38	91	65	5	121	83	50	12	23	13	70	98	65	16	102	121	67	94	122	61	75	4	71	116	117	44	10	100	4
0	0	0	0	0	0	0	0	0	0	0	0	0	0	0	0	0	0	0	0	0	0	0	0	0	0	0	0	0	0	0	0	0	0	0	0	0	0	0	0	0	0	0	0	0	0	0	0	0	0	0	0	111	48	36	62	17	109	19	85	81	74	86	74	38	34	10	18	32	96	35	18	58	116	106	114	110	84	108	105	6	29	1	105	107	62	14	62	32	21	47	66	82	58	60	45	8	85	96	93	60	32	89	84	97	8	49	70	118	45	105	21	35	56	34	120	52	107	86	17	81	66	76	64	11	68	42	125
0	0	0	0	0	0	0	0	0	0	0	0	0	0	0	0	0	0	0	0	0	0	0	0	0	0	0	0	0	0	0	0	0	0	0	0	0	0	0	0	0	0	0	0	0	0	0	0	0	0	0	0	0	110	37	85	59	79	7	50	2	70	31	23	56	4	82	109	89	92	4	105	99	65	27	99	90	40	90	52	89	104	49	32	8	112	82	97	81	125	111	61	18	2	95	54	65	45	82	125	11	101	31	104	72	39	90	122	28	66	37	69	92	86	8	88	104	81	78	31	59	21	43	17	106	20	46	46
0	0	0	0	0	0	0	0	0	0	0	0	0	0	0	0	0	0	0	0	0	0	0	0	0	0	0	0	0	0	0	0	0	0	0	0	0	0	0	0	0	0	0	0	0	0	0	0	0	0	0	0	0	0	3	126	122	46	48	74	60	86	82	77	75	115	77	12	22	14	88	108	31	56	84	44	88	5	95	117	128	77	86	50	1	117	23	14	24	70	76	67	78	89	35	88	81	111	54	116	37	4	56	48	67	96	119	9	66	100	124	53	50	13	36	119	64	41	105	126	27	7	123	63	56	80	84	47
0	0	0	0	0	0	0	0	0	0	0	0	0	0	0	0	0	0	0	0	0	0	0	0	0	0	0	0	0	0	0	0	0	0	0	0	0	0	0	0	0	0	0	0	0	0	0	0	0	0	0	0	0	0	0	116	89	45	46	67	81	30	124	15	90	15	55	4	105	111	22	28	30	121	34	2	36	34	60	50	121	121	20	36	49	101	45	78	24	77	126	27	123	39	50	71	113	6	8	63	101	101	79	112	54	112	64	51	112	120	67	72	93	127	12	14	29	30	52	92	99	107	39	12	18	58	6	83
0	0	0	0	0	0	0	0	0	0	0	0	0	0	0	0	0	0	0	0	0	0	0	0	0	0	0	0	0	0	0	0	0	0	0	0	0	0	0	0	0	0	0	0	0	0	0	0	0	0	0	0	0	0	0	0	52	20	62	37	47	43	77	98	47	23	122	93	97	28	54	55	67	24	78	109	91	53	53	18	34	70	78	20	17	32	12	20	39	32	78	94	115	37	108	75	17	116	23	78	53	68	50	48	114	47	9	64	114	104	36	50	73	62	47	41	49	74	67	40	113	5	69	5	43	71	99	21
0	0	0	0	0	0	0	0	0	0	0	0	0	0	0	0	0	0	0	0	0	0	0	0	0	0	0	0	0	0	0	0	0	0	0	0	0	0	0	0	0	0	0	0	0	0	0	0	0	0	0	0	0	0	0	0	0	61	80	81	28	29	114	23	105	111	128	80	102	44	15	1	105	12	49	22	68	32	113	21	75	103	36	24	23	104	99	94	84	65	33	111	104	74	23	78	127	63	64	57	65	22	1	118	110	35	27	16	6	52	70	117	26	90	111	57	123	116	19	7	81	60	53	58	104	35	52	64
0	0	0	0	0	0	0	0	0	0	0	0	0	0	0	0	0	0	0	0	0	0	0	0	0	0	0	0	0	0	0	0	0	0	0	0	0	0	0	0	0	0	0	0	0	0	0	0	0	0	0	0	0	0	0	0	0	0	33	52	83	33	99	117	29	34	65	8	110	5	71	112	101	73	46	82	107	99	6	77	66	105	57	100	127	60	102	45	73	38	102	56	101	10	42	8	19	93	20	106	92	79	55	69	98	115	59	42	17	111	29	111	43	49	117	76	66	33	91	42	2	115	1	23	87	20	72	103
0	0	0	0	0	0	0	0	0	0	0	0	0	0	0	0	0	0	0	0	0	0	0	0	0	0	0	0	0	0	0	0	0	0	0	0	0	0	0	0	0	0	0	0	0	0	0	0	0	0	0	0	0	0	0	0	0	0	0	110	112	9	30	27	93	90	88	105	69	2	91	104	82	81	41	49	50	23	71	85	55	100	17	5	68	97	101	21	84	28	88	121	69	9	12	82	121	95	72	113	86	1	71	92	3	18	78	7	63	86	31	117	78	72	81	74	98	109	10	88	123	101	82	48	18	7	27	17
0	0	0	0	0	0	0	0	0	0	0	0	0	0	0	0	0	0	0	0	0	0	0	0	0	0	0	0	0	0	0	0	0	0	0	0	0	0	0	0	0	0	0	0	0	0	0	0	0	0	0	0	0	0	0	0	0	0	0	0	87	43	112	85	1	44	12	69	91	3	84	35	45	78	57	89	23	63	22	4	19	16	103	107	92	27	64	45	4	15	27	113	41	37	115	31	58	30	88	55	114	62	41	91	43	91	116	34	12	22	70	21	50	5	85	30	111	17	91	9	71	51	72	103	13	93	97	65
0	0	0	0	0	0	0	0	0	0	0	0	0	0	0	0	0	0	0	0	0	0	0	0	0	0	0	0	0	0	0	0	0	0	0	0	0	0	0	0	0	0	0	0	0	0	0	0	0	0	0	0	0	0	0	0	0	0	0	0	0	69	79	99	117	23	47	115	25	32	72	63	63	128	105	56	109	4	90	27	4	30	34	68	88	62	128	118	55	7	51	14	36	19	72	9	55	100	71	94	92	84	7	123	36	69	87	20	106	35	11	123	91	11	121	20	104	24	100	48	59	27	111	96	41	28	56	29
0	0	0	0	0	0	0	0	0	0	0	0	0	0	0	0	0	0	0	0	0	0	0	0	0	0	0	0	0	0	0	0	0	0	0	0	0	0	0	0	0	0	0	0	0	0	0	0	0	0	0	0	0	0	0	0	0	0	0	0	0	0	79	104	48	67	119	24	88	29	101	60	78	48	40	120	8	23	4	124	73	122	56	33	64	122	35	2	88	54	27	3	71	73	41	3	73	123	20	114	51	7	57	7	95	90	109	64	113	23	69	64	77	110	21	21	39	29	59	42	28	79	107	8	72	94	10	22
0	0	0	0	0	0	0	0	0	0	0	0	0	0	0	0	0	0	0	0	0	0	0	0	0	0	0	0	0	0	0	0	0	0	0	0	0	0	0	0	0	0	0	0	0	0	0	0	0	0	0	0	0	0	0	0	0	0	0	0	0	0	0	94	26	23	12	44	126	41	63	105	58	35	49	55	41	116	112	74	34	60	24	31	105	82	15	25	69	27	23	118	37	57	12	14	46	65	96	121	91	48	63	14	98	16	99	64	61	59	64	52	121	71	12	30	89	54	11	54	49	94	72	120	115	55	15	78
0	0	0	0	0	0	0	0	0	0	0	0	0	0	0	0	0	0	0	0	0	0	0	0	0	0	0	0	0	0	0	0	0	0	0	0	0	0	0	0	0	0	0	0	0	0	0	0	0	0	0	0	0	0	0	0	0	0	0	0	0	0	0	0	71	46	70	32	18	48	124	90	14	70	122	9	89	76	81	86	79	78	117	52	66	128	39	114	69	126	94	53	112	41	90	43	50	30	87	45	66	2	3	8	74	32	115	15	18	100	69	39	65	48	114	50	91	63	12	64	103	118	54	79	23	69	102	51
0	0	0	0	0	0	0	0	0	0	0	0	0	0	0	0	0	0	0	0	0	0	0	0	0	0	0	0	0	0	0	0	0	0	0	0	0	0	0	0	0	0	0	0	0	0	0	0	0	0	0	0	0	0	0	0	0	0	0	0	0	0	0	0	0	26	79	26	22	124	106	99	68	76	101	48	15	47	62	115	6	34	113	125	92	20	30	113	111	32	39	57	97	20	29	113	109	123	81	54	56	25	93	74	49	120	46	87	5	78	103	44	124	115	41	108	78	56	46	99	52	57	17	3	95	17	23	120
0	0	0	0	0	0	0	0	0	0	0	0	0	0	0	0	0	0	0	0	0	0	0	0	0	0	0	0	0	0	0	0	0	0	0	0	0	0	0	0	0	0	0	0	0	0	0	0	0	0	0	0	0	0	0	0	0	0	0	0	0	0	0	0	0	0	87	108	93	1	10	1	5	34	67	117	38	65	115	56	47	8	86	51	18	100	113	12	23	49	13	36	105	84	73	90	70	110	15	100	82	80	101	9	98	92	78	50	96	121	89	30	33	25	85	19	74	5	102	55	109	11	34	94	71	1	79	84
0	0	0	0	0	0	0	0	0	0	0	0	0	0	0	0	0	0	0	0	0	0	0	0	0	0	0	0	0	0	0	0	0	0	0	0	0	0	0	0	0	0	0	0	0	0	0	0	0	0	0	0	0	0	0	0	0	0	0	0	0	0	0	0	0	0	0	89	85	74	56	38	53	39	81	47	105	110	12	96	15	88	115	48	111	77	112	73	12	33	51	55	18	56	5	106	101	13	58	92	88	39	82	87	43	76	29	121	72	14	114	39	25	69	13	28	55	105	21	57	128	42	20	38	112	23	24	43
0	0	0	0	0	0	0	0	0	0	0	0	0	0	0	0	0	0	0	0	0	0	0	0	0	0	0	0	0	0	0	0	0	0	0	0	0	0	0	0	0	0	0	0	0	0	0	0	0	0	0	0	0	0	0	0	0	0	0	0	0	0	0	0	0	0	0	0	78	27	58	13	60	22	9	87	29	48	66	22	51	28	8	62	44	6	55	112	4	7	83	16	34	32	55	126	103	26	84	64	34	113	15	120	51	94	72	8	37	78	103	81	43	114	99	107	122	15	52	72	36	57	110	103	39	76	62	111
0	0	0	0	0	0	0	0	0	0	0	0	0	0	0	0	0	0	0	0	0	0	0	0	0	0	0	0	0	0	0	0	0	0	0	0	0	0	0	0	0	0	0	0	0	0	0	0	0	0	0	0	0	0	0	0	0	0	0	0	0	0	0	0	0	0	0	0	0	118	48	125	119	16	59	81	113	116	55	125	46	7	36	85	1	26	88	98	95	126	50	55	96	43	67	118	42	53	30	103	9	87	1	78	5	109	103	9	23	3	72	39	68	61	120	15	68	121	76	26	77	94	14	100	52	57	90	17
0	0	0	0	0	0	0	0	0	0	0	0	0	0	0	0	0	0	0	0	0	0	0	0	0	0	0	0	0	0	0	0	0	0	0	0	0	0	0	0	0	0	0	0	0	0	0	0	0	0	0	0	0	0	0	0	0	0	0	0	0	0	0	0	0	0	0	0	0	0	95	38	17	39	17	71	57	50	81	116	89	10	48	61	111	18	55	61	114	79	56	113	20	63	88	22	11	108	10	7	83	34	44	92	62	82	25	70	95	88	25	19	17	115	41	115	16	86	113	45	64	87	127	38	121	118	15	103
0	0	0	0	0	0	0	0	0	0	0	0	0	0	0	0	0	0	0	0	0	0	0	0	0	0	0	0	0	0	0	0	0	0	0	0	0	0	0	0	0	0	0	0	0	0	0	0	0	0	0	0	0	0	0	0	0	0	0	0	0	0	0	0	0	0	0	0	0	0	0	38	103	23	104	54	91	56	75	7	87	75	13	34	32	10	71	122	12	77	112	46	78	124	93	97	93	42	89	21	72	7	15	39	40	30	22	1	60	95	30	88	20	68	110	86	76	44	67	98	26	37	81	44	77	23	117	88
0	0	0	0	0	0	0	0	0	0	0	0	0	0	0	0	0	0	0	0	0	0	0	0	0	0	0	0	0	0	0	0	0	0	0	0	0	0	0	0	0	0	0	0	0	0	0	0	0	0	0	0	0	0	0	0	0	0	0	0	0	0	0	0	0	0	0	0	0	0	0	0	66	22	125	76	46	82	51	4	78	6	35	10	4	57	91	34	121	61	124	24	126	96	67	122	61	90	79	2	17	64	86	95	7	32	117	61	83	44	29	12	42	63	120	21	43	59	53	90	56	8	92	35	54	10	109	6
0	0	0	0	0	0	0	0	0	0	0	0	0	0	0	0	0	0	0	0	0	0	0	0	0	0	0	0	0	0	0	0	0	0	0	0	0	0	0	0	0	0	0	0	0	0	0	0	0	0	0	0	0	0	0	0	0	0	0	0	0	0	0	0	0	0	0	0	0	0	0	0	0	120	88	3	79	40	107	53	106	72	18	38	79	89	27	88	55	13	49	18	1	16	89	122	98	18	73	125	127	2	44	99	81	11	103	126	103	34	67	11	98	71	93	5	33	78	94	72	71	124	103	5	82	100	110	123
0	0	0	0	0	0	0	0	0	0	0	0	0	0	0	0	0	0	0	0	0	0	0	0	0	0	0	0	0	0	0	0	0	0	0	0	0	0	0	0	0	0	0	0	0	0	0	0	0	0	0	0	0	0	0	0	0	0	0	0	0	0	0	0	0	0	0	0	0	0	0	0	0	0	86	95	11	6	115	69	40	25	78	124	57	120	109	115	1	29	65	67	47	58	55	92	120	29	21	108	55	97	31	38	9	117	54	61	35	128	117	98	60	27	84	54	95	45	105	44	109	117	79	42	127	78	117	56
0	0	0	0	0	0	0	0	0	0	0	0	0	0	0	0	0	0	0	0	0	0	0	0	0	0	0	0	0	0	0	0	0	0	0	0	0	0	0	0	0	0	0	0	0	0	0	0	0	0	0	0	0	0	0	0	0	0	0	0	0	0	0	0	0	0	0	0	0	0	0	0	0	0	0	12	16	66	56	39	34	50	66	117	125	112	31	72	58	13	13	111	127	96	15	74	26	61	49	66	123	48	98	7	99	117	25	7	123	123	47	122	43	66	21	10	3	22	34	8	91	93	44	49	93	48	104	121
0	0	0	0	0	0	0	0	0	0	0	0	0	0	0	0	0	0	0	0	0	0	0	0	0	0	0	0	0	0	0	0	0	0	0	0	0	0	0	0	0	0	0	0	0	0	0	0	0	0	0	0	0	0	0	0	0	0	0	0	0	0	0	0	0	0	0	0	0	0	0	0	0	0	0	0	69	13	112	71	31	121	83	30	6	13	18	71	56	117	118	105	9	38	51	45	118	21	32	73	93	126	59	86	7	95	40	94	22	30	64	121	46	17	10	90	43	59	128	101	53	15	110	103	124	71	55	88
0	0	0	0	0	0	0	0	0	0	0	0	0	0	0	0	0	0	0	0	0	0	0	0	0	0	0	0	0	0	0	0	0	0	0	0	0	0	0	0	0	0	0	0	0	0	0	0	0	0	0	0	0	0	0	0	0	0	0	0	0	0	0	0	0	0	0	0	0	0	0	0	0	0	0	0	0	38	103	57	84	127	17	7	62	48	72	76	76	112	105	92	26	128	62	45	10	126	76	35	72	86	97	101	53	36	71	111	3	1	5	95	107	92	110	54	49	37	77	81	18	32	110	28	96	91	121	27
0	0	0	0	0	0	0	0	0	0	0	0	0	0	0	0	0	0	0	0	0	0	0	0	0	0	0	0	0	0	0	0	0	0	0	0	0	0	0	0	0	0	0	0	0	0	0	0	0	0	0	0	0	0	0	0	0	0	0	0	0	0	0	0	0	0	0	0	0	0	0	0	0	0	0	0	0	0	70	36	96	35	87	127	63	113	42	34	46	90	89	21	108	122	124	57	75	111	1	58	26	112	67	28	99	96	111	97	88	34	125	80	2	5	31	41	14	126	43	92	75	17	49	77	9	108	38	23
0	0	0	0	0	0	0	0	0	0	0	0	0	0	0	0	0	0	0	0	0	0	0	0	0	0	0	0	0	0	0	0	0	0	0	0	0	0	0	0	0	0	0	0	0	0	0	0	0	0	0	0	0	0	0	0	0	0	0	0	0	0	0	0	0	0	0	0	0	0	0	0	0	0	0	0	0	0	0	83	62	28	82	39	9	112	73	103	26	81	34	40	43	102	83	44	106	45	62	32	9	96	62	48	24	67	37	79	6	110	76	48	11	45	43	115	20	9	117	93	27	28	105	117	41	120	108	21
0	0	0	0	0	0	0	0	0	0	0	0	0	0	0	0	0	0	0	0	0	0	0	0	0	0	0	0	0	0	0	0	0	0	0	0	0	0	0	0	0	0	0	0	0	0	0	0	0	0	0	0	0	0	0	0	0	0	0	0	0	0	0	0	0	0	0	0	0	0	0	0	0	0	0	0	0	0	0	0	89	37	104	47	54	110	104	35	117	60	104	65	102	4	78	77	98	37	98	20	39	54	9	127	6	103	78	37	100	110	43	101	62	88	93	1	88	117	80	35	25	6	41	45	86	104	45	87
0	0	0	0	0	0	0	0	0	0	0	0	0	0	0	0	0	0	0	0	0	0	0	0	0	0	0	0	0	0	0	0	0	0	0	0	0	0	0	0	0	0	0	0	0	0	0	0	0	0	0	0	0	0	0	0	0	0	0	0	0	0	0	0	0	0	0	0	0	0	0	0	0	0	0	0	0	0	0	0	0	88	99	16	50	79	79	39	128	128	42	106	44	33	11	36	28	95	13	89	117	93	68	57	18	34	31	99	123	127	49	67	38	8	47	100	27	70	82	1	65	107	61	127	112	60	108	88
0	0	0	0	0	0	0	0	0	0	0	0	0	0	0	0	0	0	0	0	0	0	0	0	0	0	0	0	0	0	0	0	0	0	0	0	0	0	0	0	0	0	0	0	0	0	0	0	0	0	0	0	0	0	0	0	0	0	0	0	0	0	0	0	0	0	0	0	0	0	0	0	0	0	0	0	0	0	0	0	0	0	117	5	104	124	119	39	113	7	123	91	103	95	42	19	24	43	120	46	96	55	13	20	26	12	100	11	76	86	114	25	18	25	21	109	71	89	79	43	29	73	6	12	97	6	71	43
0	0	0	0	0	0	0	0	0	0	0	0	0	0	0	0	0	0	0	0	0	0	0	0	0	0	0	0	0	0	0	0	0	0	0	0	0	0	0	0	0	0	0	0	0	0	0	0	0	0	0	0	0	0	0	0	0	0	0	0	0	0	0	0	0	0	0	0	0	0	0	0	0	0	0	0	0	0	0	0	0	0	0	75	70	59	97	23	32	127	16	97	62	117	85	40	26	34	44	22	99	125	35	13	97	37	28	109	57	17	14	12	5	20	81	22	85	33	114	51	98	23	118	11	35	104	75	44
0	0	0	0	0	0	0	0	0	0	0	0	0	0	0	0	0	0	0	0	0	0	0	0	0	0	0	0	0	0	0	0	0	0	0	0	0	0	0	0	0	0	0	0	0	0	0	0	0	0	0	0	0	0	0	0	0	0	0	0	0	0	0	0	0	0	0	0	0	0	0	0	0	0	0	0	0	0	0	0	0	0	0	0	18	65	123	9	82	35	63	115	9	122	54	97	119	83	21	105	10	7	6	125	73	95	127	23	101	77	98	5	109	95	128	100	17	78	76	77	56	19	4	49	80	90	98	46
0	0	0	0	0	0	0	0	0	0	0	0	0	0	0	0	0	0	0	0	0	0	0	0	0	0	0	0	0	0	0	0	0	0	0	0	0	0	0	0	0	0	0	0	0	0	0	0	0	0	0	0	0	0	0	0	0	0	0	0	0	0	0	0	0	0	0	0	0	0	0	0	0	0	0	0	0	0	0	0	0	0	0	0	0	27	18	31	35	24	22	126	9	6	52	109	34	31	73	49	9	76	68	64	17	18	121	116	69	59	114	19	68	79	120	88	75	128	22	67	30	34	51	18	1	48	71	70
0	0	0	0	0	0	0	0	0	0	0	0	0	0	0	0	0	0	0	0	0	0	0	0	0	0	0	0	0	0	0	0	0	0	0	0	0	0	0	0	0	0	0	0	0	0	0	0	0	0	0	0	0	0	0	0	0	0	0	0	0	0	0	0	0	0	0	0	0	0	0	0	0	0	0	0	0	0	0	0	0	0	0	0	0	0	48	108	22	53	42	15	45	105	57	11	27	19	26	98	2	5	49	111	109	104	46	126	15	8	64	69	109	10	42	122	101	85	12	124	57	29	125	32	80	61	20	63
0	0	0	0	0	0	0	0	0	0	0	0	0	0	0	0	0	0	0	0	0	0	0	0	0	0	0	0	0	0	0	0	0	0	0	0	0	0	0	0	0	0	0	0	0	0	0	0	0	0	0	0	0	0	0	0	0	0	0	0	0	0	0	0	0	0	0	0	0	0	0	0	0	0	0	0	0	0	0	0	0	0	0	0	0	0	0	89	120	128	87	92	4	109	28	78	37	124	125	75	17	10	63	125	46	33	12	67	51	47	19	46	96	38	82	96	52	90	91	93	4	38	32	94	118	83	84	104
0	0	0	0	0	0	0	0	0	0	0	0	0	0	0	0	0	0	0	0	0	0	0	0	0	0	0	0	0	0	0	0	0	0	0	0	0	0	0	0	0	0	0	0	0	0	0	0	0	0	0	0	0	0	0	0	0	0	0	0	0	0	0	0	0	0	0	0	0	0	0	0	0	0	0	0	0	0	0	0	0	0	0	0	0	0	0	0	14	54	76	58	65	79	22	92	30	104	79	39	47	43	20	59	28	11	128	21	64	52	41	102	12	7	114	32	1	126	81	25	94	127	40	24	37	32	2	85
0	0	0	0	0	0	0	0	0	0	0	0	0	0	0	0	0	0	0	0	0	0	0	0	0	0	0	0	0	0	0	0	0	0	0	0	0	0	0	0	0	0	0	0	0	0	0	0	0	0	0	0	0	0	0	0	0	0	0	0	0	0	0	0	0	0	0	0	0	0	0	0	0	0	0	0	0	0	0	0	0	0	0	0	0	0	0	0	0	57	47	59	24	16	71	66	44	67	82	126	104	13	103	112	65	72	35	93	57	100	95	22	81	114	84	33	104	53	102	32	95	2	46	50	53	26	58	110
0	0	0	0	0	0	0	0	0	0	0	0	0	0	0	0	0	0	0	0	0	0	0	0	0	0	0	0	0	0	0	0	0	0	0	0	0	0	0	0	0	0	0	0	0	0	0	0	0	0	0	0	0	0	0	0	0	0	0	0	0	0	0	0	0	0	0	0	0	0	0	0	0	0	0	0	0	0	0	0	0	0	0	0	0	0	0	0	0	0	82	94	116	97	127	85	67	21	75	35	24	35	12	68	84	78	99	22	48	72	92	4	88	25	117	67	23	126	17	2	4	6	43	66	120	124	91	128
0	0	0	0	0	0	0	0	0	0	0	0	0	0	0	0	0	0	0	0	0	0	0	0	0	0	0	0	0	0	0	0	0	0	0	0	0	0	0	0	0	0	0	0	0	0	0	0	0	0	0	0	0	0	0	0	0	0	0	0	0	0	0	0	0	0	0	0	0	0	0	0	0	0	0	0	0	0	0	0	0	0	0	0	0	0	0	0	0	0	0	63	126	86	3	21	21	121	92	88	14	102	107	45	37	45	34	109	106	15	106	37	81	120	46	74	114	4	119	120	52	114	115	35	73	44	42	107
0	0	0	0	0	0	0	0	0	0	0	0	0	0	0	0	0	0	0	0	0	0	0	0	0	0	0	0	0	0	0	0	0	0	0	0	0	0	0	0	0	0	0	0	0	0	0	0	0	0	0	0	0	0	0	0	0	0	0	0	0	0	0	0	0	0	0	0	0	0	0	0	0	0	0	0	0	0	0	0	0	0	0	0	0	0	0	0	0	0	0	0	84	11	109	70	112	15	92	28	23	99	46	5	68	27	25	8	72	15	99	41	42	49	76	58	54	92	84	78	74	119	75	23	3	128	4	66
0	0	0	0	0	0	0	0	0	0	0	0	0	0	0	0	0	0	0	0	0	0	0	0	0	0	0	0	0	0	0	0	0	0	0	0	0	0	0	0	0	0	0	0	0	0	0	0	0	0	0	0	0	0	0	0	0	0	0	0	0	0	0	0	0	0	0	0	0	0	0	0	0	0	0	0	0	0	0	0	0	0	0	0	0	0	0	0	0	0	0	0	0	98	30	89	66	11	75	63	82	24	107	62	104	35	12	91	89	86	44	11	88	108	107	94	108	97	101	5	92	90	102	12	77	74	88	57
0	0	0	0	0	0	0	0	0	0	0	0	0	0	0	0	0	0	0	0	0	0	0	0	0	0	0	0	0	0	0	0	0	0	0	0	0	0	0	0	0	0	0	0	0	0	0	0	0	0	0	0	0	0	0	0	0	0	0	0	0	0	0	0	0	0	0	0	0	0	0	0	0	0	0	0	0	0	0	0	0	0	0	0	0	0	0	0	0	0	0	0	0	0	111	25	90	81	42	12	123	55	106	33	111	23	98	16	49	110	125	86	99	91	63	20	94	21	76	18	59	103	55	99	13	73	6	119
0	0	0	0	0	0	0	0	0	0	0	0	0	0	0	0	0	0	0	0	0	0	0	0	0	0	0	0	0	0	0	0	0	0	0	0	0	0	0	0	0	0	0	0	0	0	0	0	0	0	0	0	0	0	0	0	0	0	0	0	0	0	0	0	0	0	0	0	0	0	0	0	0	0	0	0	0	0	0	0	0	0	0	0	0	0	0	0	0	0	0	0	0	0	0	49	118	7	23	44	60	125	125	118	114	70	2	69	106	16	64	28	58	52	6	82	104	32	104	19	51	43	32	96	53	46	110	57
0	0	0	0	0	0	0	0	0	0	0	0	0	0	0	0	0	0	0	0	0	0	0	0	0	0	0	0	0	0	0	0	0	0	0	0	0	0	0	0	0	0	0	0	0	0	0	0	0	0	0	0	0	0	0	0	0	0	0	0	0	0	0	0	0	0	0	0	0	0	0	0	0	0	0	0	0	0	0	0	0	0	0	0	0	0	0	0	0	0	0	0	0	0	0	0	2	9	84	68	127	13	51	112	103	89	31	83	76	54	6	75	109	16	14	46	51	85	24	36	93	23	47	77	99	101	113	125
0	0	0	0	0	0	0	0	0	0	0	0	0	0	0	0	0	0	0	0	0	0	0	0	0	0	0	0	0	0	0	0	0	0	0	0	0	0	0	0	0	0	0	0	0	0	0	0	0	0	0	0	0	0	0	0	0	0	0	0	0	0	0	0	0	0	0	0	0	0	0	0	0	0	0	0	0	0	0	0	0	0	0	0	0	0	0	0	0	0	0	0	0	0	0	0	0	92	76	19	10	24	71	115	83	78	40	97	23	53	92	101	78	52	98	95	37	10	103	87	35	20	105	118	113	99	103	19
0	0	0	0	0	0	0	0	0	0	0	0	0	0	0	0	0	0	0	0	0	0	0	0	0	0	0	0	0	0	0	0	0	0	0	0	0	0	0	0	0	0	0	0	0	0	0	0	0	0	0	0	0	0	0	0	0	0	0	0	0	0	0	0	0	0	0	0	0	0	0	0	0	0	0	0	0	0	0	0	0	0	0	0	0	0	0	0	0	0	0	0	0	0	0	0	0	0	9	94	74	3	113	85	23	9	90	30	15	51	89	2	42	38	11	4	65	123	114	37	72	101	69	75	116	25	30	2
0	0	0	0	0	0	0	0	0	0	0	0	0	0	0	0	0	0	0	0	0	0	0	0	0	0	0	0	0	0	0	0	0	0	0	0	0	0	0	0	0	0	0	0	0	0	0	0	0	0	0	0	0	0	0	0	0	0	0	0	0	0	0	0	0	0	0	0	0	0	0	0	0	0	0	0	0	0	0	0	0	0	0	0	0	0	0	0	0	0	0	0	0	0	0	0	0	0	0	34	85	15	2	1	57	106	94	5	79	117	50	68	67	22	64	48	75	11	112	44	76	70	111	118	116	56	37	110
0	0	0	0	0	0	0	0	0	0	0	0	0	0	0	0	0	0	0	0	0	0	0	0	0	0	0	0	0	0	0	0	0	0	0	0	0	0	0	0	0	0	0	0	0	0	0	0	0	0	0	0	0	0	0	0	0	0	0	0	0	0	0	0	0	0	0	0	0	0	0	0	0	0	0	0	0	0	0	0	0	0	0	0	0	0	0	0	0	0	0	0	0	0	0	0	0	0	0	0	68	111	7	84	74	10	18	14	38	86	127	77	77	94	104	49	19	26	109	64	98	118	74	38	47	57	92	85
0	0	0	0	0	0	0	0	0	0	0	0	0	0	0	0	0	0	0	0	0	0	0	0	0	0	0	0	0	0	0	0	0	0	0	0	0	0	0	0	0	0	0	0	0	0	0	0	0	0	0	0	0	0	0	0	0	0	0	0	0	0	0	0	0	0	0	0	0	0	0	0	0	0	0	0	0	0	0	0	0	0	0	0	0	0	0	0	0	0	0	0	0	0	0	0	0	0	0	0	0	79	117	27	43	11	69	41	109	24	5	110	55	69	104	56	89	99	101	23	101	93	74	4	73	29	83	5
0	0	0	0	0	0	0	0	0	0	0	0	0	0	0	0	0	0	0	0	0	0	0	0	0	0	0	0	0	0	0	0	0	0	0	0	0	0	0	0	0	0	0	0	0	0	0	0	0	0	0	0	0	0	0	0	0	0	0	0	0	0	0	0	0	0	0	0	0	0	0	0	0	0	0	0	0	0	0	0	0	0	0	0	0	0	0	0	0	0	0	0	0	0	0	0	0	0	0	0	0	0	77	42	97	89	43	89	16	16	38	82	107	109	51	27	58	44	96	75	105	53	79	14	9	79	29	55
0	0	0	0	0	0	0	0	0	0	0	0	0	0	0	0	0	0	0	0	0	0	0	0	0	0	0	0	0	0	0	0	0	0	0	0	0	0	0	0	0	0	0	0	0	0	0	0	0	0	0	0	0	0	0	0	0	0	0	0	0	0	0	0	0	0	0	0	0	0	0	0	0	0	0	0	0	0	0	0	0	0	0	0	0	0	0	0	0	0	0	0	0	0	0	0	0	0	0	0	0	0	0	41	75	25	22	89	83	3	37	117	86	1	116	76	121	16	33	123	3	45	44	70	18	20	82	31
0	0	0	0	0	0	0	0	0	0	0	0	0	0	0	0	0	0	0	0	0	0	0	0	0	0	0	0	0	0	0	0	0	0	0	0	0	0	0	0	0	0	0	0	0	0	0	0	0	0	0	0	0	0	0	0	0	0	0	0	0	0	0	0	0	0	0	0	0	0	0	0	0	0	0	0	0	0	0	0	0	0	0	0	0	0	0	0	0	0	0	0	0	0	0	0	0	0	0	0	0	0	0	0	105	46	17	38	97	64	122	10	121	49	75	20	59	4	117	99	17	4	109	63	116	70	54	76
0	0	0	0	0	0	0	0	0	0	0	0	0	0	0	0	0	0	0	0	0	0	0	0	0	0	0	0	0	0	0	0	0	0	0	0	0	0	0	0	0	0	0	0	0	0	0	0	0	0	0	0	0	0	0	0	0	0	0	0	0	0	0	0	0	0	0	0	0	0	0	0	0	0	0	0	0	0	0	0	0	0	0	0	0	0	0	0	0	0	0	0	0	0	0	0	0	0	0	0	0	0	0	0	0	40	96	73	60	14	99	6	35	63	82	109	24	99	71	113	106	17	61	3	75	76	51	46
0	0	0	0	0	0	0	0	0	0	0	0	0	0	0	0	0	0	0	0	0	0	0	0	0	0	0	0	0	0	0	0	0	0	0	0	0	0	0	0	0	0	0	0	0	0	0	0	0	0	0	0	0	0	0	0	0	0	0	0	0	0	0	0	0	0	0	0	0	0	0	0	0	0	0	0	0	0	0	0	0	0	0	0	0	0	0	0	0	0	0	0	0	0	0	0	0	0	0	0	0	0	0	0	0	0	128	39	117	125	96	47	103	28	108	107	120	122	3	18	10	82	49	87	45	53	10	39
0	0	0	0	0	0	0	0	0	0	0	0	0	0	0	0	0	0	0	0	0	0	0	0	0	0	0	0	0	0	0	0	0	0	0	0	0	0	0	0	0	0	0	0	0	0	0	0	0	0	0	0	0	0	0	0	0	0	0	0	0	0	0	0	0	0	0	0	0	0	0	0	0	0	0	0	0	0	0	0	0	0	0	0	0	0	0	0	0	0	0	0	0	0	0	0	0	0	0	0	0	0	0	0	0	0	0	14	102	118	37	92	72	53	89	115	58	87	65	90	99	78	50	31	20	117	87	82
0	0	0	0	0	0	0	0	0	0	0	0	0	0	0	0	0	0	0	0	0	0	0	0	0	0	0	0	0	0	0	0	0	0	0	0	0	0	0	0	0	0	0	0	0	0	0	0	0	0	0	0	0	0	0	0	0	0	0	0	0	0	0	0	0	0	0	0	0	0	0	0	0	0	0	0	0	0	0	0	0	0	0	0	0	0	0	0	0	0	0	0	0	0	0	0	0	0	0	0	0	0	0	0	0	0	0	0	19	119	56	20	62	62	10	96	28	101	50	50	17	23	32	5	3	96	84	112
0	0	0	0	0	0	0	0	0	0	0	0	0	0	0	0	0	0	0	0	0	0	0	0	0	0	0	0	0	0	0	0	0	0	0	0	0	0	0	0	0	0	0	0	0	0	0	0	0	0	0	0	0	0	0	0	0	0	0	0	0	0	0	0	0	0	0	0	0	0	0	0	0	0	0	0	0	0	0	0	0	0	0	0	0	0	0	0	0	0	0	0	0	0	0	0	0	0	0	0	0	0	0	0	0	0	0	0	0	9	90	111	73	86	11	52	30	52	108	21	128	45	75	126	78	22	115	125
0	0	0	0	0	0	0	0	0	0	0	0	0	0	0	0	0	0	0	0	0	0	0	0	0	0	0	0	0	0	0	0	0	0	0	0	0	0	0	0	0	0	0	0	0	0	0	0	0	0	0	0	0	0	0	0	0	0	0	0	0	0	0	0	0	0	0	0	0	0	0	0	0	0	0	0	0	0	0	0	0	0	0	0	0	0	0	0	0	0	0	0	0	0	0	0	0	0	0	0	0	0	0	0	0	0	0	0	0	0	31	73	5	58	85	94	82	81	4	106	125	60	33	13	100	82	86	66
0	0	0	0	0	0	0	0	0	0	0	0	0	0	0	0	0	0	0	0	0	0	0	0	0	0	0	0	0	0	0	0	0	0	0	0	0	0	0	0	0	0	0	0	0	0	0	0	0	0	0	0	0	0	0	0	0	0	0	0	0	0	0	0	0	0	0	0	0	0	0	0	0	0	0	0	0	0	0	0	0	0	0	0	0	0	0	0	0	0	0	0	0	0	0	0	0	0	0	0	0	0	0	0	0	0	0	0	0	0	0	44	109	80	128	114	76	11	30	54	58	101	85	46	5	79	4	68
0	0	0	0	0	0	0	0	0	0	0	0	0	0	0	0	0	0	0	0	0	0	0	0	0	0	0	0	0	0	0	0	0	0	0	0	0	0	0	0	0	0	0	0	0	0	0	0	0	0	0	0	0	0	0	0	0	0	0	0	0	0	0	0	0	0	0	0	0	0	0	0	0	0	0	0	0	0	0	0	0	0	0	0	0	0	0	0	0	0	0	0	0	0	0	0	0	0	0	0	0	0	0	0	0	0	0	0	0	0	0	0	117	89	69	100	36	88	86	83	80	68	54	79	117	94	24	35
0	0	0	0	0	0	0	0	0	0	0	0	0	0	0	0	0	0	0	0	0	0	0	0	0	0	0	0	0	0	0	0	0	0	0	0	0	0	0	0	0	0	0	0	0	0	0	0	0	0	0	0	0	0	0	0	0	0	0	0	0	0	0	0	0	0	0	0	0	0	0	0	0	0	0	0	0	0	0	0	0	0	0	0	0	0	0	0	0	0	0	0	0	0	0	0	0	0	0	0	0	0	0	0	0	0	0	0	0	0	0	0	0	59	95	106	56	8	70	42	123	3	119	31	14	82	89	126
0	0	0	0	0	0	0	0	0	0	0	0	0	0	0	0	0	0	0	0	0	0	0	0	0	0	0	0	0	0	0	0	0	0	0	0	0	0	0	0	0	0	0	0	0	0	0	0	0	0	0	0	0	0	0	0	0	0	0	0	0	0	0	0	0	0	0	0	0	0	0	0	0	0	0	0	0	0	0	0	0	0	0	0	0	0	0	0	0	0	0	0	0	0	0	0	0	0	0	0	0	0	0	0	0	0	0	0	0	0	0	0	0	0	95	61	54	30	125	125	90	67	90	40	68	64	39	17
0	0	0	0	0	0	0	0	0	0	0	0	0	0	0	0	0	0	0	0	0	0	0	0	0	0	0	0	0	0	0	0	0	0	0	0	0	0	0	0	0	0	0	0	0	0	0	0	0	0	0	0	0	0	0	0	0	0	0	0	0	0	0	0	0	0	0	0	0	0	0	0	0	0	0	0	0	0	0	0	0	0	0	0	0	0	0	0	0	0	0	0	0	0	0	0	0	0	0	0	0	0	0	0	0	0	0	0	0	0	0	0	0	0	0	69	52	22	31	39	115	93	91	26	3	69	29	106
0	0	0	0	0	0	0	0	0	0	0	0	0	0	0	0	0	0	0	0	0	0	0	0	0	0	0	0	0	0	0	0	0	0	0	0	0	0	0	0	0	0	0	0	0	0	0	0	0	0	0	0	0	0	0	0	0	0	0	0	0	0	0	0	0	0	0	0	0	0	0	0	0	0	0	0	0	0	0	0	0	0	0	0	0	0	0	0	0	0	0	0	0	0	0	0	0	0	0	0	0	0	0	0	0	0	0	0	0	0	0	0	0	0	0	0	20	105	102	72	4	123	9	5	35	94	49	84
0	0	0	0	0	0	0	0	0	0	0	0	0	0	0	0	0	0	0	0	0	0	0	0	0	0	0	0	0	0	0	0	0	0	0	0	0	0	0	0	0	0	0	0	0	0	0	0	0	0	0	0	0	0	0	0	0	0	0	0	0	0	0	0	0	0	0	0	0	0	0	0	0	0	0	0	0	0	0	0	0	0	0	0	0	0	0	0	0	0	0	0	0	0	0	0	0	0	0	0	0	0	0	0	0	0	0	0	0	0	0	0	0	0	0	0	0	127	60	31	25	125	11	4	44	36	36	126
0	0	0	0	0	0	0	0	0	0	0	0	0	0	0	0	0	0	0	0	0	0	0	0	0	0	0	0	0	0	0	0	0	0	0	0	0	0	0	0	0	0	0	0	0	0	0	0	0	0	0	0	0	0	0	0	0	0	0	0	0	0	0	0	0	0	0	0	0	0	0	0	0	0	0	0	0	0	0	0	0	0	0	0	0	0	0	0	0	0	0	0	0	0	0	0	0	0	0	0	0	0	0	0	0	0	0	0	0	0	0	0	0	0	0	0	0	0	113	35	16	79	104	112	93	127	28	15
0	0	0	0	0	0	0	0	0	0	0	0	0	0	0	0	0	0	0	0	0	0	0	0	0	0	0	0	0	0	0	0	0	0	0	0	0	0	0	0	0	0	0	0	0	0	0	0	0	0	0	0	0	0	0	0	0	0	0	0	0	0	0	0	0	0	0	0	0	0	0	0	0	0	0	0	0	0	0	0	0	0	0	0	0	0	0	0	0	0	0	0	0	0	0	0	0	0	0	0	0	0	0	0	0	0	0	0	0	0	0	0	0	0	0	0	0	0	0	77	49	31	74	16	21	1	85	70
0	0	0	0	0	0	0	0	0	0	0	0	0	0	0	0	0	0	0	0	0	0	0	0	0	0	0	0	0	0	0	0	0	0	0	0	0	0	0	0	0	0	0	0	0	0	0	0	0	0	0	0	0	0	0	0	0	0	0	0	0	0	0	0	0	0	0	0	0	0	0	0	0	0	0	0	0	0	0	0	0	0	0	0	0	0	0	0	0	0	0	0	0	0	0	0	0	0	0	0	0	0	0	0	0	0	0	0	0	0	0	0	0	0	0	0	0	0	0	0	106	84	74	59	90	30	70	58
0	0	0	0	0	0	0	0	0	0	0	0	0	0	0	0	0	0	0	0	0	0	0	0	0	0	0	0	0	0	0	0	0	0	0	0	0	0	0	0	0	0	0	0	0	0	0	0	0	0	0	0	0	0	0	0	0	0	0	0	0	0	0	0	0	0	0	0	0	0	0	0	0	0	0	0	0	0	0	0	0	0	0	0	0	0	0	0	0	0	0	0	0	0	0	0	0	0	0	0	0	0	0	0	0	0	0	0	0	0	0	0	0	0	0	0	0	0	0	0	0	113	88	40	119	30	21	14
0	0	0	0	0	0	0	0	0	0	0	0	0	0	0	0	0	0	0	0	0	0	0	0	0	0	0	0	0	0	0	0	0	0	0	0	0	0	0	0	0	0	0	0	0	0	0	0	0	0	0	0	0	0	0	0	0	0	0	0	0	0	0	0	0	0	0	0	0	0	0	0	0	0	0	0	0	0	0	0	0	0	0	0	0	0	0	0	0	0	0	0	0	0	0	0	0	0	0	0	0	0	0	0	0	0	0	0	0	0	0	0	0	0	0	0	0	0	0	0	0	0	124	9	104	79	99	56
0	0	0	0	0	0	0	0	0	0	0	0	0	0	0	0	0	0	0	0	0	0	0	0	0	0	0	0	0	0	0	0	0	0	0	0	0	0	0	0	0	0	0	0	0	0	0	0	0	0	0	0	0	0	0	0	0	0	0	0	0	0	0	0	0	0	0	0	0	0	0	0	0	0	0	0	0	0	0	0	0	0	0	0	0	0	0	0	0	0	0	0	0	0	0	0	0	0	0	0	0	0	0	0	0	0	0	0	0	0	0	0	0	0	0	0	0	0	0	0	0	0	0	103	45	67	44	35
0	0	0	0	0	0	0	0	0	0	0	0	0	0	0	0	0	0	0	0	0	0	0	0	0	0	0	0	0	0	0	0	0	0	0	0	0	0	0	0	0	0	0	0	0	0	0	0	0	0	0	0	0	0	0	0	0	0	0	0	0	0	0	0	0	0	0	0	0	0	0	0	0	0	0	0	0	0	0	0	0	0	0	0	0	0	0	0	0	0	0	0	0	0	0	0	0	0	0	0	0	0	0	0	0	0	0	0	0	0	0	0	0	0	0	0	0	0	0	0	0	0	0	0	114	11	88	12
0	0	0	0	0	0	0	0	0	0	0	0	0	0	0	0	0	0	0	0	0	0	0	0	0	0	0	0	0	0	0	0	0	0	0	0	0	0	0	0	0	0	0	0	0	0	0	0	0	0	0	0	0	0	0	0	0	0	0	0	0	0	0	0	0	0	0	0	0	0	0	0	0	0	0	0	0	0	0	0	0	0	0	0	0	0	0	0	0	0	0	0	0	0	0	0	0	0	0	0	0	0	0	0	0	0	0	0	0	0	0	0	0	0	0	0	0	0	0	0	0	0	0	0	0	119	67	53
0	0	0	0	0	0	0	0	0	0	0	0	0	0	0	0	0	0	0	0	0	0	0	0	0	0	0	0	0	0	0	0	0	0	0	0	0	0	0	0	0	0	0	0	0	0	0	0	0	0	0	0	0	0	0	0	0	0	0	0	0	0	0	0	0	0	0	0	0	0	0	0	0	0	0	0	0	0	0	0	0	0	0	0	0	0	0	0	0	0	0	0	0	0	0	0	0	0	0	0	0	0	0	0	0	0	0	0	0	0	0	0	0	0	0	0	0	0	0	0	0	0	0	0	0	0	111	85
0	0	0	0	0	0	0	0	0	0	0	0	0	0	0	0	0	0	0	0	0	0	0	0	0	0	0	0	0	0	0	0	0	0	0	0	0	0	0	0	0	0	0	0	0	0	0	0	0	0	0	0	0	0	0	0	0	0	0	0	0	0	0	0	0	0	0	0	0	0	0	0	0	0	0	0	0	0	0	0	0	0	0	0	0	0	0	0	0	0	0	0	0	0	0	0	0	0	0	0	0	0	0	0	0	0	0	0	0	0	0	0	0	0	0	0	0	0	0	0	0	0	0	0	0	0	0	53
0	0	0	0	0	0	0	0	0	0	0	0	0	0	0	0	0	0	0	0	0	0	0	0	0	0	0	0	0	0	0	0	0	0	0	0	0	0	0	0	0	0	0	0	0	0	0	0	0	0	0	0	0	0	0	0	0	0	0	0	0	0	0	0	0	0	0	0	0	0	0	0	0	0	0	0	0	0	0	0	0	0	0	0	0	0	0	0	0	0	0	0	0	0	0	0	0	0	0	0	0	0	0	0	0	0	0	0	0	0	0	0	0	0	0	0	0	0	0	0	0	0	0	0	0	0	0	0