0	97	32	46	94	81	77	57	126	37	113	7	33	62	80	116	77	42	91	127	88	105	72	74	67	82	67	21	40	100	106	50	106	28	28	6	44	77	49	69	84	24	10	81	1	125	15	6	19	57	86	43	9	19	109	24	28	108	44	28	19	98	76	50	70	96	3	48	113	51	44	58	35	30	23	123	101	1	116	106	48	52	118	7	40	60	23	110	55	93	72	36	29	59	5	123	36	114	56	40	106	93	21	16	6	101	70	7	36	96	7	74	102	112	13	118	114	82	96	67	103	48	94	59	91	36	80	68
0	0	37	120	95	101	14	112	19	55	20	5	101	6	70	117	12	19	27	52	35	111	16	21	43	61	120	115	62	57	117	37	93	31	30	17	119	81	77	1	48	120	72	127	21	25	48	31	106	15	93	96	105	106	47	86	47	57	8	10	113	26	7	14	90	78	33	105	80	44	11	89	24	91	3	6	57	33	122	104	98	97	63	119	112	16	70	56	5	126	69	80	2	68	42	80	45	32	51	32	78	47	98	39	92	127	17	43	35	90	49	93	34	37	82	45	29	116	51	82	111	41	75	85	31	28	52	72
0	0	0	52	123	58	107	34	43	16	115	8	111	117	53	22	74	74	73	46	27	106	53	55	80	72	17	66	32	105	23	62	68	76	127	122	115	61	77	68	28	16	19	26	109	72	68	128	14	19	36	32	62	96	77	33	15	55	105	60	50	43	90	71	76	9	12	71	24	58	16	63	110	30	59	72	24	42	112	71	1	75	80	106	115	99	37	102	32	43	9	78	34	45	56	75	13	67	76	61	29	6	1	117	77	121	124	30	60	114	73	107	43	8	64	76	32	69	122	49	36	113	7	106	80	121	64	75
0	0	0	0	15	31	99	70	128	104	35	25	38	55	85	115	9	99	102	43	46	33	108	14	43	57	7	69	92	25	5	82	7	89	119	74	125	31	106	71	18	78	37	42	5	51	119	109	105	14	91	42	74	5	50	85	12	19	34	11	74	71	85	36	7	52	44	77	51	40	29	112	102	104	25	7	15	34	89	67	100	11	67	52	18	47	111	112	82	38	71	27	87	29	113	12	120	75	120	71	44	11	57	1	127	4	90	66	105	43	13	14	105	22	21	46	46	77	73	71	1	21	32	100	58	101	97	40
0	0	0	0	0	62	109	66	108	122	93	38	42	12	68	119	98	94	44	71	89	45	58	79	107	81	62	78	67	117	67	78	28	73	42	63	15	8	26	71	82	26	82	123	69	5	82	34	123	72	111	70	22	38	99	8	55	29	116	65	43	4	34	96	124	99	20	117	26	79	30	29	96	16	24	36	93	19	112	93	60	25	64	89	98	30	6	51	104	61	32	108	12	83	90	95	124	111	53	97	88	113	106	87	45	96	12	22	6	49	61	59	14	102	14	69	76	5	48	44	71	44	25	4	56	23	43	61
0	0	0	0	0	0	108	80	88	11	71	63	70	39	24	29	14	24	77	3	116	55	66	94	29	59	81	72	22	19	68	57	54	102	7	7	2	41	38	56	105	79	48	85	74	21	53	18	26	78	1	97	24	10	65	40	73	72	91	40	112	38	5	63	62	82	73	30	113	71	59	4	115	45	83	120	90	61	13	83	54	89	98	99	103	57	103	65	107	83	104	9	98	32	127	96	120	55	77	117	54	112	125	114	38	22	21	19	103	2	45	32	68	24	121	32	76	82	17	48	82	3	9	15	51	60	126	22
0	0	0	0	0	0	0	90	72	112	124	99	77	8	59	36	18	95	68	24	38	113	13	124	110	56	59	48	109	89	67	42	22	80	91	105	4	115	55	23	87	57	20	122	66	72	73	5	30	122	115	89	45	99	88	127	11	73	113	75	27	41	41	62	19	71	41	108	6	113	56	73	107	126	64	96	105	84	74	80	11	109	114	44	102	102	82	89	99	47	30	85	27	35	46	99	2	2	68	17	99	22	23	124	88	96	120	87	85	126	30	49	86	51	2	17	113	81	65	117	107	53	98	89	25	111	6	49
0	0	0	0	0	0	0	0	80	63	55	82	108	97	117	28	4	69	54	40	61	16	61	115	65	113	56	63	123	114	37	92	28	66	98	80	114	123	69	9	104	8	23	55	115	22	120	64	79	111	100	88	49	13	2	113	98	106	8	57	114	1	56	1	88	91	64	72	118	97	13	111	107	16	17	11	72	106	46	105	115	57	95	6	71	15	23	99	58	43	12	128	85	53	72	117	39	101	78	70	99	62	60	68	104	94	12	50	114	49	33	113	20	108	110	28	1	22	126	28	26	62	121	89	107	34	2	125
0	0	0	0	0	0	0	0	0	93	57	68	73	62	93	45	119	82	43	44	35	82	31	23	86	18	102	78	122	116	23	124	10	101	126	28	109	53	58	80	82	15	76	31	111	50	78	83	84	34	38	81	99	108	5	84	55	7	69	18	64	70	24	43	49	93	17	5	120	5	98	82	115	9	69	76	124	29	61	54	84	18	115	104	18	65	128	65	29	91	100	50	46	56	40	124	52	111	42	92	55	38	96	23	106	78	65	47	108	81	30	14	14	94	91	18	74	108	96	99	111	70	114	127	106	89	59	13
0	0	0	0	0	0	0	0	0	0	97	112	70	31	73	77	58	1	115	55	24	109	70	100	26	58	111	46	52	23	14	84	118	16	14	80	106	127	20	124	117	27	117	107	12	25	121	35	53	114	34	110	64	82	112	31	2	47	6	90	43	123	104	32	79	103	99	88	62	20	16	80	113	116	103	43	92	50	64	116	51	8	7	106	112	13	121	85	7	128	23	45	23	104	45	72	43	117	118	33	107	18	117	28	53	85	69	90	103	122	69	105	33	72	23	18	112	59	99	45	56	83	111	117	23	67	63	44
0	0	0	0	0	0	0	0	0	0	0	48	73	40	24	14	65	15	9	25	25	126	128	27	124	127	88	5	75	99	123	81	44	29	70	17	122	49	64	64	65	4	22	48	88	55	98	48	77	20	75	97	44	120	89	111	60	61	65	3	19	125	74	66	99	116	113	94	72	14	86	100	87	101	38	1	6	92	47	7	62	123	11	125	64	52	109	31	12	19	24	66	68	36	94	122	42	128	86	109	29	44	108	105	39	98	70	20	4	59	28	47	24	10	43	86	51	3	77	96	47	87	119	13	86	8	94	94
0	0	0	0	0	0	0	0	0	0	0	0	5	48	87	4	8	116	26	124	93	90	65	60	53	97	124	82	123	36	113	121	58	104	3	21	120	113	108	126	89	77	102	43	31	102	7	44	93	44	32	23	126	48	85	25	39	9	113	3	37	17	128	106	22	44	22	57	128	22	124	97	107	41	33	3	34	58	89	59	17	39	2	38	115	14	56	73	121	51	82	18	60	73	29	20	89	26	125	80	102	127	66	94	59	53	13	100	127	116	9	76	35	81	19	61	54	9	100	104	31	30	48	36	71	53	40	23
0	0	0	0	0	0	0	0	0	0	0	0	0	111	10	69	75	35	52	77	95	75	102	13	76	76	24	114	114	69	75	115	46	108	107	91	125	40	124	50	26	28	69	26	67	5	123	18	93	71	118	77	94	65	96	93	7	62	94	92	34	114	75	36	81	69	103	127	51	13	95	117	98	84	93	74	53	28	95	80	109	2	25	23	62	110	43	20	114	64	116	75	53	120	12	11	119	65	109	60	2	61	17	124	65	91	18	127	19	39	9	94	41	43	108	10	56	110	71	107	120	6	87	86	126	96	52	77
0	0	0	0	0	0	0	0	0	0	0	0	0	0	62	2	56	85	18	72	81	81	54	75	49	3	37	80	24	85	93	68	36	99	109	24	18	32	76	111	92	62	20	121	67	68	55	48	82	47	85	113	18	71	92	98	89	70	32	115	27	70	104	32	23	62	110	74	77	68	13	128	70	56	94	39	21	88	29	58	93	56	9	111	20	79	97	3	88	116	29	59	128	21	11	34	6	122	34	60	74	74	39	127	107	78	23	85	46	36	107	7	1	106	123	50	62	49	127	93	58	84	80	112	46	18	62	76
0	0	0	0	0	0	0	0	0	0	0	0	0	0	0	45	7	7	3	41	96	8	124	19	102	62	64	88	22	106	28	44	73	113	36	67	4	102	84	96	102	128	51	84	44	36	85	33	81	61	85	23	75	34	123	101	7	46	112	6	97	7	68	124	11	7	60	4	105	67	98	77	127	2	112	9	64	13	68	52	94	64	126	24	105	29	126	101	25	103	17	9	2	62	32	24	22	73	3	71	56	60	107	39	45	15	12	92	37	40	90	60	43	70	1	10	53	100	16	108	53	39	88	35	15	96	116	73
0	0	0	0	0	0	0	0	0	0	0	0	0	0	0	0	72	50	31	42	102	33	38	50	106	41	41	13	125	70	43	75	98	90	73	122	119	32	2	17	90	85	106	80	83	119	38	47	105	9	22	99	103	56	43	45	77	114	116	96	65	50	111	5	118	13	123	86	38	90	23	86	92	47	79	63	24	127	94	106	126	68	119	86	57	62	120	89	90	52	102	100	126	128	8	1	30	43	61	71	90	71	69	10	27	52	109	56	63	75	84	117	104	97	42	76	78	29	55	64	73	120	11	42	122	43	84	62
0	0	0	0	0	0	0	0	0	0	0	0	0	0	0	0	0	45	54	2	47	120	114	30	90	76	65	79	62	107	33	31	83	113	121	54	114	72	41	61	39	123	68	6	109	81	65	108	37	63	120	84	22	21	100	21	52	11	50	68	42	123	1	57	94	81	49	63	124	101	71	49	114	103	37	108	107	71	10	93	112	71	60	9	6	108	70	61	128	80	27	8	31	47	85	19	17	96	6	126	87	40	43	25	110	128	79	75	89	26	115	102	1	110	39	81	50	32	58	58	119	78	80	83	97	121	54	95
0	0	0	0	0	0	0	0	0	0	0	0	0	0	0	0	0	0	120	10	100	89	77	126	55	54	102	72	43	4	101	50	23	76	88	127	75	10	118	106	45	44	42	101	6	42	2	43	112	126	94	51	29	48	21	21	41	57	3	10	4	96	102	38	31	11	74	85	33	30	89	124	50	13	77	68	30	16	105	86	120	39	67	73	63	90	122	15	42	37	113	103	6	36	93	57	30	115	83	117	92	76	14	120	112	82	128	31	128	14	71	93	116	39	8	56	118	117	16	89	102	12	65	38	56	96	43	11
0	0	0	0	0	0	0	0	0	0	0	0	0	0	0	0	0	0	0	36	10	64	89	9	81	80	25	69	53	88	115	96	118	95	57	66	71	6	64	80	53	3	84	21	47	57	53	95	64	39	100	2	65	61	71	112	18	66	3	21	70	127	97	80	64	104	111	40	36	62	80	42	27	31	75	3	61	73	74	8	6	119	105	110	71	122	32	63	27	26	114	9	105	85	20	36	4	46	54	67	34	104	96	78	79	2	59	39	13	15	114	76	13	51	75	51	51	96	79	22	109	34	8	127	86	42	62	28
0	0	0	0	0	0	0	0	0	0	0	0	0	0	0	0	0	0	0	0	88	89	99	24	121	72	88	43	104	18	73	95	80	105	124	95	53	75	123	98	20	60	33	39	35	53	48	28	35	46	48	68	52	92	83	28	10	95	109	41	28	53	36	52	43	103	85	111	56	92	58	15	17	50	100	61	41	109	68	103	19	31	102	39	13	51	37	63	75	74	108	11	69	7	68	113	108	81	21	34	41	114	111	48	65	106	18	108	101	121	87	68	6	8	85	57	33	94	63	97	105	2	44	46	93	85	37	77
0	0	0	0	0	0	0	0	0	0	0	0	0	0	0	0	0	0	0	0	0	84	2	103	43	23	58	122	124	114	76	92	50	22	78	15	19	109	117	62	59	77	85	83	75	60	57	72	75	22	114	15	34	89	115	37	117	123	88	68	100	73	7	40	46	74	117	79	127	44	120	127	107	113	18	31	12	114	32	28	36	15	34	123	101	68	78	7	126	9	10	83	23	126	115	23	10	32	56	5	16	23	66	52	49	3	96	68	104	2	73	105	23	89	72	69	36	118	18	121	105	73	104	85	66	110	88	58
0	0	0	0	0	0	0	0	0	0	0	0	0	0	0	0	0	0	0	0	0	0	52	85	31	66	91	126	108	47	96	118	79	16	116	111	59	2	122	93	81	51	78	40	105	101	67	12	73	104	120	70	93	89	7	9	96	88	31	102	26	51	98	103	7	42	10	7	94	30	107	11	12	124	67	76	28	63	106	20	107	90	97	8	89	54	115	58	81	100	56	20	126	63	95	71	85	90	93	64	15	120	46	119	59	27	70	31	116	113	11	72	123	79	11	123	46	37	55	54	44	110	55	73	94	122	101	20
0	0	0	0	0	0	0	0	0	0	0	0	0	0	0	0	0	0	0	0	0	0	0	61	102	47	4	68	45	109	35	116	105	2	26	92	114	87	81	107	3	44	89	108	8	98	12	128	63	80	96	91	45	47	40	4	20	17	100	92	44	88	70	117	38	67	97	111	96	12	8	57	80	57	98	109	89	106	125	115	91	77	48	24	25	51	122	54	43	8	106	11	63	117	122	30	22	38	120	39	3	35	87	62	53	93	37	29	76	93	120	82	26	100	47	92	43	82	8	81	19	11	75	114	70	38	92	122
0	0	0	0	0	0	0	0	0	0	0	0	0	0	0	0	0	0	0	0	0	0	0	0	115	6	23	60	5	19	85	52	87	110	41	11	11	39	126	102	53	70	5	69	90	3	118	19	87	128	128	6	97	86	119	94	96	77	10	29	46	4	51	6	67	43	57	115	119	27	32	88	121	125	22	63	121	11	71	17	9	31	127	14	121	13	31	89	47	104	30	68	41	124	122	103	48	95	9	83	93	7	81	34	118	2	83	51	87	122	8	53	17	40	104	61	71	126	98	14	97	106	72	62	22	52	61	6
0	0	0	0	0	0	0	0	0	0	0	0	0	0	0	0	0	0	0	0	0	0	0	0	0	110	115	38	44	27	89	68	67	119	5	11	67	67	35	98	113	102	39	61	2	120	108	7	118	111	102	110	104	7	57	40	127	26	120	111	73	22	107	16	61	79	118	40	80	126	122	37	116	46	39	23	111	20	28	48	65	66	43	25	55	40	11	59	51	119	96	57	28	123	34	47	100	104	107	41	73	14	127	78	24	75	83	75	19	96	95	54	73	13	102	43	23	77	48	91	7	38	46	4	127	7	79	102
0	0	0	0	0	0	0	0	0	0	0	0	0	0	0	0	0	0	0	0	0	0	0	0	0	0	109	127	29	94	84	84	78	33	35	65	16	109	65	56	99	80	37	6	58	28	14	34	58	107	50	46	13	70	35	103	39	93	123	36	21	63	7	85	102	36	100	110	54	39	100	62	47	4	77	10	66	58	87	98	123	115	109	73	35	60	98	110	26	65	94	85	125	105	24	76	72	36	45	3	42	90	71	101	117	59	16	47	10	123	35	8	60	9	102	44	102	55	69	66	101	12	33	30	60	27	81	102
0	0	0	0	0	0	0	0	0	0	0	0	0	0	0	0	0	0	0	0	0	0	0	0	0	0	0	78	3	124	120	94	70	5	124	64	115	9	125	85	37	102	56	77	4	5	97	39	61	117	110	109	103	41	90	69	60	45	114	40	29	107	101	88	87	80	55	4	17	6	49	50	102	22	53	115	9	122	6	40	106	73	49	51	19	121	33	27	1	76	117	110	127	30	59	79	106	124	23	78	124	50	97	10	111	31	25	85	8	115	115	54	3	82	80	3	98	24	118	46	55	54	36	63	77	43	1	18
0	0	0	0	0	0	0	0	0	0	0	0	0	0	0	0	0	0	0	0	0	0	0	0	0	0	0	0	79	55	123	87	15	28	28	56	46	70	99	90	7	116	86	78	105	126	77	58	29	95	7	79	113	41	116	89	115	36	23	47	38	77	53	100	93	91	43	11	58	73	60	39	15	63	117	50	60	33	58	94	112	7	10	123	24	30	29	122	97	67	47	63	125	122	107	57	69	91	96	48	40	15	125	58	83	82	93	44	91	40	118	93	9	57	30	69	44	85	42	108	69	24	103	19	57	37	34	109
0	0	0	0	0	0	0	0	0	0	0	0	0	0	0	0	0	0	0	0	0	0	0	0	0	0	0	0	0	117	11	56	115	11	82	49	43	60	2	41	72	68	99	31	85	67	15	94	121	86	8	87	79	41	13	36	16	52	29	30	85	28	79	77	105	83	11	102	45	37	32	1	11	127	41	121	30	75	23	100	4	53	34	57	22	60	44	28	98	3	57	11	2	39	59	109	20	126	118	68	96	111	10	22	40	82	115	89	31	122	128	9	75	35	19	119	116	110	120	75	100	111	116	79	127	73	50	45
0	0	0	0	0	0	0	0	0	0	0	0	0	0	0	0	0	0	0	0	0	0	0	0	0	0	0	0	0	0	119	93	116	32	19	119	116	26	85	12	40	69	34	79	2	108	90	114	75	84	55	121	49	122	19	75	126	80	88	78	8	2	77	77	94	67	57	30	73	110	83	71	117	122	71	2	107	67	22	95	115	2	38	116	127	89	33	94	114	63	26	12	55	71	73	125	4	14	94	43	100	96	99	110	15	32	27	42	118	15	65	87	107	17	97	128	122	61	92	68	120	81	37	127	60	73	56	85
0	0	0	0	0	0	0	0	0	0	0	0	0	0	0	0	0	0	0	0	0	0	0	0	0	0	0	0	0	0	0	122	39	30	50	11	128	66	118	103	54	19	36	117	61	63	39	2	39	29	1	59	36	68	5	92	16	47	23	4	24	26	47	102	87	96	54	15	66	11	40	2	93	60	115	127	116	35	12	21	74	90	78	100	50	5	52	91	128	21	2	22	50	103	67	105	3	35	69	20	120	91	16	78	24	93	3	98	109	113	19	115	49	28	85	128	35	51	4	115	30	122	96	76	54	100	94	30
0	0	0	0	0	0	0	0	0	0	0	0	0	0	0	0	0	0	0	0	0	0	0	0	0	0	0	0	0	0	0	0	49	96	106	86	125	84	49	46	123	16	97	46	104	42	64	93	23	61	85	76	68	22	43	82	121	60	117	43	7	7	55	36	128	83	45	12	73	8	116	8	92	94	62	123	8	95	75	63	115	4	99	108	42	16	124	12	2	11	76	45	75	23	95	9	39	83	54	115	85	36	79	81	49	74	24	107	13	125	76	106	5	57	95	56	78	87	7	24	50	73	126	62	25	11	3	60
0	0	0	0	0	0	0	0	0	0	0	0	0	0	0	0	0	0	0	0	0	0	0	0	0	0	0	0	0	0	0	0	0	46	115	69	32	75	17	71	24	90	66	88	45	89	22	72	16	26	126	42	70	38	125	18	6	18	127	70	26	113	112	93	90	19	62	1	54	35	89	20	93	44	90	44	33	81	10	41	116	45	4	32	26	60	123	89	57	67	122	62	13	63	35	72	7	27	67	53	86	71	72	4	122	44	35	4	21	64	91	102	13	18	74	126	37	51	113	102	128	2	62	38	71	88	10	127
0	0	0	0	0	0	0	0	0	0	0	0	0	0	0	0	0	0	0	0	0	0	0	0	0	0	0	0	0	0	0	0	0	0	90	10	42	84	6	3	63	1	77	82	8	110	15	28	83	122	12	64	106	120	121	116	89	65	22	18	111	35	1	69	85	49	5	97	94	13	77	54	79	62	117	83	7	89	124	121	121	46	45	13	117	71	68	123	1	29	117	107	1	58	44	43	59	101	44	66	45	1	17	43	28	7	80	93	7	60	47	69	48	111	31	86	107	5	88	83	57	5	72	88	67	117	76	1
0	0	0	0	0	0	0	0	0	0	0	0	0	0	0	0	0	0	0	0	0	0	0	0	0	0	0	0	0	0	0	0	0	0	0	80	56	12	83	89	94	126	88	26	80	39	73	126	51	108	81	103	36	125	67	28	88	107	17	46	71	88	118	59	127	97	36	58	100	72	2	51	5	113	2	86	53	36	37	80	76	128	33	70	102	25	109	93	125	65	124	84	116	80	107	41	62	14	103	4	69	113	97	75	57	99	25	120	102	113	46	8	7	83	63	124	2	73	123	127	63	14	10	70	110	87	9	90
0	0	0	0	0	0	0	0	0	0	0	0	0	0	0	0	0	0	0	0	0	0	0	0	0	0	0	0	0	0	0	0	0	0	0	0	45	121	46	98	36	8	14	6	16	87	52	9	50	99	87	112	46	14	13	57	47	41	65	68	67	20	23	25	3	60	29	126	80	7	24	128	91	23	126	5	79	64	12	88	93	6	111	120	111	91	20	71	108	63	37	105	119	61	122	22	124	71	82	1	58	123	68	126	50	116	19	61	41	26	118	17	103	67	38	8	110	79	83	82	28	39	98	124	100	109	42	75
0	0	0	0	0	0	0	0	0	0	0	0	0	0	0	0	0	0	0	0	0	0	0	0	0	0	0	0	0	0	0	0	0	0	0	0	0	95	128	64	33	15	11	41	74	11	113	124	95	104	89	9	88	86	106	78	41	25	23	56	39	89	77	75	13	91	48	29	104	103	49	78	66	5	59	59	63	12	92	85	81	95	27	12	43	54	116	104	79	55	89	48	36	32	123	105	106	88	94	28	57	33	36	112	10	72	102	23	52	69	20	109	72	14	113	47	54	67	37	82	99	9	67	27	1	13	85	89
0	0	0	0	0	0	0	0	0	0	0	0	0	0	0	0	0	0	0	0	0	0	0	0	0	0	0	0	0	0	0	0	0	0	0	0	0	0	22	6	13	32	3	111	99	105	105	72	36	31	20	58	72	79	79	36	72	70	87	22	104	45	17	68	110	6	37	102	53	7	9	126	13	79	18	86	128	115	23	100	46	91	59	117	79	43	121	6	15	2	127	84	6	8	92	85	100	44	27	2	6	25	69	28	37	3	94	110	89	81	32	96	39	54	69	67	11	48	8	62	111	51	86	32	87	118	106	8
0	0	0	0	0	0	0	0	0	0	0	0	0	0	0	0	0	0	0	0	0	0	0	0	0	0	0	0	0	0	0	0	0	0	0	0	0	0	0	28	125	59	38	13	91	6	5	43	74	72	64	51	118	77	44	30	56	79	54	26	28	64	54	45	109	96	13	96	105	55	79	115	21	94	21	87	104	4	51	3	60	115	18	24	73	94	65	112	85	85	128	29	126	128	14	33	64	47	10	37	2	9	106	10	115	28	123	26	41	19	79	32	92	44	113	90	15	45	56	51	124	93	34	114	85	106	58	73
0	0	0	0	0	0	0	0	0	0	0	0	0	0	0	0	0	0	0	0	0	0	0	0	0	0	0	0	0	0	0	0	0	0	0	0	0	0	0	0	45	28	14	100	32	20	89	104	51	36	54	33	122	55	127	67	74	14	41	55	113	76	6	56	110	25	19	84	93	100	35	19	122	48	1	86	18	94	64	98	104	99	101	6	1	93	101	54	119	21	78	63	112	41	65	40	24	67	29	121	62	83	11	4	26	87	99	72	45	38	50	18	68	87	55	63	60	32	13	79	106	48	78	64	58	49	28	21
0	0	0	0	0	0	0	0	0	0	0	0	0	0	0	0	0	0	0	0	0	0	0	0	0	0	0	0	0	0	0	0	0	0	0	0	0	0	0	0	0	64	35	64	74	52	51	101	5	59	52	51	110	48	90	68	110	8	90	32	97	22	106	8	70	21	28	4	52	71	107	76	6	72	75	46	54	81	104	105	85	6	102	99	116	1	43	80	36	77	9	49	114	117	3	5	60	117	77	99	50	18	97	115	109	75	6	54	40	117	93	71	3	64	104	97	47	78	1	97	59	78	68	16	113	71	105	94
0	0	0	0	0	0	0	0	0	0	0	0	0	0	0	0	0	0	0	0	0	0	0	0	0	0	0	0	0	0	0	0	0	0	0	0	0	0	0	0	0	0	28	81	88	63	24	26	77	112	6	64	104	121	114	107	70	20	17	17	83	2	119	77	56	21	44	98	47	127	13	29	12	1	54	61	95	113	82	102	25	15	33	60	27	92	122	109	15	2	108	105	89	79	13	61	62	69	36	54	64	104	41	33	76	80	75	99	20	84	5	19	5	1	72	73	100	9	103	97	110	90	125	63	115	88	65	21
0	0	0	0	0	0	0	0	0	0	0	0	0	0	0	0	0	0	0	0	0	0	0	0	0	0	0	0	0	0	0	0	0	0	0	0	0	0	0	0	0	0	0	9	126	88	43	110	102	59	109	49	51	94	43	62	57	60	125	51	7	83	108	1	6	83	35	58	115	43	37	29	36	52	110	74	56	18	63	73	34	34	35	112	4	58	80	106	126	27	64	83	20	125	104	52	105	128	55	103	14	48	53	62	76	39	17	85	117	60	20	118	95	86	95	60	106	83	74	19	76	41	26	123	46	78	20	36
0	0	0	0	0	0	0	0	0	0	0	0	0	0	0	0	0	0	0	0	0	0	0	0	0	0	0	0	0	0	0	0	0	0	0	0	0	0	0	0	0	0	0	0	17	46	68	12	107	59	9	128	11	23	112	104	67	95	43	53	25	40	127	71	97	123	2	92	47	71	40	24	53	121	4	57	77	91	52	13	13	60	101	48	113	49	39	47	99	42	22	52	101	80	103	85	67	92	90	11	15	25	66	71	104	84	35	70	101	68	26	66	76	20	36	34	67	60	85	27	90	114	5	65	56	124	50	3
0	0	0	0	0	0	0	0	0	0	0	0	0	0	0	0	0	0	0	0	0	0	0	0	0	0	0	0	0	0	0	0	0	0	0	0	0	0	0	0	0	0	0	0	0	84	89	29	110	61	35	52	53	88	90	50	53	3	17	4	70	109	105	59	79	76	108	67	73	19	41	86	51	112	100	123	27	80	101	68	109	116	104	24	98	78	128	113	93	47	33	47	8	53	109	9	27	76	102	58	7	105	75	122	77	91	116	25	100	14	106	127	62	16	55	122	69	9	87	8	51	114	23	125	52	30	83	70
0	0	0	0	0	0	0	0	0	0	0	0	0	0	0	0	0	0	0	0	0	0	0	0	0	0	0	0	0	0	0	0	0	0	0	0	0	0	0	0	0	0	0	0	0	0	80	110	11	100	114	51	28	67	7	60	108	53	117	77	125	98	66	48	37	42	45	62	37	120	108	58	82	64	38	115	45	51	104	108	50	10	105	15	9	71	17	108	18	118	74	48	107	61	57	38	105	114	4	66	7	40	42	123	119	8	41	62	38	50	101	91	82	103	17	17	120	6	112	61	105	48	83	101	88	122	78	75
0	0	0	0	0	0	0	0	0	0	0	0	0	0	0	0	0	0	0	0	0	0	0	0	0	0	0	0	0	0	0	0	0	0	0	0	0	0	0	0	0	0	0	0	0	0	0	81	118	56	121	58	39	59	9	44	13	1	125	1	76	127	18	8	23	95	94	51	64	7	65	60	123	91	113	16	93	82	53	28	21	3	17	87	100	14	128	18	54	81	21	56	89	13	1	72	35	70	6	82	72	119	13	33	4	119	122	101	3	52	82	28	66	76	46	13	80	126	76	39	62	27	58	86	77	111	42	64
0	0	0	0	0	0	0	0	0	0	0	0	0	0	0	0	0	0	0	0	0	0	0	0	0	0	0	0	0	0	0	0	0	0	0	0	0	0	0	0	0	0	0	0	0	0	0	0	6	33	68	127	54	66	25	2	48	49	82	80	53	74	48	116	62	112	46	9	106	70	30	25	3	30	59	124	6	106	3	100	1	88	124	95	70	41	25	11	122	107	24	35	13	121	103	41	115	105	98	37	58	92	80	12	121	27	123	115	21	17	100	41	18	52	51	116	94	68	128	87	96	17	108	33	30	90	123	46
0	0	0	0	0	0	0	0	0	0	0	0	0	0	0	0	0	0	0	0	0	0	0	0	0	0	0	0	0	0	0	0	0	0	0	0	0	0	0	0	0	0	0	0	0	0	0	0	0	74	30	120	54	55	35	107	89	40	80	44	83	105	13	28	59	81	41	17	126	11	74	90	36	47	93	78	86	128	16	10	10	41	42	116	77	110	21	24	47	64	17	35	3	99	42	89	93	35	82	7	35	74	80	103	5	47	105	25	107	84	25	88	62	121	36	66	45	60	73	31	111	18	42	34	36	37	13	34
0	0	0	0	0	0	0	0	0	0	0	0	0	0	0	0	0	0	0	0	0	0	0	0	0	0	0	0	0	0	0	0	0	0	0	0	0	0	0	0	0	0	0	0	0	0	0	0	0	0	110	14	8	40	8	113	52	22	42	120	68	117	41	80	115	115	59	53	31	55	76	113	39	103	110	100	86	24	40	86	51	70	12	125	99	80	41	49	79	107	3	89	71	48	74	31	22	15	11	103	32	8	58	31	88	52	47	27	26	7	105	23	92	64	117	43	28	65	24	6	72	39	44	40	90	21	64	107
0	0	0	0	0	0	0	0	0	0	0	0	0	0	0	0	0	0	0	0	0	0	0	0	0	0	0	0	0	0	0	0	0	0	0	0	0	0	0	0	0	0	0	0	0	0	0	0	0	0	0	84	2	35	128	23	71	75	44	77	74	84	78	59	51	103	81	40	4	93	8	105	20	63	77	21	29	4	21	90	124	64	114	18	86	30	8	26	86	70	97	88	103	121	79	89	17	29	3	54	107	79	38	113	1	110	71	57	30	24	25	11	76	58	51	96	34	30	46	99	32	61	54	104	70	63	25	47
0	0	0	0	0	0	0	0	0	0	0	0	0	0	0	0	0	0	0	0	0	0	0	0	0	0	0	0	0	0	0	0	0	0	0	0	0	0	0	0	0	0	0	0	0	0	0	0	0	0	0	0	67	105	94	108	1	95	62	28	100	32	2	56	93	4	103	111	13	74	4	96	20	36	125	119	71	26	2	15	61	112	79	2	66	62	18	114	28	97	87	119	48	3	101	37	72	49	36	12	101	107	5	70	96	65	81	120	42	122	51	18	102	4	87	88	68	123	19	54	10	83	116	58	72	98	13	75
0	0	0	0	0	0	0	0	0	0	0	0	0	0	0	0	0	0	0	0	0	0	0	0	0	0	0	0	0	0	0	0	0	0	0	0	0	0	0	0	0	0	0	0	0	0	0	0	0	0	0	0	0	113	98	29	105	105	67	128	20	27	112	41	59	60	73	103	88	28	14	63	77	102	65	126	114	64	74	53	104	37	94	98	121	127	23	87	76	22	93	15	9	86	48	93	61	22	17	51	99	33	78	103	91	105	113	120	53	5	45	18	112	91	71	116	105	8	110	28	119	3	50	50	63	45	63	78
0	0	0	0	0	0	0	0	0	0	0	0	0	0	0	0	0	0	0	0	0	0	0	0	0	0	0	0	0	0	0	0	0	0	0	0	0	0	0	0	0	0	0	0	0	0	0	0	0	0	0	0	0	0	115	105	127	64	73	44	61	117	107	125	35	90	5	24	14	121	28	29	64	21	88	103	94	54	111	77	121	16	96	111	24	26	41	43	6	18	118	94	117	61	70	89	18	92	122	12	101	98	57	27	7	71	104	49	96	21	47	32	21	83	78	105	32	9	49	72	123	39	23	81	75	45	88	7
0	0	0	0	0	0	0	0	0	0	0	0	0	0	0	0	0	0	0	0	0	0	0	0	0	0	0	0	0	0	0	0	0	0	0	0	0	0	0	0	0	0	0	0	0	0	0	0	0	0	0	0	0	0	0	110	1	113	35	61	12	65	7	65	125	86	95	69	117	60	45	16	75	109	120	48	50	39	66	5	107	44	18	30	31	19	107	54	46	24	94	60	92	15	115	115	21	53	38	118	89	116	123	3	14	67	89	27	116	90	115	42	31	101	94	75	67	114	72	59	111	103	13	61	35	94	45	65
0	0	0	0	0	0	0	0	0	0	0	0	0	0	0	0	0	0	0	0	0	0	0	0	0	0	0	0	0	0	0	0	0	0	0	0	0	0	0	0	0	0	0	0	0	0	0	0	0	0	0	0	0	0	0	0	78	59	9	19	15	26	74	47	127	120	48	60	116	3	53	107	19	45	4	87	17	59	48	92	64	77	118	38	40	67	76	21	32	45	34	59	121	36	85	43	106	56	27	73	46	51	13	118	110	22	66	41	32	37	18	53	59	42	37	18	60	80	26	83	4	26	72	71	99	37	126	123
0	0	0	0	0	0	0	0	0	0	0	0	0	0	0	0	0	0	0	0	0	0	0	0	0	0	0	0	0	0	0	0	0	0	0	0	0	0	0	0	0	0	0	0	0	0	0	0	0	0	0	0	0	0	0	0	0	51	125	64	66	51	81	37	92	12	97	41	124	17	57	59	71	56	116	3	13	10	102	103	91	8	99	34	64	59	8	59	91	81	103	42	72	90	2	75	13	84	61	120	44	65	80	2	58	44	110	27	21	50	113	4	103	57	14	76	113	75	7	103	80	21	118	69	67	60	45	102
0	0	0	0	0	0	0	0	0	0	0	0	0	0	0	0	0	0	0	0	0	0	0	0	0	0	0	0	0	0	0	0	0	0	0	0	0	0	0	0	0	0	0	0	0	0	0	0	0	0	0	0	0	0	0	0	0	0	90	67	96	122	49	17	102	43	59	111	104	7	123	81	52	80	81	79	7	75	60	97	119	80	128	66	124	76	83	25	86	17	49	126	15	91	78	85	19	115	73	34	87	118	10	109	26	120	35	74	20	70	59	95	40	3	44	1	35	73	29	112	67	90	43	88	109	104	77	13
0	0	0	0	0	0	0	0	0	0	0	0	0	0	0	0	0	0	0	0	0	0	0	0	0	0	0	0	0	0	0	0	0	0	0	0	0	0	0	0	0	0	0	0	0	0	0	0	0	0	0	0	0	0	0	0	0	0	0	40	16	20	121	81	88	86	40	90	107	109	91	64	112	97	23	98	71	71	71	43	44	28	10	9	67	102	6	73	102	46	24	128	61	13	44	24	105	128	45	63	115	128	104	10	21	35	85	29	66	30	87	76	41	47	123	127	37	11	55	12	106	84	94	40	25	76	58	28
0	0	0	0	0	0	0	0	0	0	0	0	0	0	0	0	0	0	0	0	0	0	0	0	0	0	0	0	0	0	0	0	0	0	0	0	0	0	0	0	0	0	0	0	0	0	0	0	0	0	0	0	0	0	0	0	0	0	0	0	35	37	106	78	30	45	114	49	25	16	1	19	23	90	125	38	48	65	86	107	47	38	99	56	125	72	78	68	22	73	51	103	121	94	34	122	120	86	75	123	23	77	96	99	62	90	113	34	79	53	65	54	106	91	21	72	58	127	96	87	24	70	98	59	118	22	20	84
0	0	0	0	0	0	0	0	0	0	0	0	0	0	0	0	0	0	0	0	0	0	0	0	0	0	0	0	0	0	0	0	0	0	0	0	0	0	0	0	0	0	0	0	0	0	0	0	0	0	0	0	0	0	0	0	0	0	0	0	0	106	25	100	38	69	84	103	45	128	30	81	2	1	118	63	108	41	124	92	105	123	115	47	107	74	107	105	75	72	48	28	108	72	125	98	51	55	51	53	67	108	77	89	68	52	111	102	10	40	71	77	27	16	125	56	102	120	124	44	115	70	51	119	78	37	29	68
0	0	0	0	0	0	0	0	0	0	0	0	0	0	0	0	0	0	0	0	0	0	0	0	0	0	0	0	0	0	0	0	0	0	0	0	0	0	0	0	0	0	0	0	0	0	0	0	0	0	0	0	0	0	0	0	0	0	0	0	0	0	99	85	125	89	113	46	105	44	29	41	78	87	8	9	47	13	45	74	16	71	4	39	28	37	63	98	26	41	86	40	22	37	24	49	1	10	111	7	11	78	11	55	52	80	94	87	125	92	107	92	51	113	76	108	69	94	83	11	61	46	103	16	62	24	118	30
0	0	0	0	0	0	0	0	0	0	0	0	0	0	0	0	0	0	0	0	0	0	0	0	0	0	0	0	0	0	0	0	0	0	0	0	0	0	0	0	0	0	0	0	0	0	0	0	0	0	0	0	0	0	0	0	0	0	0	0	0	0	0	110	85	100	89	94	42	1	105	101	89	13	86	42	63	72	24	19	81	23	36	93	114	70	6	112	48	27	55	16	123	89	128	90	111	97	120	43	112	53	118	43	118	12	64	33	95	39	14	35	75	118	44	95	113	4	22	71	8	77	44	91	40	86	51	86
0	0	0	0	0	0	0	0	0	0	0	0	0	0	0	0	0	0	0	0	0	0	0	0	0	0	0	0	0	0	0	0	0	0	0	0	0	0	0	0	0	0	0	0	0	0	0	0	0	0	0	0	0	0	0	0	0	0	0	0	0	0	0	0	100	31	12	112	89	56	11	128	116	114	24	125	50	10	5	29	19	73	4	83	13	84	56	94	35	61	39	70	46	14	120	25	121	79	126	71	70	90	57	2	41	22	124	48	34	3	63	100	48	127	125	126	124	21	48	107	119	57	25	69	26	128	80	94
0	0	0	0	0	0	0	0	0	0	0	0	0	0	0	0	0	0	0	0	0	0	0	0	0	0	0	0	0	0	0	0	0	0	0	0	0	0	0	0	0	0	0	0	0	0	0	0	0	0	0	0	0	0	0	0	0	0	0	0	0	0	0	0	0	1	51	79	78	26	90	21	128	3	29	14	59	97	81	79	73	45	93	76	119	60	57	4	117	4	7	97	73	37	127	40	37	126	92	80	36	6	76	75	102	55	115	81	13	53	9	77	16	95	10	52	90	32	125	111	3	17	75	95	18	20	59	96
0	0	0	0	0	0	0	0	0	0	0	0	0	0	0	0	0	0	0	0	0	0	0	0	0	0	0	0	0	0	0	0	0	0	0	0	0	0	0	0	0	0	0	0	0	0	0	0	0	0	0	0	0	0	0	0	0	0	0	0	0	0	0	0	0	0	101	102	117	9	73	17	94	90	67	105	48	48	64	24	7	125	100	56	6	86	2	44	125	23	58	61	26	16	112	111	8	128	79	2	12	125	51	93	84	105	116	100	128	64	15	113	86	95	122	51	35	39	123	7	86	43	126	67	2	80	36	78
0	0	0	0	0	0	0	0	0	0	0	0	0	0	0	0	0	0	0	0	0	0	0	0	0	0	0	0	0	0	0	0	0	0	0	0	0	0	0	0	0	0	0	0	0	0	0	0	0	0	0	0	0	0	0	0	0	0	0	0	0	0	0	0	0	0	0	109	57	102	87	65	54	6	82	35	33	43	40	18	110	124	119	11	57	31	46	118	52	104	104	16	113	49	117	15	123	24	95	33	109	54	26	83	48	3	32	11	15	21	30	6	119	46	37	2	107	15	105	66	25	39	19	11	128	100	79	4
0	0	0	0	0	0	0	0	0	0	0	0	0	0	0	0	0	0	0	0	0	0	0	0	0	0	0	0	0	0	0	0	0	0	0	0	0	0	0	0	0	0	0	0	0	0	0	0	0	0	0	0	0	0	0	0	0	0	0	0	0	0	0	0	0	0	0	0	42	71	52	102	22	46	75	64	53	120	48	28	124	15	106	64	51	73	45	108	49	72	45	22	96	25	86	103	101	29	100	123	81	71	120	38	3	69	113	125	63	33	79	5	14	58	107	1	51	121	28	96	73	121	115	106	9	66	42	57
0	0	0	0	0	0	0	0	0	0	0	0	0	0	0	0	0	0	0	0	0	0	0	0	0	0	0	0	0	0	0	0	0	0	0	0	0	0	0	0	0	0	0	0	0	0	0	0	0	0	0	0	0	0	0	0	0	0	0	0	0	0	0	0	0	0	0	0	0	57	119	7	118	34	91	109	43	42	97	123	61	107	10	106	104	57	43	65	82	84	127	26	6	45	120	44	92	91	107	67	121	52	78	95	128	74	118	19	95	68	122	21	41	77	40	14	81	27	113	57	76	91	116	97	60	100	2	45
0	0	0	0	0	0	0	0	0	0	0	0	0	0	0	0	0	0	0	0	0	0	0	0	0	0	0	0	0	0	0	0	0	0	0	0	0	0	0	0	0	0	0	0	0	0	0	0	0	0	0	0	0	0	0	0	0	0	0	0	0	0	0	0	0	0	0	0	0	0	60	42	91	27	127	9	46	62	31	56	63	39	47	125	109	11	37	92	63	73	102	102	20	93	82	30	82	120	24	57	73	56	67	120	77	71	28	73	23	81	101	38	109	125	73	35	41	109	107	20	18	62	106	94	63	123	28	43
0	0	0	0	0	0	0	0	0	0	0	0	0	0	0	0	0	0	0	0	0	0	0	0	0	0	0	0	0	0	0	0	0	0	0	0	0	0	0	0	0	0	0	0	0	0	0	0	0	0	0	0	0	0	0	0	0	0	0	0	0	0	0	0	0	0	0	0	0	0	0	109	31	124	69	99	58	7	88	24	110	77	38	57	36	112	118	126	118	31	94	14	97	85	61	38	29	85	75	123	111	27	121	7	67	101	126	9	33	95	77	72	1	116	75	65	2	45	5	85	19	56	26	73	32	97	64	52
0	0	0	0	0	0	0	0	0	0	0	0	0	0	0	0	0	0	0	0	0	0	0	0	0	0	0	0	0	0	0	0	0	0	0	0	0	0	0	0	0	0	0	0	0	0	0	0	0	0	0	0	0	0	0	0	0	0	0	0	0	0	0	0	0	0	0	0	0	0	0	0	70	35	124	11	65	114	9	13	118	107	111	88	12	57	49	20	38	118	6	102	24	100	116	90	103	49	59	19	66	50	42	88	24	35	20	10	46	69	36	5	62	100	25	53	26	93	109	111	113	35	91	45	103	9	1	94
0	0	0	0	0	0	0	0	0	0	0	0	0	0	0	0	0	0	0	0	0	0	0	0	0	0	0	0	0	0	0	0	0	0	0	0	0	0	0	0	0	0	0	0	0	0	0	0	0	0	0	0	0	0	0	0	0	0	0	0	0	0	0	0	0	0	0	0	0	0	0	0	0	125	56	69	84	18	36	56	94	36	17	80	3	68	31	36	42	119	96	36	4	85	118	41	78	55	51	93	74	119	99	115	36	47	88	22	47	1	75	110	17	45	28	36	59	60	117	3	18	24	29	111	40	53	56	13
0	0	0	0	0	0	0	0	0	0	0	0	0	0	0	0	0	0	0	0	0	0	0	0	0	0	0	0	0	0	0	0	0	0	0	0	0	0	0	0	0	0	0	0	0	0	0	0	0	0	0	0	0	0	0	0	0	0	0	0	0	0	0	0	0	0	0	0	0	0	0	0	0	0	89	63	67	97	22	88	58	22	13	33	7	91	71	34	45	32	28	60	44	69	72	127	21	87	60	125	76	103	65	86	43	10	74	96	120	89	102	57	20	117	85	101	16	101	2	107	113	18	106	7	98	68	106	88
0	0	0	0	0	0	0	0	0	0	0	0	0	0	0	0	0	0	0	0	0	0	0	0	0	0	0	0	0	0	0	0	0	0	0	0	0	0	0	0	0	0	0	0	0	0	0	0	0	0	0	0	0	0	0	0	0	0	0	0	0	0	0	0	0	0	0	0	0	0	0	0	0	0	0	111	19	119	42	102	40	13	56	107	91	84	50	60	30	87	66	7	39	103	84	33	126	94	1	59	15	103	2	70	67	38	105	111	67	105	89	58	126	30	48	38	28	118	116	51	4	61	28	33	72	48	122	5
0	0	0	0	0	0	0	0	0	0	0	0	0	0	0	0	0	0	0	0	0	0	0	0	0	0	0	0	0	0	0	0	0	0	0	0	0	0	0	0	0	0	0	0	0	0	0	0	0	0	0	0	0	0	0	0	0	0	0	0	0	0	0	0	0	0	0	0	0	0	0	0	0	0	0	0	93	16	114	93	106	111	46	33	95	54	59	16	10	32	6	108	66	64	58	26	32	78	125	91	60	27	121	124	48	102	7	67	92	124	1	37	24	92	81	76	82	92	126	28	111	115	10	54	101	87	72	21
0	0	0	0	0	0	0	0	0	0	0	0	0	0	0	0	0	0	0	0	0	0	0	0	0	0	0	0	0	0	0	0	0	0	0	0	0	0	0	0	0	0	0	0	0	0	0	0	0	0	0	0	0	0	0	0	0	0	0	0	0	0	0	0	0	0	0	0	0	0	0	0	0	0	0	0	0	71	127	54	95	10	94	116	63	34	8	117	45	14	24	102	64	117	91	59	65	103	110	82	29	47	8	95	119	102	126	2	72	21	58	108	9	64	96	95	32	22	83	113	50	36	80	104	122	30	116	71
0	0	0	0	0	0	0	0	0	0	0	0	0	0	0	0	0	0	0	0	0	0	0	0	0	0	0	0	0	0	0	0	0	0	0	0	0	0	0	0	0	0	0	0	0	0	0	0	0	0	0	0	0	0	0	0	0	0	0	0	0	0	0	0	0	0	0	0	0	0	0	0	0	0	0	0	0	0	110	12	75	110	110	32	91	44	96	81	126	6	49	26	1	27	2	71	2	124	59	17	86	10	1	33	89	86	104	40	63	77	74	74	42	9	95	57	24	69	32	111	11	91	31	121	7	6	26	17
0	0	0	0	0	0	0	0	0	0	0	0	0	0	0	0	0	0	0	0	0	0	0	0	0	0	0	0	0	0	0	0	0	0	0	0	0	0	0	0	0	0	0	0	0	0	0	0	0	0	0	0	0	0	0	0	0	0	0	0	0	0	0	0	0	0	0	0	0	0	0	0	0	0	0	0	0	0	0	49	87	119	100	9	77	67	127	48	102	4	98	115	12	126	20	114	98	28	59	124	53	69	71	102	46	83	41	13	81	76	7	98	30	111	57	101	16	15	91	8	15	44	50	63	8	37	25	28
0	0	0	0	0	0	0	0	0	0	0	0	0	0	0	0	0	0	0	0	0	0	0	0	0	0	0	0	0	0	0	0	0	0	0	0	0	0	0	0	0	0	0	0	0	0	0	0	0	0	0	0	0	0	0	0	0	0	0	0	0	0	0	0	0	0	0	0	0	0	0	0	0	0	0	0	0	0	0	0	23	94	39	76	115	92	18	8	46	25	109	80	36	118	16	102	24	5	42	99	22	82	122	25	127	114	22	108	75	18	98	128	127	71	16	108	104	20	23	44	13	40	63	56	48	29	83	7
0	0	0	0	0	0	0	0	0	0	0	0	0	0	0	0	0	0	0	0	0	0	0	0	0	0	0	0	0	0	0	0	0	0	0	0	0	0	0	0	0	0	0	0	0	0	0	0	0	0	0	0	0	0	0	0	0	0	0	0	0	0	0	0	0	0	0	0	0	0	0	0	0	0	0	0	0	0	0	0	0	80	48	25	113	99	59	100	109	74	79	108	53	33	63	33	64	79	83	112	51	112	37	62	18	47	96	41	85	20	103	87	86	3	92	60	42	15	101	85	96	127	30	46	40	27	4	107
0	0	0	0	0	0	0	0	0	0	0	0	0	0	0	0	0	0	0	0	0	0	0	0	0	0	0	0	0	0	0	0	0	0	0	0	0	0	0	0	0	0	0	0	0	0	0	0	0	0	0	0	0	0	0	0	0	0	0	0	0	0	0	0	0	0	0	0	0	0	0	0	0	0	0	0	0	0	0	0	0	0	74	118	42	65	103	2	99	80	81	117	102	27	117	84	11	117	118	59	88	35	103	74	9	6	89	94	2	5	36	113	5	56	119	78	89	60	111	11	97	52	95	100	24	9	40	51
0	0	0	0	0	0	0	0	0	0	0	0	0	0	0	0	0	0	0	0	0	0	0	0	0	0	0	0	0	0	0	0	0	0	0	0	0	0	0	0	0	0	0	0	0	0	0	0	0	0	0	0	0	0	0	0	0	0	0	0	0	0	0	0	0	0	0	0	0	0	0	0	0	0	0	0	0	0	0	0	0	0	0	92	66	121	42	25	40	112	22	37	47	36	77	6	109	18	67	73	76	31	116	36	113	11	67	15	85	49	98	85	86	44	10	120	81	43	45	16	117	20	52	48	86	52	93	92
0	0	0	0	0	0	0	0	0	0	0	0	0	0	0	0	0	0	0	0	0	0	0	0	0	0	0	0	0	0	0	0	0	0	0	0	0	0	0	0	0	0	0	0	0	0	0	0	0	0	0	0	0	0	0	0	0	0	0	0	0	0	0	0	0	0	0	0	0	0	0	0	0	0	0	0	0	0	0	0	0	0	0	0	74	81	40	122	74	108	41	32	48	106	41	34	89	10	90	116	44	23	126	13	84	63	47	103	18	125	99	101	18	52	47	89	93	48	97	96	35	87	47	2	66	95	81	46
0	0	0	0	0	0	0	0	0	0	0	0	0	0	0	0	0	0	0	0	0	0	0	0	0	0	0	0	0	0	0	0	0	0	0	0	0	0	0	0	0	0	0	0	0	0	0	0	0	0	0	0	0	0	0	0	0	0	0	0	0	0	0	0	0	0	0	0	0	0	0	0	0	0	0	0	0	0	0	0	0	0	0	0	0	32	69	127	116	95	65	45	110	105	43	54	59	6	122	104	20	97	97	113	123	99	58	5	28	120	5	38	101	102	11	87	74	107	14	79	112	63	46	128	41	31	41	48
0	0	0	0	0	0	0	0	0	0	0	0	0	0	0	0	0	0	0	0	0	0	0	0	0	0	0	0	0	0	0	0	0	0	0	0	0	0	0	0	0	0	0	0	0	0	0	0	0	0	0	0	0	0	0	0	0	0	0	0	0	0	0	0	0	0	0	0	0	0	0	0	0	0	0	0	0	0	0	0	0	0	0	0	0	0	119	6	122	122	72	71	15	15	128	15	113	118	60	10	86	20	127	117	46	85	89	75	19	48	73	101	14	120	55	118	13	83	30	25	117	3	41	123	28	48	77	33
0	0	0	0	0	0	0	0	0	0	0	0	0	0	0	0	0	0	0	0	0	0	0	0	0	0	0	0	0	0	0	0	0	0	0	0	0	0	0	0	0	0	0	0	0	0	0	0	0	0	0	0	0	0	0	0	0	0	0	0	0	0	0	0	0	0	0	0	0	0	0	0	0	0	0	0	0	0	0	0	0	0	0	0	0	0	0	110	95	115	70	72	79	5	117	98	36	127	101	56	69	94	71	85	36	116	44	70	1	98	36	85	79	126	12	125	84	24	55	71	107	30	40	85	123	118	84	60
0	0	0	0	0	0	0	0	0	0	0	0	0	0	0	0	0	0	0	0	0	0	0	0	0	0	0	0	0	0	0	0	0	0	0	0	0	0	0	0	0	0	0	0	0	0	0	0	0	0	0	0	0	0	0	0	0	0	0	0	0	0	0	0	0	0	0	0	0	0	0	0	0	0	0	0	0	0	0	0	0	0	0	0	0	0	0	0	13	43	53	6	100	6	61	55	15	32	52	13	127	90	88	5	46	37	89	96	85	64	36	111	72	82	6	20	103	88	91	10	61	16	9	24	76	21	121	53
0	0	0	0	0	0	0	0	0	0	0	0	0	0	0	0	0	0	0	0	0	0	0	0	0	0	0	0	0	0	0	0	0	0	0	0	0	0	0	0	0	0	0	0	0	0	0	0	0	0	0	0	0	0	0	0	0	0	0	0	0	0	0	0	0	0	0	0	0	0	0	0	0	0	0	0	0	0	0	0	0	0	0	0	0	0	0	0	0	77	1	92	23	61	79	72	63	12	3	29	95	90	18	4	32	26	49	76	43	99	3	36	5	100	79	103	75	16	48	97	30	42	37	17	47	21	107	9
0	0	0	0	0	0	0	0	0	0	0	0	0	0	0	0	0	0	0	0	0	0	0	0	0	0	0	0	0	0	0	0	0	0	0	0	0	0	0	0	0	0	0	0	0	0	0	0	0	0	0	0	0	0	0	0	0	0	0	0	0	0	0	0	0	0	0	0	0	0	0	0	0	0	0	0	0	0	0	0	0	0	0	0	0	0	0	0	0	0	14	18	125	87	19	50	40	88	15	122	75	58	22	102	94	87	111	64	74	85	55	58	120	14	18	1	75	117	66	102	116	86	37	85	124	97	12	69
0	0	0	0	0	0	0	0	0	0	0	0	0	0	0	0	0	0	0	0	0	0	0	0	0	0	0	0	0	0	0	0	0	0	0	0	0	0	0	0	0	0	0	0	0	0	0	0	0	0	0	0	0	0	0	0	0	0	0	0	0	0	0	0	0	0	0	0	0	0	0	0	0	0	0	0	0	0	0	0	0	0	0	0	0	0	0	0	0	0	0	6	69	43	125	128	121	60	122	15	20	5	78	46	38	24	46	61	10	95	97	119	91	8	49	28	44	25	57	44	22	106	67	121	70	30	5	50
0	0	0	0	0	0	0	0	0	0	0	0	0	0	0	0	0	0	0	0	0	0	0	0	0	0	0	0	0	0	0	0	0	0	0	0	0	0	0	0	0	0	0	0	0	0	0	0	0	0	0	0	0	0	0	0	0	0	0	0	0	0	0	0	0	0	0	0	0	0	0	0	0	0	0	0	0	0	0	0	0	0	0	0	0	0	0	0	0	0	0	0	8	85	80	48	92	20	50	87	107	25	91	19	2	61	106	108	115	14	23	55	74	115	33	80	100	27	88	45	79	114	25	95	84	28	97	81
0	0	0	0	0	0	0	0	0	0	0	0	0	0	0	0	0	0	0	0	0	0	0	0	0	0	0	0	0	0	0	0	0	0	0	0	0	0	0	0	0	0	0	0	0	0	0	0	0	0	0	0	0	0	0	0	0	0	0	0	0	0	0	0	0	0	0	0	0	0	0	0	0	0	0	0	0	0	0	0	0	0	0	0	0	0	0	0	0	0	0	0	0	93	6	116	87	66	122	75	51	72	34	62	86	125	124	83	43	18	56	39	114	48	101	49	36	124	18	8	44	45	65	40	96	49	62	10
0	0	0	0	0	0	0	0	0	0	0	0	0	0	0	0	0	0	0	0	0	0	0	0	0	0	0	0	0	0	0	0	0	0	0	0	0	0	0	0	0	0	0	0	0	0	0	0	0	0	0	0	0	0	0	0	0	0	0	0	0	0	0	0	0	0	0	0	0	0	0	0	0	0	0	0	0	0	0	0	0	0	0	0	0	0	0	0	0	0	0	0	0	0	119	6	108	24	23	54	81	94	31	117	66	59	52	118	128	91	10	28	84	128	94	15	75	37	123	98	37	92	96	33	66	89	19	127
0	0	0	0	0	0	0	0	0	0	0	0	0	0	0	0	0	0	0	0	0	0	0	0	0	0	0	0	0	0	0	0	0	0	0	0	0	0	0	0	0	0	0	0	0	0	0	0	0	0	0	0	0	0	0	0	0	0	0	0	0	0	0	0	0	0	0	0	0	0	0	0	0	0	0	0	0	0	0	0	0	0	0	0	0	0	0	0	0	0	0	0	0	0	0	37	26	36	31	108	103	85	74	90	5	39	88	122	114	79	96	17	84	122	67	54	1	63	12	68	126	28	115	52	27	18	101	39
0	0	0	0	0	0	0	0	0	0	0	0	0	0	0	0	0	0	0	0	0	0	0	0	0	0	0	0	0	0	0	0	0	0	0	0	0	0	0	0	0	0	0	0	0	0	0	0	0	0	0	0	0	0	0	0	0	0	0	0	0	0	0	0	0	0	0	0	0	0	0	0	0	0	0	0	0	0	0	0	0	0	0	0	0	0	0	0	0	0	0	0	0	0	0	0	40	37	119	26	126	54	104	7	126	42	77	14	7	70	78	24	6	97	10	18	100	29	97	120	20	95	100	106	106	32	46	127
0	0	0	0	0	0	0	0	0	0	0	0	0	0	0	0	0	0	0	0	0	0	0	0	0	0	0	0	0	0	0	0	0	0	0	0	0	0	0	0	0	0	0	0	0	0	0	0	0	0	0	0	0	0	0	0	0	0	0	0	0	0	0	0	0	0	0	0	0	0	0	0	0	0	0	0	0	0	0	0	0	0	0	0	0	0	0	0	0	0	0	0	0	0	0	0	0	69	8	67	125	109	65	22	40	8	47	16	32	122	64	67	70	20	7	81	35	106	1	117	100	70	127	51	108	84	35	86
0	0	0	0	0	0	0	0	0	0	0	0	0	0	0	0	0	0	0	0	0	0	0	0	0	0	0	0	0	0	0	0	0	0	0	0	0	0	0	0	0	0	0	0	0	0	0	0	0	0	0	0	0	0	0	0	0	0	0	0	0	0	0	0	0	0	0	0	0	0	0	0	0	0	0	0	0	0	0	0	0	0	0	0	0	0	0	0	0	0	0	0	0	0	0	0	0	0	5	115	4	100	98	76	110	14	63	122	103	31	51	101	53	2	82	19	88	63	64	85	15	84	55	90	51	21	100	58
0	0	0	0	0	0	0	0	0	0	0	0	0	0	0	0	0	0	0	0	0	0	0	0	0	0	0	0	0	0	0	0	0	0	0	0	0	0	0	0	0	0	0	0	0	0	0	0	0	0	0	0	0	0	0	0	0	0	0	0	0	0	0	0	0	0	0	0	0	0	0	0	0	0	0	0	0	0	0	0	0	0	0	0	0	0	0	0	0	0	0	0	0	0	0	0	0	0	0	44	36	115	40	81	74	58	83	125	84	43	83	3	69	69	12	90	74	119	108	113	122	26	39	110	52	21	122	4
0	0	0	0	0	0	0	0	0	0	0	0	0	0	0	0	0	0	0	0	0	0	0	0	0	0	0	0	0	0	0	0	0	0	0	0	0	0	0	0	0	0	0	0	0	0	0	0	0	0	0	0	0	0	0	0	0	0	0	0	0	0	0	0	0	0	0	0	0	0	0	0	0	0	0	0	0	0	0	0	0	0	0	0	0	0	0	0	0	0	0	0	0	0	0	0	0	0	0	0	79	88	48	102	57	116	72	105	126	21	117	10	30	27	36	66	126	19	88	59	91	81	80	92	49	89	120	50
0	0	0	0	0	0	0	0	0	0	0	0	0	0	0	0	0	0	0	0	0	0	0	0	0	0	0	0	0	0	0	0	0	0	0	0	0	0	0	0	0	0	0	0	0	0	0	0	0	0	0	0	0	0	0	0	0	0	0	0	0	0	0	0	0	0	0	0	0	0	0	0	0	0	0	0	0	0	0	0	0	0	0	0	0	0	0	0	0	0	0	0	0	0	0	0	0	0	0	0	0	105	33	25	68	91	119	20	94	87	33	69	122	2	70	109	63	99	36	33	39	117	72	89	121	7	68	127
0	0	0	0	0	0	0	0	0	0	0	0	0	0	0	0	0	0	0	0	0	0	0	0	0	0	0	0	0	0	0	0	0	0	0	0	0	0	0	0	0	0	0	0	0	0	0	0	0	0	0	0	0	0	0	0	0	0	0	0	0	0	0	0	0	0	0	0	0	0	0	0	0	0	0	0	0	0	0	0	0	0	0	0	0	0	0	0	0	0	0	0	0	0	0	0	0	0	0	0	0	0	85	45	124	105	67	17	55	95	33	80	55	29	93	127	120	123	68	36	20	85	57	122	45	121	108	95
0	0	0	0	0	0	0	0	0	0	0	0	0	0	0	0	0	0	0	0	0	0	0	0	0	0	0	0	0	0	0	0	0	0	0	0	0	0	0	0	0	0	0	0	0	0	0	0	0	0	0	0	0	0	0	0	0	0	0	0	0	0	0	0	0	0	0	0	0	0	0	0	0	0	0	0	0	0	0	0	0	0	0	0	0	0	0	0	0	0	0	0	0	0	0	0	0	0	0	0	0	0	0	122	89	94	81	89	52	13	52	98	50	15	91	35	3	119	114	61	8	109	113	106	73	126	16	4
0	0	0	0	0	0	0	0	0	0	0	0	0	0	0	0	0	0	0	0	0	0	0	0	0	0	0	0	0	0	0	0	0	0	0	0	0	0	0	0	0	0	0	0	0	0	0	0	0	0	0	0	0	0	0	0	0	0	0	0	0	0	0	0	0	0	0	0	0	0	0	0	0	0	0	0	0	0	0	0	0	0	0	0	0	0	0	0	0	0	0	0	0	0	0	0	0	0	0	0	0	0	0	0	126	74	107	111	37	6	120	107	87	49	46	115	87	101	51	1	109	66	59	51	26	27	120	72
0	0	0	0	0	0	0	0	0	0	0	0	0	0	0	0	0	0	0	0	0	0	0	0	0	0	0	0	0	0	0	0	0	0	0	0	0	0	0	0	0	0	0	0	0	0	0	0	0	0	0	0	0	0	0	0	0	0	0	0	0	0	0	0	0	0	0	0	0	0	0	0	0	0	0	0	0	0	0	0	0	0	0	0	0	0	0	0	0	0	0	0	0	0	0	0	0	0	0	0	0	0	0	0	0	74	54	26	20	42	100	37	100	120	98	23	71	29	69	83	8	43	92	36	111	103	29	82
0	0	0	0	0	0	0	0	0	0	0	0	0	0	0	0	0	0	0	0	0	0	0	0	0	0	0	0	0	0	0	0	0	0	0	0	0	0	0	0	0	0	0	0	0	0	0	0	0	0	0	0	0	0	0	0	0	0	0	0	0	0	0	0	0	0	0	0	0	0	0	0	0	0	0	0	0	0	0	0	0	0	0	0	0	0	0	0	0	0	0	0	0	0	0	0	0	0	0	0	0	0	0	0	0	0	47	7	89	32	45	81	101	36	119	88	110	35	35	20	31	62	57	113	52	72	59	61
0	0	0	0	0	0	0	0	0	0	0	0	0	0	0	0	0	0	0	0	0	0	0	0	0	0	0	0	0	0	0	0	0	0	0	0	0	0	0	0	0	0	0	0	0	0	0	0	0	0	0	0	0	0	0	0	0	0	0	0	0	0	0	0	0	0	0	0	0	0	0	0	0	0	0	0	0	0	0	0	0	0	0	0	0	0	0	0	0	0	0	0	0	0	0	0	0	0	0	0	0	0	0	0	0	0	0	60	113	76	69	62	8	55	76	29	108	44	54	105	58	126	10	128	35	44	128	121
0	0	0	0	0	0	0	0	0	0	0	0	0	0	0	0	0	0	0	0	0	0	0	0	0	0	0	0	0	0	0	0	0	0	0	0	0	0	0	0	0	0	0	0	0	0	0	0	0	0	0	0	0	0	0	0	0	0	0	0	0	0	0	0	0	0	0	0	0	0	0	0	0	0	0	0	0	0	0	0	0	0	0	0	0	0	0	0	0	0	0	0	0	0	0	0	0	0	0	0	0	0	0	0	0	0	0	0	103	50	57	84	42	16	95	33	110	96	42	116	3	47	96	20	18	77	120	95
0	0	0	0	0	0	0	0	0	0	0	0	0	0	0	0	0	0	0	0	0	0	0	0	0	0	0	0	0	0	0	0	0	0	0	0	0	0	0	0	0	0	0	0	0	0	0	0	0	0	0	0	0	0	0	0	0	0	0	0	0	0	0	0	0	0	0	0	0	0	0	0	0	0	0	0	0	0	0	0	0	0	0	0	0	0	0	0	0	0	0	0	0	0	0	0	0	0	0	0	0	0	0	0	0	0	0	0	0	74	102	11	86	49	57	104	128	57	38	35	114	121	66	23	63	75	42	71
0	0	0	0	0	0	0	0	0	0	0	0	0	0	0	0	0	0	0	0	0	0	0	0	0	0	0	0	0	0	0	0	0	0	0	0	0	0	0	0	0	0	0	0	0	0	0	0	0	0	0	0	0	0	0	0	0	0	0	0	0	0	0	0	0	0	0	0	0	0	0	0	0	0	0	0	0	0	0	0	0	0	0	0	0	0	0	0	0	0	0	0	0	0	0	0	0	0	0	0	0	0	0	0	0	0	0	0	0	0	12	45	123	106	47	107	72	66	20	96	44	98	50	39	96	6	57	28
0	0	0	0	0	0	0	0	0	0	0	0	0	0	0	0	0	0	0	0	0	0	0	0	0	0	0	0	0	0	0	0	0	0	0	0	0	0	0	0	0	0	0	0	0	0	0	0	0	0	0	0	0	0	0	0	0	0	0	0	0	0	0	0	0	0	0	0	0	0	0	0	0	0	0	0	0	0	0	0	0	0	0	0	0	0	0	0	0	0	0	0	0	0	0	0	0	0	0	0	0	0	0	0	0	0	0	0	0	0	0	111	5	10	108	109	119	34	94	49	123	128	5	85	67	6	124	117
0	0	0	0	0	0	0	0	0	0	0	0	0	0	0	0	0	0	0	0	0	0	0	0	0	0	0	0	0	0	0	0	0	0	0	0	0	0	0	0	0	0	0	0	0	0	0	0	0	0	0	0	0	0	0	0	0	0	0	0	0	0	0	0	0	0	0	0	0	0	0	0	0	0	0	0	0	0	0	0	0	0	0	0	0	0	0	0	0	0	0	0	0	0	0	0	0	0	0	0	0	0	0	0	0	0	0	0	0	0	0	0	12	41	3	8	23	8	27	116	11	104	80	120	122	71	38	99
0	0	0	0	0	0	0	0	0	0	0	0	0	0	0	0	0	0	0	0	0	0	0	0	0	0	0	0	0	0	0	0	0	0	0	0	0	0	0	0	0	0	0	0	0	0	0	0	0	0	0	0	0	0	0	0	0	0	0	0	0	0	0	0	0	0	0	0	0	0	0	0	0	0	0	0	0	0	0	0	0	0	0	0	0	0	0	0	0	0	0	0	0	0	0	0	0	0	0	0	0	0	0	0	0	0	0	0	0	0	0	0	0	38	28	101	6	49	50	47	87	79	56	103	31	20	17	67
0	0	0	0	0	0	0	0	0	0	0	0	0	0	0	0	0	0	0	0	0	0	0	0	0	0	0	0	0	0	0	0	0	0	0	0	0	0	0	0	0	0	0	0	0	0	0	0	0	0	0	0	0	0	0	0	0	0	0	0	0	0	0	0	0	0	0	0	0	0	0	0	0	0	0	0	0	0	0	0	0	0	0	0	0	0	0	0	0	0	0	0	0	0	0	0	0	0	0	0	0	0	0	0	0	0	0	0	0	0	0	0	0	0	6	57	47	87	86	1	16	13	51	95	15	57	64	27
0	0	0	0	0	0	0	0	0	0	0	0	0	0	0	0	0	0	0	0	0	0	0	0	0	0	0	0	0	0	0	0	0	0	0	0	0	0	0	0	0	0	0	0	0	0	0	0	0	0	0	0	0	0	0	0	0	0	0	0	0	0	0	0	0	0	0	0	0	0	0	0	0	0	0	0	0	0	0	0	0	0	0	0	0	0	0	0	0	0	0	0	0	0	0	0	0	0	0	0	0	0	0	0	0	0	0	0	0	0	0	0	0	0	0	17	73	125	78	111	109	60	99	41	126	105	108	108
0	0	0	0	0	0	0	0	0	0	0	0	0	0	0	0	0	0	0	0	0	0	0	0	0	0	0	0	0	0	0	0	0	0	0	0	0	0	0	0	0	0	0	0	0	0	0	0	0	0	0	0	0	0	0	0	0	0	0	0	0	0	0	0	0	0	0	0	0	0	0	0	0	0	0	0	0	0	0	0	0	0	0	0	0	0	0	0	0	0	0	0	0	0	0	0	0	0	0	0	0	0	0	0	0	0	0	0	0	0	0	0	0	0	0	0	94	125	114	96	86	120	35	50	118	24	35	53
0	0	0	0	0	0	0	0	0	0	0	0	0	0	0	0	0	0	0	0	0	0	0	0	0	0	0	0	0	0	0	0	0	0	0	0	0	0	0	0	0	0	0	0	0	0	0	0	0	0	0	0	0	0	0	0	0	0	0	0	0	0	0	0	0	0	0	0	0	0	0	0	0	0	0	0	0	0	0	0	0	0	0	0	0	0	0	0	0	0	0	0	0	0	0	0	0	0	0	0	0	0	0	0	0	0	0	0	0	0	0	0	0	0	0	0	0	87	42	38	19	40	61	102	30	13	16	73
0	0	0	0	0	0	0	0	0	0	0	0	0	0	0	0	0	0	0	0	0	0	0	0	0	0	0	0	0	0	0	0	0	0	0	0	0	0	0	0	0	0	0	0	0	0	0	0	0	0	0	0	0	0	0	0	0	0	0	0	0	0	0	0	0	0	0	0	0	0	0	0	0	0	0	0	0	0	0	0	0	0	0	0	0	0	0	0	0	0	0	0	0	0	0	0	0	0	0	0	0	0	0	0	0	0	0	0	0	0	0	0	0	0	0	0	0	0	39	112	107	115	95	73	82	58	102	11
0	0	0	0	0	0	0	0	0	0	0	0	0	0	0	0	0	0	0	0	0	0	0	0	0	0	0	0	0	0	0	0	0	0	0	0	0	0	0	0	0	0	0	0	0	0	0	0	0	0	0	0	0	0	0	0	0	0	0	0	0	0	0	0	0	0	0	0	0	0	0	0	0	0	0	0	0	0	0	0	0	0	0	0	0	0	0	0	0	0	0	0	0	0	0	0	0	0	0	0	0	0	0	0	0	0	0	0	0	0	0	0	0	0	0	0	0	0	0	68	93	115	61	89	63	45	23	46
0	0	0	0	0	0	0	0	0	0	0	0	0	0	0	0	0	0	0	0	0	0	0	0	0	0	0	0	0	0	0	0	0	0	0	0	0	0	0	0	0	0	0	0	0	0	0	0	0	0	0	0	0	0	0	0	0	0	0	0	0	0	0	0	0	0	0	0	0	0	0	0	0	0	0	0	0	0	0	0	0	0	0	0	0	0	0	0	0	0	0	0	0	0	0	0	0	0	0	0	0	0	0	0	0	0	0	0	0	0	0	0	0	0	0	0	0	0	0	0	14	15	83	45	103	45	9	10
0	0	0	0	0	0	0	0	0	0	0	0	0	0	0	0	0	0	0	0	0	0	0	0	0	0	0	0	0	0	0	0	0	0	0	0	0	0	0	0	0	0	0	0	0	0	0	0	0	0	0	0	0	0	0	0	0	0	0	0	0	0	0	0	0	0	0	0	0	0	0	0	0	0	0	0	0	0	0	0	0	0	0	0	0	0	0	0	0	0	0	0	0	0	0	0	0	0	0	0	0	0	0	0	0	0	0	0	0	0	0	0	0	0	0	0	0	0	0	0	0	75	30	107	41	89	64	65
0	0	0	0	0	0	0	0	0	0	0	0	0	0	0	0	0	0	0	0	0	0	0	0	0	0	0	0	0	0	0	0	0	0	0	0	0	0	0	0	0	0	0	0	0	0	0	0	0	0	0	0	0	0	0	0	0	0	0	0	0	0	0	0	0	0	0	0	0	0	0	0	0	0	0	0	0	0	0	0	0	0	0	0	0	0	0	0	0	0	0	0	0	0	0	0	0	0	0	0	0	0	0	0	0	0	0	0	0	0	0	0	0	0	0	0	0	0	0	0	0	0	5	69	29	64	101	109
0	0	0	0	0	0	0	0	0	0	0	0	0	0	0	0	0	0	0	0	0	0	0	0	0	0	0	0	0	0	0	0	0	0	0	0	0	0	0	0	0	0	0	0	0	0	0	0	0	0	0	0	0	0	0	0	0	0	0	0	0	0	0	0	0	0	0	0	0	0	0	0	0	0	0	0	0	0	0	0	0	0	0	0	0	0	0	0	0	0	0	0	0	0	0	0	0	0	0	0	0	0	0	0	0	0	0	0	0	0	0	0	0	0	0	0	0	0	0	0	0	0	0	104	34	106	85	115
0	0	0	0	0	0	0	0	0	0	0	0	0	0	0	0	0	0	0	0	0	0	0	0	0	0	0	0	0	0	0	0	0	0	0	0	0	0	0	0	0	0	0	0	0	0	0	0	0	0	0	0	0	0	0	0	0	0	0	0	0	0	0	0	0	0	0	0	0	0	0	0	0	0	0	0	0	0	0	0	0	0	0	0	0	0	0	0	0	0	0	0	0	0	0	0	0	0	0	0	0	0	0	0	0	0	0	0	0	0	0	0	0	0	0	0	0	0	0	0	0	0	0	0	95	16	94	51
0	0	0	0	0	0	0	0	0	0	0	0	0	0	0	0	0	0	0	0	0	0	0	0	0	0	0	0	0	0	0	0	0	0	0	0	0	0	0	0	0	0	0	0	0	0	0	0	0	0	0	0	0	0	0	0	0	0	0	0	0	0	0	0	0	0	0	0	0	0	0	0	0	0	0	0	0	0	0	0	0	0	0	0	0	0	0	0	0	0	0	0	0	0	0	0	0	0	0	0	0	0	0	0	0	0	0	0	0	0	0	0	0	0	0	0	0	0	0	0	0	0	0	0	0	37	68	27
0	0	0	0	0	0	0	0	0	0	0	0	0	0	0	0	0	0	0	0	0	0	0	0	0	0	0	0	0	0	0	0	0	0	0	0	0	0	0	0	0	0	0	0	0	0	0	0	0	0	0	0	0	0	0	0	0	0	0	0	0	0	0	0	0	0	0	0	0	0	0	0	0	0	0	0	0	0	0	0	0	0	0	0	0	0	0	0	0	0	0	0	0	0	0	0	0	0	0	0	0	0	0	0	0	0	0	0	0	0	0	0	0	0	0	0	0	0	0	0	0	0	0	0	0	0	37	51
0	0	0	0	0	0	0	0	0	0	0	0	0	0	0	0	0	0	0	0	0	0	0	0	0	0	0	0	0	0	0	0	0	0	0	0	0	0	0	0	0	0	0	0	0	0	0	0	0	0	0	0	0	0	0	0	0	0	0	0	0	0	0	0	0	0	0	0	0	0	0	0	0	0	0	0	0	0	0	0	0	0	0	0	0	0	0	0	0	0	0	0	0	0	0	0	0	0	0	0	0	0	0	0	0	0	0	0	0	0	0	0	0	0	0	0	0	0	0	0	0	0	0	0	0	0	0	115
0	0	0	0	0	0	0	0	0	0	0	0	0	0	0	0	0	0	0	0	0	0	0	0	0	0	0	0	0	0	0	0	0	0	0	0	0	0	0	0	0	0	0	0	0	0	0	0	0	0	0	0	0	0	0	0	0	0	0	0	0	0	0	0	0	0	0	0	0	0	0	0	0	0	0	0	0	0	0	0	0	0	0	0	0	0	0	0	0	0	0	0	0	0	0	0	0	0	0	0	0	0	0	0	0	0	0	0	0	0	0	0	0	0	0	0	0	0	0	0	0	0	0	0	0	0	0	0