0	124	58	10	73	57	82	71	124	113	16	32	80	32	17	69	31	49	56	85	34	59	12	91	73	125	97	77	128	20	103	1	120	79	68	35	94	93	128	100	122	58	58	36	106	16	15	51	45	89	59	93	104	113	8	94	100	108	66	21	62	32	113	109	2	51	43	76	44	108	123	118	78	116	12	107	11	124	90	5	7	118	30	81	86	115	119	92	78	5	72	100	59	2	47	69	70	59	55	48	92	120	115	22	127	84	25	101	104	34	5	67	83	110	75	34	112	83	81	11	79	107	68	110	116	65	27	58
0	0	62	110	116	88	54	67	93	38	97	14	54	54	90	45	100	80	21	31	17	116	61	33	38	41	76	99	92	36	56	120	58	36	52	35	19	114	3	55	12	69	102	16	17	94	23	18	32	102	114	16	98	115	12	115	4	119	11	2	82	76	78	80	113	128	13	18	9	31	14	36	126	103	71	115	81	66	81	22	99	124	70	124	2	54	29	6	91	59	122	47	121	102	89	61	71	2	125	13	70	14	63	58	84	76	24	35	68	22	118	95	77	48	124	17	105	90	114	96	17	28	4	120	30	128	122	42
0	0	0	55	127	76	59	50	116	109	27	4	72	16	3	47	103	69	35	70	27	51	116	12	58	93	96	128	119	23	107	12	6	127	1	23	75	44	120	30	31	62	97	99	88	85	71	82	99	15	78	45	87	53	71	26	59	123	16	51	80	59	97	94	87	81	81	67	33	98	37	48	32	1	89	5	95	95	16	47	103	110	81	121	112	87	115	42	90	51	7	76	101	122	6	56	45	10	24	123	6	31	90	91	17	1	36	124	98	31	29	11	106	11	90	43	101	23	11	67	71	44	94	69	18	74	79	103
0	0	0	0	53	76	68	59	82	24	125	55	106	116	93	8	41	30	55	75	59	78	21	24	111	94	41	55	66	70	70	1	126	74	52	7	28	96	124	68	35	80	53	43	57	76	60	99	112	96	62	122	71	87	31	119	11	31	29	96	20	125	2	84	63	83	55	68	117	64	42	53	126	57	91	67	22	89	70	74	47	49	84	21	116	12	126	124	10	54	5	23	65	110	19	119	127	79	27	73	89	83	23	29	99	43	92	111	97	117	54	59	38	93	23	96	12	87	86	17	97	44	117	42	4	121	42	123
0	0	0	0	0	26	97	123	108	119	47	17	4	26	16	116	119	65	19	91	19	59	21	108	99	2	126	78	7	32	41	77	63	111	32	94	117	106	46	90	13	98	37	65	40	76	32	94	53	60	122	50	70	21	70	101	42	50	65	74	120	107	14	93	89	108	16	116	71	25	25	26	61	128	43	1	53	3	120	60	71	80	125	127	47	91	71	56	54	49	68	62	13	117	74	75	99	39	94	5	72	48	42	52	98	40	70	50	114	67	93	94	20	66	93	37	117	50	4	3	23	25	116	34	31	118	51	65
0	0	0	0	0	0	16	69	56	11	81	88	49	14	55	103	35	114	3	32	112	100	13	44	20	16	21	29	7	22	90	110	57	9	128	5	91	56	7	112	94	55	39	38	69	73	49	63	122	116	28	24	107	76	95	98	52	16	30	70	3	28	99	44	32	18	2	14	6	118	29	95	49	95	113	105	104	114	87	12	32	89	100	44	10	46	72	108	108	89	73	38	55	27	6	30	47	18	95	40	29	65	117	122	6	39	61	13	106	28	84	2	20	32	62	30	82	96	107	14	78	91	51	16	1	75	46	15
0	0	0	0	0	0	0	40	94	103	7	34	114	38	45	127	22	94	61	55	108	64	95	32	45	48	46	92	67	79	95	3	59	102	38	119	16	56	53	67	66	20	123	99	21	58	116	89	99	77	53	3	117	18	86	124	56	41	37	3	24	41	61	95	33	17	99	23	101	17	113	7	115	111	65	110	21	92	50	25	89	47	106	33	5	61	70	64	22	122	30	97	115	11	26	29	75	82	64	29	18	46	118	55	121	126	78	125	12	41	76	31	47	83	53	115	119	22	35	101	65	24	116	9	28	12	3	15
0	0	0	0	0	0	0	0	84	70	92	82	114	34	62	65	48	63	65	25	38	5	103	28	83	19	81	84	85	73	55	111	40	43	105	49	85	106	76	38	6	8	36	126	127	112	4	55	17	44	107	128	34	127	15	14	85	100	13	24	34	5	81	56	71	95	58	24	43	16	79	7	48	115	6	13	82	20	106	113	20	74	48	50	37	46	76	95	8	68	31	67	4	1	90	93	117	112	71	82	93	85	24	37	17	72	65	68	23	66	4	88	80	67	45	38	103	45	1	36	101	107	103	45	1	42	80	112
0	0	0	0	0	0	0	0	0	33	67	33	29	33	5	103	62	58	3	10	65	42	25	76	77	105	17	39	126	30	97	37	14	20	52	97	24	67	125	21	58	82	121	69	65	3	121	29	41	103	72	29	17	57	114	104	70	88	74	36	5	70	56	121	25	14	80	101	98	101	71	116	27	35	20	34	46	115	55	102	99	50	31	84	47	127	124	53	93	48	111	32	71	78	42	120	70	115	33	93	79	106	25	73	62	113	15	23	48	40	87	98	100	56	116	125	68	112	61	120	30	81	3	72	39	39	76	101
0	0	0	0	0	0	0	0	0	0	116	91	10	16	6	49	41	124	124	66	38	95	38	95	72	94	89	40	55	106	13	62	118	69	19	59	39	54	88	93	65	44	85	97	37	53	31	44	69	112	47	87	121	42	119	77	48	59	22	123	42	39	20	7	1	124	41	113	79	43	70	84	9	105	31	27	123	39	123	81	22	59	51	33	13	128	15	6	63	63	49	15	77	63	52	93	112	23	113	122	11	46	40	79	54	80	52	13	21	93	86	105	49	98	75	46	33	31	20	57	32	92	21	37	34	20	15	115
0	0	0	0	0	0	0	0	0	0	0	62	80	98	32	126	112	11	83	114	66	97	25	68	78	122	68	35	16	58	63	105	68	122	21	86	66	124	109	50	114	126	104	25	85	74	120	120	2	10	94	113	59	45	41	64	37	112	86	28	90	95	16	63	128	47	117	98	51	9	13	61	102	89	46	26	124	36	33	108	60	77	58	14	64	103	57	28	75	21	43	9	17	9	53	123	84	62	118	20	65	23	32	19	38	35	6	77	51	31	127	95	30	107	119	62	70	124	66	64	82	7	41	98	47	31	106	14
0	0	0	0	0	0	0	0	0	0	0	0	83	8	126	1	14	33	112	11	18	55	25	27	47	103	54	26	88	116	92	120	17	128	108	100	89	118	21	61	119	61	101	125	57	100	53	100	96	32	98	69	122	61	108	92	38	79	67	40	34	93	89	75	99	106	64	63	32	70	63	30	44	26	75	94	108	55	57	125	119	59	51	30	26	44	116	103	51	7	78	4	46	104	57	79	50	107	18	126	6	11	117	119	6	111	126	82	12	67	3	22	109	90	62	14	105	100	34	48	42	4	114	86	73	33	3	55
0	0	0	0	0	0	0	0	0	0	0	0	0	109	119	37	19	95	108	2	49	17	60	128	88	57	7	11	80	15	42	105	109	6	46	73	90	73	30	121	87	83	46	52	33	50	68	54	44	66	87	24	114	26	76	41	42	11	14	23	85	112	31	105	51	102	98	47	83	3	14	97	87	120	65	105	90	101	101	14	67	66	123	52	24	120	117	31	19	123	28	92	87	58	7	119	60	52	36	118	128	66	119	104	89	37	9	127	28	3	51	54	63	19	56	88	102	58	35	31	86	2	81	102	104	109	58	45
0	0	0	0	0	0	0	0	0	0	0	0	0	0	56	86	23	62	51	53	102	125	66	110	65	107	114	84	128	36	77	77	26	111	20	21	59	97	64	113	61	44	81	90	81	109	78	118	35	95	23	104	11	7	24	24	89	69	8	15	9	92	90	52	40	41	104	23	67	30	92	102	52	116	24	33	48	79	102	1	52	78	34	23	98	59	4	77	48	54	23	64	66	103	98	36	127	98	47	111	81	114	83	21	99	24	114	86	36	114	65	9	41	60	8	124	44	10	122	102	57	63	10	18	11	14	31	95
0	0	0	0	0	0	0	0	0	0	0	0	0	0	0	128	5	87	57	101	105	63	24	51	108	52	119	104	10	115	122	34	12	108	105	97	37	124	123	32	6	5	20	91	2	112	67	105	50	7	44	127	91	39	23	79	109	7	43	97	34	127	119	9	19	74	8	42	58	125	97	73	37	110	95	111	43	7	71	8	45	125	9	59	108	50	88	80	64	71	38	122	119	62	48	50	76	42	28	122	32	3	99	77	37	112	48	18	27	2	126	37	98	36	64	64	80	122	22	90	110	47	62	7	88	122	107	9
0	0	0	0	0	0	0	0	0	0	0	0	0	0	0	0	92	58	108	15	114	17	114	63	16	18	44	128	113	31	68	90	44	20	78	73	94	116	119	52	67	100	102	99	74	36	58	38	18	26	76	101	105	79	106	107	93	90	71	50	72	84	25	68	37	42	125	38	112	15	23	126	7	35	84	45	91	82	31	53	16	76	42	124	42	18	102	69	95	70	100	105	124	125	128	14	112	78	83	91	6	4	86	119	52	12	55	55	64	121	44	1	64	71	46	104	79	75	30	69	107	56	38	65	27	59	75	10
0	0	0	0	0	0	0	0	0	0	0	0	0	0	0	0	0	13	4	111	74	84	110	2	34	6	87	118	47	42	45	106	113	91	33	72	9	98	53	19	20	122	67	106	37	121	38	76	35	68	70	122	6	62	77	47	1	103	112	77	85	2	68	62	56	25	123	114	60	87	43	32	65	80	99	11	81	105	62	63	55	60	115	119	42	67	102	32	89	37	91	124	111	105	32	53	74	115	126	108	113	85	102	11	57	35	49	68	125	13	115	10	13	47	34	120	52	96	16	115	76	59	128	111	100	108	55	89
0	0	0	0	0	0	0	0	0	0	0	0	0	0	0	0	0	0	52	42	126	8	18	11	114	20	89	19	95	13	78	45	122	26	58	65	42	35	45	41	96	73	106	8	89	94	99	47	66	13	78	27	56	50	8	105	84	116	8	38	63	67	108	36	91	50	81	58	9	114	52	66	106	10	27	69	121	119	93	117	51	95	49	55	67	78	3	118	8	69	90	25	122	32	79	87	90	13	11	128	73	40	116	41	120	69	14	91	75	7	56	112	111	121	92	55	94	85	119	83	71	68	56	126	36	62	90	37
0	0	0	0	0	0	0	0	0	0	0	0	0	0	0	0	0	0	0	115	66	88	50	35	103	24	1	71	80	20	54	68	50	117	65	44	20	61	21	126	121	70	63	27	75	105	55	95	17	17	73	40	52	68	47	14	65	22	16	61	114	66	97	37	123	14	87	52	51	112	26	86	79	7	96	103	99	95	54	50	38	29	21	125	48	85	83	91	99	125	50	42	86	13	71	82	8	7	64	121	10	4	42	4	122	100	96	73	52	64	66	54	105	14	127	109	13	76	10	43	53	42	65	16	1	46	85	17
0	0	0	0	0	0	0	0	0	0	0	0	0	0	0	0	0	0	0	0	85	71	1	69	28	33	35	109	81	12	99	2	79	20	69	39	97	117	84	72	55	83	45	77	74	58	19	34	69	38	25	90	77	74	78	46	11	27	53	47	96	106	62	99	99	123	13	105	76	10	89	8	7	8	118	31	14	15	17	53	100	32	124	105	22	13	55	114	15	126	53	19	80	100	88	57	94	47	31	50	24	19	70	76	85	44	28	8	40	16	8	68	105	119	43	101	52	9	94	13	58	31	121	63	122	10	100	95
0	0	0	0	0	0	0	0	0	0	0	0	0	0	0	0	0	0	0	0	0	57	96	27	9	12	116	89	125	3	109	100	59	112	66	111	89	20	82	120	52	113	23	97	59	65	45	47	109	66	63	29	121	74	34	70	59	91	38	39	78	73	115	20	45	107	77	35	112	9	71	82	76	69	16	102	4	95	68	55	66	100	50	89	44	58	107	45	43	29	35	116	108	53	49	29	18	86	66	32	65	25	82	114	89	85	63	117	21	51	74	87	115	47	47	110	70	16	77	52	127	51	122	46	43	51	87	118
0	0	0	0	0	0	0	0	0	0	0	0	0	0	0	0	0	0	0	0	0	0	117	22	119	119	6	62	73	127	101	116	18	39	4	90	110	125	17	87	119	43	89	89	103	28	49	88	94	112	84	23	103	59	54	34	79	56	19	25	43	122	34	75	23	36	123	106	1	13	80	23	42	66	34	82	72	50	128	75	114	118	18	39	77	43	3	73	65	4	38	9	4	120	12	119	62	97	50	71	44	34	48	21	12	88	38	38	87	65	127	39	57	78	39	120	39	35	110	98	18	125	123	16	21	13	103	52
0	0	0	0	0	0	0	0	0	0	0	0	0	0	0	0	0	0	0	0	0	0	0	104	88	68	30	91	11	69	34	41	53	95	35	27	2	42	67	6	4	127	114	125	126	70	19	60	20	20	17	3	13	40	70	128	32	124	69	114	18	113	123	18	72	93	109	60	85	96	63	96	107	122	69	53	29	115	43	8	3	111	65	19	106	10	37	37	34	31	121	107	6	78	80	104	27	117	113	76	84	62	113	36	55	50	126	40	16	31	111	84	54	91	20	5	107	9	60	50	59	73	19	17	94	3	120	62
0	0	0	0	0	0	0	0	0	0	0	0	0	0	0	0	0	0	0	0	0	0	0	0	102	82	54	48	49	54	45	42	51	49	46	84	40	126	58	39	72	87	89	127	111	66	113	77	37	1	6	47	33	93	26	23	81	26	17	96	11	58	6	66	110	101	12	85	82	56	104	114	79	66	83	121	90	77	109	32	96	33	32	126	104	27	13	51	124	28	13	64	100	50	80	17	9	100	98	127	76	66	103	67	103	36	80	33	108	109	76	111	72	85	54	4	73	5	99	16	55	88	27	86	82	113	77	83
0	0	0	0	0	0	0	0	0	0	0	0	0	0	0	0	0	0	0	0	0	0	0	0	0	97	118	127	57	111	20	31	46	70	70	95	41	35	120	125	79	6	21	1	78	81	71	85	84	96	66	93	106	94	73	44	7	48	123	98	38	49	117	122	15	100	56	41	88	43	67	16	124	31	46	63	13	106	107	27	41	33	124	63	100	91	71	30	35	99	73	116	48	5	115	69	58	43	108	21	14	108	9	116	100	27	18	58	68	16	48	126	57	30	8	106	37	38	73	111	18	3	49	52	48	63	34	92
0	0	0	0	0	0	0	0	0	0	0	0	0	0	0	0	0	0	0	0	0	0	0	0	0	0	126	117	32	103	48	98	58	49	22	27	12	44	112	62	123	81	53	88	53	8	3	36	74	120	32	105	34	89	121	47	66	124	50	117	110	124	57	56	55	55	17	81	34	88	59	28	105	5	47	21	86	1	62	49	50	117	109	51	42	103	3	67	78	127	116	28	91	28	70	125	65	101	108	104	20	122	1	94	50	60	48	41	33	87	66	92	119	97	48	69	16	48	73	123	87	91	51	23	45	12	1	76
0	0	0	0	0	0	0	0	0	0	0	0	0	0	0	0	0	0	0	0	0	0	0	0	0	0	0	2	110	103	2	59	36	52	32	88	83	102	66	94	61	71	97	41	62	16	4	86	11	49	17	12	23	87	120	112	49	58	97	26	83	69	73	35	83	78	44	116	96	8	1	86	84	70	62	83	97	72	15	67	67	109	20	97	38	43	97	27	14	118	5	21	81	83	10	47	113	17	51	17	60	116	20	62	66	12	71	115	91	109	85	41	122	15	89	89	114	110	85	124	87	126	69	77	77	76	55	17
0	0	0	0	0	0	0	0	0	0	0	0	0	0	0	0	0	0	0	0	0	0	0	0	0	0	0	0	79	7	11	113	93	118	66	64	86	19	117	96	26	18	58	88	61	28	86	69	74	118	79	30	23	22	33	33	3	73	38	46	4	35	76	108	116	41	105	91	38	89	95	79	13	77	11	90	104	100	5	66	51	15	82	32	60	77	28	13	13	46	32	37	54	82	117	92	19	79	9	116	108	117	19	58	126	9	17	23	54	7	58	46	110	8	115	126	99	60	113	17	17	123	58	12	69	122	69	115
0	0	0	0	0	0	0	0	0	0	0	0	0	0	0	0	0	0	0	0	0	0	0	0	0	0	0	0	0	99	32	21	56	81	6	91	65	96	45	53	91	108	92	21	111	64	114	4	19	44	94	87	91	13	72	114	108	121	41	122	8	27	59	19	6	24	126	66	33	93	20	92	46	63	108	95	95	5	42	56	29	29	46	118	92	120	20	78	62	29	114	109	37	2	4	121	110	21	117	90	108	76	39	64	114	63	82	41	92	53	10	22	57	77	108	5	30	29	95	67	104	66	101	54	83	54	39	25
0	0	0	0	0	0	0	0	0	0	0	0	0	0	0	0	0	0	0	0	0	0	0	0	0	0	0	0	0	0	5	33	77	114	49	61	71	116	1	110	32	119	50	1	73	67	14	36	14	88	54	4	63	113	92	52	41	24	7	124	53	16	76	77	104	83	11	77	25	80	91	78	53	100	29	102	89	113	73	109	47	32	2	26	7	85	112	44	121	88	128	39	40	90	43	73	40	107	48	36	78	56	82	28	97	108	69	77	102	17	98	112	70	25	78	126	95	13	90	90	76	1	13	29	33	74	69	57
0	0	0	0	0	0	0	0	0	0	0	0	0	0	0	0	0	0	0	0	0	0	0	0	0	0	0	0	0	0	0	96	4	3	111	36	89	5	99	105	85	121	86	77	89	75	69	43	99	110	23	53	67	57	94	60	67	64	31	126	65	113	44	39	70	9	113	4	69	45	91	122	18	109	118	6	107	41	24	80	104	52	80	53	99	94	49	33	65	110	20	50	2	89	80	94	32	11	23	119	27	69	11	65	128	115	23	61	17	29	29	89	111	58	85	98	87	4	2	62	125	41	42	53	94	80	46	71
0	0	0	0	0	0	0	0	0	0	0	0	0	0	0	0	0	0	0	0	0	0	0	0	0	0	0	0	0	0	0	0	80	17	126	6	67	85	46	23	71	58	51	52	110	91	7	100	54	32	32	84	14	86	25	75	35	105	91	26	53	52	58	78	6	41	120	47	128	74	38	10	57	127	45	118	86	35	68	80	105	37	47	62	45	123	50	58	35	6	110	19	102	64	12	70	50	91	23	97	22	6	28	118	18	37	65	124	1	80	49	19	18	126	11	21	100	110	10	65	53	117	35	41	86	79	68	90
0	0	0	0	0	0	0	0	0	0	0	0	0	0	0	0	0	0	0	0	0	0	0	0	0	0	0	0	0	0	0	0	0	37	99	5	104	99	14	65	6	120	8	125	58	61	2	54	47	62	11	52	89	10	52	40	25	71	2	15	126	61	45	108	115	56	117	63	126	19	4	85	72	47	16	20	67	123	51	59	78	63	80	116	11	66	31	110	18	25	91	112	6	80	76	117	84	36	68	48	1	12	54	16	114	78	67	94	50	34	23	64	28	124	81	116	17	93	91	110	117	7	92	123	116	89	10	109
0	0	0	0	0	0	0	0	0	0	0	0	0	0	0	0	0	0	0	0	0	0	0	0	0	0	0	0	0	0	0	0	0	0	94	22	26	1	20	95	46	3	105	54	109	40	123	62	49	96	24	13	103	73	55	102	62	120	79	43	42	34	110	91	21	52	96	33	47	125	5	8	114	4	37	125	110	74	15	126	73	128	50	19	124	56	42	48	41	96	62	10	56	53	93	126	97	128	126	83	31	9	37	92	92	52	92	5	7	19	22	79	17	68	64	11	78	94	34	33	119	114	29	12	16	36	89	22
0	0	0	0	0	0	0	0	0	0	0	0	0	0	0	0	0	0	0	0	0	0	0	0	0	0	0	0	0	0	0	0	0	0	0	124	125	84	59	97	39	34	70	66	15	28	101	46	101	97	27	126	84	100	113	64	4	66	77	16	99	42	71	123	9	60	128	94	27	92	121	94	39	29	33	26	75	98	67	22	6	84	59	8	106	19	118	67	125	94	39	4	82	56	35	112	90	13	111	120	58	100	63	25	59	128	83	104	1	86	107	86	69	82	41	43	50	23	31	22	48	107	25	69	11	106	44	4
0	0	0	0	0	0	0	0	0	0	0	0	0	0	0	0	0	0	0	0	0	0	0	0	0	0	0	0	0	0	0	0	0	0	0	0	12	64	61	57	98	123	71	51	66	4	89	124	22	84	73	53	112	19	92	43	23	79	14	47	109	30	73	112	107	45	48	27	32	89	44	77	118	65	36	5	40	29	116	50	43	22	85	120	6	42	67	90	103	1	86	72	10	18	78	40	49	11	10	82	49	10	123	69	121	42	127	52	100	109	109	77	103	116	50	43	11	87	75	81	124	84	119	1	72	92	3	57
0	0	0	0	0	0	0	0	0	0	0	0	0	0	0	0	0	0	0	0	0	0	0	0	0	0	0	0	0	0	0	0	0	0	0	0	0	46	105	107	90	2	125	64	113	8	80	43	96	94	64	105	50	46	37	80	35	80	107	57	118	41	51	16	29	54	96	49	84	57	108	70	77	74	29	61	47	94	99	90	124	71	102	123	17	113	87	120	112	126	77	35	60	37	110	23	90	28	61	45	99	80	11	106	91	14	37	28	109	102	110	32	113	50	43	33	109	124	14	69	15	20	46	114	119	18	120	72
0	0	0	0	0	0	0	0	0	0	0	0	0	0	0	0	0	0	0	0	0	0	0	0	0	0	0	0	0	0	0	0	0	0	0	0	0	0	46	70	81	67	88	128	47	44	4	44	60	50	35	16	1	22	28	101	45	38	124	37	46	102	106	77	69	31	37	111	86	64	91	20	48	15	23	46	11	92	10	22	107	34	91	47	110	118	114	128	96	87	31	34	40	36	105	12	41	97	95	31	77	47	109	30	70	121	94	43	85	27	120	5	4	34	107	112	34	126	59	9	38	115	11	55	73	84	110	116
0	0	0	0	0	0	0	0	0	0	0	0	0	0	0	0	0	0	0	0	0	0	0	0	0	0	0	0	0	0	0	0	0	0	0	0	0	0	0	48	43	125	24	47	43	98	82	18	55	2	61	88	17	100	119	113	117	31	77	88	18	14	11	37	1	54	14	126	70	106	121	63	113	86	87	104	42	10	106	24	63	100	16	112	120	62	120	33	86	17	44	10	59	31	90	82	54	56	85	14	97	76	128	71	122	27	13	3	116	77	69	36	40	125	66	83	56	108	80	35	41	114	34	30	15	108	78	95
0	0	0	0	0	0	0	0	0	0	0	0	0	0	0	0	0	0	0	0	0	0	0	0	0	0	0	0	0	0	0	0	0	0	0	0	0	0	0	0	7	120	124	66	107	116	101	70	91	102	1	32	85	127	117	29	35	58	55	114	23	108	53	90	47	26	65	100	60	65	12	127	15	21	66	120	95	119	42	33	28	98	58	90	2	59	128	4	119	108	72	41	73	106	11	80	15	100	110	63	112	82	28	41	111	99	82	115	115	50	73	117	92	59	89	8	38	23	28	55	118	114	32	54	28	76	62	74
0	0	0	0	0	0	0	0	0	0	0	0	0	0	0	0	0	0	0	0	0	0	0	0	0	0	0	0	0	0	0	0	0	0	0	0	0	0	0	0	0	117	24	95	99	66	41	36	5	77	28	32	98	91	32	17	21	125	94	84	127	107	67	89	35	40	24	6	109	121	37	14	106	101	62	25	96	110	75	123	89	106	91	52	49	110	82	101	120	91	1	11	75	37	104	91	63	30	35	102	107	69	11	90	110	117	52	29	25	125	1	94	71	21	102	22	26	56	109	50	97	100	34	75	89	80	32	85
0	0	0	0	0	0	0	0	0	0	0	0	0	0	0	0	0	0	0	0	0	0	0	0	0	0	0	0	0	0	0	0	0	0	0	0	0	0	0	0	0	0	110	110	78	61	59	99	56	43	81	115	41	101	88	30	5	44	34	47	54	128	42	54	80	66	109	3	39	120	59	125	42	81	49	92	43	96	19	44	18	100	92	70	80	87	68	94	68	93	22	110	121	15	119	89	45	66	17	36	63	99	39	77	35	127	82	85	51	10	88	52	51	31	19	101	70	30	55	93	60	41	50	5	101	68	89	5
0	0	0	0	0	0	0	0	0	0	0	0	0	0	0	0	0	0	0	0	0	0	0	0	0	0	0	0	0	0	0	0	0	0	0	0	0	0	0	0	0	0	0	105	76	123	126	92	23	37	11	38	63	120	115	102	109	42	18	92	125	75	52	127	119	11	27	76	1	15	127	59	8	64	33	53	78	103	65	27	52	62	127	10	70	67	77	73	30	23	99	32	57	116	78	90	68	11	3	30	98	102	32	8	120	78	19	69	27	59	64	51	41	100	47	109	59	8	27	4	98	91	125	88	80	41	82	64
0	0	0	0	0	0	0	0	0	0	0	0	0	0	0	0	0	0	0	0	0	0	0	0	0	0	0	0	0	0	0	0	0	0	0	0	0	0	0	0	0	0	0	0	116	50	58	44	90	69	42	4	3	62	95	4	77	4	18	49	123	6	74	50	37	28	119	113	76	101	117	123	22	50	42	13	112	122	40	77	126	11	84	85	49	9	121	69	95	18	114	91	100	86	128	17	123	106	47	31	60	64	35	109	89	115	71	58	90	67	51	128	113	98	114	94	2	120	107	124	51	53	1	48	72	63	74	47
0	0	0	0	0	0	0	0	0	0	0	0	0	0	0	0	0	0	0	0	0	0	0	0	0	0	0	0	0	0	0	0	0	0	0	0	0	0	0	0	0	0	0	0	0	29	49	11	99	114	50	28	100	73	84	59	110	71	82	93	77	26	41	90	99	86	91	34	95	51	74	41	39	116	119	46	10	34	115	78	33	63	84	10	124	104	72	31	65	60	82	61	74	80	68	46	52	32	75	122	97	45	3	55	82	33	77	86	36	53	43	54	53	54	107	114	86	105	83	55	42	59	123	59	34	109	7	13
0	0	0	0	0	0	0	0	0	0	0	0	0	0	0	0	0	0	0	0	0	0	0	0	0	0	0	0	0	0	0	0	0	0	0	0	0	0	0	0	0	0	0	0	0	0	17	21	16	116	60	88	123	7	3	98	4	26	111	39	52	43	81	12	1	73	63	63	86	109	98	9	77	83	41	33	41	127	84	25	88	95	123	95	22	61	117	60	83	4	5	39	14	79	111	68	21	7	67	1	100	35	51	53	65	56	33	123	88	125	67	2	104	10	109	127	56	25	37	92	22	34	82	68	58	121	45	76
0	0	0	0	0	0	0	0	0	0	0	0	0	0	0	0	0	0	0	0	0	0	0	0	0	0	0	0	0	0	0	0	0	0	0	0	0	0	0	0	0	0	0	0	0	0	0	20	103	64	16	99	12	37	126	125	58	1	82	11	53	101	93	113	105	120	106	128	122	8	121	67	69	54	36	123	8	82	43	108	66	112	60	21	77	110	32	104	123	44	8	67	88	57	107	94	30	31	19	24	95	4	95	38	125	110	123	77	36	87	28	35	46	58	71	16	56	27	118	39	24	45	47	29	18	37	64	110
0	0	0	0	0	0	0	0	0	0	0	0	0	0	0	0	0	0	0	0	0	0	0	0	0	0	0	0	0	0	0	0	0	0	0	0	0	0	0	0	0	0	0	0	0	0	0	0	54	10	88	13	39	72	104	28	95	40	116	124	8	18	124	111	116	44	65	23	106	7	65	115	1	41	71	40	19	13	95	71	65	77	96	19	3	93	94	2	14	100	39	96	85	51	112	71	67	67	90	9	74	83	9	76	73	24	98	66	117	17	56	128	95	97	123	62	50	80	56	9	61	35	123	9	2	68	48	37
0	0	0	0	0	0	0	0	0	0	0	0	0	0	0	0	0	0	0	0	0	0	0	0	0	0	0	0	0	0	0	0	0	0	0	0	0	0	0	0	0	0	0	0	0	0	0	0	0	42	102	3	82	81	21	43	121	19	53	34	87	88	46	37	12	75	97	97	71	57	14	104	114	26	62	78	28	44	100	72	13	86	84	72	78	41	61	42	14	80	85	26	109	97	84	102	82	22	83	32	71	80	85	55	41	21	112	106	47	9	52	23	19	128	28	78	103	70	64	81	67	112	119	59	33	122	58	64
0	0	0	0	0	0	0	0	0	0	0	0	0	0	0	0	0	0	0	0	0	0	0	0	0	0	0	0	0	0	0	0	0	0	0	0	0	0	0	0	0	0	0	0	0	0	0	0	0	0	74	101	123	82	29	108	94	10	48	14	6	1	74	62	109	68	109	77	102	116	70	14	82	34	90	89	38	24	84	50	47	10	127	24	75	5	114	102	29	56	36	37	63	19	33	44	83	22	123	38	111	109	73	105	67	62	125	47	55	24	111	13	76	43	7	86	20	26	86	74	49	25	25	49	62	127	36	103
0	0	0	0	0	0	0	0	0	0	0	0	0	0	0	0	0	0	0	0	0	0	0	0	0	0	0	0	0	0	0	0	0	0	0	0	0	0	0	0	0	0	0	0	0	0	0	0	0	0	0	30	37	99	73	109	74	118	20	52	109	85	92	106	28	12	113	35	54	66	9	127	120	12	13	41	85	22	116	44	8	54	76	92	51	52	122	20	23	97	97	128	108	40	109	107	67	64	25	101	100	121	31	74	8	5	26	69	87	85	18	68	47	41	7	119	66	78	55	22	117	82	76	15	100	36	2	47
0	0	0	0	0	0	0	0	0	0	0	0	0	0	0	0	0	0	0	0	0	0	0	0	0	0	0	0	0	0	0	0	0	0	0	0	0	0	0	0	0	0	0	0	0	0	0	0	0	0	0	0	84	64	46	70	124	5	57	85	53	94	106	23	47	57	97	125	97	46	81	7	108	36	122	64	46	2	120	4	67	114	70	111	107	75	120	53	35	118	94	79	110	77	76	6	19	20	7	103	62	108	9	107	58	74	106	108	18	10	11	53	86	16	101	3	13	11	61	101	96	91	23	1	51	108	45	18
0	0	0	0	0	0	0	0	0	0	0	0	0	0	0	0	0	0	0	0	0	0	0	0	0	0	0	0	0	0	0	0	0	0	0	0	0	0	0	0	0	0	0	0	0	0	0	0	0	0	0	0	0	18	89	45	123	28	56	120	46	57	91	118	124	68	98	4	52	24	15	56	50	85	10	10	78	31	57	99	12	94	124	22	105	33	48	42	26	50	26	2	24	53	40	18	61	67	128	95	37	92	122	114	82	5	97	25	20	122	32	96	90	14	60	111	2	100	57	39	96	29	104	98	121	55	64	72
0	0	0	0	0	0	0	0	0	0	0	0	0	0	0	0	0	0	0	0	0	0	0	0	0	0	0	0	0	0	0	0	0	0	0	0	0	0	0	0	0	0	0	0	0	0	0	0	0	0	0	0	0	0	78	105	35	52	71	37	49	35	128	39	92	85	58	74	30	69	62	56	70	40	65	81	68	19	67	58	48	52	29	35	110	58	34	5	113	108	47	123	96	114	69	113	89	77	39	49	11	104	16	86	88	12	46	118	111	20	111	123	35	86	114	92	17	36	44	44	41	28	74	115	93	24	39	102
0	0	0	0	0	0	0	0	0	0	0	0	0	0	0	0	0	0	0	0	0	0	0	0	0	0	0	0	0	0	0	0	0	0	0	0	0	0	0	0	0	0	0	0	0	0	0	0	0	0	0	0	0	0	0	111	116	88	100	25	119	37	52	61	87	97	52	25	117	72	5	44	77	95	60	50	90	112	26	78	111	79	44	23	20	92	88	72	50	111	84	56	67	2	105	67	47	41	62	49	98	73	67	58	124	123	98	115	90	119	42	124	34	73	111	25	5	16	88	51	15	33	87	37	38	79	62	103
0	0	0	0	0	0	0	0	0	0	0	0	0	0	0	0	0	0	0	0	0	0	0	0	0	0	0	0	0	0	0	0	0	0	0	0	0	0	0	0	0	0	0	0	0	0	0	0	0	0	0	0	0	0	0	0	13	55	68	53	103	90	14	113	99	94	67	26	121	114	50	107	76	47	64	58	70	75	70	77	21	5	84	84	39	53	2	34	75	87	94	60	111	82	10	65	74	22	66	96	63	32	77	99	56	99	51	102	27	87	16	125	11	11	89	92	6	96	87	77	51	49	45	41	2	17	27	70
0	0	0	0	0	0	0	0	0	0	0	0	0	0	0	0	0	0	0	0	0	0	0	0	0	0	0	0	0	0	0	0	0	0	0	0	0	0	0	0	0	0	0	0	0	0	0	0	0	0	0	0	0	0	0	0	0	59	20	118	117	4	47	5	79	118	124	47	126	65	27	66	82	77	128	3	113	93	82	54	75	16	92	60	44	86	115	63	119	67	76	61	38	37	38	92	112	84	40	97	15	74	30	31	90	31	77	48	98	106	60	124	68	70	97	123	13	38	21	28	39	89	76	13	49	116	41	24
0	0	0	0	0	0	0	0	0	0	0	0	0	0	0	0	0	0	0	0	0	0	0	0	0	0	0	0	0	0	0	0	0	0	0	0	0	0	0	0	0	0	0	0	0	0	0	0	0	0	0	0	0	0	0	0	0	0	1	90	42	106	69	38	34	49	93	38	90	35	56	26	50	24	58	28	7	79	59	127	20	103	100	25	40	68	35	112	40	90	6	25	124	103	118	57	105	80	10	127	28	20	78	114	109	31	31	12	26	43	19	31	77	101	21	12	57	4	33	29	2	100	78	85	80	96	110	39
0	0	0	0	0	0	0	0	0	0	0	0	0	0	0	0	0	0	0	0	0	0	0	0	0	0	0	0	0	0	0	0	0	0	0	0	0	0	0	0	0	0	0	0	0	0	0	0	0	0	0	0	0	0	0	0	0	0	0	53	120	97	98	3	71	3	36	115	108	106	95	3	76	95	14	115	87	24	103	23	101	84	8	48	2	88	21	117	106	11	67	15	4	117	8	91	19	112	27	70	77	64	107	96	118	46	74	81	1	25	104	90	102	68	45	31	126	79	77	72	15	119	117	5	63	18	64	11
0	0	0	0	0	0	0	0	0	0	0	0	0	0	0	0	0	0	0	0	0	0	0	0	0	0	0	0	0	0	0	0	0	0	0	0	0	0	0	0	0	0	0	0	0	0	0	0	0	0	0	0	0	0	0	0	0	0	0	0	12	44	37	37	36	103	53	90	92	72	22	106	105	32	22	11	24	44	72	30	122	69	11	102	27	41	36	29	91	75	80	128	128	120	47	82	75	92	102	104	68	55	109	69	96	121	46	82	17	67	17	76	111	83	41	119	56	119	54	118	97	121	53	1	75	101	27	120
0	0	0	0	0	0	0	0	0	0	0	0	0	0	0	0	0	0	0	0	0	0	0	0	0	0	0	0	0	0	0	0	0	0	0	0	0	0	0	0	0	0	0	0	0	0	0	0	0	0	0	0	0	0	0	0	0	0	0	0	0	58	56	41	60	16	21	87	112	31	8	52	34	43	100	85	46	3	98	112	46	50	4	93	40	81	123	113	32	50	59	31	64	9	82	127	19	49	40	51	20	100	28	45	88	126	55	115	118	94	53	27	14	55	38	41	16	102	61	10	17	45	94	11	125	118	74	90
0	0	0	0	0	0	0	0	0	0	0	0	0	0	0	0	0	0	0	0	0	0	0	0	0	0	0	0	0	0	0	0	0	0	0	0	0	0	0	0	0	0	0	0	0	0	0	0	0	0	0	0	0	0	0	0	0	0	0	0	0	0	30	22	79	48	55	9	51	77	72	75	6	128	79	31	15	125	15	37	2	26	105	52	20	91	98	46	31	48	11	103	42	55	89	40	87	44	3	113	43	103	23	9	74	16	15	26	3	83	82	58	5	13	20	59	45	14	127	99	2	17	64	36	51	45	43	110
0	0	0	0	0	0	0	0	0	0	0	0	0	0	0	0	0	0	0	0	0	0	0	0	0	0	0	0	0	0	0	0	0	0	0	0	0	0	0	0	0	0	0	0	0	0	0	0	0	0	0	0	0	0	0	0	0	0	0	0	0	0	0	37	16	94	93	94	113	64	77	1	19	8	34	107	41	118	55	63	94	82	108	12	27	77	120	76	100	42	71	6	48	127	120	106	36	111	65	127	53	10	86	71	13	4	82	12	115	1	100	98	125	103	17	20	15	98	25	40	112	94	118	92	99	80	51	110
0	0	0	0	0	0	0	0	0	0	0	0	0	0	0	0	0	0	0	0	0	0	0	0	0	0	0	0	0	0	0	0	0	0	0	0	0	0	0	0	0	0	0	0	0	0	0	0	0	0	0	0	0	0	0	0	0	0	0	0	0	0	0	0	88	126	119	60	20	105	103	77	17	71	85	65	68	97	73	93	49	24	9	4	29	13	52	12	9	116	20	92	63	92	24	100	120	58	6	19	126	124	69	61	65	78	36	66	98	41	45	34	38	28	12	18	107	11	57	68	70	20	29	128	63	77	91	13
0	0	0	0	0	0	0	0	0	0	0	0	0	0	0	0	0	0	0	0	0	0	0	0	0	0	0	0	0	0	0	0	0	0	0	0	0	0	0	0	0	0	0	0	0	0	0	0	0	0	0	0	0	0	0	0	0	0	0	0	0	0	0	0	0	92	73	99	63	19	86	120	113	21	46	118	117	124	31	92	34	13	121	66	101	74	97	14	17	28	75	38	75	40	112	48	69	78	63	79	64	32	70	24	27	79	38	113	102	120	34	78	87	90	30	79	14	70	70	13	95	9	45	63	99	102	115	73
0	0	0	0	0	0	0	0	0	0	0	0	0	0	0	0	0	0	0	0	0	0	0	0	0	0	0	0	0	0	0	0	0	0	0	0	0	0	0	0	0	0	0	0	0	0	0	0	0	0	0	0	0	0	0	0	0	0	0	0	0	0	0	0	0	0	99	42	72	23	59	116	66	74	59	87	34	67	128	70	85	98	78	69	10	78	5	126	52	108	106	60	52	82	70	124	91	126	83	67	30	15	58	23	125	38	119	7	78	40	125	96	41	30	14	82	80	117	11	37	23	101	2	75	26	93	29	14
0	0	0	0	0	0	0	0	0	0	0	0	0	0	0	0	0	0	0	0	0	0	0	0	0	0	0	0	0	0	0	0	0	0	0	0	0	0	0	0	0	0	0	0	0	0	0	0	0	0	0	0	0	0	0	0	0	0	0	0	0	0	0	0	0	0	0	42	13	86	43	54	101	14	87	84	86	4	54	25	115	56	55	1	52	6	22	47	89	48	24	74	2	127	52	119	107	3	89	13	58	103	67	127	91	123	62	60	60	86	46	71	104	92	68	50	104	2	19	11	40	55	87	113	6	32	104	19
0	0	0	0	0	0	0	0	0	0	0	0	0	0	0	0	0	0	0	0	0	0	0	0	0	0	0	0	0	0	0	0	0	0	0	0	0	0	0	0	0	0	0	0	0	0	0	0	0	0	0	0	0	0	0	0	0	0	0	0	0	0	0	0	0	0	0	0	90	49	128	75	75	76	111	72	118	45	110	17	115	108	99	69	121	107	56	11	71	24	88	115	23	69	11	118	29	22	78	64	34	52	30	104	71	108	2	105	47	51	76	89	34	26	76	27	38	114	110	11	75	107	3	82	44	68	124	126
0	0	0	0	0	0	0	0	0	0	0	0	0	0	0	0	0	0	0	0	0	0	0	0	0	0	0	0	0	0	0	0	0	0	0	0	0	0	0	0	0	0	0	0	0	0	0	0	0	0	0	0	0	0	0	0	0	0	0	0	0	0	0	0	0	0	0	0	0	80	99	10	125	60	67	124	84	84	128	68	87	9	120	35	3	75	92	14	29	46	24	8	8	95	20	42	32	118	10	9	13	18	40	59	81	27	27	109	103	112	127	3	108	70	22	25	92	80	77	27	13	73	110	114	40	72	102	91
0	0	0	0	0	0	0	0	0	0	0	0	0	0	0	0	0	0	0	0	0	0	0	0	0	0	0	0	0	0	0	0	0	0	0	0	0	0	0	0	0	0	0	0	0	0	0	0	0	0	0	0	0	0	0	0	0	0	0	0	0	0	0	0	0	0	0	0	0	0	43	84	51	36	5	58	106	16	79	41	5	64	26	33	109	106	18	126	73	124	2	14	73	30	76	31	77	55	65	29	126	68	73	122	1	28	30	100	121	27	1	123	41	2	98	86	97	61	88	51	57	90	70	12	81	29	124	21
0	0	0	0	0	0	0	0	0	0	0	0	0	0	0	0	0	0	0	0	0	0	0	0	0	0	0	0	0	0	0	0	0	0	0	0	0	0	0	0	0	0	0	0	0	0	0	0	0	0	0	0	0	0	0	0	0	0	0	0	0	0	0	0	0	0	0	0	0	0	0	123	114	5	97	93	120	4	54	111	121	94	5	7	93	12	109	120	40	35	58	44	24	57	32	102	16	120	101	41	74	65	64	123	68	114	22	72	19	47	94	97	6	10	117	47	32	41	127	25	80	30	98	28	105	98	52	26
0	0	0	0	0	0	0	0	0	0	0	0	0	0	0	0	0	0	0	0	0	0	0	0	0	0	0	0	0	0	0	0	0	0	0	0	0	0	0	0	0	0	0	0	0	0	0	0	0	0	0	0	0	0	0	0	0	0	0	0	0	0	0	0	0	0	0	0	0	0	0	0	49	125	84	106	19	77	119	76	29	64	89	75	11	25	60	76	61	5	47	16	114	15	126	95	119	105	128	16	89	22	12	41	42	123	85	13	107	100	72	76	107	84	86	11	31	41	22	66	11	10	128	72	51	31	35	115
0	0	0	0	0	0	0	0	0	0	0	0	0	0	0	0	0	0	0	0	0	0	0	0	0	0	0	0	0	0	0	0	0	0	0	0	0	0	0	0	0	0	0	0	0	0	0	0	0	0	0	0	0	0	0	0	0	0	0	0	0	0	0	0	0	0	0	0	0	0	0	0	0	99	80	94	43	42	97	109	9	113	34	29	75	97	14	101	67	2	5	57	37	113	70	77	101	95	74	82	34	15	125	16	12	69	122	97	82	13	120	84	34	106	30	18	12	53	58	36	16	12	102	11	111	107	109	84
0	0	0	0	0	0	0	0	0	0	0	0	0	0	0	0	0	0	0	0	0	0	0	0	0	0	0	0	0	0	0	0	0	0	0	0	0	0	0	0	0	0	0	0	0	0	0	0	0	0	0	0	0	0	0	0	0	0	0	0	0	0	0	0	0	0	0	0	0	0	0	0	0	0	17	8	125	42	75	74	87	100	59	119	26	66	7	106	45	69	101	21	46	32	27	98	61	115	100	91	57	123	59	36	5	117	6	77	42	66	117	42	15	125	35	43	39	60	34	121	116	84	41	79	48	44	19	95
0	0	0	0	0	0	0	0	0	0	0	0	0	0	0	0	0	0	0	0	0	0	0	0	0	0	0	0	0	0	0	0	0	0	0	0	0	0	0	0	0	0	0	0	0	0	0	0	0	0	0	0	0	0	0	0	0	0	0	0	0	0	0	0	0	0	0	0	0	0	0	0	0	0	0	96	115	108	7	77	63	75	13	86	128	97	118	61	85	88	86	62	109	57	112	105	127	115	111	115	80	44	112	86	15	84	18	110	125	86	81	116	42	41	7	110	70	32	94	28	70	107	68	109	70	33	30	24
0	0	0	0	0	0	0	0	0	0	0	0	0	0	0	0	0	0	0	0	0	0	0	0	0	0	0	0	0	0	0	0	0	0	0	0	0	0	0	0	0	0	0	0	0	0	0	0	0	0	0	0	0	0	0	0	0	0	0	0	0	0	0	0	0	0	0	0	0	0	0	0	0	0	0	0	69	97	41	91	101	103	71	1	62	120	110	47	6	115	12	3	52	45	107	114	101	53	79	1	75	106	21	69	98	91	97	65	123	115	26	89	22	59	34	15	21	108	82	113	93	28	16	5	109	106	51	36
0	0	0	0	0	0	0	0	0	0	0	0	0	0	0	0	0	0	0	0	0	0	0	0	0	0	0	0	0	0	0	0	0	0	0	0	0	0	0	0	0	0	0	0	0	0	0	0	0	0	0	0	0	0	0	0	0	0	0	0	0	0	0	0	0	0	0	0	0	0	0	0	0	0	0	0	0	3	113	63	4	98	109	16	23	88	55	121	85	32	10	120	70	75	108	87	6	124	53	92	114	28	84	105	74	75	47	13	10	83	33	62	77	46	17	27	84	76	54	85	106	81	36	127	25	98	12	45
0	0	0	0	0	0	0	0	0	0	0	0	0	0	0	0	0	0	0	0	0	0	0	0	0	0	0	0	0	0	0	0	0	0	0	0	0	0	0	0	0	0	0	0	0	0	0	0	0	0	0	0	0	0	0	0	0	0	0	0	0	0	0	0	0	0	0	0	0	0	0	0	0	0	0	0	0	0	68	11	13	93	27	16	98	19	22	62	90	3	70	50	96	2	108	94	21	12	51	98	20	8	91	96	128	41	72	33	45	62	25	118	79	37	90	48	102	56	104	58	56	32	105	32	58	25	48	112
0	0	0	0	0	0	0	0	0	0	0	0	0	0	0	0	0	0	0	0	0	0	0	0	0	0	0	0	0	0	0	0	0	0	0	0	0	0	0	0	0	0	0	0	0	0	0	0	0	0	0	0	0	0	0	0	0	0	0	0	0	0	0	0	0	0	0	0	0	0	0	0	0	0	0	0	0	0	0	73	50	21	120	73	7	76	61	117	7	126	105	31	22	109	32	31	1	124	77	24	69	50	15	57	45	113	10	92	16	114	19	57	22	86	97	9	24	42	121	79	61	21	127	90	12	68	14	9
0	0	0	0	0	0	0	0	0	0	0	0	0	0	0	0	0	0	0	0	0	0	0	0	0	0	0	0	0	0	0	0	0	0	0	0	0	0	0	0	0	0	0	0	0	0	0	0	0	0	0	0	0	0	0	0	0	0	0	0	0	0	0	0	0	0	0	0	0	0	0	0	0	0	0	0	0	0	0	0	19	53	91	47	118	124	46	8	78	23	8	110	15	74	11	70	67	116	12	99	27	82	23	24	71	78	56	113	99	90	102	73	57	46	39	57	96	103	128	12	22	13	108	109	99	108	29	104
0	0	0	0	0	0	0	0	0	0	0	0	0	0	0	0	0	0	0	0	0	0	0	0	0	0	0	0	0	0	0	0	0	0	0	0	0	0	0	0	0	0	0	0	0	0	0	0	0	0	0	0	0	0	0	0	0	0	0	0	0	0	0	0	0	0	0	0	0	0	0	0	0	0	0	0	0	0	0	0	0	83	43	128	33	73	91	94	18	75	96	20	64	110	107	50	87	29	79	9	31	112	56	105	79	57	88	127	59	30	74	74	99	107	33	3	34	46	57	97	94	27	121	114	57	36	67	13
0	0	0	0	0	0	0	0	0	0	0	0	0	0	0	0	0	0	0	0	0	0	0	0	0	0	0	0	0	0	0	0	0	0	0	0	0	0	0	0	0	0	0	0	0	0	0	0	0	0	0	0	0	0	0	0	0	0	0	0	0	0	0	0	0	0	0	0	0	0	0	0	0	0	0	0	0	0	0	0	0	0	97	95	112	82	30	122	127	123	65	74	97	14	28	119	96	37	47	72	55	3	60	86	81	65	103	47	49	88	38	23	10	69	35	93	61	45	71	104	79	48	113	55	100	76	51	76
0	0	0	0	0	0	0	0	0	0	0	0	0	0	0	0	0	0	0	0	0	0	0	0	0	0	0	0	0	0	0	0	0	0	0	0	0	0	0	0	0	0	0	0	0	0	0	0	0	0	0	0	0	0	0	0	0	0	0	0	0	0	0	0	0	0	0	0	0	0	0	0	0	0	0	0	0	0	0	0	0	0	0	18	13	57	112	88	34	15	94	21	91	69	63	117	111	50	33	102	97	28	96	122	82	2	124	7	61	113	4	89	2	84	26	127	1	100	113	63	31	110	102	31	59	20	33	67
0	0	0	0	0	0	0	0	0	0	0	0	0	0	0	0	0	0	0	0	0	0	0	0	0	0	0	0	0	0	0	0	0	0	0	0	0	0	0	0	0	0	0	0	0	0	0	0	0	0	0	0	0	0	0	0	0	0	0	0	0	0	0	0	0	0	0	0	0	0	0	0	0	0	0	0	0	0	0	0	0	0	0	0	55	9	97	95	90	31	126	116	28	123	117	59	16	63	69	37	112	16	80	99	31	34	98	126	125	36	17	123	76	95	90	18	101	62	110	27	62	111	43	41	59	8	83	39
0	0	0	0	0	0	0	0	0	0	0	0	0	0	0	0	0	0	0	0	0	0	0	0	0	0	0	0	0	0	0	0	0	0	0	0	0	0	0	0	0	0	0	0	0	0	0	0	0	0	0	0	0	0	0	0	0	0	0	0	0	0	0	0	0	0	0	0	0	0	0	0	0	0	0	0	0	0	0	0	0	0	0	0	0	50	8	33	120	74	76	4	16	86	71	14	37	125	111	101	25	124	90	53	120	79	11	91	67	101	74	78	102	61	33	47	50	88	44	75	25	32	121	116	45	27	46	100
0	0	0	0	0	0	0	0	0	0	0	0	0	0	0	0	0	0	0	0	0	0	0	0	0	0	0	0	0	0	0	0	0	0	0	0	0	0	0	0	0	0	0	0	0	0	0	0	0	0	0	0	0	0	0	0	0	0	0	0	0	0	0	0	0	0	0	0	0	0	0	0	0	0	0	0	0	0	0	0	0	0	0	0	0	0	91	91	109	43	13	63	64	66	67	80	4	4	8	103	39	111	84	9	34	21	46	102	102	101	97	113	29	24	53	102	107	32	110	23	98	127	52	66	4	82	19	40
0	0	0	0	0	0	0	0	0	0	0	0	0	0	0	0	0	0	0	0	0	0	0	0	0	0	0	0	0	0	0	0	0	0	0	0	0	0	0	0	0	0	0	0	0	0	0	0	0	0	0	0	0	0	0	0	0	0	0	0	0	0	0	0	0	0	0	0	0	0	0	0	0	0	0	0	0	0	0	0	0	0	0	0	0	0	0	110	8	128	110	79	34	120	7	70	92	52	112	109	103	90	103	10	106	20	102	72	63	74	125	1	71	40	29	99	36	44	121	15	120	22	78	50	54	44	9	25
0	0	0	0	0	0	0	0	0	0	0	0	0	0	0	0	0	0	0	0	0	0	0	0	0	0	0	0	0	0	0	0	0	0	0	0	0	0	0	0	0	0	0	0	0	0	0	0	0	0	0	0	0	0	0	0	0	0	0	0	0	0	0	0	0	0	0	0	0	0	0	0	0	0	0	0	0	0	0	0	0	0	0	0	0	0	0	0	74	73	1	10	94	38	34	101	39	46	36	46	82	82	91	123	38	32	112	86	16	104	60	42	56	98	4	104	71	126	121	6	8	6	97	90	12	60	90	111
0	0	0	0	0	0	0	0	0	0	0	0	0	0	0	0	0	0	0	0	0	0	0	0	0	0	0	0	0	0	0	0	0	0	0	0	0	0	0	0	0	0	0	0	0	0	0	0	0	0	0	0	0	0	0	0	0	0	0	0	0	0	0	0	0	0	0	0	0	0	0	0	0	0	0	0	0	0	0	0	0	0	0	0	0	0	0	0	0	81	61	62	19	106	83	60	50	11	19	85	115	83	104	19	104	92	45	60	123	35	103	81	97	45	90	101	105	3	93	72	92	94	93	60	106	65	95	65
0	0	0	0	0	0	0	0	0	0	0	0	0	0	0	0	0	0	0	0	0	0	0	0	0	0	0	0	0	0	0	0	0	0	0	0	0	0	0	0	0	0	0	0	0	0	0	0	0	0	0	0	0	0	0	0	0	0	0	0	0	0	0	0	0	0	0	0	0	0	0	0	0	0	0	0	0	0	0	0	0	0	0	0	0	0	0	0	0	0	59	79	29	95	94	48	71	128	104	11	17	114	104	51	110	109	28	125	76	3	61	8	4	115	29	45	29	31	29	87	9	109	23	88	21	95	4	92
0	0	0	0	0	0	0	0	0	0	0	0	0	0	0	0	0	0	0	0	0	0	0	0	0	0	0	0	0	0	0	0	0	0	0	0	0	0	0	0	0	0	0	0	0	0	0	0	0	0	0	0	0	0	0	0	0	0	0	0	0	0	0	0	0	0	0	0	0	0	0	0	0	0	0	0	0	0	0	0	0	0	0	0	0	0	0	0	0	0	0	56	127	32	86	12	21	61	94	91	26	23	20	88	38	57	77	32	6	17	111	4	126	57	12	92	26	10	29	105	70	19	30	121	71	68	103	33
0	0	0	0	0	0	0	0	0	0	0	0	0	0	0	0	0	0	0	0	0	0	0	0	0	0	0	0	0	0	0	0	0	0	0	0	0	0	0	0	0	0	0	0	0	0	0	0	0	0	0	0	0	0	0	0	0	0	0	0	0	0	0	0	0	0	0	0	0	0	0	0	0	0	0	0	0	0	0	0	0	0	0	0	0	0	0	0	0	0	0	0	56	114	104	68	31	110	73	9	105	77	73	40	77	41	68	17	25	30	114	114	56	38	51	26	3	86	22	70	73	79	128	102	36	86	53	90
0	0	0	0	0	0	0	0	0	0	0	0	0	0	0	0	0	0	0	0	0	0	0	0	0	0	0	0	0	0	0	0	0	0	0	0	0	0	0	0	0	0	0	0	0	0	0	0	0	0	0	0	0	0	0	0	0	0	0	0	0	0	0	0	0	0	0	0	0	0	0	0	0	0	0	0	0	0	0	0	0	0	0	0	0	0	0	0	0	0	0	0	0	85	75	22	20	29	62	14	16	113	55	87	65	108	95	85	52	62	103	77	102	44	64	65	74	17	104	106	85	49	5	111	105	27	88	45
0	0	0	0	0	0	0	0	0	0	0	0	0	0	0	0	0	0	0	0	0	0	0	0	0	0	0	0	0	0	0	0	0	0	0	0	0	0	0	0	0	0	0	0	0	0	0	0	0	0	0	0	0	0	0	0	0	0	0	0	0	0	0	0	0	0	0	0	0	0	0	0	0	0	0	0	0	0	0	0	0	0	0	0	0	0	0	0	0	0	0	0	0	0	127	13	70	44	117	46	65	8	54	51	77	66	41	92	80	101	41	42	56	34	78	113	67	19	29	47	69	119	5	38	65	68	53	102
0	0	0	0	0	0	0	0	0	0	0	0	0	0	0	0	0	0	0	0	0	0	0	0	0	0	0	0	0	0	0	0	0	0	0	0	0	0	0	0	0	0	0	0	0	0	0	0	0	0	0	0	0	0	0	0	0	0	0	0	0	0	0	0	0	0	0	0	0	0	0	0	0	0	0	0	0	0	0	0	0	0	0	0	0	0	0	0	0	0	0	0	0	0	0	26	83	85	110	89	113	61	57	29	44	74	12	99	24	44	35	77	5	86	62	85	82	61	69	61	59	6	115	99	118	128	91	127
0	0	0	0	0	0	0	0	0	0	0	0	0	0	0	0	0	0	0	0	0	0	0	0	0	0	0	0	0	0	0	0	0	0	0	0	0	0	0	0	0	0	0	0	0	0	0	0	0	0	0	0	0	0	0	0	0	0	0	0	0	0	0	0	0	0	0	0	0	0	0	0	0	0	0	0	0	0	0	0	0	0	0	0	0	0	0	0	0	0	0	0	0	0	0	0	18	76	44	10	123	64	31	70	82	36	5	30	87	59	99	68	25	84	97	100	103	6	78	57	46	77	107	75	75	49	43	117
0	0	0	0	0	0	0	0	0	0	0	0	0	0	0	0	0	0	0	0	0	0	0	0	0	0	0	0	0	0	0	0	0	0	0	0	0	0	0	0	0	0	0	0	0	0	0	0	0	0	0	0	0	0	0	0	0	0	0	0	0	0	0	0	0	0	0	0	0	0	0	0	0	0	0	0	0	0	0	0	0	0	0	0	0	0	0	0	0	0	0	0	0	0	0	0	0	1	40	9	47	70	47	78	66	127	1	113	14	55	123	52	44	16	42	11	73	41	128	82	89	16	7	120	115	120	123	8
0	0	0	0	0	0	0	0	0	0	0	0	0	0	0	0	0	0	0	0	0	0	0	0	0	0	0	0	0	0	0	0	0	0	0	0	0	0	0	0	0	0	0	0	0	0	0	0	0	0	0	0	0	0	0	0	0	0	0	0	0	0	0	0	0	0	0	0	0	0	0	0	0	0	0	0	0	0	0	0	0	0	0	0	0	0	0	0	0	0	0	0	0	0	0	0	0	0	4	27	30	86	107	124	38	112	14	34	22	15	86	126	44	96	36	113	101	80	45	119	7	36	121	46	71	48	106	43
0	0	0	0	0	0	0	0	0	0	0	0	0	0	0	0	0	0	0	0	0	0	0	0	0	0	0	0	0	0	0	0	0	0	0	0	0	0	0	0	0	0	0	0	0	0	0	0	0	0	0	0	0	0	0	0	0	0	0	0	0	0	0	0	0	0	0	0	0	0	0	0	0	0	0	0	0	0	0	0	0	0	0	0	0	0	0	0	0	0	0	0	0	0	0	0	0	0	0	102	32	79	121	120	9	18	38	24	104	99	68	96	81	120	118	119	55	68	104	80	123	32	72	8	21	114	113	1
0	0	0	0	0	0	0	0	0	0	0	0	0	0	0	0	0	0	0	0	0	0	0	0	0	0	0	0	0	0	0	0	0	0	0	0	0	0	0	0	0	0	0	0	0	0	0	0	0	0	0	0	0	0	0	0	0	0	0	0	0	0	0	0	0	0	0	0	0	0	0	0	0	0	0	0	0	0	0	0	0	0	0	0	0	0	0	0	0	0	0	0	0	0	0	0	0	0	0	0	49	107	36	40	98	48	39	82	88	66	88	46	9	88	8	88	3	119	50	75	83	8	90	112	10	90	6	91
0	0	0	0	0	0	0	0	0	0	0	0	0	0	0	0	0	0	0	0	0	0	0	0	0	0	0	0	0	0	0	0	0	0	0	0	0	0	0	0	0	0	0	0	0	0	0	0	0	0	0	0	0	0	0	0	0	0	0	0	0	0	0	0	0	0	0	0	0	0	0	0	0	0	0	0	0	0	0	0	0	0	0	0	0	0	0	0	0	0	0	0	0	0	0	0	0	0	0	0	0	19	117	40	71	49	111	44	65	74	64	27	20	103	117	26	121	24	120	27	76	54	9	83	12	85	46	125
0	0	0	0	0	0	0	0	0	0	0	0	0	0	0	0	0	0	0	0	0	0	0	0	0	0	0	0	0	0	0	0	0	0	0	0	0	0	0	0	0	0	0	0	0	0	0	0	0	0	0	0	0	0	0	0	0	0	0	0	0	0	0	0	0	0	0	0	0	0	0	0	0	0	0	0	0	0	0	0	0	0	0	0	0	0	0	0	0	0	0	0	0	0	0	0	0	0	0	0	0	0	104	124	56	127	35	35	67	58	38	68	112	45	84	12	108	71	28	88	105	44	116	18	4	21	37	59
0	0	0	0	0	0	0	0	0	0	0	0	0	0	0	0	0	0	0	0	0	0	0	0	0	0	0	0	0	0	0	0	0	0	0	0	0	0	0	0	0	0	0	0	0	0	0	0	0	0	0	0	0	0	0	0	0	0	0	0	0	0	0	0	0	0	0	0	0	0	0	0	0	0	0	0	0	0	0	0	0	0	0	0	0	0	0	0	0	0	0	0	0	0	0	0	0	0	0	0	0	0	0	12	104	117	11	51	53	107	29	52	66	115	18	62	21	125	32	65	70	22	117	6	106	21	109	102
0	0	0	0	0	0	0	0	0	0	0	0	0	0	0	0	0	0	0	0	0	0	0	0	0	0	0	0	0	0	0	0	0	0	0	0	0	0	0	0	0	0	0	0	0	0	0	0	0	0	0	0	0	0	0	0	0	0	0	0	0	0	0	0	0	0	0	0	0	0	0	0	0	0	0	0	0	0	0	0	0	0	0	0	0	0	0	0	0	0	0	0	0	0	0	0	0	0	0	0	0	0	0	0	93	48	128	98	123	9	75	108	125	76	124	86	4	58	54	45	90	81	113	115	18	15	73	46
0	0	0	0	0	0	0	0	0	0	0	0	0	0	0	0	0	0	0	0	0	0	0	0	0	0	0	0	0	0	0	0	0	0	0	0	0	0	0	0	0	0	0	0	0	0	0	0	0	0	0	0	0	0	0	0	0	0	0	0	0	0	0	0	0	0	0	0	0	0	0	0	0	0	0	0	0	0	0	0	0	0	0	0	0	0	0	0	0	0	0	0	0	0	0	0	0	0	0	0	0	0	0	0	0	67	20	5	23	15	96	44	95	73	122	6	73	115	114	107	10	120	43	44	107	123	59	96
0	0	0	0	0	0	0	0	0	0	0	0	0	0	0	0	0	0	0	0	0	0	0	0	0	0	0	0	0	0	0	0	0	0	0	0	0	0	0	0	0	0	0	0	0	0	0	0	0	0	0	0	0	0	0	0	0	0	0	0	0	0	0	0	0	0	0	0	0	0	0	0	0	0	0	0	0	0	0	0	0	0	0	0	0	0	0	0	0	0	0	0	0	0	0	0	0	0	0	0	0	0	0	0	0	0	55	95	89	29	95	8	21	8	10	116	41	123	8	114	118	59	28	120	35	48	99	28
0	0	0	0	0	0	0	0	0	0	0	0	0	0	0	0	0	0	0	0	0	0	0	0	0	0	0	0	0	0	0	0	0	0	0	0	0	0	0	0	0	0	0	0	0	0	0	0	0	0	0	0	0	0	0	0	0	0	0	0	0	0	0	0	0	0	0	0	0	0	0	0	0	0	0	0	0	0	0	0	0	0	0	0	0	0	0	0	0	0	0	0	0	0	0	0	0	0	0	0	0	0	0	0	0	0	0	33	58	18	91	85	75	10	122	33	24	118	88	105	75	128	42	59	71	67	41	51
0	0	0	0	0	0	0	0	0	0	0	0	0	0	0	0	0	0	0	0	0	0	0	0	0	0	0	0	0	0	0	0	0	0	0	0	0	0	0	0	0	0	0	0	0	0	0	0	0	0	0	0	0	0	0	0	0	0	0	0	0	0	0	0	0	0	0	0	0	0	0	0	0	0	0	0	0	0	0	0	0	0	0	0	0	0	0	0	0	0	0	0	0	0	0	0	0	0	0	0	0	0	0	0	0	0	0	0	65	35	18	30	5	122	56	97	121	2	101	24	102	54	1	34	69	90	72	111
0	0	0	0	0	0	0	0	0	0	0	0	0	0	0	0	0	0	0	0	0	0	0	0	0	0	0	0	0	0	0	0	0	0	0	0	0	0	0	0	0	0	0	0	0	0	0	0	0	0	0	0	0	0	0	0	0	0	0	0	0	0	0	0	0	0	0	0	0	0	0	0	0	0	0	0	0	0	0	0	0	0	0	0	0	0	0	0	0	0	0	0	0	0	0	0	0	0	0	0	0	0	0	0	0	0	0	0	0	122	84	92	67	43	81	76	69	66	41	105	66	8	62	92	38	107	37	46
0	0	0	0	0	0	0	0	0	0	0	0	0	0	0	0	0	0	0	0	0	0	0	0	0	0	0	0	0	0	0	0	0	0	0	0	0	0	0	0	0	0	0	0	0	0	0	0	0	0	0	0	0	0	0	0	0	0	0	0	0	0	0	0	0	0	0	0	0	0	0	0	0	0	0	0	0	0	0	0	0	0	0	0	0	0	0	0	0	0	0	0	0	0	0	0	0	0	0	0	0	0	0	0	0	0	0	0	0	0	102	82	74	32	87	12	66	57	45	27	1	73	80	127	46	7	36	75
0	0	0	0	0	0	0	0	0	0	0	0	0	0	0	0	0	0	0	0	0	0	0	0	0	0	0	0	0	0	0	0	0	0	0	0	0	0	0	0	0	0	0	0	0	0	0	0	0	0	0	0	0	0	0	0	0	0	0	0	0	0	0	0	0	0	0	0	0	0	0	0	0	0	0	0	0	0	0	0	0	0	0	0	0	0	0	0	0	0	0	0	0	0	0	0	0	0	0	0	0	0	0	0	0	0	0	0	0	0	0	89	94	127	113	7	1	56	59	125	128	118	96	3	62	6	84	113
0	0	0	0	0	0	0	0	0	0	0	0	0	0	0	0	0	0	0	0	0	0	0	0	0	0	0	0	0	0	0	0	0	0	0	0	0	0	0	0	0	0	0	0	0	0	0	0	0	0	0	0	0	0	0	0	0	0	0	0	0	0	0	0	0	0	0	0	0	0	0	0	0	0	0	0	0	0	0	0	0	0	0	0	0	0	0	0	0	0	0	0	0	0	0	0	0	0	0	0	0	0	0	0	0	0	0	0	0	0	0	0	115	93	21	128	89	75	84	50	102	119	110	100	62	99	123	78
0	0	0	0	0	0	0	0	0	0	0	0	0	0	0	0	0	0	0	0	0	0	0	0	0	0	0	0	0	0	0	0	0	0	0	0	0	0	0	0	0	0	0	0	0	0	0	0	0	0	0	0	0	0	0	0	0	0	0	0	0	0	0	0	0	0	0	0	0	0	0	0	0	0	0	0	0	0	0	0	0	0	0	0	0	0	0	0	0	0	0	0	0	0	0	0	0	0	0	0	0	0	0	0	0	0	0	0	0	0	0	0	0	70	51	70	22	2	67	14	15	20	12	71	117	89	78	40
0	0	0	0	0	0	0	0	0	0	0	0	0	0	0	0	0	0	0	0	0	0	0	0	0	0	0	0	0	0	0	0	0	0	0	0	0	0	0	0	0	0	0	0	0	0	0	0	0	0	0	0	0	0	0	0	0	0	0	0	0	0	0	0	0	0	0	0	0	0	0	0	0	0	0	0	0	0	0	0	0	0	0	0	0	0	0	0	0	0	0	0	0	0	0	0	0	0	0	0	0	0	0	0	0	0	0	0	0	0	0	0	0	0	56	37	126	11	64	83	122	17	93	74	29	95	10	68
0	0	0	0	0	0	0	0	0	0	0	0	0	0	0	0	0	0	0	0	0	0	0	0	0	0	0	0	0	0	0	0	0	0	0	0	0	0	0	0	0	0	0	0	0	0	0	0	0	0	0	0	0	0	0	0	0	0	0	0	0	0	0	0	0	0	0	0	0	0	0	0	0	0	0	0	0	0	0	0	0	0	0	0	0	0	0	0	0	0	0	0	0	0	0	0	0	0	0	0	0	0	0	0	0	0	0	0	0	0	0	0	0	0	0	83	104	58	110	124	103	83	92	75	116	114	40	126
0	0	0	0	0	0	0	0	0	0	0	0	0	0	0	0	0	0	0	0	0	0	0	0	0	0	0	0	0	0	0	0	0	0	0	0	0	0	0	0	0	0	0	0	0	0	0	0	0	0	0	0	0	0	0	0	0	0	0	0	0	0	0	0	0	0	0	0	0	0	0	0	0	0	0	0	0	0	0	0	0	0	0	0	0	0	0	0	0	0	0	0	0	0	0	0	0	0	0	0	0	0	0	0	0	0	0	0	0	0	0	0	0	0	0	0	17	30	124	114	3	89	63	97	75	103	111	107
0	0	0	0	0	0	0	0	0	0	0	0	0	0	0	0	0	0	0	0	0	0	0	0	0	0	0	0	0	0	0	0	0	0	0	0	0	0	0	0	0	0	0	0	0	0	0	0	0	0	0	0	0	0	0	0	0	0	0	0	0	0	0	0	0	0	0	0	0	0	0	0	0	0	0	0	0	0	0	0	0	0	0	0	0	0	0	0	0	0	0	0	0	0	0	0	0	0	0	0	0	0	0	0	0	0	0	0	0	0	0	0	0	0	0	0	0	12	73	85	27	125	46	116	23	65	118	111
0	0	0	0	0	0	0	0	0	0	0	0	0	0	0	0	0	0	0	0	0	0	0	0	0	0	0	0	0	0	0	0	0	0	0	0	0	0	0	0	0	0	0	0	0	0	0	0	0	0	0	0	0	0	0	0	0	0	0	0	0	0	0	0	0	0	0	0	0	0	0	0	0	0	0	0	0	0	0	0	0	0	0	0	0	0	0	0	0	0	0	0	0	0	0	0	0	0	0	0	0	0	0	0	0	0	0	0	0	0	0	0	0	0	0	0	0	0	80	120	14	109	7	3	109	99	75	128
0	0	0	0	0	0	0	0	0	0	0	0	0	0	0	0	0	0	0	0	0	0	0	0	0	0	0	0	0	0	0	0	0	0	0	0	0	0	0	0	0	0	0	0	0	0	0	0	0	0	0	0	0	0	0	0	0	0	0	0	0	0	0	0	0	0	0	0	0	0	0	0	0	0	0	0	0	0	0	0	0	0	0	0	0	0	0	0	0	0	0	0	0	0	0	0	0	0	0	0	0	0	0	0	0	0	0	0	0	0	0	0	0	0	0	0	0	0	0	82	76	68	43	100	10	76	15	71
0	0	0	0	0	0	0	0	0	0	0	0	0	0	0	0	0	0	0	0	0	0	0	0	0	0	0	0	0	0	0	0	0	0	0	0	0	0	0	0	0	0	0	0	0	0	0	0	0	0	0	0	0	0	0	0	0	0	0	0	0	0	0	0	0	0	0	0	0	0	0	0	0	0	0	0	0	0	0	0	0	0	0	0	0	0	0	0	0	0	0	0	0	0	0	0	0	0	0	0	0	0	0	0	0	0	0	0	0	0	0	0	0	0	0	0	0	0	0	0	104	37	56	18	85	125	42	90
0	0	0	0	0	0	0	0	0	0	0	0	0	0	0	0	0	0	0	0	0	0	0	0	0	0	0	0	0	0	0	0	0	0	0	0	0	0	0	0	0	0	0	0	0	0	0	0	0	0	0	0	0	0	0	0	0	0	0	0	0	0	0	0	0	0	0	0	0	0	0	0	0	0	0	0	0	0	0	0	0	0	0	0	0	0	0	0	0	0	0	0	0	0	0	0	0	0	0	0	0	0	0	0	0	0	0	0	0	0	0	0	0	0	0	0	0	0	0	0	0	57	104	103	70	78	107	4
0	0	0	0	0	0	0	0	0	0	0	0	0	0	0	0	0	0	0	0	0	0	0	0	0	0	0	0	0	0	0	0	0	0	0	0	0	0	0	0	0	0	0	0	0	0	0	0	0	0	0	0	0	0	0	0	0	0	0	0	0	0	0	0	0	0	0	0	0	0	0	0	0	0	0	0	0	0	0	0	0	0	0	0	0	0	0	0	0	0	0	0	0	0	0	0	0	0	0	0	0	0	0	0	0	0	0	0	0	0	0	0	0	0	0	0	0	0	0	0	0	0	100	85	40	34	97	115
0	0	0	0	0	0	0	0	0	0	0	0	0	0	0	0	0	0	0	0	0	0	0	0	0	0	0	0	0	0	0	0	0	0	0	0	0	0	0	0	0	0	0	0	0	0	0	0	0	0	0	0	0	0	0	0	0	0	0	0	0	0	0	0	0	0	0	0	0	0	0	0	0	0	0	0	0	0	0	0	0	0	0	0	0	0	0	0	0	0	0	0	0	0	0	0	0	0	0	0	0	0	0	0	0	0	0	0	0	0	0	0	0	0	0	0	0	0	0	0	0	0	0	28	16	16	79	14
0	0	0	0	0	0	0	0	0	0	0	0	0	0	0	0	0	0	0	0	0	0	0	0	0	0	0	0	0	0	0	0	0	0	0	0	0	0	0	0	0	0	0	0	0	0	0	0	0	0	0	0	0	0	0	0	0	0	0	0	0	0	0	0	0	0	0	0	0	0	0	0	0	0	0	0	0	0	0	0	0	0	0	0	0	0	0	0	0	0	0	0	0	0	0	0	0	0	0	0	0	0	0	0	0	0	0	0	0	0	0	0	0	0	0	0	0	0	0	0	0	0	0	0	49	22	85	11
0	0	0	0	0	0	0	0	0	0	0	0	0	0	0	0	0	0	0	0	0	0	0	0	0	0	0	0	0	0	0	0	0	0	0	0	0	0	0	0	0	0	0	0	0	0	0	0	0	0	0	0	0	0	0	0	0	0	0	0	0	0	0	0	0	0	0	0	0	0	0	0	0	0	0	0	0	0	0	0	0	0	0	0	0	0	0	0	0	0	0	0	0	0	0	0	0	0	0	0	0	0	0	0	0	0	0	0	0	0	0	0	0	0	0	0	0	0	0	0	0	0	0	0	0	67	80	46
0	0	0	0	0	0	0	0	0	0	0	0	0	0	0	0	0	0	0	0	0	0	0	0	0	0	0	0	0	0	0	0	0	0	0	0	0	0	0	0	0	0	0	0	0	0	0	0	0	0	0	0	0	0	0	0	0	0	0	0	0	0	0	0	0	0	0	0	0	0	0	0	0	0	0	0	0	0	0	0	0	0	0	0	0	0	0	0	0	0	0	0	0	0	0	0	0	0	0	0	0	0	0	0	0	0	0	0	0	0	0	0	0	0	0	0	0	0	0	0	0	0	0	0	0	0	97	12
0	0	0	0	0	0	0	0	0	0	0	0	0	0	0	0	0	0	0	0	0	0	0	0	0	0	0	0	0	0	0	0	0	0	0	0	0	0	0	0	0	0	0	0	0	0	0	0	0	0	0	0	0	0	0	0	0	0	0	0	0	0	0	0	0	0	0	0	0	0	0	0	0	0	0	0	0	0	0	0	0	0	0	0	0	0	0	0	0	0	0	0	0	0	0	0	0	0	0	0	0	0	0	0	0	0	0	0	0	0	0	0	0	0	0	0	0	0	0	0	0	0	0	0	0	0	0	45
0	0	0	0	0	0	0	0	0	0	0	0	0	0	0	0	0	0	0	0	0	0	0	0	0	0	0	0	0	0	0	0	0	0	0	0	0	0	0	0	0	0	0	0	0	0	0	0	0	0	0	0	0	0	0	0	0	0	0	0	0	0	0	0	0	0	0	0	0	0	0	0	0	0	0	0	0	0	0	0	0	0	0	0	0	0	0	0	0	0	0	0	0	0	0	0	0	0	0	0	0	0	0	0	0	0	0	0	0	0	0	0	0	0	0	0	0	0	0	0	0	0	0	0	0	0	0	0