0	36	121	28	97	46	55	121	53	112	34	6	119	70	16	108	24	112	67	100	68	62	16	26	92	19	112	128	35	56	76	81	66	32	62	49	46	98	8	2	58	101	64	53	62	84	3	34	116	70	88	99	124	43	33	35	91	4	87	111	32	94	47	100	26	102	8	56	97	92	27	86	121	124	84	75	76	104	108	10	72	29	104	125	35	101	73	39	11	110	94	65	65	24	24	119	69	128	120	20	16	125	74	53	121	34	108	91	38	98	98	2	21	73	119	116	78	64	1	126	45	1	30	1	95	69	11	93
0	0	39	93	23	52	78	33	74	71	72	106	76	119	90	128	110	43	63	112	113	78	25	51	125	50	16	91	119	70	39	41	83	97	49	72	66	126	120	10	121	56	58	18	88	19	46	80	60	100	1	21	43	125	76	123	63	60	122	106	90	85	38	103	73	2	41	29	93	59	33	92	61	36	69	5	6	37	44	72	60	90	117	2	66	121	24	11	100	77	125	111	39	18	38	33	78	51	95	11	111	92	111	42	18	105	21	121	88	96	71	95	109	97	6	89	12	25	38	16	69	26	29	110	51	96	25	54
0	0	0	87	99	43	67	17	13	104	20	98	83	51	9	69	27	128	81	112	51	20	55	17	74	71	82	57	43	56	42	57	118	64	101	107	27	74	2	96	55	2	2	46	7	97	41	69	62	58	114	64	32	71	47	123	48	87	78	14	3	80	116	62	1	117	77	72	88	121	18	95	54	124	8	79	10	24	100	57	25	77	105	34	19	115	69	33	84	38	44	61	41	104	38	8	17	24	96	28	20	83	28	81	40	79	17	115	38	36	37	47	87	61	14	66	92	104	39	108	121	112	21	68	45	77	99	74
0	0	0	0	99	118	67	18	63	124	80	20	113	6	69	103	9	69	111	116	14	65	128	115	57	66	84	11	60	27	23	17	4	78	57	110	108	46	73	27	68	117	50	90	76	122	107	51	20	22	115	91	55	21	119	46	54	97	34	79	55	128	17	94	27	47	124	27	128	35	5	100	108	71	78	106	23	101	64	86	42	117	60	58	110	82	114	27	75	82	62	10	47	14	91	91	29	101	42	17	84	21	64	38	109	73	54	14	38	80	99	121	94	114	11	108	65	73	121	109	14	91	73	11	112	123	71	115
0	0	0	0	0	41	45	118	23	80	62	101	95	67	79	34	33	22	56	42	120	13	63	49	124	29	53	35	49	44	61	102	18	123	126	68	75	101	127	116	22	122	112	3	56	101	93	66	100	31	32	36	17	123	94	45	82	48	8	32	35	47	83	96	107	123	88	16	109	71	81	21	70	67	21	29	27	75	28	81	58	56	108	53	98	4	33	112	68	3	120	35	40	101	42	1	68	124	79	92	4	68	74	89	99	21	3	121	111	85	20	53	81	96	86	112	54	96	86	71	116	123	76	27	1	73	3	124
0	0	0	0	0	0	68	51	11	51	57	55	48	5	1	34	84	99	71	54	114	39	69	85	50	104	58	71	73	92	12	19	69	57	76	124	85	8	15	74	44	112	88	100	25	125	58	33	17	22	86	13	75	76	118	35	98	42	106	59	69	125	109	64	57	2	19	24	77	76	40	55	46	74	21	42	75	4	76	127	81	124	61	2	2	92	50	115	63	76	108	47	21	12	96	4	75	121	96	39	11	89	58	82	115	97	108	62	115	18	105	57	59	53	17	25	61	39	37	99	7	32	60	80	122	116	62	45
0	0	0	0	0	0	0	97	103	52	55	35	86	59	97	65	32	18	118	122	39	22	5	1	78	80	93	61	106	65	97	88	65	112	4	29	7	77	50	97	26	23	70	98	106	96	90	94	94	69	79	94	55	73	60	9	84	4	121	92	41	93	84	51	31	21	17	119	74	24	56	26	3	11	121	14	94	123	19	18	5	15	111	105	16	45	23	14	15	15	18	89	118	33	37	48	51	92	28	120	97	62	18	112	110	97	41	5	96	63	50	42	83	100	4	112	56	66	4	14	1	107	77	31	56	87	121	11
0	0	0	0	0	0	0	0	96	68	47	61	98	74	112	127	36	95	9	109	30	94	105	23	34	71	106	85	92	48	93	33	31	74	120	25	19	97	70	64	102	97	114	53	51	47	29	88	24	71	84	97	80	107	88	66	3	4	64	16	70	4	47	110	35	35	117	37	94	61	120	12	102	46	103	81	17	91	119	78	94	6	55	88	88	1	67	72	126	37	56	69	128	46	68	27	87	121	73	19	42	38	106	117	115	118	22	40	102	80	85	128	35	69	46	11	51	87	113	101	113	106	75	25	59	42	43	41
0	0	0	0	0	0	0	0	0	102	30	32	44	49	55	76	15	110	100	87	55	28	1	70	126	128	12	104	77	112	47	38	87	50	95	62	72	57	119	21	93	37	38	27	113	94	121	45	80	18	95	66	21	72	30	121	2	62	12	68	14	49	13	46	82	105	109	30	74	70	83	99	107	121	12	111	99	19	78	99	104	107	75	19	13	108	29	51	75	94	82	20	80	100	18	49	22	104	10	2	2	97	57	5	85	99	28	116	21	20	54	89	57	27	52	77	120	67	32	73	105	34	8	85	121	73	115	69
0	0	0	0	0	0	0	0	0	0	55	51	97	128	73	4	69	37	19	59	46	61	39	68	34	108	25	10	3	56	105	85	9	109	87	49	74	118	17	63	11	12	76	11	71	40	47	90	56	19	118	30	99	101	68	77	55	15	5	9	22	32	120	37	119	46	77	116	33	14	48	78	43	99	88	75	50	58	68	11	29	4	33	7	36	49	34	128	3	51	64	125	91	77	111	54	68	65	33	90	75	117	14	36	122	69	55	87	8	91	78	89	43	67	13	110	42	50	5	9	34	54	68	105	58	101	17	5
0	0	0	0	0	0	0	0	0	0	0	12	105	118	102	65	88	75	56	51	53	101	32	74	22	96	54	95	57	63	48	80	71	113	116	126	42	24	42	37	45	8	64	58	47	120	15	96	89	25	74	59	112	19	63	92	89	58	94	96	120	87	79	67	106	111	8	11	63	81	41	93	62	45	109	3	76	90	80	65	101	68	2	2	9	35	1	75	65	86	128	105	20	116	95	34	17	85	105	53	69	77	116	17	26	15	63	78	25	84	97	45	89	72	90	61	86	87	49	30	17	93	37	47	8	96	35	112
0	0	0	0	0	0	0	0	0	0	0	0	97	36	50	45	47	127	30	28	116	70	101	95	71	119	11	36	112	89	83	100	112	119	71	56	7	84	37	124	126	80	95	16	57	107	78	46	103	31	102	64	75	116	68	107	82	126	66	12	15	89	116	105	108	11	41	126	14	101	1	45	108	75	38	85	79	70	114	113	70	75	67	98	66	3	95	104	60	57	61	111	102	26	58	101	1	75	100	77	76	45	24	115	54	34	57	22	21	55	97	3	9	84	97	94	53	55	98	128	115	23	119	58	93	2	128	97
0	0	0	0	0	0	0	0	0	0	0	0	0	14	67	89	53	83	29	118	67	33	101	90	4	57	95	54	51	70	114	108	50	19	74	115	102	122	114	107	72	34	11	51	27	70	114	9	26	78	21	128	99	101	112	71	28	33	60	4	128	70	120	71	108	33	47	127	70	121	119	127	110	23	45	1	4	69	83	56	25	35	99	95	107	23	113	39	91	17	68	36	75	29	49	27	105	116	115	110	47	89	101	13	83	91	12	73	62	35	37	75	80	111	125	92	21	75	41	66	2	109	68	4	42	61	87	58
0	0	0	0	0	0	0	0	0	0	0	0	0	0	101	114	85	90	111	103	89	68	31	102	54	6	58	79	54	95	109	20	42	70	44	25	32	90	106	108	121	91	123	62	75	41	123	100	106	5	70	46	20	77	104	64	76	83	109	73	40	22	119	78	52	40	101	57	88	30	53	4	39	5	115	16	64	85	4	107	88	63	30	79	36	108	116	42	21	120	4	122	112	106	95	31	113	62	42	107	58	73	34	5	106	72	29	38	71	125	76	55	46	2	19	109	83	33	26	63	94	35	42	42	65	63	112	94
0	0	0	0	0	0	0	0	0	0	0	0	0	0	0	69	44	26	52	11	105	30	34	70	39	105	61	84	79	9	12	29	46	63	31	89	67	60	3	33	55	124	34	110	8	18	79	111	51	124	13	18	88	120	64	87	16	71	67	35	120	78	59	123	39	125	4	104	94	6	14	53	39	12	12	98	111	94	28	18	116	22	80	27	16	89	41	45	31	77	104	101	37	4	4	79	98	19	15	60	58	42	67	110	2	12	77	49	122	37	128	120	101	27	75	106	98	58	118	91	116	45	59	105	96	67	85	65
0	0	0	0	0	0	0	0	0	0	0	0	0	0	0	0	60	123	63	44	71	10	24	60	101	127	16	44	67	90	9	33	124	73	4	81	8	105	35	96	62	3	122	58	30	117	50	110	100	116	92	5	20	31	63	3	37	7	53	78	34	125	54	38	60	99	107	93	89	103	27	82	112	120	85	26	77	28	121	12	114	120	64	80	23	73	128	52	71	34	76	105	7	41	91	69	61	43	106	73	64	14	124	7	89	101	10	25	50	3	77	64	36	5	58	71	128	36	43	31	40	71	7	49	93	24	84	13
0	0	0	0	0	0	0	0	0	0	0	0	0	0	0	0	0	103	54	12	83	37	97	124	8	2	119	45	111	42	57	122	15	29	125	94	90	24	99	24	35	65	16	60	99	9	97	77	44	123	97	82	39	65	46	14	85	107	120	106	87	47	86	24	65	15	119	7	36	62	33	11	53	64	128	9	50	90	68	32	8	119	24	102	100	125	55	85	67	17	52	117	37	52	51	6	87	44	51	120	118	31	65	104	41	2	28	70	21	50	31	128	120	34	121	14	108	59	107	21	91	84	99	15	48	4	102	85
0	0	0	0	0	0	0	0	0	0	0	0	0	0	0	0	0	0	65	55	8	19	111	94	10	17	98	96	112	14	102	25	48	88	82	78	3	23	74	77	56	34	27	32	53	113	87	53	72	112	1	84	6	13	31	46	64	119	75	31	38	57	64	62	24	33	54	113	4	25	120	33	101	33	38	76	127	19	110	99	27	101	74	24	36	66	3	112	19	16	41	75	63	86	40	124	120	100	48	112	99	124	34	51	83	96	40	4	122	76	95	83	118	82	43	70	23	81	112	62	69	85	61	114	119	23	20	15
0	0	0	0	0	0	0	0	0	0	0	0	0	0	0	0	0	0	0	87	39	51	71	59	80	5	98	53	92	76	126	96	78	58	97	109	111	21	20	73	9	53	81	105	115	49	48	56	86	10	67	60	13	59	22	24	39	89	111	85	8	8	61	43	53	115	72	34	27	78	17	55	58	57	59	114	102	96	73	105	108	76	26	123	50	62	40	94	47	29	91	107	68	104	48	22	107	5	128	128	8	46	39	53	38	93	56	1	29	60	98	99	93	112	118	90	66	63	57	107	56	67	82	65	12	58	128	71
0	0	0	0	0	0	0	0	0	0	0	0	0	0	0	0	0	0	0	0	43	102	64	74	103	95	1	74	116	31	86	36	67	115	80	58	42	43	69	120	76	73	122	122	80	104	49	8	65	53	100	125	109	114	98	40	14	52	7	2	41	35	58	53	60	80	85	58	114	69	43	18	71	117	105	22	49	53	109	22	59	114	23	43	115	90	109	39	94	113	20	43	51	89	93	18	114	114	78	82	99	41	53	40	53	86	1	25	17	104	85	55	49	104	116	38	21	82	109	127	11	35	81	59	34	86	49	36
0	0	0	0	0	0	0	0	0	0	0	0	0	0	0	0	0	0	0	0	0	70	99	22	101	114	82	85	16	68	117	54	16	127	35	111	37	52	90	78	3	121	31	87	39	40	35	41	109	24	78	45	21	82	48	30	31	29	10	27	47	9	37	90	128	34	104	28	116	109	73	68	90	93	57	71	56	110	77	22	50	31	26	80	104	83	101	89	26	68	102	57	50	87	71	68	101	57	36	71	98	27	91	126	63	71	121	27	25	117	2	114	73	5	22	116	60	68	26	70	47	1	33	57	24	51	120	95
0	0	0	0	0	0	0	0	0	0	0	0	0	0	0	0	0	0	0	0	0	0	112	107	91	12	102	47	109	88	39	122	92	34	16	23	37	127	119	90	8	15	49	51	65	28	116	85	49	21	56	95	31	67	74	80	62	106	125	63	13	73	17	78	123	62	82	72	64	66	67	106	77	106	107	123	78	69	102	30	12	49	76	112	102	27	75	66	111	34	67	88	29	33	40	6	32	15	64	109	110	76	93	124	104	116	114	112	84	120	26	74	63	70	72	98	19	9	53	124	26	113	103	106	85	44	19	6
0	0	0	0	0	0	0	0	0	0	0	0	0	0	0	0	0	0	0	0	0	0	0	116	43	104	88	78	28	117	111	116	117	49	123	82	94	19	105	113	120	93	11	123	12	100	47	98	127	16	64	39	16	128	43	116	94	81	94	25	63	61	72	88	62	83	64	13	49	118	57	113	3	115	55	116	29	5	71	92	55	126	67	97	84	16	56	110	117	62	75	18	55	5	42	76	107	80	29	79	81	74	3	20	120	117	122	24	76	81	18	88	104	123	101	28	15	90	28	40	31	9	57	13	29	105	115	37
0	0	0	0	0	0	0	0	0	0	0	0	0	0	0	0	0	0	0	0	0	0	0	0	115	68	93	69	61	13	62	38	5	123	91	96	113	4	122	97	94	18	85	115	43	106	111	56	26	73	8	21	75	15	106	1	93	37	37	30	2	115	71	104	5	49	75	88	101	94	65	18	112	74	38	49	127	37	19	23	54	55	69	67	88	43	68	15	73	20	47	27	110	81	108	44	10	19	124	94	28	90	28	74	9	42	63	94	1	95	9	40	53	4	8	110	68	113	98	86	34	24	17	78	99	78	13	119
0	0	0	0	0	0	0	0	0	0	0	0	0	0	0	0	0	0	0	0	0	0	0	0	0	72	76	24	91	35	73	117	49	73	8	26	55	97	46	94	102	48	84	38	44	73	40	127	109	86	91	99	50	69	95	68	106	40	20	82	49	35	112	58	42	113	60	2	91	5	36	54	94	64	26	82	124	91	3	48	115	63	105	41	81	11	121	38	42	6	86	99	15	52	62	19	65	48	44	124	21	104	12	34	128	82	114	89	45	99	40	96	16	20	117	92	92	58	120	71	13	42	4	122	32	89	32	30
0	0	0	0	0	0	0	0	0	0	0	0	0	0	0	0	0	0	0	0	0	0	0	0	0	0	16	67	127	124	119	107	68	24	61	127	114	3	15	58	87	50	18	83	77	116	120	77	10	15	116	128	47	88	6	23	115	47	24	106	82	88	106	33	49	123	72	67	42	89	108	55	128	73	91	63	88	109	72	52	36	76	106	45	52	126	69	3	94	102	100	47	41	34	83	43	18	108	54	47	14	110	7	109	64	121	103	99	24	126	54	12	8	82	52	89	31	39	109	98	48	109	22	11	37	7	25	82
0	0	0	0	0	0	0	0	0	0	0	0	0	0	0	0	0	0	0	0	0	0	0	0	0	0	0	121	6	105	84	41	12	33	36	32	85	108	88	17	82	56	122	108	51	18	73	42	23	11	15	40	79	87	114	125	25	101	82	22	126	48	83	57	21	66	105	83	93	25	86	39	105	26	42	121	13	1	34	87	102	120	77	50	84	39	14	2	66	86	10	71	21	40	48	59	69	125	39	21	38	103	52	11	27	115	125	87	33	100	91	101	51	88	93	108	3	78	73	59	15	52	90	3	113	22	118	46
0	0	0	0	0	0	0	0	0	0	0	0	0	0	0	0	0	0	0	0	0	0	0	0	0	0	0	0	67	84	127	125	117	47	30	108	45	68	15	38	17	43	93	24	119	45	69	78	4	92	44	36	118	44	104	89	57	107	113	11	54	31	13	116	105	74	38	31	73	110	25	7	95	68	38	96	107	126	97	10	31	37	61	99	125	112	115	107	110	78	95	45	29	37	94	5	121	21	46	20	50	104	10	76	97	38	59	87	51	82	94	45	52	93	20	7	31	107	25	47	13	15	60	88	122	64	73	88
0	0	0	0	0	0	0	0	0	0	0	0	0	0	0	0	0	0	0	0	0	0	0	0	0	0	0	0	0	79	127	102	2	39	49	63	3	112	19	84	43	93	53	60	103	99	64	42	112	107	1	77	8	88	90	72	119	38	42	61	119	7	121	77	22	13	6	15	99	115	116	72	101	123	65	76	79	83	69	72	29	98	112	63	14	126	122	101	56	20	73	16	51	14	81	67	73	38	31	91	24	22	73	76	28	119	89	29	35	92	7	52	5	115	24	118	46	111	26	14	71	89	74	1	12	35	30	25
0	0	0	0	0	0	0	0	0	0	0	0	0	0	0	0	0	0	0	0	0	0	0	0	0	0	0	0	0	0	102	84	112	47	66	8	11	36	72	106	86	70	109	37	44	47	35	96	28	59	35	82	44	127	107	46	119	33	40	25	93	22	101	5	97	29	103	35	128	45	40	41	121	33	7	2	57	42	14	113	33	52	76	96	16	32	68	48	62	31	91	35	14	29	111	17	26	34	41	26	114	71	95	119	118	84	50	27	12	57	33	91	19	70	17	110	108	80	108	50	93	110	21	43	40	9	3	29
0	0	0	0	0	0	0	0	0	0	0	0	0	0	0	0	0	0	0	0	0	0	0	0	0	0	0	0	0	0	0	122	120	111	122	68	28	101	14	92	14	98	22	68	34	50	80	112	50	96	8	3	124	70	124	88	97	30	2	33	81	29	42	116	98	14	21	87	52	69	90	8	54	122	7	38	4	76	4	30	36	73	48	99	109	15	32	26	57	93	48	37	95	90	68	53	10	74	65	75	77	21	24	33	58	84	71	10	55	66	90	16	106	74	112	20	80	89	119	86	95	47	30	68	75	92	116	116
0	0	0	0	0	0	0	0	0	0	0	0	0	0	0	0	0	0	0	0	0	0	0	0	0	0	0	0	0	0	0	0	68	65	47	125	54	106	64	87	12	127	84	100	84	86	127	43	78	108	39	115	64	93	126	85	110	11	116	31	74	65	26	6	68	118	71	95	33	55	115	103	2	126	3	37	83	37	99	97	63	23	108	8	76	91	11	98	124	94	93	41	84	126	1	110	42	12	88	2	51	124	93	27	21	112	120	28	59	58	30	8	116	121	13	101	1	35	113	7	127	80	26	9	97	1	51	73
0	0	0	0	0	0	0	0	0	0	0	0	0	0	0	0	0	0	0	0	0	0	0	0	0	0	0	0	0	0	0	0	0	22	82	71	74	62	68	3	108	53	63	13	57	61	118	78	89	55	123	77	127	58	63	56	76	53	119	81	43	69	119	64	92	92	111	97	14	121	117	59	68	59	33	70	123	80	109	105	49	30	43	89	3	76	39	96	74	22	79	126	20	37	2	105	116	40	73	18	109	17	70	30	17	11	35	103	124	17	72	112	65	82	60	115	50	7	100	89	35	120	109	114	125	70	69	81
0	0	0	0	0	0	0	0	0	0	0	0	0	0	0	0	0	0	0	0	0	0	0	0	0	0	0	0	0	0	0	0	0	0	28	49	101	27	27	117	119	121	107	17	67	24	93	85	3	27	71	105	26	78	37	76	39	44	24	37	51	108	117	94	67	41	69	71	107	56	60	99	116	18	71	93	81	45	33	2	39	22	11	63	84	96	95	70	36	60	127	77	88	83	102	44	42	37	65	17	4	19	39	35	50	7	30	99	122	107	49	71	43	53	94	123	111	30	59	8	81	32	111	13	24	36	23	15
0	0	0	0	0	0	0	0	0	0	0	0	0	0	0	0	0	0	0	0	0	0	0	0	0	0	0	0	0	0	0	0	0	0	0	51	80	42	69	75	79	60	57	59	20	36	112	99	84	97	83	110	23	22	126	72	101	79	66	29	101	22	14	119	69	31	106	77	123	113	64	41	50	49	61	123	80	89	9	119	124	87	58	126	62	77	45	74	55	118	124	113	37	77	91	84	123	58	27	112	70	36	29	52	5	111	20	123	47	58	105	106	78	110	39	36	34	1	80	21	31	34	27	6	62	77	100	10
0	0	0	0	0	0	0	0	0	0	0	0	0	0	0	0	0	0	0	0	0	0	0	0	0	0	0	0	0	0	0	0	0	0	0	0	95	44	7	48	56	22	56	107	67	127	83	76	12	99	18	42	41	104	83	56	125	6	74	86	26	87	87	33	56	22	69	91	92	7	107	79	83	20	94	128	102	23	14	39	107	72	31	4	91	110	79	55	84	112	63	74	80	85	114	68	13	48	4	45	53	94	24	32	7	1	3	75	94	96	82	127	83	25	18	72	41	79	79	81	41	31	124	51	85	42	98	126
0	0	0	0	0	0	0	0	0	0	0	0	0	0	0	0	0	0	0	0	0	0	0	0	0	0	0	0	0	0	0	0	0	0	0	0	0	86	55	60	83	79	117	5	71	58	45	60	11	99	9	112	55	126	35	15	1	91	49	24	107	128	24	72	73	19	62	48	69	56	63	23	47	22	70	75	60	20	101	30	84	6	38	7	19	67	37	73	55	15	27	85	82	97	23	35	47	99	105	20	86	53	80	109	36	2	49	115	54	57	125	75	22	49	87	27	107	14	114	53	17	50	92	110	66	116	26	23
0	0	0	0	0	0	0	0	0	0	0	0	0	0	0	0	0	0	0	0	0	0	0	0	0	0	0	0	0	0	0	0	0	0	0	0	0	0	34	117	25	1	48	30	72	67	10	4	94	60	97	69	126	62	66	27	65	115	7	105	125	55	21	81	120	44	127	9	121	78	31	43	35	34	27	60	93	57	109	58	22	124	124	58	41	92	110	80	97	90	91	59	123	120	110	37	26	60	107	63	106	6	49	26	36	46	62	95	85	52	21	67	84	55	83	57	100	117	46	32	83	61	2	2	52	56	111	20
0	0	0	0	0	0	0	0	0	0	0	0	0	0	0	0	0	0	0	0	0	0	0	0	0	0	0	0	0	0	0	0	0	0	0	0	0	0	0	102	31	40	15	93	6	79	93	54	119	109	52	32	76	60	91	4	18	58	127	31	88	121	51	46	5	47	121	103	87	8	39	77	124	56	36	28	92	111	101	16	81	73	54	128	110	57	30	94	27	19	72	56	67	69	78	122	87	81	101	45	47	20	45	105	53	35	128	94	68	65	92	34	75	51	12	121	101	125	13	67	30	33	80	35	119	11	78	111
0	0	0	0	0	0	0	0	0	0	0	0	0	0	0	0	0	0	0	0	0	0	0	0	0	0	0	0	0	0	0	0	0	0	0	0	0	0	0	0	24	5	27	10	111	93	67	99	38	94	83	56	76	88	109	3	76	94	36	127	8	105	117	18	113	102	3	125	124	27	19	84	91	64	93	33	85	43	128	86	100	92	126	113	21	124	81	100	92	108	102	90	71	74	124	53	66	14	50	73	18	104	70	104	15	15	64	98	3	24	96	107	87	20	25	30	16	94	38	21	114	61	96	128	10	21	84	38
0	0	0	0	0	0	0	0	0	0	0	0	0	0	0	0	0	0	0	0	0	0	0	0	0	0	0	0	0	0	0	0	0	0	0	0	0	0	0	0	0	80	67	6	28	128	38	1	1	93	24	62	72	114	110	71	57	48	127	83	47	107	75	84	47	95	14	128	59	106	33	6	53	87	21	16	121	87	90	55	98	91	83	43	82	41	47	112	100	99	42	6	113	51	69	6	28	75	106	120	18	34	16	75	127	117	43	58	32	122	43	49	6	48	76	101	105	84	40	53	3	39	102	47	61	27	83	55
0	0	0	0	0	0	0	0	0	0	0	0	0	0	0	0	0	0	0	0	0	0	0	0	0	0	0	0	0	0	0	0	0	0	0	0	0	0	0	0	0	0	35	49	127	63	91	37	123	7	118	107	103	57	106	85	12	26	34	76	23	123	80	108	4	127	60	71	52	49	37	41	25	33	64	76	105	18	45	25	91	126	109	25	107	85	125	62	35	42	3	70	54	106	28	112	59	39	128	73	5	67	99	2	30	7	111	35	83	15	88	51	31	64	53	117	108	88	91	22	124	48	95	51	48	33	64	93
0	0	0	0	0	0	0	0	0	0	0	0	0	0	0	0	0	0	0	0	0	0	0	0	0	0	0	0	0	0	0	0	0	0	0	0	0	0	0	0	0	0	0	57	12	60	63	30	33	84	42	63	52	38	74	108	98	117	127	41	113	110	16	63	24	17	92	20	43	57	10	2	60	44	27	9	100	85	75	19	12	13	101	66	47	69	125	77	36	7	114	128	28	9	26	25	79	14	107	90	91	120	95	28	52	107	3	32	16	67	86	100	97	5	91	8	81	63	53	110	111	61	103	101	77	24	108	111
0	0	0	0	0	0	0	0	0	0	0	0	0	0	0	0	0	0	0	0	0	0	0	0	0	0	0	0	0	0	0	0	0	0	0	0	0	0	0	0	0	0	0	0	105	86	14	103	24	31	79	7	117	38	97	13	121	70	52	36	51	112	40	40	24	90	104	96	61	73	122	38	43	79	67	122	88	102	108	20	118	28	119	89	78	57	35	60	111	92	115	117	52	122	127	60	38	40	14	122	17	108	40	34	7	124	11	90	52	16	86	36	39	98	56	92	13	58	48	86	61	107	104	46	66	4	128	8
0	0	0	0	0	0	0	0	0	0	0	0	0	0	0	0	0	0	0	0	0	0	0	0	0	0	0	0	0	0	0	0	0	0	0	0	0	0	0	0	0	0	0	0	0	42	27	100	13	48	2	55	49	23	37	34	17	54	22	4	2	23	15	64	77	90	113	112	126	117	111	55	68	38	16	52	2	123	44	83	101	64	102	37	31	12	11	12	125	85	122	99	123	106	86	64	75	108	93	11	110	99	49	30	90	34	99	45	31	37	23	59	80	9	2	5	81	66	59	120	92	39	61	84	112	94	81	116
0	0	0	0	0	0	0	0	0	0	0	0	0	0	0	0	0	0	0	0	0	0	0	0	0	0	0	0	0	0	0	0	0	0	0	0	0	0	0	0	0	0	0	0	0	0	86	9	22	53	7	123	98	12	41	36	98	91	55	69	51	38	74	75	42	45	33	24	58	7	102	89	122	55	124	75	84	77	67	5	84	113	33	75	37	24	115	20	52	56	40	71	49	109	34	74	43	65	80	64	119	28	16	36	122	23	80	9	125	75	43	98	109	20	31	116	102	122	29	7	6	16	52	42	39	97	80	123
0	0	0	0	0	0	0	0	0	0	0	0	0	0	0	0	0	0	0	0	0	0	0	0	0	0	0	0	0	0	0	0	0	0	0	0	0	0	0	0	0	0	0	0	0	0	0	8	79	18	50	60	126	63	46	39	91	127	39	88	34	123	98	98	84	125	50	115	47	9	65	121	128	102	79	63	91	46	87	17	13	61	68	62	114	29	92	14	26	55	79	68	30	90	90	96	69	12	94	79	121	40	57	24	27	107	122	113	38	31	9	109	83	5	107	63	20	82	107	100	120	122	90	9	103	89	98	114
0	0	0	0	0	0	0	0	0	0	0	0	0	0	0	0	0	0	0	0	0	0	0	0	0	0	0	0	0	0	0	0	0	0	0	0	0	0	0	0	0	0	0	0	0	0	0	0	14	108	36	19	121	91	72	21	45	85	27	42	115	24	6	127	104	113	40	98	13	15	99	41	110	93	54	12	86	29	27	34	128	58	69	100	75	106	107	111	4	38	116	73	70	78	119	95	122	31	37	101	67	70	5	16	82	56	45	121	20	110	38	7	111	107	27	11	26	86	27	90	89	25	50	2	5	94	54	67
0	0	0	0	0	0	0	0	0	0	0	0	0	0	0	0	0	0	0	0	0	0	0	0	0	0	0	0	0	0	0	0	0	0	0	0	0	0	0	0	0	0	0	0	0	0	0	0	0	122	126	60	51	71	95	80	53	101	108	16	90	74	128	108	62	9	24	22	49	74	103	22	108	26	87	70	28	113	124	19	13	108	33	26	4	17	100	125	72	99	29	34	4	94	16	87	12	120	117	125	68	122	72	122	82	110	96	54	113	41	97	114	60	115	80	102	27	48	59	71	92	85	46	79	69	113	26	67
0	0	0	0	0	0	0	0	0	0	0	0	0	0	0	0	0	0	0	0	0	0	0	0	0	0	0	0	0	0	0	0	0	0	0	0	0	0	0	0	0	0	0	0	0	0	0	0	0	0	125	101	112	127	107	126	53	83	107	116	76	81	25	13	36	105	54	51	105	102	121	55	88	124	69	105	54	85	20	19	1	33	78	106	89	107	10	90	81	13	32	113	42	77	36	60	96	37	74	112	68	45	127	72	36	89	55	43	12	109	72	5	21	5	124	56	27	6	7	25	36	124	61	34	22	59	14	12
0	0	0	0	0	0	0	0	0	0	0	0	0	0	0	0	0	0	0	0	0	0	0	0	0	0	0	0	0	0	0	0	0	0	0	0	0	0	0	0	0	0	0	0	0	0	0	0	0	0	0	74	83	38	74	90	18	48	124	69	107	116	34	84	25	79	42	110	18	74	8	1	18	90	116	125	104	41	52	121	111	20	48	84	15	123	88	37	95	126	37	26	44	49	84	120	77	104	82	102	44	25	22	80	47	19	125	14	5	60	78	62	80	92	58	3	87	120	40	31	90	97	25	10	106	16	58	35
0	0	0	0	0	0	0	0	0	0	0	0	0	0	0	0	0	0	0	0	0	0	0	0	0	0	0	0	0	0	0	0	0	0	0	0	0	0	0	0	0	0	0	0	0	0	0	0	0	0	0	0	55	5	102	125	17	45	43	80	115	48	80	57	87	120	112	1	70	24	64	81	1	3	6	82	47	32	111	23	47	7	85	60	9	19	48	114	123	111	43	29	103	89	32	51	12	6	120	17	62	102	128	14	89	39	41	71	90	20	85	90	40	104	81	114	104	103	43	123	66	48	32	84	32	105	115	2
0	0	0	0	0	0	0	0	0	0	0	0	0	0	0	0	0	0	0	0	0	0	0	0	0	0	0	0	0	0	0	0	0	0	0	0	0	0	0	0	0	0	0	0	0	0	0	0	0	0	0	0	0	2	46	32	110	39	115	4	77	72	28	56	38	119	113	89	64	39	38	62	52	51	92	78	45	38	60	48	80	109	44	86	105	44	4	107	10	61	116	16	103	29	30	40	30	75	121	30	119	124	100	5	70	32	51	92	13	8	83	109	41	95	43	121	24	76	52	126	21	50	50	48	96	95	23	91
0	0	0	0	0	0	0	0	0	0	0	0	0	0	0	0	0	0	0	0	0	0	0	0	0	0	0	0	0	0	0	0	0	0	0	0	0	0	0	0	0	0	0	0	0	0	0	0	0	0	0	0	0	0	88	55	88	111	87	112	43	99	119	32	88	78	64	74	117	49	89	61	14	75	36	72	118	112	44	105	103	121	96	51	113	39	56	128	124	51	14	111	38	95	34	14	126	55	51	51	81	87	51	50	66	69	77	26	72	112	41	73	9	18	56	60	55	96	67	98	63	82	33	57	43	50	23	41
0	0	0	0	0	0	0	0	0	0	0	0	0	0	0	0	0	0	0	0	0	0	0	0	0	0	0	0	0	0	0	0	0	0	0	0	0	0	0	0	0	0	0	0	0	0	0	0	0	0	0	0	0	0	0	78	30	96	120	112	82	123	55	61	12	127	101	72	55	85	115	47	13	37	31	82	114	73	30	99	8	44	117	88	20	86	64	89	18	35	6	11	108	122	31	92	46	41	127	36	65	57	77	30	45	1	36	127	68	126	64	32	113	48	114	63	93	36	48	1	72	98	112	103	98	59	31	109
0	0	0	0	0	0	0	0	0	0	0	0	0	0	0	0	0	0	0	0	0	0	0	0	0	0	0	0	0	0	0	0	0	0	0	0	0	0	0	0	0	0	0	0	0	0	0	0	0	0	0	0	0	0	0	0	102	112	126	2	91	72	3	20	52	94	107	32	78	19	118	110	18	61	2	100	17	34	122	123	109	60	5	11	89	45	17	102	116	15	14	75	13	10	114	103	41	9	86	5	124	2	24	49	75	3	116	72	26	51	3	123	102	34	101	100	5	113	102	108	86	56	70	42	3	30	76	20
0	0	0	0	0	0	0	0	0	0	0	0	0	0	0	0	0	0	0	0	0	0	0	0	0	0	0	0	0	0	0	0	0	0	0	0	0	0	0	0	0	0	0	0	0	0	0	0	0	0	0	0	0	0	0	0	0	16	87	55	83	98	16	58	29	97	10	101	37	97	110	110	11	3	114	14	75	46	77	101	73	38	37	105	5	10	119	79	68	98	25	53	60	70	21	76	105	101	11	1	15	3	107	71	7	78	23	27	106	49	37	109	123	82	100	47	41	117	44	98	14	37	70	116	46	58	53	116
0	0	0	0	0	0	0	0	0	0	0	0	0	0	0	0	0	0	0	0	0	0	0	0	0	0	0	0	0	0	0	0	0	0	0	0	0	0	0	0	0	0	0	0	0	0	0	0	0	0	0	0	0	0	0	0	0	0	5	83	68	115	60	12	116	95	112	48	114	123	110	112	26	14	92	113	3	52	2	57	61	11	106	41	84	24	60	6	71	13	126	13	83	72	59	77	15	87	94	110	110	122	112	96	91	73	22	22	122	95	83	26	58	61	12	3	59	18	8	114	11	96	120	81	117	92	23	91
0	0	0	0	0	0	0	0	0	0	0	0	0	0	0	0	0	0	0	0	0	0	0	0	0	0	0	0	0	0	0	0	0	0	0	0	0	0	0	0	0	0	0	0	0	0	0	0	0	0	0	0	0	0	0	0	0	0	0	103	75	55	45	83	35	36	110	7	36	47	88	113	99	116	43	88	33	27	59	86	6	93	115	73	110	76	102	108	80	34	89	78	15	7	56	52	17	100	1	115	30	94	76	43	77	96	11	42	12	57	56	117	88	92	66	17	33	18	54	77	44	117	61	51	125	126	41	57
0	0	0	0	0	0	0	0	0	0	0	0	0	0	0	0	0	0	0	0	0	0	0	0	0	0	0	0	0	0	0	0	0	0	0	0	0	0	0	0	0	0	0	0	0	0	0	0	0	0	0	0	0	0	0	0	0	0	0	0	78	85	28	43	7	46	109	76	98	119	58	76	62	19	52	91	71	50	50	60	96	30	122	65	45	124	106	12	56	54	9	57	78	48	7	22	102	78	101	64	62	3	61	118	69	35	61	114	52	103	1	77	125	39	43	112	84	1	103	51	100	50	2	27	60	94	85	59
0	0	0	0	0	0	0	0	0	0	0	0	0	0	0	0	0	0	0	0	0	0	0	0	0	0	0	0	0	0	0	0	0	0	0	0	0	0	0	0	0	0	0	0	0	0	0	0	0	0	0	0	0	0	0	0	0	0	0	0	0	125	114	88	62	82	118	76	126	7	6	60	78	107	106	95	16	122	46	98	19	3	10	75	109	43	33	25	92	13	128	124	121	86	12	113	112	50	99	99	113	94	42	22	7	14	86	56	14	117	19	26	123	62	41	116	60	113	122	122	11	71	97	76	72	16	23	1
0	0	0	0	0	0	0	0	0	0	0	0	0	0	0	0	0	0	0	0	0	0	0	0	0	0	0	0	0	0	0	0	0	0	0	0	0	0	0	0	0	0	0	0	0	0	0	0	0	0	0	0	0	0	0	0	0	0	0	0	0	0	87	116	31	72	70	103	31	51	20	113	62	111	15	34	10	84	99	83	50	62	107	29	75	107	105	127	69	55	80	120	104	75	105	31	53	104	99	30	10	125	59	49	18	10	109	93	9	22	88	61	101	32	31	65	30	45	77	21	88	111	113	56	30	31	43	89
0	0	0	0	0	0	0	0	0	0	0	0	0	0	0	0	0	0	0	0	0	0	0	0	0	0	0	0	0	0	0	0	0	0	0	0	0	0	0	0	0	0	0	0	0	0	0	0	0	0	0	0	0	0	0	0	0	0	0	0	0	0	0	38	78	106	101	69	99	41	119	26	62	18	14	112	91	59	32	63	23	88	41	121	102	123	82	2	114	51	110	101	11	103	75	20	10	34	33	26	41	41	126	88	82	63	37	85	112	12	6	86	83	30	37	102	95	18	88	119	3	61	69	83	59	32	110	86
0	0	0	0	0	0	0	0	0	0	0	0	0	0	0	0	0	0	0	0	0	0	0	0	0	0	0	0	0	0	0	0	0	0	0	0	0	0	0	0	0	0	0	0	0	0	0	0	0	0	0	0	0	0	0	0	0	0	0	0	0	0	0	0	110	78	19	113	47	20	114	29	56	26	45	27	84	108	18	15	72	99	7	116	52	76	93	22	29	64	79	103	55	33	113	108	57	10	106	93	68	9	74	15	11	19	118	128	91	28	106	34	127	15	5	12	95	56	41	27	83	38	14	35	68	4	114	41
0	0	0	0	0	0	0	0	0	0	0	0	0	0	0	0	0	0	0	0	0	0	0	0	0	0	0	0	0	0	0	0	0	0	0	0	0	0	0	0	0	0	0	0	0	0	0	0	0	0	0	0	0	0	0	0	0	0	0	0	0	0	0	0	0	94	99	112	28	117	64	123	93	11	51	86	91	36	39	41	39	55	51	111	17	28	7	26	25	83	71	74	94	71	23	21	45	128	6	30	58	22	14	116	12	78	77	16	5	58	128	92	16	93	95	2	128	92	66	29	15	97	101	18	41	124	62	74
0	0	0	0	0	0	0	0	0	0	0	0	0	0	0	0	0	0	0	0	0	0	0	0	0	0	0	0	0	0	0	0	0	0	0	0	0	0	0	0	0	0	0	0	0	0	0	0	0	0	0	0	0	0	0	0	0	0	0	0	0	0	0	0	0	0	58	42	10	47	35	2	123	50	25	28	27	42	39	3	100	60	68	107	71	98	127	50	4	55	125	108	35	48	125	99	107	74	123	41	119	30	120	6	87	125	63	31	118	57	92	69	109	116	82	86	7	31	71	75	40	121	68	118	33	117	105	113
0	0	0	0	0	0	0	0	0	0	0	0	0	0	0	0	0	0	0	0	0	0	0	0	0	0	0	0	0	0	0	0	0	0	0	0	0	0	0	0	0	0	0	0	0	0	0	0	0	0	0	0	0	0	0	0	0	0	0	0	0	0	0	0	0	0	0	105	52	79	27	22	73	99	81	46	123	32	73	11	77	21	94	7	125	80	47	20	17	57	18	62	32	5	71	66	98	28	36	22	41	79	126	55	97	11	54	104	44	37	9	73	41	87	19	101	47	14	68	108	119	45	18	17	75	107	98	18
0	0	0	0	0	0	0	0	0	0	0	0	0	0	0	0	0	0	0	0	0	0	0	0	0	0	0	0	0	0	0	0	0	0	0	0	0	0	0	0	0	0	0	0	0	0	0	0	0	0	0	0	0	0	0	0	0	0	0	0	0	0	0	0	0	0	0	0	65	106	38	50	123	35	11	4	91	126	17	120	36	32	3	116	20	98	39	95	58	96	98	116	118	12	113	91	69	125	63	51	84	93	92	14	56	96	110	98	80	83	26	26	87	53	64	31	112	62	82	28	50	14	102	20	82	99	81	59
0	0	0	0	0	0	0	0	0	0	0	0	0	0	0	0	0	0	0	0	0	0	0	0	0	0	0	0	0	0	0	0	0	0	0	0	0	0	0	0	0	0	0	0	0	0	0	0	0	0	0	0	0	0	0	0	0	0	0	0	0	0	0	0	0	0	0	0	0	9	87	96	64	2	127	33	29	64	18	11	74	41	12	6	10	33	112	119	68	86	124	68	13	56	80	27	58	94	99	20	19	10	109	47	74	27	92	32	106	76	30	57	113	47	44	88	92	83	13	10	3	9	83	55	60	121	93	100
0	0	0	0	0	0	0	0	0	0	0	0	0	0	0	0	0	0	0	0	0	0	0	0	0	0	0	0	0	0	0	0	0	0	0	0	0	0	0	0	0	0	0	0	0	0	0	0	0	0	0	0	0	0	0	0	0	0	0	0	0	0	0	0	0	0	0	0	0	0	69	118	61	5	11	128	115	117	82	21	36	90	15	6	36	101	28	56	118	95	56	43	112	123	64	71	13	36	91	33	67	103	36	54	110	54	78	118	59	48	77	80	86	94	81	114	114	44	58	31	23	65	58	73	5	6	68	68
0	0	0	0	0	0	0	0	0	0	0	0	0	0	0	0	0	0	0	0	0	0	0	0	0	0	0	0	0	0	0	0	0	0	0	0	0	0	0	0	0	0	0	0	0	0	0	0	0	0	0	0	0	0	0	0	0	0	0	0	0	0	0	0	0	0	0	0	0	0	0	16	29	66	117	57	100	128	62	86	43	66	108	9	58	58	104	116	14	78	40	107	124	6	22	1	22	59	13	118	90	127	14	20	77	104	96	45	81	100	23	24	69	127	112	58	62	62	82	65	80	51	17	104	56	128	11	82
0	0	0	0	0	0	0	0	0	0	0	0	0	0	0	0	0	0	0	0	0	0	0	0	0	0	0	0	0	0	0	0	0	0	0	0	0	0	0	0	0	0	0	0	0	0	0	0	0	0	0	0	0	0	0	0	0	0	0	0	0	0	0	0	0	0	0	0	0	0	0	0	19	40	123	123	19	52	69	58	126	54	26	68	62	112	126	67	87	115	7	10	85	55	36	97	50	12	105	119	47	106	2	40	109	43	124	80	91	16	128	118	57	15	13	121	5	4	97	7	105	72	8	27	25	80	49	17
0	0	0	0	0	0	0	0	0	0	0	0	0	0	0	0	0	0	0	0	0	0	0	0	0	0	0	0	0	0	0	0	0	0	0	0	0	0	0	0	0	0	0	0	0	0	0	0	0	0	0	0	0	0	0	0	0	0	0	0	0	0	0	0	0	0	0	0	0	0	0	0	0	47	18	32	19	67	121	39	98	6	64	116	3	92	97	67	69	96	84	15	8	64	48	18	55	32	17	112	73	86	74	55	71	99	26	81	33	97	31	59	100	119	3	104	63	38	42	60	80	47	35	49	126	43	31	33
0	0	0	0	0	0	0	0	0	0	0	0	0	0	0	0	0	0	0	0	0	0	0	0	0	0	0	0	0	0	0	0	0	0	0	0	0	0	0	0	0	0	0	0	0	0	0	0	0	0	0	0	0	0	0	0	0	0	0	0	0	0	0	0	0	0	0	0	0	0	0	0	0	0	24	128	125	61	93	85	46	9	9	128	27	104	15	43	61	36	125	91	119	19	93	11	98	88	36	114	38	38	39	110	4	58	108	1	93	3	7	95	75	57	10	74	102	40	50	67	74	28	64	64	33	99	101	23
0	0	0	0	0	0	0	0	0	0	0	0	0	0	0	0	0	0	0	0	0	0	0	0	0	0	0	0	0	0	0	0	0	0	0	0	0	0	0	0	0	0	0	0	0	0	0	0	0	0	0	0	0	0	0	0	0	0	0	0	0	0	0	0	0	0	0	0	0	0	0	0	0	0	0	83	29	108	32	49	126	116	25	88	72	16	60	28	10	36	44	3	104	84	36	110	77	125	42	89	87	69	66	58	70	6	112	89	1	107	98	46	17	30	92	31	15	100	76	57	50	67	59	107	108	26	105	25
0	0	0	0	0	0	0	0	0	0	0	0	0	0	0	0	0	0	0	0	0	0	0	0	0	0	0	0	0	0	0	0	0	0	0	0	0	0	0	0	0	0	0	0	0	0	0	0	0	0	0	0	0	0	0	0	0	0	0	0	0	0	0	0	0	0	0	0	0	0	0	0	0	0	0	0	118	44	98	73	63	117	51	61	88	59	5	3	34	63	38	20	37	34	69	56	28	5	77	102	37	127	61	77	115	122	56	36	104	79	71	2	30	68	22	125	72	97	18	98	71	89	13	38	70	38	2	6
0	0	0	0	0	0	0	0	0	0	0	0	0	0	0	0	0	0	0	0	0	0	0	0	0	0	0	0	0	0	0	0	0	0	0	0	0	0	0	0	0	0	0	0	0	0	0	0	0	0	0	0	0	0	0	0	0	0	0	0	0	0	0	0	0	0	0	0	0	0	0	0	0	0	0	0	0	112	44	113	84	63	23	31	62	79	95	13	96	115	25	45	103	9	23	41	74	17	84	15	96	63	68	36	111	78	34	35	6	30	80	47	11	54	83	108	15	77	31	99	102	118	45	72	109	29	43	25
0	0	0	0	0	0	0	0	0	0	0	0	0	0	0	0	0	0	0	0	0	0	0	0	0	0	0	0	0	0	0	0	0	0	0	0	0	0	0	0	0	0	0	0	0	0	0	0	0	0	0	0	0	0	0	0	0	0	0	0	0	0	0	0	0	0	0	0	0	0	0	0	0	0	0	0	0	0	121	79	13	54	60	115	115	39	61	49	24	3	127	121	36	65	32	80	115	58	69	54	83	93	37	110	16	116	30	43	118	60	25	63	8	86	60	21	123	1	30	24	93	7	44	12	44	7	113	104
0	0	0	0	0	0	0	0	0	0	0	0	0	0	0	0	0	0	0	0	0	0	0	0	0	0	0	0	0	0	0	0	0	0	0	0	0	0	0	0	0	0	0	0	0	0	0	0	0	0	0	0	0	0	0	0	0	0	0	0	0	0	0	0	0	0	0	0	0	0	0	0	0	0	0	0	0	0	0	37	70	10	25	70	72	49	82	106	72	111	39	12	47	25	112	84	105	80	25	107	38	120	121	65	42	9	121	123	82	71	49	4	74	70	67	55	110	51	77	69	100	20	31	89	46	92	6	81
0	0	0	0	0	0	0	0	0	0	0	0	0	0	0	0	0	0	0	0	0	0	0	0	0	0	0	0	0	0	0	0	0	0	0	0	0	0	0	0	0	0	0	0	0	0	0	0	0	0	0	0	0	0	0	0	0	0	0	0	0	0	0	0	0	0	0	0	0	0	0	0	0	0	0	0	0	0	0	0	69	115	13	50	28	34	80	44	8	82	55	20	98	21	111	53	10	76	86	43	108	93	127	5	66	84	105	66	5	19	49	88	80	77	80	100	65	124	58	13	71	21	72	17	68	128	75	122
0	0	0	0	0	0	0	0	0	0	0	0	0	0	0	0	0	0	0	0	0	0	0	0	0	0	0	0	0	0	0	0	0	0	0	0	0	0	0	0	0	0	0	0	0	0	0	0	0	0	0	0	0	0	0	0	0	0	0	0	0	0	0	0	0	0	0	0	0	0	0	0	0	0	0	0	0	0	0	0	0	26	9	1	52	65	49	31	18	55	3	111	32	34	113	73	92	89	79	85	115	6	83	21	15	75	57	19	1	66	67	66	117	81	16	97	80	47	65	128	85	63	17	89	117	97	67	111
0	0	0	0	0	0	0	0	0	0	0	0	0	0	0	0	0	0	0	0	0	0	0	0	0	0	0	0	0	0	0	0	0	0	0	0	0	0	0	0	0	0	0	0	0	0	0	0	0	0	0	0	0	0	0	0	0	0	0	0	0	0	0	0	0	0	0	0	0	0	0	0	0	0	0	0	0	0	0	0	0	0	114	75	104	47	74	57	11	17	61	31	114	66	106	64	47	40	117	9	24	31	112	86	76	49	22	48	22	23	52	17	107	110	10	82	118	48	41	127	15	89	74	92	118	106	14	58
0	0	0	0	0	0	0	0	0	0	0	0	0	0	0	0	0	0	0	0	0	0	0	0	0	0	0	0	0	0	0	0	0	0	0	0	0	0	0	0	0	0	0	0	0	0	0	0	0	0	0	0	0	0	0	0	0	0	0	0	0	0	0	0	0	0	0	0	0	0	0	0	0	0	0	0	0	0	0	0	0	0	0	34	38	83	85	38	9	95	88	116	79	86	82	46	112	37	119	72	35	41	46	46	42	22	22	68	77	58	31	37	96	38	23	77	118	1	62	63	83	35	17	111	5	122	111	94
0	0	0	0	0	0	0	0	0	0	0	0	0	0	0	0	0	0	0	0	0	0	0	0	0	0	0	0	0	0	0	0	0	0	0	0	0	0	0	0	0	0	0	0	0	0	0	0	0	0	0	0	0	0	0	0	0	0	0	0	0	0	0	0	0	0	0	0	0	0	0	0	0	0	0	0	0	0	0	0	0	0	0	0	11	26	77	68	3	97	23	16	11	17	90	11	119	11	73	32	123	114	91	50	30	75	72	45	24	13	27	113	38	51	128	67	10	55	80	24	70	100	5	17	72	36	9	86
0	0	0	0	0	0	0	0	0	0	0	0	0	0	0	0	0	0	0	0	0	0	0	0	0	0	0	0	0	0	0	0	0	0	0	0	0	0	0	0	0	0	0	0	0	0	0	0	0	0	0	0	0	0	0	0	0	0	0	0	0	0	0	0	0	0	0	0	0	0	0	0	0	0	0	0	0	0	0	0	0	0	0	0	0	36	36	14	109	96	80	80	121	97	74	43	88	35	62	70	108	75	70	9	86	56	75	40	60	109	70	94	123	9	35	3	34	125	124	30	70	120	25	1	25	55	66	59
0	0	0	0	0	0	0	0	0	0	0	0	0	0	0	0	0	0	0	0	0	0	0	0	0	0	0	0	0	0	0	0	0	0	0	0	0	0	0	0	0	0	0	0	0	0	0	0	0	0	0	0	0	0	0	0	0	0	0	0	0	0	0	0	0	0	0	0	0	0	0	0	0	0	0	0	0	0	0	0	0	0	0	0	0	0	89	11	64	77	125	91	15	125	39	62	6	69	8	79	125	74	17	118	84	48	12	54	66	80	20	36	107	45	86	22	57	83	107	110	53	113	13	81	124	113	66	72
0	0	0	0	0	0	0	0	0	0	0	0	0	0	0	0	0	0	0	0	0	0	0	0	0	0	0	0	0	0	0	0	0	0	0	0	0	0	0	0	0	0	0	0	0	0	0	0	0	0	0	0	0	0	0	0	0	0	0	0	0	0	0	0	0	0	0	0	0	0	0	0	0	0	0	0	0	0	0	0	0	0	0	0	0	0	0	31	29	14	113	81	41	80	1	5	59	118	96	55	78	120	25	57	96	128	52	102	56	36	26	60	50	36	93	13	51	115	17	71	96	22	97	87	20	97	90	120
0	0	0	0	0	0	0	0	0	0	0	0	0	0	0	0	0	0	0	0	0	0	0	0	0	0	0	0	0	0	0	0	0	0	0	0	0	0	0	0	0	0	0	0	0	0	0	0	0	0	0	0	0	0	0	0	0	0	0	0	0	0	0	0	0	0	0	0	0	0	0	0	0	0	0	0	0	0	0	0	0	0	0	0	0	0	0	0	72	29	8	34	34	46	22	60	49	47	55	40	62	125	89	120	64	98	35	44	119	60	69	50	34	60	120	68	37	122	105	63	114	90	19	80	35	5	90	66
0	0	0	0	0	0	0	0	0	0	0	0	0	0	0	0	0	0	0	0	0	0	0	0	0	0	0	0	0	0	0	0	0	0	0	0	0	0	0	0	0	0	0	0	0	0	0	0	0	0	0	0	0	0	0	0	0	0	0	0	0	0	0	0	0	0	0	0	0	0	0	0	0	0	0	0	0	0	0	0	0	0	0	0	0	0	0	0	0	66	21	49	66	24	16	79	21	46	118	32	119	95	76	8	4	3	7	37	10	125	116	18	15	23	53	18	13	4	3	72	86	48	43	48	108	14	79	42
0	0	0	0	0	0	0	0	0	0	0	0	0	0	0	0	0	0	0	0	0	0	0	0	0	0	0	0	0	0	0	0	0	0	0	0	0	0	0	0	0	0	0	0	0	0	0	0	0	0	0	0	0	0	0	0	0	0	0	0	0	0	0	0	0	0	0	0	0	0	0	0	0	0	0	0	0	0	0	0	0	0	0	0	0	0	0	0	0	0	14	110	122	105	5	77	4	62	115	128	125	82	73	66	114	105	105	107	28	39	10	11	23	17	2	56	43	71	110	25	70	70	63	100	119	91	17	128
0	0	0	0	0	0	0	0	0	0	0	0	0	0	0	0	0	0	0	0	0	0	0	0	0	0	0	0	0	0	0	0	0	0	0	0	0	0	0	0	0	0	0	0	0	0	0	0	0	0	0	0	0	0	0	0	0	0	0	0	0	0	0	0	0	0	0	0	0	0	0	0	0	0	0	0	0	0	0	0	0	0	0	0	0	0	0	0	0	0	0	44	92	108	90	19	122	89	17	69	42	22	30	24	62	7	43	66	113	38	98	94	24	10	27	100	116	88	90	46	15	38	109	23	52	116	124	63
0	0	0	0	0	0	0	0	0	0	0	0	0	0	0	0	0	0	0	0	0	0	0	0	0	0	0	0	0	0	0	0	0	0	0	0	0	0	0	0	0	0	0	0	0	0	0	0	0	0	0	0	0	0	0	0	0	0	0	0	0	0	0	0	0	0	0	0	0	0	0	0	0	0	0	0	0	0	0	0	0	0	0	0	0	0	0	0	0	0	0	0	32	99	76	18	50	122	101	91	52	77	63	2	99	19	108	124	53	28	125	91	26	35	123	21	90	71	10	115	33	53	44	104	114	59	96	105
0	0	0	0	0	0	0	0	0	0	0	0	0	0	0	0	0	0	0	0	0	0	0	0	0	0	0	0	0	0	0	0	0	0	0	0	0	0	0	0	0	0	0	0	0	0	0	0	0	0	0	0	0	0	0	0	0	0	0	0	0	0	0	0	0	0	0	0	0	0	0	0	0	0	0	0	0	0	0	0	0	0	0	0	0	0	0	0	0	0	0	0	0	43	24	64	27	63	4	15	4	125	44	23	55	104	95	82	52	66	102	73	37	107	36	91	93	49	107	22	36	23	24	91	63	83	85	38
0	0	0	0	0	0	0	0	0	0	0	0	0	0	0	0	0	0	0	0	0	0	0	0	0	0	0	0	0	0	0	0	0	0	0	0	0	0	0	0	0	0	0	0	0	0	0	0	0	0	0	0	0	0	0	0	0	0	0	0	0	0	0	0	0	0	0	0	0	0	0	0	0	0	0	0	0	0	0	0	0	0	0	0	0	0	0	0	0	0	0	0	0	0	19	44	116	127	43	41	118	42	102	28	11	38	124	57	37	81	110	46	61	41	17	1	21	46	58	18	4	73	17	31	72	22	59	76
0	0	0	0	0	0	0	0	0	0	0	0	0	0	0	0	0	0	0	0	0	0	0	0	0	0	0	0	0	0	0	0	0	0	0	0	0	0	0	0	0	0	0	0	0	0	0	0	0	0	0	0	0	0	0	0	0	0	0	0	0	0	0	0	0	0	0	0	0	0	0	0	0	0	0	0	0	0	0	0	0	0	0	0	0	0	0	0	0	0	0	0	0	0	0	22	31	22	61	40	117	31	117	120	73	44	44	1	64	34	59	83	126	10	41	100	19	85	18	99	124	98	24	36	9	40	5	9
0	0	0	0	0	0	0	0	0	0	0	0	0	0	0	0	0	0	0	0	0	0	0	0	0	0	0	0	0	0	0	0	0	0	0	0	0	0	0	0	0	0	0	0	0	0	0	0	0	0	0	0	0	0	0	0	0	0	0	0	0	0	0	0	0	0	0	0	0	0	0	0	0	0	0	0	0	0	0	0	0	0	0	0	0	0	0	0	0	0	0	0	0	0	0	0	62	82	59	126	48	20	14	51	98	112	36	13	119	8	3	24	64	113	53	101	17	35	9	7	92	79	2	13	32	64	18	116
0	0	0	0	0	0	0	0	0	0	0	0	0	0	0	0	0	0	0	0	0	0	0	0	0	0	0	0	0	0	0	0	0	0	0	0	0	0	0	0	0	0	0	0	0	0	0	0	0	0	0	0	0	0	0	0	0	0	0	0	0	0	0	0	0	0	0	0	0	0	0	0	0	0	0	0	0	0	0	0	0	0	0	0	0	0	0	0	0	0	0	0	0	0	0	0	0	108	58	57	116	10	17	81	127	94	97	40	51	86	86	103	55	111	9	119	50	87	125	101	45	23	46	1	55	14	17	115
0	0	0	0	0	0	0	0	0	0	0	0	0	0	0	0	0	0	0	0	0	0	0	0	0	0	0	0	0	0	0	0	0	0	0	0	0	0	0	0	0	0	0	0	0	0	0	0	0	0	0	0	0	0	0	0	0	0	0	0	0	0	0	0	0	0	0	0	0	0	0	0	0	0	0	0	0	0	0	0	0	0	0	0	0	0	0	0	0	0	0	0	0	0	0	0	0	0	117	23	124	90	61	20	93	66	17	126	98	13	96	100	69	29	33	119	68	1	52	47	81	121	58	68	45	59	107	24
0	0	0	0	0	0	0	0	0	0	0	0	0	0	0	0	0	0	0	0	0	0	0	0	0	0	0	0	0	0	0	0	0	0	0	0	0	0	0	0	0	0	0	0	0	0	0	0	0	0	0	0	0	0	0	0	0	0	0	0	0	0	0	0	0	0	0	0	0	0	0	0	0	0	0	0	0	0	0	0	0	0	0	0	0	0	0	0	0	0	0	0	0	0	0	0	0	0	0	19	11	63	63	23	103	50	62	6	76	2	85	80	34	10	107	4	88	5	12	78	63	122	82	38	14	47	63	27
0	0	0	0	0	0	0	0	0	0	0	0	0	0	0	0	0	0	0	0	0	0	0	0	0	0	0	0	0	0	0	0	0	0	0	0	0	0	0	0	0	0	0	0	0	0	0	0	0	0	0	0	0	0	0	0	0	0	0	0	0	0	0	0	0	0	0	0	0	0	0	0	0	0	0	0	0	0	0	0	0	0	0	0	0	0	0	0	0	0	0	0	0	0	0	0	0	0	0	0	42	104	76	60	15	15	75	94	119	128	9	108	17	32	70	42	123	41	66	126	100	34	43	1	3	78	84	13
0	0	0	0	0	0	0	0	0	0	0	0	0	0	0	0	0	0	0	0	0	0	0	0	0	0	0	0	0	0	0	0	0	0	0	0	0	0	0	0	0	0	0	0	0	0	0	0	0	0	0	0	0	0	0	0	0	0	0	0	0	0	0	0	0	0	0	0	0	0	0	0	0	0	0	0	0	0	0	0	0	0	0	0	0	0	0	0	0	0	0	0	0	0	0	0	0	0	0	0	0	30	13	89	94	41	30	80	84	63	116	52	49	26	84	96	85	10	85	48	29	79	24	116	6	15	91	48
0	0	0	0	0	0	0	0	0	0	0	0	0	0	0	0	0	0	0	0	0	0	0	0	0	0	0	0	0	0	0	0	0	0	0	0	0	0	0	0	0	0	0	0	0	0	0	0	0	0	0	0	0	0	0	0	0	0	0	0	0	0	0	0	0	0	0	0	0	0	0	0	0	0	0	0	0	0	0	0	0	0	0	0	0	0	0	0	0	0	0	0	0	0	0	0	0	0	0	0	0	0	63	58	42	39	57	28	99	89	18	30	43	110	110	79	89	45	4	56	93	34	94	64	120	107	128	69
0	0	0	0	0	0	0	0	0	0	0	0	0	0	0	0	0	0	0	0	0	0	0	0	0	0	0	0	0	0	0	0	0	0	0	0	0	0	0	0	0	0	0	0	0	0	0	0	0	0	0	0	0	0	0	0	0	0	0	0	0	0	0	0	0	0	0	0	0	0	0	0	0	0	0	0	0	0	0	0	0	0	0	0	0	0	0	0	0	0	0	0	0	0	0	0	0	0	0	0	0	0	0	9	67	20	100	43	12	110	11	1	9	66	24	58	90	33	45	126	7	48	116	111	98	89	24	99
0	0	0	0	0	0	0	0	0	0	0	0	0	0	0	0	0	0	0	0	0	0	0	0	0	0	0	0	0	0	0	0	0	0	0	0	0	0	0	0	0	0	0	0	0	0	0	0	0	0	0	0	0	0	0	0	0	0	0	0	0	0	0	0	0	0	0	0	0	0	0	0	0	0	0	0	0	0	0	0	0	0	0	0	0	0	0	0	0	0	0	0	0	0	0	0	0	0	0	0	0	0	0	0	4	41	53	69	56	39	108	36	49	126	108	78	64	26	4	119	116	26	24	97	100	27	36	58
0	0	0	0	0	0	0	0	0	0	0	0	0	0	0	0	0	0	0	0	0	0	0	0	0	0	0	0	0	0	0	0	0	0	0	0	0	0	0	0	0	0	0	0	0	0	0	0	0	0	0	0	0	0	0	0	0	0	0	0	0	0	0	0	0	0	0	0	0	0	0	0	0	0	0	0	0	0	0	0	0	0	0	0	0	0	0	0	0	0	0	0	0	0	0	0	0	0	0	0	0	0	0	0	0	52	54	13	40	16	9	65	54	63	104	59	50	76	108	11	11	6	112	32	123	128	66	15
0	0	0	0	0	0	0	0	0	0	0	0	0	0	0	0	0	0	0	0	0	0	0	0	0	0	0	0	0	0	0	0	0	0	0	0	0	0	0	0	0	0	0	0	0	0	0	0	0	0	0	0	0	0	0	0	0	0	0	0	0	0	0	0	0	0	0	0	0	0	0	0	0	0	0	0	0	0	0	0	0	0	0	0	0	0	0	0	0	0	0	0	0	0	0	0	0	0	0	0	0	0	0	0	0	0	7	24	110	5	107	12	48	15	122	39	17	84	46	45	47	77	58	82	6	84	128	7
0	0	0	0	0	0	0	0	0	0	0	0	0	0	0	0	0	0	0	0	0	0	0	0	0	0	0	0	0	0	0	0	0	0	0	0	0	0	0	0	0	0	0	0	0	0	0	0	0	0	0	0	0	0	0	0	0	0	0	0	0	0	0	0	0	0	0	0	0	0	0	0	0	0	0	0	0	0	0	0	0	0	0	0	0	0	0	0	0	0	0	0	0	0	0	0	0	0	0	0	0	0	0	0	0	0	0	50	23	62	43	76	66	7	53	85	55	28	45	63	4	55	88	113	62	112	61	64
0	0	0	0	0	0	0	0	0	0	0	0	0	0	0	0	0	0	0	0	0	0	0	0	0	0	0	0	0	0	0	0	0	0	0	0	0	0	0	0	0	0	0	0	0	0	0	0	0	0	0	0	0	0	0	0	0	0	0	0	0	0	0	0	0	0	0	0	0	0	0	0	0	0	0	0	0	0	0	0	0	0	0	0	0	0	0	0	0	0	0	0	0	0	0	0	0	0	0	0	0	0	0	0	0	0	0	0	53	69	74	108	89	67	83	34	105	128	39	47	45	118	20	52	90	87	127	29
0	0	0	0	0	0	0	0	0	0	0	0	0	0	0	0	0	0	0	0	0	0	0	0	0	0	0	0	0	0	0	0	0	0	0	0	0	0	0	0	0	0	0	0	0	0	0	0	0	0	0	0	0	0	0	0	0	0	0	0	0	0	0	0	0	0	0	0	0	0	0	0	0	0	0	0	0	0	0	0	0	0	0	0	0	0	0	0	0	0	0	0	0	0	0	0	0	0	0	0	0	0	0	0	0	0	0	0	0	55	108	95	53	43	69	46	17	87	28	102	41	3	2	44	3	78	87	120
0	0	0	0	0	0	0	0	0	0	0	0	0	0	0	0	0	0	0	0	0	0	0	0	0	0	0	0	0	0	0	0	0	0	0	0	0	0	0	0	0	0	0	0	0	0	0	0	0	0	0	0	0	0	0	0	0	0	0	0	0	0	0	0	0	0	0	0	0	0	0	0	0	0	0	0	0	0	0	0	0	0	0	0	0	0	0	0	0	0	0	0	0	0	0	0	0	0	0	0	0	0	0	0	0	0	0	0	0	0	121	52	92	76	27	127	20	90	71	104	70	101	14	18	99	51	70	79
0	0	0	0	0	0	0	0	0	0	0	0	0	0	0	0	0	0	0	0	0	0	0	0	0	0	0	0	0	0	0	0	0	0	0	0	0	0	0	0	0	0	0	0	0	0	0	0	0	0	0	0	0	0	0	0	0	0	0	0	0	0	0	0	0	0	0	0	0	0	0	0	0	0	0	0	0	0	0	0	0	0	0	0	0	0	0	0	0	0	0	0	0	0	0	0	0	0	0	0	0	0	0	0	0	0	0	0	0	0	0	121	21	18	30	101	74	92	61	23	124	42	105	81	69	4	27	50
0	0	0	0	0	0	0	0	0	0	0	0	0	0	0	0	0	0	0	0	0	0	0	0	0	0	0	0	0	0	0	0	0	0	0	0	0	0	0	0	0	0	0	0	0	0	0	0	0	0	0	0	0	0	0	0	0	0	0	0	0	0	0	0	0	0	0	0	0	0	0	0	0	0	0	0	0	0	0	0	0	0	0	0	0	0	0	0	0	0	0	0	0	0	0	0	0	0	0	0	0	0	0	0	0	0	0	0	0	0	0	0	71	27	48	83	91	2	46	66	14	117	26	10	84	59	46	25
0	0	0	0	0	0	0	0	0	0	0	0	0	0	0	0	0	0	0	0	0	0	0	0	0	0	0	0	0	0	0	0	0	0	0	0	0	0	0	0	0	0	0	0	0	0	0	0	0	0	0	0	0	0	0	0	0	0	0	0	0	0	0	0	0	0	0	0	0	0	0	0	0	0	0	0	0	0	0	0	0	0	0	0	0	0	0	0	0	0	0	0	0	0	0	0	0	0	0	0	0	0	0	0	0	0	0	0	0	0	0	0	0	23	27	85	120	127	101	111	37	29	96	37	6	27	46	16
0	0	0	0	0	0	0	0	0	0	0	0	0	0	0	0	0	0	0	0	0	0	0	0	0	0	0	0	0	0	0	0	0	0	0	0	0	0	0	0	0	0	0	0	0	0	0	0	0	0	0	0	0	0	0	0	0	0	0	0	0	0	0	0	0	0	0	0	0	0	0	0	0	0	0	0	0	0	0	0	0	0	0	0	0	0	0	0	0	0	0	0	0	0	0	0	0	0	0	0	0	0	0	0	0	0	0	0	0	0	0	0	0	0	64	34	95	37	87	110	53	128	11	71	111	42	119	76
0	0	0	0	0	0	0	0	0	0	0	0	0	0	0	0	0	0	0	0	0	0	0	0	0	0	0	0	0	0	0	0	0	0	0	0	0	0	0	0	0	0	0	0	0	0	0	0	0	0	0	0	0	0	0	0	0	0	0	0	0	0	0	0	0	0	0	0	0	0	0	0	0	0	0	0	0	0	0	0	0	0	0	0	0	0	0	0	0	0	0	0	0	0	0	0	0	0	0	0	0	0	0	0	0	0	0	0	0	0	0	0	0	0	0	113	16	43	14	1	112	120	60	55	22	50	78	79
0	0	0	0	0	0	0	0	0	0	0	0	0	0	0	0	0	0	0	0	0	0	0	0	0	0	0	0	0	0	0	0	0	0	0	0	0	0	0	0	0	0	0	0	0	0	0	0	0	0	0	0	0	0	0	0	0	0	0	0	0	0	0	0	0	0	0	0	0	0	0	0	0	0	0	0	0	0	0	0	0	0	0	0	0	0	0	0	0	0	0	0	0	0	0	0	0	0	0	0	0	0	0	0	0	0	0	0	0	0	0	0	0	0	0	0	72	2	28	106	65	44	13	126	64	56	39	86
0	0	0	0	0	0	0	0	0	0	0	0	0	0	0	0	0	0	0	0	0	0	0	0	0	0	0	0	0	0	0	0	0	0	0	0	0	0	0	0	0	0	0	0	0	0	0	0	0	0	0	0	0	0	0	0	0	0	0	0	0	0	0	0	0	0	0	0	0	0	0	0	0	0	0	0	0	0	0	0	0	0	0	0	0	0	0	0	0	0	0	0	0	0	0	0	0	0	0	0	0	0	0	0	0	0	0	0	0	0	0	0	0	0	0	0	0	119	116	58	105	127	80	126	99	98	41	1
0	0	0	0	0	0	0	0	0	0	0	0	0	0	0	0	0	0	0	0	0	0	0	0	0	0	0	0	0	0	0	0	0	0	0	0	0	0	0	0	0	0	0	0	0	0	0	0	0	0	0	0	0	0	0	0	0	0	0	0	0	0	0	0	0	0	0	0	0	0	0	0	0	0	0	0	0	0	0	0	0	0	0	0	0	0	0	0	0	0	0	0	0	0	0	0	0	0	0	0	0	0	0	0	0	0	0	0	0	0	0	0	0	0	0	0	0	0	49	61	21	77	72	30	59	92	19	9
0	0	0	0	0	0	0	0	0	0	0	0	0	0	0	0	0	0	0	0	0	0	0	0	0	0	0	0	0	0	0	0	0	0	0	0	0	0	0	0	0	0	0	0	0	0	0	0	0	0	0	0	0	0	0	0	0	0	0	0	0	0	0	0	0	0	0	0	0	0	0	0	0	0	0	0	0	0	0	0	0	0	0	0	0	0	0	0	0	0	0	0	0	0	0	0	0	0	0	0	0	0	0	0	0	0	0	0	0	0	0	0	0	0	0	0	0	0	0	81	104	10	3	94	60	91	47	126
0	0	0	0	0	0	0	0	0	0	0	0	0	0	0	0	0	0	0	0	0	0	0	0	0	0	0	0	0	0	0	0	0	0	0	0	0	0	0	0	0	0	0	0	0	0	0	0	0	0	0	0	0	0	0	0	0	0	0	0	0	0	0	0	0	0	0	0	0	0	0	0	0	0	0	0	0	0	0	0	0	0	0	0	0	0	0	0	0	0	0	0	0	0	0	0	0	0	0	0	0	0	0	0	0	0	0	0	0	0	0	0	0	0	0	0	0	0	0	0	119	19	6	48	44	69	77	15
0	0	0	0	0	0	0	0	0	0	0	0	0	0	0	0	0	0	0	0	0	0	0	0	0	0	0	0	0	0	0	0	0	0	0	0	0	0	0	0	0	0	0	0	0	0	0	0	0	0	0	0	0	0	0	0	0	0	0	0	0	0	0	0	0	0	0	0	0	0	0	0	0	0	0	0	0	0	0	0	0	0	0	0	0	0	0	0	0	0	0	0	0	0	0	0	0	0	0	0	0	0	0	0	0	0	0	0	0	0	0	0	0	0	0	0	0	0	0	0	0	21	75	94	78	35	16	63
0	0	0	0	0	0	0	0	0	0	0	0	0	0	0	0	0	0	0	0	0	0	0	0	0	0	0	0	0	0	0	0	0	0	0	0	0	0	0	0	0	0	0	0	0	0	0	0	0	0	0	0	0	0	0	0	0	0	0	0	0	0	0	0	0	0	0	0	0	0	0	0	0	0	0	0	0	0	0	0	0	0	0	0	0	0	0	0	0	0	0	0	0	0	0	0	0	0	0	0	0	0	0	0	0	0	0	0	0	0	0	0	0	0	0	0	0	0	0	0	0	0	43	43	61	25	2	67
0	0	0	0	0	0	0	0	0	0	0	0	0	0	0	0	0	0	0	0	0	0	0	0	0	0	0	0	0	0	0	0	0	0	0	0	0	0	0	0	0	0	0	0	0	0	0	0	0	0	0	0	0	0	0	0	0	0	0	0	0	0	0	0	0	0	0	0	0	0	0	0	0	0	0	0	0	0	0	0	0	0	0	0	0	0	0	0	0	0	0	0	0	0	0	0	0	0	0	0	0	0	0	0	0	0	0	0	0	0	0	0	0	0	0	0	0	0	0	0	0	0	0	21	74	122	84	95
0	0	0	0	0	0	0	0	0	0	0	0	0	0	0	0	0	0	0	0	0	0	0	0	0	0	0	0	0	0	0	0	0	0	0	0	0	0	0	0	0	0	0	0	0	0	0	0	0	0	0	0	0	0	0	0	0	0	0	0	0	0	0	0	0	0	0	0	0	0	0	0	0	0	0	0	0	0	0	0	0	0	0	0	0	0	0	0	0	0	0	0	0	0	0	0	0	0	0	0	0	0	0	0	0	0	0	0	0	0	0	0	0	0	0	0	0	0	0	0	0	0	0	0	46	65	22	112
0	0	0	0	0	0	0	0	0	0	0	0	0	0	0	0	0	0	0	0	0	0	0	0	0	0	0	0	0	0	0	0	0	0	0	0	0	0	0	0	0	0	0	0	0	0	0	0	0	0	0	0	0	0	0	0	0	0	0	0	0	0	0	0	0	0	0	0	0	0	0	0	0	0	0	0	0	0	0	0	0	0	0	0	0	0	0	0	0	0	0	0	0	0	0	0	0	0	0	0	0	0	0	0	0	0	0	0	0	0	0	0	0	0	0	0	0	0	0	0	0	0	0	0	0	44	81	105
0	0	0	0	0	0	0	0	0	0	0	0	0	0	0	0	0	0	0	0	0	0	0	0	0	0	0	0	0	0	0	0	0	0	0	0	0	0	0	0	0	0	0	0	0	0	0	0	0	0	0	0	0	0	0	0	0	0	0	0	0	0	0	0	0	0	0	0	0	0	0	0	0	0	0	0	0	0	0	0	0	0	0	0	0	0	0	0	0	0	0	0	0	0	0	0	0	0	0	0	0	0	0	0	0	0	0	0	0	0	0	0	0	0	0	0	0	0	0	0	0	0	0	0	0	0	34	14
0	0	0	0	0	0	0	0	0	0	0	0	0	0	0	0	0	0	0	0	0	0	0	0	0	0	0	0	0	0	0	0	0	0	0	0	0	0	0	0	0	0	0	0	0	0	0	0	0	0	0	0	0	0	0	0	0	0	0	0	0	0	0	0	0	0	0	0	0	0	0	0	0	0	0	0	0	0	0	0	0	0	0	0	0	0	0	0	0	0	0	0	0	0	0	0	0	0	0	0	0	0	0	0	0	0	0	0	0	0	0	0	0	0	0	0	0	0	0	0	0	0	0	0	0	0	0	123
0	0	0	0	0	0	0	0	0	0	0	0	0	0	0	0	0	0	0	0	0	0	0	0	0	0	0	0	0	0	0	0	0	0	0	0	0	0	0	0	0	0	0	0	0	0	0	0	0	0	0	0	0	0	0	0	0	0	0	0	0	0	0	0	0	0	0	0	0	0	0	0	0	0	0	0	0	0	0	0	0	0	0	0	0	0	0	0	0	0	0	0	0	0	0	0	0	0	0	0	0	0	0	0	0	0	0	0	0	0	0	0	0	0	0	0	0	0	0	0	0	0	0	0	0	0	0	0