0	89	57	20	100	28	16	105	14	34	20	67	124	68	54	68	84	4	76	81	114	94	59	115	64	87	88	21	12	32	1	128	80	50	90	58	119	82	21	101	24	83	44	66	63	1	103	124	65	17	55	77	124	126	83	32	73	114	116	87	6	68	85	25	68	91	20	95	53	91	49	60	21	108	97	9	5	22	86	68	22	92	3	34	109	6	31	34	17	35	114	77	41	107	30	56	25	56	83	39	85	6	6	37	46	26	15	11	114	18	99	100	6	27	70	114	99	6	104	65	42	122	6	103	98	59	122	41
0	0	116	23	121	22	82	30	37	37	14	78	80	30	111	102	103	14	9	70	27	93	28	20	79	20	84	126	69	72	21	35	41	85	64	57	102	58	17	122	41	13	13	127	60	25	68	42	19	56	107	89	10	25	111	85	101	25	101	45	70	94	127	24	52	91	2	123	116	107	38	60	4	35	74	17	98	80	62	13	25	40	2	84	55	80	99	31	69	29	27	48	69	14	16	108	101	109	76	50	12	56	1	39	13	111	75	49	125	102	61	17	76	27	71	99	29	84	112	7	35	28	26	107	38	80	76	41
0	0	0	109	104	76	124	57	121	4	53	44	96	30	89	119	7	56	77	110	26	48	48	7	114	5	28	71	81	33	64	16	26	7	95	61	38	115	87	77	52	69	28	61	54	54	122	50	101	110	22	60	102	56	61	51	128	45	91	128	41	63	53	81	17	39	61	45	73	23	70	60	93	49	75	122	119	14	59	3	64	86	49	14	95	128	40	114	49	94	50	116	127	116	14	56	43	116	61	23	108	43	115	68	43	80	41	19	126	106	111	20	73	64	12	98	18	122	81	102	56	99	89	20	101	29	94	64
0	0	0	0	47	7	66	28	125	3	64	47	74	98	108	5	25	18	21	19	31	126	67	109	119	55	91	51	66	22	29	70	116	50	75	91	27	61	44	115	2	30	1	87	119	41	55	1	49	28	13	128	20	100	96	37	49	77	55	79	42	55	19	116	19	47	75	78	106	32	92	83	33	26	14	22	122	26	56	35	28	37	26	93	20	24	65	57	58	13	35	75	43	67	9	69	72	55	12	76	35	42	33	12	114	3	119	72	6	73	61	74	62	68	67	121	53	94	123	26	91	90	24	61	94	6	11	2
0	0	0	0	0	105	68	38	60	80	75	81	102	73	95	84	35	104	107	24	82	33	119	17	44	106	37	92	108	121	63	96	58	125	22	110	21	19	87	65	45	93	103	42	31	97	107	38	125	16	16	99	123	30	61	56	68	33	108	65	39	73	73	16	125	119	114	81	107	45	115	7	103	40	75	10	26	53	22	119	13	48	64	121	37	89	35	103	81	37	45	68	22	45	116	6	27	71	68	31	41	29	30	100	62	124	67	77	34	62	83	128	69	44	75	117	115	8	63	14	50	60	72	16	74	74	81	120
0	0	0	0	0	0	121	62	60	2	75	98	49	70	93	87	57	103	43	99	99	71	122	95	43	109	64	103	43	52	13	110	82	27	21	92	52	122	17	57	102	8	6	26	51	2	122	59	12	32	99	87	90	110	112	99	95	40	3	97	67	118	119	41	58	59	85	114	12	92	61	7	127	53	93	76	79	79	61	24	19	90	110	23	49	19	38	77	64	58	99	91	2	66	77	110	31	63	121	67	50	73	106	88	111	18	36	89	67	115	38	4	91	42	12	118	3	43	46	64	47	113	24	64	22	108	10	70
0	0	0	0	0	0	0	16	30	65	117	9	29	40	19	71	108	35	125	69	99	49	101	69	46	51	11	7	69	84	38	64	59	49	77	48	79	33	45	39	97	4	104	26	106	23	5	77	126	127	110	77	121	102	67	119	70	50	40	18	45	34	36	108	99	14	108	80	99	114	73	42	84	13	27	88	58	36	76	63	8	7	20	14	6	20	87	4	109	67	99	63	120	33	28	10	100	113	94	51	32	18	37	65	11	110	74	110	28	40	6	100	71	112	54	106	11	37	56	34	12	26	65	25	57	25	96	57
0	0	0	0	0	0	0	0	36	33	61	20	32	68	27	1	46	79	94	1	92	81	23	77	105	30	84	41	4	15	53	23	25	120	106	116	91	93	83	43	87	124	118	95	113	85	102	75	20	2	34	5	75	14	83	48	105	95	110	95	95	107	58	9	24	16	32	7	60	74	51	70	69	114	47	76	67	7	101	100	44	65	29	115	110	9	116	92	41	41	76	5	96	33	26	74	116	11	48	47	113	125	64	11	43	33	6	117	87	53	55	83	79	33	71	95	60	97	72	23	116	121	49	7	13	97	100	48
0	0	0	0	0	0	0	0	0	115	80	121	34	35	87	28	6	98	101	80	64	21	124	3	89	95	1	101	94	77	104	34	90	32	31	63	99	20	33	94	99	35	27	75	74	101	93	109	72	86	14	90	110	2	107	103	128	106	86	14	105	70	42	50	25	110	101	47	7	83	110	80	97	6	8	97	17	43	102	79	66	44	4	6	30	28	16	61	10	3	120	75	72	114	116	3	99	66	98	68	11	37	20	20	110	53	117	99	74	46	47	107	91	13	26	56	4	91	54	95	102	34	74	38	97	85	68	104
0	0	0	0	0	0	0	0	0	0	62	32	120	59	85	63	54	37	104	37	122	103	127	125	9	71	70	33	32	97	125	7	7	101	12	85	8	35	109	20	112	106	115	4	100	62	30	36	98	22	64	48	47	38	116	61	38	125	25	106	8	97	62	50	12	26	5	119	23	115	50	1	9	124	37	36	67	27	9	22	58	10	114	89	95	41	47	72	122	23	48	64	88	101	67	127	50	86	17	83	26	119	38	19	69	106	98	21	101	6	103	20	95	38	114	106	122	19	8	68	121	92	43	81	122	84	2	113
0	0	0	0	0	0	0	0	0	0	0	119	6	51	113	120	58	28	9	68	59	64	52	64	78	105	127	1	10	33	101	48	42	34	64	85	49	5	125	38	48	23	125	3	18	15	105	94	7	121	6	12	47	74	14	30	79	28	118	36	101	31	37	113	43	46	3	79	33	47	106	1	102	53	22	12	64	57	27	36	25	73	10	4	60	101	77	57	30	85	69	65	41	74	99	87	123	13	63	45	126	47	48	75	75	41	55	21	120	54	29	53	6	60	60	36	2	123	24	116	61	37	111	32	37	61	101	107
0	0	0	0	0	0	0	0	0	0	0	0	42	44	85	78	21	128	12	83	70	103	119	41	38	67	82	54	59	48	98	77	15	21	20	105	15	124	58	107	48	65	20	31	90	67	35	69	94	128	85	82	13	43	84	55	19	54	26	14	35	9	91	53	118	116	101	76	19	105	78	98	95	55	55	51	45	90	109	35	33	77	56	66	43	27	95	32	26	3	77	43	15	64	56	25	9	117	30	106	53	29	24	24	47	74	45	63	6	122	86	44	12	7	123	29	73	30	115	114	121	80	64	43	117	45	74	103
0	0	0	0	0	0	0	0	0	0	0	0	0	8	70	71	82	60	12	122	13	45	34	90	107	107	109	51	42	5	74	34	84	47	88	41	108	75	95	16	97	57	33	58	21	66	103	49	55	110	8	118	22	13	74	85	46	12	89	86	20	32	122	76	27	24	81	97	45	61	9	104	88	124	115	49	97	68	104	87	24	69	91	6	102	50	3	57	119	55	47	89	19	122	27	99	128	111	52	4	126	50	43	55	123	9	6	48	120	124	33	65	35	103	97	121	65	83	6	74	30	4	107	82	80	111	75	13
0	0	0	0	0	0	0	0	0	0	0	0	0	0	110	81	8	53	17	36	64	50	122	7	124	110	37	17	25	101	45	114	89	116	109	45	11	86	15	97	98	99	110	126	78	1	49	2	116	25	55	23	94	125	7	127	40	70	18	7	125	95	49	30	97	25	111	55	38	78	2	104	66	70	38	45	123	69	14	61	24	7	82	35	114	107	6	51	48	72	59	27	28	23	18	17	31	97	122	8	102	98	44	58	95	78	28	32	126	81	1	40	9	24	118	65	81	75	61	128	73	10	54	51	9	77	110	3
0	0	0	0	0	0	0	0	0	0	0	0	0	0	0	112	93	34	38	9	90	16	118	114	118	17	104	91	74	67	74	25	95	112	100	41	56	84	82	56	72	53	68	78	26	98	97	14	103	115	106	78	31	63	54	62	120	127	90	105	76	121	52	105	6	127	66	18	120	26	97	20	111	112	101	69	9	18	118	27	76	42	101	99	47	106	91	111	94	59	68	29	16	76	38	73	40	56	36	113	25	47	59	128	54	46	17	17	104	69	58	11	47	68	75	126	13	59	39	70	59	101	126	7	78	121	28	100
0	0	0	0	0	0	0	0	0	0	0	0	0	0	0	0	58	16	43	86	64	78	122	94	10	104	1	40	109	75	18	21	17	48	13	17	128	46	1	42	84	86	21	108	68	8	80	72	22	120	7	8	86	107	105	112	37	31	3	54	121	10	38	57	111	9	22	23	71	35	54	87	106	82	6	117	13	25	64	56	99	24	52	87	61	73	49	64	25	64	111	58	33	113	45	72	116	55	84	59	36	21	11	126	73	8	117	48	30	55	7	84	75	38	104	76	2	85	99	24	104	10	55	72	62	32	38	110
0	0	0	0	0	0	0	0	0	0	0	0	0	0	0	0	0	98	57	64	101	93	26	62	87	104	82	103	104	38	72	6	127	61	62	46	102	100	92	37	64	58	78	126	47	65	106	54	64	23	103	37	95	12	52	99	88	96	4	98	33	36	86	117	28	102	66	100	101	43	79	110	97	120	31	56	127	33	25	80	39	37	37	119	62	105	86	3	2	11	99	64	92	104	83	29	74	18	10	74	105	30	49	20	76	13	31	63	59	6	18	73	46	32	123	68	114	118	24	76	118	3	110	86	84	57	108	21
0	0	0	0	0	0	0	0	0	0	0	0	0	0	0	0	0	0	90	36	111	109	69	112	99	85	10	94	97	121	32	33	31	65	78	70	49	24	24	105	54	40	116	23	81	78	1	113	115	54	87	68	57	95	107	38	119	23	110	58	85	116	83	114	45	92	30	32	22	45	120	104	77	93	34	102	75	2	13	121	122	123	52	27	115	112	92	49	56	124	117	79	30	78	7	124	18	81	22	7	124	11	58	123	19	38	45	46	3	101	32	101	21	34	1	44	44	17	50	73	11	87	49	114	47	25	117	104
0	0	0	0	0	0	0	0	0	0	0	0	0	0	0	0	0	0	0	62	126	97	117	67	101	41	48	79	110	50	98	25	18	83	51	92	13	9	49	91	84	3	119	99	92	77	37	94	99	33	72	65	3	40	18	54	101	71	44	91	66	35	74	13	17	22	82	89	15	28	42	17	49	23	127	110	100	22	25	16	109	12	126	107	29	55	13	86	50	102	66	109	41	26	76	75	107	37	61	128	68	22	82	114	71	80	10	47	91	102	58	52	36	13	77	103	77	91	30	79	42	99	29	77	75	109	31	67
0	0	0	0	0	0	0	0	0	0	0	0	0	0	0	0	0	0	0	0	3	114	98	116	41	84	99	17	72	46	26	31	93	70	113	1	117	121	37	50	60	119	110	50	21	60	105	59	121	31	10	77	32	27	117	38	34	101	43	57	9	125	49	43	43	119	21	31	127	49	23	40	71	80	75	91	8	65	13	71	88	93	60	112	13	36	52	49	18	17	93	20	127	106	7	28	35	86	123	115	78	72	60	127	62	106	73	76	64	75	34	64	77	14	100	79	52	57	101	124	92	93	95	69	98	44	61	72
0	0	0	0	0	0	0	0	0	0	0	0	0	0	0	0	0	0	0	0	0	23	33	114	85	14	115	77	11	45	62	39	64	113	126	64	46	125	39	98	53	96	40	41	74	53	32	21	68	19	64	32	102	67	39	9	114	32	36	128	19	48	50	57	53	5	11	128	32	113	73	121	121	96	27	34	78	40	124	24	34	69	119	102	112	54	85	69	105	126	111	81	33	112	15	65	21	35	42	104	55	57	50	68	83	121	92	75	54	86	89	122	121	67	60	24	112	123	43	14	93	77	86	85	40	9	78	79
0	0	0	0	0	0	0	0	0	0	0	0	0	0	0	0	0	0	0	0	0	0	32	120	57	119	102	29	48	66	7	78	33	64	83	108	80	65	75	53	50	2	7	26	16	79	12	5	16	100	11	80	44	3	122	60	92	17	105	97	108	102	27	44	64	54	46	42	64	107	126	23	88	33	79	98	29	101	8	5	116	32	64	47	48	12	101	39	47	37	100	112	89	82	19	49	87	4	111	115	81	99	9	83	21	67	127	37	122	91	112	11	125	103	79	83	33	55	68	69	66	4	111	73	116	64	111	11
0	0	0	0	0	0	0	0	0	0	0	0	0	0	0	0	0	0	0	0	0	0	0	103	88	68	65	41	79	32	9	8	66	49	92	35	75	5	77	43	2	31	59	118	68	43	82	55	128	39	54	17	53	55	73	98	69	92	98	14	83	48	4	81	47	77	44	24	113	59	79	30	123	2	90	52	92	118	121	71	24	85	22	95	84	39	77	107	100	95	80	43	120	58	15	55	65	118	56	96	110	74	87	116	27	53	67	64	3	40	112	90	91	115	6	50	38	85	25	61	43	71	110	69	21	20	101	100
0	0	0	0	0	0	0	0	0	0	0	0	0	0	0	0	0	0	0	0	0	0	0	0	31	24	101	110	104	125	42	125	21	59	109	77	52	21	31	105	112	3	21	39	42	124	31	11	63	82	45	61	124	28	55	8	36	116	59	5	88	9	34	44	54	124	76	48	120	106	116	102	57	60	74	2	46	112	88	115	67	19	76	8	89	84	98	93	49	3	25	9	123	11	118	48	56	126	106	103	2	118	55	71	89	24	111	53	70	26	94	10	35	16	99	10	95	1	17	122	100	113	5	38	31	8	111	63
0	0	0	0	0	0	0	0	0	0	0	0	0	0	0	0	0	0	0	0	0	0	0	0	0	3	51	105	60	14	4	66	89	30	6	71	74	10	88	57	107	85	36	11	53	93	72	7	1	119	30	114	64	47	2	86	118	38	104	55	19	46	68	81	127	111	104	93	79	29	12	4	14	49	128	128	93	60	45	37	83	97	87	12	57	16	92	48	51	55	93	18	20	13	85	114	101	62	92	120	77	44	106	5	28	104	57	112	33	85	120	39	13	95	100	41	27	24	106	6	96	124	119	80	87	66	124	37
0	0	0	0	0	0	0	0	0	0	0	0	0	0	0	0	0	0	0	0	0	0	0	0	0	0	54	88	35	2	79	88	122	124	8	7	6	54	49	83	70	60	38	53	9	111	3	85	55	66	58	80	106	37	51	62	37	22	88	20	117	112	103	119	23	102	48	54	12	8	3	89	75	53	2	40	91	95	51	53	128	25	45	21	94	102	95	122	61	67	70	84	12	55	34	95	67	67	38	48	83	100	107	59	8	125	43	52	119	116	114	123	68	103	64	36	102	87	75	54	55	47	19	106	105	1	77	34
0	0	0	0	0	0	0	0	0	0	0	0	0	0	0	0	0	0	0	0	0	0	0	0	0	0	0	127	41	47	14	80	98	48	45	116	73	86	50	86	107	58	76	76	127	30	73	68	27	79	78	123	86	87	73	124	30	78	23	9	110	112	81	19	48	70	5	13	119	25	73	108	50	10	79	51	75	50	3	19	125	12	50	107	39	16	74	61	114	75	123	33	63	54	124	9	121	24	64	27	118	117	37	90	54	89	73	50	81	120	110	106	120	102	34	99	31	41	128	85	77	56	30	47	80	72	38	81
0	0	0	0	0	0	0	0	0	0	0	0	0	0	0	0	0	0	0	0	0	0	0	0	0	0	0	0	11	128	40	7	115	124	86	110	54	52	110	50	19	88	23	114	118	72	65	47	35	3	48	114	100	120	21	58	11	32	93	25	58	48	54	40	73	21	21	106	39	40	76	56	100	127	45	73	1	11	117	26	123	83	36	43	46	117	112	64	24	89	115	43	126	46	80	125	12	5	106	110	7	41	86	45	45	72	37	84	125	78	47	117	33	23	113	85	38	38	103	4	43	10	30	34	62	76	95	69
0	0	0	0	0	0	0	0	0	0	0	0	0	0	0	0	0	0	0	0	0	0	0	0	0	0	0	0	0	125	15	57	103	103	12	91	96	116	104	44	117	44	102	111	7	57	43	1	90	94	56	53	99	78	55	116	125	29	44	9	15	65	40	44	83	84	9	96	44	42	34	50	119	100	45	5	43	57	100	3	106	121	9	46	17	36	116	78	50	29	15	28	123	52	91	125	23	65	99	39	11	88	114	112	91	27	94	49	18	45	3	86	36	106	122	17	59	52	83	30	64	34	52	37	56	22	26	108
0	0	0	0	0	0	0	0	0	0	0	0	0	0	0	0	0	0	0	0	0	0	0	0	0	0	0	0	0	0	94	46	64	51	121	78	33	95	115	99	37	75	24	91	107	94	46	25	42	28	103	2	123	52	126	34	13	122	32	121	21	97	96	2	62	128	116	50	37	65	84	116	40	3	10	107	117	114	58	73	4	14	32	11	77	89	115	25	88	27	48	43	39	116	72	16	73	58	120	124	109	126	118	92	33	14	93	38	100	124	57	13	94	102	93	83	8	60	74	55	80	92	45	11	31	123	4	40
0	0	0	0	0	0	0	0	0	0	0	0	0	0	0	0	0	0	0	0	0	0	0	0	0	0	0	0	0	0	0	115	26	126	40	49	29	40	94	8	52	51	85	95	84	115	70	30	4	100	9	29	108	117	11	96	82	85	111	94	25	3	32	7	51	4	69	17	56	49	119	50	14	108	9	50	89	52	67	84	100	88	111	92	17	57	57	55	83	128	106	108	1	45	47	49	37	19	55	109	14	23	116	107	30	28	55	18	16	17	74	81	15	99	69	18	121	30	43	91	23	28	91	93	112	106	103	65
0	0	0	0	0	0	0	0	0	0	0	0	0	0	0	0	0	0	0	0	0	0	0	0	0	0	0	0	0	0	0	0	26	100	66	100	127	75	61	101	65	60	71	89	112	16	97	84	14	94	127	34	48	49	51	117	30	37	5	42	119	83	79	126	128	124	123	102	17	117	98	29	83	25	80	114	7	125	88	23	70	6	55	40	37	48	19	99	52	124	23	51	98	47	38	111	56	76	120	10	70	58	74	66	120	73	106	126	59	56	51	70	60	109	37	115	115	52	113	8	95	64	127	6	63	117	19	27
0	0	0	0	0	0	0	0	0	0	0	0	0	0	0	0	0	0	0	0	0	0	0	0	0	0	0	0	0	0	0	0	0	18	110	26	70	124	57	31	83	36	30	1	123	123	63	49	5	44	18	4	103	26	107	118	74	95	85	5	32	96	63	36	125	111	60	117	81	81	43	27	73	56	71	38	22	57	14	5	68	65	90	34	53	116	75	93	51	120	54	111	58	63	101	81	43	13	109	31	105	34	115	96	118	67	68	62	26	41	103	43	75	27	114	86	36	45	5	92	15	76	80	68	125	22	25	42
0	0	0	0	0	0	0	0	0	0	0	0	0	0	0	0	0	0	0	0	0	0	0	0	0	0	0	0	0	0	0	0	0	0	113	111	85	39	81	10	56	64	107	87	37	87	106	56	108	63	112	126	64	85	35	7	62	70	31	3	113	87	4	87	99	95	6	54	126	17	16	114	89	79	125	4	68	117	82	11	18	16	27	95	115	116	64	119	14	9	1	128	66	121	63	30	42	87	104	73	92	56	18	33	74	39	100	11	76	57	80	20	64	1	12	70	36	57	10	53	71	53	36	94	21	105	15	48
0	0	0	0	0	0	0	0	0	0	0	0	0	0	0	0	0	0	0	0	0	0	0	0	0	0	0	0	0	0	0	0	0	0	0	9	40	67	36	89	99	111	15	126	125	24	65	62	50	29	31	107	113	45	29	67	90	78	22	48	63	56	56	24	80	97	16	63	118	73	77	38	57	121	49	117	64	43	12	25	62	56	20	48	82	96	99	48	13	32	121	26	13	36	49	117	34	103	87	111	120	128	5	101	59	41	91	52	3	68	22	37	35	39	83	58	108	8	65	87	50	20	53	67	83	56	30	109
0	0	0	0	0	0	0	0	0	0	0	0	0	0	0	0	0	0	0	0	0	0	0	0	0	0	0	0	0	0	0	0	0	0	0	0	68	28	52	44	105	64	63	24	14	127	14	125	78	99	11	29	103	97	15	111	125	89	10	59	110	68	108	57	77	6	73	106	58	31	9	66	6	66	35	73	115	68	59	62	44	122	25	16	17	27	22	73	27	30	123	56	98	114	55	84	14	90	27	76	69	4	96	94	44	124	113	42	89	91	117	42	20	70	43	38	73	93	69	1	68	52	8	121	96	110	74	91
0	0	0	0	0	0	0	0	0	0	0	0	0	0	0	0	0	0	0	0	0	0	0	0	0	0	0	0	0	0	0	0	0	0	0	0	0	65	15	49	66	63	7	16	104	7	29	59	36	44	78	18	10	65	15	89	41	115	38	53	81	2	39	1	79	120	123	97	71	40	34	32	19	79	51	2	80	103	18	110	9	46	2	51	8	61	23	119	82	13	6	123	73	122	107	99	58	77	13	109	35	99	116	31	113	98	16	37	96	62	46	122	24	59	31	88	117	50	56	119	94	50	90	106	12	50	44	110
0	0	0	0	0	0	0	0	0	0	0	0	0	0	0	0	0	0	0	0	0	0	0	0	0	0	0	0	0	0	0	0	0	0	0	0	0	0	65	121	69	44	114	106	47	39	24	39	108	93	23	69	116	97	120	54	93	16	74	3	8	6	85	74	71	93	92	12	59	25	80	7	67	81	23	27	104	53	85	54	37	67	21	68	14	58	48	101	100	113	2	127	48	76	119	120	62	16	56	85	79	110	65	12	111	5	56	79	5	110	40	82	2	30	100	79	64	29	10	120	90	89	109	84	1	81	18	97
0	0	0	0	0	0	0	0	0	0	0	0	0	0	0	0	0	0	0	0	0	0	0	0	0	0	0	0	0	0	0	0	0	0	0	0	0	0	0	22	114	76	75	14	45	39	48	107	93	16	21	76	61	38	52	86	55	46	127	25	31	102	68	29	37	35	73	41	47	96	99	12	101	87	59	85	16	95	71	119	61	87	102	106	73	59	21	105	75	113	88	25	66	20	8	20	31	41	7	16	38	51	15	48	39	127	38	59	28	64	112	7	76	112	116	7	2	118	63	48	95	37	77	85	46	105	89	126
0	0	0	0	0	0	0	0	0	0	0	0	0	0	0	0	0	0	0	0	0	0	0	0	0	0	0	0	0	0	0	0	0	0	0	0	0	0	0	0	113	128	105	98	77	14	77	5	104	102	74	1	15	80	113	127	94	64	104	21	81	119	67	4	44	78	42	39	44	104	126	126	14	20	121	11	105	60	72	84	112	55	81	46	116	7	109	109	126	24	15	84	101	7	22	95	125	30	106	55	35	112	77	43	105	76	96	87	99	94	79	127	123	44	118	71	20	23	121	101	36	117	82	30	5	8	118	114
0	0	0	0	0	0	0	0	0	0	0	0	0	0	0	0	0	0	0	0	0	0	0	0	0	0	0	0	0	0	0	0	0	0	0	0	0	0	0	0	0	47	33	78	123	5	59	95	126	69	47	37	73	104	77	55	119	52	125	74	57	33	94	86	50	85	42	113	42	91	77	24	2	35	36	81	105	92	18	119	78	100	14	45	24	48	37	115	83	89	91	125	80	41	1	16	48	102	63	116	34	50	65	11	75	104	111	45	107	66	73	18	2	18	94	115	23	19	71	65	26	31	29	111	4	18	73	27
0	0	0	0	0	0	0	0	0	0	0	0	0	0	0	0	0	0	0	0	0	0	0	0	0	0	0	0	0	0	0	0	0	0	0	0	0	0	0	0	0	0	65	9	106	104	40	67	5	41	102	56	70	26	123	110	73	95	33	101	113	27	93	92	69	65	6	20	108	46	67	39	13	60	92	58	110	23	67	47	106	10	75	63	100	38	50	88	42	24	100	117	34	105	50	111	110	47	6	93	101	44	28	69	124	3	32	104	47	106	75	125	70	86	50	100	124	99	63	106	112	66	38	85	59	12	71	24
0	0	0	0	0	0	0	0	0	0	0	0	0	0	0	0	0	0	0	0	0	0	0	0	0	0	0	0	0	0	0	0	0	0	0	0	0	0	0	0	0	0	0	49	91	48	8	63	61	82	35	10	123	69	121	86	127	99	126	72	110	31	74	45	44	4	21	70	43	85	116	65	87	62	11	72	112	82	39	106	80	120	68	125	102	106	12	96	69	97	78	25	98	103	23	43	52	25	18	96	117	102	43	85	12	8	82	44	19	91	111	117	86	96	68	13	78	27	9	108	84	88	86	114	57	82	87	13
0	0	0	0	0	0	0	0	0	0	0	0	0	0	0	0	0	0	0	0	0	0	0	0	0	0	0	0	0	0	0	0	0	0	0	0	0	0	0	0	0	0	0	0	128	57	84	116	102	104	63	10	71	4	22	105	58	33	54	119	84	82	14	120	81	52	41	61	64	64	105	48	118	55	16	62	24	19	56	61	90	118	112	13	28	6	62	74	40	53	92	21	112	69	87	87	117	70	25	66	32	105	45	111	3	119	116	65	61	10	122	5	29	23	94	103	79	42	1	76	85	36	72	59	101	84	84	38
0	0	0	0	0	0	0	0	0	0	0	0	0	0	0	0	0	0	0	0	0	0	0	0	0	0	0	0	0	0	0	0	0	0	0	0	0	0	0	0	0	0	0	0	0	25	120	32	108	77	54	51	54	31	66	46	106	14	1	39	84	5	109	116	71	56	5	65	41	88	84	60	38	8	21	95	44	7	2	108	87	49	11	113	9	123	24	72	70	1	52	56	38	16	126	56	112	41	119	14	99	80	13	55	23	27	124	115	84	21	69	17	45	56	32	31	5	22	14	83	79	37	114	11	124	38	86	88
0	0	0	0	0	0	0	0	0	0	0	0	0	0	0	0	0	0	0	0	0	0	0	0	0	0	0	0	0	0	0	0	0	0	0	0	0	0	0	0	0	0	0	0	0	0	71	76	25	74	59	121	22	24	42	28	52	106	117	39	124	58	56	111	86	26	123	59	50	95	25	18	29	5	24	96	21	46	91	31	98	78	24	61	122	88	79	111	123	82	55	66	51	70	117	108	54	101	23	12	12	125	53	47	43	40	32	61	125	69	68	3	123	86	53	65	83	2	52	68	71	9	63	14	111	50	86	41
0	0	0	0	0	0	0	0	0	0	0	0	0	0	0	0	0	0	0	0	0	0	0	0	0	0	0	0	0	0	0	0	0	0	0	0	0	0	0	0	0	0	0	0	0	0	0	33	16	95	20	100	124	61	91	69	127	78	17	31	16	93	8	76	116	26	119	39	100	8	25	14	126	119	69	125	72	7	4	89	28	61	105	32	55	78	40	47	126	74	121	88	46	24	124	110	94	76	126	4	53	60	43	48	91	23	121	100	56	109	38	80	34	58	65	125	44	116	108	119	22	81	7	87	70	39	86	64
0	0	0	0	0	0	0	0	0	0	0	0	0	0	0	0	0	0	0	0	0	0	0	0	0	0	0	0	0	0	0	0	0	0	0	0	0	0	0	0	0	0	0	0	0	0	0	0	13	97	41	41	45	2	108	35	74	112	29	8	67	123	29	26	25	2	25	75	121	68	25	16	100	80	22	37	17	72	63	82	105	60	36	4	35	126	92	36	123	7	16	26	18	83	35	48	105	104	118	62	71	106	69	37	5	111	45	42	100	39	55	107	39	43	95	47	125	74	20	109	46	71	49	76	60	94	69	116
0	0	0	0	0	0	0	0	0	0	0	0	0	0	0	0	0	0	0	0	0	0	0	0	0	0	0	0	0	0	0	0	0	0	0	0	0	0	0	0	0	0	0	0	0	0	0	0	0	102	80	85	34	121	127	53	57	97	93	7	73	8	108	94	24	112	26	30	100	122	120	26	73	128	118	81	126	74	65	73	118	6	37	55	4	12	38	29	21	1	111	10	26	84	56	94	22	47	128	86	81	17	60	81	2	78	44	75	56	123	35	99	64	69	22	1	80	121	43	87	23	89	95	8	66	128	71	54
0	0	0	0	0	0	0	0	0	0	0	0	0	0	0	0	0	0	0	0	0	0	0	0	0	0	0	0	0	0	0	0	0	0	0	0	0	0	0	0	0	0	0	0	0	0	0	0	0	0	127	94	100	9	15	88	82	90	94	25	62	60	29	3	58	60	62	122	14	33	32	51	42	48	9	46	14	117	92	116	26	101	2	120	1	61	114	64	60	82	71	1	91	82	89	57	28	11	124	4	17	51	53	69	108	45	84	112	121	94	40	38	128	95	98	79	104	51	20	58	101	99	49	76	77	99	48	61
0	0	0	0	0	0	0	0	0	0	0	0	0	0	0	0	0	0	0	0	0	0	0	0	0	0	0	0	0	0	0	0	0	0	0	0	0	0	0	0	0	0	0	0	0	0	0	0	0	0	0	8	109	93	101	21	47	101	107	5	10	86	38	115	92	18	21	7	115	52	42	59	39	123	36	44	67	49	83	98	89	44	56	106	57	22	32	114	8	65	28	113	37	37	74	51	16	58	30	94	7	90	51	95	100	58	69	7	2	55	54	25	126	115	43	109	114	65	48	84	115	12	96	10	16	68	120	105
0	0	0	0	0	0	0	0	0	0	0	0	0	0	0	0	0	0	0	0	0	0	0	0	0	0	0	0	0	0	0	0	0	0	0	0	0	0	0	0	0	0	0	0	0	0	0	0	0	0	0	0	7	71	99	106	51	55	8	24	54	76	9	87	104	43	23	15	2	65	127	63	21	82	82	123	115	73	65	55	74	30	76	128	121	54	54	111	20	113	92	111	45	96	67	117	112	10	34	127	114	102	20	2	53	87	116	93	125	53	105	12	7	89	112	5	120	109	53	72	117	126	48	61	119	85	38	126
0	0	0	0	0	0	0	0	0	0	0	0	0	0	0	0	0	0	0	0	0	0	0	0	0	0	0	0	0	0	0	0	0	0	0	0	0	0	0	0	0	0	0	0	0	0	0	0	0	0	0	0	0	115	45	3	42	1	26	107	42	71	78	7	107	110	81	33	58	85	94	122	127	120	101	42	4	57	73	99	94	94	18	94	46	71	87	117	117	49	111	93	61	38	19	56	115	29	80	10	29	45	116	26	10	6	28	104	27	42	98	113	92	70	70	119	70	75	88	78	27	100	11	66	25	121	82	47
0	0	0	0	0	0	0	0	0	0	0	0	0	0	0	0	0	0	0	0	0	0	0	0	0	0	0	0	0	0	0	0	0	0	0	0	0	0	0	0	0	0	0	0	0	0	0	0	0	0	0	0	0	0	115	78	39	117	94	20	59	76	101	22	56	47	78	124	28	68	56	84	42	42	123	101	51	126	28	28	75	58	90	120	36	41	39	110	66	85	32	108	4	127	44	1	43	24	110	4	4	76	43	58	104	87	29	106	46	14	105	95	15	18	32	38	118	94	36	64	40	2	95	76	127	106	2	110
0	0	0	0	0	0	0	0	0	0	0	0	0	0	0	0	0	0	0	0	0	0	0	0	0	0	0	0	0	0	0	0	0	0	0	0	0	0	0	0	0	0	0	0	0	0	0	0	0	0	0	0	0	0	0	98	54	38	89	101	105	16	3	128	123	52	58	70	114	3	68	83	47	64	72	11	42	86	60	12	79	112	84	92	73	67	26	62	128	17	9	1	89	36	17	42	42	19	65	13	42	89	75	85	113	118	126	20	55	78	86	21	48	72	36	83	124	128	127	74	30	93	27	5	38	128	18	122
0	0	0	0	0	0	0	0	0	0	0	0	0	0	0	0	0	0	0	0	0	0	0	0	0	0	0	0	0	0	0	0	0	0	0	0	0	0	0	0	0	0	0	0	0	0	0	0	0	0	0	0	0	0	0	0	28	34	76	89	25	26	120	40	109	68	105	77	73	60	4	49	89	127	29	85	113	82	86	97	115	21	19	69	80	13	125	51	64	56	9	52	21	68	11	25	119	103	89	57	123	87	87	110	92	98	114	113	37	99	19	42	46	88	114	11	116	95	63	82	53	127	92	28	35	8	28	63
0	0	0	0	0	0	0	0	0	0	0	0	0	0	0	0	0	0	0	0	0	0	0	0	0	0	0	0	0	0	0	0	0	0	0	0	0	0	0	0	0	0	0	0	0	0	0	0	0	0	0	0	0	0	0	0	0	77	33	32	110	118	91	9	12	13	125	64	91	16	27	71	121	110	105	63	79	78	98	16	12	86	53	39	75	113	115	70	119	119	39	7	43	3	44	27	39	114	99	19	25	84	13	15	62	12	2	57	46	126	122	39	106	93	64	128	32	85	112	119	52	28	54	57	53	113	95	81
0	0	0	0	0	0	0	0	0	0	0	0	0	0	0	0	0	0	0	0	0	0	0	0	0	0	0	0	0	0	0	0	0	0	0	0	0	0	0	0	0	0	0	0	0	0	0	0	0	0	0	0	0	0	0	0	0	0	42	127	35	45	108	6	87	65	24	29	12	110	9	23	95	10	100	68	24	29	82	121	123	126	13	124	17	7	43	78	63	89	38	62	74	96	59	42	37	79	112	39	67	39	20	127	101	67	120	63	56	60	66	108	67	100	76	40	11	83	71	9	103	31	86	92	42	126	41	46
0	0	0	0	0	0	0	0	0	0	0	0	0	0	0	0	0	0	0	0	0	0	0	0	0	0	0	0	0	0	0	0	0	0	0	0	0	0	0	0	0	0	0	0	0	0	0	0	0	0	0	0	0	0	0	0	0	0	0	50	58	17	101	10	73	71	58	8	99	86	86	7	44	113	94	10	119	21	40	28	106	68	85	108	88	2	49	48	96	117	69	4	52	102	122	91	6	21	65	92	61	35	71	27	69	18	6	90	75	46	124	98	90	26	26	44	120	61	86	84	76	18	98	26	5	64	111	56
0	0	0	0	0	0	0	0	0	0	0	0	0	0	0	0	0	0	0	0	0	0	0	0	0	0	0	0	0	0	0	0	0	0	0	0	0	0	0	0	0	0	0	0	0	0	0	0	0	0	0	0	0	0	0	0	0	0	0	0	70	90	50	109	119	105	93	21	120	62	92	86	48	95	16	79	19	48	72	1	4	103	14	99	53	10	2	43	102	22	50	66	79	14	40	91	99	76	102	64	79	15	104	25	125	127	14	128	76	65	73	53	90	65	34	33	119	59	35	35	66	77	110	34	54	20	107	52
0	0	0	0	0	0	0	0	0	0	0	0	0	0	0	0	0	0	0	0	0	0	0	0	0	0	0	0	0	0	0	0	0	0	0	0	0	0	0	0	0	0	0	0	0	0	0	0	0	0	0	0	0	0	0	0	0	0	0	0	0	127	6	45	35	102	74	71	67	59	101	14	120	5	4	81	13	53	24	67	70	89	88	99	84	110	127	18	117	92	87	51	24	41	17	11	114	74	55	27	92	78	1	32	127	74	122	83	37	18	44	69	57	65	122	96	37	111	114	66	25	128	67	125	79	4	1	100
0	0	0	0	0	0	0	0	0	0	0	0	0	0	0	0	0	0	0	0	0	0	0	0	0	0	0	0	0	0	0	0	0	0	0	0	0	0	0	0	0	0	0	0	0	0	0	0	0	0	0	0	0	0	0	0	0	0	0	0	0	0	104	120	49	74	98	81	13	121	71	76	93	53	61	45	13	111	92	111	121	39	39	28	30	80	50	82	51	59	61	100	5	66	73	29	7	110	126	87	49	6	33	55	116	87	20	33	60	119	30	1	102	43	109	38	52	73	88	20	128	62	32	47	30	40	42	67
0	0	0	0	0	0	0	0	0	0	0	0	0	0	0	0	0	0	0	0	0	0	0	0	0	0	0	0	0	0	0	0	0	0	0	0	0	0	0	0	0	0	0	0	0	0	0	0	0	0	0	0	0	0	0	0	0	0	0	0	0	0	0	72	46	107	38	61	111	49	100	66	71	33	125	65	75	105	56	89	38	45	25	48	14	79	19	8	83	53	102	114	123	128	6	110	20	84	109	22	87	87	7	15	102	60	75	102	68	26	108	75	67	12	123	106	77	38	61	103	45	45	90	66	13	32	126	126
0	0	0	0	0	0	0	0	0	0	0	0	0	0	0	0	0	0	0	0	0	0	0	0	0	0	0	0	0	0	0	0	0	0	0	0	0	0	0	0	0	0	0	0	0	0	0	0	0	0	0	0	0	0	0	0	0	0	0	0	0	0	0	0	46	117	78	41	64	44	77	67	98	67	9	5	121	9	9	48	5	16	49	8	5	25	32	14	10	36	96	28	124	104	43	5	61	50	59	47	32	44	31	118	46	96	42	34	21	80	121	35	55	114	47	76	93	16	78	111	23	40	92	94	71	19	108	127
0	0	0	0	0	0	0	0	0	0	0	0	0	0	0	0	0	0	0	0	0	0	0	0	0	0	0	0	0	0	0	0	0	0	0	0	0	0	0	0	0	0	0	0	0	0	0	0	0	0	0	0	0	0	0	0	0	0	0	0	0	0	0	0	0	77	72	3	53	32	50	50	43	57	70	101	37	7	81	69	103	128	90	12	73	12	82	46	92	91	24	65	110	40	24	67	109	78	19	30	86	26	48	39	124	48	107	99	108	7	68	71	110	29	28	57	77	56	69	19	73	24	70	83	127	19	47	11
0	0	0	0	0	0	0	0	0	0	0	0	0	0	0	0	0	0	0	0	0	0	0	0	0	0	0	0	0	0	0	0	0	0	0	0	0	0	0	0	0	0	0	0	0	0	0	0	0	0	0	0	0	0	0	0	0	0	0	0	0	0	0	0	0	0	44	106	51	23	101	106	11	44	69	103	124	66	64	66	25	101	42	107	100	42	59	30	125	52	39	102	99	62	77	71	113	115	72	57	43	104	24	59	5	119	36	12	60	41	57	85	16	39	115	11	75	6	31	3	94	61	77	32	115	19	34	2
0	0	0	0	0	0	0	0	0	0	0	0	0	0	0	0	0	0	0	0	0	0	0	0	0	0	0	0	0	0	0	0	0	0	0	0	0	0	0	0	0	0	0	0	0	0	0	0	0	0	0	0	0	0	0	0	0	0	0	0	0	0	0	0	0	0	0	5	107	19	123	89	29	100	5	55	98	5	54	126	115	85	114	75	124	18	120	92	53	109	104	103	100	28	9	36	113	55	33	49	102	58	11	50	6	68	56	45	109	26	28	44	122	78	60	44	73	46	58	40	50	36	77	94	70	62	112	31
0	0	0	0	0	0	0	0	0	0	0	0	0	0	0	0	0	0	0	0	0	0	0	0	0	0	0	0	0	0	0	0	0	0	0	0	0	0	0	0	0	0	0	0	0	0	0	0	0	0	0	0	0	0	0	0	0	0	0	0	0	0	0	0	0	0	0	0	26	123	18	41	70	18	60	25	12	20	81	127	15	113	91	78	13	40	7	44	48	49	65	102	96	97	13	74	104	57	12	94	13	77	39	2	65	28	64	111	87	112	92	76	15	78	119	99	10	35	7	43	126	55	96	27	37	30	14	9
0	0	0	0	0	0	0	0	0	0	0	0	0	0	0	0	0	0	0	0	0	0	0	0	0	0	0	0	0	0	0	0	0	0	0	0	0	0	0	0	0	0	0	0	0	0	0	0	0	0	0	0	0	0	0	0	0	0	0	0	0	0	0	0	0	0	0	0	0	115	114	56	79	71	41	24	50	99	39	23	13	67	26	67	100	12	124	70	118	63	84	15	45	117	64	62	15	90	89	67	78	89	89	115	7	21	101	33	74	90	19	43	99	28	73	37	70	14	114	98	97	45	25	90	74	22	83	83
0	0	0	0	0	0	0	0	0	0	0	0	0	0	0	0	0	0	0	0	0	0	0	0	0	0	0	0	0	0	0	0	0	0	0	0	0	0	0	0	0	0	0	0	0	0	0	0	0	0	0	0	0	0	0	0	0	0	0	0	0	0	0	0	0	0	0	0	0	0	97	66	24	88	20	108	41	11	61	89	118	110	41	10	12	45	95	18	115	39	25	46	76	98	21	95	89	27	5	11	27	87	56	87	34	99	96	128	65	1	78	37	80	6	107	63	94	17	3	86	92	62	31	81	79	19	47	53
0	0	0	0	0	0	0	0	0	0	0	0	0	0	0	0	0	0	0	0	0	0	0	0	0	0	0	0	0	0	0	0	0	0	0	0	0	0	0	0	0	0	0	0	0	0	0	0	0	0	0	0	0	0	0	0	0	0	0	0	0	0	0	0	0	0	0	0	0	0	0	2	98	32	58	115	119	35	80	45	39	26	51	6	112	103	122	96	128	53	123	31	29	49	119	34	121	44	91	81	54	61	68	25	102	92	76	22	7	66	119	107	44	23	48	114	84	98	67	65	73	72	89	93	21	87	46	121
0	0	0	0	0	0	0	0	0	0	0	0	0	0	0	0	0	0	0	0	0	0	0	0	0	0	0	0	0	0	0	0	0	0	0	0	0	0	0	0	0	0	0	0	0	0	0	0	0	0	0	0	0	0	0	0	0	0	0	0	0	0	0	0	0	0	0	0	0	0	0	0	10	124	115	74	103	69	42	118	90	77	128	32	128	82	116	23	31	123	76	29	103	17	22	106	12	37	70	1	17	113	58	72	83	89	70	116	124	60	66	37	120	118	114	59	29	28	35	104	65	67	53	121	92	103	98	13
0	0	0	0	0	0	0	0	0	0	0	0	0	0	0	0	0	0	0	0	0	0	0	0	0	0	0	0	0	0	0	0	0	0	0	0	0	0	0	0	0	0	0	0	0	0	0	0	0	0	0	0	0	0	0	0	0	0	0	0	0	0	0	0	0	0	0	0	0	0	0	0	0	10	100	69	12	81	6	55	4	17	4	67	83	36	60	78	20	34	18	13	127	116	123	83	126	29	28	58	92	117	74	104	27	14	122	34	24	58	115	73	106	42	95	96	84	5	43	28	39	126	100	49	77	94	79	46
0	0	0	0	0	0	0	0	0	0	0	0	0	0	0	0	0	0	0	0	0	0	0	0	0	0	0	0	0	0	0	0	0	0	0	0	0	0	0	0	0	0	0	0	0	0	0	0	0	0	0	0	0	0	0	0	0	0	0	0	0	0	0	0	0	0	0	0	0	0	0	0	0	0	82	6	112	61	95	30	16	127	98	60	86	3	128	127	105	101	14	50	88	121	75	80	21	75	26	117	43	109	58	48	47	33	117	117	119	82	124	101	105	102	44	75	23	112	91	11	120	45	118	102	46	125	2	18
0	0	0	0	0	0	0	0	0	0	0	0	0	0	0	0	0	0	0	0	0	0	0	0	0	0	0	0	0	0	0	0	0	0	0	0	0	0	0	0	0	0	0	0	0	0	0	0	0	0	0	0	0	0	0	0	0	0	0	0	0	0	0	0	0	0	0	0	0	0	0	0	0	0	0	121	55	66	5	6	90	13	41	104	100	86	10	17	75	106	79	46	58	55	68	36	30	8	80	1	33	49	104	52	107	74	1	54	104	94	60	108	72	114	84	109	7	20	1	2	11	35	77	64	65	39	86	4
0	0	0	0	0	0	0	0	0	0	0	0	0	0	0	0	0	0	0	0	0	0	0	0	0	0	0	0	0	0	0	0	0	0	0	0	0	0	0	0	0	0	0	0	0	0	0	0	0	0	0	0	0	0	0	0	0	0	0	0	0	0	0	0	0	0	0	0	0	0	0	0	0	0	0	0	73	92	104	26	31	1	92	75	29	96	18	14	113	8	61	30	99	6	63	55	65	76	40	93	19	111	85	107	56	11	112	24	112	60	74	88	89	7	119	5	43	90	24	95	9	102	2	16	42	9	40	24
0	0	0	0	0	0	0	0	0	0	0	0	0	0	0	0	0	0	0	0	0	0	0	0	0	0	0	0	0	0	0	0	0	0	0	0	0	0	0	0	0	0	0	0	0	0	0	0	0	0	0	0	0	0	0	0	0	0	0	0	0	0	0	0	0	0	0	0	0	0	0	0	0	0	0	0	0	14	90	15	11	73	74	102	120	52	122	29	107	25	9	65	74	21	26	60	2	11	120	66	26	74	60	101	69	69	77	31	120	124	94	11	100	46	49	84	47	124	52	49	40	103	104	9	33	28	68	90
0	0	0	0	0	0	0	0	0	0	0	0	0	0	0	0	0	0	0	0	0	0	0	0	0	0	0	0	0	0	0	0	0	0	0	0	0	0	0	0	0	0	0	0	0	0	0	0	0	0	0	0	0	0	0	0	0	0	0	0	0	0	0	0	0	0	0	0	0	0	0	0	0	0	0	0	0	0	73	14	1	82	105	42	44	89	103	4	50	81	61	126	43	127	83	43	104	46	95	15	82	70	7	66	116	49	73	60	30	107	128	43	127	94	118	29	38	90	115	72	35	61	7	104	103	35	47	71
0	0	0	0	0	0	0	0	0	0	0	0	0	0	0	0	0	0	0	0	0	0	0	0	0	0	0	0	0	0	0	0	0	0	0	0	0	0	0	0	0	0	0	0	0	0	0	0	0	0	0	0	0	0	0	0	0	0	0	0	0	0	0	0	0	0	0	0	0	0	0	0	0	0	0	0	0	0	0	56	13	107	30	10	107	5	96	103	75	104	8	20	30	103	3	6	115	128	30	125	59	72	71	81	3	76	127	115	113	47	73	15	43	5	64	115	26	52	123	61	7	9	102	61	43	20	37	56
0	0	0	0	0	0	0	0	0	0	0	0	0	0	0	0	0	0	0	0	0	0	0	0	0	0	0	0	0	0	0	0	0	0	0	0	0	0	0	0	0	0	0	0	0	0	0	0	0	0	0	0	0	0	0	0	0	0	0	0	0	0	0	0	0	0	0	0	0	0	0	0	0	0	0	0	0	0	0	0	26	113	55	61	35	67	64	111	70	115	101	110	82	93	85	61	60	15	41	122	64	119	57	71	49	123	115	73	59	55	66	91	125	44	77	99	82	65	59	120	86	108	98	121	102	85	102	7
0	0	0	0	0	0	0	0	0	0	0	0	0	0	0	0	0	0	0	0	0	0	0	0	0	0	0	0	0	0	0	0	0	0	0	0	0	0	0	0	0	0	0	0	0	0	0	0	0	0	0	0	0	0	0	0	0	0	0	0	0	0	0	0	0	0	0	0	0	0	0	0	0	0	0	0	0	0	0	0	0	68	67	29	98	56	84	85	12	91	49	78	52	68	28	12	19	8	67	128	122	109	78	11	124	116	121	68	42	120	104	94	77	83	68	61	83	35	91	65	120	119	60	105	90	122	48	38
0	0	0	0	0	0	0	0	0	0	0	0	0	0	0	0	0	0	0	0	0	0	0	0	0	0	0	0	0	0	0	0	0	0	0	0	0	0	0	0	0	0	0	0	0	0	0	0	0	0	0	0	0	0	0	0	0	0	0	0	0	0	0	0	0	0	0	0	0	0	0	0	0	0	0	0	0	0	0	0	0	0	126	55	74	101	84	66	96	25	74	62	30	119	108	22	55	26	128	1	48	127	60	5	127	103	73	125	120	23	121	58	4	27	48	125	127	110	63	6	41	121	128	54	49	125	116	103
0	0	0	0	0	0	0	0	0	0	0	0	0	0	0	0	0	0	0	0	0	0	0	0	0	0	0	0	0	0	0	0	0	0	0	0	0	0	0	0	0	0	0	0	0	0	0	0	0	0	0	0	0	0	0	0	0	0	0	0	0	0	0	0	0	0	0	0	0	0	0	0	0	0	0	0	0	0	0	0	0	0	0	51	53	115	40	17	39	80	85	103	11	37	46	85	40	88	80	26	21	107	32	105	87	65	24	62	103	35	98	95	23	50	38	64	58	117	74	117	23	3	105	49	31	108	74	54
0	0	0	0	0	0	0	0	0	0	0	0	0	0	0	0	0	0	0	0	0	0	0	0	0	0	0	0	0	0	0	0	0	0	0	0	0	0	0	0	0	0	0	0	0	0	0	0	0	0	0	0	0	0	0	0	0	0	0	0	0	0	0	0	0	0	0	0	0	0	0	0	0	0	0	0	0	0	0	0	0	0	0	0	30	9	116	74	56	73	128	77	19	18	79	121	37	117	6	52	101	110	33	71	32	48	127	107	48	18	6	43	108	23	17	49	116	13	79	81	102	3	52	82	55	106	28	111
0	0	0	0	0	0	0	0	0	0	0	0	0	0	0	0	0	0	0	0	0	0	0	0	0	0	0	0	0	0	0	0	0	0	0	0	0	0	0	0	0	0	0	0	0	0	0	0	0	0	0	0	0	0	0	0	0	0	0	0	0	0	0	0	0	0	0	0	0	0	0	0	0	0	0	0	0	0	0	0	0	0	0	0	0	37	109	52	120	117	43	101	92	83	59	30	3	96	91	41	113	68	110	7	15	127	122	92	66	67	110	127	29	39	51	38	99	88	116	62	124	74	51	125	120	31	95	66
0	0	0	0	0	0	0	0	0	0	0	0	0	0	0	0	0	0	0	0	0	0	0	0	0	0	0	0	0	0	0	0	0	0	0	0	0	0	0	0	0	0	0	0	0	0	0	0	0	0	0	0	0	0	0	0	0	0	0	0	0	0	0	0	0	0	0	0	0	0	0	0	0	0	0	0	0	0	0	0	0	0	0	0	0	0	57	128	57	41	24	112	16	105	70	28	69	98	48	128	118	24	70	64	122	72	34	124	117	92	6	53	99	6	110	49	67	125	60	88	68	106	41	86	33	90	76	126
0	0	0	0	0	0	0	0	0	0	0	0	0	0	0	0	0	0	0	0	0	0	0	0	0	0	0	0	0	0	0	0	0	0	0	0	0	0	0	0	0	0	0	0	0	0	0	0	0	0	0	0	0	0	0	0	0	0	0	0	0	0	0	0	0	0	0	0	0	0	0	0	0	0	0	0	0	0	0	0	0	0	0	0	0	0	0	47	47	71	91	17	121	75	71	107	15	111	42	72	13	39	32	29	128	67	91	75	62	109	113	51	10	87	19	15	37	89	7	98	101	124	5	31	50	66	38	87
0	0	0	0	0	0	0	0	0	0	0	0	0	0	0	0	0	0	0	0	0	0	0	0	0	0	0	0	0	0	0	0	0	0	0	0	0	0	0	0	0	0	0	0	0	0	0	0	0	0	0	0	0	0	0	0	0	0	0	0	0	0	0	0	0	0	0	0	0	0	0	0	0	0	0	0	0	0	0	0	0	0	0	0	0	0	0	0	95	113	125	67	71	10	119	78	75	52	80	77	44	109	65	49	114	63	96	95	8	25	105	55	32	84	114	5	5	87	38	126	48	98	37	81	108	45	53	7
0	0	0	0	0	0	0	0	0	0	0	0	0	0	0	0	0	0	0	0	0	0	0	0	0	0	0	0	0	0	0	0	0	0	0	0	0	0	0	0	0	0	0	0	0	0	0	0	0	0	0	0	0	0	0	0	0	0	0	0	0	0	0	0	0	0	0	0	0	0	0	0	0	0	0	0	0	0	0	0	0	0	0	0	0	0	0	0	0	47	56	112	62	127	102	86	60	122	76	118	55	50	73	101	126	54	5	13	69	19	34	19	40	58	104	61	43	72	68	85	102	121	47	63	85	18	29	103
0	0	0	0	0	0	0	0	0	0	0	0	0	0	0	0	0	0	0	0	0	0	0	0	0	0	0	0	0	0	0	0	0	0	0	0	0	0	0	0	0	0	0	0	0	0	0	0	0	0	0	0	0	0	0	0	0	0	0	0	0	0	0	0	0	0	0	0	0	0	0	0	0	0	0	0	0	0	0	0	0	0	0	0	0	0	0	0	0	0	100	102	25	41	76	36	74	22	128	127	121	77	101	37	108	74	46	12	33	33	56	103	4	128	115	17	121	51	13	38	70	33	74	117	55	94	55	19
0	0	0	0	0	0	0	0	0	0	0	0	0	0	0	0	0	0	0	0	0	0	0	0	0	0	0	0	0	0	0	0	0	0	0	0	0	0	0	0	0	0	0	0	0	0	0	0	0	0	0	0	0	0	0	0	0	0	0	0	0	0	0	0	0	0	0	0	0	0	0	0	0	0	0	0	0	0	0	0	0	0	0	0	0	0	0	0	0	0	0	90	43	17	71	91	34	40	55	44	23	74	105	62	96	16	73	59	45	100	110	85	104	9	97	16	5	114	26	128	60	89	112	95	112	44	46	52
0	0	0	0	0	0	0	0	0	0	0	0	0	0	0	0	0	0	0	0	0	0	0	0	0	0	0	0	0	0	0	0	0	0	0	0	0	0	0	0	0	0	0	0	0	0	0	0	0	0	0	0	0	0	0	0	0	0	0	0	0	0	0	0	0	0	0	0	0	0	0	0	0	0	0	0	0	0	0	0	0	0	0	0	0	0	0	0	0	0	0	0	74	52	6	43	2	66	21	91	88	63	53	119	54	19	121	80	87	127	109	93	126	35	57	56	87	17	3	94	107	79	15	22	103	36	96	60
0	0	0	0	0	0	0	0	0	0	0	0	0	0	0	0	0	0	0	0	0	0	0	0	0	0	0	0	0	0	0	0	0	0	0	0	0	0	0	0	0	0	0	0	0	0	0	0	0	0	0	0	0	0	0	0	0	0	0	0	0	0	0	0	0	0	0	0	0	0	0	0	0	0	0	0	0	0	0	0	0	0	0	0	0	0	0	0	0	0	0	0	0	83	124	91	50	5	104	28	98	21	46	52	77	83	83	47	23	99	17	111	1	116	53	65	51	7	84	9	49	28	25	41	73	85	39	77
0	0	0	0	0	0	0	0	0	0	0	0	0	0	0	0	0	0	0	0	0	0	0	0	0	0	0	0	0	0	0	0	0	0	0	0	0	0	0	0	0	0	0	0	0	0	0	0	0	0	0	0	0	0	0	0	0	0	0	0	0	0	0	0	0	0	0	0	0	0	0	0	0	0	0	0	0	0	0	0	0	0	0	0	0	0	0	0	0	0	0	0	0	0	99	80	72	73	13	8	120	40	51	46	32	25	90	60	60	55	67	26	68	115	57	94	53	47	7	93	78	1	67	46	38	81	53	66
0	0	0	0	0	0	0	0	0	0	0	0	0	0	0	0	0	0	0	0	0	0	0	0	0	0	0	0	0	0	0	0	0	0	0	0	0	0	0	0	0	0	0	0	0	0	0	0	0	0	0	0	0	0	0	0	0	0	0	0	0	0	0	0	0	0	0	0	0	0	0	0	0	0	0	0	0	0	0	0	0	0	0	0	0	0	0	0	0	0	0	0	0	0	0	13	51	5	14	35	87	31	110	97	98	29	70	18	16	86	124	108	32	121	5	108	95	24	69	36	59	111	59	9	7	118	63	104
0	0	0	0	0	0	0	0	0	0	0	0	0	0	0	0	0	0	0	0	0	0	0	0	0	0	0	0	0	0	0	0	0	0	0	0	0	0	0	0	0	0	0	0	0	0	0	0	0	0	0	0	0	0	0	0	0	0	0	0	0	0	0	0	0	0	0	0	0	0	0	0	0	0	0	0	0	0	0	0	0	0	0	0	0	0	0	0	0	0	0	0	0	0	0	0	37	103	114	116	90	72	127	125	114	25	118	78	76	117	77	81	101	121	28	108	49	93	13	7	40	35	113	101	35	79	12	83
0	0	0	0	0	0	0	0	0	0	0	0	0	0	0	0	0	0	0	0	0	0	0	0	0	0	0	0	0	0	0	0	0	0	0	0	0	0	0	0	0	0	0	0	0	0	0	0	0	0	0	0	0	0	0	0	0	0	0	0	0	0	0	0	0	0	0	0	0	0	0	0	0	0	0	0	0	0	0	0	0	0	0	0	0	0	0	0	0	0	0	0	0	0	0	0	0	54	119	23	73	52	56	41	3	30	53	12	100	30	47	38	7	57	15	33	35	51	98	46	2	117	104	58	74	15	84	87
0	0	0	0	0	0	0	0	0	0	0	0	0	0	0	0	0	0	0	0	0	0	0	0	0	0	0	0	0	0	0	0	0	0	0	0	0	0	0	0	0	0	0	0	0	0	0	0	0	0	0	0	0	0	0	0	0	0	0	0	0	0	0	0	0	0	0	0	0	0	0	0	0	0	0	0	0	0	0	0	0	0	0	0	0	0	0	0	0	0	0	0	0	0	0	0	0	0	59	121	71	126	83	121	116	53	63	2	14	17	46	122	21	41	62	80	53	55	27	50	101	85	19	30	109	56	13	118
0	0	0	0	0	0	0	0	0	0	0	0	0	0	0	0	0	0	0	0	0	0	0	0	0	0	0	0	0	0	0	0	0	0	0	0	0	0	0	0	0	0	0	0	0	0	0	0	0	0	0	0	0	0	0	0	0	0	0	0	0	0	0	0	0	0	0	0	0	0	0	0	0	0	0	0	0	0	0	0	0	0	0	0	0	0	0	0	0	0	0	0	0	0	0	0	0	0	0	35	51	24	103	24	114	126	52	60	20	96	37	75	22	110	106	53	44	14	68	64	104	65	81	68	104	5	73	116
0	0	0	0	0	0	0	0	0	0	0	0	0	0	0	0	0	0	0	0	0	0	0	0	0	0	0	0	0	0	0	0	0	0	0	0	0	0	0	0	0	0	0	0	0	0	0	0	0	0	0	0	0	0	0	0	0	0	0	0	0	0	0	0	0	0	0	0	0	0	0	0	0	0	0	0	0	0	0	0	0	0	0	0	0	0	0	0	0	0	0	0	0	0	0	0	0	0	0	0	53	125	73	108	116	106	81	126	62	55	37	98	17	118	44	106	57	27	117	101	74	17	33	31	81	106	7	11
0	0	0	0	0	0	0	0	0	0	0	0	0	0	0	0	0	0	0	0	0	0	0	0	0	0	0	0	0	0	0	0	0	0	0	0	0	0	0	0	0	0	0	0	0	0	0	0	0	0	0	0	0	0	0	0	0	0	0	0	0	0	0	0	0	0	0	0	0	0	0	0	0	0	0	0	0	0	0	0	0	0	0	0	0	0	0	0	0	0	0	0	0	0	0	0	0	0	0	0	0	34	38	73	96	42	25	37	114	77	83	70	49	13	2	78	124	82	71	28	120	125	66	116	26	5	23	40
0	0	0	0	0	0	0	0	0	0	0	0	0	0	0	0	0	0	0	0	0	0	0	0	0	0	0	0	0	0	0	0	0	0	0	0	0	0	0	0	0	0	0	0	0	0	0	0	0	0	0	0	0	0	0	0	0	0	0	0	0	0	0	0	0	0	0	0	0	0	0	0	0	0	0	0	0	0	0	0	0	0	0	0	0	0	0	0	0	0	0	0	0	0	0	0	0	0	0	0	0	0	94	78	73	7	63	87	98	110	71	28	122	22	82	8	49	15	98	29	80	21	14	90	57	47	72	33
0	0	0	0	0	0	0	0	0	0	0	0	0	0	0	0	0	0	0	0	0	0	0	0	0	0	0	0	0	0	0	0	0	0	0	0	0	0	0	0	0	0	0	0	0	0	0	0	0	0	0	0	0	0	0	0	0	0	0	0	0	0	0	0	0	0	0	0	0	0	0	0	0	0	0	0	0	0	0	0	0	0	0	0	0	0	0	0	0	0	0	0	0	0	0	0	0	0	0	0	0	0	0	44	7	11	24	5	38	1	76	111	40	24	124	39	127	5	60	1	29	85	20	50	99	18	62	110
0	0	0	0	0	0	0	0	0	0	0	0	0	0	0	0	0	0	0	0	0	0	0	0	0	0	0	0	0	0	0	0	0	0	0	0	0	0	0	0	0	0	0	0	0	0	0	0	0	0	0	0	0	0	0	0	0	0	0	0	0	0	0	0	0	0	0	0	0	0	0	0	0	0	0	0	0	0	0	0	0	0	0	0	0	0	0	0	0	0	0	0	0	0	0	0	0	0	0	0	0	0	0	0	68	22	26	49	72	6	69	58	16	55	78	49	8	68	42	28	116	55	55	44	25	30	35	11
0	0	0	0	0	0	0	0	0	0	0	0	0	0	0	0	0	0	0	0	0	0	0	0	0	0	0	0	0	0	0	0	0	0	0	0	0	0	0	0	0	0	0	0	0	0	0	0	0	0	0	0	0	0	0	0	0	0	0	0	0	0	0	0	0	0	0	0	0	0	0	0	0	0	0	0	0	0	0	0	0	0	0	0	0	0	0	0	0	0	0	0	0	0	0	0	0	0	0	0	0	0	0	0	0	48	90	60	108	105	8	76	75	72	39	15	78	27	59	15	80	20	85	33	32	74	32	55
0	0	0	0	0	0	0	0	0	0	0	0	0	0	0	0	0	0	0	0	0	0	0	0	0	0	0	0	0	0	0	0	0	0	0	0	0	0	0	0	0	0	0	0	0	0	0	0	0	0	0	0	0	0	0	0	0	0	0	0	0	0	0	0	0	0	0	0	0	0	0	0	0	0	0	0	0	0	0	0	0	0	0	0	0	0	0	0	0	0	0	0	0	0	0	0	0	0	0	0	0	0	0	0	0	0	75	52	122	115	65	81	90	52	40	117	57	88	75	92	25	69	10	45	105	119	51	26
0	0	0	0	0	0	0	0	0	0	0	0	0	0	0	0	0	0	0	0	0	0	0	0	0	0	0	0	0	0	0	0	0	0	0	0	0	0	0	0	0	0	0	0	0	0	0	0	0	0	0	0	0	0	0	0	0	0	0	0	0	0	0	0	0	0	0	0	0	0	0	0	0	0	0	0	0	0	0	0	0	0	0	0	0	0	0	0	0	0	0	0	0	0	0	0	0	0	0	0	0	0	0	0	0	0	0	55	52	15	89	41	71	120	17	6	97	71	103	82	96	3	117	3	75	78	87	26
0	0	0	0	0	0	0	0	0	0	0	0	0	0	0	0	0	0	0	0	0	0	0	0	0	0	0	0	0	0	0	0	0	0	0	0	0	0	0	0	0	0	0	0	0	0	0	0	0	0	0	0	0	0	0	0	0	0	0	0	0	0	0	0	0	0	0	0	0	0	0	0	0	0	0	0	0	0	0	0	0	0	0	0	0	0	0	0	0	0	0	0	0	0	0	0	0	0	0	0	0	0	0	0	0	0	0	0	105	28	89	116	104	127	105	48	44	100	24	59	106	53	65	54	87	112	124	109
0	0	0	0	0	0	0	0	0	0	0	0	0	0	0	0	0	0	0	0	0	0	0	0	0	0	0	0	0	0	0	0	0	0	0	0	0	0	0	0	0	0	0	0	0	0	0	0	0	0	0	0	0	0	0	0	0	0	0	0	0	0	0	0	0	0	0	0	0	0	0	0	0	0	0	0	0	0	0	0	0	0	0	0	0	0	0	0	0	0	0	0	0	0	0	0	0	0	0	0	0	0	0	0	0	0	0	0	0	89	55	77	91	11	18	75	94	57	52	95	41	76	101	10	23	24	33	111
0	0	0	0	0	0	0	0	0	0	0	0	0	0	0	0	0	0	0	0	0	0	0	0	0	0	0	0	0	0	0	0	0	0	0	0	0	0	0	0	0	0	0	0	0	0	0	0	0	0	0	0	0	0	0	0	0	0	0	0	0	0	0	0	0	0	0	0	0	0	0	0	0	0	0	0	0	0	0	0	0	0	0	0	0	0	0	0	0	0	0	0	0	0	0	0	0	0	0	0	0	0	0	0	0	0	0	0	0	0	30	36	89	28	99	37	126	125	66	20	16	74	88	63	92	12	40	90
0	0	0	0	0	0	0	0	0	0	0	0	0	0	0	0	0	0	0	0	0	0	0	0	0	0	0	0	0	0	0	0	0	0	0	0	0	0	0	0	0	0	0	0	0	0	0	0	0	0	0	0	0	0	0	0	0	0	0	0	0	0	0	0	0	0	0	0	0	0	0	0	0	0	0	0	0	0	0	0	0	0	0	0	0	0	0	0	0	0	0	0	0	0	0	0	0	0	0	0	0	0	0	0	0	0	0	0	0	0	0	7	33	29	3	14	99	70	71	121	20	73	128	94	92	112	115	42
0	0	0	0	0	0	0	0	0	0	0	0	0	0	0	0	0	0	0	0	0	0	0	0	0	0	0	0	0	0	0	0	0	0	0	0	0	0	0	0	0	0	0	0	0	0	0	0	0	0	0	0	0	0	0	0	0	0	0	0	0	0	0	0	0	0	0	0	0	0	0	0	0	0	0	0	0	0	0	0	0	0	0	0	0	0	0	0	0	0	0	0	0	0	0	0	0	0	0	0	0	0	0	0	0	0	0	0	0	0	0	0	88	59	75	82	61	79	124	57	121	66	15	92	79	108	20	5
0	0	0	0	0	0	0	0	0	0	0	0	0	0	0	0	0	0	0	0	0	0	0	0	0	0	0	0	0	0	0	0	0	0	0	0	0	0	0	0	0	0	0	0	0	0	0	0	0	0	0	0	0	0	0	0	0	0	0	0	0	0	0	0	0	0	0	0	0	0	0	0	0	0	0	0	0	0	0	0	0	0	0	0	0	0	0	0	0	0	0	0	0	0	0	0	0	0	0	0	0	0	0	0	0	0	0	0	0	0	0	0	0	125	102	50	70	55	108	35	114	115	95	109	61	25	19	15
0	0	0	0	0	0	0	0	0	0	0	0	0	0	0	0	0	0	0	0	0	0	0	0	0	0	0	0	0	0	0	0	0	0	0	0	0	0	0	0	0	0	0	0	0	0	0	0	0	0	0	0	0	0	0	0	0	0	0	0	0	0	0	0	0	0	0	0	0	0	0	0	0	0	0	0	0	0	0	0	0	0	0	0	0	0	0	0	0	0	0	0	0	0	0	0	0	0	0	0	0	0	0	0	0	0	0	0	0	0	0	0	0	0	96	58	9	26	5	23	107	107	31	64	31	86	94	100
0	0	0	0	0	0	0	0	0	0	0	0	0	0	0	0	0	0	0	0	0	0	0	0	0	0	0	0	0	0	0	0	0	0	0	0	0	0	0	0	0	0	0	0	0	0	0	0	0	0	0	0	0	0	0	0	0	0	0	0	0	0	0	0	0	0	0	0	0	0	0	0	0	0	0	0	0	0	0	0	0	0	0	0	0	0	0	0	0	0	0	0	0	0	0	0	0	0	0	0	0	0	0	0	0	0	0	0	0	0	0	0	0	0	0	42	80	2	103	102	124	100	120	65	64	114	89	48
0	0	0	0	0	0	0	0	0	0	0	0	0	0	0	0	0	0	0	0	0	0	0	0	0	0	0	0	0	0	0	0	0	0	0	0	0	0	0	0	0	0	0	0	0	0	0	0	0	0	0	0	0	0	0	0	0	0	0	0	0	0	0	0	0	0	0	0	0	0	0	0	0	0	0	0	0	0	0	0	0	0	0	0	0	0	0	0	0	0	0	0	0	0	0	0	0	0	0	0	0	0	0	0	0	0	0	0	0	0	0	0	0	0	0	0	47	46	98	2	26	100	77	108	16	97	16	79
0	0	0	0	0	0	0	0	0	0	0	0	0	0	0	0	0	0	0	0	0	0	0	0	0	0	0	0	0	0	0	0	0	0	0	0	0	0	0	0	0	0	0	0	0	0	0	0	0	0	0	0	0	0	0	0	0	0	0	0	0	0	0	0	0	0	0	0	0	0	0	0	0	0	0	0	0	0	0	0	0	0	0	0	0	0	0	0	0	0	0	0	0	0	0	0	0	0	0	0	0	0	0	0	0	0	0	0	0	0	0	0	0	0	0	0	0	33	16	48	31	95	69	41	71	49	75	95
0	0	0	0	0	0	0	0	0	0	0	0	0	0	0	0	0	0	0	0	0	0	0	0	0	0	0	0	0	0	0	0	0	0	0	0	0	0	0	0	0	0	0	0	0	0	0	0	0	0	0	0	0	0	0	0	0	0	0	0	0	0	0	0	0	0	0	0	0	0	0	0	0	0	0	0	0	0	0	0	0	0	0	0	0	0	0	0	0	0	0	0	0	0	0	0	0	0	0	0	0	0	0	0	0	0	0	0	0	0	0	0	0	0	0	0	0	0	108	119	2	67	104	96	36	117	126	96
0	0	0	0	0	0	0	0	0	0	0	0	0	0	0	0	0	0	0	0	0	0	0	0	0	0	0	0	0	0	0	0	0	0	0	0	0	0	0	0	0	0	0	0	0	0	0	0	0	0	0	0	0	0	0	0	0	0	0	0	0	0	0	0	0	0	0	0	0	0	0	0	0	0	0	0	0	0	0	0	0	0	0	0	0	0	0	0	0	0	0	0	0	0	0	0	0	0	0	0	0	0	0	0	0	0	0	0	0	0	0	0	0	0	0	0	0	0	0	48	126	127	68	73	30	17	67	81
0	0	0	0	0	0	0	0	0	0	0	0	0	0	0	0	0	0	0	0	0	0	0	0	0	0	0	0	0	0	0	0	0	0	0	0	0	0	0	0	0	0	0	0	0	0	0	0	0	0	0	0	0	0	0	0	0	0	0	0	0	0	0	0	0	0	0	0	0	0	0	0	0	0	0	0	0	0	0	0	0	0	0	0	0	0	0	0	0	0	0	0	0	0	0	0	0	0	0	0	0	0	0	0	0	0	0	0	0	0	0	0	0	0	0	0	0	0	0	0	4	126	81	42	122	26	89	91
0	0	0	0	0	0	0	0	0	0	0	0	0	0	0	0	0	0	0	0	0	0	0	0	0	0	0	0	0	0	0	0	0	0	0	0	0	0	0	0	0	0	0	0	0	0	0	0	0	0	0	0	0	0	0	0	0	0	0	0	0	0	0	0	0	0	0	0	0	0	0	0	0	0	0	0	0	0	0	0	0	0	0	0	0	0	0	0	0	0	0	0	0	0	0	0	0	0	0	0	0	0	0	0	0	0	0	0	0	0	0	0	0	0	0	0	0	0	0	0	0	38	1	102	42	120	14	64
0	0	0	0	0	0	0	0	0	0	0	0	0	0	0	0	0	0	0	0	0	0	0	0	0	0	0	0	0	0	0	0	0	0	0	0	0	0	0	0	0	0	0	0	0	0	0	0	0	0	0	0	0	0	0	0	0	0	0	0	0	0	0	0	0	0	0	0	0	0	0	0	0	0	0	0	0	0	0	0	0	0	0	0	0	0	0	0	0	0	0	0	0	0	0	0	0	0	0	0	0	0	0	0	0	0	0	0	0	0	0	0	0	0	0	0	0	0	0	0	0	0	2	86	73	12	127	73
0	0	0	0	0	0	0	0	0	0	0	0	0	0	0	0	0	0	0	0	0	0	0	0	0	0	0	0	0	0	0	0	0	0	0	0	0	0	0	0	0	0	0	0	0	0	0	0	0	0	0	0	0	0	0	0	0	0	0	0	0	0	0	0	0	0	0	0	0	0	0	0	0	0	0	0	0	0	0	0	0	0	0	0	0	0	0	0	0	0	0	0	0	0	0	0	0	0	0	0	0	0	0	0	0	0	0	0	0	0	0	0	0	0	0	0	0	0	0	0	0	0	0	61	60	61	82	90
0	0	0	0	0	0	0	0	0	0	0	0	0	0	0	0	0	0	0	0	0	0	0	0	0	0	0	0	0	0	0	0	0	0	0	0	0	0	0	0	0	0	0	0	0	0	0	0	0	0	0	0	0	0	0	0	0	0	0	0	0	0	0	0	0	0	0	0	0	0	0	0	0	0	0	0	0	0	0	0	0	0	0	0	0	0	0	0	0	0	0	0	0	0	0	0	0	0	0	0	0	0	0	0	0	0	0	0	0	0	0	0	0	0	0	0	0	0	0	0	0	0	0	0	125	49	22	66
0	0	0	0	0	0	0	0	0	0	0	0	0	0	0	0	0	0	0	0	0	0	0	0	0	0	0	0	0	0	0	0	0	0	0	0	0	0	0	0	0	0	0	0	0	0	0	0	0	0	0	0	0	0	0	0	0	0	0	0	0	0	0	0	0	0	0	0	0	0	0	0	0	0	0	0	0	0	0	0	0	0	0	0	0	0	0	0	0	0	0	0	0	0	0	0	0	0	0	0	0	0	0	0	0	0	0	0	0	0	0	0	0	0	0	0	0	0	0	0	0	0	0	0	0	32	115	125
0	0	0	0	0	0	0	0	0	0	0	0	0	0	0	0	0	0	0	0	0	0	0	0	0	0	0	0	0	0	0	0	0	0	0	0	0	0	0	0	0	0	0	0	0	0	0	0	0	0	0	0	0	0	0	0	0	0	0	0	0	0	0	0	0	0	0	0	0	0	0	0	0	0	0	0	0	0	0	0	0	0	0	0	0	0	0	0	0	0	0	0	0	0	0	0	0	0	0	0	0	0	0	0	0	0	0	0	0	0	0	0	0	0	0	0	0	0	0	0	0	0	0	0	0	0	34	18
0	0	0	0	0	0	0	0	0	0	0	0	0	0	0	0	0	0	0	0	0	0	0	0	0	0	0	0	0	0	0	0	0	0	0	0	0	0	0	0	0	0	0	0	0	0	0	0	0	0	0	0	0	0	0	0	0	0	0	0	0	0	0	0	0	0	0	0	0	0	0	0	0	0	0	0	0	0	0	0	0	0	0	0	0	0	0	0	0	0	0	0	0	0	0	0	0	0	0	0	0	0	0	0	0	0	0	0	0	0	0	0	0	0	0	0	0	0	0	0	0	0	0	0	0	0	0	126
0	0	0	0	0	0	0	0	0	0	0	0	0	0	0	0	0	0	0	0	0	0	0	0	0	0	0	0	0	0	0	0	0	0	0	0	0	0	0	0	0	0	0	0	0	0	0	0	0	0	0	0	0	0	0	0	0	0	0	0	0	0	0	0	0	0	0	0	0	0	0	0	0	0	0	0	0	0	0	0	0	0	0	0	0	0	0	0	0	0	0	0	0	0	0	0	0	0	0	0	0	0	0	0	0	0	0	0	0	0	0	0	0	0	0	0	0	0	0	0	0	0	0	0	0	0	0	0