0	117	49	35	111	107	92	100	111	39	81	15	74	23	16	108	45	120	62	101	52	119	77	58	115	102	70	13	92	37	68	128	42	38	61	109	83	43	37	57	40	45	120	128	7	118	102	119	15	38	61	9	125	89	26	121	74	114	33	50	40	12	37	27	100	70	10	101	8	119	22	50	122	127	58	59	98	26	5	93	33	29	36	12	57	87	9	106	78	122	71	92	96	48	35	101	120	82	77	74	92	49	12	4	101	6	125	30	113	102	19	6	78	49	7	34	27	20	1	54	112	105	112	34	46	38	28	80
0	0	115	10	43	102	77	53	11	45	19	90	91	95	93	49	36	126	34	38	104	61	100	119	39	115	106	119	29	119	97	7	65	46	63	21	80	17	39	112	1	89	83	46	128	103	49	118	15	16	4	24	123	28	118	118	114	80	121	112	5	47	112	12	97	48	70	58	127	100	25	36	123	2	32	58	23	10	71	7	86	34	24	114	36	69	97	25	110	79	88	75	101	70	83	118	65	12	106	114	18	52	5	115	39	29	106	111	28	80	98	19	106	84	31	54	25	98	52	50	111	123	126	123	96	50	8	67
0	0	0	36	67	11	56	7	69	19	66	113	19	5	15	43	95	61	21	115	120	55	4	5	69	108	21	127	55	97	58	8	93	57	114	89	53	34	59	126	37	45	124	10	43	115	121	37	27	50	65	45	7	22	31	16	17	41	45	107	7	82	110	95	38	107	58	77	86	85	71	72	71	4	122	62	122	116	52	108	20	101	51	9	116	94	21	117	84	3	109	78	103	47	113	26	24	53	46	12	83	120	79	79	59	60	23	92	73	115	121	15	1	68	4	24	45	99	116	123	98	94	61	36	81	110	52	98
0	0	0	0	34	46	92	75	119	16	40	38	122	38	50	6	117	14	126	87	127	20	55	33	52	99	107	53	1	106	90	126	78	75	68	77	116	113	76	115	9	124	49	36	74	90	49	1	90	125	57	25	116	105	92	16	19	32	116	87	57	50	31	54	57	46	109	26	72	6	100	115	47	98	85	42	88	19	100	102	26	86	115	93	87	98	65	109	122	95	81	16	46	85	34	32	114	125	120	53	80	107	45	80	21	52	12	87	83	43	85	25	56	101	63	93	62	56	69	77	69	59	126	51	94	32	60	80
0	0	0	0	0	14	84	80	97	33	42	13	70	30	57	15	119	98	126	45	83	64	72	63	54	18	22	24	124	3	39	25	99	78	80	71	45	71	37	90	51	123	8	57	32	75	124	59	79	31	57	128	47	41	49	4	100	120	75	2	41	63	93	42	117	47	127	47	47	123	89	28	1	62	93	82	34	48	60	21	108	27	93	26	112	29	115	1	91	74	25	35	35	88	104	89	107	100	34	97	9	3	22	100	111	5	50	12	93	29	94	37	88	65	82	92	128	91	106	74	81	60	62	105	96	91	76	86
0	0	0	0	0	0	40	14	45	32	80	94	101	56	86	57	115	23	90	82	44	32	51	3	120	38	6	28	6	95	47	86	43	5	72	67	46	66	83	43	3	23	46	71	103	110	8	82	65	36	38	118	107	102	96	66	1	75	37	125	69	119	106	54	122	91	101	54	13	121	95	67	41	13	77	67	44	47	55	2	72	25	76	84	52	12	66	48	37	92	2	1	126	36	122	33	72	62	123	17	47	22	84	20	73	22	66	94	23	9	22	84	70	45	90	119	110	72	60	69	21	107	115	74	118	53	47	68
0	0	0	0	0	0	0	58	75	119	83	5	86	104	21	102	53	100	120	96	68	57	84	24	93	73	96	63	35	7	54	102	16	105	108	26	24	28	43	42	77	87	100	86	91	54	42	70	15	56	87	76	1	105	23	81	46	89	22	27	85	13	58	109	25	9	29	118	6	125	65	113	115	84	7	34	26	11	12	105	40	58	58	31	48	128	113	5	41	96	119	78	119	24	47	123	80	50	57	17	87	88	7	61	85	50	70	100	60	43	35	18	57	35	96	44	10	100	97	111	93	123	13	74	122	41	102	122
0	0	0	0	0	0	0	0	46	23	123	15	19	67	113	13	122	28	41	73	97	49	106	100	106	127	40	100	26	95	35	23	68	29	89	119	119	60	85	116	56	65	15	61	78	109	74	47	4	93	58	111	20	26	119	5	5	121	90	42	33	126	82	26	30	24	76	24	107	118	26	51	35	53	89	105	116	17	110	72	19	98	27	108	90	123	19	94	124	31	58	105	15	48	57	60	80	60	40	70	88	75	110	45	12	3	78	7	90	59	37	76	29	110	81	76	78	121	107	100	15	28	102	5	61	67	59	24
0	0	0	0	0	0	0	0	0	68	46	125	20	54	45	98	62	93	89	77	84	127	5	110	85	93	39	57	50	49	88	118	76	125	57	82	3	39	90	52	57	113	88	87	92	122	119	123	89	6	22	40	105	29	16	70	120	11	44	120	95	121	66	43	14	112	55	34	5	64	64	22	6	3	105	16	96	120	74	18	24	110	89	89	5	117	2	76	65	85	65	15	24	62	57	119	108	19	9	57	127	84	15	48	98	97	56	55	49	127	41	70	105	80	15	53	106	31	45	54	108	77	11	40	99	52	103	73
0	0	0	0	0	0	0	0	0	0	12	64	84	119	98	100	104	23	12	10	75	92	35	83	113	67	34	115	82	61	61	106	101	21	32	71	62	84	111	51	18	41	26	74	107	70	56	121	84	119	112	25	4	33	42	46	54	106	14	79	43	85	17	93	121	1	72	94	4	12	60	125	110	8	100	23	59	108	26	72	100	127	1	27	79	10	22	22	84	47	91	69	7	84	123	109	19	97	111	48	49	104	7	25	116	45	46	112	99	34	90	49	26	86	5	101	10	97	39	123	10	74	88	40	24	102	11	108
0	0	0	0	0	0	0	0	0	0	0	121	114	77	54	89	33	24	113	108	10	33	105	60	117	49	91	47	41	9	91	122	26	108	103	44	2	10	79	93	55	127	32	27	109	103	55	123	17	86	37	41	42	18	16	32	58	22	113	10	50	19	77	10	48	77	33	101	57	5	73	87	78	90	73	6	2	96	75	114	25	68	8	126	121	90	44	74	22	22	80	4	9	124	30	89	80	85	7	117	66	114	25	31	103	50	23	41	124	54	19	108	16	43	117	75	64	19	47	60	43	10	125	124	120	7	12	70
0	0	0	0	0	0	0	0	0	0	0	0	69	97	63	68	32	55	104	68	33	19	48	112	23	118	13	3	10	110	114	10	6	9	63	47	51	8	68	53	79	94	66	85	19	6	105	85	34	83	92	86	27	51	84	75	65	121	7	25	7	31	69	102	27	91	19	125	35	46	77	93	46	40	18	61	2	30	16	110	5	122	46	80	9	31	70	92	94	20	95	69	40	6	2	25	33	62	70	10	123	95	83	34	112	75	115	64	112	127	88	17	43	108	53	9	52	28	98	57	9	86	39	37	61	16	65	88
0	0	0	0	0	0	0	0	0	0	0	0	0	49	10	101	84	112	86	50	116	78	21	75	34	111	49	109	93	119	57	10	4	50	119	30	9	35	40	65	19	94	76	61	93	12	54	58	27	72	112	87	123	62	37	102	78	101	36	59	27	5	39	82	88	55	101	55	77	74	60	21	123	66	14	75	109	39	26	95	29	128	68	119	98	27	6	70	26	124	110	88	110	5	123	33	96	37	118	60	81	92	12	56	103	28	75	83	7	108	123	105	81	60	25	92	104	52	52	103	25	49	113	9	103	19	35	25
0	0	0	0	0	0	0	0	0	0	0	0	0	0	41	127	60	101	24	51	11	57	36	2	56	16	125	8	113	6	76	5	85	126	61	64	34	6	44	123	128	106	81	76	117	89	19	41	24	116	50	52	53	83	30	112	93	28	83	91	101	94	47	60	47	70	95	19	16	46	100	75	70	46	57	11	116	92	123	50	42	16	61	10	102	52	89	7	51	97	26	53	67	117	95	75	8	16	49	105	77	84	11	34	18	14	117	26	32	18	23	43	115	34	42	105	7	79	84	53	77	102	75	26	86	41	30	15
0	0	0	0	0	0	0	0	0	0	0	0	0	0	0	69	46	125	43	112	105	79	112	4	27	6	10	13	56	68	7	35	54	88	108	80	65	45	29	115	88	105	83	66	92	37	92	91	97	91	127	13	114	20	113	85	44	48	114	100	63	47	43	85	122	109	2	14	77	30	37	67	56	12	113	30	10	56	46	14	121	12	52	35	120	63	36	127	124	13	22	42	70	114	96	79	123	87	15	38	69	13	32	106	107	102	93	110	4	107	116	101	8	12	37	101	42	26	36	25	95	43	92	123	79	126	57	5
0	0	0	0	0	0	0	0	0	0	0	0	0	0	0	0	92	48	116	92	48	22	123	1	32	71	36	112	40	107	27	34	36	89	60	15	7	65	43	33	104	44	57	96	121	27	118	43	18	54	27	94	40	16	39	124	35	83	111	50	33	54	123	108	128	94	123	121	16	62	6	9	113	25	31	36	92	44	44	42	44	101	119	22	43	126	52	90	49	31	100	94	90	51	9	15	61	19	34	49	59	31	3	32	21	101	116	65	58	74	88	119	39	95	83	3	65	106	12	72	83	98	67	28	3	82	5	79
0	0	0	0	0	0	0	0	0	0	0	0	0	0	0	0	0	122	70	70	116	61	22	33	115	87	67	109	32	107	62	17	108	60	19	60	119	7	96	43	6	7	69	30	11	72	118	5	5	41	80	77	61	54	92	81	31	47	76	87	41	58	32	26	61	27	83	72	112	10	27	70	103	11	104	13	89	102	73	83	104	115	21	35	55	10	46	52	15	54	34	9	128	55	54	90	50	106	62	42	52	86	12	72	78	25	97	115	9	50	51	67	108	41	102	105	10	89	35	5	16	42	84	51	102	49	23	7
0	0	0	0	0	0	0	0	0	0	0	0	0	0	0	0	0	0	21	5	104	63	80	42	78	128	86	25	15	48	35	86	95	113	21	20	53	27	100	60	56	73	23	64	122	44	14	88	125	81	14	28	25	94	29	112	6	57	26	57	14	43	10	86	20	18	56	86	55	46	16	72	27	110	79	20	89	62	52	98	44	123	104	111	66	26	47	84	86	9	70	95	116	117	126	127	43	24	123	90	32	8	124	117	16	9	60	88	20	89	16	1	109	4	124	89	6	16	7	71	18	63	49	127	7	28	61	69
0	0	0	0	0	0	0	0	0	0	0	0	0	0	0	0	0	0	0	29	65	78	72	28	48	20	58	29	110	123	117	5	34	88	62	64	43	92	103	11	116	85	110	5	39	6	2	127	53	128	128	31	27	124	37	116	9	52	52	34	114	12	5	61	114	57	116	14	103	121	15	83	71	128	105	34	99	23	100	34	79	94	44	34	69	67	77	15	50	103	20	113	126	27	43	67	80	82	15	103	36	91	19	45	96	121	87	62	12	93	118	103	61	86	102	23	6	59	69	122	43	43	25	50	56	69	82	99
0	0	0	0	0	0	0	0	0	0	0	0	0	0	0	0	0	0	0	0	116	49	7	98	1	15	95	62	123	12	77	3	48	35	37	27	15	116	52	27	65	46	120	71	126	74	41	96	2	55	9	44	81	21	99	19	69	17	101	32	116	82	59	56	18	25	20	39	76	37	3	80	24	71	20	59	11	18	79	17	74	81	90	26	73	78	23	77	126	30	36	85	81	96	27	4	97	49	59	3	51	113	76	59	122	100	6	82	103	114	49	87	12	102	87	54	73	114	37	31	30	19	59	100	101	110	21	66
0	0	0	0	0	0	0	0	0	0	0	0	0	0	0	0	0	0	0	0	0	75	124	89	9	54	63	13	111	125	1	6	16	105	51	13	36	112	62	89	123	85	61	87	112	125	109	25	118	2	58	33	31	81	2	108	54	72	52	16	66	95	116	7	22	24	93	92	70	80	48	115	39	37	108	124	56	7	43	40	22	87	2	125	44	116	120	73	105	90	112	61	60	28	31	32	4	26	119	120	45	7	58	46	78	19	51	31	52	17	22	33	18	98	82	111	25	18	117	77	69	70	1	121	85	127	82	19
0	0	0	0	0	0	0	0	0	0	0	0	0	0	0	0	0	0	0	0	0	0	54	69	15	63	105	58	8	94	110	60	58	10	56	14	85	2	106	118	52	38	89	33	51	26	35	91	55	108	35	85	99	50	82	26	69	68	64	101	7	92	74	2	63	46	74	39	5	121	110	111	117	78	86	65	23	83	120	84	72	80	98	10	73	36	18	85	117	15	16	117	32	21	101	33	105	78	85	123	104	114	84	64	94	35	89	29	93	67	40	62	18	46	107	12	52	107	99	36	106	123	98	60	56	28	36	113
0	0	0	0	0	0	0	0	0	0	0	0	0	0	0	0	0	0	0	0	0	0	0	61	58	1	105	77	97	24	79	6	11	104	47	35	36	118	28	35	104	12	16	118	52	13	19	76	128	43	97	62	87	91	87	54	2	127	4	19	49	100	24	86	63	20	31	11	1	4	72	56	10	56	19	90	56	51	122	28	120	89	126	115	102	60	58	51	65	23	111	4	9	37	14	14	51	51	59	22	2	11	128	123	19	27	60	14	43	19	55	3	60	93	105	27	91	94	51	40	70	103	15	89	27	124	106	123
0	0	0	0	0	0	0	0	0	0	0	0	0	0	0	0	0	0	0	0	0	0	0	0	34	73	112	5	46	40	104	13	16	80	2	50	19	127	114	64	43	3	97	76	114	70	12	52	26	59	122	106	41	88	57	70	65	17	40	77	76	84	16	111	10	92	3	33	55	87	77	39	49	72	98	39	11	36	107	34	119	83	74	118	2	128	26	10	122	83	13	128	58	101	27	22	16	3	70	81	102	30	43	91	38	93	12	58	90	83	2	122	106	36	13	70	67	90	72	13	95	10	83	59	98	127	66	66
0	0	0	0	0	0	0	0	0	0	0	0	0	0	0	0	0	0	0	0	0	0	0	0	0	49	25	28	84	123	121	56	59	39	95	27	123	37	110	99	122	36	105	90	92	125	56	79	82	124	90	38	6	106	120	86	19	76	97	72	12	86	72	91	1	6	60	59	127	24	21	55	93	110	33	1	26	19	55	83	81	75	121	70	72	36	116	81	79	53	43	74	120	114	40	35	76	55	77	117	67	63	125	13	38	108	31	79	2	12	118	63	116	90	5	35	62	109	112	48	94	78	63	115	42	99	63	94
0	0	0	0	0	0	0	0	0	0	0	0	0	0	0	0	0	0	0	0	0	0	0	0	0	0	49	69	121	12	65	37	91	78	81	49	78	3	32	25	54	13	110	83	49	16	112	107	55	78	82	37	111	12	80	57	22	2	106	91	101	3	46	104	106	65	71	117	32	11	71	118	94	102	93	59	6	112	44	22	119	41	2	35	109	52	14	105	62	123	91	8	32	85	120	75	15	25	124	87	27	122	63	64	80	106	109	81	14	47	5	85	108	12	79	66	5	89	121	13	71	87	1	54	36	18	52	52
0	0	0	0	0	0	0	0	0	0	0	0	0	0	0	0	0	0	0	0	0	0	0	0	0	0	0	82	44	66	43	35	3	17	46	93	33	1	31	26	3	16	32	124	100	61	21	18	127	85	117	108	70	4	32	74	32	121	61	15	97	16	1	15	73	124	38	61	41	15	30	80	21	104	58	76	12	36	23	108	98	3	86	44	125	81	106	8	92	116	64	70	8	75	2	118	32	58	87	68	115	17	95	29	22	101	20	118	47	79	26	71	84	23	35	65	51	33	53	77	2	55	5	96	60	61	59	24
0	0	0	0	0	0	0	0	0	0	0	0	0	0	0	0	0	0	0	0	0	0	0	0	0	0	0	0	73	19	121	21	10	7	9	8	60	116	110	94	89	42	17	126	110	24	115	63	126	98	52	69	13	80	4	75	4	88	14	26	90	84	18	15	46	25	16	62	6	40	72	85	127	60	49	96	99	24	96	20	107	43	27	30	109	88	50	126	2	46	41	23	116	123	70	98	42	72	77	10	94	62	36	3	118	64	3	121	127	53	104	127	85	127	43	46	87	60	43	52	110	3	124	12	70	127	26	11
0	0	0	0	0	0	0	0	0	0	0	0	0	0	0	0	0	0	0	0	0	0	0	0	0	0	0	0	0	103	20	12	96	100	70	65	100	50	122	55	95	10	25	48	109	15	85	125	94	123	123	61	17	39	19	101	112	66	107	62	111	8	58	67	25	37	100	64	82	115	68	58	15	17	11	125	31	63	15	1	117	94	34	82	82	39	115	109	104	105	43	16	54	34	57	105	42	79	43	95	19	119	27	41	31	61	103	22	112	44	114	5	95	97	105	61	109	102	121	10	125	50	99	70	121	3	57	125
0	0	0	0	0	0	0	0	0	0	0	0	0	0	0	0	0	0	0	0	0	0	0	0	0	0	0	0	0	0	69	95	95	22	30	87	82	51	48	69	112	85	119	9	24	55	54	73	111	48	3	37	115	115	114	119	12	119	8	82	15	76	84	82	76	118	112	99	77	121	121	76	5	76	97	30	20	28	52	77	51	66	120	123	128	121	100	79	109	18	25	57	28	68	64	45	23	35	50	106	116	107	36	12	108	13	25	98	33	116	3	41	2	49	32	20	104	66	104	80	26	73	25	114	115	30	55	18
0	0	0	0	0	0	0	0	0	0	0	0	0	0	0	0	0	0	0	0	0	0	0	0	0	0	0	0	0	0	0	52	82	21	103	65	96	51	63	95	96	120	88	62	36	83	19	4	112	32	81	23	6	83	2	77	107	121	99	125	27	22	24	75	82	42	1	101	93	69	13	2	59	96	30	21	23	81	93	15	26	13	120	53	127	62	75	104	84	17	84	14	120	25	71	103	17	54	5	48	38	57	27	54	60	55	67	43	55	85	111	40	36	113	69	12	33	86	101	75	77	65	128	23	62	25	25	31
0	0	0	0	0	0	0	0	0	0	0	0	0	0	0	0	0	0	0	0	0	0	0	0	0	0	0	0	0	0	0	0	43	97	52	24	48	41	81	57	14	95	59	5	117	12	34	48	90	56	63	103	68	108	113	28	39	6	6	96	95	52	40	15	124	85	78	40	9	73	35	19	50	68	118	94	38	24	97	113	7	79	93	91	14	37	104	109	82	51	92	37	117	120	93	70	48	66	117	120	66	96	96	3	9	100	90	100	39	101	32	110	101	58	47	5	31	127	96	88	123	86	71	71	8	120	112	23
0	0	0	0	0	0	0	0	0	0	0	0	0	0	0	0	0	0	0	0	0	0	0	0	0	0	0	0	0	0	0	0	0	105	62	13	16	32	54	71	82	97	32	12	101	9	128	13	113	100	86	35	84	56	59	105	55	75	79	112	106	70	120	35	107	1	88	34	98	71	36	22	122	3	52	9	50	60	48	40	58	7	88	31	47	76	26	104	69	63	47	83	101	120	70	89	106	68	53	9	3	107	22	90	121	125	4	64	116	54	17	79	125	23	43	127	98	91	60	65	16	6	41	65	6	38	98	93
0	0	0	0	0	0	0	0	0	0	0	0	0	0	0	0	0	0	0	0	0	0	0	0	0	0	0	0	0	0	0	0	0	0	105	54	50	8	68	76	117	56	28	84	123	33	65	111	55	63	37	2	21	65	6	128	12	8	105	5	56	8	92	46	22	85	17	65	88	120	115	100	94	48	126	34	90	8	21	35	100	3	2	113	55	113	15	96	86	97	57	48	50	47	53	66	47	29	114	112	38	49	13	87	88	15	82	60	105	95	124	111	37	37	125	126	122	55	2	49	45	66	67	112	83	14	35	76
0	0	0	0	0	0	0	0	0	0	0	0	0	0	0	0	0	0	0	0	0	0	0	0	0	0	0	0	0	0	0	0	0	0	0	35	13	52	92	97	2	20	48	107	67	6	109	55	95	32	70	90	121	28	31	36	12	84	36	99	128	24	8	2	47	7	17	11	39	110	10	20	31	4	126	29	125	64	68	79	68	67	55	115	18	122	51	94	72	27	41	113	58	84	116	91	34	44	83	113	44	26	52	54	83	124	97	38	20	43	38	123	4	8	69	17	89	58	25	7	88	115	123	63	119	69	12	79
0	0	0	0	0	0	0	0	0	0	0	0	0	0	0	0	0	0	0	0	0	0	0	0	0	0	0	0	0	0	0	0	0	0	0	0	72	41	73	28	119	104	44	94	3	128	106	92	35	110	30	123	125	86	90	86	73	77	48	95	45	31	112	25	7	118	39	54	100	105	110	127	75	24	52	30	2	83	12	81	15	84	99	79	36	71	39	123	24	103	52	83	36	123	74	20	23	15	6	36	6	35	75	119	50	86	62	84	76	89	48	123	121	38	117	9	55	107	88	18	6	2	31	88	68	69	7	109
0	0	0	0	0	0	0	0	0	0	0	0	0	0	0	0	0	0	0	0	0	0	0	0	0	0	0	0	0	0	0	0	0	0	0	0	0	76	123	59	110	48	94	100	121	2	6	1	26	68	53	91	48	105	121	64	30	127	88	2	104	118	124	50	8	120	113	20	21	94	24	127	51	25	106	60	96	100	87	86	116	51	105	98	2	77	38	40	93	90	128	4	30	37	52	90	59	123	36	16	19	31	14	48	98	57	2	105	45	38	30	43	97	64	112	31	4	112	95	49	103	54	18	66	99	64	17	105
0	0	0	0	0	0	0	0	0	0	0	0	0	0	0	0	0	0	0	0	0	0	0	0	0	0	0	0	0	0	0	0	0	0	0	0	0	0	41	87	90	31	36	82	120	8	22	51	60	12	48	121	31	91	103	88	75	77	73	98	55	7	95	73	38	3	32	46	28	66	3	50	110	117	91	30	7	52	66	25	49	79	10	107	40	91	51	8	68	23	65	117	76	110	89	123	5	69	52	17	105	96	10	9	103	111	112	19	5	64	13	77	52	4	41	86	127	45	63	38	76	84	124	85	72	12	31	105
0	0	0	0	0	0	0	0	0	0	0	0	0	0	0	0	0	0	0	0	0	0	0	0	0	0	0	0	0	0	0	0	0	0	0	0	0	0	0	58	57	20	39	88	13	45	71	93	83	27	32	67	11	24	99	110	92	90	41	54	91	20	27	60	3	26	14	36	101	107	85	51	105	41	114	127	75	46	4	59	95	115	104	41	123	106	27	31	127	111	88	27	93	56	62	117	76	85	39	19	116	46	124	58	66	69	68	54	110	76	98	2	2	70	54	81	95	100	57	32	19	43	87	65	105	22	12	4
0	0	0	0	0	0	0	0	0	0	0	0	0	0	0	0	0	0	0	0	0	0	0	0	0	0	0	0	0	0	0	0	0	0	0	0	0	0	0	0	55	21	123	17	32	74	17	106	9	108	105	40	65	6	45	118	92	77	100	44	115	116	25	110	37	47	75	64	87	4	48	83	106	117	33	39	1	98	106	17	9	72	3	57	64	80	96	82	80	52	25	112	14	102	17	109	39	108	63	8	11	53	21	126	49	31	53	105	90	69	111	113	53	79	28	72	73	109	127	43	35	14	113	125	122	47	41	98
0	0	0	0	0	0	0	0	0	0	0	0	0	0	0	0	0	0	0	0	0	0	0	0	0	0	0	0	0	0	0	0	0	0	0	0	0	0	0	0	0	20	89	31	61	30	65	3	64	66	107	32	57	6	108	79	60	28	101	23	58	90	49	105	27	115	54	76	83	94	60	22	83	10	112	13	72	40	68	10	113	47	120	101	28	122	30	114	71	29	120	9	116	73	85	84	65	95	128	32	121	98	12	70	121	41	89	120	94	118	67	8	2	91	81	15	105	38	101	30	13	118	76	119	29	66	29	9
0	0	0	0	0	0	0	0	0	0	0	0	0	0	0	0	0	0	0	0	0	0	0	0	0	0	0	0	0	0	0	0	0	0	0	0	0	0	0	0	0	0	22	49	73	92	34	26	45	55	34	101	69	5	120	103	108	20	69	38	115	112	99	92	89	26	109	8	26	79	90	34	8	71	46	86	48	9	60	95	24	99	51	6	79	121	26	29	62	92	117	81	74	85	68	14	14	20	21	47	52	126	71	37	15	33	125	121	46	102	116	10	79	111	73	52	4	26	108	90	112	115	117	40	118	35	17	10
0	0	0	0	0	0	0	0	0	0	0	0	0	0	0	0	0	0	0	0	0	0	0	0	0	0	0	0	0	0	0	0	0	0	0	0	0	0	0	0	0	0	0	124	93	127	51	35	75	42	73	31	12	78	36	10	9	20	101	54	125	8	8	72	89	127	101	32	71	79	88	100	3	110	72	7	18	21	26	117	11	62	14	16	71	92	67	87	128	111	26	47	106	11	22	122	52	91	105	25	79	6	96	80	43	40	102	77	90	49	21	3	128	27	111	103	117	33	84	60	10	56	124	30	7	23	49	28
0	0	0	0	0	0	0	0	0	0	0	0	0	0	0	0	0	0	0	0	0	0	0	0	0	0	0	0	0	0	0	0	0	0	0	0	0	0	0	0	0	0	0	0	7	87	17	89	99	86	85	32	59	13	87	119	40	8	36	21	9	24	43	13	20	101	107	21	126	98	7	121	89	84	58	43	95	92	127	22	122	61	7	18	76	106	126	55	108	52	102	21	76	12	31	42	74	124	16	98	45	27	65	105	34	28	128	12	125	79	80	91	110	4	110	39	31	83	26	4	56	107	64	1	127	85	57	76
0	0	0	0	0	0	0	0	0	0	0	0	0	0	0	0	0	0	0	0	0	0	0	0	0	0	0	0	0	0	0	0	0	0	0	0	0	0	0	0	0	0	0	0	0	30	93	24	16	45	63	105	51	68	64	37	64	80	116	48	63	80	98	116	69	35	26	15	94	91	45	111	33	28	39	8	70	77	27	110	101	51	2	103	83	23	117	30	116	18	86	69	16	67	11	1	92	94	94	114	71	124	36	40	8	88	103	66	17	127	1	20	26	114	17	9	20	90	110	22	121	54	43	125	127	5	122	37
0	0	0	0	0	0	0	0	0	0	0	0	0	0	0	0	0	0	0	0	0	0	0	0	0	0	0	0	0	0	0	0	0	0	0	0	0	0	0	0	0	0	0	0	0	0	10	91	14	11	116	125	78	111	57	75	24	33	44	75	83	88	9	116	44	20	1	111	25	37	57	118	90	111	69	111	13	53	47	25	84	95	109	3	86	97	38	101	6	101	127	8	74	113	59	63	128	117	56	31	56	55	22	81	33	61	65	45	53	8	24	112	91	98	22	22	103	49	24	12	126	38	86	75	26	112	55	11
0	0	0	0	0	0	0	0	0	0	0	0	0	0	0	0	0	0	0	0	0	0	0	0	0	0	0	0	0	0	0	0	0	0	0	0	0	0	0	0	0	0	0	0	0	0	0	97	41	67	8	73	74	92	102	19	37	49	39	80	77	110	26	57	62	23	40	61	60	80	119	84	110	40	120	48	111	28	103	1	2	123	83	81	54	25	11	85	92	31	70	17	123	47	42	2	14	3	99	40	122	58	24	37	21	45	67	117	45	71	65	104	61	37	126	64	110	99	70	101	15	92	105	118	20	75	112	109
0	0	0	0	0	0	0	0	0	0	0	0	0	0	0	0	0	0	0	0	0	0	0	0	0	0	0	0	0	0	0	0	0	0	0	0	0	0	0	0	0	0	0	0	0	0	0	0	5	126	92	59	66	53	41	90	99	51	124	81	22	124	94	30	82	18	102	64	1	64	122	72	123	67	2	125	51	2	8	125	75	43	79	4	95	125	94	90	104	48	83	22	109	127	67	34	107	30	116	120	78	22	105	17	99	15	39	34	105	126	2	94	16	44	89	47	118	32	31	44	114	112	110	115	119	15	104	77
0	0	0	0	0	0	0	0	0	0	0	0	0	0	0	0	0	0	0	0	0	0	0	0	0	0	0	0	0	0	0	0	0	0	0	0	0	0	0	0	0	0	0	0	0	0	0	0	0	7	55	123	22	114	50	88	8	90	79	92	73	53	13	106	21	41	56	3	64	51	17	85	38	75	106	118	16	113	110	87	70	27	106	12	29	4	51	96	40	15	36	93	20	87	45	76	27	4	84	19	8	110	9	3	11	85	84	69	118	76	9	96	70	123	95	78	71	45	37	115	67	24	127	20	83	64	9	10
0	0	0	0	0	0	0	0	0	0	0	0	0	0	0	0	0	0	0	0	0	0	0	0	0	0	0	0	0	0	0	0	0	0	0	0	0	0	0	0	0	0	0	0	0	0	0	0	0	0	113	25	34	88	120	6	10	93	60	24	121	90	45	56	94	24	71	114	91	43	124	121	81	86	110	123	3	84	75	96	45	105	37	39	114	29	101	55	83	60	96	93	4	91	53	54	50	29	26	127	121	112	68	33	29	123	40	29	112	73	22	53	9	74	27	41	21	77	29	34	124	74	40	86	107	69	64	73
0	0	0	0	0	0	0	0	0	0	0	0	0	0	0	0	0	0	0	0	0	0	0	0	0	0	0	0	0	0	0	0	0	0	0	0	0	0	0	0	0	0	0	0	0	0	0	0	0	0	0	83	89	38	72	2	114	117	54	23	39	9	89	104	38	1	72	115	120	98	78	26	20	35	121	74	25	96	6	67	6	112	125	16	110	36	116	45	88	3	45	101	64	67	23	82	6	2	109	35	13	29	65	122	114	111	38	67	53	125	22	69	120	13	53	13	42	71	82	39	54	63	5	75	89	40	26	77
0	0	0	0	0	0	0	0	0	0	0	0	0	0	0	0	0	0	0	0	0	0	0	0	0	0	0	0	0	0	0	0	0	0	0	0	0	0	0	0	0	0	0	0	0	0	0	0	0	0	0	0	16	35	33	11	17	117	42	97	104	33	44	89	103	67	105	72	5	122	18	114	76	51	37	38	123	101	63	18	9	74	95	38	8	110	87	96	66	119	13	74	104	45	100	60	3	55	33	28	53	44	8	16	67	59	39	37	61	84	45	25	15	12	81	125	115	45	70	12	107	111	4	17	75	9	81	109
0	0	0	0	0	0	0	0	0	0	0	0	0	0	0	0	0	0	0	0	0	0	0	0	0	0	0	0	0	0	0	0	0	0	0	0	0	0	0	0	0	0	0	0	0	0	0	0	0	0	0	0	0	6	123	105	45	123	110	56	83	38	38	110	36	26	98	53	103	51	111	117	105	42	98	3	122	105	93	72	46	9	123	114	13	30	7	20	110	123	37	26	73	6	15	43	85	38	59	74	12	100	35	32	113	87	60	40	25	109	110	104	101	25	122	118	113	92	108	72	88	31	19	112	73	94	120	58
0	0	0	0	0	0	0	0	0	0	0	0	0	0	0	0	0	0	0	0	0	0	0	0	0	0	0	0	0	0	0	0	0	0	0	0	0	0	0	0	0	0	0	0	0	0	0	0	0	0	0	0	0	0	128	55	83	77	120	6	67	86	99	90	67	109	72	86	62	58	57	60	112	106	51	7	109	93	18	96	95	68	39	74	125	121	114	85	13	8	82	22	48	47	29	103	100	67	17	124	88	68	125	55	82	97	54	45	103	99	125	37	43	27	96	1	80	110	40	38	45	61	118	79	22	91	21	89
0	0	0	0	0	0	0	0	0	0	0	0	0	0	0	0	0	0	0	0	0	0	0	0	0	0	0	0	0	0	0	0	0	0	0	0	0	0	0	0	0	0	0	0	0	0	0	0	0	0	0	0	0	0	0	83	14	55	12	73	103	112	120	119	86	122	109	21	123	119	100	115	17	80	119	93	52	33	117	27	98	26	110	120	83	112	2	114	117	74	111	122	57	98	82	81	103	47	39	40	74	110	33	89	88	57	115	85	69	51	41	77	12	29	79	101	15	111	114	1	55	62	41	16	29	107	118	78
0	0	0	0	0	0	0	0	0	0	0	0	0	0	0	0	0	0	0	0	0	0	0	0	0	0	0	0	0	0	0	0	0	0	0	0	0	0	0	0	0	0	0	0	0	0	0	0	0	0	0	0	0	0	0	0	47	12	27	60	107	64	48	26	8	34	69	19	92	27	40	103	101	8	78	69	51	2	92	85	1	35	48	10	64	93	47	71	82	90	6	85	110	44	54	116	59	48	52	123	99	9	78	26	68	111	122	125	73	39	65	121	56	99	92	66	103	72	56	57	92	103	93	11	112	54	79	125
0	0	0	0	0	0	0	0	0	0	0	0	0	0	0	0	0	0	0	0	0	0	0	0	0	0	0	0	0	0	0	0	0	0	0	0	0	0	0	0	0	0	0	0	0	0	0	0	0	0	0	0	0	0	0	0	0	12	53	106	16	91	96	7	44	102	79	3	34	103	103	31	99	123	7	114	4	66	20	81	111	78	28	67	33	76	65	100	47	55	94	55	51	108	20	124	77	13	4	111	11	26	99	1	37	109	103	73	40	44	118	99	49	59	52	74	95	25	128	44	6	17	86	51	45	20	41	101
0	0	0	0	0	0	0	0	0	0	0	0	0	0	0	0	0	0	0	0	0	0	0	0	0	0	0	0	0	0	0	0	0	0	0	0	0	0	0	0	0	0	0	0	0	0	0	0	0	0	0	0	0	0	0	0	0	0	95	51	90	117	15	64	20	25	118	125	29	3	55	42	76	120	126	43	78	114	123	56	65	99	84	59	8	51	83	30	122	55	87	35	43	83	116	71	113	60	9	54	25	88	125	128	104	60	38	82	102	44	7	54	10	71	86	3	13	119	54	84	76	107	18	9	109	23	18	107
0	0	0	0	0	0	0	0	0	0	0	0	0	0	0	0	0	0	0	0	0	0	0	0	0	0	0	0	0	0	0	0	0	0	0	0	0	0	0	0	0	0	0	0	0	0	0	0	0	0	0	0	0	0	0	0	0	0	0	70	37	123	63	20	114	30	68	81	1	64	47	88	86	17	52	65	38	43	47	2	52	96	17	100	20	72	43	62	8	29	111	10	127	46	14	84	121	43	34	65	63	11	120	50	64	17	117	57	68	88	111	106	36	2	2	17	88	39	13	87	49	34	77	76	58	49	95	74
0	0	0	0	0	0	0	0	0	0	0	0	0	0	0	0	0	0	0	0	0	0	0	0	0	0	0	0	0	0	0	0	0	0	0	0	0	0	0	0	0	0	0	0	0	0	0	0	0	0	0	0	0	0	0	0	0	0	0	0	14	41	99	92	115	52	19	36	81	66	125	69	54	104	64	106	17	127	34	61	44	40	92	82	18	13	108	33	95	95	112	32	109	89	100	17	41	58	80	59	87	91	107	24	66	89	92	77	110	6	112	30	62	37	78	35	37	102	48	66	18	28	21	55	101	13	12	47
0	0	0	0	0	0	0	0	0	0	0	0	0	0	0	0	0	0	0	0	0	0	0	0	0	0	0	0	0	0	0	0	0	0	0	0	0	0	0	0	0	0	0	0	0	0	0	0	0	0	0	0	0	0	0	0	0	0	0	0	0	59	126	9	58	53	4	28	110	80	43	51	77	48	38	96	75	99	28	29	128	97	110	87	8	35	47	46	107	109	24	48	120	95	9	104	123	94	85	116	114	42	12	8	57	96	4	75	45	49	74	125	127	101	23	114	88	103	106	103	93	96	96	45	46	11	11	52
0	0	0	0	0	0	0	0	0	0	0	0	0	0	0	0	0	0	0	0	0	0	0	0	0	0	0	0	0	0	0	0	0	0	0	0	0	0	0	0	0	0	0	0	0	0	0	0	0	0	0	0	0	0	0	0	0	0	0	0	0	0	120	28	106	67	54	60	9	125	39	31	53	127	18	6	34	31	80	108	78	82	60	46	57	53	106	82	111	92	28	124	44	126	35	116	21	59	5	94	128	44	67	108	109	58	28	121	77	89	78	124	8	100	85	5	89	30	98	20	34	75	17	21	101	100	4	122
0	0	0	0	0	0	0	0	0	0	0	0	0	0	0	0	0	0	0	0	0	0	0	0	0	0	0	0	0	0	0	0	0	0	0	0	0	0	0	0	0	0	0	0	0	0	0	0	0	0	0	0	0	0	0	0	0	0	0	0	0	0	0	102	16	84	107	112	38	124	19	124	94	86	75	72	124	1	8	80	59	117	108	82	59	109	91	102	10	123	46	57	51	31	105	109	29	94	53	45	1	60	42	49	100	38	80	59	76	45	19	73	6	78	68	104	56	24	37	124	90	116	85	119	114	84	12	103
0	0	0	0	0	0	0	0	0	0	0	0	0	0	0	0	0	0	0	0	0	0	0	0	0	0	0	0	0	0	0	0	0	0	0	0	0	0	0	0	0	0	0	0	0	0	0	0	0	0	0	0	0	0	0	0	0	0	0	0	0	0	0	0	127	39	32	85	102	92	23	77	73	36	54	110	77	75	58	72	125	98	8	68	78	76	7	38	30	13	97	50	60	51	18	14	43	17	59	59	35	103	102	12	85	22	89	51	20	24	85	60	110	46	117	25	76	108	20	88	14	117	91	111	74	71	71	55
0	0	0	0	0	0	0	0	0	0	0	0	0	0	0	0	0	0	0	0	0	0	0	0	0	0	0	0	0	0	0	0	0	0	0	0	0	0	0	0	0	0	0	0	0	0	0	0	0	0	0	0	0	0	0	0	0	0	0	0	0	0	0	0	0	58	13	54	71	49	3	2	89	54	96	18	49	36	58	88	38	98	54	44	66	30	16	9	58	70	59	24	1	73	57	5	61	37	86	31	111	118	14	38	77	73	54	16	86	83	124	24	49	127	17	93	4	100	92	122	46	120	96	81	86	105	15	127
0	0	0	0	0	0	0	0	0	0	0	0	0	0	0	0	0	0	0	0	0	0	0	0	0	0	0	0	0	0	0	0	0	0	0	0	0	0	0	0	0	0	0	0	0	0	0	0	0	0	0	0	0	0	0	0	0	0	0	0	0	0	0	0	0	0	53	94	9	58	107	68	22	48	23	31	100	102	21	58	100	31	58	102	1	63	77	95	17	2	60	128	2	41	125	43	36	44	74	42	64	63	31	16	25	100	100	29	40	8	57	108	117	27	37	111	112	38	14	128	30	63	93	117	10	26	114	44
0	0	0	0	0	0	0	0	0	0	0	0	0	0	0	0	0	0	0	0	0	0	0	0	0	0	0	0	0	0	0	0	0	0	0	0	0	0	0	0	0	0	0	0	0	0	0	0	0	0	0	0	0	0	0	0	0	0	0	0	0	0	0	0	0	0	0	48	50	121	44	29	73	3	36	1	91	53	110	30	49	80	74	48	104	12	14	64	127	37	74	57	31	77	18	123	40	9	13	95	23	24	119	67	103	3	100	20	42	118	73	42	38	3	127	91	27	119	29	71	73	32	43	10	125	78	26	10
0	0	0	0	0	0	0	0	0	0	0	0	0	0	0	0	0	0	0	0	0	0	0	0	0	0	0	0	0	0	0	0	0	0	0	0	0	0	0	0	0	0	0	0	0	0	0	0	0	0	0	0	0	0	0	0	0	0	0	0	0	0	0	0	0	0	0	0	9	63	122	127	11	64	93	77	1	64	92	85	111	21	63	35	24	21	4	91	22	23	123	90	125	11	84	65	118	38	123	6	22	21	23	28	50	104	78	12	28	22	78	79	74	3	73	107	68	87	46	63	72	95	18	114	100	121	69	48
0	0	0	0	0	0	0	0	0	0	0	0	0	0	0	0	0	0	0	0	0	0	0	0	0	0	0	0	0	0	0	0	0	0	0	0	0	0	0	0	0	0	0	0	0	0	0	0	0	0	0	0	0	0	0	0	0	0	0	0	0	0	0	0	0	0	0	0	0	7	61	47	99	24	95	6	46	38	51	117	27	91	9	102	90	50	64	83	71	17	17	8	62	76	46	70	54	86	42	51	26	4	109	119	69	25	77	38	109	72	102	108	123	54	107	11	117	49	59	16	116	50	19	17	120	115	3	69
0	0	0	0	0	0	0	0	0	0	0	0	0	0	0	0	0	0	0	0	0	0	0	0	0	0	0	0	0	0	0	0	0	0	0	0	0	0	0	0	0	0	0	0	0	0	0	0	0	0	0	0	0	0	0	0	0	0	0	0	0	0	0	0	0	0	0	0	0	0	27	8	89	119	32	123	80	91	106	11	29	25	17	71	76	36	36	79	121	11	99	23	72	78	38	65	91	113	88	32	89	16	112	18	23	71	117	67	3	126	115	111	41	98	28	119	5	28	117	33	118	73	105	32	63	27	91	100
0	0	0	0	0	0	0	0	0	0	0	0	0	0	0	0	0	0	0	0	0	0	0	0	0	0	0	0	0	0	0	0	0	0	0	0	0	0	0	0	0	0	0	0	0	0	0	0	0	0	0	0	0	0	0	0	0	0	0	0	0	0	0	0	0	0	0	0	0	0	0	88	20	83	59	46	34	56	128	37	28	124	126	19	111	16	55	68	120	87	81	121	31	2	60	99	109	112	126	13	2	65	52	55	59	110	122	72	12	87	86	91	50	90	33	95	75	98	117	1	91	1	96	118	126	65	81	94
0	0	0	0	0	0	0	0	0	0	0	0	0	0	0	0	0	0	0	0	0	0	0	0	0	0	0	0	0	0	0	0	0	0	0	0	0	0	0	0	0	0	0	0	0	0	0	0	0	0	0	0	0	0	0	0	0	0	0	0	0	0	0	0	0	0	0	0	0	0	0	0	65	77	12	9	39	120	79	26	101	29	4	59	107	52	111	52	104	64	81	75	4	115	97	118	62	49	54	105	77	117	49	104	34	105	34	121	16	120	21	62	76	69	47	67	75	51	12	80	3	35	75	32	13	51	40	4
0	0	0	0	0	0	0	0	0	0	0	0	0	0	0	0	0	0	0	0	0	0	0	0	0	0	0	0	0	0	0	0	0	0	0	0	0	0	0	0	0	0	0	0	0	0	0	0	0	0	0	0	0	0	0	0	0	0	0	0	0	0	0	0	0	0	0	0	0	0	0	0	0	43	57	114	43	28	77	38	5	74	35	56	107	101	61	106	61	94	92	87	79	108	69	36	78	101	71	70	110	62	16	99	3	106	79	6	22	81	109	59	45	74	95	6	4	80	70	113	38	93	90	52	116	90	48	48
0	0	0	0	0	0	0	0	0	0	0	0	0	0	0	0	0	0	0	0	0	0	0	0	0	0	0	0	0	0	0	0	0	0	0	0	0	0	0	0	0	0	0	0	0	0	0	0	0	0	0	0	0	0	0	0	0	0	0	0	0	0	0	0	0	0	0	0	0	0	0	0	0	0	53	63	7	58	77	19	102	14	80	58	121	62	51	97	122	104	36	35	56	36	12	117	6	29	78	12	3	58	103	16	124	111	57	46	60	95	89	87	45	109	23	60	77	70	11	46	95	97	37	121	54	11	97	66
0	0	0	0	0	0	0	0	0	0	0	0	0	0	0	0	0	0	0	0	0	0	0	0	0	0	0	0	0	0	0	0	0	0	0	0	0	0	0	0	0	0	0	0	0	0	0	0	0	0	0	0	0	0	0	0	0	0	0	0	0	0	0	0	0	0	0	0	0	0	0	0	0	0	0	83	84	78	92	85	50	87	88	51	7	117	20	128	79	33	37	119	111	67	85	97	24	78	22	127	41	4	95	6	87	47	40	86	14	48	81	48	116	54	81	11	82	104	29	45	39	39	59	124	71	84	72	26
0	0	0	0	0	0	0	0	0	0	0	0	0	0	0	0	0	0	0	0	0	0	0	0	0	0	0	0	0	0	0	0	0	0	0	0	0	0	0	0	0	0	0	0	0	0	0	0	0	0	0	0	0	0	0	0	0	0	0	0	0	0	0	0	0	0	0	0	0	0	0	0	0	0	0	0	9	28	17	61	97	24	108	5	114	67	87	113	125	24	75	6	95	83	45	3	79	2	77	91	9	110	68	40	125	10	114	47	47	24	122	34	124	30	112	18	122	93	57	81	61	61	40	52	79	22	61	80
0	0	0	0	0	0	0	0	0	0	0	0	0	0	0	0	0	0	0	0	0	0	0	0	0	0	0	0	0	0	0	0	0	0	0	0	0	0	0	0	0	0	0	0	0	0	0	0	0	0	0	0	0	0	0	0	0	0	0	0	0	0	0	0	0	0	0	0	0	0	0	0	0	0	0	0	0	127	78	102	99	64	124	72	112	84	75	37	109	69	68	91	125	83	28	45	100	39	9	64	53	35	116	30	109	28	66	73	14	59	57	18	75	101	29	84	90	48	40	124	120	78	57	62	107	110	122	70
0	0	0	0	0	0	0	0	0	0	0	0	0	0	0	0	0	0	0	0	0	0	0	0	0	0	0	0	0	0	0	0	0	0	0	0	0	0	0	0	0	0	0	0	0	0	0	0	0	0	0	0	0	0	0	0	0	0	0	0	0	0	0	0	0	0	0	0	0	0	0	0	0	0	0	0	0	0	67	94	49	14	67	17	35	111	76	39	114	124	77	71	70	100	9	23	69	68	66	57	103	76	98	34	82	57	5	122	31	122	29	103	23	87	116	81	70	83	95	51	109	53	79	104	8	12	103	28
0	0	0	0	0	0	0	0	0	0	0	0	0	0	0	0	0	0	0	0	0	0	0	0	0	0	0	0	0	0	0	0	0	0	0	0	0	0	0	0	0	0	0	0	0	0	0	0	0	0	0	0	0	0	0	0	0	0	0	0	0	0	0	0	0	0	0	0	0	0	0	0	0	0	0	0	0	0	0	110	1	126	83	63	45	68	125	42	114	84	6	68	59	20	117	6	94	91	56	108	6	53	83	5	4	28	35	16	64	103	37	115	22	55	107	99	98	70	59	8	107	79	33	115	94	121	102	6
0	0	0	0	0	0	0	0	0	0	0	0	0	0	0	0	0	0	0	0	0	0	0	0	0	0	0	0	0	0	0	0	0	0	0	0	0	0	0	0	0	0	0	0	0	0	0	0	0	0	0	0	0	0	0	0	0	0	0	0	0	0	0	0	0	0	0	0	0	0	0	0	0	0	0	0	0	0	0	0	17	124	62	81	73	68	58	87	21	66	65	61	90	107	124	39	27	107	81	4	93	75	42	50	29	87	41	93	35	73	84	75	128	74	47	84	35	83	6	101	45	13	37	114	6	69	59	9
0	0	0	0	0	0	0	0	0	0	0	0	0	0	0	0	0	0	0	0	0	0	0	0	0	0	0	0	0	0	0	0	0	0	0	0	0	0	0	0	0	0	0	0	0	0	0	0	0	0	0	0	0	0	0	0	0	0	0	0	0	0	0	0	0	0	0	0	0	0	0	0	0	0	0	0	0	0	0	0	0	81	63	88	22	44	128	99	24	18	118	28	104	30	112	27	79	113	111	82	62	31	3	54	115	43	58	127	49	110	88	41	65	77	79	107	10	55	61	77	46	35	65	81	50	50	87	21
0	0	0	0	0	0	0	0	0	0	0	0	0	0	0	0	0	0	0	0	0	0	0	0	0	0	0	0	0	0	0	0	0	0	0	0	0	0	0	0	0	0	0	0	0	0	0	0	0	0	0	0	0	0	0	0	0	0	0	0	0	0	0	0	0	0	0	0	0	0	0	0	0	0	0	0	0	0	0	0	0	0	38	40	95	35	75	20	37	39	44	54	27	118	32	1	62	124	68	125	4	77	112	119	62	99	14	113	27	4	44	61	5	6	43	8	16	25	20	74	122	64	104	12	41	39	58	77
0	0	0	0	0	0	0	0	0	0	0	0	0	0	0	0	0	0	0	0	0	0	0	0	0	0	0	0	0	0	0	0	0	0	0	0	0	0	0	0	0	0	0	0	0	0	0	0	0	0	0	0	0	0	0	0	0	0	0	0	0	0	0	0	0	0	0	0	0	0	0	0	0	0	0	0	0	0	0	0	0	0	0	56	119	67	14	106	82	51	77	60	108	99	16	31	4	45	103	58	65	38	125	119	106	111	112	29	2	83	90	6	86	20	5	72	111	22	44	117	4	106	97	27	108	20	18	67
0	0	0	0	0	0	0	0	0	0	0	0	0	0	0	0	0	0	0	0	0	0	0	0	0	0	0	0	0	0	0	0	0	0	0	0	0	0	0	0	0	0	0	0	0	0	0	0	0	0	0	0	0	0	0	0	0	0	0	0	0	0	0	0	0	0	0	0	0	0	0	0	0	0	0	0	0	0	0	0	0	0	0	0	49	110	120	63	21	87	77	89	98	68	81	91	114	15	96	43	125	31	42	83	85	122	107	84	46	107	110	120	49	10	71	4	74	83	87	18	70	51	1	80	5	89	109	85
0	0	0	0	0	0	0	0	0	0	0	0	0	0	0	0	0	0	0	0	0	0	0	0	0	0	0	0	0	0	0	0	0	0	0	0	0	0	0	0	0	0	0	0	0	0	0	0	0	0	0	0	0	0	0	0	0	0	0	0	0	0	0	0	0	0	0	0	0	0	0	0	0	0	0	0	0	0	0	0	0	0	0	0	0	88	27	82	61	26	4	72	65	75	75	99	87	60	70	16	7	122	58	81	46	7	10	116	99	79	86	46	49	93	10	17	94	38	34	93	4	41	39	116	46	51	76	79
0	0	0	0	0	0	0	0	0	0	0	0	0	0	0	0	0	0	0	0	0	0	0	0	0	0	0	0	0	0	0	0	0	0	0	0	0	0	0	0	0	0	0	0	0	0	0	0	0	0	0	0	0	0	0	0	0	0	0	0	0	0	0	0	0	0	0	0	0	0	0	0	0	0	0	0	0	0	0	0	0	0	0	0	0	0	44	46	11	71	41	9	96	72	120	18	95	49	115	36	4	94	75	108	20	70	8	51	70	3	71	80	72	88	78	69	24	88	103	75	48	110	56	106	32	16	93	94
0	0	0	0	0	0	0	0	0	0	0	0	0	0	0	0	0	0	0	0	0	0	0	0	0	0	0	0	0	0	0	0	0	0	0	0	0	0	0	0	0	0	0	0	0	0	0	0	0	0	0	0	0	0	0	0	0	0	0	0	0	0	0	0	0	0	0	0	0	0	0	0	0	0	0	0	0	0	0	0	0	0	0	0	0	0	0	117	108	72	12	102	125	12	5	40	35	73	80	32	41	4	5	88	121	80	17	57	92	75	78	22	20	2	48	42	51	80	124	52	72	128	73	43	7	124	123	92
0	0	0	0	0	0	0	0	0	0	0	0	0	0	0	0	0	0	0	0	0	0	0	0	0	0	0	0	0	0	0	0	0	0	0	0	0	0	0	0	0	0	0	0	0	0	0	0	0	0	0	0	0	0	0	0	0	0	0	0	0	0	0	0	0	0	0	0	0	0	0	0	0	0	0	0	0	0	0	0	0	0	0	0	0	0	0	0	89	38	94	59	48	122	26	106	41	114	89	12	4	93	65	19	8	42	110	38	77	81	76	26	108	121	36	115	69	109	78	40	55	28	32	44	79	24	39	112
0	0	0	0	0	0	0	0	0	0	0	0	0	0	0	0	0	0	0	0	0	0	0	0	0	0	0	0	0	0	0	0	0	0	0	0	0	0	0	0	0	0	0	0	0	0	0	0	0	0	0	0	0	0	0	0	0	0	0	0	0	0	0	0	0	0	0	0	0	0	0	0	0	0	0	0	0	0	0	0	0	0	0	0	0	0	0	0	0	108	4	2	112	50	6	94	32	102	41	23	70	118	69	52	25	26	17	27	91	52	120	20	11	110	38	45	51	91	6	112	109	55	41	98	124	113	107	105
0	0	0	0	0	0	0	0	0	0	0	0	0	0	0	0	0	0	0	0	0	0	0	0	0	0	0	0	0	0	0	0	0	0	0	0	0	0	0	0	0	0	0	0	0	0	0	0	0	0	0	0	0	0	0	0	0	0	0	0	0	0	0	0	0	0	0	0	0	0	0	0	0	0	0	0	0	0	0	0	0	0	0	0	0	0	0	0	0	0	86	3	82	7	122	117	81	2	4	89	64	70	38	118	61	21	100	54	2	92	37	5	19	3	93	113	12	101	11	50	78	44	27	104	99	24	21	9
0	0	0	0	0	0	0	0	0	0	0	0	0	0	0	0	0	0	0	0	0	0	0	0	0	0	0	0	0	0	0	0	0	0	0	0	0	0	0	0	0	0	0	0	0	0	0	0	0	0	0	0	0	0	0	0	0	0	0	0	0	0	0	0	0	0	0	0	0	0	0	0	0	0	0	0	0	0	0	0	0	0	0	0	0	0	0	0	0	0	0	14	124	28	36	98	55	96	122	104	42	116	31	10	36	30	31	77	87	82	123	94	17	63	90	94	50	82	108	65	71	105	51	36	3	94	17	43
0	0	0	0	0	0	0	0	0	0	0	0	0	0	0	0	0	0	0	0	0	0	0	0	0	0	0	0	0	0	0	0	0	0	0	0	0	0	0	0	0	0	0	0	0	0	0	0	0	0	0	0	0	0	0	0	0	0	0	0	0	0	0	0	0	0	0	0	0	0	0	0	0	0	0	0	0	0	0	0	0	0	0	0	0	0	0	0	0	0	0	0	103	68	17	114	126	119	52	60	2	80	117	86	105	38	98	17	58	35	14	47	3	39	85	94	84	127	76	116	99	108	82	7	120	3	66	105
0	0	0	0	0	0	0	0	0	0	0	0	0	0	0	0	0	0	0	0	0	0	0	0	0	0	0	0	0	0	0	0	0	0	0	0	0	0	0	0	0	0	0	0	0	0	0	0	0	0	0	0	0	0	0	0	0	0	0	0	0	0	0	0	0	0	0	0	0	0	0	0	0	0	0	0	0	0	0	0	0	0	0	0	0	0	0	0	0	0	0	0	0	107	49	29	2	40	71	63	53	33	33	5	125	84	1	99	50	50	38	71	119	86	60	85	127	96	97	20	18	91	25	112	83	37	94	58
0	0	0	0	0	0	0	0	0	0	0	0	0	0	0	0	0	0	0	0	0	0	0	0	0	0	0	0	0	0	0	0	0	0	0	0	0	0	0	0	0	0	0	0	0	0	0	0	0	0	0	0	0	0	0	0	0	0	0	0	0	0	0	0	0	0	0	0	0	0	0	0	0	0	0	0	0	0	0	0	0	0	0	0	0	0	0	0	0	0	0	0	0	0	59	42	50	81	117	78	125	102	28	79	91	21	1	72	14	50	34	28	27	37	65	11	82	118	27	27	46	105	83	81	94	103	126	3
0	0	0	0	0	0	0	0	0	0	0	0	0	0	0	0	0	0	0	0	0	0	0	0	0	0	0	0	0	0	0	0	0	0	0	0	0	0	0	0	0	0	0	0	0	0	0	0	0	0	0	0	0	0	0	0	0	0	0	0	0	0	0	0	0	0	0	0	0	0	0	0	0	0	0	0	0	0	0	0	0	0	0	0	0	0	0	0	0	0	0	0	0	0	0	110	53	71	54	117	105	61	15	44	58	122	102	105	100	105	92	101	48	111	118	110	77	15	47	59	52	58	47	62	71	34	110	48
0	0	0	0	0	0	0	0	0	0	0	0	0	0	0	0	0	0	0	0	0	0	0	0	0	0	0	0	0	0	0	0	0	0	0	0	0	0	0	0	0	0	0	0	0	0	0	0	0	0	0	0	0	0	0	0	0	0	0	0	0	0	0	0	0	0	0	0	0	0	0	0	0	0	0	0	0	0	0	0	0	0	0	0	0	0	0	0	0	0	0	0	0	0	0	0	109	47	62	64	31	16	94	56	62	63	121	126	104	66	110	42	51	120	104	68	4	114	46	9	108	82	51	106	49	43	107	83
0	0	0	0	0	0	0	0	0	0	0	0	0	0	0	0	0	0	0	0	0	0	0	0	0	0	0	0	0	0	0	0	0	0	0	0	0	0	0	0	0	0	0	0	0	0	0	0	0	0	0	0	0	0	0	0	0	0	0	0	0	0	0	0	0	0	0	0	0	0	0	0	0	0	0	0	0	0	0	0	0	0	0	0	0	0	0	0	0	0	0	0	0	0	0	0	0	108	83	102	123	24	58	47	119	100	104	8	89	41	4	25	16	116	38	106	14	70	40	69	91	84	7	46	128	38	12	44
0	0	0	0	0	0	0	0	0	0	0	0	0	0	0	0	0	0	0	0	0	0	0	0	0	0	0	0	0	0	0	0	0	0	0	0	0	0	0	0	0	0	0	0	0	0	0	0	0	0	0	0	0	0	0	0	0	0	0	0	0	0	0	0	0	0	0	0	0	0	0	0	0	0	0	0	0	0	0	0	0	0	0	0	0	0	0	0	0	0	0	0	0	0	0	0	0	0	90	57	106	87	68	47	106	14	40	126	12	17	127	96	9	41	49	103	66	58	75	89	126	125	66	124	125	10	106	11
0	0	0	0	0	0	0	0	0	0	0	0	0	0	0	0	0	0	0	0	0	0	0	0	0	0	0	0	0	0	0	0	0	0	0	0	0	0	0	0	0	0	0	0	0	0	0	0	0	0	0	0	0	0	0	0	0	0	0	0	0	0	0	0	0	0	0	0	0	0	0	0	0	0	0	0	0	0	0	0	0	0	0	0	0	0	0	0	0	0	0	0	0	0	0	0	0	0	0	49	7	3	36	37	54	75	108	37	112	18	102	35	120	6	13	52	123	78	83	8	96	128	61	117	42	125	94	44
0	0	0	0	0	0	0	0	0	0	0	0	0	0	0	0	0	0	0	0	0	0	0	0	0	0	0	0	0	0	0	0	0	0	0	0	0	0	0	0	0	0	0	0	0	0	0	0	0	0	0	0	0	0	0	0	0	0	0	0	0	0	0	0	0	0	0	0	0	0	0	0	0	0	0	0	0	0	0	0	0	0	0	0	0	0	0	0	0	0	0	0	0	0	0	0	0	0	0	0	125	56	99	125	51	72	108	8	109	90	55	92	26	119	46	87	90	109	108	48	83	38	43	53	25	100	42	89
0	0	0	0	0	0	0	0	0	0	0	0	0	0	0	0	0	0	0	0	0	0	0	0	0	0	0	0	0	0	0	0	0	0	0	0	0	0	0	0	0	0	0	0	0	0	0	0	0	0	0	0	0	0	0	0	0	0	0	0	0	0	0	0	0	0	0	0	0	0	0	0	0	0	0	0	0	0	0	0	0	0	0	0	0	0	0	0	0	0	0	0	0	0	0	0	0	0	0	0	0	22	94	11	95	113	89	72	50	22	56	108	61	2	123	19	123	52	74	122	35	1	86	105	55	37	51	86
0	0	0	0	0	0	0	0	0	0	0	0	0	0	0	0	0	0	0	0	0	0	0	0	0	0	0	0	0	0	0	0	0	0	0	0	0	0	0	0	0	0	0	0	0	0	0	0	0	0	0	0	0	0	0	0	0	0	0	0	0	0	0	0	0	0	0	0	0	0	0	0	0	0	0	0	0	0	0	0	0	0	0	0	0	0	0	0	0	0	0	0	0	0	0	0	0	0	0	0	0	0	116	33	1	83	116	110	40	7	57	23	96	84	7	7	5	33	4	50	81	118	125	32	13	109	9	119
0	0	0	0	0	0	0	0	0	0	0	0	0	0	0	0	0	0	0	0	0	0	0	0	0	0	0	0	0	0	0	0	0	0	0	0	0	0	0	0	0	0	0	0	0	0	0	0	0	0	0	0	0	0	0	0	0	0	0	0	0	0	0	0	0	0	0	0	0	0	0	0	0	0	0	0	0	0	0	0	0	0	0	0	0	0	0	0	0	0	0	0	0	0	0	0	0	0	0	0	0	0	0	35	73	31	62	98	101	34	43	70	118	102	2	84	11	118	50	53	85	105	83	67	16	47	25	93
0	0	0	0	0	0	0	0	0	0	0	0	0	0	0	0	0	0	0	0	0	0	0	0	0	0	0	0	0	0	0	0	0	0	0	0	0	0	0	0	0	0	0	0	0	0	0	0	0	0	0	0	0	0	0	0	0	0	0	0	0	0	0	0	0	0	0	0	0	0	0	0	0	0	0	0	0	0	0	0	0	0	0	0	0	0	0	0	0	0	0	0	0	0	0	0	0	0	0	0	0	0	0	0	71	22	25	59	110	54	107	58	9	25	81	1	106	54	26	27	96	54	86	50	90	67	106	92
0	0	0	0	0	0	0	0	0	0	0	0	0	0	0	0	0	0	0	0	0	0	0	0	0	0	0	0	0	0	0	0	0	0	0	0	0	0	0	0	0	0	0	0	0	0	0	0	0	0	0	0	0	0	0	0	0	0	0	0	0	0	0	0	0	0	0	0	0	0	0	0	0	0	0	0	0	0	0	0	0	0	0	0	0	0	0	0	0	0	0	0	0	0	0	0	0	0	0	0	0	0	0	0	0	104	123	44	79	35	103	127	22	48	125	45	104	8	71	126	69	94	106	91	68	102	82	124
0	0	0	0	0	0	0	0	0	0	0	0	0	0	0	0	0	0	0	0	0	0	0	0	0	0	0	0	0	0	0	0	0	0	0	0	0	0	0	0	0	0	0	0	0	0	0	0	0	0	0	0	0	0	0	0	0	0	0	0	0	0	0	0	0	0	0	0	0	0	0	0	0	0	0	0	0	0	0	0	0	0	0	0	0	0	0	0	0	0	0	0	0	0	0	0	0	0	0	0	0	0	0	0	0	0	106	119	88	65	114	105	78	122	60	122	10	66	14	73	97	54	106	60	105	96	18	92
0	0	0	0	0	0	0	0	0	0	0	0	0	0	0	0	0	0	0	0	0	0	0	0	0	0	0	0	0	0	0	0	0	0	0	0	0	0	0	0	0	0	0	0	0	0	0	0	0	0	0	0	0	0	0	0	0	0	0	0	0	0	0	0	0	0	0	0	0	0	0	0	0	0	0	0	0	0	0	0	0	0	0	0	0	0	0	0	0	0	0	0	0	0	0	0	0	0	0	0	0	0	0	0	0	0	0	125	53	61	49	69	74	58	102	31	99	39	79	115	79	9	99	65	74	24	56	35
0	0	0	0	0	0	0	0	0	0	0	0	0	0	0	0	0	0	0	0	0	0	0	0	0	0	0	0	0	0	0	0	0	0	0	0	0	0	0	0	0	0	0	0	0	0	0	0	0	0	0	0	0	0	0	0	0	0	0	0	0	0	0	0	0	0	0	0	0	0	0	0	0	0	0	0	0	0	0	0	0	0	0	0	0	0	0	0	0	0	0	0	0	0	0	0	0	0	0	0	0	0	0	0	0	0	0	0	121	119	27	9	117	108	81	94	85	125	79	2	65	102	102	104	28	68	69	57
0	0	0	0	0	0	0	0	0	0	0	0	0	0	0	0	0	0	0	0	0	0	0	0	0	0	0	0	0	0	0	0	0	0	0	0	0	0	0	0	0	0	0	0	0	0	0	0	0	0	0	0	0	0	0	0	0	0	0	0	0	0	0	0	0	0	0	0	0	0	0	0	0	0	0	0	0	0	0	0	0	0	0	0	0	0	0	0	0	0	0	0	0	0	0	0	0	0	0	0	0	0	0	0	0	0	0	0	0	119	81	2	100	9	126	69	95	106	125	14	105	85	69	103	115	41	49	43
0	0	0	0	0	0	0	0	0	0	0	0	0	0	0	0	0	0	0	0	0	0	0	0	0	0	0	0	0	0	0	0	0	0	0	0	0	0	0	0	0	0	0	0	0	0	0	0	0	0	0	0	0	0	0	0	0	0	0	0	0	0	0	0	0	0	0	0	0	0	0	0	0	0	0	0	0	0	0	0	0	0	0	0	0	0	0	0	0	0	0	0	0	0	0	0	0	0	0	0	0	0	0	0	0	0	0	0	0	0	112	94	26	107	38	79	107	81	91	53	113	57	64	125	4	37	1	42
0	0	0	0	0	0	0	0	0	0	0	0	0	0	0	0	0	0	0	0	0	0	0	0	0	0	0	0	0	0	0	0	0	0	0	0	0	0	0	0	0	0	0	0	0	0	0	0	0	0	0	0	0	0	0	0	0	0	0	0	0	0	0	0	0	0	0	0	0	0	0	0	0	0	0	0	0	0	0	0	0	0	0	0	0	0	0	0	0	0	0	0	0	0	0	0	0	0	0	0	0	0	0	0	0	0	0	0	0	0	0	125	53	126	128	112	105	108	82	31	22	2	84	78	5	115	77	29
0	0	0	0	0	0	0	0	0	0	0	0	0	0	0	0	0	0	0	0	0	0	0	0	0	0	0	0	0	0	0	0	0	0	0	0	0	0	0	0	0	0	0	0	0	0	0	0	0	0	0	0	0	0	0	0	0	0	0	0	0	0	0	0	0	0	0	0	0	0	0	0	0	0	0	0	0	0	0	0	0	0	0	0	0	0	0	0	0	0	0	0	0	0	0	0	0	0	0	0	0	0	0	0	0	0	0	0	0	0	0	0	27	116	71	31	83	26	49	4	89	112	7	64	11	94	5	46
0	0	0	0	0	0	0	0	0	0	0	0	0	0	0	0	0	0	0	0	0	0	0	0	0	0	0	0	0	0	0	0	0	0	0	0	0	0	0	0	0	0	0	0	0	0	0	0	0	0	0	0	0	0	0	0	0	0	0	0	0	0	0	0	0	0	0	0	0	0	0	0	0	0	0	0	0	0	0	0	0	0	0	0	0	0	0	0	0	0	0	0	0	0	0	0	0	0	0	0	0	0	0	0	0	0	0	0	0	0	0	0	0	84	25	75	95	61	88	12	68	77	124	96	24	101	112	49
0	0	0	0	0	0	0	0	0	0	0	0	0	0	0	0	0	0	0	0	0	0	0	0	0	0	0	0	0	0	0	0	0	0	0	0	0	0	0	0	0	0	0	0	0	0	0	0	0	0	0	0	0	0	0	0	0	0	0	0	0	0	0	0	0	0	0	0	0	0	0	0	0	0	0	0	0	0	0	0	0	0	0	0	0	0	0	0	0	0	0	0	0	0	0	0	0	0	0	0	0	0	0	0	0	0	0	0	0	0	0	0	0	0	77	114	28	75	37	79	98	20	10	112	125	74	33	14
0	0	0	0	0	0	0	0	0	0	0	0	0	0	0	0	0	0	0	0	0	0	0	0	0	0	0	0	0	0	0	0	0	0	0	0	0	0	0	0	0	0	0	0	0	0	0	0	0	0	0	0	0	0	0	0	0	0	0	0	0	0	0	0	0	0	0	0	0	0	0	0	0	0	0	0	0	0	0	0	0	0	0	0	0	0	0	0	0	0	0	0	0	0	0	0	0	0	0	0	0	0	0	0	0	0	0	0	0	0	0	0	0	0	0	111	124	97	64	123	114	62	16	106	2	32	58	31
0	0	0	0	0	0	0	0	0	0	0	0	0	0	0	0	0	0	0	0	0	0	0	0	0	0	0	0	0	0	0	0	0	0	0	0	0	0	0	0	0	0	0	0	0	0	0	0	0	0	0	0	0	0	0	0	0	0	0	0	0	0	0	0	0	0	0	0	0	0	0	0	0	0	0	0	0	0	0	0	0	0	0	0	0	0	0	0	0	0	0	0	0	0	0	0	0	0	0	0	0	0	0	0	0	0	0	0	0	0	0	0	0	0	0	0	60	7	20	44	58	84	11	48	2	126	34	45
0	0	0	0	0	0	0	0	0	0	0	0	0	0	0	0	0	0	0	0	0	0	0	0	0	0	0	0	0	0	0	0	0	0	0	0	0	0	0	0	0	0	0	0	0	0	0	0	0	0	0	0	0	0	0	0	0	0	0	0	0	0	0	0	0	0	0	0	0	0	0	0	0	0	0	0	0	0	0	0	0	0	0	0	0	0	0	0	0	0	0	0	0	0	0	0	0	0	0	0	0	0	0	0	0	0	0	0	0	0	0	0	0	0	0	0	0	36	84	54	17	33	93	86	66	122	26	27
0	0	0	0	0	0	0	0	0	0	0	0	0	0	0	0	0	0	0	0	0	0	0	0	0	0	0	0	0	0	0	0	0	0	0	0	0	0	0	0	0	0	0	0	0	0	0	0	0	0	0	0	0	0	0	0	0	0	0	0	0	0	0	0	0	0	0	0	0	0	0	0	0	0	0	0	0	0	0	0	0	0	0	0	0	0	0	0	0	0	0	0	0	0	0	0	0	0	0	0	0	0	0	0	0	0	0	0	0	0	0	0	0	0	0	0	0	0	88	100	100	42	8	78	125	125	85	27
0	0	0	0	0	0	0	0	0	0	0	0	0	0	0	0	0	0	0	0	0	0	0	0	0	0	0	0	0	0	0	0	0	0	0	0	0	0	0	0	0	0	0	0	0	0	0	0	0	0	0	0	0	0	0	0	0	0	0	0	0	0	0	0	0	0	0	0	0	0	0	0	0	0	0	0	0	0	0	0	0	0	0	0	0	0	0	0	0	0	0	0	0	0	0	0	0	0	0	0	0	0	0	0	0	0	0	0	0	0	0	0	0	0	0	0	0	0	0	50	62	50	36	59	109	124	37	54
0	0	0	0	0	0	0	0	0	0	0	0	0	0	0	0	0	0	0	0	0	0	0	0	0	0	0	0	0	0	0	0	0	0	0	0	0	0	0	0	0	0	0	0	0	0	0	0	0	0	0	0	0	0	0	0	0	0	0	0	0	0	0	0	0	0	0	0	0	0	0	0	0	0	0	0	0	0	0	0	0	0	0	0	0	0	0	0	0	0	0	0	0	0	0	0	0	0	0	0	0	0	0	0	0	0	0	0	0	0	0	0	0	0	0	0	0	0	0	0	87	2	7	3	107	72	35	21
0	0	0	0	0	0	0	0	0	0	0	0	0	0	0	0	0	0	0	0	0	0	0	0	0	0	0	0	0	0	0	0	0	0	0	0	0	0	0	0	0	0	0	0	0	0	0	0	0	0	0	0	0	0	0	0	0	0	0	0	0	0	0	0	0	0	0	0	0	0	0	0	0	0	0	0	0	0	0	0	0	0	0	0	0	0	0	0	0	0	0	0	0	0	0	0	0	0	0	0	0	0	0	0	0	0	0	0	0	0	0	0	0	0	0	0	0	0	0	0	0	13	121	11	110	108	91	29
0	0	0	0	0	0	0	0	0	0	0	0	0	0	0	0	0	0	0	0	0	0	0	0	0	0	0	0	0	0	0	0	0	0	0	0	0	0	0	0	0	0	0	0	0	0	0	0	0	0	0	0	0	0	0	0	0	0	0	0	0	0	0	0	0	0	0	0	0	0	0	0	0	0	0	0	0	0	0	0	0	0	0	0	0	0	0	0	0	0	0	0	0	0	0	0	0	0	0	0	0	0	0	0	0	0	0	0	0	0	0	0	0	0	0	0	0	0	0	0	0	0	69	54	105	59	23	25
0	0	0	0	0	0	0	0	0	0	0	0	0	0	0	0	0	0	0	0	0	0	0	0	0	0	0	0	0	0	0	0	0	0	0	0	0	0	0	0	0	0	0	0	0	0	0	0	0	0	0	0	0	0	0	0	0	0	0	0	0	0	0	0	0	0	0	0	0	0	0	0	0	0	0	0	0	0	0	0	0	0	0	0	0	0	0	0	0	0	0	0	0	0	0	0	0	0	0	0	0	0	0	0	0	0	0	0	0	0	0	0	0	0	0	0	0	0	0	0	0	0	0	96	16	111	14	44
0	0	0	0	0	0	0	0	0	0	0	0	0	0	0	0	0	0	0	0	0	0	0	0	0	0	0	0	0	0	0	0	0	0	0	0	0	0	0	0	0	0	0	0	0	0	0	0	0	0	0	0	0	0	0	0	0	0	0	0	0	0	0	0	0	0	0	0	0	0	0	0	0	0	0	0	0	0	0	0	0	0	0	0	0	0	0	0	0	0	0	0	0	0	0	0	0	0	0	0	0	0	0	0	0	0	0	0	0	0	0	0	0	0	0	0	0	0	0	0	0	0	0	0	16	71	20	41
0	0	0	0	0	0	0	0	0	0	0	0	0	0	0	0	0	0	0	0	0	0	0	0	0	0	0	0	0	0	0	0	0	0	0	0	0	0	0	0	0	0	0	0	0	0	0	0	0	0	0	0	0	0	0	0	0	0	0	0	0	0	0	0	0	0	0	0	0	0	0	0	0	0	0	0	0	0	0	0	0	0	0	0	0	0	0	0	0	0	0	0	0	0	0	0	0	0	0	0	0	0	0	0	0	0	0	0	0	0	0	0	0	0	0	0	0	0	0	0	0	0	0	0	0	117	39	45
0	0	0	0	0	0	0	0	0	0	0	0	0	0	0	0	0	0	0	0	0	0	0	0	0	0	0	0	0	0	0	0	0	0	0	0	0	0	0	0	0	0	0	0	0	0	0	0	0	0	0	0	0	0	0	0	0	0	0	0	0	0	0	0	0	0	0	0	0	0	0	0	0	0	0	0	0	0	0	0	0	0	0	0	0	0	0	0	0	0	0	0	0	0	0	0	0	0	0	0	0	0	0	0	0	0	0	0	0	0	0	0	0	0	0	0	0	0	0	0	0	0	0	0	0	0	107	44
0	0	0	0	0	0	0	0	0	0	0	0	0	0	0	0	0	0	0	0	0	0	0	0	0	0	0	0	0	0	0	0	0	0	0	0	0	0	0	0	0	0	0	0	0	0	0	0	0	0	0	0	0	0	0	0	0	0	0	0	0	0	0	0	0	0	0	0	0	0	0	0	0	0	0	0	0	0	0	0	0	0	0	0	0	0	0	0	0	0	0	0	0	0	0	0	0	0	0	0	0	0	0	0	0	0	0	0	0	0	0	0	0	0	0	0	0	0	0	0	0	0	0	0	0	0	0	50
0	0	0	0	0	0	0	0	0	0	0	0	0	0	0	0	0	0	0	0	0	0	0	0	0	0	0	0	0	0	0	0	0	0	0	0	0	0	0	0	0	0	0	0	0	0	0	0	0	0	0	0	0	0	0	0	0	0	0	0	0	0	0	0	0	0	0	0	0	0	0	0	0	0	0	0	0	0	0	0	0	0	0	0	0	0	0	0	0	0	0	0	0	0	0	0	0	0	0	0	0	0	0	0	0	0	0	0	0	0	0	0	0	0	0	0	0	0	0	0	0	0	0	0	0	0	0	0