0	93	53	44	124	56	56	128	100	79	124	104	30	53	3	19	128	88	96	29	109	40	79	18	126	104	87	111	54	126	40	33	68	79	63	8	13	102	3	94	44	111	75	112	30	20	73	97	79	104	39	33	44	67	79	68	119	94	1	71	53	40	20	52	17	106	33	30	8	61	1	25	30	95	62	11	10	81	30	87	103	6	120	59	33	77	68	46	36	42	76	72	96	51	12	40	96	70	44	119	117	125	76	6	42	39	110	94	47	66	103	96	120	102	33	21	49	39	23	19	84	75	63	104	47	55	12	128
0	0	110	86	70	92	78	50	47	32	105	61	122	20	44	62	57	17	55	2	85	49	45	126	58	89	45	79	110	83	102	68	65	101	61	102	7	13	55	62	69	1	22	104	51	77	96	61	34	46	81	53	116	47	86	37	101	30	87	6	19	23	123	14	57	61	34	89	4	80	106	63	51	87	95	118	105	35	63	11	126	109	1	122	87	19	127	27	100	91	109	92	28	106	66	115	48	123	54	126	24	4	123	107	112	93	55	128	12	4	81	107	70	18	70	26	82	95	110	92	39	19	76	93	85	27	59	89
0	0	0	102	55	9	1	65	67	60	69	6	67	6	122	97	83	104	81	108	32	14	8	88	53	30	75	103	2	68	18	39	83	122	61	10	111	101	7	80	88	62	59	3	110	48	77	50	25	86	77	78	7	33	8	105	16	122	70	31	44	120	1	9	28	77	78	85	25	38	88	126	117	13	71	117	49	20	53	52	75	94	121	61	81	109	67	2	66	54	61	43	128	3	107	114	72	69	25	79	115	43	49	56	109	29	92	76	90	82	13	42	94	7	6	116	36	41	81	45	44	104	26	33	37	109	105	81
0	0	0	0	66	1	76	38	31	115	99	14	94	25	21	12	90	34	124	16	71	50	55	120	91	73	120	68	45	118	57	96	66	43	43	79	33	53	82	57	76	18	24	56	85	99	42	94	78	88	32	98	118	6	4	24	127	116	109	117	95	47	76	31	30	57	79	37	90	82	122	90	60	27	99	26	109	20	67	3	16	69	23	30	10	103	18	89	16	55	51	2	37	69	52	42	46	32	83	34	67	71	73	110	8	43	95	34	3	48	20	43	91	102	4	77	51	87	71	67	20	31	123	121	83	68	121	98
0	0	0	0	0	127	83	122	74	92	126	79	46	74	46	78	46	42	11	104	2	45	76	58	81	21	85	124	71	24	72	58	85	96	61	64	17	27	114	18	98	5	95	55	4	69	106	28	43	125	70	13	46	64	93	80	89	100	23	47	6	34	118	60	59	92	37	25	72	10	119	51	127	18	121	40	80	21	64	40	9	55	20	40	75	54	126	104	122	37	95	101	93	96	92	15	45	94	31	53	6	24	63	71	112	102	71	65	125	107	45	101	53	78	80	110	104	63	41	8	63	83	75	116	55	86	42	64
0	0	0	0	0	0	117	107	61	59	81	111	74	50	22	24	102	36	19	101	78	46	13	14	43	7	47	16	24	60	124	8	74	1	8	31	81	50	76	88	9	122	77	83	39	99	34	118	118	107	67	18	125	88	119	9	30	108	74	128	127	67	42	55	45	21	19	39	92	36	37	61	52	34	7	45	126	42	65	41	101	84	92	56	19	76	56	125	51	1	32	17	101	99	71	36	94	23	91	61	68	84	18	52	111	97	36	23	118	16	5	82	95	103	53	87	31	43	3	57	59	116	50	89	48	73	93	84
0	0	0	0	0	0	0	127	45	66	124	97	84	90	97	28	33	84	49	69	80	62	127	88	105	2	76	46	113	97	122	4	68	62	128	122	82	99	49	106	119	42	12	48	14	102	85	14	107	48	125	5	36	33	10	70	56	73	65	35	42	58	16	117	123	107	85	97	121	50	75	71	53	40	11	28	108	122	126	98	32	44	109	33	40	20	79	88	90	60	105	45	88	64	112	116	114	59	84	9	55	74	70	38	45	23	44	6	5	60	47	112	103	79	23	125	13	128	29	103	70	66	100	126	3	124	30	85
0	0	0	0	0	0	0	0	105	36	17	39	7	127	50	57	13	36	14	38	125	28	87	84	89	11	54	45	68	96	79	11	21	50	108	80	63	69	52	37	33	91	90	16	95	36	69	3	11	109	6	29	60	115	17	6	102	44	55	12	66	104	95	35	7	38	125	125	109	120	27	101	103	92	60	46	54	22	27	55	104	9	95	35	50	57	17	104	2	10	71	69	119	14	107	96	18	8	56	61	15	23	122	32	32	14	126	99	90	14	112	95	63	16	89	85	37	68	116	3	7	18	6	15	35	119	51	96
0	0	0	0	0	0	0	0	0	94	23	18	45	52	33	69	26	128	77	29	117	115	68	70	123	54	43	39	23	83	55	18	14	42	45	5	80	12	14	49	62	95	22	34	90	22	18	86	91	109	76	28	93	10	47	51	89	10	51	39	19	84	37	90	120	75	58	13	62	66	127	100	35	69	50	117	81	21	79	39	86	33	115	11	97	70	122	101	105	102	42	14	48	63	98	106	89	47	100	49	16	84	5	76	108	76	124	21	87	69	75	99	28	98	46	86	22	99	43	72	9	71	105	62	125	107	43	72
0	0	0	0	0	0	0	0	0	0	10	37	68	61	97	64	24	22	56	123	95	108	91	119	110	126	100	59	10	117	66	96	11	15	108	49	121	38	47	69	60	124	16	99	56	39	109	85	71	103	31	25	111	24	28	98	48	25	77	112	28	32	119	4	116	54	4	80	108	37	19	124	61	85	70	35	36	41	86	62	83	12	84	117	118	46	73	20	85	98	72	74	59	70	82	13	92	40	77	70	103	107	35	86	102	22	118	58	6	40	77	121	45	83	36	110	128	67	116	32	57	92	2	84	116	96	121	79
0	0	0	0	0	0	0	0	0	0	0	27	87	63	55	11	29	1	8	69	13	96	96	6	128	1	75	9	117	15	16	21	59	102	73	56	108	29	75	72	66	109	61	125	51	15	106	99	72	98	121	78	5	80	87	6	104	38	68	33	71	84	50	35	97	27	24	10	1	69	37	43	53	40	60	50	121	61	113	27	119	122	105	75	62	41	67	46	88	15	42	71	6	63	76	54	81	77	88	114	93	38	124	41	25	80	77	72	58	73	1	102	29	74	83	74	106	106	104	40	32	28	68	104	6	19	128	14
0	0	0	0	0	0	0	0	0	0	0	0	3	113	7	41	34	41	42	76	93	127	71	46	11	49	96	110	62	23	54	42	121	80	25	63	88	60	45	9	36	64	9	62	46	100	28	128	86	32	32	6	105	126	26	14	43	93	123	42	128	85	25	99	71	30	97	105	56	63	57	31	101	119	101	42	37	17	70	50	70	102	123	25	124	112	98	5	79	105	117	122	25	63	61	78	114	47	47	100	98	44	115	97	44	72	125	92	30	128	86	101	11	112	7	107	6	26	123	103	99	99	108	79	39	51	29	61
0	0	0	0	0	0	0	0	0	0	0	0	0	83	5	26	33	118	88	65	121	30	6	37	30	125	29	123	5	109	10	79	40	88	106	19	101	104	127	3	48	15	69	7	50	19	87	110	79	35	23	32	58	84	23	83	106	59	110	88	114	113	98	44	2	92	22	107	47	39	54	83	93	125	2	84	125	91	25	55	11	119	77	7	83	115	49	39	30	83	97	27	50	52	69	7	12	119	15	4	101	27	24	1	43	29	18	20	34	90	125	125	10	41	100	95	11	25	38	5	22	27	57	116	77	66	30	102
0	0	0	0	0	0	0	0	0	0	0	0	0	0	22	42	8	73	82	83	41	15	21	51	96	117	72	75	125	121	116	26	110	30	79	33	118	27	112	32	33	74	38	100	74	84	82	103	77	99	116	88	64	59	79	100	29	118	25	18	119	82	107	91	87	85	66	102	15	115	124	81	120	42	107	29	33	10	112	125	9	55	77	30	73	18	75	50	82	126	34	38	126	35	15	91	19	77	112	37	34	123	31	92	89	116	16	31	35	1	76	32	89	83	62	55	37	23	98	127	16	45	85	32	127	100	10	60
0	0	0	0	0	0	0	0	0	0	0	0	0	0	0	7	34	63	72	40	104	50	58	90	77	101	104	95	96	107	15	61	21	107	34	117	41	72	116	78	4	1	89	112	87	127	30	31	86	4	83	89	25	19	66	60	67	100	56	123	7	29	28	115	4	70	20	74	50	92	1	123	23	112	12	104	56	44	53	74	80	126	31	78	38	41	67	32	68	54	64	39	71	89	105	127	105	27	21	16	46	82	88	16	45	89	18	61	76	60	33	106	36	33	52	30	69	125	44	62	32	72	119	65	7	37	101	35
0	0	0	0	0	0	0	0	0	0	0	0	0	0	0	0	62	12	47	58	34	6	119	58	16	22	111	125	84	16	55	21	88	10	100	98	88	65	84	11	86	31	36	31	11	13	118	25	116	20	92	103	88	9	105	61	33	95	118	72	28	42	120	13	71	24	33	11	125	71	5	56	97	95	112	17	123	77	95	69	108	91	3	60	45	14	122	100	95	20	49	13	106	57	21	94	122	38	3	88	82	22	45	117	36	48	94	63	25	64	27	127	110	105	56	25	90	19	5	78	51	113	119	50	85	126	68	51
0	0	0	0	0	0	0	0	0	0	0	0	0	0	0	0	0	22	20	20	22	43	76	128	68	44	5	35	21	65	32	66	60	127	81	45	57	36	49	73	1	84	81	43	88	43	22	13	63	13	50	125	115	36	113	96	79	22	26	48	93	43	71	52	20	71	94	6	5	16	30	33	122	10	15	114	85	87	128	109	55	69	17	11	16	8	24	45	101	54	95	36	24	114	16	50	77	52	21	38	49	14	17	107	12	51	12	103	119	104	98	53	117	12	59	90	82	107	60	3	50	61	110	23	109	92	60	56
0	0	0	0	0	0	0	0	0	0	0	0	0	0	0	0	0	0	123	5	5	38	99	28	85	64	22	24	64	40	115	20	31	84	101	54	24	116	1	68	74	58	30	64	77	50	14	27	97	123	111	21	90	118	10	3	79	70	63	107	32	111	104	119	105	108	47	119	1	116	53	11	6	95	22	88	8	100	4	121	1	28	100	98	37	124	38	8	47	96	79	14	114	16	78	23	94	23	48	65	96	105	105	69	65	57	73	100	36	26	16	10	40	72	48	46	60	105	64	58	39	46	118	121	68	42	107	11
0	0	0	0	0	0	0	0	0	0	0	0	0	0	0	0	0	0	0	64	89	33	112	67	111	24	87	35	105	1	16	37	95	53	96	91	95	92	124	9	19	88	58	106	22	23	12	64	61	29	57	79	40	60	46	47	55	102	116	27	69	124	97	4	41	18	57	122	16	7	67	106	45	39	44	27	31	54	2	10	91	8	98	28	120	105	73	40	83	109	109	115	103	59	123	27	27	96	71	46	81	45	1	20	55	62	66	104	29	70	125	14	75	48	59	28	42	3	10	11	97	58	90	16	18	2	96	65
0	0	0	0	0	0	0	0	0	0	0	0	0	0	0	0	0	0	0	0	113	119	5	93	66	69	25	34	125	115	44	59	76	98	128	114	16	71	106	62	114	125	109	30	102	73	63	119	52	25	20	72	45	112	75	84	5	68	43	20	53	30	34	17	114	43	67	99	112	123	26	29	53	50	69	55	80	75	90	112	42	2	108	6	46	35	28	80	81	113	57	25	46	109	114	53	37	50	53	51	80	30	70	121	62	94	98	37	10	107	11	32	118	26	29	3	32	17	42	84	21	40	37	8	47	125	108	45
0	0	0	0	0	0	0	0	0	0	0	0	0	0	0	0	0	0	0	0	0	97	83	125	62	12	53	63	90	66	109	100	3	3	6	118	39	8	95	95	63	85	104	80	113	82	13	93	45	82	57	60	10	67	106	77	27	55	31	36	71	67	45	101	103	42	70	110	12	110	19	112	122	39	109	119	48	85	97	28	59	47	80	90	81	102	75	124	65	26	56	27	68	94	54	92	87	115	26	88	88	29	54	102	34	31	102	114	119	55	103	106	5	75	62	83	68	8	59	119	36	114	24	112	37	100	117	118
0	0	0	0	0	0	0	0	0	0	0	0	0	0	0	0	0	0	0	0	0	0	14	89	28	51	83	71	35	101	113	23	121	22	100	86	105	59	40	120	29	6	46	93	99	79	67	79	34	110	105	93	92	49	52	36	55	127	114	82	44	82	14	58	122	85	92	115	71	29	9	20	29	86	75	47	15	111	120	19	127	19	103	38	23	49	74	44	32	21	126	88	73	76	23	38	31	73	52	61	5	56	43	96	5	120	40	100	54	108	38	18	12	79	107	127	110	104	73	39	72	14	88	2	52	126	83	96
0	0	0	0	0	0	0	0	0	0	0	0	0	0	0	0	0	0	0	0	0	0	0	95	31	94	41	101	55	117	16	109	123	115	50	120	9	77	1	9	120	56	126	29	12	7	114	67	23	69	4	59	94	15	121	64	97	54	4	59	65	16	69	66	30	29	103	113	7	89	87	127	12	119	3	86	78	20	101	109	78	100	74	37	67	11	39	98	49	74	106	103	77	124	32	107	53	116	78	25	64	23	113	68	41	45	34	53	40	36	127	117	109	35	88	12	67	79	80	78	75	123	72	66	31	1	102	6
0	0	0	0	0	0	0	0	0	0	0	0	0	0	0	0	0	0	0	0	0	0	0	0	70	115	102	51	96	2	121	90	22	44	107	56	83	19	26	100	125	59	43	86	38	63	32	25	25	85	124	124	127	60	59	4	100	78	91	75	126	55	87	80	73	33	66	95	106	116	118	89	25	52	97	55	60	115	4	64	3	25	34	63	14	38	9	38	78	5	40	3	109	19	83	106	71	58	95	20	8	55	95	96	73	9	48	108	85	127	95	103	19	64	22	48	32	28	87	121	40	119	53	12	75	71	54	109
0	0	0	0	0	0	0	0	0	0	0	0	0	0	0	0	0	0	0	0	0	0	0	0	0	25	103	98	49	80	122	29	117	81	80	13	64	102	13	125	29	45	73	110	63	3	68	91	38	48	34	89	110	15	86	44	15	36	88	97	17	128	105	106	70	73	41	36	40	29	69	100	1	34	58	47	73	63	89	13	43	108	43	112	33	125	14	87	90	5	30	102	64	101	59	18	95	14	28	26	44	120	128	102	63	3	125	56	110	55	29	38	94	41	75	1	87	32	38	110	7	24	5	115	109	11	35	13
0	0	0	0	0	0	0	0	0	0	0	0	0	0	0	0	0	0	0	0	0	0	0	0	0	0	49	128	109	124	57	98	55	115	113	25	18	83	29	64	69	70	52	72	65	124	100	5	114	102	120	74	67	42	64	125	38	97	3	96	18	17	29	50	51	1	9	53	59	28	34	71	5	90	42	31	10	104	126	83	108	19	60	119	40	20	27	94	4	56	56	128	35	84	6	69	22	90	111	88	1	9	74	128	12	68	86	41	99	68	100	119	114	79	60	46	87	127	82	63	2	78	18	105	125	91	128	66
0	0	0	0	0	0	0	0	0	0	0	0	0	0	0	0	0	0	0	0	0	0	0	0	0	0	0	97	53	37	48	47	85	23	106	81	19	30	4	45	55	69	44	25	40	61	95	107	87	114	126	57	7	7	92	38	85	128	80	4	22	123	30	45	128	6	15	14	40	108	97	52	99	96	68	83	8	77	15	26	104	59	18	47	120	123	104	43	95	103	48	47	53	112	38	70	25	74	87	62	95	7	32	71	63	2	10	112	56	74	19	20	33	28	35	124	62	39	48	45	28	94	20	17	24	24	91	69
0	0	0	0	0	0	0	0	0	0	0	0	0	0	0	0	0	0	0	0	0	0	0	0	0	0	0	0	33	4	108	112	76	17	61	5	124	120	125	39	108	100	109	6	55	27	89	49	10	20	15	40	96	3	122	110	112	77	91	94	44	78	86	96	26	98	47	126	44	89	105	25	110	121	70	61	106	55	3	114	59	126	76	105	80	80	18	83	3	75	46	38	32	80	54	55	60	59	128	18	50	107	94	14	18	73	120	50	31	6	82	27	54	127	33	14	82	1	84	23	64	14	7	77	116	54	69	10
0	0	0	0	0	0	0	0	0	0	0	0	0	0	0	0	0	0	0	0	0	0	0	0	0	0	0	0	0	81	104	12	75	48	104	47	54	93	127	28	35	2	99	25	18	114	54	62	115	72	96	126	11	70	98	7	112	52	65	51	101	126	117	123	96	38	43	101	77	70	41	84	54	97	11	53	46	49	45	12	111	112	27	51	26	96	25	111	23	48	18	26	102	1	105	77	86	59	75	98	14	104	21	115	57	45	119	115	26	30	23	91	114	48	34	29	30	96	60	88	24	17	94	17	26	118	92	113
0	0	0	0	0	0	0	0	0	0	0	0	0	0	0	0	0	0	0	0	0	0	0	0	0	0	0	0	0	0	36	87	127	88	7	26	112	112	8	28	27	46	55	110	34	110	15	47	52	37	121	97	126	32	80	117	19	55	36	34	49	128	85	67	76	40	58	50	107	121	123	105	34	50	35	8	85	61	49	110	59	71	57	90	107	103	88	55	19	65	88	76	114	97	109	22	78	84	52	4	118	28	87	51	99	65	99	31	15	75	51	90	96	88	98	3	79	83	124	126	122	48	88	99	85	35	117	3
0	0	0	0	0	0	0	0	0	0	0	0	0	0	0	0	0	0	0	0	0	0	0	0	0	0	0	0	0	0	0	2	118	25	13	64	76	95	61	126	44	68	51	125	80	86	5	59	115	54	115	93	32	118	77	46	8	93	65	44	2	54	8	101	76	53	64	6	104	15	72	63	59	40	98	55	77	17	48	23	97	28	8	42	71	18	17	40	40	75	29	52	15	46	14	52	94	35	86	118	86	113	76	40	94	100	2	123	6	1	100	113	96	100	68	38	32	32	30	78	118	43	119	63	3	9	93	11
0	0	0	0	0	0	0	0	0	0	0	0	0	0	0	0	0	0	0	0	0	0	0	0	0	0	0	0	0	0	0	0	49	62	121	37	1	44	98	125	30	43	53	99	112	54	21	19	40	1	127	43	55	65	90	67	74	24	98	77	57	121	85	101	49	74	14	105	79	37	97	112	108	39	63	119	120	2	47	62	97	59	55	85	36	74	103	74	72	63	26	86	108	26	38	45	40	107	49	16	108	81	71	63	51	75	109	10	22	61	118	27	111	37	42	33	112	44	112	107	90	43	47	69	81	20	7	27
0	0	0	0	0	0	0	0	0	0	0	0	0	0	0	0	0	0	0	0	0	0	0	0	0	0	0	0	0	0	0	0	0	12	118	116	75	17	19	45	50	121	12	37	81	18	114	104	2	87	32	64	6	109	102	68	124	125	83	128	124	56	75	80	50	28	109	104	21	56	1	99	8	15	9	15	16	27	6	115	72	32	87	47	63	92	72	5	53	53	16	17	18	44	126	48	51	120	106	74	2	76	40	86	43	13	29	116	74	120	27	34	53	84	60	25	46	102	3	74	110	8	5	106	62	54	89	19
0	0	0	0	0	0	0	0	0	0	0	0	0	0	0	0	0	0	0	0	0	0	0	0	0	0	0	0	0	0	0	0	0	0	40	41	46	52	47	54	18	100	30	28	19	41	78	100	108	103	115	29	59	116	97	31	9	81	114	125	55	97	101	70	81	41	92	40	70	88	5	12	71	123	62	42	99	67	27	126	17	125	57	97	77	87	123	8	96	124	14	14	46	111	8	93	128	5	123	63	67	85	44	88	23	57	62	71	104	44	57	24	18	44	36	82	62	9	123	12	31	89	47	102	35	86	42	7
0	0	0	0	0	0	0	0	0	0	0	0	0	0	0	0	0	0	0	0	0	0	0	0	0	0	0	0	0	0	0	0	0	0	0	114	18	120	92	101	104	50	46	41	19	85	22	32	126	124	44	118	86	91	14	61	4	15	32	35	50	124	114	26	107	105	93	88	5	109	9	122	43	38	70	54	67	15	22	92	24	81	108	73	112	126	51	128	35	8	6	68	8	85	64	96	32	71	28	21	14	26	58	57	104	6	123	96	26	90	53	2	23	36	25	70	7	116	6	91	71	36	30	27	102	122	71	87
0	0	0	0	0	0	0	0	0	0	0	0	0	0	0	0	0	0	0	0	0	0	0	0	0	0	0	0	0	0	0	0	0	0	0	0	3	65	127	1	21	84	58	47	123	84	118	71	12	49	38	84	97	126	10	28	26	61	36	50	28	67	3	100	81	28	68	39	75	103	92	8	27	113	30	107	30	26	85	14	38	76	98	97	57	80	68	103	87	70	61	48	118	36	47	91	84	82	104	16	121	38	57	30	37	107	22	74	75	25	87	99	117	6	102	44	73	78	37	118	65	48	59	33	77	73	83	72
0	0	0	0	0	0	0	0	0	0	0	0	0	0	0	0	0	0	0	0	0	0	0	0	0	0	0	0	0	0	0	0	0	0	0	0	0	10	36	71	34	34	39	115	115	70	20	102	9	83	22	19	11	104	107	27	10	95	25	41	44	40	121	124	35	81	49	104	30	100	106	54	64	1	119	44	66	56	7	66	22	39	109	25	90	32	81	29	17	84	46	46	123	109	9	41	30	73	94	32	32	12	39	112	61	42	123	116	109	94	48	109	70	8	69	57	5	9	65	112	113	113	74	106	125	75	127	12
0	0	0	0	0	0	0	0	0	0	0	0	0	0	0	0	0	0	0	0	0	0	0	0	0	0	0	0	0	0	0	0	0	0	0	0	0	0	124	118	29	72	110	18	99	4	64	10	123	9	96	89	10	50	101	84	113	115	108	32	21	30	49	107	127	114	90	100	111	13	97	85	54	37	94	75	62	88	104	36	106	70	32	42	40	71	74	103	28	73	114	3	25	32	5	68	48	29	46	106	72	60	85	27	126	93	99	76	18	19	92	44	126	15	123	24	76	88	62	81	45	71	80	89	97	50	47	8
0	0	0	0	0	0	0	0	0	0	0	0	0	0	0	0	0	0	0	0	0	0	0	0	0	0	0	0	0	0	0	0	0	0	0	0	0	0	0	103	128	35	32	88	109	5	22	2	70	127	107	30	114	14	4	83	29	98	80	115	74	109	51	77	45	1	41	44	62	54	39	20	97	22	47	61	71	33	68	25	102	23	124	14	77	126	111	27	28	25	96	36	105	52	17	22	72	98	120	98	79	35	9	107	93	45	79	74	37	128	80	94	49	26	56	3	114	58	52	122	93	94	90	96	107	101	101	127
0	0	0	0	0	0	0	0	0	0	0	0	0	0	0	0	0	0	0	0	0	0	0	0	0	0	0	0	0	0	0	0	0	0	0	0	0	0	0	0	70	54	31	65	30	118	30	84	22	7	87	72	2	15	81	59	81	9	57	52	31	117	127	48	82	103	28	126	30	71	35	80	17	37	108	14	99	101	9	19	33	119	8	53	108	94	43	95	25	85	29	114	27	120	86	35	110	16	128	62	82	72	46	122	121	40	88	110	42	29	85	118	104	62	73	26	107	125	98	88	46	78	99	70	114	85	5	26
0	0	0	0	0	0	0	0	0	0	0	0	0	0	0	0	0	0	0	0	0	0	0	0	0	0	0	0	0	0	0	0	0	0	0	0	0	0	0	0	0	7	59	22	74	57	97	21	6	19	100	100	106	13	2	73	116	3	102	96	80	28	33	107	98	4	31	98	2	110	34	70	8	101	122	23	107	95	24	18	35	109	107	123	54	93	97	29	32	56	79	22	11	107	83	72	53	15	47	34	65	96	57	123	46	99	88	23	59	116	1	47	24	118	125	10	65	64	120	33	119	52	58	21	116	128	91	98
0	0	0	0	0	0	0	0	0	0	0	0	0	0	0	0	0	0	0	0	0	0	0	0	0	0	0	0	0	0	0	0	0	0	0	0	0	0	0	0	0	0	18	77	2	117	87	14	95	34	102	84	60	79	79	70	100	128	85	21	93	101	39	58	65	67	85	80	81	101	98	74	78	1	119	56	42	52	42	114	60	25	43	122	7	74	25	102	92	40	70	67	15	44	68	35	4	107	91	86	53	25	95	91	82	30	9	47	70	35	67	125	5	128	116	16	88	6	104	95	70	74	73	11	71	41	97	36
0	0	0	0	0	0	0	0	0	0	0	0	0	0	0	0	0	0	0	0	0	0	0	0	0	0	0	0	0	0	0	0	0	0	0	0	0	0	0	0	0	0	0	104	6	121	72	94	40	60	28	11	94	12	39	116	69	79	7	31	40	70	93	97	109	28	34	26	12	40	88	10	38	95	42	81	42	38	84	36	90	69	1	106	78	16	50	35	97	14	65	59	3	92	97	33	88	22	94	58	12	36	42	34	76	6	63	124	45	76	24	104	125	110	88	94	10	94	82	25	9	110	97	74	28	16	89	17
0	0	0	0	0	0	0	0	0	0	0	0	0	0	0	0	0	0	0	0	0	0	0	0	0	0	0	0	0	0	0	0	0	0	0	0	0	0	0	0	0	0	0	0	69	25	64	64	117	27	38	111	94	76	7	109	99	11	84	32	84	75	68	45	53	30	28	2	105	16	81	126	16	108	4	71	20	61	73	95	14	93	39	109	34	8	46	14	111	68	87	21	31	18	107	25	51	86	93	52	85	110	59	119	64	62	85	124	80	52	86	89	100	24	48	46	34	28	40	69	83	70	45	73	79	88	113	49
0	0	0	0	0	0	0	0	0	0	0	0	0	0	0	0	0	0	0	0	0	0	0	0	0	0	0	0	0	0	0	0	0	0	0	0	0	0	0	0	0	0	0	0	0	123	84	95	29	94	7	117	128	7	120	9	62	65	6	86	85	31	4	114	33	66	109	84	50	108	96	99	83	42	45	72	90	109	113	60	96	75	117	4	92	44	115	2	15	106	35	126	97	78	97	125	52	40	103	51	43	80	102	128	74	6	61	60	89	75	4	112	115	78	44	123	73	79	24	54	99	11	65	39	83	36	127	116
0	0	0	0	0	0	0	0	0	0	0	0	0	0	0	0	0	0	0	0	0	0	0	0	0	0	0	0	0	0	0	0	0	0	0	0	0	0	0	0	0	0	0	0	0	0	64	48	84	116	13	87	54	126	80	125	49	69	27	15	90	45	12	26	27	3	88	13	74	62	50	115	92	93	110	39	67	63	19	111	65	79	14	112	86	76	26	73	54	77	99	30	37	47	36	126	126	120	5	77	80	110	110	69	78	59	110	84	65	25	67	117	43	20	97	46	66	107	124	99	51	109	68	121	6	84	60	9
0	0	0	0	0	0	0	0	0	0	0	0	0	0	0	0	0	0	0	0	0	0	0	0	0	0	0	0	0	0	0	0	0	0	0	0	0	0	0	0	0	0	0	0	0	0	0	100	108	74	2	94	117	42	120	16	72	53	62	56	37	74	60	6	33	82	30	33	120	44	67	112	24	101	6	18	61	53	46	122	109	3	24	25	116	57	30	48	92	100	77	116	93	77	8	81	71	53	14	59	124	24	57	71	28	15	43	92	62	126	12	17	98	84	27	34	118	95	63	45	60	44	95	57	25	126	14	7
0	0	0	0	0	0	0	0	0	0	0	0	0	0	0	0	0	0	0	0	0	0	0	0	0	0	0	0	0	0	0	0	0	0	0	0	0	0	0	0	0	0	0	0	0	0	0	0	43	110	35	42	97	33	59	24	111	5	117	69	50	113	104	123	92	32	21	48	123	41	20	65	118	107	56	121	62	82	4	52	105	119	64	126	120	46	68	50	4	79	26	85	41	46	105	73	54	126	42	23	128	2	125	112	103	10	11	125	112	88	114	85	3	71	63	38	3	100	118	107	126	123	81	7	45	96	93	46
0	0	0	0	0	0	0	0	0	0	0	0	0	0	0	0	0	0	0	0	0	0	0	0	0	0	0	0	0	0	0	0	0	0	0	0	0	0	0	0	0	0	0	0	0	0	0	0	0	94	115	34	9	17	5	73	15	118	11	118	77	56	77	118	36	105	83	25	15	93	122	104	54	61	40	75	85	97	79	17	82	113	33	111	102	83	101	92	66	69	95	43	45	124	45	41	119	118	102	57	109	56	22	8	35	67	102	55	72	127	22	20	120	107	100	111	40	75	50	67	86	99	58	51	106	78	23	36
0	0	0	0	0	0	0	0	0	0	0	0	0	0	0	0	0	0	0	0	0	0	0	0	0	0	0	0	0	0	0	0	0	0	0	0	0	0	0	0	0	0	0	0	0	0	0	0	0	0	105	114	104	114	99	93	98	37	125	69	104	112	49	26	41	14	6	106	110	4	106	66	82	92	40	106	75	68	94	76	69	21	73	61	49	82	61	99	8	97	101	65	71	45	71	101	106	30	23	99	107	114	116	31	88	127	95	34	91	111	127	54	82	48	110	85	68	98	116	92	20	93	22	33	23	105	16	102
0	0	0	0	0	0	0	0	0	0	0	0	0	0	0	0	0	0	0	0	0	0	0	0	0	0	0	0	0	0	0	0	0	0	0	0	0	0	0	0	0	0	0	0	0	0	0	0	0	0	0	96	40	104	84	96	47	107	18	121	34	14	33	110	71	52	126	65	93	95	58	99	94	90	42	87	44	31	37	15	59	9	51	95	26	28	41	14	115	73	14	88	54	83	95	96	11	109	116	109	58	18	85	114	71	59	57	22	79	82	119	45	4	48	56	88	120	97	6	69	89	83	19	16	69	61	49	121
0	0	0	0	0	0	0	0	0	0	0	0	0	0	0	0	0	0	0	0	0	0	0	0	0	0	0	0	0	0	0	0	0	0	0	0	0	0	0	0	0	0	0	0	0	0	0	0	0	0	0	0	69	100	25	122	7	107	61	7	105	114	73	42	6	65	84	65	98	116	104	40	127	33	82	4	7	30	110	22	122	119	25	73	16	65	90	81	117	72	79	6	26	36	125	70	16	30	30	32	121	66	71	30	79	98	31	34	36	17	92	125	73	73	91	66	90	11	13	22	25	121	56	43	34	6	106	49
0	0	0	0	0	0	0	0	0	0	0	0	0	0	0	0	0	0	0	0	0	0	0	0	0	0	0	0	0	0	0	0	0	0	0	0	0	0	0	0	0	0	0	0	0	0	0	0	0	0	0	0	0	124	50	116	98	57	20	113	114	61	91	35	98	122	107	42	26	118	69	60	15	20	71	20	23	21	56	105	121	43	29	72	66	43	95	111	101	115	41	123	104	97	8	119	64	63	7	117	16	3	105	40	100	77	29	113	109	35	75	62	117	105	120	9	115	85	66	51	88	103	79	32	126	63	63	103
0	0	0	0	0	0	0	0	0	0	0	0	0	0	0	0	0	0	0	0	0	0	0	0	0	0	0	0	0	0	0	0	0	0	0	0	0	0	0	0	0	0	0	0	0	0	0	0	0	0	0	0	0	0	83	126	99	21	88	1	118	125	62	86	44	118	33	95	113	120	76	127	52	120	89	40	16	37	58	95	19	56	5	93	56	9	55	114	20	106	34	10	68	8	16	102	44	21	93	60	21	127	80	126	61	78	107	53	111	5	3	127	124	16	18	54	13	42	124	87	58	38	56	62	127	58	46	76
0	0	0	0	0	0	0	0	0	0	0	0	0	0	0	0	0	0	0	0	0	0	0	0	0	0	0	0	0	0	0	0	0	0	0	0	0	0	0	0	0	0	0	0	0	0	0	0	0	0	0	0	0	0	0	14	84	126	10	35	69	42	15	27	121	28	51	65	50	28	72	16	33	38	7	78	35	79	45	21	36	59	50	99	55	69	24	76	109	105	66	68	118	77	111	121	112	112	47	113	12	31	65	75	87	107	87	64	8	37	55	124	86	96	100	86	3	24	35	27	115	45	8	107	2	23	36	47
0	0	0	0	0	0	0	0	0	0	0	0	0	0	0	0	0	0	0	0	0	0	0	0	0	0	0	0	0	0	0	0	0	0	0	0	0	0	0	0	0	0	0	0	0	0	0	0	0	0	0	0	0	0	0	0	89	76	7	92	52	40	9	27	39	119	112	93	104	58	48	67	61	105	116	23	65	50	126	122	57	65	96	24	1	115	125	86	124	79	102	31	122	34	32	24	77	76	46	116	111	94	88	87	74	51	101	13	34	119	35	104	46	111	30	30	110	4	105	89	97	49	124	110	35	8	67	17
0	0	0	0	0	0	0	0	0	0	0	0	0	0	0	0	0	0	0	0	0	0	0	0	0	0	0	0	0	0	0	0	0	0	0	0	0	0	0	0	0	0	0	0	0	0	0	0	0	0	0	0	0	0	0	0	0	45	93	66	118	103	120	1	90	127	114	54	70	8	123	95	97	86	80	63	60	47	90	8	51	125	38	94	92	20	8	94	86	42	39	4	28	3	17	18	112	68	61	24	7	116	61	12	98	65	28	105	113	103	107	106	42	92	83	14	51	36	84	18	88	16	67	118	79	56	5	45
0	0	0	0	0	0	0	0	0	0	0	0	0	0	0	0	0	0	0	0	0	0	0	0	0	0	0	0	0	0	0	0	0	0	0	0	0	0	0	0	0	0	0	0	0	0	0	0	0	0	0	0	0	0	0	0	0	0	64	43	72	59	61	52	41	109	54	125	47	18	41	30	75	120	7	9	120	100	50	4	20	90	60	106	97	37	65	121	52	13	47	100	1	119	126	40	112	124	51	79	116	45	68	73	39	105	120	36	101	23	37	112	94	37	16	95	45	74	39	91	7	94	78	111	37	102	92	56
0	0	0	0	0	0	0	0	0	0	0	0	0	0	0	0	0	0	0	0	0	0	0	0	0	0	0	0	0	0	0	0	0	0	0	0	0	0	0	0	0	0	0	0	0	0	0	0	0	0	0	0	0	0	0	0	0	0	0	98	76	118	88	48	3	31	70	33	54	109	109	90	51	63	13	126	14	57	63	5	106	80	75	112	77	44	8	97	36	50	73	7	27	19	89	21	59	69	56	29	111	48	18	85	81	38	4	63	1	36	7	14	24	18	86	53	109	102	47	100	64	14	33	68	116	100	93	11
0	0	0	0	0	0	0	0	0	0	0	0	0	0	0	0	0	0	0	0	0	0	0	0	0	0	0	0	0	0	0	0	0	0	0	0	0	0	0	0	0	0	0	0	0	0	0	0	0	0	0	0	0	0	0	0	0	0	0	0	65	93	85	61	97	2	116	26	74	7	107	82	127	19	49	126	13	111	124	18	127	80	38	126	52	128	58	4	71	101	127	13	115	53	76	22	64	105	1	11	44	21	26	11	6	12	27	111	125	73	49	11	1	123	9	81	82	11	22	68	4	32	41	38	68	26	100	86
0	0	0	0	0	0	0	0	0	0	0	0	0	0	0	0	0	0	0	0	0	0	0	0	0	0	0	0	0	0	0	0	0	0	0	0	0	0	0	0	0	0	0	0	0	0	0	0	0	0	0	0	0	0	0	0	0	0	0	0	0	37	43	20	49	87	76	87	89	11	52	6	20	120	109	4	29	73	17	68	81	65	112	98	77	42	39	55	60	86	52	99	9	84	70	115	53	63	55	5	105	125	114	7	112	69	128	36	19	37	42	108	115	117	126	4	17	4	25	43	55	43	104	33	102	18	82	94
0	0	0	0	0	0	0	0	0	0	0	0	0	0	0	0	0	0	0	0	0	0	0	0	0	0	0	0	0	0	0	0	0	0	0	0	0	0	0	0	0	0	0	0	0	0	0	0	0	0	0	0	0	0	0	0	0	0	0	0	0	0	128	121	33	122	2	66	109	31	124	105	76	6	56	20	24	14	77	6	18	114	6	88	64	21	88	27	8	18	51	24	17	88	32	6	16	77	87	2	89	44	84	114	78	78	33	88	95	4	128	41	83	73	36	65	62	48	36	65	18	38	15	105	5	67	101	114
0	0	0	0	0	0	0	0	0	0	0	0	0	0	0	0	0	0	0	0	0	0	0	0	0	0	0	0	0	0	0	0	0	0	0	0	0	0	0	0	0	0	0	0	0	0	0	0	0	0	0	0	0	0	0	0	0	0	0	0	0	0	0	89	85	31	46	2	64	42	82	82	85	98	112	108	21	116	27	82	110	102	106	7	27	27	40	34	69	45	64	3	50	7	71	73	108	84	7	73	55	63	12	64	82	77	48	41	39	126	109	26	34	74	49	36	117	84	5	98	34	49	85	54	105	2	99	111
0	0	0	0	0	0	0	0	0	0	0	0	0	0	0	0	0	0	0	0	0	0	0	0	0	0	0	0	0	0	0	0	0	0	0	0	0	0	0	0	0	0	0	0	0	0	0	0	0	0	0	0	0	0	0	0	0	0	0	0	0	0	0	0	72	6	48	31	120	91	96	127	63	5	110	15	125	27	97	3	76	91	19	36	38	21	68	86	105	11	79	4	114	3	66	23	60	19	97	107	78	65	61	16	19	43	114	15	112	128	118	67	42	10	120	60	102	108	73	122	35	54	82	116	68	8	95	55
0	0	0	0	0	0	0	0	0	0	0	0	0	0	0	0	0	0	0	0	0	0	0	0	0	0	0	0	0	0	0	0	0	0	0	0	0	0	0	0	0	0	0	0	0	0	0	0	0	0	0	0	0	0	0	0	0	0	0	0	0	0	0	0	0	8	85	65	90	93	110	105	86	60	81	61	103	45	59	30	26	12	41	119	82	12	83	120	13	4	31	10	108	94	53	42	18	9	20	37	19	94	52	18	41	19	108	72	75	72	61	106	20	102	6	19	44	128	58	99	28	28	109	1	88	90	17	70
0	0	0	0	0	0	0	0	0	0	0	0	0	0	0	0	0	0	0	0	0	0	0	0	0	0	0	0	0	0	0	0	0	0	0	0	0	0	0	0	0	0	0	0	0	0	0	0	0	0	0	0	0	0	0	0	0	0	0	0	0	0	0	0	0	0	88	11	96	127	94	63	87	23	24	79	22	97	56	64	68	123	17	124	84	67	59	98	51	128	15	72	88	52	112	81	54	41	101	26	32	111	98	28	12	54	25	114	48	43	107	72	93	40	32	45	88	22	27	69	18	108	12	119	114	105	97	17
0	0	0	0	0	0	0	0	0	0	0	0	0	0	0	0	0	0	0	0	0	0	0	0	0	0	0	0	0	0	0	0	0	0	0	0	0	0	0	0	0	0	0	0	0	0	0	0	0	0	0	0	0	0	0	0	0	0	0	0	0	0	0	0	0	0	0	91	106	55	33	122	119	26	4	73	83	24	118	114	20	107	19	90	5	41	29	55	3	111	65	27	45	99	109	50	9	59	69	124	112	125	43	25	110	16	21	101	35	103	77	106	75	56	104	28	10	41	12	37	84	63	104	69	2	5	58	110
0	0	0	0	0	0	0	0	0	0	0	0	0	0	0	0	0	0	0	0	0	0	0	0	0	0	0	0	0	0	0	0	0	0	0	0	0	0	0	0	0	0	0	0	0	0	0	0	0	0	0	0	0	0	0	0	0	0	0	0	0	0	0	0	0	0	0	0	97	9	105	104	125	91	92	116	94	18	119	1	74	27	65	120	59	29	69	128	16	29	64	48	39	115	49	123	93	117	97	39	128	3	24	38	61	123	2	115	90	7	57	96	74	55	54	91	39	95	46	119	81	70	64	53	119	112	94	19
0	0	0	0	0	0	0	0	0	0	0	0	0	0	0	0	0	0	0	0	0	0	0	0	0	0	0	0	0	0	0	0	0	0	0	0	0	0	0	0	0	0	0	0	0	0	0	0	0	0	0	0	0	0	0	0	0	0	0	0	0	0	0	0	0	0	0	0	0	87	86	60	60	72	20	55	72	16	22	53	92	96	32	26	5	59	36	91	27	4	27	8	108	78	20	95	42	121	94	45	27	3	38	8	81	61	21	80	8	32	64	48	11	27	7	94	126	62	13	41	106	23	118	7	37	120	4	24
0	0	0	0	0	0	0	0	0	0	0	0	0	0	0	0	0	0	0	0	0	0	0	0	0	0	0	0	0	0	0	0	0	0	0	0	0	0	0	0	0	0	0	0	0	0	0	0	0	0	0	0	0	0	0	0	0	0	0	0	0	0	0	0	0	0	0	0	0	0	92	93	112	20	81	90	120	38	98	104	34	78	8	90	44	27	79	113	28	7	39	128	63	59	47	101	30	14	39	76	18	38	29	86	124	113	103	71	113	114	85	97	56	121	94	38	122	17	26	3	38	42	103	74	45	116	104	98
0	0	0	0	0	0	0	0	0	0	0	0	0	0	0	0	0	0	0	0	0	0	0	0	0	0	0	0	0	0	0	0	0	0	0	0	0	0	0	0	0	0	0	0	0	0	0	0	0	0	0	0	0	0	0	0	0	0	0	0	0	0	0	0	0	0	0	0	0	0	0	99	98	42	127	71	122	104	80	22	69	123	23	84	118	99	42	106	99	104	63	37	40	113	40	64	41	29	119	63	51	53	50	100	17	66	115	117	79	25	99	125	24	49	10	12	26	16	119	1	95	50	5	100	11	64	29	127
0	0	0	0	0	0	0	0	0	0	0	0	0	0	0	0	0	0	0	0	0	0	0	0	0	0	0	0	0	0	0	0	0	0	0	0	0	0	0	0	0	0	0	0	0	0	0	0	0	0	0	0	0	0	0	0	0	0	0	0	0	0	0	0	0	0	0	0	0	0	0	0	86	77	61	70	108	70	79	32	99	1	89	68	78	101	52	15	115	3	96	98	19	18	88	45	80	77	4	121	33	96	121	94	61	88	107	105	120	63	81	39	72	7	46	115	114	30	28	99	6	118	93	5	31	78	112	107
0	0	0	0	0	0	0	0	0	0	0	0	0	0	0	0	0	0	0	0	0	0	0	0	0	0	0	0	0	0	0	0	0	0	0	0	0	0	0	0	0	0	0	0	0	0	0	0	0	0	0	0	0	0	0	0	0	0	0	0	0	0	0	0	0	0	0	0	0	0	0	0	0	40	37	31	42	72	2	113	54	110	85	68	88	39	123	53	95	75	125	102	111	127	8	79	116	121	17	119	115	28	24	115	121	89	76	63	38	5	65	25	99	73	97	40	77	31	32	106	78	17	38	114	125	93	21	25
0	0	0	0	0	0	0	0	0	0	0	0	0	0	0	0	0	0	0	0	0	0	0	0	0	0	0	0	0	0	0	0	0	0	0	0	0	0	0	0	0	0	0	0	0	0	0	0	0	0	0	0	0	0	0	0	0	0	0	0	0	0	0	0	0	0	0	0	0	0	0	0	0	0	21	31	111	38	104	88	73	108	70	22	17	99	50	119	78	26	73	27	70	94	55	127	127	118	80	14	29	75	30	124	8	106	103	95	110	47	48	57	33	93	7	71	121	16	123	114	57	75	41	14	104	17	28	82
0	0	0	0	0	0	0	0	0	0	0	0	0	0	0	0	0	0	0	0	0	0	0	0	0	0	0	0	0	0	0	0	0	0	0	0	0	0	0	0	0	0	0	0	0	0	0	0	0	0	0	0	0	0	0	0	0	0	0	0	0	0	0	0	0	0	0	0	0	0	0	0	0	0	0	51	104	29	65	92	88	30	71	43	112	12	17	105	65	62	65	61	70	87	40	73	120	45	67	107	2	72	67	113	123	37	92	75	112	114	16	100	29	5	57	104	17	19	32	87	83	9	25	82	62	87	107	32
0	0	0	0	0	0	0	0	0	0	0	0	0	0	0	0	0	0	0	0	0	0	0	0	0	0	0	0	0	0	0	0	0	0	0	0	0	0	0	0	0	0	0	0	0	0	0	0	0	0	0	0	0	0	0	0	0	0	0	0	0	0	0	0	0	0	0	0	0	0	0	0	0	0	0	0	20	39	69	53	53	12	42	59	124	75	80	127	127	90	65	71	37	54	62	71	43	28	93	22	5	58	115	52	81	112	126	64	56	102	47	13	115	86	19	70	14	113	126	13	96	127	2	112	22	80	2	87
0	0	0	0	0	0	0	0	0	0	0	0	0	0	0	0	0	0	0	0	0	0	0	0	0	0	0	0	0	0	0	0	0	0	0	0	0	0	0	0	0	0	0	0	0	0	0	0	0	0	0	0	0	0	0	0	0	0	0	0	0	0	0	0	0	0	0	0	0	0	0	0	0	0	0	0	0	107	66	75	126	6	114	117	52	5	113	19	121	31	24	126	54	22	105	119	26	116	104	91	60	22	35	123	83	114	116	128	127	72	8	64	32	91	16	24	80	128	46	127	104	98	85	23	54	31	127	10
0	0	0	0	0	0	0	0	0	0	0	0	0	0	0	0	0	0	0	0	0	0	0	0	0	0	0	0	0	0	0	0	0	0	0	0	0	0	0	0	0	0	0	0	0	0	0	0	0	0	0	0	0	0	0	0	0	0	0	0	0	0	0	0	0	0	0	0	0	0	0	0	0	0	0	0	0	0	72	3	89	126	34	115	72	70	101	20	41	16	27	100	1	87	103	65	112	106	128	53	128	19	50	4	3	120	48	110	39	59	107	101	99	11	72	101	109	101	8	94	113	86	81	3	38	61	28	14
0	0	0	0	0	0	0	0	0	0	0	0	0	0	0	0	0	0	0	0	0	0	0	0	0	0	0	0	0	0	0	0	0	0	0	0	0	0	0	0	0	0	0	0	0	0	0	0	0	0	0	0	0	0	0	0	0	0	0	0	0	0	0	0	0	0	0	0	0	0	0	0	0	0	0	0	0	0	0	90	33	6	11	8	12	14	84	70	27	33	32	43	64	36	64	26	84	37	109	56	18	50	68	46	15	59	16	66	97	31	79	125	16	56	90	87	85	67	75	26	37	106	91	47	104	13	35	4
0	0	0	0	0	0	0	0	0	0	0	0	0	0	0	0	0	0	0	0	0	0	0	0	0	0	0	0	0	0	0	0	0	0	0	0	0	0	0	0	0	0	0	0	0	0	0	0	0	0	0	0	0	0	0	0	0	0	0	0	0	0	0	0	0	0	0	0	0	0	0	0	0	0	0	0	0	0	0	0	127	109	80	58	17	95	84	88	18	50	62	116	65	49	115	2	44	51	69	49	75	84	56	32	102	74	10	121	19	53	128	125	84	84	74	92	74	50	37	56	107	79	116	118	116	112	73	120
0	0	0	0	0	0	0	0	0	0	0	0	0	0	0	0	0	0	0	0	0	0	0	0	0	0	0	0	0	0	0	0	0	0	0	0	0	0	0	0	0	0	0	0	0	0	0	0	0	0	0	0	0	0	0	0	0	0	0	0	0	0	0	0	0	0	0	0	0	0	0	0	0	0	0	0	0	0	0	0	0	101	7	84	116	52	106	92	41	59	49	12	64	64	28	106	11	50	58	117	17	85	7	52	102	84	96	38	27	113	119	31	60	64	30	82	24	78	68	58	89	59	89	89	65	128	13	92
0	0	0	0	0	0	0	0	0	0	0	0	0	0	0	0	0	0	0	0	0	0	0	0	0	0	0	0	0	0	0	0	0	0	0	0	0	0	0	0	0	0	0	0	0	0	0	0	0	0	0	0	0	0	0	0	0	0	0	0	0	0	0	0	0	0	0	0	0	0	0	0	0	0	0	0	0	0	0	0	0	0	42	83	11	88	101	120	103	3	122	26	111	42	83	94	84	80	103	95	73	67	21	12	67	82	7	96	117	76	48	38	7	45	31	27	103	73	27	81	43	92	97	71	119	121	83	86
0	0	0	0	0	0	0	0	0	0	0	0	0	0	0	0	0	0	0	0	0	0	0	0	0	0	0	0	0	0	0	0	0	0	0	0	0	0	0	0	0	0	0	0	0	0	0	0	0	0	0	0	0	0	0	0	0	0	0	0	0	0	0	0	0	0	0	0	0	0	0	0	0	0	0	0	0	0	0	0	0	0	0	41	112	107	97	49	10	32	73	21	7	53	101	128	116	110	109	30	8	53	96	97	116	103	88	34	92	78	126	101	51	14	84	19	31	123	3	111	59	54	126	123	11	43	9	108
0	0	0	0	0	0	0	0	0	0	0	0	0	0	0	0	0	0	0	0	0	0	0	0	0	0	0	0	0	0	0	0	0	0	0	0	0	0	0	0	0	0	0	0	0	0	0	0	0	0	0	0	0	0	0	0	0	0	0	0	0	0	0	0	0	0	0	0	0	0	0	0	0	0	0	0	0	0	0	0	0	0	0	0	82	23	44	122	119	100	85	107	109	10	68	11	53	85	49	92	125	104	62	82	90	80	74	23	117	2	114	31	67	3	86	89	114	86	93	85	109	18	58	65	81	76	127	96
0	0	0	0	0	0	0	0	0	0	0	0	0	0	0	0	0	0	0	0	0	0	0	0	0	0	0	0	0	0	0	0	0	0	0	0	0	0	0	0	0	0	0	0	0	0	0	0	0	0	0	0	0	0	0	0	0	0	0	0	0	0	0	0	0	0	0	0	0	0	0	0	0	0	0	0	0	0	0	0	0	0	0	0	0	14	8	63	51	100	38	47	68	121	25	5	70	88	117	84	63	5	104	79	2	124	65	33	14	71	25	90	118	29	18	32	105	10	53	114	106	128	88	39	30	2	51	14
0	0	0	0	0	0	0	0	0	0	0	0	0	0	0	0	0	0	0	0	0	0	0	0	0	0	0	0	0	0	0	0	0	0	0	0	0	0	0	0	0	0	0	0	0	0	0	0	0	0	0	0	0	0	0	0	0	0	0	0	0	0	0	0	0	0	0	0	0	0	0	0	0	0	0	0	0	0	0	0	0	0	0	0	0	0	57	51	5	5	38	87	33	81	3	128	62	66	6	9	39	32	105	75	25	74	22	74	53	115	68	123	75	21	74	98	103	32	30	70	121	21	95	127	79	15	121	102
0	0	0	0	0	0	0	0	0	0	0	0	0	0	0	0	0	0	0	0	0	0	0	0	0	0	0	0	0	0	0	0	0	0	0	0	0	0	0	0	0	0	0	0	0	0	0	0	0	0	0	0	0	0	0	0	0	0	0	0	0	0	0	0	0	0	0	0	0	0	0	0	0	0	0	0	0	0	0	0	0	0	0	0	0	0	0	81	94	40	92	71	79	60	11	69	38	77	20	121	73	15	64	106	66	65	65	53	49	61	15	35	116	123	41	118	38	63	11	62	124	26	31	101	58	61	79	63
0	0	0	0	0	0	0	0	0	0	0	0	0	0	0	0	0	0	0	0	0	0	0	0	0	0	0	0	0	0	0	0	0	0	0	0	0	0	0	0	0	0	0	0	0	0	0	0	0	0	0	0	0	0	0	0	0	0	0	0	0	0	0	0	0	0	0	0	0	0	0	0	0	0	0	0	0	0	0	0	0	0	0	0	0	0	0	0	108	124	114	55	86	119	32	105	112	17	73	93	54	64	119	29	70	84	67	32	94	125	92	71	58	114	53	44	35	26	19	46	44	64	30	75	105	23	45	117
0	0	0	0	0	0	0	0	0	0	0	0	0	0	0	0	0	0	0	0	0	0	0	0	0	0	0	0	0	0	0	0	0	0	0	0	0	0	0	0	0	0	0	0	0	0	0	0	0	0	0	0	0	0	0	0	0	0	0	0	0	0	0	0	0	0	0	0	0	0	0	0	0	0	0	0	0	0	0	0	0	0	0	0	0	0	0	0	0	127	22	60	38	43	45	82	107	105	29	3	84	22	74	50	46	48	91	93	97	66	85	25	61	4	66	5	106	2	92	15	101	14	101	81	32	68	41	74
0	0	0	0	0	0	0	0	0	0	0	0	0	0	0	0	0	0	0	0	0	0	0	0	0	0	0	0	0	0	0	0	0	0	0	0	0	0	0	0	0	0	0	0	0	0	0	0	0	0	0	0	0	0	0	0	0	0	0	0	0	0	0	0	0	0	0	0	0	0	0	0	0	0	0	0	0	0	0	0	0	0	0	0	0	0	0	0	0	0	61	38	79	16	49	48	127	97	123	92	95	58	105	44	87	92	98	11	113	20	86	51	40	128	34	17	28	106	83	110	37	16	47	53	107	117	115	73
0	0	0	0	0	0	0	0	0	0	0	0	0	0	0	0	0	0	0	0	0	0	0	0	0	0	0	0	0	0	0	0	0	0	0	0	0	0	0	0	0	0	0	0	0	0	0	0	0	0	0	0	0	0	0	0	0	0	0	0	0	0	0	0	0	0	0	0	0	0	0	0	0	0	0	0	0	0	0	0	0	0	0	0	0	0	0	0	0	0	0	89	100	57	37	90	117	45	2	74	89	109	79	86	87	86	111	118	57	77	121	127	101	59	100	102	19	77	84	6	48	114	31	107	29	71	44	127
0	0	0	0	0	0	0	0	0	0	0	0	0	0	0	0	0	0	0	0	0	0	0	0	0	0	0	0	0	0	0	0	0	0	0	0	0	0	0	0	0	0	0	0	0	0	0	0	0	0	0	0	0	0	0	0	0	0	0	0	0	0	0	0	0	0	0	0	0	0	0	0	0	0	0	0	0	0	0	0	0	0	0	0	0	0	0	0	0	0	0	0	69	29	51	77	101	71	40	48	119	110	122	1	78	14	31	43	112	6	104	83	64	93	100	17	35	71	23	103	34	68	48	42	5	12	87	93
0	0	0	0	0	0	0	0	0	0	0	0	0	0	0	0	0	0	0	0	0	0	0	0	0	0	0	0	0	0	0	0	0	0	0	0	0	0	0	0	0	0	0	0	0	0	0	0	0	0	0	0	0	0	0	0	0	0	0	0	0	0	0	0	0	0	0	0	0	0	0	0	0	0	0	0	0	0	0	0	0	0	0	0	0	0	0	0	0	0	0	0	0	124	10	55	7	45	7	98	128	38	106	64	67	87	47	93	51	93	107	104	29	12	73	89	63	4	29	2	125	85	87	90	21	74	77	54
0	0	0	0	0	0	0	0	0	0	0	0	0	0	0	0	0	0	0	0	0	0	0	0	0	0	0	0	0	0	0	0	0	0	0	0	0	0	0	0	0	0	0	0	0	0	0	0	0	0	0	0	0	0	0	0	0	0	0	0	0	0	0	0	0	0	0	0	0	0	0	0	0	0	0	0	0	0	0	0	0	0	0	0	0	0	0	0	0	0	0	0	0	0	67	126	98	68	29	15	59	52	23	41	83	123	46	2	72	9	108	112	25	1	23	35	99	43	31	78	15	61	99	77	120	55	44	110
0	0	0	0	0	0	0	0	0	0	0	0	0	0	0	0	0	0	0	0	0	0	0	0	0	0	0	0	0	0	0	0	0	0	0	0	0	0	0	0	0	0	0	0	0	0	0	0	0	0	0	0	0	0	0	0	0	0	0	0	0	0	0	0	0	0	0	0	0	0	0	0	0	0	0	0	0	0	0	0	0	0	0	0	0	0	0	0	0	0	0	0	0	0	0	81	6	35	30	24	84	62	9	6	114	27	57	77	61	98	93	90	68	121	85	49	89	75	124	22	55	26	122	5	79	24	87	61
0	0	0	0	0	0	0	0	0	0	0	0	0	0	0	0	0	0	0	0	0	0	0	0	0	0	0	0	0	0	0	0	0	0	0	0	0	0	0	0	0	0	0	0	0	0	0	0	0	0	0	0	0	0	0	0	0	0	0	0	0	0	0	0	0	0	0	0	0	0	0	0	0	0	0	0	0	0	0	0	0	0	0	0	0	0	0	0	0	0	0	0	0	0	0	0	125	1	70	19	51	47	111	86	31	116	115	86	12	10	6	95	5	120	44	84	64	63	31	20	71	98	106	32	126	11	27	74
0	0	0	0	0	0	0	0	0	0	0	0	0	0	0	0	0	0	0	0	0	0	0	0	0	0	0	0	0	0	0	0	0	0	0	0	0	0	0	0	0	0	0	0	0	0	0	0	0	0	0	0	0	0	0	0	0	0	0	0	0	0	0	0	0	0	0	0	0	0	0	0	0	0	0	0	0	0	0	0	0	0	0	0	0	0	0	0	0	0	0	0	0	0	0	0	0	1	46	36	83	91	64	14	44	58	69	106	19	125	107	92	60	78	89	71	70	66	79	67	60	58	82	15	42	41	107	36
0	0	0	0	0	0	0	0	0	0	0	0	0	0	0	0	0	0	0	0	0	0	0	0	0	0	0	0	0	0	0	0	0	0	0	0	0	0	0	0	0	0	0	0	0	0	0	0	0	0	0	0	0	0	0	0	0	0	0	0	0	0	0	0	0	0	0	0	0	0	0	0	0	0	0	0	0	0	0	0	0	0	0	0	0	0	0	0	0	0	0	0	0	0	0	0	0	0	110	117	84	36	46	17	59	32	105	28	16	74	27	28	96	83	7	109	6	79	105	89	6	3	73	118	24	108	77	33
0	0	0	0	0	0	0	0	0	0	0	0	0	0	0	0	0	0	0	0	0	0	0	0	0	0	0	0	0	0	0	0	0	0	0	0	0	0	0	0	0	0	0	0	0	0	0	0	0	0	0	0	0	0	0	0	0	0	0	0	0	0	0	0	0	0	0	0	0	0	0	0	0	0	0	0	0	0	0	0	0	0	0	0	0	0	0	0	0	0	0	0	0	0	0	0	0	0	0	93	92	117	18	4	121	70	32	77	87	116	123	65	79	125	121	101	83	104	95	108	95	85	17	36	63	105	9	128
0	0	0	0	0	0	0	0	0	0	0	0	0	0	0	0	0	0	0	0	0	0	0	0	0	0	0	0	0	0	0	0	0	0	0	0	0	0	0	0	0	0	0	0	0	0	0	0	0	0	0	0	0	0	0	0	0	0	0	0	0	0	0	0	0	0	0	0	0	0	0	0	0	0	0	0	0	0	0	0	0	0	0	0	0	0	0	0	0	0	0	0	0	0	0	0	0	0	0	0	95	99	113	25	46	42	58	50	79	119	88	41	90	100	66	67	108	46	30	43	64	22	74	25	54	22	121	105
0	0	0	0	0	0	0	0	0	0	0	0	0	0	0	0	0	0	0	0	0	0	0	0	0	0	0	0	0	0	0	0	0	0	0	0	0	0	0	0	0	0	0	0	0	0	0	0	0	0	0	0	0	0	0	0	0	0	0	0	0	0	0	0	0	0	0	0	0	0	0	0	0	0	0	0	0	0	0	0	0	0	0	0	0	0	0	0	0	0	0	0	0	0	0	0	0	0	0	0	0	3	57	87	60	54	80	3	63	33	68	60	117	25	95	125	71	63	33	105	20	3	43	17	89	16	14	108
0	0	0	0	0	0	0	0	0	0	0	0	0	0	0	0	0	0	0	0	0	0	0	0	0	0	0	0	0	0	0	0	0	0	0	0	0	0	0	0	0	0	0	0	0	0	0	0	0	0	0	0	0	0	0	0	0	0	0	0	0	0	0	0	0	0	0	0	0	0	0	0	0	0	0	0	0	0	0	0	0	0	0	0	0	0	0	0	0	0	0	0	0	0	0	0	0	0	0	0	0	0	64	83	128	100	73	35	86	2	84	101	85	19	100	72	119	30	114	18	112	100	75	19	101	81	36	17
0	0	0	0	0	0	0	0	0	0	0	0	0	0	0	0	0	0	0	0	0	0	0	0	0	0	0	0	0	0	0	0	0	0	0	0	0	0	0	0	0	0	0	0	0	0	0	0	0	0	0	0	0	0	0	0	0	0	0	0	0	0	0	0	0	0	0	0	0	0	0	0	0	0	0	0	0	0	0	0	0	0	0	0	0	0	0	0	0	0	0	0	0	0	0	0	0	0	0	0	0	0	0	100	89	50	120	38	16	94	125	20	98	53	7	35	37	49	2	81	124	108	60	24	63	36	72	33
0	0	0	0	0	0	0	0	0	0	0	0	0	0	0	0	0	0	0	0	0	0	0	0	0	0	0	0	0	0	0	0	0	0	0	0	0	0	0	0	0	0	0	0	0	0	0	0	0	0	0	0	0	0	0	0	0	0	0	0	0	0	0	0	0	0	0	0	0	0	0	0	0	0	0	0	0	0	0	0	0	0	0	0	0	0	0	0	0	0	0	0	0	0	0	0	0	0	0	0	0	0	0	0	119	28	65	6	48	51	14	104	99	99	44	74	26	111	52	111	44	116	78	24	66	53	16	127
0	0	0	0	0	0	0	0	0	0	0	0	0	0	0	0	0	0	0	0	0	0	0	0	0	0	0	0	0	0	0	0	0	0	0	0	0	0	0	0	0	0	0	0	0	0	0	0	0	0	0	0	0	0	0	0	0	0	0	0	0	0	0	0	0	0	0	0	0	0	0	0	0	0	0	0	0	0	0	0	0	0	0	0	0	0	0	0	0	0	0	0	0	0	0	0	0	0	0	0	0	0	0	0	0	46	124	51	41	83	2	32	6	52	11	12	79	73	63	117	73	77	110	111	47	60	96	1
0	0	0	0	0	0	0	0	0	0	0	0	0	0	0	0	0	0	0	0	0	0	0	0	0	0	0	0	0	0	0	0	0	0	0	0	0	0	0	0	0	0	0	0	0	0	0	0	0	0	0	0	0	0	0	0	0	0	0	0	0	0	0	0	0	0	0	0	0	0	0	0	0	0	0	0	0	0	0	0	0	0	0	0	0	0	0	0	0	0	0	0	0	0	0	0	0	0	0	0	0	0	0	0	0	0	65	102	60	7	21	6	34	51	112	116	71	31	60	18	70	27	32	57	102	24	68	114
0	0	0	0	0	0	0	0	0	0	0	0	0	0	0	0	0	0	0	0	0	0	0	0	0	0	0	0	0	0	0	0	0	0	0	0	0	0	0	0	0	0	0	0	0	0	0	0	0	0	0	0	0	0	0	0	0	0	0	0	0	0	0	0	0	0	0	0	0	0	0	0	0	0	0	0	0	0	0	0	0	0	0	0	0	0	0	0	0	0	0	0	0	0	0	0	0	0	0	0	0	0	0	0	0	0	0	40	95	97	41	30	111	45	103	114	21	27	97	19	40	112	8	101	71	64	59	59
0	0	0	0	0	0	0	0	0	0	0	0	0	0	0	0	0	0	0	0	0	0	0	0	0	0	0	0	0	0	0	0	0	0	0	0	0	0	0	0	0	0	0	0	0	0	0	0	0	0	0	0	0	0	0	0	0	0	0	0	0	0	0	0	0	0	0	0	0	0	0	0	0	0	0	0	0	0	0	0	0	0	0	0	0	0	0	0	0	0	0	0	0	0	0	0	0	0	0	0	0	0	0	0	0	0	0	0	37	70	41	85	9	95	21	19	73	27	50	55	45	14	108	71	120	76	38	98
0	0	0	0	0	0	0	0	0	0	0	0	0	0	0	0	0	0	0	0	0	0	0	0	0	0	0	0	0	0	0	0	0	0	0	0	0	0	0	0	0	0	0	0	0	0	0	0	0	0	0	0	0	0	0	0	0	0	0	0	0	0	0	0	0	0	0	0	0	0	0	0	0	0	0	0	0	0	0	0	0	0	0	0	0	0	0	0	0	0	0	0	0	0	0	0	0	0	0	0	0	0	0	0	0	0	0	0	0	33	19	76	93	69	93	97	108	47	115	29	13	27	69	39	17	5	92	119
0	0	0	0	0	0	0	0	0	0	0	0	0	0	0	0	0	0	0	0	0	0	0	0	0	0	0	0	0	0	0	0	0	0	0	0	0	0	0	0	0	0	0	0	0	0	0	0	0	0	0	0	0	0	0	0	0	0	0	0	0	0	0	0	0	0	0	0	0	0	0	0	0	0	0	0	0	0	0	0	0	0	0	0	0	0	0	0	0	0	0	0	0	0	0	0	0	0	0	0	0	0	0	0	0	0	0	0	0	0	113	59	124	63	34	95	28	99	124	86	117	27	21	126	43	48	4	37
0	0	0	0	0	0	0	0	0	0	0	0	0	0	0	0	0	0	0	0	0	0	0	0	0	0	0	0	0	0	0	0	0	0	0	0	0	0	0	0	0	0	0	0	0	0	0	0	0	0	0	0	0	0	0	0	0	0	0	0	0	0	0	0	0	0	0	0	0	0	0	0	0	0	0	0	0	0	0	0	0	0	0	0	0	0	0	0	0	0	0	0	0	0	0	0	0	0	0	0	0	0	0	0	0	0	0	0	0	0	0	60	33	1	72	116	74	21	64	84	26	123	1	28	40	10	33	19
0	0	0	0	0	0	0	0	0	0	0	0	0	0	0	0	0	0	0	0	0	0	0	0	0	0	0	0	0	0	0	0	0	0	0	0	0	0	0	0	0	0	0	0	0	0	0	0	0	0	0	0	0	0	0	0	0	0	0	0	0	0	0	0	0	0	0	0	0	0	0	0	0	0	0	0	0	0	0	0	0	0	0	0	0	0	0	0	0	0	0	0	0	0	0	0	0	0	0	0	0	0	0	0	0	0	0	0	0	0	0	0	107	111	53	50	57	26	106	30	3	95	72	113	73	116	94	63
0	0	0	0	0	0	0	0	0	0	0	0	0	0	0	0	0	0	0	0	0	0	0	0	0	0	0	0	0	0	0	0	0	0	0	0	0	0	0	0	0	0	0	0	0	0	0	0	0	0	0	0	0	0	0	0	0	0	0	0	0	0	0	0	0	0	0	0	0	0	0	0	0	0	0	0	0	0	0	0	0	0	0	0	0	0	0	0	0	0	0	0	0	0	0	0	0	0	0	0	0	0	0	0	0	0	0	0	0	0	0	0	0	94	73	109	103	127	42	124	126	13	42	106	85	9	75	85
0	0	0	0	0	0	0	0	0	0	0	0	0	0	0	0	0	0	0	0	0	0	0	0	0	0	0	0	0	0	0	0	0	0	0	0	0	0	0	0	0	0	0	0	0	0	0	0	0	0	0	0	0	0	0	0	0	0	0	0	0	0	0	0	0	0	0	0	0	0	0	0	0	0	0	0	0	0	0	0	0	0	0	0	0	0	0	0	0	0	0	0	0	0	0	0	0	0	0	0	0	0	0	0	0	0	0	0	0	0	0	0	0	0	75	66	104	85	6	43	71	111	34	56	98	79	114	116
0	0	0	0	0	0	0	0	0	0	0	0	0	0	0	0	0	0	0	0	0	0	0	0	0	0	0	0	0	0	0	0	0	0	0	0	0	0	0	0	0	0	0	0	0	0	0	0	0	0	0	0	0	0	0	0	0	0	0	0	0	0	0	0	0	0	0	0	0	0	0	0	0	0	0	0	0	0	0	0	0	0	0	0	0	0	0	0	0	0	0	0	0	0	0	0	0	0	0	0	0	0	0	0	0	0	0	0	0	0	0	0	0	0	0	57	83	88	86	88	124	72	32	102	48	13	83	100
0	0	0	0	0	0	0	0	0	0	0	0	0	0	0	0	0	0	0	0	0	0	0	0	0	0	0	0	0	0	0	0	0	0	0	0	0	0	0	0	0	0	0	0	0	0	0	0	0	0	0	0	0	0	0	0	0	0	0	0	0	0	0	0	0	0	0	0	0	0	0	0	0	0	0	0	0	0	0	0	0	0	0	0	0	0	0	0	0	0	0	0	0	0	0	0	0	0	0	0	0	0	0	0	0	0	0	0	0	0	0	0	0	0	0	0	91	49	12	94	89	89	95	103	8	12	101	7
0	0	0	0	0	0	0	0	0	0	0	0	0	0	0	0	0	0	0	0	0	0	0	0	0	0	0	0	0	0	0	0	0	0	0	0	0	0	0	0	0	0	0	0	0	0	0	0	0	0	0	0	0	0	0	0	0	0	0	0	0	0	0	0	0	0	0	0	0	0	0	0	0	0	0	0	0	0	0	0	0	0	0	0	0	0	0	0	0	0	0	0	0	0	0	0	0	0	0	0	0	0	0	0	0	0	0	0	0	0	0	0	0	0	0	0	0	51	6	10	63	11	113	109	104	70	91	103
0	0	0	0	0	0	0	0	0	0	0	0	0	0	0	0	0	0	0	0	0	0	0	0	0	0	0	0	0	0	0	0	0	0	0	0	0	0	0	0	0	0	0	0	0	0	0	0	0	0	0	0	0	0	0	0	0	0	0	0	0	0	0	0	0	0	0	0	0	0	0	0	0	0	0	0	0	0	0	0	0	0	0	0	0	0	0	0	0	0	0	0	0	0	0	0	0	0	0	0	0	0	0	0	0	0	0	0	0	0	0	0	0	0	0	0	0	0	49	22	30	17	107	83	120	33	38	9
0	0	0	0	0	0	0	0	0	0	0	0	0	0	0	0	0	0	0	0	0	0	0	0	0	0	0	0	0	0	0	0	0	0	0	0	0	0	0	0	0	0	0	0	0	0	0	0	0	0	0	0	0	0	0	0	0	0	0	0	0	0	0	0	0	0	0	0	0	0	0	0	0	0	0	0	0	0	0	0	0	0	0	0	0	0	0	0	0	0	0	0	0	0	0	0	0	0	0	0	0	0	0	0	0	0	0	0	0	0	0	0	0	0	0	0	0	0	0	98	97	103	77	126	72	85	103	27
0	0	0	0	0	0	0	0	0	0	0	0	0	0	0	0	0	0	0	0	0	0	0	0	0	0	0	0	0	0	0	0	0	0	0	0	0	0	0	0	0	0	0	0	0	0	0	0	0	0	0	0	0	0	0	0	0	0	0	0	0	0	0	0	0	0	0	0	0	0	0	0	0	0	0	0	0	0	0	0	0	0	0	0	0	0	0	0	0	0	0	0	0	0	0	0	0	0	0	0	0	0	0	0	0	0	0	0	0	0	0	0	0	0	0	0	0	0	0	0	72	45	77	63	55	46	85	7
0	0	0	0	0	0	0	0	0	0	0	0	0	0	0	0	0	0	0	0	0	0	0	0	0	0	0	0	0	0	0	0	0	0	0	0	0	0	0	0	0	0	0	0	0	0	0	0	0	0	0	0	0	0	0	0	0	0	0	0	0	0	0	0	0	0	0	0	0	0	0	0	0	0	0	0	0	0	0	0	0	0	0	0	0	0	0	0	0	0	0	0	0	0	0	0	0	0	0	0	0	0	0	0	0	0	0	0	0	0	0	0	0	0	0	0	0	0	0	0	0	112	96	118	73	3	58	85
0	0	0	0	0	0	0	0	0	0	0	0	0	0	0	0	0	0	0	0	0	0	0	0	0	0	0	0	0	0	0	0	0	0	0	0	0	0	0	0	0	0	0	0	0	0	0	0	0	0	0	0	0	0	0	0	0	0	0	0	0	0	0	0	0	0	0	0	0	0	0	0	0	0	0	0	0	0	0	0	0	0	0	0	0	0	0	0	0	0	0	0	0	0	0	0	0	0	0	0	0	0	0	0	0	0	0	0	0	0	0	0	0	0	0	0	0	0	0	0	0	0	15	60	104	1	118	53
0	0	0	0	0	0	0	0	0	0	0	0	0	0	0	0	0	0	0	0	0	0	0	0	0	0	0	0	0	0	0	0	0	0	0	0	0	0	0	0	0	0	0	0	0	0	0	0	0	0	0	0	0	0	0	0	0	0	0	0	0	0	0	0	0	0	0	0	0	0	0	0	0	0	0	0	0	0	0	0	0	0	0	0	0	0	0	0	0	0	0	0	0	0	0	0	0	0	0	0	0	0	0	0	0	0	0	0	0	0	0	0	0	0	0	0	0	0	0	0	0	0	0	66	12	94	29	44
0	0	0	0	0	0	0	0	0	0	0	0	0	0	0	0	0	0	0	0	0	0	0	0	0	0	0	0	0	0	0	0	0	0	0	0	0	0	0	0	0	0	0	0	0	0	0	0	0	0	0	0	0	0	0	0	0	0	0	0	0	0	0	0	0	0	0	0	0	0	0	0	0	0	0	0	0	0	0	0	0	0	0	0	0	0	0	0	0	0	0	0	0	0	0	0	0	0	0	0	0	0	0	0	0	0	0	0	0	0	0	0	0	0	0	0	0	0	0	0	0	0	0	0	9	109	48	80
0	0	0	0	0	0	0	0	0	0	0	0	0	0	0	0	0	0	0	0	0	0	0	0	0	0	0	0	0	0	0	0	0	0	0	0	0	0	0	0	0	0	0	0	0	0	0	0	0	0	0	0	0	0	0	0	0	0	0	0	0	0	0	0	0	0	0	0	0	0	0	0	0	0	0	0	0	0	0	0	0	0	0	0	0	0	0	0	0	0	0	0	0	0	0	0	0	0	0	0	0	0	0	0	0	0	0	0	0	0	0	0	0	0	0	0	0	0	0	0	0	0	0	0	0	17	106	36
0	0	0	0	0	0	0	0	0	0	0	0	0	0	0	0	0	0	0	0	0	0	0	0	0	0	0	0	0	0	0	0	0	0	0	0	0	0	0	0	0	0	0	0	0	0	0	0	0	0	0	0	0	0	0	0	0	0	0	0	0	0	0	0	0	0	0	0	0	0	0	0	0	0	0	0	0	0	0	0	0	0	0	0	0	0	0	0	0	0	0	0	0	0	0	0	0	0	0	0	0	0	0	0	0	0	0	0	0	0	0	0	0	0	0	0	0	0	0	0	0	0	0	0	0	0	105	75
0	0	0	0	0	0	0	0	0	0	0	0	0	0	0	0	0	0	0	0	0	0	0	0	0	0	0	0	0	0	0	0	0	0	0	0	0	0	0	0	0	0	0	0	0	0	0	0	0	0	0	0	0	0	0	0	0	0	0	0	0	0	0	0	0	0	0	0	0	0	0	0	0	0	0	0	0	0	0	0	0	0	0	0	0	0	0	0	0	0	0	0	0	0	0	0	0	0	0	0	0	0	0	0	0	0	0	0	0	0	0	0	0	0	0	0	0	0	0	0	0	0	0	0	0	0	0	48
0	0	0	0	0	0	0	0	0	0	0	0	0	0	0	0	0	0	0	0	0	0	0	0	0	0	0	0	0	0	0	0	0	0	0	0	0	0	0	0	0	0	0	0	0	0	0	0	0	0	0	0	0	0	0	0	0	0	0	0	0	0	0	0	0	0	0	0	0	0	0	0	0	0	0	0	0	0	0	0	0	0	0	0	0	0	0	0	0	0	0	0	0	0	0	0	0	0	0	0	0	0	0	0	0	0	0	0	0	0	0	0	0	0	0	0	0	0	0	0	0	0	0	0	0	0	0	0