0	20	60	36	61	39	117	2	53	56	77	97	65	1	59	66	50	67	37	95	99	53	46	92	35	113	27	22	45	101	20	24	26	128	84	71	59	28	12	102	99	111	52	38	54	58	106	111	51	95	56	125	96	22	4	52	28	85	101	90	84	67	59	9	128	82	108	42	15	45	116	91	121	92	113	36	48	14	111	59	60	11	128	112	20	11	39	30	90	37	28	125	20	122	115	127	70	4	3	111	7	113	47	73	104	56	65	79	17	79	83	34	114	21	102	21	111	16	59	8	121	66	120	41	126	107	81	26
0	0	115	2	109	42	28	45	62	106	2	16	6	19	70	72	40	83	49	91	5	60	72	105	85	61	118	42	31	45	60	24	106	123	108	122	98	82	102	58	30	82	93	104	88	63	4	93	51	87	14	96	68	77	20	30	2	45	108	16	68	108	98	76	84	42	88	60	12	99	80	56	60	23	103	123	121	31	12	106	48	72	94	12	81	5	111	77	52	13	28	110	62	126	109	59	78	56	116	101	50	46	66	122	29	84	80	12	77	3	14	54	29	96	40	30	11	95	91	25	103	119	74	65	8	29	67	96
0	0	0	55	24	125	22	122	127	62	116	72	24	64	104	41	58	60	39	104	3	123	51	120	3	113	120	33	65	73	111	104	109	124	48	47	42	87	112	108	107	44	20	46	76	64	84	96	10	112	125	67	91	100	45	79	60	23	64	113	19	50	67	17	109	110	90	32	119	38	96	12	43	89	92	100	112	80	67	125	18	5	74	24	8	68	27	13	97	49	55	34	18	107	73	3	100	100	29	20	118	91	52	20	3	48	121	108	55	19	68	108	72	77	51	33	125	113	66	65	48	45	12	59	63	75	84	64
0	0	0	0	44	123	39	13	79	83	124	16	60	70	14	13	39	111	66	8	82	84	36	46	54	24	52	105	46	31	93	39	54	26	125	26	3	90	49	45	82	86	38	123	58	116	39	113	42	65	51	71	96	58	105	44	64	74	70	22	25	17	48	92	118	42	111	14	4	37	14	2	38	59	121	35	84	98	20	12	91	90	41	35	92	74	127	94	13	116	83	19	53	97	61	42	109	73	104	51	85	48	1	53	54	30	38	109	114	125	126	28	84	19	128	63	26	84	113	4	25	79	50	63	96	110	29	46
0	0	0	0	0	107	118	7	36	23	78	128	59	116	101	83	49	115	41	18	124	43	105	108	123	71	120	87	59	73	50	1	60	16	12	127	40	91	63	14	81	88	26	39	119	84	108	116	85	73	108	58	90	12	29	79	26	105	100	99	31	105	15	87	93	114	45	35	62	87	29	113	47	48	124	56	73	104	114	2	89	44	13	71	122	69	121	99	23	102	31	42	44	5	26	120	2	34	109	98	10	75	67	36	99	18	105	14	33	87	26	20	46	61	103	52	128	50	106	74	40	13	85	63	31	24	17	90
0	0	0	0	0	0	126	53	49	50	24	44	3	121	43	2	11	106	75	29	62	28	35	36	55	60	42	37	14	75	106	97	31	64	8	63	80	123	101	121	2	111	49	3	52	76	40	38	45	72	30	117	68	107	86	67	28	7	22	111	100	126	84	79	104	50	78	40	51	3	80	67	86	61	128	24	71	19	48	10	114	81	120	85	28	98	94	29	91	101	86	63	64	90	105	2	52	79	49	3	27	6	25	52	17	6	81	59	42	52	84	126	48	109	5	118	82	3	38	118	88	77	16	68	10	111	102	123
0	0	0	0	0	0	0	94	34	57	90	14	6	31	48	37	20	2	88	122	117	78	96	72	54	85	50	121	68	114	92	27	107	68	93	50	34	42	100	44	73	94	118	39	89	68	27	36	43	80	58	35	42	123	26	125	85	76	84	59	101	29	36	108	27	62	127	86	66	80	100	115	22	68	114	75	112	95	18	51	93	92	104	18	113	112	14	36	28	119	31	70	11	37	79	35	56	78	38	25	126	54	56	98	115	6	50	86	123	116	104	125	95	99	127	74	36	115	127	51	43	1	54	70	19	34	59	1
0	0	0	0	0	0	0	0	104	79	72	18	111	47	66	49	111	70	107	102	91	113	121	116	43	25	59	46	12	74	37	101	16	29	95	6	71	88	40	83	40	91	64	78	22	27	74	121	54	28	48	113	106	40	1	16	121	47	13	115	91	92	45	98	35	91	98	127	13	111	105	16	76	90	4	11	55	115	110	13	19	79	99	87	75	34	13	32	10	70	116	65	128	22	102	56	54	85	44	69	32	45	25	83	48	38	52	77	124	9	57	109	96	69	40	41	49	52	32	112	88	43	36	101	3	71	110	20
0	0	0	0	0	0	0	0	0	58	9	42	112	20	59	127	18	76	46	99	65	107	64	14	38	109	103	19	86	20	41	58	44	33	87	126	45	78	58	46	97	42	98	65	31	67	87	44	124	27	101	12	19	65	53	82	35	55	23	118	2	91	58	17	11	128	62	79	85	43	23	103	28	115	107	85	108	59	113	124	93	98	90	31	56	75	24	63	14	48	30	91	117	102	24	76	115	42	120	71	39	77	15	93	20	9	54	68	64	98	21	5	41	88	1	28	8	53	120	108	121	117	49	13	20	111	105	74
0	0	0	0	0	0	0	0	0	0	94	36	8	98	63	23	15	19	64	6	67	4	118	62	102	68	33	49	102	123	36	15	93	87	35	51	106	114	98	104	64	5	83	14	8	34	104	95	105	27	23	100	29	116	5	57	109	102	65	82	63	97	120	124	89	18	30	126	74	98	81	101	51	112	60	99	91	41	83	59	16	126	36	29	106	63	71	45	58	37	107	84	20	5	26	65	61	124	83	49	85	12	28	67	101	93	3	51	69	1	57	10	59	84	105	119	67	121	70	12	128	59	80	49	21	98	64	90
0	0	0	0	0	0	0	0	0	0	0	126	20	40	43	94	69	11	39	18	5	8	72	119	33	108	121	49	8	12	18	3	81	62	77	57	41	112	46	85	17	107	68	6	118	97	107	124	34	16	42	12	42	82	13	109	30	20	48	113	18	15	128	20	27	58	19	37	70	53	69	108	69	77	70	2	73	116	29	22	62	32	51	60	119	68	105	46	97	52	3	106	110	73	32	90	73	60	52	77	6	24	80	3	23	120	118	62	108	74	95	70	33	61	38	87	94	94	5	77	65	80	84	85	37	88	11	12
0	0	0	0	0	0	0	0	0	0	0	0	78	21	12	1	76	30	56	88	33	47	29	54	20	128	42	120	58	79	121	30	84	85	51	2	29	60	46	37	116	25	88	114	10	115	87	88	36	57	42	123	18	80	127	71	73	8	103	12	102	85	24	11	112	4	114	104	67	111	53	14	109	128	41	33	72	115	62	48	44	23	5	73	124	80	62	89	38	94	108	44	111	125	49	81	6	17	10	81	94	47	3	98	73	19	44	71	2	37	125	95	71	77	93	78	12	37	104	84	66	9	110	88	23	95	89	90
0	0	0	0	0	0	0	0	0	0	0	0	0	49	44	83	99	9	121	55	91	13	101	90	119	10	85	53	112	33	86	54	120	27	124	79	77	39	116	1	30	67	25	87	7	93	43	8	5	51	93	54	36	69	35	27	43	34	24	51	80	99	36	99	52	13	51	86	99	108	109	24	91	74	102	46	116	45	15	42	86	4	14	58	61	33	15	63	4	27	39	52	16	18	90	54	84	8	39	3	51	94	45	46	5	102	56	35	58	23	35	35	69	42	66	123	122	112	114	108	19	126	104	104	14	92	91	18
0	0	0	0	0	0	0	0	0	0	0	0	0	0	95	119	29	115	6	84	80	71	120	124	75	46	53	83	41	108	95	118	69	54	45	128	45	94	79	75	101	8	82	38	81	69	106	82	2	118	53	123	31	59	63	98	4	53	48	62	48	54	87	30	73	91	43	67	36	94	121	73	96	97	104	91	84	124	9	19	108	124	76	44	25	54	11	22	110	50	110	85	69	83	67	12	82	54	39	2	73	106	54	75	57	74	27	8	95	97	118	79	30	85	100	110	40	93	5	3	124	109	73	41	8	97	28	93
0	0	0	0	0	0	0	0	0	0	0	0	0	0	0	93	20	125	80	86	8	43	122	117	45	17	125	126	16	110	127	114	123	14	53	46	25	16	96	29	108	52	95	12	121	70	99	18	128	96	95	58	109	15	45	124	12	14	9	76	50	106	24	110	21	103	80	56	45	84	48	84	62	91	26	77	25	90	85	94	85	86	89	118	67	96	3	85	2	119	69	85	63	52	95	114	102	30	62	58	119	4	101	102	19	43	26	110	73	12	11	86	41	55	7	51	54	101	76	69	4	84	85	114	21	102	29	95
0	0	0	0	0	0	0	0	0	0	0	0	0	0	0	0	119	111	55	111	58	105	22	58	42	16	33	10	19	127	55	70	68	114	79	81	100	73	49	62	124	55	102	52	60	18	42	69	70	16	11	127	41	13	19	119	59	120	114	98	128	82	90	21	113	118	4	71	17	2	110	120	121	104	106	78	18	93	7	70	119	114	14	39	94	40	57	89	113	5	106	120	87	21	54	83	97	4	54	103	98	100	115	26	3	48	83	120	123	112	61	65	48	122	57	55	31	56	66	56	92	114	76	1	106	67	106	85
0	0	0	0	0	0	0	0	0	0	0	0	0	0	0	0	0	3	13	42	102	7	95	125	84	111	124	19	120	50	80	34	102	79	19	32	5	100	2	110	65	5	64	26	51	83	95	25	7	96	45	94	63	71	84	101	112	14	45	24	84	103	29	77	11	69	96	1	24	16	52	9	112	28	46	105	101	73	65	125	82	122	69	95	61	37	26	15	120	34	89	79	5	47	7	76	121	40	69	76	81	70	128	71	109	111	122	15	29	47	119	43	48	101	118	123	49	45	5	29	70	35	80	68	22	7	102	31
0	0	0	0	0	0	0	0	0	0	0	0	0	0	0	0	0	0	6	26	38	97	46	33	48	20	128	27	57	20	5	20	116	2	45	69	104	126	77	44	93	40	41	65	106	104	113	20	93	25	38	91	106	121	8	110	123	36	53	101	89	105	123	81	66	85	52	96	33	30	86	66	39	99	128	16	58	80	89	127	50	2	105	11	32	64	121	56	1	20	68	33	27	63	128	120	48	89	32	76	67	60	46	101	115	86	91	9	95	64	103	94	74	67	34	49	102	24	78	40	6	94	98	57	108	84	91	22
0	0	0	0	0	0	0	0	0	0	0	0	0	0	0	0	0	0	0	123	104	32	83	68	126	52	95	70	106	81	25	26	115	51	42	92	6	7	90	26	61	12	121	21	126	117	101	40	63	102	72	43	103	50	27	21	110	32	88	52	60	22	82	103	5	49	128	127	89	16	103	114	50	109	23	105	68	12	87	21	73	106	68	106	3	77	93	14	108	74	50	92	72	92	79	79	86	36	103	33	100	93	99	15	14	78	106	17	80	90	119	11	91	7	42	91	95	72	125	85	111	101	109	62	122	117	16	53
0	0	0	0	0	0	0	0	0	0	0	0	0	0	0	0	0	0	0	0	9	98	24	34	108	76	68	72	8	121	102	42	122	48	63	107	2	63	106	125	64	58	25	8	98	112	120	100	1	86	121	67	102	113	14	33	122	109	85	105	60	65	88	45	123	17	4	113	123	16	85	35	105	113	67	21	120	29	111	12	111	77	126	52	84	119	37	89	68	112	46	91	97	27	34	18	92	69	109	39	28	72	97	2	85	52	126	8	102	3	32	74	80	2	106	112	110	86	4	8	22	119	25	16	97	28	9	79
0	0	0	0	0	0	0	0	0	0	0	0	0	0	0	0	0	0	0	0	0	81	69	22	72	76	98	107	94	52	21	65	85	65	53	98	33	38	46	70	115	9	27	51	37	60	99	52	127	77	82	22	59	105	15	5	46	30	2	126	7	113	118	117	56	22	112	107	43	55	94	122	56	4	113	10	61	14	56	15	63	14	6	6	3	95	72	17	79	87	62	102	102	85	108	36	23	76	64	126	44	85	116	115	101	111	96	115	120	23	79	41	68	17	110	25	98	67	81	118	2	3	102	39	91	67	90	69
0	0	0	0	0	0	0	0	0	0	0	0	0	0	0	0	0	0	0	0	0	0	122	20	117	108	60	70	128	45	107	93	54	53	17	4	42	96	15	25	3	45	113	16	96	22	76	100	63	28	115	70	2	52	65	34	125	116	111	60	112	77	101	46	26	67	86	20	109	53	9	102	79	1	46	72	71	52	126	48	22	6	44	4	14	23	42	124	101	60	46	94	93	70	106	81	90	53	86	127	16	74	37	73	85	82	12	49	66	18	119	38	59	74	19	13	50	78	45	70	34	35	46	101	119	94	76	79
0	0	0	0	0	0	0	0	0	0	0	0	0	0	0	0	0	0	0	0	0	0	0	99	24	87	125	111	94	18	90	95	115	102	119	44	35	28	121	120	105	81	51	46	123	16	124	62	103	109	56	55	15	24	128	93	44	79	10	54	113	103	44	40	47	29	50	79	101	110	98	58	59	10	72	115	78	23	70	95	114	70	66	59	10	15	109	118	14	69	40	83	123	105	80	1	116	67	88	92	36	88	97	11	25	64	10	58	16	114	31	101	115	34	68	29	54	122	113	112	39	65	30	113	99	38	9	118
0	0	0	0	0	0	0	0	0	0	0	0	0	0	0	0	0	0	0	0	0	0	0	0	100	22	100	12	10	111	44	53	97	99	39	121	10	64	37	102	21	5	56	43	60	42	6	71	106	107	124	88	111	76	92	79	49	27	18	52	109	125	2	94	7	27	94	73	67	114	47	110	96	105	58	2	31	6	72	26	116	6	21	86	16	9	25	11	15	73	105	36	26	3	90	40	36	57	90	109	69	27	26	48	17	84	92	111	87	2	34	50	48	122	84	66	4	35	81	4	47	66	71	46	6	36	125	40
0	0	0	0	0	0	0	0	0	0	0	0	0	0	0	0	0	0	0	0	0	0	0	0	0	75	34	17	119	21	82	112	32	114	120	15	56	14	84	78	28	91	82	122	2	104	65	83	40	125	32	18	66	48	40	109	11	114	83	20	82	95	22	83	103	17	108	80	6	26	127	76	38	94	78	99	71	58	80	99	38	48	43	44	33	50	2	126	111	34	93	95	9	47	39	2	87	38	45	53	100	73	74	15	79	73	121	113	38	87	65	37	104	28	95	88	106	99	52	54	79	109	3	94	93	37	64	86
0	0	0	0	0	0	0	0	0	0	0	0	0	0	0	0	0	0	0	0	0	0	0	0	0	0	52	41	124	34	30	49	97	63	74	54	19	38	33	83	107	16	63	122	122	88	13	94	28	16	56	99	9	2	81	76	114	108	43	91	8	111	2	69	53	106	9	50	117	10	98	127	49	69	52	68	86	93	94	114	91	40	127	13	4	33	57	34	75	48	125	39	25	52	67	13	49	21	90	65	1	112	39	51	70	116	22	116	113	40	114	101	10	73	22	128	29	32	17	109	94	2	46	38	80	113	65	19
0	0	0	0	0	0	0	0	0	0	0	0	0	0	0	0	0	0	0	0	0	0	0	0	0	0	0	33	113	20	120	98	47	66	15	106	78	87	126	81	100	106	7	118	63	49	3	83	38	53	105	11	103	100	105	6	105	18	68	7	128	126	82	95	118	90	37	19	4	127	26	65	124	28	46	2	124	35	5	60	127	10	67	117	33	15	39	7	27	12	46	15	110	96	6	14	81	95	97	23	61	41	94	63	98	68	104	93	101	25	86	125	66	100	99	42	23	6	96	97	20	81	65	56	63	57	33	78
0	0	0	0	0	0	0	0	0	0	0	0	0	0	0	0	0	0	0	0	0	0	0	0	0	0	0	0	43	127	76	33	73	14	22	108	61	11	121	11	71	40	17	49	101	70	102	65	8	106	97	116	83	44	49	39	45	127	102	50	20	12	6	118	70	64	67	48	14	55	76	102	28	11	64	128	127	76	115	118	72	52	27	25	115	121	69	2	6	62	94	77	57	72	126	127	26	16	69	60	107	24	12	79	54	123	6	50	62	51	25	4	115	125	77	94	1	28	6	41	81	128	12	121	110	64	122	25
0	0	0	0	0	0	0	0	0	0	0	0	0	0	0	0	0	0	0	0	0	0	0	0	0	0	0	0	0	20	58	2	1	104	96	35	90	96	44	85	85	81	58	43	19	19	59	118	48	89	86	81	93	103	102	80	77	7	51	72	58	67	112	91	12	125	117	50	34	8	93	37	118	51	50	51	57	25	91	71	67	126	80	1	111	97	103	94	31	64	119	23	128	91	84	109	44	4	95	18	48	55	15	74	102	21	7	89	84	79	68	35	92	74	6	71	3	53	15	101	46	42	90	75	3	38	87	114
0	0	0	0	0	0	0	0	0	0	0	0	0	0	0	0	0	0	0	0	0	0	0	0	0	0	0	0	0	0	45	107	42	60	37	17	67	32	56	68	4	99	15	60	32	56	104	76	67	90	89	43	90	50	109	73	93	88	97	76	20	47	99	78	59	86	62	63	123	63	117	66	103	114	73	80	100	95	16	115	57	51	57	41	62	63	65	107	117	33	64	38	47	60	34	80	99	100	125	102	17	124	55	87	110	86	41	76	26	25	67	120	30	5	46	25	127	75	9	92	112	74	114	46	100	128	36	106
0	0	0	0	0	0	0	0	0	0	0	0	0	0	0	0	0	0	0	0	0	0	0	0	0	0	0	0	0	0	0	80	114	58	3	39	66	81	45	106	115	113	114	42	109	29	34	90	59	12	36	98	40	115	103	27	14	75	64	34	124	101	108	115	11	111	62	87	51	6	90	28	123	10	50	73	112	108	36	39	4	66	124	35	23	106	114	77	44	37	120	66	27	7	71	39	72	75	71	5	22	26	38	58	90	46	64	77	52	35	17	22	28	99	17	53	82	14	8	11	111	95	43	77	40	62	61	25
0	0	0	0	0	0	0	0	0	0	0	0	0	0	0	0	0	0	0	0	0	0	0	0	0	0	0	0	0	0	0	0	27	77	99	42	5	71	105	11	18	40	89	64	70	95	101	6	63	110	122	19	106	116	10	116	107	29	125	25	119	57	73	5	44	47	22	55	60	69	101	77	11	128	10	86	74	112	59	28	55	36	40	43	57	69	124	92	98	102	97	26	97	27	22	62	41	56	57	25	105	113	62	78	109	112	60	121	4	88	37	2	77	78	53	79	26	7	35	32	108	57	72	55	79	52	87	102
0	0	0	0	0	0	0	0	0	0	0	0	0	0	0	0	0	0	0	0	0	0	0	0	0	0	0	0	0	0	0	0	0	49	92	86	121	117	118	20	68	71	119	62	53	30	85	52	51	60	96	46	35	110	4	22	6	32	27	72	125	128	87	57	68	14	74	116	91	75	14	90	99	77	21	79	73	1	34	99	22	54	119	21	44	114	27	66	18	109	26	46	100	116	77	126	66	84	4	62	29	16	68	14	66	89	49	11	111	74	98	104	122	57	18	21	61	115	99	26	5	78	109	111	78	11	26	48
0	0	0	0	0	0	0	0	0	0	0	0	0	0	0	0	0	0	0	0	0	0	0	0	0	0	0	0	0	0	0	0	0	0	23	43	45	6	14	62	121	67	27	115	96	101	26	68	115	113	57	82	48	2	83	122	119	18	118	122	18	96	49	87	103	124	87	113	86	91	69	34	63	8	31	26	81	84	107	39	70	92	62	53	126	4	39	7	5	55	19	31	71	63	4	9	32	32	112	127	59	69	78	86	97	27	93	63	126	113	91	28	62	21	18	81	13	8	108	75	103	63	54	121	68	117	86	58
0	0	0	0	0	0	0	0	0	0	0	0	0	0	0	0	0	0	0	0	0	0	0	0	0	0	0	0	0	0	0	0	0	0	0	18	55	34	8	111	121	98	88	108	73	57	5	62	101	2	59	14	101	43	82	105	51	98	81	20	17	83	21	105	128	57	40	75	36	113	50	122	97	18	56	88	9	122	115	59	51	37	112	8	118	26	6	22	47	22	15	80	100	10	69	98	61	88	121	29	60	2	91	28	27	96	67	124	116	86	94	127	64	124	110	13	45	38	58	97	10	40	79	81	96	118	75	111
0	0	0	0	0	0	0	0	0	0	0	0	0	0	0	0	0	0	0	0	0	0	0	0	0	0	0	0	0	0	0	0	0	0	0	0	13	104	75	53	114	126	58	76	67	29	1	98	66	15	89	117	126	76	86	44	63	11	120	96	65	94	74	24	127	20	51	84	31	39	36	79	73	57	20	29	10	42	84	21	29	31	69	78	126	115	51	26	79	117	59	128	79	91	43	86	14	47	10	27	2	23	126	85	20	30	4	16	83	44	40	26	75	125	34	25	47	39	96	41	80	109	59	18	48	40	40	102
0	0	0	0	0	0	0	0	0	0	0	0	0	0	0	0	0	0	0	0	0	0	0	0	0	0	0	0	0	0	0	0	0	0	0	0	0	52	36	106	120	88	96	121	16	92	124	34	60	5	120	127	49	64	46	2	38	114	11	83	9	113	101	109	35	47	13	61	7	125	96	97	10	120	9	73	103	65	66	60	26	12	65	124	68	58	110	91	105	34	56	41	18	98	40	127	58	64	2	18	35	39	2	10	105	45	5	26	123	11	128	10	50	32	52	1	65	88	33	31	47	32	103	111	22	84	124	41
0	0	0	0	0	0	0	0	0	0	0	0	0	0	0	0	0	0	0	0	0	0	0	0	0	0	0	0	0	0	0	0	0	0	0	0	0	0	14	104	69	119	66	127	79	68	11	114	61	122	61	102	23	44	100	99	126	19	11	106	47	42	58	71	36	106	38	114	86	125	127	97	90	98	18	102	14	103	107	95	107	35	125	32	27	115	60	79	94	19	114	126	98	28	63	77	61	77	66	41	45	94	82	115	40	105	88	36	104	97	114	26	38	84	66	42	21	29	33	8	108	91	101	32	97	75	57	117
0	0	0	0	0	0	0	0	0	0	0	0	0	0	0	0	0	0	0	0	0	0	0	0	0	0	0	0	0	0	0	0	0	0	0	0	0	0	0	92	5	11	128	25	127	17	26	112	96	126	83	104	106	31	84	78	25	73	27	58	54	84	86	106	28	34	99	44	95	77	53	41	13	49	67	116	71	32	127	38	117	106	66	78	27	78	64	23	13	42	5	63	64	106	18	61	121	29	68	58	56	78	91	5	126	119	18	35	12	13	77	48	71	41	80	78	11	108	23	116	41	27	67	117	111	57	98	98
0	0	0	0	0	0	0	0	0	0	0	0	0	0	0	0	0	0	0	0	0	0	0	0	0	0	0	0	0	0	0	0	0	0	0	0	0	0	0	0	41	45	93	68	59	85	76	113	122	119	114	62	96	29	58	14	108	28	66	70	17	37	47	34	3	101	38	128	63	13	54	100	10	34	117	37	104	38	128	13	78	122	12	71	92	21	78	7	74	23	56	12	7	44	125	89	6	78	44	4	37	36	27	19	119	85	105	53	15	59	8	54	88	6	83	16	115	73	64	53	45	113	66	115	52	35	30	106
0	0	0	0	0	0	0	0	0	0	0	0	0	0	0	0	0	0	0	0	0	0	0	0	0	0	0	0	0	0	0	0	0	0	0	0	0	0	0	0	0	123	71	106	39	56	14	4	126	74	104	124	20	35	51	127	18	124	100	16	65	4	36	53	51	97	11	56	38	29	65	108	16	67	85	48	32	127	51	68	92	57	89	125	72	91	4	42	123	55	14	62	5	48	98	64	104	21	99	60	64	109	33	90	90	127	60	38	41	103	52	30	115	125	114	3	121	74	23	91	57	8	61	5	104	21	91	44
0	0	0	0	0	0	0	0	0	0	0	0	0	0	0	0	0	0	0	0	0	0	0	0	0	0	0	0	0	0	0	0	0	0	0	0	0	0	0	0	0	0	42	97	20	22	35	65	23	35	26	22	98	97	71	76	120	95	47	6	12	124	66	28	110	82	102	18	15	29	68	97	90	107	59	31	114	27	69	107	111	25	80	88	89	5	43	66	115	3	11	12	3	115	47	38	71	117	69	84	2	30	122	65	58	69	81	50	25	59	87	48	62	66	31	21	50	108	46	10	117	4	4	92	88	60	51	73
0	0	0	0	0	0	0	0	0	0	0	0	0	0	0	0	0	0	0	0	0	0	0	0	0	0	0	0	0	0	0	0	0	0	0	0	0	0	0	0	0	0	0	17	62	11	98	125	24	12	90	83	56	87	28	47	83	114	59	43	42	76	108	67	103	16	114	77	86	70	128	38	5	66	32	97	45	11	67	33	38	121	64	26	69	72	41	46	8	105	54	68	63	10	28	117	48	91	6	117	55	19	8	113	109	37	65	64	80	67	100	31	29	92	106	110	76	117	98	17	105	29	62	36	88	124	105	116
0	0	0	0	0	0	0	0	0	0	0	0	0	0	0	0	0	0	0	0	0	0	0	0	0	0	0	0	0	0	0	0	0	0	0	0	0	0	0	0	0	0	0	0	49	119	22	16	113	38	94	18	17	87	125	56	28	43	69	75	71	78	89	126	60	40	26	50	84	5	9	44	60	31	78	89	123	72	84	116	11	123	13	29	67	83	76	67	69	10	127	60	32	14	31	48	27	56	102	23	100	30	112	51	121	55	51	10	17	101	70	83	68	58	35	109	108	85	48	90	10	123	21	77	42	36	62	9
0	0	0	0	0	0	0	0	0	0	0	0	0	0	0	0	0	0	0	0	0	0	0	0	0	0	0	0	0	0	0	0	0	0	0	0	0	0	0	0	0	0	0	0	0	65	112	20	60	112	31	3	12	69	50	90	12	72	52	48	113	52	59	20	38	18	45	19	75	19	36	81	98	119	2	127	50	9	44	48	80	107	17	51	80	59	12	30	64	33	53	39	81	73	42	109	83	63	10	94	57	68	84	4	53	115	124	110	30	119	24	52	23	46	42	85	22	21	72	86	20	22	21	21	108	97	4	11
0	0	0	0	0	0	0	0	0	0	0	0	0	0	0	0	0	0	0	0	0	0	0	0	0	0	0	0	0	0	0	0	0	0	0	0	0	0	0	0	0	0	0	0	0	0	119	13	113	59	92	20	103	124	125	61	77	39	19	101	10	42	95	45	71	15	47	41	90	10	89	111	38	85	98	116	93	39	95	113	124	2	119	115	96	80	75	104	121	32	68	57	1	122	44	55	69	23	123	62	61	58	68	67	67	68	54	77	55	74	71	125	51	19	97	18	56	25	93	109	66	70	86	27	15	81	66	22
0	0	0	0	0	0	0	0	0	0	0	0	0	0	0	0	0	0	0	0	0	0	0	0	0	0	0	0	0	0	0	0	0	0	0	0	0	0	0	0	0	0	0	0	0	0	0	20	117	88	50	124	57	18	63	56	83	86	118	14	50	59	53	91	82	101	94	22	64	128	98	8	78	88	68	89	99	51	87	104	13	94	16	52	119	122	95	29	16	43	57	90	30	106	77	71	7	80	6	16	108	76	105	57	111	35	75	62	79	54	15	51	18	8	50	75	18	41	32	122	100	29	7	21	39	98	45	86
0	0	0	0	0	0	0	0	0	0	0	0	0	0	0	0	0	0	0	0	0	0	0	0	0	0	0	0	0	0	0	0	0	0	0	0	0	0	0	0	0	0	0	0	0	0	0	0	25	40	39	46	63	81	118	11	96	97	76	66	77	65	18	62	13	11	60	111	56	112	74	89	77	12	41	90	60	56	88	66	108	25	10	123	23	45	7	74	115	68	22	117	106	51	117	15	97	78	94	78	43	93	107	82	114	73	44	109	26	120	71	68	127	92	57	106	96	115	74	59	34	21	19	100	34	51	44	125
0	0	0	0	0	0	0	0	0	0	0	0	0	0	0	0	0	0	0	0	0	0	0	0	0	0	0	0	0	0	0	0	0	0	0	0	0	0	0	0	0	0	0	0	0	0	0	0	0	110	107	11	22	122	94	110	88	45	103	66	97	116	92	102	31	64	83	122	62	9	59	44	50	123	48	93	110	34	39	64	10	99	14	11	113	106	39	119	97	25	68	22	42	60	99	77	19	103	55	67	31	34	114	113	7	15	14	27	112	79	125	65	106	116	96	78	70	122	49	7	96	73	72	43	108	51	110	9
0	0	0	0	0	0	0	0	0	0	0	0	0	0	0	0	0	0	0	0	0	0	0	0	0	0	0	0	0	0	0	0	0	0	0	0	0	0	0	0	0	0	0	0	0	0	0	0	0	0	19	72	23	56	122	10	106	90	119	101	96	111	83	123	70	70	30	124	18	104	116	124	32	22	90	3	25	46	92	85	115	107	25	33	127	30	48	8	82	59	128	16	40	58	37	36	11	26	76	70	67	38	121	104	17	38	71	125	88	14	57	41	120	3	93	51	109	69	103	92	39	93	9	108	68	14	106	64
0	0	0	0	0	0	0	0	0	0	0	0	0	0	0	0	0	0	0	0	0	0	0	0	0	0	0	0	0	0	0	0	0	0	0	0	0	0	0	0	0	0	0	0	0	0	0	0	0	0	0	68	82	61	45	27	27	116	19	78	37	44	54	22	115	28	51	65	11	4	14	109	96	38	51	6	97	22	88	102	110	68	77	37	106	88	29	90	17	73	3	117	43	16	122	33	22	55	105	120	49	50	78	38	14	125	113	53	88	2	29	19	69	17	110	1	121	16	89	8	4	109	77	83	87	125	85	2
0	0	0	0	0	0	0	0	0	0	0	0	0	0	0	0	0	0	0	0	0	0	0	0	0	0	0	0	0	0	0	0	0	0	0	0	0	0	0	0	0	0	0	0	0	0	0	0	0	0	0	0	119	80	98	49	48	37	65	4	107	38	41	125	63	109	73	58	118	30	77	25	54	121	57	84	62	29	44	54	11	85	74	69	95	70	51	78	54	84	51	106	29	30	19	103	70	68	50	70	63	119	40	117	115	112	73	35	73	67	128	63	60	79	125	79	68	70	99	59	46	26	74	58	120	103	20	74
0	0	0	0	0	0	0	0	0	0	0	0	0	0	0	0	0	0	0	0	0	0	0	0	0	0	0	0	0	0	0	0	0	0	0	0	0	0	0	0	0	0	0	0	0	0	0	0	0	0	0	0	0	91	9	81	32	115	85	100	43	5	84	111	79	48	107	100	28	5	15	31	81	118	9	33	77	111	45	27	82	115	30	112	89	54	84	123	26	79	65	69	74	35	17	33	3	107	75	42	58	26	100	66	82	73	16	104	16	103	5	84	108	80	38	60	125	76	41	49	7	87	99	7	80	48	114	117
0	0	0	0	0	0	0	0	0	0	0	0	0	0	0	0	0	0	0	0	0	0	0	0	0	0	0	0	0	0	0	0	0	0	0	0	0	0	0	0	0	0	0	0	0	0	0	0	0	0	0	0	0	0	101	8	26	49	72	124	6	18	38	58	42	52	47	23	126	122	19	75	2	108	32	55	20	70	38	58	46	36	79	56	15	6	90	105	82	95	100	43	63	79	103	76	71	52	26	105	58	53	13	12	121	85	17	88	78	41	128	118	15	27	83	106	105	54	31	29	61	74	2	124	54	127	105	8
0	0	0	0	0	0	0	0	0	0	0	0	0	0	0	0	0	0	0	0	0	0	0	0	0	0	0	0	0	0	0	0	0	0	0	0	0	0	0	0	0	0	0	0	0	0	0	0	0	0	0	0	0	0	0	126	21	120	30	17	96	15	39	37	58	37	26	91	6	12	15	111	29	124	115	91	71	99	42	89	35	97	21	10	119	27	6	83	47	42	71	30	12	127	111	100	52	32	82	119	84	91	83	26	42	11	110	77	11	61	37	106	31	16	55	28	18	103	115	13	89	113	21	123	70	18	85	45
0	0	0	0	0	0	0	0	0	0	0	0	0	0	0	0	0	0	0	0	0	0	0	0	0	0	0	0	0	0	0	0	0	0	0	0	0	0	0	0	0	0	0	0	0	0	0	0	0	0	0	0	0	0	0	0	16	21	6	34	31	17	99	18	52	12	34	64	54	22	36	39	95	30	124	43	128	89	34	107	84	100	67	74	35	80	60	103	109	113	15	88	87	54	21	9	10	114	111	67	48	25	49	73	16	65	62	108	84	65	79	26	66	87	119	18	79	113	16	62	50	75	3	33	106	113	15	46
0	0	0	0	0	0	0	0	0	0	0	0	0	0	0	0	0	0	0	0	0	0	0	0	0	0	0	0	0	0	0	0	0	0	0	0	0	0	0	0	0	0	0	0	0	0	0	0	0	0	0	0	0	0	0	0	0	62	92	77	114	78	22	93	124	83	9	31	34	95	8	124	54	48	34	20	50	7	23	61	19	93	58	69	42	1	88	123	64	121	128	50	19	104	95	110	61	109	109	85	61	11	109	9	84	82	33	64	43	17	112	120	118	90	24	62	99	79	27	22	26	43	48	94	79	75	49	106
0	0	0	0	0	0	0	0	0	0	0	0	0	0	0	0	0	0	0	0	0	0	0	0	0	0	0	0	0	0	0	0	0	0	0	0	0	0	0	0	0	0	0	0	0	0	0	0	0	0	0	0	0	0	0	0	0	0	126	66	65	76	40	93	26	11	63	123	76	31	85	79	19	116	73	27	115	37	4	57	90	16	112	64	39	98	70	36	109	29	8	21	53	120	99	16	121	18	116	114	127	29	4	100	76	95	89	17	123	71	128	68	32	124	41	9	72	45	47	47	48	26	127	52	29	27	79	24
0	0	0	0	0	0	0	0	0	0	0	0	0	0	0	0	0	0	0	0	0	0	0	0	0	0	0	0	0	0	0	0	0	0	0	0	0	0	0	0	0	0	0	0	0	0	0	0	0	0	0	0	0	0	0	0	0	0	0	38	122	112	102	117	1	74	20	38	35	125	58	33	71	72	123	85	78	35	78	18	53	82	55	28	101	126	10	41	114	88	111	44	126	92	111	66	71	8	117	33	45	110	33	116	62	9	91	70	25	46	117	40	68	75	43	26	89	79	19	53	97	92	64	102	62	13	40	106
0	0	0	0	0	0	0	0	0	0	0	0	0	0	0	0	0	0	0	0	0	0	0	0	0	0	0	0	0	0	0	0	0	0	0	0	0	0	0	0	0	0	0	0	0	0	0	0	0	0	0	0	0	0	0	0	0	0	0	0	59	123	95	96	19	86	102	9	90	81	6	18	109	3	115	35	88	96	32	110	52	123	106	124	44	10	23	114	65	112	116	6	32	15	95	46	120	104	52	96	34	43	116	116	122	76	83	45	102	54	56	37	14	34	125	64	110	2	66	35	47	51	98	88	51	65	49	119
0	0	0	0	0	0	0	0	0	0	0	0	0	0	0	0	0	0	0	0	0	0	0	0	0	0	0	0	0	0	0	0	0	0	0	0	0	0	0	0	0	0	0	0	0	0	0	0	0	0	0	0	0	0	0	0	0	0	0	0	0	96	61	39	58	9	93	115	75	93	3	126	30	79	76	21	59	26	5	16	15	94	41	120	98	47	124	127	103	10	32	32	65	79	83	75	45	28	128	102	1	115	38	90	32	18	49	86	65	107	114	46	14	73	30	108	25	56	5	100	83	51	87	115	87	14	81	114
0	0	0	0	0	0	0	0	0	0	0	0	0	0	0	0	0	0	0	0	0	0	0	0	0	0	0	0	0	0	0	0	0	0	0	0	0	0	0	0	0	0	0	0	0	0	0	0	0	0	0	0	0	0	0	0	0	0	0	0	0	0	93	113	120	95	68	105	77	46	72	94	64	57	51	82	24	28	68	15	5	83	86	100	51	116	98	63	54	36	120	114	106	53	49	35	93	71	92	117	66	120	97	19	65	125	34	6	32	103	36	21	108	85	100	126	106	66	70	88	9	77	117	18	88	99	128	36
0	0	0	0	0	0	0	0	0	0	0	0	0	0	0	0	0	0	0	0	0	0	0	0	0	0	0	0	0	0	0	0	0	0	0	0	0	0	0	0	0	0	0	0	0	0	0	0	0	0	0	0	0	0	0	0	0	0	0	0	0	0	0	51	106	87	42	22	92	75	123	21	18	3	9	59	123	43	75	71	51	45	73	55	2	71	46	64	49	4	56	55	33	128	104	57	126	19	114	120	17	103	79	18	83	121	47	13	18	20	43	41	109	77	117	11	105	19	47	118	109	12	22	91	40	19	26	98
0	0	0	0	0	0	0	0	0	0	0	0	0	0	0	0	0	0	0	0	0	0	0	0	0	0	0	0	0	0	0	0	0	0	0	0	0	0	0	0	0	0	0	0	0	0	0	0	0	0	0	0	0	0	0	0	0	0	0	0	0	0	0	0	44	37	95	25	125	67	57	14	114	85	5	126	44	108	114	83	101	53	6	73	64	128	101	69	11	47	99	77	45	1	1	107	17	113	100	32	12	31	32	25	75	14	48	121	70	100	101	19	76	78	95	114	56	48	117	12	84	20	14	122	109	4	43	114
0	0	0	0	0	0	0	0	0	0	0	0	0	0	0	0	0	0	0	0	0	0	0	0	0	0	0	0	0	0	0	0	0	0	0	0	0	0	0	0	0	0	0	0	0	0	0	0	0	0	0	0	0	0	0	0	0	0	0	0	0	0	0	0	0	92	33	91	30	35	41	41	75	67	14	70	100	54	82	115	1	29	30	102	6	36	37	112	15	33	33	126	55	2	56	125	4	61	111	65	70	65	46	58	100	6	110	11	34	56	101	88	120	59	125	76	46	125	39	51	76	2	100	102	86	45	7	4
0	0	0	0	0	0	0	0	0	0	0	0	0	0	0	0	0	0	0	0	0	0	0	0	0	0	0	0	0	0	0	0	0	0	0	0	0	0	0	0	0	0	0	0	0	0	0	0	0	0	0	0	0	0	0	0	0	0	0	0	0	0	0	0	0	0	12	88	74	39	26	60	120	50	31	72	66	11	90	94	92	99	92	30	92	59	117	127	75	22	101	20	80	23	26	102	74	88	52	16	21	59	2	112	27	125	106	113	69	62	40	25	47	109	123	38	71	17	33	29	73	66	39	77	44	83	20	73
0	0	0	0	0	0	0	0	0	0	0	0	0	0	0	0	0	0	0	0	0	0	0	0	0	0	0	0	0	0	0	0	0	0	0	0	0	0	0	0	0	0	0	0	0	0	0	0	0	0	0	0	0	0	0	0	0	0	0	0	0	0	0	0	0	0	0	3	50	77	36	89	52	44	116	123	28	87	90	85	44	14	9	21	34	115	90	22	74	85	79	96	10	17	121	19	119	85	78	113	92	37	117	50	19	86	25	77	31	22	56	22	107	115	56	56	86	98	110	104	104	109	1	12	15	68	45	95
0	0	0	0	0	0	0	0	0	0	0	0	0	0	0	0	0	0	0	0	0	0	0	0	0	0	0	0	0	0	0	0	0	0	0	0	0	0	0	0	0	0	0	0	0	0	0	0	0	0	0	0	0	0	0	0	0	0	0	0	0	0	0	0	0	0	0	0	11	32	102	24	97	96	21	37	127	68	113	107	73	14	29	20	5	102	92	67	80	106	13	45	43	87	33	109	100	59	78	115	38	79	53	8	116	93	29	29	108	119	37	87	22	70	104	111	120	100	45	62	116	115	93	109	128	43	86	9
0	0	0	0	0	0	0	0	0	0	0	0	0	0	0	0	0	0	0	0	0	0	0	0	0	0	0	0	0	0	0	0	0	0	0	0	0	0	0	0	0	0	0	0	0	0	0	0	0	0	0	0	0	0	0	0	0	0	0	0	0	0	0	0	0	0	0	0	0	52	8	9	17	3	34	23	18	7	16	10	40	81	3	70	20	103	18	83	19	93	15	12	97	1	21	59	110	15	97	104	83	88	2	57	102	55	91	117	78	101	18	40	74	32	84	94	63	98	76	101	36	20	99	98	31	17	118	107
0	0	0	0	0	0	0	0	0	0	0	0	0	0	0	0	0	0	0	0	0	0	0	0	0	0	0	0	0	0	0	0	0	0	0	0	0	0	0	0	0	0	0	0	0	0	0	0	0	0	0	0	0	0	0	0	0	0	0	0	0	0	0	0	0	0	0	0	0	0	18	89	38	5	85	26	29	127	57	10	94	103	128	25	25	60	4	110	27	59	75	25	114	20	72	55	56	104	12	62	59	42	22	12	28	114	9	55	58	60	27	17	122	39	103	123	101	59	111	85	113	10	107	77	77	28	95	97
0	0	0	0	0	0	0	0	0	0	0	0	0	0	0	0	0	0	0	0	0	0	0	0	0	0	0	0	0	0	0	0	0	0	0	0	0	0	0	0	0	0	0	0	0	0	0	0	0	0	0	0	0	0	0	0	0	0	0	0	0	0	0	0	0	0	0	0	0	0	0	94	60	11	82	125	45	65	84	101	30	3	16	49	87	16	63	71	94	75	41	74	105	61	30	89	91	34	31	108	23	121	69	79	107	19	56	33	88	51	29	109	17	12	12	109	126	33	25	102	83	53	93	37	118	115	72	44
0	0	0	0	0	0	0	0	0	0	0	0	0	0	0	0	0	0	0	0	0	0	0	0	0	0	0	0	0	0	0	0	0	0	0	0	0	0	0	0	0	0	0	0	0	0	0	0	0	0	0	0	0	0	0	0	0	0	0	0	0	0	0	0	0	0	0	0	0	0	0	0	90	40	72	93	15	36	98	117	5	2	43	49	70	41	106	26	9	69	1	41	102	30	94	93	5	127	94	119	45	88	59	122	53	17	101	86	1	125	43	73	22	110	8	111	89	50	30	29	12	13	37	113	36	31	14	91
0	0	0	0	0	0	0	0	0	0	0	0	0	0	0	0	0	0	0	0	0	0	0	0	0	0	0	0	0	0	0	0	0	0	0	0	0	0	0	0	0	0	0	0	0	0	0	0	0	0	0	0	0	0	0	0	0	0	0	0	0	0	0	0	0	0	0	0	0	0	0	0	0	116	112	87	26	95	108	65	50	39	62	75	89	31	40	10	72	108	23	97	118	74	38	86	22	69	32	81	35	95	94	22	41	86	73	90	73	45	33	42	27	87	2	75	16	27	117	35	1	5	62	72	81	28	7	26
0	0	0	0	0	0	0	0	0	0	0	0	0	0	0	0	0	0	0	0	0	0	0	0	0	0	0	0	0	0	0	0	0	0	0	0	0	0	0	0	0	0	0	0	0	0	0	0	0	0	0	0	0	0	0	0	0	0	0	0	0	0	0	0	0	0	0	0	0	0	0	0	0	0	54	87	120	78	117	55	34	10	80	50	18	27	77	11	26	119	4	108	100	128	98	51	99	99	26	26	90	48	24	23	63	22	18	108	5	12	48	8	42	80	29	119	59	72	68	6	20	36	126	121	31	113	3	1
0	0	0	0	0	0	0	0	0	0	0	0	0	0	0	0	0	0	0	0	0	0	0	0	0	0	0	0	0	0	0	0	0	0	0	0	0	0	0	0	0	0	0	0	0	0	0	0	0	0	0	0	0	0	0	0	0	0	0	0	0	0	0	0	0	0	0	0	0	0	0	0	0	0	0	83	32	101	4	46	37	31	31	16	55	103	40	97	113	110	4	43	95	11	123	4	115	99	55	59	42	78	48	110	1	65	96	83	56	80	83	85	61	43	51	74	60	68	77	88	113	82	74	31	16	27	121	118
0	0	0	0	0	0	0	0	0	0	0	0	0	0	0	0	0	0	0	0	0	0	0	0	0	0	0	0	0	0	0	0	0	0	0	0	0	0	0	0	0	0	0	0	0	0	0	0	0	0	0	0	0	0	0	0	0	0	0	0	0	0	0	0	0	0	0	0	0	0	0	0	0	0	0	0	27	41	85	4	11	17	26	127	118	47	76	62	75	39	55	4	109	101	66	77	7	66	34	44	22	52	51	91	7	73	35	40	34	36	14	66	125	107	12	123	93	47	88	104	22	66	101	110	2	80	48	104
0	0	0	0	0	0	0	0	0	0	0	0	0	0	0	0	0	0	0	0	0	0	0	0	0	0	0	0	0	0	0	0	0	0	0	0	0	0	0	0	0	0	0	0	0	0	0	0	0	0	0	0	0	0	0	0	0	0	0	0	0	0	0	0	0	0	0	0	0	0	0	0	0	0	0	0	0	72	30	127	78	107	36	97	34	36	50	109	112	86	22	27	27	121	118	119	13	76	117	75	82	60	16	11	90	51	14	96	32	61	56	46	97	36	65	103	39	4	87	125	44	100	118	1	18	87	78	57
0	0	0	0	0	0	0	0	0	0	0	0	0	0	0	0	0	0	0	0	0	0	0	0	0	0	0	0	0	0	0	0	0	0	0	0	0	0	0	0	0	0	0	0	0	0	0	0	0	0	0	0	0	0	0	0	0	0	0	0	0	0	0	0	0	0	0	0	0	0	0	0	0	0	0	0	0	0	7	68	21	119	106	126	22	78	104	55	122	82	78	8	52	82	113	50	101	94	31	110	11	53	52	117	122	37	9	113	19	50	24	89	85	42	92	16	118	109	29	115	121	74	108	127	85	124	63	65
0	0	0	0	0	0	0	0	0	0	0	0	0	0	0	0	0	0	0	0	0	0	0	0	0	0	0	0	0	0	0	0	0	0	0	0	0	0	0	0	0	0	0	0	0	0	0	0	0	0	0	0	0	0	0	0	0	0	0	0	0	0	0	0	0	0	0	0	0	0	0	0	0	0	0	0	0	0	0	58	84	33	102	63	49	51	37	105	63	121	61	25	28	88	120	88	44	22	30	8	15	20	116	89	18	84	8	49	17	33	17	95	17	21	122	14	65	52	72	26	87	72	22	9	93	91	98	76
0	0	0	0	0	0	0	0	0	0	0	0	0	0	0	0	0	0	0	0	0	0	0	0	0	0	0	0	0	0	0	0	0	0	0	0	0	0	0	0	0	0	0	0	0	0	0	0	0	0	0	0	0	0	0	0	0	0	0	0	0	0	0	0	0	0	0	0	0	0	0	0	0	0	0	0	0	0	0	0	16	13	114	112	106	4	62	82	52	5	116	51	5	96	70	122	122	30	25	124	87	93	49	111	38	7	70	22	97	28	103	61	45	125	45	15	107	39	72	80	2	55	52	5	56	83	19	127
0	0	0	0	0	0	0	0	0	0	0	0	0	0	0	0	0	0	0	0	0	0	0	0	0	0	0	0	0	0	0	0	0	0	0	0	0	0	0	0	0	0	0	0	0	0	0	0	0	0	0	0	0	0	0	0	0	0	0	0	0	0	0	0	0	0	0	0	0	0	0	0	0	0	0	0	0	0	0	0	0	116	61	28	39	20	93	25	68	67	107	82	91	79	100	87	25	61	20	62	21	80	7	56	35	17	78	34	68	80	73	72	125	10	73	92	87	92	110	85	103	22	2	97	116	59	92	96
0	0	0	0	0	0	0	0	0	0	0	0	0	0	0	0	0	0	0	0	0	0	0	0	0	0	0	0	0	0	0	0	0	0	0	0	0	0	0	0	0	0	0	0	0	0	0	0	0	0	0	0	0	0	0	0	0	0	0	0	0	0	0	0	0	0	0	0	0	0	0	0	0	0	0	0	0	0	0	0	0	0	4	101	69	114	41	100	8	19	5	62	21	80	31	62	100	71	4	112	41	14	83	27	69	41	113	28	16	13	47	37	59	16	34	93	70	2	48	60	99	38	74	113	34	120	100	86
0	0	0	0	0	0	0	0	0	0	0	0	0	0	0	0	0	0	0	0	0	0	0	0	0	0	0	0	0	0	0	0	0	0	0	0	0	0	0	0	0	0	0	0	0	0	0	0	0	0	0	0	0	0	0	0	0	0	0	0	0	0	0	0	0	0	0	0	0	0	0	0	0	0	0	0	0	0	0	0	0	0	0	115	100	108	70	50	96	38	9	62	17	104	119	48	70	120	106	86	31	36	57	37	12	24	97	53	128	73	20	1	21	95	43	66	33	112	54	112	117	29	40	112	103	73	38	38
0	0	0	0	0	0	0	0	0	0	0	0	0	0	0	0	0	0	0	0	0	0	0	0	0	0	0	0	0	0	0	0	0	0	0	0	0	0	0	0	0	0	0	0	0	0	0	0	0	0	0	0	0	0	0	0	0	0	0	0	0	0	0	0	0	0	0	0	0	0	0	0	0	0	0	0	0	0	0	0	0	0	0	0	119	101	89	17	34	13	32	93	47	6	65	60	83	122	63	84	8	114	64	19	54	88	120	2	106	93	26	69	25	10	115	122	113	70	35	124	83	21	6	120	83	86	105	116
0	0	0	0	0	0	0	0	0	0	0	0	0	0	0	0	0	0	0	0	0	0	0	0	0	0	0	0	0	0	0	0	0	0	0	0	0	0	0	0	0	0	0	0	0	0	0	0	0	0	0	0	0	0	0	0	0	0	0	0	0	0	0	0	0	0	0	0	0	0	0	0	0	0	0	0	0	0	0	0	0	0	0	0	0	3	39	116	24	102	35	101	58	80	36	75	76	103	87	36	47	14	13	37	10	3	35	40	24	65	86	62	26	33	53	92	118	116	63	14	87	41	4	32	44	41	22	31
0	0	0	0	0	0	0	0	0	0	0	0	0	0	0	0	0	0	0	0	0	0	0	0	0	0	0	0	0	0	0	0	0	0	0	0	0	0	0	0	0	0	0	0	0	0	0	0	0	0	0	0	0	0	0	0	0	0	0	0	0	0	0	0	0	0	0	0	0	0	0	0	0	0	0	0	0	0	0	0	0	0	0	0	0	0	108	46	62	13	26	125	10	7	10	51	36	69	15	63	97	92	104	78	93	118	68	113	32	79	72	114	21	74	33	76	41	38	26	118	121	94	84	31	100	125	10	58
0	0	0	0	0	0	0	0	0	0	0	0	0	0	0	0	0	0	0	0	0	0	0	0	0	0	0	0	0	0	0	0	0	0	0	0	0	0	0	0	0	0	0	0	0	0	0	0	0	0	0	0	0	0	0	0	0	0	0	0	0	0	0	0	0	0	0	0	0	0	0	0	0	0	0	0	0	0	0	0	0	0	0	0	0	0	0	9	43	105	75	107	125	68	34	84	22	33	72	86	116	65	112	78	54	28	112	39	98	124	41	89	7	65	128	10	128	115	70	113	11	24	40	84	53	99	106	100
0	0	0	0	0	0	0	0	0	0	0	0	0	0	0	0	0	0	0	0	0	0	0	0	0	0	0	0	0	0	0	0	0	0	0	0	0	0	0	0	0	0	0	0	0	0	0	0	0	0	0	0	0	0	0	0	0	0	0	0	0	0	0	0	0	0	0	0	0	0	0	0	0	0	0	0	0	0	0	0	0	0	0	0	0	0	0	0	6	85	46	3	54	19	102	19	121	52	54	29	73	85	103	66	42	54	70	2	60	35	76	34	72	100	60	66	56	126	108	74	29	58	80	71	25	44	97	43
0	0	0	0	0	0	0	0	0	0	0	0	0	0	0	0	0	0	0	0	0	0	0	0	0	0	0	0	0	0	0	0	0	0	0	0	0	0	0	0	0	0	0	0	0	0	0	0	0	0	0	0	0	0	0	0	0	0	0	0	0	0	0	0	0	0	0	0	0	0	0	0	0	0	0	0	0	0	0	0	0	0	0	0	0	0	0	0	0	19	66	73	113	75	118	57	71	120	2	100	87	123	35	121	35	118	105	1	20	78	40	12	56	101	7	8	31	13	72	105	88	36	97	29	71	13	115	104
0	0	0	0	0	0	0	0	0	0	0	0	0	0	0	0	0	0	0	0	0	0	0	0	0	0	0	0	0	0	0	0	0	0	0	0	0	0	0	0	0	0	0	0	0	0	0	0	0	0	0	0	0	0	0	0	0	0	0	0	0	0	0	0	0	0	0	0	0	0	0	0	0	0	0	0	0	0	0	0	0	0	0	0	0	0	0	0	0	0	81	104	58	45	33	17	100	39	71	39	111	123	84	79	59	125	59	87	123	68	48	57	59	107	85	122	55	65	92	4	33	83	71	78	81	90	39	52
0	0	0	0	0	0	0	0	0	0	0	0	0	0	0	0	0	0	0	0	0	0	0	0	0	0	0	0	0	0	0	0	0	0	0	0	0	0	0	0	0	0	0	0	0	0	0	0	0	0	0	0	0	0	0	0	0	0	0	0	0	0	0	0	0	0	0	0	0	0	0	0	0	0	0	0	0	0	0	0	0	0	0	0	0	0	0	0	0	0	0	127	30	100	72	87	61	123	84	120	115	115	17	117	111	74	115	39	106	92	11	120	14	121	124	109	11	27	68	23	45	28	7	24	46	124	84	42
0	0	0	0	0	0	0	0	0	0	0	0	0	0	0	0	0	0	0	0	0	0	0	0	0	0	0	0	0	0	0	0	0	0	0	0	0	0	0	0	0	0	0	0	0	0	0	0	0	0	0	0	0	0	0	0	0	0	0	0	0	0	0	0	0	0	0	0	0	0	0	0	0	0	0	0	0	0	0	0	0	0	0	0	0	0	0	0	0	0	0	0	12	4	21	62	12	112	82	71	67	10	22	99	19	47	113	121	76	29	21	2	74	54	28	4	113	41	37	45	102	93	28	2	42	84	25	34
0	0	0	0	0	0	0	0	0	0	0	0	0	0	0	0	0	0	0	0	0	0	0	0	0	0	0	0	0	0	0	0	0	0	0	0	0	0	0	0	0	0	0	0	0	0	0	0	0	0	0	0	0	0	0	0	0	0	0	0	0	0	0	0	0	0	0	0	0	0	0	0	0	0	0	0	0	0	0	0	0	0	0	0	0	0	0	0	0	0	0	0	0	15	89	69	118	57	42	121	103	6	23	10	111	123	103	1	29	81	35	99	68	124	59	104	67	44	29	51	42	4	94	111	12	77	15	44
0	0	0	0	0	0	0	0	0	0	0	0	0	0	0	0	0	0	0	0	0	0	0	0	0	0	0	0	0	0	0	0	0	0	0	0	0	0	0	0	0	0	0	0	0	0	0	0	0	0	0	0	0	0	0	0	0	0	0	0	0	0	0	0	0	0	0	0	0	0	0	0	0	0	0	0	0	0	0	0	0	0	0	0	0	0	0	0	0	0	0	0	0	0	105	17	65	69	117	99	125	96	64	66	123	120	92	103	78	90	112	2	12	53	48	124	65	8	62	121	77	72	58	21	31	51	74	2
0	0	0	0	0	0	0	0	0	0	0	0	0	0	0	0	0	0	0	0	0	0	0	0	0	0	0	0	0	0	0	0	0	0	0	0	0	0	0	0	0	0	0	0	0	0	0	0	0	0	0	0	0	0	0	0	0	0	0	0	0	0	0	0	0	0	0	0	0	0	0	0	0	0	0	0	0	0	0	0	0	0	0	0	0	0	0	0	0	0	0	0	0	0	0	97	98	9	69	123	22	56	79	100	61	3	119	89	20	101	12	128	21	56	24	27	89	87	115	100	90	85	114	1	67	93	118	124
0	0	0	0	0	0	0	0	0	0	0	0	0	0	0	0	0	0	0	0	0	0	0	0	0	0	0	0	0	0	0	0	0	0	0	0	0	0	0	0	0	0	0	0	0	0	0	0	0	0	0	0	0	0	0	0	0	0	0	0	0	0	0	0	0	0	0	0	0	0	0	0	0	0	0	0	0	0	0	0	0	0	0	0	0	0	0	0	0	0	0	0	0	0	0	0	1	118	70	56	14	10	26	38	44	126	94	106	69	51	122	70	101	128	6	44	110	46	58	113	86	87	35	111	71	42	115	113
0	0	0	0	0	0	0	0	0	0	0	0	0	0	0	0	0	0	0	0	0	0	0	0	0	0	0	0	0	0	0	0	0	0	0	0	0	0	0	0	0	0	0	0	0	0	0	0	0	0	0	0	0	0	0	0	0	0	0	0	0	0	0	0	0	0	0	0	0	0	0	0	0	0	0	0	0	0	0	0	0	0	0	0	0	0	0	0	0	0	0	0	0	0	0	0	0	56	103	109	65	128	128	93	117	101	12	92	98	5	46	60	56	1	19	74	11	62	44	104	74	6	23	100	36	94	49	12
0	0	0	0	0	0	0	0	0	0	0	0	0	0	0	0	0	0	0	0	0	0	0	0	0	0	0	0	0	0	0	0	0	0	0	0	0	0	0	0	0	0	0	0	0	0	0	0	0	0	0	0	0	0	0	0	0	0	0	0	0	0	0	0	0	0	0	0	0	0	0	0	0	0	0	0	0	0	0	0	0	0	0	0	0	0	0	0	0	0	0	0	0	0	0	0	0	0	76	32	53	3	121	41	90	78	127	72	103	9	75	51	71	112	10	9	123	3	50	44	83	105	38	124	68	108	6	98
0	0	0	0	0	0	0	0	0	0	0	0	0	0	0	0	0	0	0	0	0	0	0	0	0	0	0	0	0	0	0	0	0	0	0	0	0	0	0	0	0	0	0	0	0	0	0	0	0	0	0	0	0	0	0	0	0	0	0	0	0	0	0	0	0	0	0	0	0	0	0	0	0	0	0	0	0	0	0	0	0	0	0	0	0	0	0	0	0	0	0	0	0	0	0	0	0	0	0	98	21	13	36	85	115	22	31	65	7	63	46	125	124	48	87	70	124	125	72	77	2	127	101	93	19	56	49	32
0	0	0	0	0	0	0	0	0	0	0	0	0	0	0	0	0	0	0	0	0	0	0	0	0	0	0	0	0	0	0	0	0	0	0	0	0	0	0	0	0	0	0	0	0	0	0	0	0	0	0	0	0	0	0	0	0	0	0	0	0	0	0	0	0	0	0	0	0	0	0	0	0	0	0	0	0	0	0	0	0	0	0	0	0	0	0	0	0	0	0	0	0	0	0	0	0	0	0	0	76	55	45	31	111	2	2	71	117	59	105	93	93	115	23	2	43	44	33	103	42	50	98	113	44	51	13	88
0	0	0	0	0	0	0	0	0	0	0	0	0	0	0	0	0	0	0	0	0	0	0	0	0	0	0	0	0	0	0	0	0	0	0	0	0	0	0	0	0	0	0	0	0	0	0	0	0	0	0	0	0	0	0	0	0	0	0	0	0	0	0	0	0	0	0	0	0	0	0	0	0	0	0	0	0	0	0	0	0	0	0	0	0	0	0	0	0	0	0	0	0	0	0	0	0	0	0	0	0	108	125	36	90	51	128	70	37	5	89	51	28	44	25	57	32	120	107	24	102	73	16	22	18	57	122	118
0	0	0	0	0	0	0	0	0	0	0	0	0	0	0	0	0	0	0	0	0	0	0	0	0	0	0	0	0	0	0	0	0	0	0	0	0	0	0	0	0	0	0	0	0	0	0	0	0	0	0	0	0	0	0	0	0	0	0	0	0	0	0	0	0	0	0	0	0	0	0	0	0	0	0	0	0	0	0	0	0	0	0	0	0	0	0	0	0	0	0	0	0	0	0	0	0	0	0	0	0	0	107	106	59	119	75	115	111	19	21	70	45	107	57	99	33	94	124	93	87	23	85	19	36	88	103	105
0	0	0	0	0	0	0	0	0	0	0	0	0	0	0	0	0	0	0	0	0	0	0	0	0	0	0	0	0	0	0	0	0	0	0	0	0	0	0	0	0	0	0	0	0	0	0	0	0	0	0	0	0	0	0	0	0	0	0	0	0	0	0	0	0	0	0	0	0	0	0	0	0	0	0	0	0	0	0	0	0	0	0	0	0	0	0	0	0	0	0	0	0	0	0	0	0	0	0	0	0	0	0	89	7	16	94	62	11	6	66	124	43	100	115	44	2	94	61	56	7	117	127	122	67	54	44	6
0	0	0	0	0	0	0	0	0	0	0	0	0	0	0	0	0	0	0	0	0	0	0	0	0	0	0	0	0	0	0	0	0	0	0	0	0	0	0	0	0	0	0	0	0	0	0	0	0	0	0	0	0	0	0	0	0	0	0	0	0	0	0	0	0	0	0	0	0	0	0	0	0	0	0	0	0	0	0	0	0	0	0	0	0	0	0	0	0	0	0	0	0	0	0	0	0	0	0	0	0	0	0	0	107	110	60	24	61	71	120	56	22	77	49	128	106	100	32	70	56	72	108	28	118	31	105	24
0	0	0	0	0	0	0	0	0	0	0	0	0	0	0	0	0	0	0	0	0	0	0	0	0	0	0	0	0	0	0	0	0	0	0	0	0	0	0	0	0	0	0	0	0	0	0	0	0	0	0	0	0	0	0	0	0	0	0	0	0	0	0	0	0	0	0	0	0	0	0	0	0	0	0	0	0	0	0	0	0	0	0	0	0	0	0	0	0	0	0	0	0	0	0	0	0	0	0	0	0	0	0	0	0	56	78	104	2	3	36	51	17	19	59	14	18	13	8	82	10	72	63	89	52	98	22	47
0	0	0	0	0	0	0	0	0	0	0	0	0	0	0	0	0	0	0	0	0	0	0	0	0	0	0	0	0	0	0	0	0	0	0	0	0	0	0	0	0	0	0	0	0	0	0	0	0	0	0	0	0	0	0	0	0	0	0	0	0	0	0	0	0	0	0	0	0	0	0	0	0	0	0	0	0	0	0	0	0	0	0	0	0	0	0	0	0	0	0	0	0	0	0	0	0	0	0	0	0	0	0	0	0	0	42	58	76	91	124	126	16	124	38	73	57	50	13	94	65	83	128	23	20	109	109	92
0	0	0	0	0	0	0	0	0	0	0	0	0	0	0	0	0	0	0	0	0	0	0	0	0	0	0	0	0	0	0	0	0	0	0	0	0	0	0	0	0	0	0	0	0	0	0	0	0	0	0	0	0	0	0	0	0	0	0	0	0	0	0	0	0	0	0	0	0	0	0	0	0	0	0	0	0	0	0	0	0	0	0	0	0	0	0	0	0	0	0	0	0	0	0	0	0	0	0	0	0	0	0	0	0	0	0	57	116	63	112	64	34	98	28	119	1	11	117	61	102	10	126	126	102	37	83	125
0	0	0	0	0	0	0	0	0	0	0	0	0	0	0	0	0	0	0	0	0	0	0	0	0	0	0	0	0	0	0	0	0	0	0	0	0	0	0	0	0	0	0	0	0	0	0	0	0	0	0	0	0	0	0	0	0	0	0	0	0	0	0	0	0	0	0	0	0	0	0	0	0	0	0	0	0	0	0	0	0	0	0	0	0	0	0	0	0	0	0	0	0	0	0	0	0	0	0	0	0	0	0	0	0	0	0	0	101	20	7	34	106	24	61	108	90	122	123	1	5	84	24	126	111	62	1	119
0	0	0	0	0	0	0	0	0	0	0	0	0	0	0	0	0	0	0	0	0	0	0	0	0	0	0	0	0	0	0	0	0	0	0	0	0	0	0	0	0	0	0	0	0	0	0	0	0	0	0	0	0	0	0	0	0	0	0	0	0	0	0	0	0	0	0	0	0	0	0	0	0	0	0	0	0	0	0	0	0	0	0	0	0	0	0	0	0	0	0	0	0	0	0	0	0	0	0	0	0	0	0	0	0	0	0	0	0	82	69	121	70	99	111	31	67	125	42	37	27	124	46	55	18	58	40	36
0	0	0	0	0	0	0	0	0	0	0	0	0	0	0	0	0	0	0	0	0	0	0	0	0	0	0	0	0	0	0	0	0	0	0	0	0	0	0	0	0	0	0	0	0	0	0	0	0	0	0	0	0	0	0	0	0	0	0	0	0	0	0	0	0	0	0	0	0	0	0	0	0	0	0	0	0	0	0	0	0	0	0	0	0	0	0	0	0	0	0	0	0	0	0	0	0	0	0	0	0	0	0	0	0	0	0	0	0	0	104	109	127	81	12	14	48	16	39	110	113	74	1	21	38	52	14	63
0	0	0	0	0	0	0	0	0	0	0	0	0	0	0	0	0	0	0	0	0	0	0	0	0	0	0	0	0	0	0	0	0	0	0	0	0	0	0	0	0	0	0	0	0	0	0	0	0	0	0	0	0	0	0	0	0	0	0	0	0	0	0	0	0	0	0	0	0	0	0	0	0	0	0	0	0	0	0	0	0	0	0	0	0	0	0	0	0	0	0	0	0	0	0	0	0	0	0	0	0	0	0	0	0	0	0	0	0	0	0	98	49	91	85	95	117	30	11	54	105	10	70	27	89	24	107	84
0	0	0	0	0	0	0	0	0	0	0	0	0	0	0	0	0	0	0	0	0	0	0	0	0	0	0	0	0	0	0	0	0	0	0	0	0	0	0	0	0	0	0	0	0	0	0	0	0	0	0	0	0	0	0	0	0	0	0	0	0	0	0	0	0	0	0	0	0	0	0	0	0	0	0	0	0	0	0	0	0	0	0	0	0	0	0	0	0	0	0	0	0	0	0	0	0	0	0	0	0	0	0	0	0	0	0	0	0	0	0	0	110	119	97	14	49	24	95	81	13	10	43	56	25	102	104	58
0	0	0	0	0	0	0	0	0	0	0	0	0	0	0	0	0	0	0	0	0	0	0	0	0	0	0	0	0	0	0	0	0	0	0	0	0	0	0	0	0	0	0	0	0	0	0	0	0	0	0	0	0	0	0	0	0	0	0	0	0	0	0	0	0	0	0	0	0	0	0	0	0	0	0	0	0	0	0	0	0	0	0	0	0	0	0	0	0	0	0	0	0	0	0	0	0	0	0	0	0	0	0	0	0	0	0	0	0	0	0	0	0	125	27	113	111	120	38	48	16	55	57	65	97	88	96	93
0	0	0	0	0	0	0	0	0	0	0	0	0	0	0	0	0	0	0	0	0	0	0	0	0	0	0	0	0	0	0	0	0	0	0	0	0	0	0	0	0	0	0	0	0	0	0	0	0	0	0	0	0	0	0	0	0	0	0	0	0	0	0	0	0	0	0	0	0	0	0	0	0	0	0	0	0	0	0	0	0	0	0	0	0	0	0	0	0	0	0	0	0	0	0	0	0	0	0	0	0	0	0	0	0	0	0	0	0	0	0	0	0	0	9	109	5	103	4	33	24	71	6	117	128	15	43	99
0	0	0	0	0	0	0	0	0	0	0	0	0	0	0	0	0	0	0	0	0	0	0	0	0	0	0	0	0	0	0	0	0	0	0	0	0	0	0	0	0	0	0	0	0	0	0	0	0	0	0	0	0	0	0	0	0	0	0	0	0	0	0	0	0	0	0	0	0	0	0	0	0	0	0	0	0	0	0	0	0	0	0	0	0	0	0	0	0	0	0	0	0	0	0	0	0	0	0	0	0	0	0	0	0	0	0	0	0	0	0	0	0	0	0	46	116	103	75	61	33	61	30	19	33	98	9	98
0	0	0	0	0	0	0	0	0	0	0	0	0	0	0	0	0	0	0	0	0	0	0	0	0	0	0	0	0	0	0	0	0	0	0	0	0	0	0	0	0	0	0	0	0	0	0	0	0	0	0	0	0	0	0	0	0	0	0	0	0	0	0	0	0	0	0	0	0	0	0	0	0	0	0	0	0	0	0	0	0	0	0	0	0	0	0	0	0	0	0	0	0	0	0	0	0	0	0	0	0	0	0	0	0	0	0	0	0	0	0	0	0	0	0	0	115	39	99	41	105	19	56	127	55	106	70	102
0	0	0	0	0	0	0	0	0	0	0	0	0	0	0	0	0	0	0	0	0	0	0	0	0	0	0	0	0	0	0	0	0	0	0	0	0	0	0	0	0	0	0	0	0	0	0	0	0	0	0	0	0	0	0	0	0	0	0	0	0	0	0	0	0	0	0	0	0	0	0	0	0	0	0	0	0	0	0	0	0	0	0	0	0	0	0	0	0	0	0	0	0	0	0	0	0	0	0	0	0	0	0	0	0	0	0	0	0	0	0	0	0	0	0	0	0	110	16	70	67	5	69	69	10	35	102	82
0	0	0	0	0	0	0	0	0	0	0	0	0	0	0	0	0	0	0	0	0	0	0	0	0	0	0	0	0	0	0	0	0	0	0	0	0	0	0	0	0	0	0	0	0	0	0	0	0	0	0	0	0	0	0	0	0	0	0	0	0	0	0	0	0	0	0	0	0	0	0	0	0	0	0	0	0	0	0	0	0	0	0	0	0	0	0	0	0	0	0	0	0	0	0	0	0	0	0	0	0	0	0	0	0	0	0	0	0	0	0	0	0	0	0	0	0	0	100	39	74	6	69	120	42	31	15	110
0	0	0	0	0	0	0	0	0	0	0	0	0	0	0	0	0	0	0	0	0	0	0	0	0	0	0	0	0	0	0	0	0	0	0	0	0	0	0	0	0	0	0	0	0	0	0	0	0	0	0	0	0	0	0	0	0	0	0	0	0	0	0	0	0	0	0	0	0	0	0	0	0	0	0	0	0	0	0	0	0	0	0	0	0	0	0	0	0	0	0	0	0	0	0	0	0	0	0	0	0	0	0	0	0	0	0	0	0	0	0	0	0	0	0	0	0	0	0	128	28	88	20	107	47	38	64	45
0	0	0	0	0	0	0	0	0	0	0	0	0	0	0	0	0	0	0	0	0	0	0	0	0	0	0	0	0	0	0	0	0	0	0	0	0	0	0	0	0	0	0	0	0	0	0	0	0	0	0	0	0	0	0	0	0	0	0	0	0	0	0	0	0	0	0	0	0	0	0	0	0	0	0	0	0	0	0	0	0	0	0	0	0	0	0	0	0	0	0	0	0	0	0	0	0	0	0	0	0	0	0	0	0	0	0	0	0	0	0	0	0	0	0	0	0	0	0	0	22	60	49	114	74	109	33	122
0	0	0	0	0	0	0	0	0	0	0	0	0	0	0	0	0	0	0	0	0	0	0	0	0	0	0	0	0	0	0	0	0	0	0	0	0	0	0	0	0	0	0	0	0	0	0	0	0	0	0	0	0	0	0	0	0	0	0	0	0	0	0	0	0	0	0	0	0	0	0	0	0	0	0	0	0	0	0	0	0	0	0	0	0	0	0	0	0	0	0	0	0	0	0	0	0	0	0	0	0	0	0	0	0	0	0	0	0	0	0	0	0	0	0	0	0	0	0	0	0	77	46	128	11	115	32	99
0	0	0	0	0	0	0	0	0	0	0	0	0	0	0	0	0	0	0	0	0	0	0	0	0	0	0	0	0	0	0	0	0	0	0	0	0	0	0	0	0	0	0	0	0	0	0	0	0	0	0	0	0	0	0	0	0	0	0	0	0	0	0	0	0	0	0	0	0	0	0	0	0	0	0	0	0	0	0	0	0	0	0	0	0	0	0	0	0	0	0	0	0	0	0	0	0	0	0	0	0	0	0	0	0	0	0	0	0	0	0	0	0	0	0	0	0	0	0	0	0	0	84	40	7	102	72	92
0	0	0	0	0	0	0	0	0	0	0	0	0	0	0	0	0	0	0	0	0	0	0	0	0	0	0	0	0	0	0	0	0	0	0	0	0	0	0	0	0	0	0	0	0	0	0	0	0	0	0	0	0	0	0	0	0	0	0	0	0	0	0	0	0	0	0	0	0	0	0	0	0	0	0	0	0	0	0	0	0	0	0	0	0	0	0	0	0	0	0	0	0	0	0	0	0	0	0	0	0	0	0	0	0	0	0	0	0	0	0	0	0	0	0	0	0	0	0	0	0	0	0	6	46	5	69	8
0	0	0	0	0	0	0	0	0	0	0	0	0	0	0	0	0	0	0	0	0	0	0	0	0	0	0	0	0	0	0	0	0	0	0	0	0	0	0	0	0	0	0	0	0	0	0	0	0	0	0	0	0	0	0	0	0	0	0	0	0	0	0	0	0	0	0	0	0	0	0	0	0	0	0	0	0	0	0	0	0	0	0	0	0	0	0	0	0	0	0	0	0	0	0	0	0	0	0	0	0	0	0	0	0	0	0	0	0	0	0	0	0	0	0	0	0	0	0	0	0	0	0	0	28	87	45	3
0	0	0	0	0	0	0	0	0	0	0	0	0	0	0	0	0	0	0	0	0	0	0	0	0	0	0	0	0	0	0	0	0	0	0	0	0	0	0	0	0	0	0	0	0	0	0	0	0	0	0	0	0	0	0	0	0	0	0	0	0	0	0	0	0	0	0	0	0	0	0	0	0	0	0	0	0	0	0	0	0	0	0	0	0	0	0	0	0	0	0	0	0	0	0	0	0	0	0	0	0	0	0	0	0	0	0	0	0	0	0	0	0	0	0	0	0	0	0	0	0	0	0	0	0	8	36	67
0	0	0	0	0	0	0	0	0	0	0	0	0	0	0	0	0	0	0	0	0	0	0	0	0	0	0	0	0	0	0	0	0	0	0	0	0	0	0	0	0	0	0	0	0	0	0	0	0	0	0	0	0	0	0	0	0	0	0	0	0	0	0	0	0	0	0	0	0	0	0	0	0	0	0	0	0	0	0	0	0	0	0	0	0	0	0	0	0	0	0	0	0	0	0	0	0	0	0	0	0	0	0	0	0	0	0	0	0	0	0	0	0	0	0	0	0	0	0	0	0	0	0	0	0	0	123	7
0	0	0	0	0	0	0	0	0	0	0	0	0	0	0	0	0	0	0	0	0	0	0	0	0	0	0	0	0	0	0	0	0	0	0	0	0	0	0	0	0	0	0	0	0	0	0	0	0	0	0	0	0	0	0	0	0	0	0	0	0	0	0	0	0	0	0	0	0	0	0	0	0	0	0	0	0	0	0	0	0	0	0	0	0	0	0	0	0	0	0	0	0	0	0	0	0	0	0	0	0	0	0	0	0	0	0	0	0	0	0	0	0	0	0	0	0	0	0	0	0	0	0	0	0	0	0	83
0	0	0	0	0	0	0	0	0	0	0	0	0	0	0	0	0	0	0	0	0	0	0	0	0	0	0	0	0	0	0	0	0	0	0	0	0	0	0	0	0	0	0	0	0	0	0	0	0	0	0	0	0	0	0	0	0	0	0	0	0	0	0	0	0	0	0	0	0	0	0	0	0	0	0	0	0	0	0	0	0	0	0	0	0	0	0	0	0	0	0	0	0	0	0	0	0	0	0	0	0	0	0	0	0	0	0	0	0	0	0	0	0	0	0	0	0	0	0	0	0	0	0	0	0	0	0	0