0	60	120	1	94	18	52	17	120	22	5	42	20	2	53	31	34	41	4	36	10	63	123	38	40	82	24	13	58	6	51	71	67	112	38	122	43	106	92	122	71	87	109	35	77	2	12	6	128	13	2	13	121	45	82	86	38	45	106	45	68	13	44	35	70	42	1	33	37	115	45	50	101	32	37	97	79	102	121	47	50	6	39	126	122	60	128	89	37	56	123	102	50	24	112	76	102	66	103	5	14	112	49	11	120	119	40	6	36	111	105	108	48	110	104	82	84	76	88	40	48	67	84	111	25	94	69	3
0	0	88	89	46	11	80	48	36	37	119	62	26	103	118	89	125	108	14	4	127	25	84	65	59	26	46	59	127	31	116	33	66	36	71	22	121	84	58	117	98	45	93	92	109	119	46	127	34	128	12	115	50	68	116	70	37	55	45	8	112	9	59	97	83	59	99	122	120	21	66	30	87	74	77	54	33	127	89	96	91	11	128	58	52	95	4	128	118	4	32	52	52	75	68	49	128	31	106	107	118	20	6	44	53	122	59	117	65	20	86	17	42	107	115	4	78	105	53	101	112	77	52	69	85	22	76	105
0	0	0	18	51	91	81	7	47	110	111	51	108	108	122	77	53	127	15	22	27	83	65	82	128	74	97	92	24	54	121	42	54	108	32	126	98	60	18	69	11	49	37	123	119	32	39	4	15	91	20	56	84	54	68	48	65	75	61	14	120	43	78	112	20	96	37	69	83	126	93	47	28	90	78	86	96	111	38	87	9	39	114	46	117	39	55	96	69	104	40	51	38	16	14	61	128	29	127	117	58	19	28	52	60	60	95	110	126	93	50	50	58	74	74	43	36	107	12	51	23	19	33	41	72	104	12	22
0	0	0	0	31	16	37	61	104	58	117	55	127	24	96	30	68	82	26	94	120	119	96	10	54	50	118	28	57	26	26	51	56	92	89	24	15	64	91	13	102	84	58	89	106	7	121	76	86	120	82	28	20	100	115	109	93	27	56	80	78	11	89	28	38	6	64	16	10	78	31	29	118	19	124	57	59	109	8	38	100	36	54	116	6	88	79	107	21	13	64	1	74	106	37	118	112	54	37	114	108	111	67	15	120	95	34	29	63	113	46	92	36	54	93	17	127	49	52	94	16	20	43	43	28	11	57	28
0	0	0	0	0	87	28	54	34	95	94	100	67	102	15	23	5	62	12	100	103	121	54	22	100	15	124	9	15	73	59	110	100	1	17	97	119	89	109	111	21	70	102	78	106	36	13	50	118	12	82	69	62	64	47	51	38	51	52	54	112	59	102	34	14	74	124	87	40	7	49	50	51	101	7	61	100	39	72	75	24	108	103	73	4	115	76	94	99	25	81	65	88	69	68	65	123	29	117	88	96	86	71	19	2	2	71	97	31	33	123	85	60	23	51	103	7	128	91	49	81	74	50	96	49	60	10	88
0	0	0	0	0	0	116	108	79	110	61	14	103	101	28	86	65	86	14	23	33	117	97	57	7	52	33	81	59	87	22	124	32	112	60	26	33	3	36	82	92	100	43	18	48	106	123	3	32	41	6	61	32	71	14	72	89	63	51	36	60	66	119	68	50	110	22	33	22	102	78	56	96	47	68	42	77	79	15	67	105	5	80	55	61	73	125	24	101	12	60	95	13	89	23	25	2	81	49	19	50	40	44	98	58	9	116	95	123	40	15	128	1	66	8	29	82	84	33	115	41	76	71	61	70	117	87	115
0	0	0	0	0	0	0	2	76	13	59	82	124	98	1	61	66	9	23	20	120	63	45	33	62	96	108	13	74	59	52	44	111	124	114	65	102	68	66	27	8	88	125	4	31	47	20	57	37	66	61	108	50	100	18	20	2	14	52	4	118	71	14	17	94	28	21	99	75	58	114	78	44	22	48	69	127	59	52	99	17	72	53	121	85	14	75	109	64	70	60	61	109	111	88	51	20	66	93	31	57	59	110	107	126	97	44	11	67	93	19	101	50	100	121	94	78	68	96	11	115	118	86	52	117	48	42	55
0	0	0	0	0	0	0	0	66	41	3	94	15	120	125	5	22	45	125	74	3	59	52	24	49	29	26	8	53	14	44	55	73	122	3	18	81	76	7	93	65	39	120	41	101	62	64	28	64	48	21	94	74	42	81	72	108	124	101	101	125	122	59	67	38	34	13	83	128	85	102	73	41	110	87	78	100	92	87	110	55	38	31	2	95	12	107	127	7	93	2	106	110	56	4	75	96	128	113	94	106	25	40	118	102	20	121	104	85	92	128	92	56	81	100	116	8	58	20	81	99	58	108	53	3	32	106	40
0	0	0	0	0	0	0	0	0	62	86	29	102	49	31	15	45	61	83	64	72	6	61	2	77	37	121	82	21	125	10	58	95	117	63	89	53	99	111	101	121	16	124	43	41	100	118	126	27	125	57	85	92	25	70	98	70	39	39	123	92	6	40	17	35	101	8	118	20	77	76	82	12	52	30	49	56	121	27	13	115	66	97	120	49	66	14	62	51	21	72	79	118	109	99	74	49	69	10	15	20	43	25	55	102	3	22	96	32	113	31	5	114	96	117	49	33	70	63	111	81	18	41	95	15	15	103	105
0	0	0	0	0	0	0	0	0	0	80	17	117	94	18	44	37	95	89	28	91	107	88	92	2	29	66	106	98	89	92	30	120	118	102	115	26	80	5	59	111	74	94	122	117	60	2	26	59	66	7	46	10	39	76	43	119	91	21	72	100	95	124	59	71	123	13	4	1	68	118	87	77	25	74	52	96	107	78	94	49	59	4	36	69	71	102	33	90	63	124	35	66	44	46	43	73	50	97	8	119	119	86	119	114	78	122	76	86	121	123	48	95	103	115	120	55	74	128	4	81	70	76	67	122	74	39	114
0	0	0	0	0	0	0	0	0	0	0	87	60	64	82	11	48	69	70	63	103	35	12	32	75	48	57	23	27	85	74	43	15	78	26	80	66	30	14	11	115	55	24	69	76	47	128	55	111	100	109	97	43	90	9	72	101	71	105	116	93	76	79	8	128	116	51	117	100	78	89	33	64	126	111	40	56	20	4	25	113	5	49	124	42	68	85	119	38	12	71	15	15	113	105	48	104	54	99	17	94	47	126	88	24	98	124	51	20	112	12	90	101	73	67	106	77	24	54	93	62	68	57	67	56	101	4	28
0	0	0	0	0	0	0	0	0	0	0	0	20	122	21	56	105	28	7	24	10	31	92	115	97	114	76	74	103	83	94	7	54	81	6	128	63	71	77	54	68	3	104	8	74	81	62	22	63	56	33	77	98	50	5	123	54	49	124	82	84	38	21	6	66	42	43	38	73	40	113	118	39	3	98	105	113	37	97	95	106	93	72	54	28	115	33	20	93	92	75	68	102	122	56	50	74	44	71	115	21	31	125	120	70	79	74	22	100	43	84	103	26	107	125	82	19	6	82	40	55	52	8	107	114	42	100	45
0	0	0	0	0	0	0	0	0	0	0	0	0	32	112	22	66	51	2	50	7	109	67	114	125	97	117	83	95	8	25	56	12	52	34	104	41	32	83	54	71	102	39	67	97	15	23	65	100	68	76	102	14	107	46	65	17	54	40	86	56	17	122	52	39	89	51	24	126	47	87	75	43	29	61	18	66	67	17	102	90	1	52	70	101	92	56	48	88	86	71	79	123	106	102	75	105	32	15	99	56	65	36	45	26	125	74	47	30	17	27	98	110	35	50	21	121	40	60	37	16	47	64	61	42	27	114	108
0	0	0	0	0	0	0	0	0	0	0	0	0	0	48	53	1	126	76	120	1	47	96	35	122	102	60	101	100	72	5	17	82	82	46	85	110	84	36	45	114	27	72	13	24	14	51	78	20	14	31	4	13	93	82	97	79	112	116	16	93	37	87	121	65	67	16	54	61	42	86	30	25	101	31	73	54	112	40	35	12	7	45	14	93	16	87	106	110	43	32	58	81	104	42	96	95	40	104	1	107	57	123	33	53	23	36	99	117	81	59	30	51	127	51	33	93	69	15	68	74	42	55	103	3	20	115	77
0	0	0	0	0	0	0	0	0	0	0	0	0	0	0	99	18	115	127	119	41	119	79	87	126	123	75	26	122	96	122	106	111	4	91	113	31	36	3	89	98	124	20	80	5	38	90	1	106	111	42	60	49	97	5	111	4	4	40	104	21	68	2	27	42	67	6	92	37	7	66	110	113	11	61	10	114	62	84	13	63	41	107	19	41	39	75	95	25	9	60	80	109	49	41	103	101	72	6	3	77	107	91	106	60	104	11	18	41	31	52	107	24	52	95	34	58	111	50	97	26	86	115	28	31	102	16	35
0	0	0	0	0	0	0	0	0	0	0	0	0	0	0	0	54	42	128	79	114	124	128	61	64	92	23	13	127	127	91	101	128	99	115	115	17	71	23	115	114	115	21	1	2	81	22	95	4	107	13	64	50	61	65	124	104	7	15	60	44	78	17	99	45	101	117	53	9	64	60	85	63	14	28	74	110	82	64	35	49	87	45	1	4	116	6	26	80	2	48	65	124	74	90	80	120	117	18	25	104	115	125	113	65	86	126	122	75	4	88	41	60	124	11	19	48	85	17	46	108	119	28	69	115	20	117	75
0	0	0	0	0	0	0	0	0	0	0	0	0	0	0	0	0	5	77	60	20	68	80	12	109	33	18	56	44	42	86	24	113	35	113	51	33	60	106	99	117	113	113	45	25	38	96	115	56	114	12	115	47	25	99	88	9	104	125	38	23	76	32	11	22	103	15	75	7	88	114	28	80	6	48	4	5	15	91	80	65	26	45	90	107	51	75	34	63	38	126	42	107	92	43	128	100	76	78	119	81	119	46	105	72	6	47	71	101	22	26	25	47	119	59	104	70	113	125	50	46	68	113	68	116	122	12	82
0	0	0	0	0	0	0	0	0	0	0	0	0	0	0	0	0	0	29	96	50	69	55	123	128	64	79	60	91	11	40	28	57	92	63	8	36	8	24	58	106	37	37	100	86	68	46	102	93	89	67	59	65	31	4	59	121	2	99	110	119	50	15	118	35	19	26	43	26	113	91	32	54	60	68	35	90	91	59	53	16	23	125	19	76	39	10	19	126	11	45	3	43	49	5	106	86	58	88	79	13	114	85	120	92	121	47	105	27	103	32	87	42	118	35	89	101	34	19	107	74	55	37	61	86	79	103	58
0	0	0	0	0	0	0	0	0	0	0	0	0	0	0	0	0	0	0	24	14	52	94	106	127	122	70	127	11	22	22	91	52	76	71	115	13	71	127	71	123	11	53	76	16	18	68	125	39	76	106	11	98	120	22	114	23	10	113	76	21	47	71	30	58	110	59	102	99	89	87	26	43	105	37	61	8	65	15	87	4	52	80	27	26	124	25	125	4	55	33	48	55	118	75	56	33	14	9	116	100	109	77	104	40	70	115	91	102	79	70	43	99	82	51	72	26	47	81	17	2	47	66	54	87	125	119	92
0	0	0	0	0	0	0	0	0	0	0	0	0	0	0	0	0	0	0	0	24	57	11	5	125	61	75	67	98	36	40	26	105	35	79	121	71	31	46	126	71	24	123	33	104	109	104	96	39	24	113	115	57	81	83	53	55	78	43	90	123	16	64	86	15	65	26	38	101	40	77	75	29	55	70	116	43	22	5	9	123	33	93	116	80	25	121	63	96	62	19	53	80	70	50	116	33	115	82	85	104	67	82	56	91	110	70	7	50	61	34	126	34	33	126	77	77	128	116	6	1	74	62	98	106	96	3	82
0	0	0	0	0	0	0	0	0	0	0	0	0	0	0	0	0	0	0	0	0	91	8	56	82	114	126	103	118	1	26	54	52	60	49	69	36	99	3	33	42	99	53	87	51	7	78	124	125	33	3	16	39	106	87	87	23	49	35	110	42	57	18	105	84	118	120	22	63	31	47	10	55	128	97	6	27	59	22	119	25	7	77	96	107	82	82	3	16	104	55	46	57	45	40	54	80	9	80	40	104	6	100	63	72	19	2	126	29	34	14	67	53	81	61	77	23	115	74	45	41	39	45	29	57	8	98	66
0	0	0	0	0	0	0	0	0	0	0	0	0	0	0	0	0	0	0	0	0	0	44	87	96	18	125	78	30	81	86	78	27	87	119	71	102	108	123	112	43	41	69	38	56	93	85	9	16	109	8	35	35	12	123	91	29	72	80	47	74	22	1	58	54	85	26	125	101	112	12	108	87	95	106	57	103	30	40	110	12	7	90	119	53	115	65	80	99	123	77	37	94	5	60	51	70	67	74	52	86	19	100	93	74	39	114	111	117	66	84	13	67	126	67	90	29	93	50	99	126	119	124	87	82	117	10	44
0	0	0	0	0	0	0	0	0	0	0	0	0	0	0	0	0	0	0	0	0	0	0	75	91	124	21	44	91	2	8	71	127	86	42	103	43	25	30	76	91	10	11	33	55	75	110	54	117	127	86	98	71	15	62	76	15	103	12	126	16	79	122	10	17	33	86	88	59	73	17	74	75	14	40	22	33	80	44	62	64	21	49	73	87	71	119	22	124	66	74	63	34	17	41	16	31	15	76	100	81	74	74	71	87	49	98	27	111	9	10	45	68	35	15	107	89	98	58	48	104	75	49	54	53	88	19	25
0	0	0	0	0	0	0	0	0	0	0	0	0	0	0	0	0	0	0	0	0	0	0	0	23	5	17	39	125	63	30	48	64	99	70	128	96	123	85	61	20	15	104	20	27	120	34	78	113	5	99	54	93	76	32	13	28	10	3	119	11	124	85	93	121	20	27	48	108	105	5	116	97	108	112	123	94	128	56	114	8	10	17	53	47	101	55	99	4	83	57	14	97	45	29	101	89	80	29	97	84	7	51	91	93	89	76	128	36	80	86	71	126	6	49	39	102	94	24	65	124	46	32	17	84	15	67	90
0	0	0	0	0	0	0	0	0	0	0	0	0	0	0	0	0	0	0	0	0	0	0	0	0	56	6	64	84	56	86	8	30	113	45	85	56	12	1	94	124	86	8	89	108	75	72	48	30	44	96	117	62	55	102	42	109	69	2	65	111	120	15	23	45	2	31	13	41	85	69	5	55	100	85	98	98	11	58	19	68	46	115	71	32	18	64	69	73	111	94	110	87	86	29	63	56	85	46	57	97	100	65	68	17	3	101	123	66	18	70	65	9	51	95	95	69	117	98	29	51	79	1	54	35	78	69	52
0	0	0	0	0	0	0	0	0	0	0	0	0	0	0	0	0	0	0	0	0	0	0	0	0	0	67	25	86	91	116	119	36	29	46	91	10	127	47	2	37	6	115	101	16	93	36	118	60	37	77	55	126	42	55	45	46	49	88	112	111	104	87	20	49	109	4	22	21	111	65	8	95	75	14	1	76	4	95	84	79	111	79	60	78	83	19	31	118	40	62	78	126	30	103	18	117	90	79	58	69	48	43	112	117	69	103	105	49	36	50	102	32	19	12	124	117	118	68	8	81	108	69	124	120	128	126	29
0	0	0	0	0	0	0	0	0	0	0	0	0	0	0	0	0	0	0	0	0	0	0	0	0	0	0	24	128	45	2	59	2	12	102	46	81	72	19	21	11	33	84	59	80	62	56	99	26	22	51	4	69	85	3	68	36	95	122	41	74	85	105	77	59	66	79	123	111	73	45	75	85	49	8	24	28	57	128	68	56	47	1	20	122	84	107	53	40	111	90	28	40	98	1	108	6	4	23	48	65	61	12	116	14	25	24	72	125	10	117	12	42	65	90	122	28	81	57	114	13	111	103	49	113	111	84	75
0	0	0	0	0	0	0	0	0	0	0	0	0	0	0	0	0	0	0	0	0	0	0	0	0	0	0	0	11	61	63	94	50	61	70	92	6	104	41	78	21	128	27	118	31	86	82	17	93	83	23	118	120	10	19	104	76	103	2	68	36	59	89	25	96	26	84	7	11	127	119	93	111	15	46	47	80	68	101	84	19	24	54	32	110	118	36	42	77	13	30	62	127	15	72	79	88	72	92	121	30	34	53	59	101	112	43	56	96	91	22	35	121	8	99	100	39	60	67	105	35	16	48	89	58	106	77	25
0	0	0	0	0	0	0	0	0	0	0	0	0	0	0	0	0	0	0	0	0	0	0	0	0	0	0	0	0	92	89	35	116	121	40	70	113	105	12	8	106	30	119	5	118	8	53	98	67	50	57	65	44	17	12	8	85	60	54	95	56	75	45	88	21	11	104	31	85	97	80	76	46	39	34	110	85	107	81	81	109	36	52	71	122	86	36	11	41	25	55	84	11	26	12	98	98	106	55	39	83	83	17	14	88	50	29	11	15	98	55	102	105	51	31	39	22	107	94	83	79	5	42	26	8	116	41	13
0	0	0	0	0	0	0	0	0	0	0	0	0	0	0	0	0	0	0	0	0	0	0	0	0	0	0	0	0	0	104	44	111	40	14	89	41	107	105	14	43	35	8	103	15	80	97	28	8	47	13	68	13	122	27	1	51	33	112	46	111	28	14	99	118	107	66	23	26	107	106	77	110	50	3	65	30	70	58	42	41	27	11	60	36	89	51	128	53	94	65	11	5	94	120	81	10	76	33	67	11	105	91	16	43	60	23	23	71	11	58	92	86	93	24	32	32	114	13	2	122	10	52	42	96	24	59	106
0	0	0	0	0	0	0	0	0	0	0	0	0	0	0	0	0	0	0	0	0	0	0	0	0	0	0	0	0	0	0	53	113	56	108	104	89	77	59	21	19	126	11	30	7	111	110	121	27	120	105	33	28	24	64	86	124	4	125	21	128	64	2	57	105	1	103	97	1	102	87	81	72	86	87	93	17	52	120	55	83	100	26	113	48	46	93	20	104	82	117	99	85	17	84	55	87	118	99	91	100	16	126	102	85	59	123	8	93	60	118	6	29	37	90	93	5	81	90	112	84	66	60	46	12	68	52	7
0	0	0	0	0	0	0	0	0	0	0	0	0	0	0	0	0	0	0	0	0	0	0	0	0	0	0	0	0	0	0	0	83	88	12	58	97	86	59	25	68	51	26	93	6	72	109	94	45	75	4	26	25	77	58	121	43	50	122	69	13	118	21	9	70	126	69	39	49	123	40	73	23	74	72	27	33	98	14	111	84	7	14	90	80	45	115	79	3	30	65	45	51	67	57	119	57	119	119	46	2	111	49	67	26	21	52	113	118	22	122	34	33	90	95	64	38	122	124	47	113	107	7	68	106	3	3	117
0	0	0	0	0	0	0	0	0	0	0	0	0	0	0	0	0	0	0	0	0	0	0	0	0	0	0	0	0	0	0	0	0	51	85	127	70	24	101	13	33	111	50	29	7	78	21	13	16	104	18	13	19	5	111	78	58	56	110	98	103	9	103	104	97	58	97	25	35	75	60	120	87	52	119	50	115	20	21	71	17	46	55	9	90	81	4	6	11	59	118	62	58	119	83	25	11	117	15	98	99	43	79	83	108	118	13	95	51	122	7	41	46	128	120	128	105	16	126	21	106	52	35	33	88	1	77	47
0	0	0	0	0	0	0	0	0	0	0	0	0	0	0	0	0	0	0	0	0	0	0	0	0	0	0	0	0	0	0	0	0	0	55	80	7	88	26	59	82	94	29	105	11	88	56	64	42	119	111	3	79	111	38	38	48	6	58	40	40	127	62	85	32	48	43	50	27	67	83	59	52	5	49	51	53	62	91	29	56	38	18	121	79	117	99	96	64	125	15	71	66	49	57	46	51	3	92	118	62	5	49	77	67	61	62	117	15	73	33	120	13	111	4	99	61	2	14	68	24	68	9	96	5	7	104	69
0	0	0	0	0	0	0	0	0	0	0	0	0	0	0	0	0	0	0	0	0	0	0	0	0	0	0	0	0	0	0	0	0	0	0	105	84	126	2	65	39	17	127	55	112	66	71	66	36	5	43	120	121	23	69	126	22	49	127	122	116	8	2	63	43	112	87	23	118	50	88	34	47	104	52	36	5	30	72	39	64	17	34	27	80	24	125	1	64	35	32	110	15	47	28	70	40	118	113	28	56	51	18	71	117	13	112	80	66	39	34	100	123	55	106	98	90	61	117	25	42	47	4	95	40	45	73	112
0	0	0	0	0	0	0	0	0	0	0	0	0	0	0	0	0	0	0	0	0	0	0	0	0	0	0	0	0	0	0	0	0	0	0	0	89	107	69	111	100	86	118	63	39	81	92	53	62	127	83	58	71	55	7	109	35	82	47	39	65	115	98	110	118	119	22	126	47	41	64	101	48	72	31	70	49	91	123	54	22	119	57	40	93	53	20	101	25	48	124	3	75	77	89	56	111	69	96	111	87	13	55	115	45	40	78	69	18	35	67	42	42	45	28	38	75	53	8	62	55	117	93	66	56	38	123	67
0	0	0	0	0	0	0	0	0	0	0	0	0	0	0	0	0	0	0	0	0	0	0	0	0	0	0	0	0	0	0	0	0	0	0	0	0	54	83	110	90	82	125	55	79	39	124	102	119	54	2	50	41	51	56	65	80	107	51	63	7	53	5	48	91	95	119	77	82	60	64	26	79	117	128	10	15	54	73	38	2	88	49	23	82	19	86	38	16	1	128	27	66	114	77	86	35	54	78	99	78	57	123	16	33	17	76	71	107	117	5	102	20	25	5	83	70	15	120	23	43	107	55	59	26	90	28	49
0	0	0	0	0	0	0	0	0	0	0	0	0	0	0	0	0	0	0	0	0	0	0	0	0	0	0	0	0	0	0	0	0	0	0	0	0	0	75	59	84	106	45	127	31	36	7	80	56	38	114	75	124	94	30	68	55	35	74	52	62	50	31	89	53	46	16	96	37	116	101	30	114	53	51	41	61	11	50	48	112	10	123	26	32	58	20	113	18	89	94	128	95	108	64	30	17	65	54	125	66	67	12	2	36	58	7	46	17	108	16	8	52	50	8	74	4	83	12	109	10	114	98	25	83	14	25	114
0	0	0	0	0	0	0	0	0	0	0	0	0	0	0	0	0	0	0	0	0	0	0	0	0	0	0	0	0	0	0	0	0	0	0	0	0	0	0	42	112	88	8	99	51	61	118	118	125	43	56	75	78	81	7	37	120	126	73	71	110	6	30	24	26	118	20	44	80	81	97	8	45	126	97	114	40	69	127	63	45	35	121	126	33	56	43	34	95	100	81	14	65	96	43	122	8	37	13	101	102	99	62	60	116	27	4	117	62	126	112	100	8	66	23	67	79	122	36	51	15	88	33	4	43	89	24	44
0	0	0	0	0	0	0	0	0	0	0	0	0	0	0	0	0	0	0	0	0	0	0	0	0	0	0	0	0	0	0	0	0	0	0	0	0	0	0	0	10	46	45	2	81	88	109	63	79	125	92	39	33	29	39	56	112	107	73	95	77	71	18	37	19	40	25	19	97	11	36	5	90	111	50	1	71	43	87	12	79	36	95	82	60	28	68	22	97	47	78	124	9	126	87	50	48	108	109	8	115	38	19	15	12	15	103	25	60	81	20	46	100	12	111	48	117	127	113	59	6	32	55	99	27	47	13	89
0	0	0	0	0	0	0	0	0	0	0	0	0	0	0	0	0	0	0	0	0	0	0	0	0	0	0	0	0	0	0	0	0	0	0	0	0	0	0	0	0	50	30	85	78	74	67	50	21	20	93	3	96	64	125	99	4	39	88	76	92	20	50	79	105	44	35	75	23	46	128	15	10	1	4	122	126	30	94	30	50	38	90	72	75	81	10	22	9	109	43	22	113	76	26	100	62	50	29	8	122	113	121	43	102	61	104	26	44	109	39	28	119	113	36	23	47	104	109	32	2	122	121	22	120	59	108	97
0	0	0	0	0	0	0	0	0	0	0	0	0	0	0	0	0	0	0	0	0	0	0	0	0	0	0	0	0	0	0	0	0	0	0	0	0	0	0	0	0	0	27	95	25	66	120	34	99	29	114	94	46	84	67	74	63	9	39	46	116	120	99	70	4	6	53	75	73	46	103	20	65	77	92	81	10	17	125	96	104	81	95	26	24	62	51	118	40	2	65	100	51	101	5	65	59	59	59	96	52	4	52	108	20	32	118	49	128	115	18	91	101	25	38	72	34	60	114	119	52	27	6	15	42	83	97	78
0	0	0	0	0	0	0	0	0	0	0	0	0	0	0	0	0	0	0	0	0	0	0	0	0	0	0	0	0	0	0	0	0	0	0	0	0	0	0	0	0	0	0	37	63	100	110	26	114	79	33	54	100	44	51	21	124	57	34	64	95	9	25	53	4	80	120	47	4	1	67	60	58	44	92	33	51	100	97	28	4	50	42	128	50	65	123	39	123	13	53	63	120	99	68	54	96	62	78	104	118	76	96	49	78	17	112	94	69	67	56	125	119	57	3	39	98	56	13	12	81	67	2	124	127	23	120	6
0	0	0	0	0	0	0	0	0	0	0	0	0	0	0	0	0	0	0	0	0	0	0	0	0	0	0	0	0	0	0	0	0	0	0	0	0	0	0	0	0	0	0	0	22	46	32	86	22	107	114	117	66	101	121	63	81	48	9	89	68	80	80	123	128	71	54	28	63	26	35	23	91	5	2	106	16	113	33	63	19	3	111	63	35	87	114	105	64	45	24	98	47	72	42	2	9	84	18	99	30	35	50	35	4	78	45	106	18	51	44	61	18	19	97	42	82	76	88	26	27	70	43	42	92	80	104	47
0	0	0	0	0	0	0	0	0	0	0	0	0	0	0	0	0	0	0	0	0	0	0	0	0	0	0	0	0	0	0	0	0	0	0	0	0	0	0	0	0	0	0	0	0	94	117	96	120	58	77	10	52	3	67	125	84	35	106	110	116	119	42	108	108	23	36	102	124	59	55	21	8	118	38	67	96	78	77	17	60	78	123	124	108	10	65	29	49	37	11	57	61	55	122	83	14	80	63	10	29	50	117	126	123	38	72	89	125	73	41	22	30	39	84	105	106	124	13	8	76	85	7	111	116	71	24	49
0	0	0	0	0	0	0	0	0	0	0	0	0	0	0	0	0	0	0	0	0	0	0	0	0	0	0	0	0	0	0	0	0	0	0	0	0	0	0	0	0	0	0	0	0	0	50	56	121	98	121	106	54	83	58	112	6	39	5	102	46	60	4	87	96	81	97	62	8	106	38	47	36	36	107	33	67	28	1	53	127	11	37	101	91	124	82	11	123	11	77	108	26	66	122	60	97	107	103	56	84	91	54	15	128	54	10	112	27	50	68	35	72	123	64	77	113	97	90	57	72	8	70	47	106	46	121	101
0	0	0	0	0	0	0	0	0	0	0	0	0	0	0	0	0	0	0	0	0	0	0	0	0	0	0	0	0	0	0	0	0	0	0	0	0	0	0	0	0	0	0	0	0	0	0	40	92	84	97	114	118	128	52	108	109	20	30	1	31	67	31	117	51	33	47	56	100	28	11	55	106	56	111	91	74	57	6	40	50	41	21	117	106	34	73	39	29	68	128	91	79	28	46	88	64	83	21	33	66	77	86	27	106	60	99	2	37	109	32	88	63	110	120	51	93	81	75	51	11	18	80	117	35	25	29	8
0	0	0	0	0	0	0	0	0	0	0	0	0	0	0	0	0	0	0	0	0	0	0	0	0	0	0	0	0	0	0	0	0	0	0	0	0	0	0	0	0	0	0	0	0	0	0	0	119	46	126	17	24	101	67	107	7	93	59	35	113	128	126	4	111	9	122	34	71	5	60	69	103	103	116	9	64	70	38	99	22	19	111	125	15	80	127	52	19	114	43	93	16	28	109	31	99	119	78	25	25	53	3	122	26	110	106	76	17	117	103	64	91	55	70	94	98	68	46	112	74	4	108	68	96	27	34	50
0	0	0	0	0	0	0	0	0	0	0	0	0	0	0	0	0	0	0	0	0	0	0	0	0	0	0	0	0	0	0	0	0	0	0	0	0	0	0	0	0	0	0	0	0	0	0	0	0	4	114	114	14	67	70	41	51	127	103	4	20	125	102	41	28	97	106	110	66	58	94	32	102	95	118	48	115	119	114	51	5	52	71	64	87	103	13	105	62	100	114	52	122	58	23	121	104	91	31	18	114	101	36	59	81	47	66	108	91	52	115	104	116	77	53	100	104	3	4	118	76	64	57	5	86	124	6	48
0	0	0	0	0	0	0	0	0	0	0	0	0	0	0	0	0	0	0	0	0	0	0	0	0	0	0	0	0	0	0	0	0	0	0	0	0	0	0	0	0	0	0	0	0	0	0	0	0	0	91	58	47	113	1	89	126	4	127	109	84	19	77	114	18	80	96	1	90	63	60	122	23	56	125	35	3	68	117	61	76	2	38	49	126	40	126	87	67	42	63	96	115	29	85	119	62	114	25	116	37	56	37	62	125	6	62	2	109	63	59	80	100	8	117	20	13	67	95	116	43	88	55	28	8	72	98	92
0	0	0	0	0	0	0	0	0	0	0	0	0	0	0	0	0	0	0	0	0	0	0	0	0	0	0	0	0	0	0	0	0	0	0	0	0	0	0	0	0	0	0	0	0	0	0	0	0	0	0	56	81	78	46	39	91	91	62	88	60	14	120	32	127	75	63	74	6	56	68	111	72	127	73	7	20	99	86	66	116	73	14	37	66	45	11	53	65	126	38	113	32	116	30	65	1	128	20	2	111	59	85	31	61	39	35	34	84	100	29	75	81	40	98	93	107	59	116	128	123	125	122	60	121	47	109	87
0	0	0	0	0	0	0	0	0	0	0	0	0	0	0	0	0	0	0	0	0	0	0	0	0	0	0	0	0	0	0	0	0	0	0	0	0	0	0	0	0	0	0	0	0	0	0	0	0	0	0	0	103	105	87	52	116	96	31	118	123	31	106	113	90	74	22	112	40	54	38	21	101	52	117	63	83	11	2	58	44	63	91	122	99	82	103	121	8	4	19	99	112	91	31	45	16	122	4	79	60	57	82	66	15	41	12	103	6	16	2	59	107	111	5	90	128	104	128	5	113	117	32	8	27	33	59	8
0	0	0	0	0	0	0	0	0	0	0	0	0	0	0	0	0	0	0	0	0	0	0	0	0	0	0	0	0	0	0	0	0	0	0	0	0	0	0	0	0	0	0	0	0	0	0	0	0	0	0	0	0	5	72	127	110	123	75	56	104	123	36	28	52	10	109	20	13	72	13	49	101	61	20	125	82	96	127	2	14	7	61	23	12	51	107	7	114	103	5	105	21	24	37	89	80	88	56	2	96	77	78	72	62	11	63	49	95	30	21	60	70	73	50	98	5	43	31	91	116	85	122	127	43	45	35	120
0	0	0	0	0	0	0	0	0	0	0	0	0	0	0	0	0	0	0	0	0	0	0	0	0	0	0	0	0	0	0	0	0	0	0	0	0	0	0	0	0	0	0	0	0	0	0	0	0	0	0	0	0	0	26	18	64	70	34	63	78	41	15	109	96	75	75	83	88	121	97	33	86	102	109	83	122	11	91	74	88	12	22	14	12	43	64	106	112	18	112	121	6	21	28	56	98	1	55	51	83	52	89	17	113	84	25	42	99	23	68	64	11	124	57	15	99	71	115	28	21	66	116	15	128	8	124	101
0	0	0	0	0	0	0	0	0	0	0	0	0	0	0	0	0	0	0	0	0	0	0	0	0	0	0	0	0	0	0	0	0	0	0	0	0	0	0	0	0	0	0	0	0	0	0	0	0	0	0	0	0	0	0	46	109	34	93	34	102	21	112	3	87	87	43	71	4	19	57	11	73	23	71	121	127	84	25	92	38	4	8	50	92	101	73	37	25	15	87	1	87	4	54	9	10	108	43	47	8	67	32	8	21	122	83	105	62	36	128	18	51	107	16	65	18	56	33	82	79	110	35	39	24	35	119	91
0	0	0	0	0	0	0	0	0	0	0	0	0	0	0	0	0	0	0	0	0	0	0	0	0	0	0	0	0	0	0	0	0	0	0	0	0	0	0	0	0	0	0	0	0	0	0	0	0	0	0	0	0	0	0	0	55	111	54	5	55	122	8	51	113	8	117	26	48	106	121	78	65	112	12	67	70	45	30	23	119	59	35	70	81	112	70	107	109	49	54	93	23	25	82	104	56	101	61	80	83	105	105	9	68	74	69	101	112	9	3	2	2	33	54	62	75	33	112	3	38	20	89	83	60	125	121	64
0	0	0	0	0	0	0	0	0	0	0	0	0	0	0	0	0	0	0	0	0	0	0	0	0	0	0	0	0	0	0	0	0	0	0	0	0	0	0	0	0	0	0	0	0	0	0	0	0	0	0	0	0	0	0	0	0	4	18	78	5	34	113	84	38	61	22	8	42	63	71	1	60	105	97	81	50	121	15	8	58	100	66	53	117	24	78	109	7	18	46	106	23	117	106	2	53	66	104	78	89	93	82	30	2	35	98	103	30	2	57	40	110	102	6	91	104	82	114	40	62	89	44	46	32	65	19	117
0	0	0	0	0	0	0	0	0	0	0	0	0	0	0	0	0	0	0	0	0	0	0	0	0	0	0	0	0	0	0	0	0	0	0	0	0	0	0	0	0	0	0	0	0	0	0	0	0	0	0	0	0	0	0	0	0	0	96	1	96	72	64	37	26	71	86	37	18	69	44	96	69	111	7	94	99	61	24	62	109	51	82	95	1	110	42	72	27	70	95	50	103	54	9	56	19	80	37	42	123	3	65	34	22	70	54	103	44	112	48	27	1	59	49	123	4	40	49	101	106	90	100	61	87	86	5	11
0	0	0	0	0	0	0	0	0	0	0	0	0	0	0	0	0	0	0	0	0	0	0	0	0	0	0	0	0	0	0	0	0	0	0	0	0	0	0	0	0	0	0	0	0	0	0	0	0	0	0	0	0	0	0	0	0	0	0	30	68	40	57	2	22	107	19	72	108	39	106	2	59	5	69	107	24	35	66	41	116	96	6	73	90	26	56	95	6	22	44	29	100	22	63	117	83	121	56	9	87	93	47	74	42	106	85	30	50	72	107	105	62	80	80	54	48	66	70	30	91	54	109	48	116	41	127	64
0	0	0	0	0	0	0	0	0	0	0	0	0	0	0	0	0	0	0	0	0	0	0	0	0	0	0	0	0	0	0	0	0	0	0	0	0	0	0	0	0	0	0	0	0	0	0	0	0	0	0	0	0	0	0	0	0	0	0	0	120	100	81	58	122	91	97	126	69	105	26	69	52	122	95	88	14	114	124	13	102	17	42	2	34	115	28	66	55	106	107	33	105	99	82	9	70	107	91	58	24	104	86	38	107	82	96	113	52	7	121	3	24	119	64	122	31	60	42	56	47	65	71	84	73	48	97	88
0	0	0	0	0	0	0	0	0	0	0	0	0	0	0	0	0	0	0	0	0	0	0	0	0	0	0	0	0	0	0	0	0	0	0	0	0	0	0	0	0	0	0	0	0	0	0	0	0	0	0	0	0	0	0	0	0	0	0	0	0	113	62	101	28	16	23	107	105	63	104	109	82	84	38	83	37	39	46	37	13	104	29	13	53	22	111	27	15	23	121	105	50	32	127	124	3	99	18	85	40	33	122	76	63	121	14	24	48	60	34	17	41	124	11	1	24	21	2	94	92	79	32	47	27	20	34	59
0	0	0	0	0	0	0	0	0	0	0	0	0	0	0	0	0	0	0	0	0	0	0	0	0	0	0	0	0	0	0	0	0	0	0	0	0	0	0	0	0	0	0	0	0	0	0	0	0	0	0	0	0	0	0	0	0	0	0	0	0	0	2	22	125	43	65	14	73	49	65	38	69	2	114	89	24	67	99	7	123	102	20	37	22	77	113	34	22	96	112	122	67	84	102	54	68	8	86	42	85	93	23	11	64	33	65	68	57	37	81	64	7	37	20	16	105	69	88	12	32	94	12	108	86	127	40	71
0	0	0	0	0	0	0	0	0	0	0	0	0	0	0	0	0	0	0	0	0	0	0	0	0	0	0	0	0	0	0	0	0	0	0	0	0	0	0	0	0	0	0	0	0	0	0	0	0	0	0	0	0	0	0	0	0	0	0	0	0	0	0	67	48	101	4	35	102	53	93	35	104	82	58	27	115	53	85	108	23	35	104	13	102	61	63	14	51	71	51	5	34	69	10	9	60	65	118	97	7	61	34	127	62	70	84	35	10	65	55	86	1	101	106	16	30	48	3	73	107	102	127	4	83	26	81	7
0	0	0	0	0	0	0	0	0	0	0	0	0	0	0	0	0	0	0	0	0	0	0	0	0	0	0	0	0	0	0	0	0	0	0	0	0	0	0	0	0	0	0	0	0	0	0	0	0	0	0	0	0	0	0	0	0	0	0	0	0	0	0	0	10	8	126	65	59	89	89	26	10	92	30	86	69	9	52	41	125	53	31	110	29	121	12	5	61	79	26	32	46	66	58	38	35	83	33	37	43	102	118	37	73	2	29	112	76	27	102	111	7	62	21	119	46	68	41	117	83	69	61	110	94	41	40	90
0	0	0	0	0	0	0	0	0	0	0	0	0	0	0	0	0	0	0	0	0	0	0	0	0	0	0	0	0	0	0	0	0	0	0	0	0	0	0	0	0	0	0	0	0	0	0	0	0	0	0	0	0	0	0	0	0	0	0	0	0	0	0	0	0	94	110	61	37	68	98	24	93	83	122	46	61	25	105	44	40	114	32	82	59	45	100	114	18	88	2	114	74	124	18	70	5	22	34	86	99	36	61	43	89	125	37	6	72	19	26	112	120	84	79	51	81	99	38	41	29	118	53	126	112	46	71	97
0	0	0	0	0	0	0	0	0	0	0	0	0	0	0	0	0	0	0	0	0	0	0	0	0	0	0	0	0	0	0	0	0	0	0	0	0	0	0	0	0	0	0	0	0	0	0	0	0	0	0	0	0	0	0	0	0	0	0	0	0	0	0	0	0	0	64	99	30	43	73	76	15	35	110	106	99	108	94	92	60	51	113	47	34	40	60	105	97	20	2	79	128	103	105	68	50	72	58	120	65	59	48	119	59	98	8	122	112	106	76	90	23	23	100	106	43	46	97	117	107	102	120	18	44	23	92	18
0	0	0	0	0	0	0	0	0	0	0	0	0	0	0	0	0	0	0	0	0	0	0	0	0	0	0	0	0	0	0	0	0	0	0	0	0	0	0	0	0	0	0	0	0	0	0	0	0	0	0	0	0	0	0	0	0	0	0	0	0	0	0	0	0	0	0	74	56	75	40	61	17	34	115	75	79	103	117	77	80	45	80	80	5	39	106	77	31	92	19	6	24	120	88	127	14	32	25	43	3	116	115	109	85	92	118	19	17	87	9	53	101	49	30	9	65	100	30	112	54	18	23	94	95	29	40	82
0	0	0	0	0	0	0	0	0	0	0	0	0	0	0	0	0	0	0	0	0	0	0	0	0	0	0	0	0	0	0	0	0	0	0	0	0	0	0	0	0	0	0	0	0	0	0	0	0	0	0	0	0	0	0	0	0	0	0	0	0	0	0	0	0	0	0	0	45	47	2	43	61	10	54	68	71	64	115	18	101	124	51	19	44	27	53	89	122	27	63	28	18	97	60	109	60	74	115	65	11	94	76	98	25	96	78	77	63	2	107	80	89	113	16	29	105	111	89	37	110	36	104	85	97	15	32	79
0	0	0	0	0	0	0	0	0	0	0	0	0	0	0	0	0	0	0	0	0	0	0	0	0	0	0	0	0	0	0	0	0	0	0	0	0	0	0	0	0	0	0	0	0	0	0	0	0	0	0	0	0	0	0	0	0	0	0	0	0	0	0	0	0	0	0	0	0	64	39	124	10	19	99	13	16	115	70	63	29	2	62	9	47	66	63	48	58	37	2	97	97	112	128	116	46	85	51	117	113	126	62	74	59	13	43	60	39	110	75	54	95	81	28	128	62	73	56	128	35	9	127	128	24	69	16	122
0	0	0	0	0	0	0	0	0	0	0	0	0	0	0	0	0	0	0	0	0	0	0	0	0	0	0	0	0	0	0	0	0	0	0	0	0	0	0	0	0	0	0	0	0	0	0	0	0	0	0	0	0	0	0	0	0	0	0	0	0	0	0	0	0	0	0	0	0	0	87	65	41	16	53	53	19	88	45	96	11	64	77	20	77	104	125	19	39	87	124	80	36	66	86	15	92	93	123	39	89	113	87	15	88	39	115	45	19	111	39	99	16	22	40	80	33	101	13	42	1	69	12	81	107	42	116	68
0	0	0	0	0	0	0	0	0	0	0	0	0	0	0	0	0	0	0	0	0	0	0	0	0	0	0	0	0	0	0	0	0	0	0	0	0	0	0	0	0	0	0	0	0	0	0	0	0	0	0	0	0	0	0	0	0	0	0	0	0	0	0	0	0	0	0	0	0	0	0	84	76	113	80	113	66	123	13	89	59	88	55	16	83	40	101	98	91	16	40	1	13	97	100	109	56	71	11	128	52	113	122	28	5	119	115	11	65	83	26	26	36	121	113	81	72	50	125	62	5	45	60	35	50	46	6	13
0	0	0	0	0	0	0	0	0	0	0	0	0	0	0	0	0	0	0	0	0	0	0	0	0	0	0	0	0	0	0	0	0	0	0	0	0	0	0	0	0	0	0	0	0	0	0	0	0	0	0	0	0	0	0	0	0	0	0	0	0	0	0	0	0	0	0	0	0	0	0	0	71	62	36	112	112	93	71	25	110	96	46	41	128	35	9	78	26	40	14	78	59	87	11	89	16	44	89	24	95	44	62	119	27	117	86	33	90	49	25	89	45	63	26	30	14	16	16	6	119	58	28	54	67	29	122	21
0	0	0	0	0	0	0	0	0	0	0	0	0	0	0	0	0	0	0	0	0	0	0	0	0	0	0	0	0	0	0	0	0	0	0	0	0	0	0	0	0	0	0	0	0	0	0	0	0	0	0	0	0	0	0	0	0	0	0	0	0	0	0	0	0	0	0	0	0	0	0	0	0	86	128	109	105	106	29	16	113	56	41	23	19	25	12	110	96	4	60	104	42	35	87	69	70	61	50	104	90	20	103	31	111	109	120	72	63	12	21	48	107	56	38	108	43	74	10	29	1	104	89	30	51	40	31	37
0	0	0	0	0	0	0	0	0	0	0	0	0	0	0	0	0	0	0	0	0	0	0	0	0	0	0	0	0	0	0	0	0	0	0	0	0	0	0	0	0	0	0	0	0	0	0	0	0	0	0	0	0	0	0	0	0	0	0	0	0	0	0	0	0	0	0	0	0	0	0	0	0	0	57	105	80	65	20	71	35	112	105	121	101	55	35	8	84	41	75	17	92	78	39	14	54	105	14	24	46	90	104	90	51	4	27	72	47	37	69	42	15	99	41	50	10	96	106	3	88	123	8	46	110	110	43	87
0	0	0	0	0	0	0	0	0	0	0	0	0	0	0	0	0	0	0	0	0	0	0	0	0	0	0	0	0	0	0	0	0	0	0	0	0	0	0	0	0	0	0	0	0	0	0	0	0	0	0	0	0	0	0	0	0	0	0	0	0	0	0	0	0	0	0	0	0	0	0	0	0	0	0	17	116	61	28	39	6	20	83	18	71	18	124	30	3	104	84	39	73	20	16	28	116	36	120	32	59	16	48	16	1	33	36	11	47	66	102	44	36	99	82	13	93	44	61	65	60	122	19	58	75	110	52	37
0	0	0	0	0	0	0	0	0	0	0	0	0	0	0	0	0	0	0	0	0	0	0	0	0	0	0	0	0	0	0	0	0	0	0	0	0	0	0	0	0	0	0	0	0	0	0	0	0	0	0	0	0	0	0	0	0	0	0	0	0	0	0	0	0	0	0	0	0	0	0	0	0	0	0	0	119	66	98	99	47	42	94	6	113	84	110	109	71	92	98	121	28	104	27	73	57	59	112	55	26	124	27	115	14	31	72	48	113	20	24	17	6	1	11	34	85	128	20	23	16	31	26	91	64	63	60	21
0	0	0	0	0	0	0	0	0	0	0	0	0	0	0	0	0	0	0	0	0	0	0	0	0	0	0	0	0	0	0	0	0	0	0	0	0	0	0	0	0	0	0	0	0	0	0	0	0	0	0	0	0	0	0	0	0	0	0	0	0	0	0	0	0	0	0	0	0	0	0	0	0	0	0	0	0	25	114	123	17	57	57	41	40	27	93	26	30	107	22	50	69	77	80	12	126	128	89	55	108	1	113	30	86	103	61	118	114	107	35	105	56	94	16	11	122	47	42	38	8	40	56	97	33	10	83	106
0	0	0	0	0	0	0	0	0	0	0	0	0	0	0	0	0	0	0	0	0	0	0	0	0	0	0	0	0	0	0	0	0	0	0	0	0	0	0	0	0	0	0	0	0	0	0	0	0	0	0	0	0	0	0	0	0	0	0	0	0	0	0	0	0	0	0	0	0	0	0	0	0	0	0	0	0	0	113	50	89	63	91	57	64	9	40	115	123	12	60	62	122	29	80	123	62	76	36	28	49	27	62	78	40	107	52	4	83	65	55	73	36	60	13	114	122	120	124	128	14	87	20	29	97	116	113	114
0	0	0	0	0	0	0	0	0	0	0	0	0	0	0	0	0	0	0	0	0	0	0	0	0	0	0	0	0	0	0	0	0	0	0	0	0	0	0	0	0	0	0	0	0	0	0	0	0	0	0	0	0	0	0	0	0	0	0	0	0	0	0	0	0	0	0	0	0	0	0	0	0	0	0	0	0	0	0	105	24	122	102	117	6	82	110	31	5	53	79	72	117	9	52	106	17	117	3	34	53	59	39	42	47	36	63	106	107	119	36	72	37	78	93	67	82	54	72	117	25	82	52	78	114	74	101	78
0	0	0	0	0	0	0	0	0	0	0	0	0	0	0	0	0	0	0	0	0	0	0	0	0	0	0	0	0	0	0	0	0	0	0	0	0	0	0	0	0	0	0	0	0	0	0	0	0	0	0	0	0	0	0	0	0	0	0	0	0	0	0	0	0	0	0	0	0	0	0	0	0	0	0	0	0	0	0	0	54	62	95	32	56	36	43	75	14	67	117	122	70	102	104	29	113	2	55	10	45	25	66	95	76	64	38	7	92	52	15	118	17	9	82	56	90	82	103	5	45	55	123	90	111	38	67	78
0	0	0	0	0	0	0	0	0	0	0	0	0	0	0	0	0	0	0	0	0	0	0	0	0	0	0	0	0	0	0	0	0	0	0	0	0	0	0	0	0	0	0	0	0	0	0	0	0	0	0	0	0	0	0	0	0	0	0	0	0	0	0	0	0	0	0	0	0	0	0	0	0	0	0	0	0	0	0	0	0	103	17	118	23	120	89	78	127	49	61	111	110	54	54	10	55	105	107	12	14	5	53	109	91	1	128	20	126	38	101	81	79	17	96	88	28	105	105	36	28	15	27	22	54	78	103	7
0	0	0	0	0	0	0	0	0	0	0	0	0	0	0	0	0	0	0	0	0	0	0	0	0	0	0	0	0	0	0	0	0	0	0	0	0	0	0	0	0	0	0	0	0	0	0	0	0	0	0	0	0	0	0	0	0	0	0	0	0	0	0	0	0	0	0	0	0	0	0	0	0	0	0	0	0	0	0	0	0	0	18	41	104	21	4	37	37	113	58	62	51	100	65	89	18	99	24	71	4	115	118	104	40	66	78	120	32	50	50	38	29	93	87	29	25	73	87	8	120	104	86	10	66	84	116	65
0	0	0	0	0	0	0	0	0	0	0	0	0	0	0	0	0	0	0	0	0	0	0	0	0	0	0	0	0	0	0	0	0	0	0	0	0	0	0	0	0	0	0	0	0	0	0	0	0	0	0	0	0	0	0	0	0	0	0	0	0	0	0	0	0	0	0	0	0	0	0	0	0	0	0	0	0	0	0	0	0	0	0	124	48	50	14	46	10	95	105	32	17	16	34	14	8	54	73	21	84	24	102	109	42	107	88	47	102	116	70	56	36	36	114	57	31	96	60	13	44	88	111	48	47	18	17	126
0	0	0	0	0	0	0	0	0	0	0	0	0	0	0	0	0	0	0	0	0	0	0	0	0	0	0	0	0	0	0	0	0	0	0	0	0	0	0	0	0	0	0	0	0	0	0	0	0	0	0	0	0	0	0	0	0	0	0	0	0	0	0	0	0	0	0	0	0	0	0	0	0	0	0	0	0	0	0	0	0	0	0	0	74	20	118	93	40	96	25	108	99	92	76	124	40	53	15	109	17	14	111	34	117	124	96	38	30	101	89	46	51	119	29	111	1	93	110	2	27	56	12	51	108	53	94	122
0	0	0	0	0	0	0	0	0	0	0	0	0	0	0	0	0	0	0	0	0	0	0	0	0	0	0	0	0	0	0	0	0	0	0	0	0	0	0	0	0	0	0	0	0	0	0	0	0	0	0	0	0	0	0	0	0	0	0	0	0	0	0	0	0	0	0	0	0	0	0	0	0	0	0	0	0	0	0	0	0	0	0	0	0	54	90	62	63	62	32	39	28	58	3	68	61	117	6	43	46	71	50	40	55	79	92	111	50	60	25	111	100	74	61	15	5	74	64	49	33	47	81	19	16	10	113	79
0	0	0	0	0	0	0	0	0	0	0	0	0	0	0	0	0	0	0	0	0	0	0	0	0	0	0	0	0	0	0	0	0	0	0	0	0	0	0	0	0	0	0	0	0	0	0	0	0	0	0	0	0	0	0	0	0	0	0	0	0	0	0	0	0	0	0	0	0	0	0	0	0	0	0	0	0	0	0	0	0	0	0	0	0	0	47	70	118	56	72	50	18	12	33	44	96	44	89	3	56	59	80	22	38	114	49	18	115	110	123	9	60	121	95	73	68	37	70	103	123	81	54	9	62	13	84	41
0	0	0	0	0	0	0	0	0	0	0	0	0	0	0	0	0	0	0	0	0	0	0	0	0	0	0	0	0	0	0	0	0	0	0	0	0	0	0	0	0	0	0	0	0	0	0	0	0	0	0	0	0	0	0	0	0	0	0	0	0	0	0	0	0	0	0	0	0	0	0	0	0	0	0	0	0	0	0	0	0	0	0	0	0	0	0	16	105	57	14	86	80	124	101	97	2	87	67	6	114	72	59	66	7	105	39	7	77	23	100	52	117	77	31	45	90	36	72	50	71	8	81	2	61	50	5	32
0	0	0	0	0	0	0	0	0	0	0	0	0	0	0	0	0	0	0	0	0	0	0	0	0	0	0	0	0	0	0	0	0	0	0	0	0	0	0	0	0	0	0	0	0	0	0	0	0	0	0	0	0	0	0	0	0	0	0	0	0	0	0	0	0	0	0	0	0	0	0	0	0	0	0	0	0	0	0	0	0	0	0	0	0	0	0	0	56	2	54	96	111	8	46	83	45	31	35	123	6	80	30	113	110	1	80	101	116	88	122	68	19	107	82	104	127	23	98	123	88	43	18	54	122	56	118	24
0	0	0	0	0	0	0	0	0	0	0	0	0	0	0	0	0	0	0	0	0	0	0	0	0	0	0	0	0	0	0	0	0	0	0	0	0	0	0	0	0	0	0	0	0	0	0	0	0	0	0	0	0	0	0	0	0	0	0	0	0	0	0	0	0	0	0	0	0	0	0	0	0	0	0	0	0	0	0	0	0	0	0	0	0	0	0	0	0	118	80	77	5	36	91	111	92	87	34	123	9	45	2	50	2	128	51	81	96	119	12	128	10	83	41	73	67	24	107	113	120	49	42	9	12	111	54	49
0	0	0	0	0	0	0	0	0	0	0	0	0	0	0	0	0	0	0	0	0	0	0	0	0	0	0	0	0	0	0	0	0	0	0	0	0	0	0	0	0	0	0	0	0	0	0	0	0	0	0	0	0	0	0	0	0	0	0	0	0	0	0	0	0	0	0	0	0	0	0	0	0	0	0	0	0	0	0	0	0	0	0	0	0	0	0	0	0	0	56	7	41	86	112	71	116	4	105	15	66	89	109	61	124	52	69	62	47	119	32	107	124	100	117	4	33	96	63	49	117	16	50	81	60	14	13	112
0	0	0	0	0	0	0	0	0	0	0	0	0	0	0	0	0	0	0	0	0	0	0	0	0	0	0	0	0	0	0	0	0	0	0	0	0	0	0	0	0	0	0	0	0	0	0	0	0	0	0	0	0	0	0	0	0	0	0	0	0	0	0	0	0	0	0	0	0	0	0	0	0	0	0	0	0	0	0	0	0	0	0	0	0	0	0	0	0	0	0	108	68	116	10	87	52	60	22	124	108	85	74	78	80	10	78	88	67	37	25	25	84	6	7	67	73	107	98	55	121	32	31	39	96	42	39	35
0	0	0	0	0	0	0	0	0	0	0	0	0	0	0	0	0	0	0	0	0	0	0	0	0	0	0	0	0	0	0	0	0	0	0	0	0	0	0	0	0	0	0	0	0	0	0	0	0	0	0	0	0	0	0	0	0	0	0	0	0	0	0	0	0	0	0	0	0	0	0	0	0	0	0	0	0	0	0	0	0	0	0	0	0	0	0	0	0	0	0	0	104	91	87	47	66	69	105	70	76	81	10	118	102	108	77	42	87	124	40	54	88	77	65	113	40	46	97	50	50	97	98	13	108	10	55	118
0	0	0	0	0	0	0	0	0	0	0	0	0	0	0	0	0	0	0	0	0	0	0	0	0	0	0	0	0	0	0	0	0	0	0	0	0	0	0	0	0	0	0	0	0	0	0	0	0	0	0	0	0	0	0	0	0	0	0	0	0	0	0	0	0	0	0	0	0	0	0	0	0	0	0	0	0	0	0	0	0	0	0	0	0	0	0	0	0	0	0	0	0	55	23	104	90	120	66	125	88	2	54	47	98	112	109	74	11	14	22	72	105	112	56	71	61	125	6	40	13	120	7	98	46	75	81	10
0	0	0	0	0	0	0	0	0	0	0	0	0	0	0	0	0	0	0	0	0	0	0	0	0	0	0	0	0	0	0	0	0	0	0	0	0	0	0	0	0	0	0	0	0	0	0	0	0	0	0	0	0	0	0	0	0	0	0	0	0	0	0	0	0	0	0	0	0	0	0	0	0	0	0	0	0	0	0	0	0	0	0	0	0	0	0	0	0	0	0	0	0	0	4	30	6	27	52	37	59	58	45	22	22	44	112	81	92	91	41	20	110	5	53	102	49	47	41	84	35	59	3	88	118	82	21	119
0	0	0	0	0	0	0	0	0	0	0	0	0	0	0	0	0	0	0	0	0	0	0	0	0	0	0	0	0	0	0	0	0	0	0	0	0	0	0	0	0	0	0	0	0	0	0	0	0	0	0	0	0	0	0	0	0	0	0	0	0	0	0	0	0	0	0	0	0	0	0	0	0	0	0	0	0	0	0	0	0	0	0	0	0	0	0	0	0	0	0	0	0	0	0	16	61	5	8	26	50	127	124	91	125	65	62	37	36	48	26	90	95	84	37	21	3	53	11	30	58	103	47	58	118	11	30	16
0	0	0	0	0	0	0	0	0	0	0	0	0	0	0	0	0	0	0	0	0	0	0	0	0	0	0	0	0	0	0	0	0	0	0	0	0	0	0	0	0	0	0	0	0	0	0	0	0	0	0	0	0	0	0	0	0	0	0	0	0	0	0	0	0	0	0	0	0	0	0	0	0	0	0	0	0	0	0	0	0	0	0	0	0	0	0	0	0	0	0	0	0	0	0	0	119	111	10	34	19	98	84	67	95	83	52	2	124	112	30	110	85	54	41	2	120	58	100	104	107	51	78	50	113	118	11	101
0	0	0	0	0	0	0	0	0	0	0	0	0	0	0	0	0	0	0	0	0	0	0	0	0	0	0	0	0	0	0	0	0	0	0	0	0	0	0	0	0	0	0	0	0	0	0	0	0	0	0	0	0	0	0	0	0	0	0	0	0	0	0	0	0	0	0	0	0	0	0	0	0	0	0	0	0	0	0	0	0	0	0	0	0	0	0	0	0	0	0	0	0	0	0	0	0	127	42	95	105	89	8	68	39	26	88	76	104	7	75	52	72	124	127	61	45	84	104	111	42	13	46	72	6	77	91	60
0	0	0	0	0	0	0	0	0	0	0	0	0	0	0	0	0	0	0	0	0	0	0	0	0	0	0	0	0	0	0	0	0	0	0	0	0	0	0	0	0	0	0	0	0	0	0	0	0	0	0	0	0	0	0	0	0	0	0	0	0	0	0	0	0	0	0	0	0	0	0	0	0	0	0	0	0	0	0	0	0	0	0	0	0	0	0	0	0	0	0	0	0	0	0	0	0	0	111	22	91	87	21	127	86	81	24	119	78	106	26	76	98	82	1	16	116	12	56	123	21	16	122	4	118	75	60	31
0	0	0	0	0	0	0	0	0	0	0	0	0	0	0	0	0	0	0	0	0	0	0	0	0	0	0	0	0	0	0	0	0	0	0	0	0	0	0	0	0	0	0	0	0	0	0	0	0	0	0	0	0	0	0	0	0	0	0	0	0	0	0	0	0	0	0	0	0	0	0	0	0	0	0	0	0	0	0	0	0	0	0	0	0	0	0	0	0	0	0	0	0	0	0	0	0	0	0	47	96	40	86	68	6	48	61	33	51	86	34	66	100	121	20	8	85	51	98	48	60	106	88	50	26	51	47	52
0	0	0	0	0	0	0	0	0	0	0	0	0	0	0	0	0	0	0	0	0	0	0	0	0	0	0	0	0	0	0	0	0	0	0	0	0	0	0	0	0	0	0	0	0	0	0	0	0	0	0	0	0	0	0	0	0	0	0	0	0	0	0	0	0	0	0	0	0	0	0	0	0	0	0	0	0	0	0	0	0	0	0	0	0	0	0	0	0	0	0	0	0	0	0	0	0	0	0	0	35	7	42	61	34	69	126	103	106	30	30	73	11	53	19	85	94	57	36	42	119	96	87	47	25	58	79	30
0	0	0	0	0	0	0	0	0	0	0	0	0	0	0	0	0	0	0	0	0	0	0	0	0	0	0	0	0	0	0	0	0	0	0	0	0	0	0	0	0	0	0	0	0	0	0	0	0	0	0	0	0	0	0	0	0	0	0	0	0	0	0	0	0	0	0	0	0	0	0	0	0	0	0	0	0	0	0	0	0	0	0	0	0	0	0	0	0	0	0	0	0	0	0	0	0	0	0	0	0	116	77	74	11	54	111	9	103	79	23	23	122	11	88	14	47	114	78	2	117	69	82	59	41	36	29	99
0	0	0	0	0	0	0	0	0	0	0	0	0	0	0	0	0	0	0	0	0	0	0	0	0	0	0	0	0	0	0	0	0	0	0	0	0	0	0	0	0	0	0	0	0	0	0	0	0	0	0	0	0	0	0	0	0	0	0	0	0	0	0	0	0	0	0	0	0	0	0	0	0	0	0	0	0	0	0	0	0	0	0	0	0	0	0	0	0	0	0	0	0	0	0	0	0	0	0	0	0	0	34	103	121	120	95	72	4	27	43	30	81	125	2	21	96	5	111	117	62	38	127	63	52	99	27	123
0	0	0	0	0	0	0	0	0	0	0	0	0	0	0	0	0	0	0	0	0	0	0	0	0	0	0	0	0	0	0	0	0	0	0	0	0	0	0	0	0	0	0	0	0	0	0	0	0	0	0	0	0	0	0	0	0	0	0	0	0	0	0	0	0	0	0	0	0	0	0	0	0	0	0	0	0	0	0	0	0	0	0	0	0	0	0	0	0	0	0	0	0	0	0	0	0	0	0	0	0	0	0	111	5	112	74	35	20	127	94	82	38	120	5	1	40	24	119	30	113	51	54	34	9	57	48	31
0	0	0	0	0	0	0	0	0	0	0	0	0	0	0	0	0	0	0	0	0	0	0	0	0	0	0	0	0	0	0	0	0	0	0	0	0	0	0	0	0	0	0	0	0	0	0	0	0	0	0	0	0	0	0	0	0	0	0	0	0	0	0	0	0	0	0	0	0	0	0	0	0	0	0	0	0	0	0	0	0	0	0	0	0	0	0	0	0	0	0	0	0	0	0	0	0	0	0	0	0	0	0	0	114	93	43	86	71	83	28	35	108	120	113	50	68	123	6	65	49	80	82	23	85	19	44	35
0	0	0	0	0	0	0	0	0	0	0	0	0	0	0	0	0	0	0	0	0	0	0	0	0	0	0	0	0	0	0	0	0	0	0	0	0	0	0	0	0	0	0	0	0	0	0	0	0	0	0	0	0	0	0	0	0	0	0	0	0	0	0	0	0	0	0	0	0	0	0	0	0	0	0	0	0	0	0	0	0	0	0	0	0	0	0	0	0	0	0	0	0	0	0	0	0	0	0	0	0	0	0	0	0	72	74	1	24	89	106	128	23	33	30	104	29	43	52	4	3	45	3	56	82	74	31	16
0	0	0	0	0	0	0	0	0	0	0	0	0	0	0	0	0	0	0	0	0	0	0	0	0	0	0	0	0	0	0	0	0	0	0	0	0	0	0	0	0	0	0	0	0	0	0	0	0	0	0	0	0	0	0	0	0	0	0	0	0	0	0	0	0	0	0	0	0	0	0	0	0	0	0	0	0	0	0	0	0	0	0	0	0	0	0	0	0	0	0	0	0	0	0	0	0	0	0	0	0	0	0	0	0	0	48	116	117	111	101	75	56	76	74	99	109	9	3	8	44	99	53	47	24	88	33	21
0	0	0	0	0	0	0	0	0	0	0	0	0	0	0	0	0	0	0	0	0	0	0	0	0	0	0	0	0	0	0	0	0	0	0	0	0	0	0	0	0	0	0	0	0	0	0	0	0	0	0	0	0	0	0	0	0	0	0	0	0	0	0	0	0	0	0	0	0	0	0	0	0	0	0	0	0	0	0	0	0	0	0	0	0	0	0	0	0	0	0	0	0	0	0	0	0	0	0	0	0	0	0	0	0	0	0	128	76	12	35	107	42	43	31	97	39	32	20	32	123	95	125	127	76	100	33	10
0	0	0	0	0	0	0	0	0	0	0	0	0	0	0	0	0	0	0	0	0	0	0	0	0	0	0	0	0	0	0	0	0	0	0	0	0	0	0	0	0	0	0	0	0	0	0	0	0	0	0	0	0	0	0	0	0	0	0	0	0	0	0	0	0	0	0	0	0	0	0	0	0	0	0	0	0	0	0	0	0	0	0	0	0	0	0	0	0	0	0	0	0	0	0	0	0	0	0	0	0	0	0	0	0	0	0	0	14	28	44	103	60	55	64	56	91	28	57	72	9	2	9	90	88	52	36	116
0	0	0	0	0	0	0	0	0	0	0	0	0	0	0	0	0	0	0	0	0	0	0	0	0	0	0	0	0	0	0	0	0	0	0	0	0	0	0	0	0	0	0	0	0	0	0	0	0	0	0	0	0	0	0	0	0	0	0	0	0	0	0	0	0	0	0	0	0	0	0	0	0	0	0	0	0	0	0	0	0	0	0	0	0	0	0	0	0	0	0	0	0	0	0	0	0	0	0	0	0	0	0	0	0	0	0	0	0	31	28	24	30	86	68	96	122	91	62	12	99	86	49	123	96	103	101	29
0	0	0	0	0	0	0	0	0	0	0	0	0	0	0	0	0	0	0	0	0	0	0	0	0	0	0	0	0	0	0	0	0	0	0	0	0	0	0	0	0	0	0	0	0	0	0	0	0	0	0	0	0	0	0	0	0	0	0	0	0	0	0	0	0	0	0	0	0	0	0	0	0	0	0	0	0	0	0	0	0	0	0	0	0	0	0	0	0	0	0	0	0	0	0	0	0	0	0	0	0	0	0	0	0	0	0	0	0	0	56	123	39	68	47	75	73	77	79	103	107	20	19	82	48	64	44	3
0	0	0	0	0	0	0	0	0	0	0	0	0	0	0	0	0	0	0	0	0	0	0	0	0	0	0	0	0	0	0	0	0	0	0	0	0	0	0	0	0	0	0	0	0	0	0	0	0	0	0	0	0	0	0	0	0	0	0	0	0	0	0	0	0	0	0	0	0	0	0	0	0	0	0	0	0	0	0	0	0	0	0	0	0	0	0	0	0	0	0	0	0	0	0	0	0	0	0	0	0	0	0	0	0	0	0	0	0	0	0	39	101	116	36	50	84	18	21	81	126	23	22	116	112	82	126	20
0	0	0	0	0	0	0	0	0	0	0	0	0	0	0	0	0	0	0	0	0	0	0	0	0	0	0	0	0	0	0	0	0	0	0	0	0	0	0	0	0	0	0	0	0	0	0	0	0	0	0	0	0	0	0	0	0	0	0	0	0	0	0	0	0	0	0	0	0	0	0	0	0	0	0	0	0	0	0	0	0	0	0	0	0	0	0	0	0	0	0	0	0	0	0	0	0	0	0	0	0	0	0	0	0	0	0	0	0	0	0	0	3	27	78	118	100	21	109	7	41	76	93	123	50	111	90	74
0	0	0	0	0	0	0	0	0	0	0	0	0	0	0	0	0	0	0	0	0	0	0	0	0	0	0	0	0	0	0	0	0	0	0	0	0	0	0	0	0	0	0	0	0	0	0	0	0	0	0	0	0	0	0	0	0	0	0	0	0	0	0	0	0	0	0	0	0	0	0	0	0	0	0	0	0	0	0	0	0	0	0	0	0	0	0	0	0	0	0	0	0	0	0	0	0	0	0	0	0	0	0	0	0	0	0	0	0	0	0	0	0	65	47	60	11	44	56	75	54	81	27	19	7	4	126	73
0	0	0	0	0	0	0	0	0	0	0	0	0	0	0	0	0	0	0	0	0	0	0	0	0	0	0	0	0	0	0	0	0	0	0	0	0	0	0	0	0	0	0	0	0	0	0	0	0	0	0	0	0	0	0	0	0	0	0	0	0	0	0	0	0	0	0	0	0	0	0	0	0	0	0	0	0	0	0	0	0	0	0	0	0	0	0	0	0	0	0	0	0	0	0	0	0	0	0	0	0	0	0	0	0	0	0	0	0	0	0	0	0	0	124	71	116	39	48	34	59	103	102	30	83	13	110	44
0	0	0	0	0	0	0	0	0	0	0	0	0	0	0	0	0	0	0	0	0	0	0	0	0	0	0	0	0	0	0	0	0	0	0	0	0	0	0	0	0	0	0	0	0	0	0	0	0	0	0	0	0	0	0	0	0	0	0	0	0	0	0	0	0	0	0	0	0	0	0	0	0	0	0	0	0	0	0	0	0	0	0	0	0	0	0	0	0	0	0	0	0	0	0	0	0	0	0	0	0	0	0	0	0	0	0	0	0	0	0	0	0	0	0	38	75	123	48	27	12	36	111	101	36	57	89	91
0	0	0	0	0	0	0	0	0	0	0	0	0	0	0	0	0	0	0	0	0	0	0	0	0	0	0	0	0	0	0	0	0	0	0	0	0	0	0	0	0	0	0	0	0	0	0	0	0	0	0	0	0	0	0	0	0	0	0	0	0	0	0	0	0	0	0	0	0	0	0	0	0	0	0	0	0	0	0	0	0	0	0	0	0	0	0	0	0	0	0	0	0	0	0	0	0	0	0	0	0	0	0	0	0	0	0	0	0	0	0	0	0	0	0	0	112	49	77	46	107	87	27	72	126	113	47	33
0	0	0	0	0	0	0	0	0	0	0	0	0	0	0	0	0	0	0	0	0	0	0	0	0	0	0	0	0	0	0	0	0	0	0	0	0	0	0	0	0	0	0	0	0	0	0	0	0	0	0	0	0	0	0	0	0	0	0	0	0	0	0	0	0	0	0	0	0	0	0	0	0	0	0	0	0	0	0	0	0	0	0	0	0	0	0	0	0	0	0	0	0	0	0	0	0	0	0	0	0	0	0	0	0	0	0	0	0	0	0	0	0	0	0	0	0	5	3	36	114	35	121	17	58	73	57	43
0	0	0	0	0	0	0	0	0	0	0	0	0	0	0	0	0	0	0	0	0	0	0	0	0	0	0	0	0	0	0	0	0	0	0	0	0	0	0	0	0	0	0	0	0	0	0	0	0	0	0	0	0	0	0	0	0	0	0	0	0	0	0	0	0	0	0	0	0	0	0	0	0	0	0	0	0	0	0	0	0	0	0	0	0	0	0	0	0	0	0	0	0	0	0	0	0	0	0	0	0	0	0	0	0	0	0	0	0	0	0	0	0	0	0	0	0	0	22	99	69	88	31	72	105	124	68	21
0	0	0	0	0	0	0	0	0	0	0	0	0	0	0	0	0	0	0	0	0	0	0	0	0	0	0	0	0	0	0	0	0	0	0	0	0	0	0	0	0	0	0	0	0	0	0	0	0	0	0	0	0	0	0	0	0	0	0	0	0	0	0	0	0	0	0	0	0	0	0	0	0	0	0	0	0	0	0	0	0	0	0	0	0	0	0	0	0	0	0	0	0	0	0	0	0	0	0	0	0	0	0	0	0	0	0	0	0	0	0	0	0	0	0	0	0	0	0	77	106	49	118	83	97	106	27	27
0	0	0	0	0	0	0	0	0	0	0	0	0	0	0	0	0	0	0	0	0	0	0	0	0	0	0	0	0	0	0	0	0	0	0	0	0	0	0	0	0	0	0	0	0	0	0	0	0	0	0	0	0	0	0	0	0	0	0	0	0	0	0	0	0	0	0	0	0	0	0	0	0	0	0	0	0	0	0	0	0	0	0	0	0	0	0	0	0	0	0	0	0	0	0	0	0	0	0	0	0	0	0	0	0	0	0	0	0	0	0	0	0	0	0	0	0	0	0	0	66	33	18	54	116	113	67	53
0	0	0	0	0	0	0	0	0	0	0	0	0	0	0	0	0	0	0	0	0	0	0	0	0	0	0	0	0	0	0	0	0	0	0	0	0	0	0	0	0	0	0	0	0	0	0	0	0	0	0	0	0	0	0	0	0	0	0	0	0	0	0	0	0	0	0	0	0	0	0	0	0	0	0	0	0	0	0	0	0	0	0	0	0	0	0	0	0	0	0	0	0	0	0	0	0	0	0	0	0	0	0	0	0	0	0	0	0	0	0	0	0	0	0	0	0	0	0	0	0	87	19	63	117	128	15	86
0	0	0	0	0	0	0	0	0	0	0	0	0	0	0	0	0	0	0	0	0	0	0	0	0	0	0	0	0	0	0	0	0	0	0	0	0	0	0	0	0	0	0	0	0	0	0	0	0	0	0	0	0	0	0	0	0	0	0	0	0	0	0	0	0	0	0	0	0	0	0	0	0	0	0	0	0	0	0	0	0	0	0	0	0	0	0	0	0	0	0	0	0	0	0	0	0	0	0	0	0	0	0	0	0	0	0	0	0	0	0	0	0	0	0	0	0	0	0	0	0	0	72	108	110	113	124	37
0	0	0	0	0	0	0	0	0	0	0	0	0	0	0	0	0	0	0	0	0	0	0	0	0	0	0	0	0	0	0	0	0	0	0	0	0	0	0	0	0	0	0	0	0	0	0	0	0	0	0	0	0	0	0	0	0	0	0	0	0	0	0	0	0	0	0	0	0	0	0	0	0	0	0	0	0	0	0	0	0	0	0	0	0	0	0	0	0	0	0	0	0	0	0	0	0	0	0	0	0	0	0	0	0	0	0	0	0	0	0	0	0	0	0	0	0	0	0	0	0	0	0	12	106	20	108	106
0	0	0	0	0	0	0	0	0	0	0	0	0	0	0	0	0	0	0	0	0	0	0	0	0	0	0	0	0	0	0	0	0	0	0	0	0	0	0	0	0	0	0	0	0	0	0	0	0	0	0	0	0	0	0	0	0	0	0	0	0	0	0	0	0	0	0	0	0	0	0	0	0	0	0	0	0	0	0	0	0	0	0	0	0	0	0	0	0	0	0	0	0	0	0	0	0	0	0	0	0	0	0	0	0	0	0	0	0	0	0	0	0	0	0	0	0	0	0	0	0	0	0	0	112	81	45	65
0	0	0	0	0	0	0	0	0	0	0	0	0	0	0	0	0	0	0	0	0	0	0	0	0	0	0	0	0	0	0	0	0	0	0	0	0	0	0	0	0	0	0	0	0	0	0	0	0	0	0	0	0	0	0	0	0	0	0	0	0	0	0	0	0	0	0	0	0	0	0	0	0	0	0	0	0	0	0	0	0	0	0	0	0	0	0	0	0	0	0	0	0	0	0	0	0	0	0	0	0	0	0	0	0	0	0	0	0	0	0	0	0	0	0	0	0	0	0	0	0	0	0	0	0	112	22	105
0	0	0	0	0	0	0	0	0	0	0	0	0	0	0	0	0	0	0	0	0	0	0	0	0	0	0	0	0	0	0	0	0	0	0	0	0	0	0	0	0	0	0	0	0	0	0	0	0	0	0	0	0	0	0	0	0	0	0	0	0	0	0	0	0	0	0	0	0	0	0	0	0	0	0	0	0	0	0	0	0	0	0	0	0	0	0	0	0	0	0	0	0	0	0	0	0	0	0	0	0	0	0	0	0	0	0	0	0	0	0	0	0	0	0	0	0	0	0	0	0	0	0	0	0	0	72	84
0	0	0	0	0	0	0	0	0	0	0	0	0	0	0	0	0	0	0	0	0	0	0	0	0	0	0	0	0	0	0	0	0	0	0	0	0	0	0	0	0	0	0	0	0	0	0	0	0	0	0	0	0	0	0	0	0	0	0	0	0	0	0	0	0	0	0	0	0	0	0	0	0	0	0	0	0	0	0	0	0	0	0	0	0	0	0	0	0	0	0	0	0	0	0	0	0	0	0	0	0	0	0	0	0	0	0	0	0	0	0	0	0	0	0	0	0	0	0	0	0	0	0	0	0	0	0	3
0	0	0	0	0	0	0	0	0	0	0	0	0	0	0	0	0	0	0	0	0	0	0	0	0	0	0	0	0	0	0	0	0	0	0	0	0	0	0	0	0	0	0	0	0	0	0	0	0	0	0	0	0	0	0	0	0	0	0	0	0	0	0	0	0	0	0	0	0	0	0	0	0	0	0	0	0	0	0	0	0	0	0	0	0	0	0	0	0	0	0	0	0	0	0	0	0	0	0	0	0	0	0	0	0	0	0	0	0	0	0	0	0	0	0	0	0	0	0	0	0	0	0	0	0	0	0	0