0	5	27	107	21	35	73	19	88	29	17	20	79	66	30	115	58	54	81	74	37	61	60	90	113	63	8	9	74	61	72	6	48	70	39	78	32	119	90	65	113	66	18	61	48	89	15	51	120	116	79	41	43	70	32	109	52	99	117	75	119	52	13	100	36	71	69	127	117	2	63	79	113	72	90	95	122	94	55	113	43	67	37	8	20	13	104	110	114	121	113	46	52	83	50	108	67	62	99	44	50	16	35	49	37	107	98	118	35	25	45	102	58	117	31	37	89	104	15	21	71	31	80	127	85	22	81	113
0	0	71	51	90	43	3	97	66	54	26	48	34	76	128	46	16	124	52	81	37	66	118	54	103	118	51	87	2	95	79	18	76	41	112	68	28	85	106	67	49	99	42	25	95	22	4	107	74	45	80	88	79	125	118	94	50	6	29	82	103	71	64	113	32	68	77	110	117	119	72	85	38	126	113	15	45	93	10	3	71	81	126	19	17	73	40	93	21	10	64	75	77	98	18	81	28	71	124	80	63	58	16	61	20	32	31	46	36	59	2	70	115	19	98	107	28	116	7	71	15	12	14	65	103	11	31	18
0	0	0	64	17	33	65	74	76	101	67	59	48	54	85	103	18	44	57	61	8	35	101	50	58	33	79	89	126	41	37	5	69	125	22	112	40	37	11	113	79	60	72	43	108	13	57	116	53	90	70	35	90	113	62	125	114	37	54	61	91	71	104	20	110	35	17	104	74	126	107	101	4	25	127	49	40	124	67	76	70	3	41	70	22	32	30	25	111	77	127	74	60	86	105	20	116	44	52	27	96	85	108	69	35	44	72	63	27	124	44	101	45	17	68	22	125	2	78	39	91	9	85	84	91	16	57	15
0	0	0	0	20	122	16	88	31	115	84	84	19	66	125	118	111	21	3	88	93	50	117	31	117	116	121	63	19	60	84	51	126	101	77	86	49	92	103	74	81	33	46	118	4	103	106	36	109	26	11	75	14	98	25	16	14	67	104	108	24	68	98	11	33	110	15	33	40	126	60	23	60	89	97	22	59	52	16	65	48	79	82	22	116	91	55	96	99	20	55	55	19	67	76	71	48	104	122	127	71	36	117	112	125	127	42	87	52	79	27	111	107	18	112	83	108	66	70	57	5	26	70	68	60	106	127	114
0	0	0	0	0	14	43	26	28	47	126	93	118	20	85	41	36	50	107	7	41	12	66	32	126	24	27	72	16	27	59	36	98	75	40	100	19	32	115	126	53	57	38	65	84	90	40	5	85	49	87	21	125	49	54	79	7	13	21	118	76	57	42	23	6	79	37	21	127	12	18	100	13	102	120	97	71	56	64	113	125	2	44	25	77	90	9	41	38	67	113	30	10	111	92	112	119	69	64	120	16	3	23	95	52	4	99	93	124	21	20	103	41	123	19	37	48	94	97	127	56	65	10	76	35	90	46	39
0	0	0	0	0	0	38	39	4	32	105	102	115	38	10	23	106	110	69	86	34	20	126	15	84	74	22	2	77	23	92	5	124	39	119	60	41	124	6	2	94	38	117	77	103	121	65	21	99	63	25	30	13	63	91	123	82	107	19	39	67	43	50	96	118	66	94	67	122	51	79	29	107	55	40	41	125	45	81	11	9	118	16	92	125	73	82	57	48	107	50	37	33	90	61	89	67	90	39	86	13	102	42	31	15	75	83	9	96	26	8	7	35	60	102	30	3	11	95	61	109	121	101	93	62	14	26	127
0	0	0	0	0	0	0	14	30	87	14	30	23	114	69	76	116	67	106	64	103	79	76	15	37	70	52	34	92	31	103	103	40	10	108	77	60	112	2	32	48	64	17	83	39	57	50	51	63	79	126	71	8	26	102	4	68	27	30	100	31	55	98	36	59	21	5	23	44	9	69	20	94	54	55	79	51	86	32	33	81	45	79	96	80	1	50	64	57	31	113	46	50	66	104	10	22	64	9	25	62	28	94	57	109	3	7	23	47	121	102	18	119	103	107	68	56	61	58	22	118	124	91	60	107	63	102	70
0	0	0	0	0	0	0	0	30	107	93	14	54	20	59	39	34	119	53	94	23	79	101	97	49	102	106	69	31	67	31	119	22	122	6	82	75	127	100	118	126	72	66	127	7	14	16	68	95	64	121	45	98	8	87	76	89	44	116	106	24	6	25	104	117	128	106	12	25	120	55	97	56	14	17	128	83	27	9	98	112	52	83	110	29	99	58	66	43	66	93	1	11	124	9	11	127	68	58	114	66	96	28	93	66	18	125	34	74	19	120	82	120	15	22	97	12	55	122	110	33	29	102	37	8	43	97	65
0	0	0	0	0	0	0	0	0	70	123	40	81	110	52	113	88	32	115	27	75	24	41	46	82	19	102	77	29	94	5	72	92	77	41	49	23	61	42	88	23	70	67	83	17	96	82	2	125	2	46	91	41	41	117	89	10	1	84	49	114	119	103	97	46	78	60	41	99	30	26	109	55	121	32	99	8	34	4	52	20	41	25	65	61	116	38	72	34	27	71	125	95	83	75	18	51	122	77	33	17	95	43	12	72	125	49	57	12	1	55	121	86	107	40	7	25	17	114	91	115	15	115	72	109	70	64	16
0	0	0	0	0	0	0	0	0	0	114	31	98	18	54	12	47	27	97	125	114	56	32	82	120	16	9	57	14	8	61	44	18	34	50	76	97	114	34	97	85	114	72	110	1	22	106	85	2	73	1	13	28	40	55	110	47	85	94	10	12	76	33	16	106	65	45	3	6	53	101	27	32	29	117	51	32	86	92	97	99	57	77	94	95	75	86	8	78	104	13	119	1	109	117	11	50	64	26	28	44	93	109	120	21	31	123	3	126	54	96	120	23	30	118	85	72	69	125	67	40	107	42	100	116	67	80	90
0	0	0	0	0	0	0	0	0	0	0	23	85	35	102	77	15	25	83	52	122	39	72	85	6	5	76	23	49	9	10	83	25	52	32	67	41	40	89	13	37	64	112	53	49	2	123	7	114	86	92	14	22	10	68	123	107	128	2	61	92	70	13	62	34	52	31	108	100	73	95	57	21	63	58	89	104	7	118	87	111	53	44	78	97	62	8	12	119	72	45	119	120	59	98	109	65	23	64	127	74	102	54	36	38	9	76	47	94	99	1	20	82	108	61	3	51	10	68	60	14	18	12	12	65	93	87	44
0	0	0	0	0	0	0	0	0	0	0	0	91	127	4	37	89	21	98	32	20	126	4	46	44	54	82	23	66	70	21	3	11	56	125	87	57	114	128	21	76	122	113	24	77	104	69	61	92	101	101	64	10	104	32	79	34	9	13	59	16	47	78	106	81	94	26	62	96	92	69	67	8	26	30	67	119	14	107	41	104	101	96	76	26	71	21	80	58	18	73	58	13	37	74	114	45	120	39	13	99	8	20	2	16	62	37	114	17	34	102	56	82	15	24	128	7	30	66	122	61	71	36	99	50	96	109	78
0	0	0	0	0	0	0	0	0	0	0	0	0	124	104	16	66	65	78	120	73	27	96	14	73	2	104	108	91	103	106	117	102	86	117	51	78	28	126	85	114	80	80	119	25	94	24	98	102	97	2	56	63	55	17	59	51	102	124	73	59	122	50	36	26	23	46	73	119	15	37	13	29	15	30	68	106	23	54	118	43	126	68	18	66	73	53	31	32	37	22	83	56	34	37	115	67	33	127	76	30	3	107	65	27	53	126	48	49	51	100	6	119	125	77	41	25	86	58	29	64	41	113	55	28	72	31	3
0	0	0	0	0	0	0	0	0	0	0	0	0	0	65	67	106	43	58	42	60	71	27	80	33	34	69	77	99	73	10	53	114	106	11	35	86	115	114	44	114	121	99	69	104	52	76	13	83	113	38	59	95	55	96	77	2	13	114	42	43	38	108	56	76	116	105	115	83	14	17	21	122	75	44	46	127	4	117	10	35	35	57	57	126	14	34	1	109	69	39	121	48	45	70	28	10	20	115	54	87	58	46	107	54	102	29	19	58	81	30	19	5	32	124	128	16	76	47	11	61	2	30	78	23	78	95	42
0	0	0	0	0	0	0	0	0	0	0	0	0	0	0	19	40	72	60	61	53	64	52	1	121	6	77	20	65	58	62	75	50	42	34	52	107	37	124	108	85	28	27	5	42	73	34	61	122	87	37	52	78	46	50	9	10	3	44	11	92	34	60	52	104	36	95	98	51	72	123	17	55	74	39	24	50	79	83	53	1	99	120	98	110	17	68	59	79	66	37	59	94	128	85	98	35	36	58	8	42	45	57	66	43	5	34	126	55	63	75	64	80	125	114	27	38	58	122	119	48	62	6	83	49	122	108	38
0	0	0	0	0	0	0	0	0	0	0	0	0	0	0	0	62	74	92	33	47	13	80	71	118	1	1	58	4	26	39	11	81	77	78	21	34	114	92	14	106	29	104	64	97	101	97	88	88	101	33	36	8	98	101	26	18	80	116	98	1	63	125	10	80	82	36	84	9	53	36	17	112	20	74	41	121	82	92	30	10	59	23	110	28	45	28	105	92	51	92	108	82	70	93	114	15	104	70	61	85	34	38	122	99	114	78	119	19	67	74	29	89	78	71	43	52	25	8	60	34	36	47	124	49	45	9	78
0	0	0	0	0	0	0	0	0	0	0	0	0	0	0	0	0	99	80	106	38	12	91	15	91	8	86	8	49	89	4	83	101	58	8	86	85	12	98	84	50	20	43	28	44	6	96	13	77	60	92	83	60	48	122	114	73	16	101	70	8	82	115	74	85	78	98	27	16	114	81	50	43	59	105	3	65	12	123	77	123	101	1	75	67	66	87	104	80	65	91	15	107	37	30	122	49	89	40	88	42	37	39	25	16	49	80	70	43	113	7	7	95	16	56	110	49	73	20	67	19	34	71	94	39	92	54	18
0	0	0	0	0	0	0	0	0	0	0	0	0	0	0	0	0	0	77	87	94	84	32	77	120	71	38	47	21	15	78	116	55	12	124	120	67	30	19	29	125	8	79	70	54	84	88	20	11	38	64	45	14	30	120	57	84	44	27	13	37	104	2	127	107	116	2	31	58	34	40	124	121	124	61	24	82	99	64	118	50	112	81	58	75	37	3	107	71	40	4	15	11	75	47	26	11	42	79	95	91	44	62	100	6	102	87	96	111	77	25	82	94	110	32	126	102	111	8	89	120	73	32	37	80	46	121	27
0	0	0	0	0	0	0	0	0	0	0	0	0	0	0	0	0	0	0	72	62	104	24	16	69	68	30	127	57	24	78	33	50	45	126	59	96	54	41	79	19	96	53	70	7	21	88	8	46	38	76	68	92	52	92	44	16	122	38	1	10	21	83	43	21	99	98	93	53	11	105	21	16	47	5	33	44	113	100	103	117	107	16	123	49	16	88	36	83	125	50	109	41	75	11	124	98	114	19	118	38	116	17	6	27	68	2	109	120	34	18	46	67	116	100	125	50	11	118	39	90	48	56	126	95	43	111	58
0	0	0	0	0	0	0	0	0	0	0	0	0	0	0	0	0	0	0	0	41	106	37	60	84	14	113	107	93	85	13	49	90	104	29	41	74	113	41	71	123	105	125	12	69	39	62	96	93	19	112	7	29	27	103	75	32	94	113	9	60	12	107	100	19	30	30	29	117	21	120	32	121	98	81	68	104	29	82	18	60	81	33	95	84	104	5	40	60	62	35	105	40	43	68	18	112	128	101	51	3	98	96	69	101	26	105	7	24	66	84	18	1	79	40	44	102	21	51	20	19	30	10	30	105	24	99	52
0	0	0	0	0	0	0	0	0	0	0	0	0	0	0	0	0	0	0	0	0	115	108	32	104	54	39	27	113	118	61	98	7	82	43	21	108	94	17	32	95	54	85	97	111	52	3	7	35	87	89	58	68	69	84	8	66	25	5	50	20	128	40	37	27	13	81	114	22	81	108	106	28	84	4	102	22	48	49	123	106	43	45	104	76	113	121	2	106	42	19	109	91	99	77	124	76	8	43	23	79	43	32	26	71	94	103	94	73	88	104	101	113	43	70	6	112	104	24	114	81	102	102	25	105	127	102	57
0	0	0	0	0	0	0	0	0	0	0	0	0	0	0	0	0	0	0	0	0	0	74	66	101	120	120	4	89	63	32	37	85	57	25	30	20	90	13	9	128	13	32	17	118	110	40	9	54	49	31	4	6	48	78	113	48	8	47	92	118	103	114	117	123	11	93	75	52	50	7	51	1	41	23	35	16	83	124	92	110	12	50	8	60	11	91	70	35	105	28	22	103	62	39	25	85	79	42	72	25	99	56	38	34	117	13	82	127	71	56	40	86	25	118	13	43	115	116	123	115	11	48	31	61	84	92	101
0	0	0	0	0	0	0	0	0	0	0	0	0	0	0	0	0	0	0	0	0	0	0	65	70	116	83	41	46	86	56	24	9	125	43	1	101	60	53	49	62	24	17	114	117	110	70	71	79	94	99	126	68	29	19	17	42	36	37	51	64	43	49	111	126	32	1	69	51	8	38	63	102	76	118	123	128	110	97	31	95	124	44	124	37	64	124	99	40	53	12	124	113	55	51	89	47	92	28	111	32	52	123	65	5	63	91	21	35	99	82	11	18	39	114	10	22	13	21	118	109	121	109	53	107	104	43	64
0	0	0	0	0	0	0	0	0	0	0	0	0	0	0	0	0	0	0	0	0	0	0	0	26	46	71	126	107	87	127	74	72	109	18	40	80	119	45	122	109	70	35	118	34	35	20	39	44	34	73	121	58	41	64	49	29	45	24	54	114	33	37	81	122	27	26	108	36	99	47	118	96	18	30	74	77	19	81	40	124	73	15	64	24	55	58	118	25	94	20	43	27	98	61	76	108	3	70	15	116	20	31	11	110	36	109	51	86	1	81	78	41	105	93	59	14	111	62	92	124	51	85	43	101	12	44	20
0	0	0	0	0	0	0	0	0	0	0	0	0	0	0	0	0	0	0	0	0	0	0	0	0	43	127	13	88	118	73	117	82	69	35	87	1	48	115	96	5	9	27	87	9	70	56	22	100	33	72	93	87	92	33	37	124	111	14	50	30	63	127	120	43	55	38	38	12	102	47	30	77	67	17	39	15	20	108	17	48	68	4	26	41	11	27	53	36	49	89	3	73	96	85	120	57	106	102	115	15	120	117	93	128	62	96	2	116	34	12	121	119	71	7	2	126	21	32	58	25	63	41	4	61	3	97	24
0	0	0	0	0	0	0	0	0	0	0	0	0	0	0	0	0	0	0	0	0	0	0	0	0	0	115	124	127	70	98	36	87	121	68	69	74	67	67	115	35	76	67	119	88	80	53	7	81	124	36	75	93	27	61	8	111	105	6	127	2	53	97	105	99	40	20	66	60	124	25	101	29	123	38	34	4	87	3	29	103	39	40	66	110	92	31	126	106	40	57	57	13	67	118	95	9	13	19	17	46	86	2	5	52	57	109	79	23	4	10	67	25	77	61	7	113	108	89	55	59	82	23	98	59	92	39	81
0	0	0	0	0	0	0	0	0	0	0	0	0	0	0	0	0	0	0	0	0	0	0	0	0	0	0	12	7	70	20	26	117	58	40	30	58	107	101	22	114	27	6	39	42	38	106	113	53	11	41	126	52	57	112	124	47	14	27	16	113	8	48	45	75	30	22	25	126	25	47	43	60	82	102	91	112	123	112	125	4	20	13	79	66	86	15	60	1	8	9	61	111	52	114	119	43	37	83	14	51	98	54	78	67	95	47	86	11	113	58	71	108	118	72	67	17	103	121	46	7	118	42	40	104	113	89	15
0	0	0	0	0	0	0	0	0	0	0	0	0	0	0	0	0	0	0	0	0	0	0	0	0	0	0	0	96	65	38	91	33	112	23	69	99	96	47	82	108	107	59	77	111	37	111	90	93	55	42	80	53	10	70	46	108	30	61	52	20	56	83	80	14	113	73	21	121	115	117	91	87	56	44	35	87	13	60	38	107	54	1	125	24	81	3	27	115	116	23	12	84	87	69	116	118	19	17	95	34	94	99	36	114	90	124	108	88	27	47	76	63	13	73	93	86	110	18	19	37	118	123	16	86	60	87	103
0	0	0	0	0	0	0	0	0	0	0	0	0	0	0	0	0	0	0	0	0	0	0	0	0	0	0	0	0	60	41	70	83	78	8	97	6	97	108	46	98	10	30	46	81	66	93	59	58	28	38	77	109	51	52	17	77	84	17	2	9	65	94	122	11	45	87	68	89	126	89	96	68	116	25	31	12	51	59	9	120	99	121	17	90	27	4	75	39	88	71	92	37	34	81	20	86	110	73	30	57	104	42	31	32	14	101	95	79	55	123	105	85	45	57	5	115	111	20	97	81	62	19	49	59	128	28	90
0	0	0	0	0	0	0	0	0	0	0	0	0	0	0	0	0	0	0	0	0	0	0	0	0	0	0	0	0	0	80	123	86	62	38	70	69	77	89	53	69	66	31	110	26	96	123	12	127	9	106	59	96	74	80	48	3	36	71	2	18	40	124	92	93	62	44	8	34	2	90	45	78	77	40	8	49	81	1	33	31	47	90	30	5	77	85	9	85	93	73	47	93	114	71	119	12	99	19	72	61	46	8	75	126	54	81	113	128	51	37	88	63	13	49	36	99	1	119	56	50	21	62	111	123	83	53	19
0	0	0	0	0	0	0	0	0	0	0	0	0	0	0	0	0	0	0	0	0	0	0	0	0	0	0	0	0	0	0	72	32	109	58	51	10	17	39	38	36	17	112	34	94	45	34	107	59	82	112	128	88	125	38	102	63	9	11	76	117	65	61	2	36	77	108	7	13	51	42	27	112	49	24	105	6	24	4	79	127	14	64	97	91	50	31	20	7	30	96	3	54	54	32	24	119	7	117	124	121	86	39	89	13	79	87	17	103	84	10	39	18	20	123	83	41	34	41	32	117	6	89	9	58	28	43	10
0	0	0	0	0	0	0	0	0	0	0	0	0	0	0	0	0	0	0	0	0	0	0	0	0	0	0	0	0	0	0	0	57	115	113	106	59	25	85	24	107	92	108	30	105	6	75	123	4	15	117	52	46	37	70	68	84	14	40	115	22	21	102	42	39	116	73	116	43	98	28	128	95	3	103	68	66	33	91	6	120	36	13	2	114	13	36	58	34	43	42	37	36	107	52	70	39	55	5	55	98	70	119	84	51	92	83	31	46	58	7	43	5	48	55	98	99	8	73	128	36	88	46	43	91	83	119	11
0	0	0	0	0	0	0	0	0	0	0	0	0	0	0	0	0	0	0	0	0	0	0	0	0	0	0	0	0	0	0	0	0	14	6	35	48	124	88	97	118	115	23	83	122	22	121	94	17	74	68	77	1	91	108	5	80	64	4	13	59	105	5	73	59	63	42	9	105	110	12	40	33	41	21	49	108	45	47	57	106	6	39	62	51	3	34	2	55	109	25	65	28	1	40	12	19	10	81	127	118	72	114	117	40	126	128	98	78	102	114	114	21	32	88	42	111	34	26	33	58	25	106	11	43	7	35	67
0	0	0	0	0	0	0	0	0	0	0	0	0	0	0	0	0	0	0	0	0	0	0	0	0	0	0	0	0	0	0	0	0	0	103	22	13	68	88	69	122	29	48	52	23	119	37	115	110	55	79	67	90	93	114	78	33	25	104	110	60	84	1	43	103	126	32	67	33	104	111	120	26	104	75	52	114	126	27	21	9	38	102	51	1	13	5	74	109	74	27	38	31	3	38	24	124	108	20	127	13	53	105	58	80	66	114	69	33	10	25	78	109	10	37	109	81	100	31	59	76	62	108	89	119	98	98	15
0	0	0	0	0	0	0	0	0	0	0	0	0	0	0	0	0	0	0	0	0	0	0	0	0	0	0	0	0	0	0	0	0	0	0	86	87	125	90	117	76	13	80	2	10	55	100	50	8	40	7	99	41	3	126	88	36	7	3	16	102	101	101	9	16	41	68	92	75	122	44	2	34	34	23	76	97	50	94	6	99	39	75	122	14	62	35	42	109	73	1	114	60	113	53	49	21	104	92	88	35	31	8	37	128	82	79	48	30	88	96	112	16	13	82	23	88	92	13	72	120	36	64	10	35	82	112	111
0	0	0	0	0	0	0	0	0	0	0	0	0	0	0	0	0	0	0	0	0	0	0	0	0	0	0	0	0	0	0	0	0	0	0	0	112	78	66	43	21	82	40	98	58	9	121	88	79	63	72	46	102	108	63	3	21	16	109	38	117	127	112	38	82	30	25	52	11	62	114	59	39	35	59	2	48	11	104	105	21	22	71	17	6	43	14	22	30	37	79	22	62	33	123	112	80	104	109	111	126	73	71	30	115	89	56	77	85	102	29	15	30	10	110	78	41	104	120	10	9	122	20	118	36	21	43	49
0	0	0	0	0	0	0	0	0	0	0	0	0	0	0	0	0	0	0	0	0	0	0	0	0	0	0	0	0	0	0	0	0	0	0	0	0	81	77	112	32	123	99	87	44	46	31	35	68	40	8	114	47	18	14	4	40	85	56	27	2	81	38	113	111	119	116	81	109	41	9	127	127	33	109	101	104	47	106	23	62	63	12	65	55	3	105	37	12	125	8	61	112	17	34	96	98	7	28	94	13	23	24	28	73	55	38	101	51	16	65	64	84	40	95	75	11	43	70	87	112	46	86	116	4	61	82	118
0	0	0	0	0	0	0	0	0	0	0	0	0	0	0	0	0	0	0	0	0	0	0	0	0	0	0	0	0	0	0	0	0	0	0	0	0	0	104	119	65	25	62	49	20	81	34	49	116	69	63	93	86	76	76	13	38	125	23	53	46	29	106	96	14	124	111	100	89	38	102	78	34	53	10	106	88	22	42	63	126	122	14	14	42	120	14	70	71	48	6	50	125	72	79	128	108	105	116	125	123	15	120	47	114	127	125	33	47	35	100	76	117	73	17	34	70	45	115	86	61	80	3	125	35	29	19	52
0	0	0	0	0	0	0	0	0	0	0	0	0	0	0	0	0	0	0	0	0	0	0	0	0	0	0	0	0	0	0	0	0	0	0	0	0	0	0	30	69	112	88	44	23	25	48	114	29	70	104	51	7	40	33	26	115	97	82	63	12	78	9	127	113	46	98	41	95	84	7	95	56	94	40	5	52	4	105	31	102	41	105	84	74	32	29	3	23	27	23	22	104	101	88	85	50	73	126	109	22	101	119	58	73	16	114	9	22	24	120	116	127	3	38	8	95	72	37	71	32	105	36	61	63	45	27	52
0	0	0	0	0	0	0	0	0	0	0	0	0	0	0	0	0	0	0	0	0	0	0	0	0	0	0	0	0	0	0	0	0	0	0	0	0	0	0	0	25	94	62	98	56	102	105	127	46	18	39	48	111	88	101	45	38	25	34	100	41	86	10	111	82	90	77	19	65	56	69	3	123	89	16	70	101	26	53	64	4	81	39	99	29	14	105	123	66	21	73	56	44	86	4	7	83	12	9	1	75	103	64	93	21	67	123	90	4	75	36	7	43	115	117	9	53	86	100	77	118	72	101	87	37	80	33	108
0	0	0	0	0	0	0	0	0	0	0	0	0	0	0	0	0	0	0	0	0	0	0	0	0	0	0	0	0	0	0	0	0	0	0	0	0	0	0	0	0	41	12	77	97	6	92	11	45	38	117	77	56	2	49	57	33	2	119	127	81	39	57	21	58	73	87	57	16	47	16	81	128	125	46	3	116	47	64	74	122	19	17	80	16	100	7	90	70	25	89	13	126	58	121	126	24	16	25	112	75	97	96	47	55	75	36	68	19	114	76	85	31	45	44	101	57	58	121	25	64	55	116	24	112	104	119	96
0	0	0	0	0	0	0	0	0	0	0	0	0	0	0	0	0	0	0	0	0	0	0	0	0	0	0	0	0	0	0	0	0	0	0	0	0	0	0	0	0	0	22	56	86	64	115	61	108	123	121	52	41	6	67	126	10	122	105	61	59	68	119	88	127	104	87	43	27	35	71	49	103	38	85	57	5	17	53	123	81	38	122	116	18	100	36	100	96	76	2	81	10	50	51	35	1	91	59	115	69	110	60	83	6	19	66	6	97	19	105	5	119	73	112	100	15	17	77	52	85	44	101	87	108	96	100	57
0	0	0	0	0	0	0	0	0	0	0	0	0	0	0	0	0	0	0	0	0	0	0	0	0	0	0	0	0	0	0	0	0	0	0	0	0	0	0	0	0	0	0	5	28	9	15	35	48	69	21	119	14	81	87	99	68	18	88	44	50	93	52	77	87	75	63	119	25	104	61	45	18	79	126	43	25	41	126	59	56	101	114	92	11	63	61	34	34	112	114	87	108	26	24	123	107	106	25	31	61	24	84	27	26	42	106	115	82	94	10	58	4	125	65	56	110	90	67	47	28	2	75	74	98	57	29	32
0	0	0	0	0	0	0	0	0	0	0	0	0	0	0	0	0	0	0	0	0	0	0	0	0	0	0	0	0	0	0	0	0	0	0	0	0	0	0	0	0	0	0	0	96	124	56	26	32	83	9	97	16	78	100	5	55	21	106	3	57	67	91	28	4	52	10	24	1	18	81	75	41	49	24	48	80	9	117	58	27	41	111	61	65	12	121	43	58	27	51	96	118	23	77	23	54	91	93	92	11	75	103	31	22	96	9	54	31	105	58	52	104	117	116	8	121	37	61	92	107	77	54	95	61	111	93	13
0	0	0	0	0	0	0	0	0	0	0	0	0	0	0	0	0	0	0	0	0	0	0	0	0	0	0	0	0	0	0	0	0	0	0	0	0	0	0	0	0	0	0	0	0	107	51	46	30	52	39	123	98	24	9	36	75	47	112	70	69	109	3	121	20	82	114	116	31	22	109	11	55	88	10	24	101	83	87	108	124	80	27	71	38	69	109	125	11	47	9	125	102	97	30	99	95	97	61	78	65	15	126	27	35	77	58	49	83	44	97	61	61	5	97	20	39	84	128	66	86	123	52	38	64	28	42	19
0	0	0	0	0	0	0	0	0	0	0	0	0	0	0	0	0	0	0	0	0	0	0	0	0	0	0	0	0	0	0	0	0	0	0	0	0	0	0	0	0	0	0	0	0	0	67	89	25	84	107	117	61	126	112	75	101	60	97	27	74	78	12	8	16	44	109	40	17	20	60	85	41	17	29	76	47	13	38	93	66	127	5	72	13	111	107	112	63	43	69	52	114	106	117	24	11	115	82	13	94	7	76	112	120	85	47	117	65	54	64	107	16	9	117	11	52	25	15	88	41	97	85	49	4	19	107	58
0	0	0	0	0	0	0	0	0	0	0	0	0	0	0	0	0	0	0	0	0	0	0	0	0	0	0	0	0	0	0	0	0	0	0	0	0	0	0	0	0	0	0	0	0	0	0	85	29	122	48	73	67	114	111	30	16	52	26	77	30	35	32	98	37	123	100	69	122	72	48	101	71	84	48	118	92	9	47	110	110	48	93	57	69	52	27	84	15	33	25	47	90	106	33	99	39	57	102	49	5	60	57	36	119	25	59	91	38	30	4	107	103	8	21	114	13	75	100	95	56	107	110	121	1	72	29	49
0	0	0	0	0	0	0	0	0	0	0	0	0	0	0	0	0	0	0	0	0	0	0	0	0	0	0	0	0	0	0	0	0	0	0	0	0	0	0	0	0	0	0	0	0	0	0	0	56	86	55	13	11	105	56	118	19	37	61	52	101	31	61	7	67	91	26	71	16	13	31	42	34	126	124	102	86	62	49	82	12	4	77	26	75	84	112	98	72	9	38	10	6	36	47	97	51	79	50	26	25	113	22	57	1	124	12	58	28	95	95	20	9	86	39	19	47	69	16	111	65	4	25	41	75	39	31	100
0	0	0	0	0	0	0	0	0	0	0	0	0	0	0	0	0	0	0	0	0	0	0	0	0	0	0	0	0	0	0	0	0	0	0	0	0	0	0	0	0	0	0	0	0	0	0	0	0	111	47	24	5	125	101	78	20	24	12	77	86	69	126	56	121	47	84	89	58	38	41	21	90	112	79	85	29	90	84	93	24	69	115	51	50	26	22	110	56	15	128	83	73	97	43	12	1	77	56	39	11	98	92	111	20	125	93	113	120	127	35	10	114	53	58	36	103	27	111	47	94	44	73	84	39	119	4	99
0	0	0	0	0	0	0	0	0	0	0	0	0	0	0	0	0	0	0	0	0	0	0	0	0	0	0	0	0	0	0	0	0	0	0	0	0	0	0	0	0	0	0	0	0	0	0	0	0	0	34	34	34	109	55	78	41	28	74	43	19	9	37	29	59	101	66	81	71	108	34	39	115	77	83	95	46	14	83	6	19	116	20	24	76	112	111	9	117	90	41	4	116	48	113	102	59	18	58	118	36	28	87	92	32	126	125	56	31	38	53	70	103	127	2	97	114	81	123	55	83	66	89	41	93	116	36	96
0	0	0	0	0	0	0	0	0	0	0	0	0	0	0	0	0	0	0	0	0	0	0	0	0	0	0	0	0	0	0	0	0	0	0	0	0	0	0	0	0	0	0	0	0	0	0	0	0	0	0	117	76	103	82	88	61	22	111	110	91	44	73	37	69	109	52	62	69	72	102	108	109	27	25	1	15	64	36	111	56	105	46	74	98	107	100	75	32	10	53	107	26	24	122	126	37	49	81	92	45	89	23	81	127	32	87	54	109	48	39	100	36	57	80	64	7	82	14	73	41	69	124	116	64	79	89	85
0	0	0	0	0	0	0	0	0	0	0	0	0	0	0	0	0	0	0	0	0	0	0	0	0	0	0	0	0	0	0	0	0	0	0	0	0	0	0	0	0	0	0	0	0	0	0	0	0	0	0	0	122	22	90	28	92	123	52	18	47	71	67	86	93	80	69	34	43	51	127	78	27	22	98	112	91	38	35	25	39	58	104	89	53	17	18	74	77	124	105	9	127	24	70	22	39	48	72	41	121	73	95	19	9	46	76	88	84	18	20	122	47	35	13	7	117	44	100	66	60	66	87	85	64	34	112	9
0	0	0	0	0	0	0	0	0	0	0	0	0	0	0	0	0	0	0	0	0	0	0	0	0	0	0	0	0	0	0	0	0	0	0	0	0	0	0	0	0	0	0	0	0	0	0	0	0	0	0	0	0	101	3	106	17	94	113	62	2	3	75	113	103	64	100	59	74	34	76	97	86	98	106	11	16	62	55	92	18	75	73	44	40	107	38	122	64	77	122	30	55	112	97	126	90	20	11	25	3	16	37	6	110	84	71	50	1	88	97	105	59	19	31	13	32	6	105	26	40	8	104	106	51	9	80	62
0	0	0	0	0	0	0	0	0	0	0	0	0	0	0	0	0	0	0	0	0	0	0	0	0	0	0	0	0	0	0	0	0	0	0	0	0	0	0	0	0	0	0	0	0	0	0	0	0	0	0	0	0	0	73	95	107	21	25	101	111	100	62	114	112	74	12	46	6	16	78	100	112	22	32	69	125	26	20	92	121	61	48	65	43	61	97	104	89	67	26	17	12	5	92	15	116	33	29	85	41	34	102	43	96	34	62	78	126	14	39	5	12	8	121	17	62	114	50	116	111	31	32	36	81	103	78	120
0	0	0	0	0	0	0	0	0	0	0	0	0	0	0	0	0	0	0	0	0	0	0	0	0	0	0	0	0	0	0	0	0	0	0	0	0	0	0	0	0	0	0	0	0	0	0	0	0	0	0	0	0	0	0	81	67	79	88	10	35	71	28	69	8	127	99	26	57	47	123	41	62	99	95	112	87	18	125	100	114	30	113	110	71	113	21	109	110	73	94	23	51	46	68	75	70	93	128	48	24	123	123	44	84	103	83	18	108	13	104	75	57	124	80	30	14	65	113	115	125	81	99	81	124	89	86	91
0	0	0	0	0	0	0	0	0	0	0	0	0	0	0	0	0	0	0	0	0	0	0	0	0	0	0	0	0	0	0	0	0	0	0	0	0	0	0	0	0	0	0	0	0	0	0	0	0	0	0	0	0	0	0	0	97	93	109	35	69	114	83	101	79	10	13	14	52	3	47	120	71	20	23	105	46	42	117	62	82	84	108	9	92	97	13	44	92	50	89	113	44	16	100	20	88	23	79	2	94	119	127	96	85	78	88	28	37	102	4	9	122	65	66	95	103	112	52	55	123	11	106	92	22	127	116	18
0	0	0	0	0	0	0	0	0	0	0	0	0	0	0	0	0	0	0	0	0	0	0	0	0	0	0	0	0	0	0	0	0	0	0	0	0	0	0	0	0	0	0	0	0	0	0	0	0	0	0	0	0	0	0	0	0	81	30	16	113	87	37	44	124	40	35	5	47	83	64	6	114	69	28	116	125	27	24	128	41	22	21	118	41	102	23	121	103	52	41	23	29	66	1	9	110	118	118	53	77	76	98	34	8	34	47	63	108	76	45	71	115	80	115	103	49	2	49	96	119	21	87	124	89	112	21	8
0	0	0	0	0	0	0	0	0	0	0	0	0	0	0	0	0	0	0	0	0	0	0	0	0	0	0	0	0	0	0	0	0	0	0	0	0	0	0	0	0	0	0	0	0	0	0	0	0	0	0	0	0	0	0	0	0	0	96	85	72	60	95	47	84	52	13	82	75	1	118	102	79	91	28	54	109	26	89	3	44	43	88	63	25	39	55	80	31	113	105	45	29	101	37	76	85	37	73	72	5	17	28	65	71	78	123	72	95	51	95	6	92	92	31	18	39	102	12	43	13	123	80	35	68	78	11	76
0	0	0	0	0	0	0	0	0	0	0	0	0	0	0	0	0	0	0	0	0	0	0	0	0	0	0	0	0	0	0	0	0	0	0	0	0	0	0	0	0	0	0	0	0	0	0	0	0	0	0	0	0	0	0	0	0	0	0	12	7	46	3	48	103	6	30	52	42	27	80	126	26	85	122	77	46	36	35	50	3	86	20	109	126	113	40	81	8	113	40	62	113	96	15	14	99	35	66	23	98	105	65	47	106	118	87	3	84	48	18	85	84	113	125	70	116	10	93	29	5	48	9	92	16	81	48	105
0	0	0	0	0	0	0	0	0	0	0	0	0	0	0	0	0	0	0	0	0	0	0	0	0	0	0	0	0	0	0	0	0	0	0	0	0	0	0	0	0	0	0	0	0	0	0	0	0	0	0	0	0	0	0	0	0	0	0	0	25	78	26	11	88	10	56	79	28	125	68	22	50	37	1	24	106	48	119	111	86	54	58	99	98	47	33	68	93	60	17	76	116	41	24	105	29	22	60	63	3	53	106	59	127	15	11	28	60	28	112	65	112	91	3	24	12	22	30	68	87	53	97	2	14	6	100	50
0	0	0	0	0	0	0	0	0	0	0	0	0	0	0	0	0	0	0	0	0	0	0	0	0	0	0	0	0	0	0	0	0	0	0	0	0	0	0	0	0	0	0	0	0	0	0	0	0	0	0	0	0	0	0	0	0	0	0	0	0	65	73	84	108	32	57	58	27	42	6	116	99	128	91	83	82	123	18	97	104	22	10	76	71	40	72	64	108	98	95	124	35	117	57	95	43	24	31	124	70	103	126	62	27	78	88	59	126	119	30	10	10	112	90	97	95	2	119	27	40	110	61	44	92	9	73	35
0	0	0	0	0	0	0	0	0	0	0	0	0	0	0	0	0	0	0	0	0	0	0	0	0	0	0	0	0	0	0	0	0	0	0	0	0	0	0	0	0	0	0	0	0	0	0	0	0	0	0	0	0	0	0	0	0	0	0	0	0	0	104	33	20	27	127	22	112	107	118	31	71	58	124	81	126	77	111	83	20	42	16	26	47	58	108	89	112	71	116	49	9	118	40	128	13	67	31	101	121	84	40	84	107	55	118	70	90	77	116	16	23	17	42	3	37	113	2	6	53	118	38	29	58	8	91	64
0	0	0	0	0	0	0	0	0	0	0	0	0	0	0	0	0	0	0	0	0	0	0	0	0	0	0	0	0	0	0	0	0	0	0	0	0	0	0	0	0	0	0	0	0	0	0	0	0	0	0	0	0	0	0	0	0	0	0	0	0	0	0	106	6	46	27	43	83	35	89	84	63	35	84	53	123	57	41	78	32	106	33	34	78	124	29	79	12	12	49	110	4	36	97	112	21	71	100	59	54	26	45	97	55	14	40	83	30	22	93	68	114	102	91	33	49	33	95	8	70	84	39	24	8	17	37	2
0	0	0	0	0	0	0	0	0	0	0	0	0	0	0	0	0	0	0	0	0	0	0	0	0	0	0	0	0	0	0	0	0	0	0	0	0	0	0	0	0	0	0	0	0	0	0	0	0	0	0	0	0	0	0	0	0	0	0	0	0	0	0	0	16	90	107	54	60	120	83	65	79	89	2	123	90	14	93	33	30	53	118	67	2	22	61	57	3	34	106	95	128	96	26	82	95	82	109	46	50	117	76	49	105	53	119	40	3	15	69	118	52	6	83	60	53	39	71	59	44	1	58	110	99	23	111	75
0	0	0	0	0	0	0	0	0	0	0	0	0	0	0	0	0	0	0	0	0	0	0	0	0	0	0	0	0	0	0	0	0	0	0	0	0	0	0	0	0	0	0	0	0	0	0	0	0	0	0	0	0	0	0	0	0	0	0	0	0	0	0	0	0	28	23	31	33	36	31	82	27	19	106	58	47	49	6	86	102	102	90	74	128	122	18	122	6	52	51	49	116	24	79	10	36	86	26	60	12	115	106	97	60	65	106	46	48	107	118	74	62	93	24	3	72	98	10	19	120	114	109	4	88	119	112	97
0	0	0	0	0	0	0	0	0	0	0	0	0	0	0	0	0	0	0	0	0	0	0	0	0	0	0	0	0	0	0	0	0	0	0	0	0	0	0	0	0	0	0	0	0	0	0	0	0	0	0	0	0	0	0	0	0	0	0	0	0	0	0	0	0	0	120	18	62	49	54	43	112	49	118	125	60	13	1	31	9	29	103	58	86	105	22	77	107	82	119	47	2	102	100	58	4	4	81	94	28	24	19	67	34	46	44	11	46	111	77	39	7	84	122	58	120	10	48	4	28	51	70	50	45	49	23	125
0	0	0	0	0	0	0	0	0	0	0	0	0	0	0	0	0	0	0	0	0	0	0	0	0	0	0	0	0	0	0	0	0	0	0	0	0	0	0	0	0	0	0	0	0	0	0	0	0	0	0	0	0	0	0	0	0	0	0	0	0	0	0	0	0	0	0	103	88	55	71	92	100	60	108	87	101	62	122	59	114	66	95	78	13	27	49	77	27	22	124	42	74	20	92	96	66	114	92	32	39	57	109	94	29	111	13	15	86	80	48	15	14	49	28	121	86	35	110	100	67	114	55	108	1	61	44	19
0	0	0	0	0	0	0	0	0	0	0	0	0	0	0	0	0	0	0	0	0	0	0	0	0	0	0	0	0	0	0	0	0	0	0	0	0	0	0	0	0	0	0	0	0	0	0	0	0	0	0	0	0	0	0	0	0	0	0	0	0	0	0	0	0	0	0	0	93	17	55	4	106	29	105	12	32	114	5	55	113	70	47	104	121	27	24	21	87	121	71	99	60	47	108	60	100	19	60	35	46	120	64	99	116	41	23	78	107	93	45	122	4	69	104	87	122	72	14	114	105	89	36	68	52	46	76	85
0	0	0	0	0	0	0	0	0	0	0	0	0	0	0	0	0	0	0	0	0	0	0	0	0	0	0	0	0	0	0	0	0	0	0	0	0	0	0	0	0	0	0	0	0	0	0	0	0	0	0	0	0	0	0	0	0	0	0	0	0	0	0	0	0	0	0	0	0	50	84	82	23	55	23	125	116	49	60	89	59	121	33	125	119	95	70	47	22	46	60	71	68	45	55	42	62	62	36	99	127	81	76	118	1	60	49	78	100	74	51	125	39	117	15	3	17	71	70	71	32	117	3	22	66	81	26	121
0	0	0	0	0	0	0	0	0	0	0	0	0	0	0	0	0	0	0	0	0	0	0	0	0	0	0	0	0	0	0	0	0	0	0	0	0	0	0	0	0	0	0	0	0	0	0	0	0	0	0	0	0	0	0	0	0	0	0	0	0	0	0	0	0	0	0	0	0	0	105	34	25	93	30	74	48	78	2	118	93	1	28	27	5	57	66	67	62	110	51	50	54	114	95	43	18	84	81	41	29	39	86	50	125	28	73	21	96	74	5	107	26	91	28	11	33	110	95	89	109	32	43	40	6	123	104	106
0	0	0	0	0	0	0	0	0	0	0	0	0	0	0	0	0	0	0	0	0	0	0	0	0	0	0	0	0	0	0	0	0	0	0	0	0	0	0	0	0	0	0	0	0	0	0	0	0	0	0	0	0	0	0	0	0	0	0	0	0	0	0	0	0	0	0	0	0	0	0	17	31	23	56	35	46	124	17	15	45	46	127	14	61	113	50	4	23	36	52	27	106	21	89	39	47	56	121	65	24	95	62	43	51	113	100	77	100	52	101	25	128	115	55	112	83	67	87	108	128	14	3	71	54	126	19	77
0	0	0	0	0	0	0	0	0	0	0	0	0	0	0	0	0	0	0	0	0	0	0	0	0	0	0	0	0	0	0	0	0	0	0	0	0	0	0	0	0	0	0	0	0	0	0	0	0	0	0	0	0	0	0	0	0	0	0	0	0	0	0	0	0	0	0	0	0	0	0	0	84	56	10	92	81	73	80	57	99	108	10	1	111	90	46	64	30	3	56	43	113	90	16	41	27	104	7	10	35	61	22	12	84	99	101	56	110	35	32	71	18	30	42	34	8	124	106	77	59	90	110	126	30	112	92	115
0	0	0	0	0	0	0	0	0	0	0	0	0	0	0	0	0	0	0	0	0	0	0	0	0	0	0	0	0	0	0	0	0	0	0	0	0	0	0	0	0	0	0	0	0	0	0	0	0	0	0	0	0	0	0	0	0	0	0	0	0	0	0	0	0	0	0	0	0	0	0	0	0	117	74	18	69	48	81	4	102	82	100	23	85	70	92	83	125	15	48	15	63	123	13	109	92	92	119	77	35	121	75	96	30	6	77	88	88	83	32	81	128	60	42	46	66	20	105	102	99	90	10	118	5	18	16	106
0	0	0	0	0	0	0	0	0	0	0	0	0	0	0	0	0	0	0	0	0	0	0	0	0	0	0	0	0	0	0	0	0	0	0	0	0	0	0	0	0	0	0	0	0	0	0	0	0	0	0	0	0	0	0	0	0	0	0	0	0	0	0	0	0	0	0	0	0	0	0	0	0	0	88	121	118	114	18	20	111	87	52	123	57	19	34	7	23	35	60	118	37	9	118	11	85	7	82	33	15	37	86	45	110	69	59	29	28	110	44	26	103	43	70	67	34	16	40	103	86	119	4	85	44	50	81	70
0	0	0	0	0	0	0	0	0	0	0	0	0	0	0	0	0	0	0	0	0	0	0	0	0	0	0	0	0	0	0	0	0	0	0	0	0	0	0	0	0	0	0	0	0	0	0	0	0	0	0	0	0	0	0	0	0	0	0	0	0	0	0	0	0	0	0	0	0	0	0	0	0	0	0	122	86	118	79	100	89	66	5	88	118	40	83	112	90	96	128	119	67	50	93	17	85	49	79	87	27	73	88	120	53	63	83	8	28	59	49	48	56	39	32	75	120	86	15	88	105	116	112	91	69	119	19	70
0	0	0	0	0	0	0	0	0	0	0	0	0	0	0	0	0	0	0	0	0	0	0	0	0	0	0	0	0	0	0	0	0	0	0	0	0	0	0	0	0	0	0	0	0	0	0	0	0	0	0	0	0	0	0	0	0	0	0	0	0	0	0	0	0	0	0	0	0	0	0	0	0	0	0	0	13	105	32	114	94	75	44	101	94	81	128	125	16	82	49	57	103	30	33	84	79	98	77	5	103	34	57	95	120	96	4	101	99	27	5	40	122	96	81	37	32	113	38	6	59	115	17	49	22	115	120	61
0	0	0	0	0	0	0	0	0	0	0	0	0	0	0	0	0	0	0	0	0	0	0	0	0	0	0	0	0	0	0	0	0	0	0	0	0	0	0	0	0	0	0	0	0	0	0	0	0	0	0	0	0	0	0	0	0	0	0	0	0	0	0	0	0	0	0	0	0	0	0	0	0	0	0	0	0	35	83	81	46	36	22	108	16	13	45	124	13	46	66	45	101	26	56	32	44	59	48	77	13	3	39	108	28	115	68	109	99	104	14	50	41	54	105	69	124	64	39	81	110	108	24	31	24	77	106	30
0	0	0	0	0	0	0	0	0	0	0	0	0	0	0	0	0	0	0	0	0	0	0	0	0	0	0	0	0	0	0	0	0	0	0	0	0	0	0	0	0	0	0	0	0	0	0	0	0	0	0	0	0	0	0	0	0	0	0	0	0	0	0	0	0	0	0	0	0	0	0	0	0	0	0	0	0	0	36	75	8	61	70	101	52	12	37	74	29	32	34	79	20	4	122	40	16	49	6	85	114	43	111	54	62	95	35	105	32	58	126	92	95	22	44	8	87	33	86	50	116	124	74	59	126	27	48	128
0	0	0	0	0	0	0	0	0	0	0	0	0	0	0	0	0	0	0	0	0	0	0	0	0	0	0	0	0	0	0	0	0	0	0	0	0	0	0	0	0	0	0	0	0	0	0	0	0	0	0	0	0	0	0	0	0	0	0	0	0	0	0	0	0	0	0	0	0	0	0	0	0	0	0	0	0	0	0	18	122	74	59	84	68	65	69	72	81	74	26	113	2	82	69	43	118	52	68	10	28	20	19	115	106	20	117	73	108	23	10	10	67	89	72	78	69	48	61	95	122	33	7	22	41	95	44	76
0	0	0	0	0	0	0	0	0	0	0	0	0	0	0	0	0	0	0	0	0	0	0	0	0	0	0	0	0	0	0	0	0	0	0	0	0	0	0	0	0	0	0	0	0	0	0	0	0	0	0	0	0	0	0	0	0	0	0	0	0	0	0	0	0	0	0	0	0	0	0	0	0	0	0	0	0	0	0	0	27	108	108	111	48	70	86	31	26	83	102	38	94	68	80	107	2	58	107	40	126	4	59	79	61	71	60	127	91	15	112	43	59	79	78	113	81	87	28	50	71	120	34	100	23	76	115	50
0	0	0	0	0	0	0	0	0	0	0	0	0	0	0	0	0	0	0	0	0	0	0	0	0	0	0	0	0	0	0	0	0	0	0	0	0	0	0	0	0	0	0	0	0	0	0	0	0	0	0	0	0	0	0	0	0	0	0	0	0	0	0	0	0	0	0	0	0	0	0	0	0	0	0	0	0	0	0	0	0	36	47	4	119	68	84	3	97	49	27	114	18	51	109	92	96	86	38	114	74	69	111	109	110	16	1	31	30	98	91	65	95	32	83	126	36	68	1	125	117	33	28	82	108	5	39	121
0	0	0	0	0	0	0	0	0	0	0	0	0	0	0	0	0	0	0	0	0	0	0	0	0	0	0	0	0	0	0	0	0	0	0	0	0	0	0	0	0	0	0	0	0	0	0	0	0	0	0	0	0	0	0	0	0	0	0	0	0	0	0	0	0	0	0	0	0	0	0	0	0	0	0	0	0	0	0	0	0	0	87	37	19	89	128	35	66	56	128	104	124	39	24	126	36	28	41	14	118	96	47	4	8	6	24	45	61	22	17	107	33	24	88	50	110	75	121	115	42	67	10	87	53	102	15	99
0	0	0	0	0	0	0	0	0	0	0	0	0	0	0	0	0	0	0	0	0	0	0	0	0	0	0	0	0	0	0	0	0	0	0	0	0	0	0	0	0	0	0	0	0	0	0	0	0	0	0	0	0	0	0	0	0	0	0	0	0	0	0	0	0	0	0	0	0	0	0	0	0	0	0	0	0	0	0	0	0	0	0	92	110	31	25	23	120	90	6	19	46	64	103	123	25	128	116	101	82	2	117	84	15	34	127	96	27	60	109	33	23	85	31	79	71	51	15	30	112	44	25	72	113	117	93	16
0	0	0	0	0	0	0	0	0	0	0	0	0	0	0	0	0	0	0	0	0	0	0	0	0	0	0	0	0	0	0	0	0	0	0	0	0	0	0	0	0	0	0	0	0	0	0	0	0	0	0	0	0	0	0	0	0	0	0	0	0	0	0	0	0	0	0	0	0	0	0	0	0	0	0	0	0	0	0	0	0	0	0	0	36	117	92	16	49	67	98	107	107	12	73	7	69	126	60	75	98	33	17	68	9	123	13	76	35	72	118	125	23	93	32	87	128	34	125	103	70	102	11	49	51	70	125	127
0	0	0	0	0	0	0	0	0	0	0	0	0	0	0	0	0	0	0	0	0	0	0	0	0	0	0	0	0	0	0	0	0	0	0	0	0	0	0	0	0	0	0	0	0	0	0	0	0	0	0	0	0	0	0	0	0	0	0	0	0	0	0	0	0	0	0	0	0	0	0	0	0	0	0	0	0	0	0	0	0	0	0	0	0	99	128	96	77	97	61	53	117	80	67	5	105	12	114	32	42	122	28	82	92	16	38	57	39	118	7	87	122	120	104	53	96	84	75	112	111	118	109	101	127	62	60	26
0	0	0	0	0	0	0	0	0	0	0	0	0	0	0	0	0	0	0	0	0	0	0	0	0	0	0	0	0	0	0	0	0	0	0	0	0	0	0	0	0	0	0	0	0	0	0	0	0	0	0	0	0	0	0	0	0	0	0	0	0	0	0	0	0	0	0	0	0	0	0	0	0	0	0	0	0	0	0	0	0	0	0	0	0	0	20	92	43	30	94	62	6	76	75	37	4	9	97	11	2	31	51	19	63	34	22	25	71	51	30	8	19	9	73	77	31	79	96	24	116	50	122	59	51	104	54	115
0	0	0	0	0	0	0	0	0	0	0	0	0	0	0	0	0	0	0	0	0	0	0	0	0	0	0	0	0	0	0	0	0	0	0	0	0	0	0	0	0	0	0	0	0	0	0	0	0	0	0	0	0	0	0	0	0	0	0	0	0	0	0	0	0	0	0	0	0	0	0	0	0	0	0	0	0	0	0	0	0	0	0	0	0	0	0	59	44	107	10	13	88	36	51	28	67	115	29	81	122	48	23	35	63	102	27	110	109	86	12	61	53	114	88	85	17	127	73	69	19	52	36	101	62	99	55	120
0	0	0	0	0	0	0	0	0	0	0	0	0	0	0	0	0	0	0	0	0	0	0	0	0	0	0	0	0	0	0	0	0	0	0	0	0	0	0	0	0	0	0	0	0	0	0	0	0	0	0	0	0	0	0	0	0	0	0	0	0	0	0	0	0	0	0	0	0	0	0	0	0	0	0	0	0	0	0	0	0	0	0	0	0	0	0	0	31	58	30	77	61	126	74	53	84	4	75	114	77	87	6	120	22	1	16	63	6	69	92	17	22	108	59	93	116	3	3	48	19	90	63	119	119	3	107	102
0	0	0	0	0	0	0	0	0	0	0	0	0	0	0	0	0	0	0	0	0	0	0	0	0	0	0	0	0	0	0	0	0	0	0	0	0	0	0	0	0	0	0	0	0	0	0	0	0	0	0	0	0	0	0	0	0	0	0	0	0	0	0	0	0	0	0	0	0	0	0	0	0	0	0	0	0	0	0	0	0	0	0	0	0	0	0	0	0	115	75	104	29	94	73	127	124	39	77	21	4	94	95	71	127	55	57	12	73	12	124	76	75	72	23	29	125	76	16	120	50	54	61	118	91	81	119	116
0	0	0	0	0	0	0	0	0	0	0	0	0	0	0	0	0	0	0	0	0	0	0	0	0	0	0	0	0	0	0	0	0	0	0	0	0	0	0	0	0	0	0	0	0	0	0	0	0	0	0	0	0	0	0	0	0	0	0	0	0	0	0	0	0	0	0	0	0	0	0	0	0	0	0	0	0	0	0	0	0	0	0	0	0	0	0	0	0	0	99	41	117	85	103	33	8	103	29	39	112	103	116	89	30	118	108	55	35	47	19	116	31	29	92	61	39	8	104	98	9	100	61	29	85	8	27	100
0	0	0	0	0	0	0	0	0	0	0	0	0	0	0	0	0	0	0	0	0	0	0	0	0	0	0	0	0	0	0	0	0	0	0	0	0	0	0	0	0	0	0	0	0	0	0	0	0	0	0	0	0	0	0	0	0	0	0	0	0	0	0	0	0	0	0	0	0	0	0	0	0	0	0	0	0	0	0	0	0	0	0	0	0	0	0	0	0	0	0	84	93	40	34	43	1	71	113	126	34	12	27	70	15	62	89	104	64	78	55	12	25	118	100	3	105	103	24	112	51	61	10	57	87	88	6	15
0	0	0	0	0	0	0	0	0	0	0	0	0	0	0	0	0	0	0	0	0	0	0	0	0	0	0	0	0	0	0	0	0	0	0	0	0	0	0	0	0	0	0	0	0	0	0	0	0	0	0	0	0	0	0	0	0	0	0	0	0	0	0	0	0	0	0	0	0	0	0	0	0	0	0	0	0	0	0	0	0	0	0	0	0	0	0	0	0	0	0	0	7	44	86	14	66	32	86	64	78	108	54	60	56	115	107	114	115	85	61	99	121	92	14	35	125	72	42	36	107	74	63	20	84	122	67	39
0	0	0	0	0	0	0	0	0	0	0	0	0	0	0	0	0	0	0	0	0	0	0	0	0	0	0	0	0	0	0	0	0	0	0	0	0	0	0	0	0	0	0	0	0	0	0	0	0	0	0	0	0	0	0	0	0	0	0	0	0	0	0	0	0	0	0	0	0	0	0	0	0	0	0	0	0	0	0	0	0	0	0	0	0	0	0	0	0	0	0	0	0	67	18	50	60	45	101	36	68	37	8	56	125	33	113	32	72	83	80	70	56	49	32	46	109	123	65	107	126	100	57	53	85	95	46	14
0	0	0	0	0	0	0	0	0	0	0	0	0	0	0	0	0	0	0	0	0	0	0	0	0	0	0	0	0	0	0	0	0	0	0	0	0	0	0	0	0	0	0	0	0	0	0	0	0	0	0	0	0	0	0	0	0	0	0	0	0	0	0	0	0	0	0	0	0	0	0	0	0	0	0	0	0	0	0	0	0	0	0	0	0	0	0	0	0	0	0	0	0	0	29	96	43	88	126	18	44	57	57	89	71	107	47	16	85	120	4	9	77	105	88	85	39	58	57	32	28	40	82	91	99	60	18	27
0	0	0	0	0	0	0	0	0	0	0	0	0	0	0	0	0	0	0	0	0	0	0	0	0	0	0	0	0	0	0	0	0	0	0	0	0	0	0	0	0	0	0	0	0	0	0	0	0	0	0	0	0	0	0	0	0	0	0	0	0	0	0	0	0	0	0	0	0	0	0	0	0	0	0	0	0	0	0	0	0	0	0	0	0	0	0	0	0	0	0	0	0	0	0	41	71	82	3	9	4	118	43	93	122	76	128	37	82	11	61	110	115	92	102	39	50	28	51	109	100	101	115	22	21	22	10	52
0	0	0	0	0	0	0	0	0	0	0	0	0	0	0	0	0	0	0	0	0	0	0	0	0	0	0	0	0	0	0	0	0	0	0	0	0	0	0	0	0	0	0	0	0	0	0	0	0	0	0	0	0	0	0	0	0	0	0	0	0	0	0	0	0	0	0	0	0	0	0	0	0	0	0	0	0	0	0	0	0	0	0	0	0	0	0	0	0	0	0	0	0	0	0	0	21	32	17	40	51	43	79	33	65	110	108	19	128	110	116	44	125	95	97	54	20	7	128	29	59	26	67	35	1	71	34	88
0	0	0	0	0	0	0	0	0	0	0	0	0	0	0	0	0	0	0	0	0	0	0	0	0	0	0	0	0	0	0	0	0	0	0	0	0	0	0	0	0	0	0	0	0	0	0	0	0	0	0	0	0	0	0	0	0	0	0	0	0	0	0	0	0	0	0	0	0	0	0	0	0	0	0	0	0	0	0	0	0	0	0	0	0	0	0	0	0	0	0	0	0	0	0	0	0	24	43	110	2	82	116	20	25	30	38	126	107	109	75	92	116	17	79	78	37	60	105	19	114	60	48	12	68	24	59	21
0	0	0	0	0	0	0	0	0	0	0	0	0	0	0	0	0	0	0	0	0	0	0	0	0	0	0	0	0	0	0	0	0	0	0	0	0	0	0	0	0	0	0	0	0	0	0	0	0	0	0	0	0	0	0	0	0	0	0	0	0	0	0	0	0	0	0	0	0	0	0	0	0	0	0	0	0	0	0	0	0	0	0	0	0	0	0	0	0	0	0	0	0	0	0	0	0	0	125	52	89	56	103	113	34	57	7	67	53	72	126	81	31	122	85	111	12	77	14	128	122	56	119	4	40	9	38	33
0	0	0	0	0	0	0	0	0	0	0	0	0	0	0	0	0	0	0	0	0	0	0	0	0	0	0	0	0	0	0	0	0	0	0	0	0	0	0	0	0	0	0	0	0	0	0	0	0	0	0	0	0	0	0	0	0	0	0	0	0	0	0	0	0	0	0	0	0	0	0	0	0	0	0	0	0	0	0	0	0	0	0	0	0	0	0	0	0	0	0	0	0	0	0	0	0	0	0	125	32	67	53	2	49	59	75	33	121	53	126	57	124	52	47	73	126	63	74	55	55	88	17	29	67	38	123	76
0	0	0	0	0	0	0	0	0	0	0	0	0	0	0	0	0	0	0	0	0	0	0	0	0	0	0	0	0	0	0	0	0	0	0	0	0	0	0	0	0	0	0	0	0	0	0	0	0	0	0	0	0	0	0	0	0	0	0	0	0	0	0	0	0	0	0	0	0	0	0	0	0	0	0	0	0	0	0	0	0	0	0	0	0	0	0	0	0	0	0	0	0	0	0	0	0	0	0	0	22	117	28	96	94	9	98	90	4	70	62	16	56	13	50	84	1	89	13	60	23	71	105	58	68	69	61	30
0	0	0	0	0	0	0	0	0	0	0	0	0	0	0	0	0	0	0	0	0	0	0	0	0	0	0	0	0	0	0	0	0	0	0	0	0	0	0	0	0	0	0	0	0	0	0	0	0	0	0	0	0	0	0	0	0	0	0	0	0	0	0	0	0	0	0	0	0	0	0	0	0	0	0	0	0	0	0	0	0	0	0	0	0	0	0	0	0	0	0	0	0	0	0	0	0	0	0	0	0	6	30	23	99	77	94	15	78	21	6	86	13	15	47	88	83	86	10	103	32	51	35	119	6	6	68	104
0	0	0	0	0	0	0	0	0	0	0	0	0	0	0	0	0	0	0	0	0	0	0	0	0	0	0	0	0	0	0	0	0	0	0	0	0	0	0	0	0	0	0	0	0	0	0	0	0	0	0	0	0	0	0	0	0	0	0	0	0	0	0	0	0	0	0	0	0	0	0	0	0	0	0	0	0	0	0	0	0	0	0	0	0	0	0	0	0	0	0	0	0	0	0	0	0	0	0	0	0	0	53	34	107	8	87	58	115	71	92	56	104	44	118	123	73	76	65	72	115	94	67	68	93	87	119	72
0	0	0	0	0	0	0	0	0	0	0	0	0	0	0	0	0	0	0	0	0	0	0	0	0	0	0	0	0	0	0	0	0	0	0	0	0	0	0	0	0	0	0	0	0	0	0	0	0	0	0	0	0	0	0	0	0	0	0	0	0	0	0	0	0	0	0	0	0	0	0	0	0	0	0	0	0	0	0	0	0	0	0	0	0	0	0	0	0	0	0	0	0	0	0	0	0	0	0	0	0	0	0	12	30	23	71	66	75	5	67	40	88	124	40	9	4	38	9	49	7	16	16	29	108	9	24	114
0	0	0	0	0	0	0	0	0	0	0	0	0	0	0	0	0	0	0	0	0	0	0	0	0	0	0	0	0	0	0	0	0	0	0	0	0	0	0	0	0	0	0	0	0	0	0	0	0	0	0	0	0	0	0	0	0	0	0	0	0	0	0	0	0	0	0	0	0	0	0	0	0	0	0	0	0	0	0	0	0	0	0	0	0	0	0	0	0	0	0	0	0	0	0	0	0	0	0	0	0	0	0	0	13	71	102	9	38	23	78	58	104	121	120	80	55	2	68	50	73	57	88	22	78	66	15	6
0	0	0	0	0	0	0	0	0	0	0	0	0	0	0	0	0	0	0	0	0	0	0	0	0	0	0	0	0	0	0	0	0	0	0	0	0	0	0	0	0	0	0	0	0	0	0	0	0	0	0	0	0	0	0	0	0	0	0	0	0	0	0	0	0	0	0	0	0	0	0	0	0	0	0	0	0	0	0	0	0	0	0	0	0	0	0	0	0	0	0	0	0	0	0	0	0	0	0	0	0	0	0	0	0	63	4	32	102	26	52	123	80	21	49	122	86	128	27	124	52	22	15	110	57	113	17	32
0	0	0	0	0	0	0	0	0	0	0	0	0	0	0	0	0	0	0	0	0	0	0	0	0	0	0	0	0	0	0	0	0	0	0	0	0	0	0	0	0	0	0	0	0	0	0	0	0	0	0	0	0	0	0	0	0	0	0	0	0	0	0	0	0	0	0	0	0	0	0	0	0	0	0	0	0	0	0	0	0	0	0	0	0	0	0	0	0	0	0	0	0	0	0	0	0	0	0	0	0	0	0	0	0	0	88	46	96	70	89	102	119	48	64	92	33	84	21	114	5	18	11	32	45	8	79	39
0	0	0	0	0	0	0	0	0	0	0	0	0	0	0	0	0	0	0	0	0	0	0	0	0	0	0	0	0	0	0	0	0	0	0	0	0	0	0	0	0	0	0	0	0	0	0	0	0	0	0	0	0	0	0	0	0	0	0	0	0	0	0	0	0	0	0	0	0	0	0	0	0	0	0	0	0	0	0	0	0	0	0	0	0	0	0	0	0	0	0	0	0	0	0	0	0	0	0	0	0	0	0	0	0	0	0	69	6	58	62	70	98	7	86	111	50	52	69	123	1	45	98	19	40	102	54	76
0	0	0	0	0	0	0	0	0	0	0	0	0	0	0	0	0	0	0	0	0	0	0	0	0	0	0	0	0	0	0	0	0	0	0	0	0	0	0	0	0	0	0	0	0	0	0	0	0	0	0	0	0	0	0	0	0	0	0	0	0	0	0	0	0	0	0	0	0	0	0	0	0	0	0	0	0	0	0	0	0	0	0	0	0	0	0	0	0	0	0	0	0	0	0	0	0	0	0	0	0	0	0	0	0	0	0	0	128	66	120	80	97	11	47	117	60	43	18	77	18	14	11	115	21	35	94	29
0	0	0	0	0	0	0	0	0	0	0	0	0	0	0	0	0	0	0	0	0	0	0	0	0	0	0	0	0	0	0	0	0	0	0	0	0	0	0	0	0	0	0	0	0	0	0	0	0	0	0	0	0	0	0	0	0	0	0	0	0	0	0	0	0	0	0	0	0	0	0	0	0	0	0	0	0	0	0	0	0	0	0	0	0	0	0	0	0	0	0	0	0	0	0	0	0	0	0	0	0	0	0	0	0	0	0	0	0	119	45	39	57	106	82	92	49	15	126	126	59	67	80	29	35	83	47	112
0	0	0	0	0	0	0	0	0	0	0	0	0	0	0	0	0	0	0	0	0	0	0	0	0	0	0	0	0	0	0	0	0	0	0	0	0	0	0	0	0	0	0	0	0	0	0	0	0	0	0	0	0	0	0	0	0	0	0	0	0	0	0	0	0	0	0	0	0	0	0	0	0	0	0	0	0	0	0	0	0	0	0	0	0	0	0	0	0	0	0	0	0	0	0	0	0	0	0	0	0	0	0	0	0	0	0	0	0	0	60	25	4	128	120	39	2	11	92	117	116	77	27	73	60	116	127	11
0	0	0	0	0	0	0	0	0	0	0	0	0	0	0	0	0	0	0	0	0	0	0	0	0	0	0	0	0	0	0	0	0	0	0	0	0	0	0	0	0	0	0	0	0	0	0	0	0	0	0	0	0	0	0	0	0	0	0	0	0	0	0	0	0	0	0	0	0	0	0	0	0	0	0	0	0	0	0	0	0	0	0	0	0	0	0	0	0	0	0	0	0	0	0	0	0	0	0	0	0	0	0	0	0	0	0	0	0	0	0	62	111	116	101	118	93	58	42	95	40	124	116	93	43	52	30	96
0	0	0	0	0	0	0	0	0	0	0	0	0	0	0	0	0	0	0	0	0	0	0	0	0	0	0	0	0	0	0	0	0	0	0	0	0	0	0	0	0	0	0	0	0	0	0	0	0	0	0	0	0	0	0	0	0	0	0	0	0	0	0	0	0	0	0	0	0	0	0	0	0	0	0	0	0	0	0	0	0	0	0	0	0	0	0	0	0	0	0	0	0	0	0	0	0	0	0	0	0	0	0	0	0	0	0	0	0	0	0	0	77	61	22	33	47	114	123	68	104	120	51	64	44	87	38	63
0	0	0	0	0	0	0	0	0	0	0	0	0	0	0	0	0	0	0	0	0	0	0	0	0	0	0	0	0	0	0	0	0	0	0	0	0	0	0	0	0	0	0	0	0	0	0	0	0	0	0	0	0	0	0	0	0	0	0	0	0	0	0	0	0	0	0	0	0	0	0	0	0	0	0	0	0	0	0	0	0	0	0	0	0	0	0	0	0	0	0	0	0	0	0	0	0	0	0	0	0	0	0	0	0	0	0	0	0	0	0	0	0	36	76	6	67	34	56	110	41	121	14	40	91	92	58	23
0	0	0	0	0	0	0	0	0	0	0	0	0	0	0	0	0	0	0	0	0	0	0	0	0	0	0	0	0	0	0	0	0	0	0	0	0	0	0	0	0	0	0	0	0	0	0	0	0	0	0	0	0	0	0	0	0	0	0	0	0	0	0	0	0	0	0	0	0	0	0	0	0	0	0	0	0	0	0	0	0	0	0	0	0	0	0	0	0	0	0	0	0	0	0	0	0	0	0	0	0	0	0	0	0	0	0	0	0	0	0	0	0	0	109	45	109	93	15	124	95	34	19	40	1	56	47	71
0	0	0	0	0	0	0	0	0	0	0	0	0	0	0	0	0	0	0	0	0	0	0	0	0	0	0	0	0	0	0	0	0	0	0	0	0	0	0	0	0	0	0	0	0	0	0	0	0	0	0	0	0	0	0	0	0	0	0	0	0	0	0	0	0	0	0	0	0	0	0	0	0	0	0	0	0	0	0	0	0	0	0	0	0	0	0	0	0	0	0	0	0	0	0	0	0	0	0	0	0	0	0	0	0	0	0	0	0	0	0	0	0	0	0	46	15	102	22	96	74	63	8	31	113	116	70	27
0	0	0	0	0	0	0	0	0	0	0	0	0	0	0	0	0	0	0	0	0	0	0	0	0	0	0	0	0	0	0	0	0	0	0	0	0	0	0	0	0	0	0	0	0	0	0	0	0	0	0	0	0	0	0	0	0	0	0	0	0	0	0	0	0	0	0	0	0	0	0	0	0	0	0	0	0	0	0	0	0	0	0	0	0	0	0	0	0	0	0	0	0	0	0	0	0	0	0	0	0	0	0	0	0	0	0	0	0	0	0	0	0	0	0	0	92	26	94	52	126	62	117	48	21	92	9	14
0	0	0	0	0	0	0	0	0	0	0	0	0	0	0	0	0	0	0	0	0	0	0	0	0	0	0	0	0	0	0	0	0	0	0	0	0	0	0	0	0	0	0	0	0	0	0	0	0	0	0	0	0	0	0	0	0	0	0	0	0	0	0	0	0	0	0	0	0	0	0	0	0	0	0	0	0	0	0	0	0	0	0	0	0	0	0	0	0	0	0	0	0	0	0	0	0	0	0	0	0	0	0	0	0	0	0	0	0	0	0	0	0	0	0	0	0	36	62	112	25	69	88	100	36	85	15	97
0	0	0	0	0	0	0	0	0	0	0	0	0	0	0	0	0	0	0	0	0	0	0	0	0	0	0	0	0	0	0	0	0	0	0	0	0	0	0	0	0	0	0	0	0	0	0	0	0	0	0	0	0	0	0	0	0	0	0	0	0	0	0	0	0	0	0	0	0	0	0	0	0	0	0	0	0	0	0	0	0	0	0	0	0	0	0	0	0	0	0	0	0	0	0	0	0	0	0	0	0	0	0	0	0	0	0	0	0	0	0	0	0	0	0	0	0	0	37	42	39	82	23	91	107	9	111	103
0	0	0	0	0	0	0	0	0	0	0	0	0	0	0	0	0	0	0	0	0	0	0	0	0	0	0	0	0	0	0	0	0	0	0	0	0	0	0	0	0	0	0	0	0	0	0	0	0	0	0	0	0	0	0	0	0	0	0	0	0	0	0	0	0	0	0	0	0	0	0	0	0	0	0	0	0	0	0	0	0	0	0	0	0	0	0	0	0	0	0	0	0	0	0	0	0	0	0	0	0	0	0	0	0	0	0	0	0	0	0	0	0	0	0	0	0	0	0	7	25	85	89	7	46	120	3	121
0	0	0	0	0	0	0	0	0	0	0	0	0	0	0	0	0	0	0	0	0	0	0	0	0	0	0	0	0	0	0	0	0	0	0	0	0	0	0	0	0	0	0	0	0	0	0	0	0	0	0	0	0	0	0	0	0	0	0	0	0	0	0	0	0	0	0	0	0	0	0	0	0	0	0	0	0	0	0	0	0	0	0	0	0	0	0	0	0	0	0	0	0	0	0	0	0	0	0	0	0	0	0	0	0	0	0	0	0	0	0	0	0	0	0	0	0	0	0	0	117	34	12	67	25	78	8	62
0	0	0	0	0	0	0	0	0	0	0	0	0	0	0	0	0	0	0	0	0	0	0	0	0	0	0	0	0	0	0	0	0	0	0	0	0	0	0	0	0	0	0	0	0	0	0	0	0	0	0	0	0	0	0	0	0	0	0	0	0	0	0	0	0	0	0	0	0	0	0	0	0	0	0	0	0	0	0	0	0	0	0	0	0	0	0	0	0	0	0	0	0	0	0	0	0	0	0	0	0	0	0	0	0	0	0	0	0	0	0	0	0	0	0	0	0	0	0	0	0	52	80	62	7	13	52	12
0	0	0	0	0	0	0	0	0	0	0	0	0	0	0	0	0	0	0	0	0	0	0	0	0	0	0	0	0	0	0	0	0	0	0	0	0	0	0	0	0	0	0	0	0	0	0	0	0	0	0	0	0	0	0	0	0	0	0	0	0	0	0	0	0	0	0	0	0	0	0	0	0	0	0	0	0	0	0	0	0	0	0	0	0	0	0	0	0	0	0	0	0	0	0	0	0	0	0	0	0	0	0	0	0	0	0	0	0	0	0	0	0	0	0	0	0	0	0	0	0	0	103	41	50	47	43	29
0	0	0	0	0	0	0	0	0	0	0	0	0	0	0	0	0	0	0	0	0	0	0	0	0	0	0	0	0	0	0	0	0	0	0	0	0	0	0	0	0	0	0	0	0	0	0	0	0	0	0	0	0	0	0	0	0	0	0	0	0	0	0	0	0	0	0	0	0	0	0	0	0	0	0	0	0	0	0	0	0	0	0	0	0	0	0	0	0	0	0	0	0	0	0	0	0	0	0	0	0	0	0	0	0	0	0	0	0	0	0	0	0	0	0	0	0	0	0	0	0	0	0	113	94	8	53	98
0	0	0	0	0	0	0	0	0	0	0	0	0	0	0	0	0	0	0	0	0	0	0	0	0	0	0	0	0	0	0	0	0	0	0	0	0	0	0	0	0	0	0	0	0	0	0	0	0	0	0	0	0	0	0	0	0	0	0	0	0	0	0	0	0	0	0	0	0	0	0	0	0	0	0	0	0	0	0	0	0	0	0	0	0	0	0	0	0	0	0	0	0	0	0	0	0	0	0	0	0	0	0	0	0	0	0	0	0	0	0	0	0	0	0	0	0	0	0	0	0	0	0	0	53	93	3	77
0	0	0	0	0	0	0	0	0	0	0	0	0	0	0	0	0	0	0	0	0	0	0	0	0	0	0	0	0	0	0	0	0	0	0	0	0	0	0	0	0	0	0	0	0	0	0	0	0	0	0	0	0	0	0	0	0	0	0	0	0	0	0	0	0	0	0	0	0	0	0	0	0	0	0	0	0	0	0	0	0	0	0	0	0	0	0	0	0	0	0	0	0	0	0	0	0	0	0	0	0	0	0	0	0	0	0	0	0	0	0	0	0	0	0	0	0	0	0	0	0	0	0	0	0	32	89	45
0	0	0	0	0	0	0	0	0	0	0	0	0	0	0	0	0	0	0	0	0	0	0	0	0	0	0	0	0	0	0	0	0	0	0	0	0	0	0	0	0	0	0	0	0	0	0	0	0	0	0	0	0	0	0	0	0	0	0	0	0	0	0	0	0	0	0	0	0	0	0	0	0	0	0	0	0	0	0	0	0	0	0	0	0	0	0	0	0	0	0	0	0	0	0	0	0	0	0	0	0	0	0	0	0	0	0	0	0	0	0	0	0	0	0	0	0	0	0	0	0	0	0	0	0	0	37	2
0	0	0	0	0	0	0	0	0	0	0	0	0	0	0	0	0	0	0	0	0	0	0	0	0	0	0	0	0	0	0	0	0	0	0	0	0	0	0	0	0	0	0	0	0	0	0	0	0	0	0	0	0	0	0	0	0	0	0	0	0	0	0	0	0	0	0	0	0	0	0	0	0	0	0	0	0	0	0	0	0	0	0	0	0	0	0	0	0	0	0	0	0	0	0	0	0	0	0	0	0	0	0	0	0	0	0	0	0	0	0	0	0	0	0	0	0	0	0	0	0	0	0	0	0	0	0	126
0	0	0	0	0	0	0	0	0	0	0	0	0	0	0	0	0	0	0	0	0	0	0	0	0	0	0	0	0	0	0	0	0	0	0	0	0	0	0	0	0	0	0	0	0	0	0	0	0	0	0	0	0	0	0	0	0	0	0	0	0	0	0	0	0	0	0	0	0	0	0	0	0	0	0	0	0	0	0	0	0	0	0	0	0	0	0	0	0	0	0	0	0	0	0	0	0	0	0	0	0	0	0	0	0	0	0	0	0	0	0	0	0	0	0	0	0	0	0	0	0	0	0	0	0	0	0	0