0	17	127	10	109	115	74	15	23	9	108	97	19	18	67	55	110	114	39	77	30	87	47	17	87	37	47	104	30	54	104	113	74	114	5	119	64	25	72	78	107	59	61	91	18	47	20	23	76	91	87	117	120	10	102	44	34	99	64	96	53	126	64	76	90	124	31	11	75	80	28	42	96	38	112	55	46	34	91	59	11	61	22	64	124	110	64	114	21	72	75	79	9	100	87	15	68	51	73	38	116	78	48	12	81	92	27	110	50	62	72	114	27	9	68	103	80	75	90	15	62	52	79	128	110	52	19	50
0	0	51	28	56	82	104	49	120	73	90	106	86	61	122	25	36	84	88	1	24	32	126	59	30	39	27	32	38	128	122	43	37	17	82	115	113	2	51	86	88	112	117	123	71	107	7	77	46	65	120	74	36	92	48	93	29	32	60	51	104	19	86	38	98	28	3	7	66	94	108	29	70	97	29	124	106	128	92	5	69	63	51	25	64	113	54	35	33	113	39	116	3	58	60	117	120	64	14	67	88	71	15	8	110	28	38	121	96	58	25	122	38	11	27	60	99	122	101	48	71	37	34	104	9	53	48	3
0	0	0	72	24	95	26	26	79	4	84	5	99	91	41	62	88	110	14	2	24	54	90	74	94	33	119	109	32	43	38	109	44	87	43	46	56	89	28	86	118	33	98	7	19	103	93	124	88	55	3	89	8	102	62	16	97	27	72	38	36	123	100	49	20	57	20	126	88	116	116	50	18	7	76	35	21	1	108	13	44	127	33	9	14	88	112	81	60	73	29	101	117	56	107	73	112	20	53	37	103	1	66	76	71	124	10	127	122	21	53	49	123	57	52	87	48	73	18	74	89	117	97	90	22	101	33	51
0	0	0	0	16	83	34	79	71	37	32	120	59	112	82	39	74	6	109	42	39	25	11	52	37	5	87	95	29	102	36	40	76	117	92	83	68	61	52	86	62	2	39	80	128	124	77	89	63	85	74	12	80	78	95	10	67	70	118	28	100	81	75	49	53	34	67	100	125	48	56	49	77	74	26	36	14	34	103	51	23	10	52	46	120	37	55	66	91	16	43	3	119	10	62	1	98	63	71	119	29	63	105	101	101	107	89	45	113	121	53	15	80	33	123	107	45	119	107	33	85	11	49	35	37	81	8	4
0	0	0	0	0	79	36	73	44	74	105	38	56	42	3	7	22	47	16	9	17	73	115	78	46	38	73	124	29	15	114	110	70	59	34	48	4	80	14	47	44	115	83	109	19	81	74	93	12	91	58	14	25	4	102	23	81	1	82	106	121	97	32	26	75	59	100	39	103	52	20	34	11	110	84	96	78	103	53	122	40	71	25	42	26	1	117	67	69	15	95	32	69	85	84	84	33	45	92	53	59	12	108	68	2	3	88	79	7	98	91	70	1	54	47	49	1	85	81	89	90	83	112	68	107	95	4	46
0	0	0	0	0	0	103	125	23	121	54	56	102	72	55	15	89	6	124	36	9	82	20	123	60	37	65	28	83	22	38	88	82	27	29	8	83	54	54	18	71	107	124	39	13	89	112	25	79	51	30	66	19	111	19	106	34	91	114	80	83	85	18	98	61	38	105	48	64	36	81	88	68	3	27	60	122	108	102	58	66	117	114	34	120	67	36	50	82	72	84	84	75	36	92	73	25	18	38	103	109	102	34	77	111	80	104	33	57	118	31	70	82	116	122	122	36	97	99	53	26	45	58	41	113	32	120	108
0	0	0	0	0	0	0	85	109	102	111	27	66	92	124	90	125	7	118	14	56	75	55	101	99	65	101	118	122	127	85	37	9	28	84	79	74	25	54	12	3	123	66	51	108	39	42	128	92	55	4	68	12	42	32	24	25	123	3	126	29	70	3	16	61	54	113	93	102	121	25	57	48	72	110	2	73	77	85	32	83	60	56	104	90	29	63	32	34	71	27	94	77	63	50	48	31	112	48	69	89	8	6	124	22	51	10	14	121	69	38	78	82	55	60	78	40	95	7	25	22	106	35	43	42	70	44	124
0	0	0	0	0	0	0	0	7	78	88	83	12	57	52	97	94	112	71	68	126	86	18	45	128	74	109	41	116	74	110	114	64	23	37	31	2	80	4	37	64	62	123	102	21	59	31	128	124	88	3	20	20	90	8	83	120	72	110	28	40	17	56	103	75	75	85	101	99	123	74	7	16	4	51	63	34	47	90	102	97	61	117	78	91	107	81	120	92	8	42	69	27	43	3	8	110	29	40	29	86	56	59	127	9	54	76	68	16	49	14	86	88	3	59	29	56	54	33	12	121	55	92	30	77	101	108	48
0	0	0	0	0	0	0	0	0	83	84	32	102	40	69	80	67	85	66	92	103	58	95	100	69	121	67	26	1	40	60	113	29	59	58	105	114	65	68	75	95	46	92	43	106	102	118	9	21	51	89	47	65	42	91	36	71	89	36	81	50	49	92	72	126	1	55	28	13	61	125	3	12	10	101	54	62	4	69	40	36	19	40	28	40	39	103	109	11	106	34	36	41	30	37	115	52	50	128	7	61	28	87	111	15	30	60	10	66	12	104	26	66	24	54	106	24	47	9	121	51	40	21	24	94	79	103	73
0	0	0	0	0	0	0	0	0	0	113	120	36	124	20	48	126	96	22	102	67	109	30	23	20	17	39	33	4	66	45	63	37	35	12	117	103	126	62	94	48	7	71	42	1	101	56	10	1	83	33	82	125	89	14	57	10	19	14	72	43	37	106	64	29	53	121	105	89	43	118	71	108	47	22	47	26	113	103	57	61	118	71	56	49	14	58	26	115	82	127	9	52	88	110	118	82	56	70	85	84	93	4	94	16	52	22	25	7	92	97	112	1	115	53	128	29	54	118	95	115	72	46	58	20	29	96	12
0	0	0	0	0	0	0	0	0	0	0	27	57	46	51	36	13	87	121	50	33	38	57	36	37	58	1	98	111	19	22	24	118	2	48	120	11	46	27	40	85	9	28	87	56	65	42	108	114	114	59	9	69	111	37	114	122	35	19	108	93	74	56	73	71	111	82	18	14	23	34	67	102	102	29	77	76	126	54	125	32	94	32	90	42	73	41	102	99	86	57	117	13	82	81	50	64	1	101	95	14	106	94	17	51	76	77	40	101	121	125	55	31	67	63	111	128	99	61	26	88	60	78	127	94	121	125	46
0	0	0	0	0	0	0	0	0	0	0	0	68	90	25	3	32	88	21	123	95	117	105	31	68	1	41	63	38	127	76	76	118	67	12	37	117	76	31	61	16	82	19	79	25	11	101	108	102	36	67	44	107	33	97	56	127	70	117	70	73	69	107	87	68	36	114	119	61	88	63	57	121	24	12	120	27	9	31	50	66	88	36	74	52	24	56	102	118	88	46	128	101	113	17	36	57	116	8	59	100	27	28	93	63	8	28	33	43	20	55	16	125	72	115	64	44	127	13	10	8	52	111	24	4	56	44	111
0	0	0	0	0	0	0	0	0	0	0	0	0	8	9	76	16	117	61	57	125	35	124	27	54	120	22	100	37	108	9	97	75	115	82	99	55	60	94	5	118	62	43	5	65	5	114	29	7	91	51	46	122	24	53	93	44	1	8	53	103	116	3	95	119	84	55	101	49	113	58	104	110	90	125	83	119	93	103	87	115	98	24	43	104	54	70	120	105	78	9	53	82	112	53	94	42	89	47	61	123	36	25	62	78	29	114	97	19	26	94	15	25	72	110	47	79	18	45	35	38	6	103	56	108	115	87	39
0	0	0	0	0	0	0	0	0	0	0	0	0	0	41	95	46	110	31	35	54	96	46	4	38	72	102	95	128	9	57	78	90	88	127	13	27	128	119	117	63	101	19	35	105	9	124	73	57	39	71	69	98	101	112	34	108	41	83	81	120	30	123	3	55	125	21	84	5	3	103	62	124	77	55	99	122	20	55	78	97	41	70	62	8	109	18	22	88	53	86	36	21	17	52	120	72	16	6	121	118	54	37	29	108	50	88	17	119	89	93	63	115	26	42	54	41	113	18	94	72	28	54	16	55	35	85	65
0	0	0	0	0	0	0	0	0	0	0	0	0	0	0	45	31	111	127	74	17	88	57	109	9	14	113	33	10	12	27	108	63	16	84	103	17	65	16	9	52	124	83	48	102	14	103	77	7	28	39	71	125	118	25	60	106	56	111	115	116	61	37	71	43	104	106	96	84	49	16	16	31	95	119	65	39	75	126	110	9	110	16	50	11	62	41	29	116	101	123	45	98	47	31	97	2	59	125	116	71	7	96	110	68	36	118	96	28	79	18	20	19	81	96	46	1	40	118	60	18	85	16	118	71	76	20	110
0	0	0	0	0	0	0	0	0	0	0	0	0	0	0	0	46	124	72	14	120	67	6	21	112	37	80	111	58	38	82	21	118	68	110	7	87	103	47	96	65	44	19	128	111	124	76	99	38	99	86	95	41	30	40	97	107	12	85	93	41	99	27	13	38	35	84	72	126	9	107	64	53	113	18	125	117	105	11	111	109	64	14	74	36	4	23	83	84	78	94	93	68	4	38	84	5	51	37	90	106	60	75	36	83	112	69	98	113	35	43	6	4	77	55	92	97	121	22	8	91	11	57	95	61	92	29	62
0	0	0	0	0	0	0	0	0	0	0	0	0	0	0	0	0	52	40	14	89	12	103	127	21	6	50	19	112	2	122	72	19	11	34	49	15	49	33	74	51	14	22	25	116	107	69	39	72	69	116	44	52	7	126	56	48	6	93	2	116	76	22	78	20	64	117	45	101	4	21	116	89	44	79	30	94	127	88	19	3	54	117	127	100	22	111	127	70	101	99	41	29	30	46	91	47	15	6	97	92	35	20	49	78	83	71	105	31	65	17	70	1	63	15	27	62	48	18	121	14	94	89	102	89	62	29	28
0	0	0	0	0	0	0	0	0	0	0	0	0	0	0	0	0	0	58	33	87	104	65	45	86	121	81	54	50	6	112	68	44	7	36	59	72	6	63	12	82	30	55	125	77	107	58	5	16	90	85	13	66	42	85	47	26	95	16	66	39	87	90	37	115	89	26	34	43	80	115	80	70	67	65	33	97	9	119	53	56	8	83	61	31	85	7	40	16	50	8	36	51	4	40	18	119	99	91	97	56	54	33	128	16	93	117	125	59	2	71	51	113	42	14	110	111	26	71	94	92	26	45	57	124	63	8	103
0	0	0	0	0	0	0	0	0	0	0	0	0	0	0	0	0	0	0	86	94	64	80	67	37	85	105	69	63	69	1	32	57	69	101	95	43	122	21	85	104	58	92	95	98	112	120	18	122	39	121	65	70	35	89	55	87	111	20	125	81	26	21	119	88	57	24	3	36	54	52	6	75	14	13	115	123	16	72	54	53	66	13	6	3	12	57	106	55	126	29	50	17	78	42	20	6	98	68	62	90	23	42	82	40	77	112	66	58	72	79	120	77	103	28	23	10	10	24	44	125	98	72	95	84	121	91	34
0	0	0	0	0	0	0	0	0	0	0	0	0	0	0	0	0	0	0	0	76	9	8	85	100	32	89	111	57	22	72	106	27	72	96	59	119	94	86	14	64	88	7	29	15	121	4	113	124	60	16	117	12	10	63	89	128	103	22	28	3	78	39	3	108	74	9	115	109	90	66	25	61	56	27	50	72	75	11	105	45	121	88	31	29	88	45	61	19	33	98	51	35	92	50	93	84	46	61	102	59	107	107	27	10	23	39	122	82	51	19	88	111	36	85	18	29	16	16	55	63	50	8	102	19	62	24	88
0	0	0	0	0	0	0	0	0	0	0	0	0	0	0	0	0	0	0	0	0	73	126	13	12	64	102	8	40	19	66	63	125	107	60	22	26	3	33	71	86	112	8	96	51	128	119	18	1	2	30	87	89	28	38	57	6	118	16	111	47	35	93	101	94	115	92	125	117	27	8	12	59	56	50	83	103	100	66	76	112	3	99	53	107	106	42	31	124	42	44	44	104	83	38	13	85	32	81	93	66	61	8	61	29	108	79	29	127	54	89	84	42	64	53	49	59	19	7	43	36	42	95	80	81	54	65	15
0	0	0	0	0	0	0	0	0	0	0	0	0	0	0	0	0	0	0	0	0	0	124	69	54	14	120	16	94	67	31	39	99	69	72	4	10	29	115	3	51	123	49	103	43	42	71	17	82	92	44	88	84	74	84	59	30	27	62	2	31	48	3	99	88	16	125	35	25	66	1	55	51	105	2	96	97	84	97	27	12	92	109	123	114	19	68	92	126	39	126	43	100	54	76	128	80	86	39	74	80	1	86	7	115	124	18	71	66	122	62	50	87	88	24	35	128	60	58	69	120	62	102	100	13	97	83	100
0	0	0	0	0	0	0	0	0	0	0	0	0	0	0	0	0	0	0	0	0	0	0	16	83	92	21	99	11	57	89	30	89	2	94	121	32	78	47	47	67	109	41	50	99	85	84	16	96	29	80	94	12	87	90	88	106	90	69	20	22	118	20	110	95	67	119	103	60	75	128	128	120	122	89	87	14	81	77	28	39	77	125	59	80	8	30	73	85	25	38	6	113	65	9	125	93	97	89	94	121	31	70	118	89	71	54	96	62	28	72	110	9	36	9	119	85	49	111	125	99	70	21	69	10	40	80	65
0	0	0	0	0	0	0	0	0	0	0	0	0	0	0	0	0	0	0	0	0	0	0	0	96	90	120	70	32	39	12	54	44	52	102	70	29	31	75	85	55	56	120	34	73	34	40	122	72	71	108	81	39	119	15	88	34	88	107	120	54	12	2	107	79	31	87	113	115	124	107	124	18	60	13	7	85	56	46	109	12	16	101	58	120	100	52	112	5	40	38	73	32	61	102	117	32	78	31	78	13	7	47	28	126	2	73	102	97	83	118	123	100	20	105	96	86	7	52	13	23	78	1	9	102	93	48	78
0	0	0	0	0	0	0	0	0	0	0	0	0	0	0	0	0	0	0	0	0	0	0	0	0	21	38	67	17	72	34	35	66	21	89	52	18	47	20	98	36	72	32	78	5	22	107	57	19	124	42	79	8	63	118	35	100	110	71	82	27	102	60	107	41	65	90	124	128	62	26	40	111	33	2	44	8	91	108	21	85	27	58	19	63	99	32	85	96	9	77	26	66	22	75	88	50	18	34	108	112	78	85	120	83	80	52	11	50	59	35	3	16	44	78	118	94	26	97	5	61	75	41	29	88	101	18	74
0	0	0	0	0	0	0	0	0	0	0	0	0	0	0	0	0	0	0	0	0	0	0	0	0	0	52	112	102	128	70	81	97	19	20	60	23	95	4	83	111	118	95	100	17	19	52	89	85	25	58	53	15	70	9	104	110	118	86	120	27	106	70	101	80	110	116	83	74	73	51	26	6	18	33	58	60	43	47	88	46	37	72	114	11	30	32	66	61	2	90	26	35	75	18	14	59	57	77	63	44	90	77	24	84	125	51	115	10	63	53	79	68	42	62	65	124	104	82	44	102	79	61	68	80	126	101	1
0	0	0	0	0	0	0	0	0	0	0	0	0	0	0	0	0	0	0	0	0	0	0	0	0	0	0	79	77	124	112	80	61	8	84	108	65	23	3	58	87	81	68	57	100	11	124	66	120	79	50	110	46	1	1	64	12	75	120	66	94	50	40	39	40	54	33	18	9	121	28	50	94	123	89	115	96	75	8	78	64	31	76	39	82	20	54	124	30	126	96	124	80	50	64	121	101	109	56	105	44	31	50	103	38	12	11	63	96	45	75	109	95	99	77	44	55	55	34	96	49	87	17	86	41	94	104	84
0	0	0	0	0	0	0	0	0	0	0	0	0	0	0	0	0	0	0	0	0	0	0	0	0	0	0	0	102	103	21	54	46	63	86	97	62	22	115	63	73	112	61	100	88	113	15	90	12	38	109	47	104	117	10	52	66	4	95	110	23	102	55	125	46	19	94	121	79	53	2	35	110	31	101	125	25	10	43	107	33	88	113	93	116	82	12	16	123	65	66	81	121	107	44	58	66	108	23	38	51	39	8	20	65	105	3	63	52	2	116	113	29	62	34	67	120	110	16	38	118	85	7	116	20	6	36	8
0	0	0	0	0	0	0	0	0	0	0	0	0	0	0	0	0	0	0	0	0	0	0	0	0	0	0	0	0	83	98	71	110	5	29	114	63	119	43	41	120	70	108	22	118	111	77	87	108	35	120	57	38	102	3	53	32	28	50	4	124	49	42	4	66	90	54	22	7	55	63	72	89	44	65	109	57	82	93	84	7	109	97	117	91	19	96	47	119	45	37	88	16	98	122	7	43	76	53	113	24	87	32	25	89	126	88	47	19	101	77	127	35	52	40	127	7	85	95	12	113	103	51	27	20	101	67	83
0	0	0	0	0	0	0	0	0	0	0	0	0	0	0	0	0	0	0	0	0	0	0	0	0	0	0	0	0	0	60	19	10	72	25	42	90	71	85	39	111	6	50	119	73	60	124	40	7	6	54	98	6	91	22	20	22	77	56	41	105	64	21	28	32	105	89	24	24	82	74	112	40	53	53	104	25	53	37	110	23	11	60	16	80	21	26	81	59	32	51	106	101	84	57	103	28	28	123	47	60	80	34	39	81	88	119	45	70	84	115	68	112	92	69	87	10	19	31	108	106	66	88	106	126	41	63	77
0	0	0	0	0	0	0	0	0	0	0	0	0	0	0	0	0	0	0	0	0	0	0	0	0	0	0	0	0	0	0	122	79	50	115	127	96	82	53	24	47	98	120	45	126	29	63	9	99	56	21	80	79	55	70	100	71	96	3	9	51	74	24	102	90	67	115	15	101	115	2	16	95	37	18	62	71	77	73	44	119	100	41	75	85	113	118	94	18	62	43	113	82	26	93	32	123	125	118	77	48	55	103	14	88	30	103	87	122	75	117	31	106	63	66	112	49	50	14	21	21	10	30	48	10	116	21	106
0	0	0	0	0	0	0	0	0	0	0	0	0	0	0	0	0	0	0	0	0	0	0	0	0	0	0	0	0	0	0	0	36	14	38	124	96	91	117	57	98	110	119	118	60	12	47	120	19	125	88	37	121	27	73	59	17	92	96	25	64	83	108	104	41	75	90	28	112	104	60	15	100	45	122	85	12	53	104	35	104	127	31	123	63	79	68	39	126	14	115	25	55	49	14	37	55	57	54	57	33	107	94	127	73	50	43	74	86	44	86	116	112	123	6	56	50	51	68	17	1	83	81	71	80	98	81	20
0	0	0	0	0	0	0	0	0	0	0	0	0	0	0	0	0	0	0	0	0	0	0	0	0	0	0	0	0	0	0	0	0	119	32	125	128	80	97	124	40	58	56	82	79	26	29	12	69	29	55	91	104	120	32	63	62	113	19	32	128	22	43	2	98	2	58	127	105	98	93	21	108	94	15	23	96	114	30	96	23	1	70	45	100	42	61	6	24	69	12	40	64	117	58	125	4	95	57	107	52	101	60	44	118	59	47	40	78	43	26	51	114	11	26	62	30	24	108	63	3	29	42	94	49	8	65	95
0	0	0	0	0	0	0	0	0	0	0	0	0	0	0	0	0	0	0	0	0	0	0	0	0	0	0	0	0	0	0	0	0	0	31	56	33	49	90	58	95	105	44	102	70	90	15	102	28	37	58	56	112	30	18	89	110	125	113	45	63	125	52	75	23	75	40	101	46	72	23	115	41	54	97	64	126	58	5	30	77	73	104	120	55	25	65	68	47	82	82	97	92	22	21	45	42	75	4	6	82	116	50	15	103	4	64	120	40	28	29	11	15	76	27	10	47	66	57	43	54	59	73	99	43	57	65	74
0	0	0	0	0	0	0	0	0	0	0	0	0	0	0	0	0	0	0	0	0	0	0	0	0	0	0	0	0	0	0	0	0	0	0	55	112	85	100	123	126	124	49	73	67	26	85	70	108	69	56	110	84	5	120	79	37	81	29	76	12	29	42	44	86	84	47	45	50	124	78	51	47	27	69	3	71	111	56	78	61	78	37	125	41	55	51	38	119	71	77	44	107	89	8	93	122	94	49	109	21	31	76	46	71	73	88	35	2	68	39	127	40	38	90	58	95	25	118	104	104	80	95	64	90	8	81	108
0	0	0	0	0	0	0	0	0	0	0	0	0	0	0	0	0	0	0	0	0	0	0	0	0	0	0	0	0	0	0	0	0	0	0	0	9	110	113	118	22	35	87	47	33	78	72	27	54	31	100	125	94	117	103	56	12	36	18	88	83	99	47	31	79	55	95	77	83	80	120	44	18	94	97	76	11	117	57	22	75	44	45	103	23	90	2	122	80	116	75	67	72	119	4	20	9	127	1	27	64	41	71	49	18	34	61	49	41	24	25	24	26	78	105	56	14	81	92	125	53	3	88	103	94	41	20	12
0	0	0	0	0	0	0	0	0	0	0	0	0	0	0	0	0	0	0	0	0	0	0	0	0	0	0	0	0	0	0	0	0	0	0	0	0	123	40	62	127	24	87	115	45	47	55	83	53	61	32	94	14	118	116	11	92	127	22	125	79	119	106	25	53	114	107	8	57	12	103	69	109	33	1	73	38	48	50	112	127	115	8	125	21	128	113	76	46	55	57	20	118	122	114	69	39	124	24	122	17	80	103	44	32	67	56	77	110	19	10	97	126	101	74	74	124	26	118	106	25	14	120	55	103	95	62	11
0	0	0	0	0	0	0	0	0	0	0	0	0	0	0	0	0	0	0	0	0	0	0	0	0	0	0	0	0	0	0	0	0	0	0	0	0	0	18	50	6	121	6	20	96	82	59	83	31	74	41	10	43	126	56	89	69	16	107	117	107	9	72	97	40	46	108	24	92	50	107	101	43	30	120	102	86	90	123	118	34	108	57	68	114	67	48	94	91	26	60	90	101	110	106	78	111	125	1	96	31	57	83	113	56	54	56	73	128	83	71	95	115	11	91	1	66	96	80	82	67	21	14	26	107	120	126	96
0	0	0	0	0	0	0	0	0	0	0	0	0	0	0	0	0	0	0	0	0	0	0	0	0	0	0	0	0	0	0	0	0	0	0	0	0	0	0	117	102	29	10	85	6	95	17	12	41	28	66	20	120	118	7	49	8	101	56	81	10	32	107	54	27	32	16	111	94	71	63	75	80	110	88	25	63	111	5	112	40	117	20	123	37	76	14	100	19	50	1	50	85	6	72	85	73	36	59	123	18	87	125	108	88	53	58	48	49	71	110	101	70	128	102	43	43	84	16	75	69	93	68	82	37	48	69	105
0	0	0	0	0	0	0	0	0	0	0	0	0	0	0	0	0	0	0	0	0	0	0	0	0	0	0	0	0	0	0	0	0	0	0	0	0	0	0	0	55	1	66	79	92	68	86	69	76	126	22	56	113	115	47	14	120	51	109	43	37	21	87	121	41	24	119	27	103	63	67	102	87	76	120	91	119	31	55	23	26	3	41	107	65	60	43	27	124	118	87	116	54	85	37	32	20	128	86	40	21	75	1	99	3	84	124	48	85	1	113	102	12	35	80	45	23	82	23	94	102	66	89	110	102	12	64	15
0	0	0	0	0	0	0	0	0	0	0	0	0	0	0	0	0	0	0	0	0	0	0	0	0	0	0	0	0	0	0	0	0	0	0	0	0	0	0	0	0	9	84	13	22	26	24	18	40	120	66	5	113	103	46	66	90	127	95	26	64	94	28	80	70	32	76	39	93	3	91	29	84	89	96	15	62	40	92	24	66	123	107	41	120	107	112	45	34	66	74	12	33	122	72	122	52	29	116	104	126	45	32	95	107	3	85	39	87	63	107	19	23	85	79	107	5	21	90	96	112	112	49	41	99	104	4	105
0	0	0	0	0	0	0	0	0	0	0	0	0	0	0	0	0	0	0	0	0	0	0	0	0	0	0	0	0	0	0	0	0	0	0	0	0	0	0	0	0	0	100	63	75	103	44	117	125	45	34	79	40	103	23	73	27	5	65	118	14	37	64	120	73	41	64	21	3	58	83	48	83	19	100	20	94	114	9	117	104	51	61	58	47	5	109	119	121	62	28	115	76	114	46	99	47	32	126	68	63	9	61	38	1	106	48	81	100	112	44	23	40	117	127	42	78	67	75	114	10	108	90	4	89	71	125	83
0	0	0	0	0	0	0	0	0	0	0	0	0	0	0	0	0	0	0	0	0	0	0	0	0	0	0	0	0	0	0	0	0	0	0	0	0	0	0	0	0	0	0	72	29	107	106	115	32	86	49	70	48	70	50	111	127	43	53	83	72	70	83	80	117	15	44	115	90	58	71	92	46	45	62	124	80	126	54	56	104	122	83	99	60	13	66	34	83	86	43	20	60	70	23	91	124	86	89	114	105	60	65	87	53	25	124	59	1	41	26	96	96	33	75	2	45	17	18	104	118	50	15	59	59	31	31	76
0	0	0	0	0	0	0	0	0	0	0	0	0	0	0	0	0	0	0	0	0	0	0	0	0	0	0	0	0	0	0	0	0	0	0	0	0	0	0	0	0	0	0	0	39	10	90	73	58	19	43	69	70	84	50	76	19	106	116	115	29	46	9	49	62	43	99	3	120	81	33	110	103	16	126	13	9	62	5	39	101	68	116	67	39	7	114	125	21	35	2	113	56	54	89	112	107	82	100	126	15	42	65	76	54	79	9	93	112	54	85	24	34	25	11	12	120	14	19	1	90	71	84	112	9	80	62	5
0	0	0	0	0	0	0	0	0	0	0	0	0	0	0	0	0	0	0	0	0	0	0	0	0	0	0	0	0	0	0	0	0	0	0	0	0	0	0	0	0	0	0	0	0	105	18	117	8	110	78	101	19	127	73	16	68	56	60	49	58	99	18	60	15	44	113	58	76	23	126	61	108	95	126	53	58	29	101	117	44	121	115	77	47	96	32	105	56	5	102	14	93	31	50	114	96	57	102	62	124	73	118	92	93	107	116	37	84	81	20	19	43	93	90	107	18	62	90	16	4	10	28	88	42	74	119	77
0	0	0	0	0	0	0	0	0	0	0	0	0	0	0	0	0	0	0	0	0	0	0	0	0	0	0	0	0	0	0	0	0	0	0	0	0	0	0	0	0	0	0	0	0	0	54	56	77	16	85	92	71	103	24	106	123	42	24	33	108	124	10	71	88	31	109	109	3	54	56	122	3	115	3	23	65	63	52	118	82	38	11	67	5	106	63	79	2	123	89	97	78	22	2	119	106	57	13	10	77	24	16	81	125	73	66	39	51	75	121	90	90	80	12	14	25	13	76	38	107	82	93	59	51	40	4	96
0	0	0	0	0	0	0	0	0	0	0	0	0	0	0	0	0	0	0	0	0	0	0	0	0	0	0	0	0	0	0	0	0	0	0	0	0	0	0	0	0	0	0	0	0	0	0	50	51	4	15	37	96	119	73	76	119	51	41	101	125	36	103	125	35	27	30	57	6	4	43	110	20	84	108	55	57	73	45	103	125	34	68	29	67	20	37	110	43	126	124	76	72	9	60	67	48	68	11	16	28	30	50	71	56	19	20	21	54	7	86	91	86	30	8	62	116	56	52	41	108	121	104	52	38	93	53	102
0	0	0	0	0	0	0	0	0	0	0	0	0	0	0	0	0	0	0	0	0	0	0	0	0	0	0	0	0	0	0	0	0	0	0	0	0	0	0	0	0	0	0	0	0	0	0	0	126	92	96	33	71	111	8	48	16	1	71	63	16	71	105	20	3	55	42	113	46	48	100	28	74	42	31	19	17	62	115	20	81	42	56	70	60	68	122	64	61	85	70	32	75	58	35	115	20	28	82	52	11	95	17	8	100	94	31	60	67	9	11	90	37	75	51	88	18	3	62	22	37	90	64	3	126	5	62	46
0	0	0	0	0	0	0	0	0	0	0	0	0	0	0	0	0	0	0	0	0	0	0	0	0	0	0	0	0	0	0	0	0	0	0	0	0	0	0	0	0	0	0	0	0	0	0	0	0	48	24	111	72	28	41	105	42	95	20	55	72	57	33	29	114	59	62	102	81	113	58	51	25	63	44	111	69	100	104	54	102	59	83	16	72	34	80	16	109	53	92	10	7	21	39	89	55	18	72	76	120	62	35	107	6	34	10	63	72	119	99	120	40	17	68	115	22	4	77	60	83	84	46	57	77	117	19	103
0	0	0	0	0	0	0	0	0	0	0	0	0	0	0	0	0	0	0	0	0	0	0	0	0	0	0	0	0	0	0	0	0	0	0	0	0	0	0	0	0	0	0	0	0	0	0	0	0	0	47	122	35	101	47	126	22	67	42	72	23	89	83	16	38	90	99	71	1	24	80	119	97	125	11	104	76	110	34	97	83	67	55	112	59	65	3	79	32	14	107	72	91	122	126	61	101	44	128	106	104	125	113	2	35	78	110	14	31	123	116	124	2	5	65	54	101	112	116	45	44	64	36	34	113	68	49	13
0	0	0	0	0	0	0	0	0	0	0	0	0	0	0	0	0	0	0	0	0	0	0	0	0	0	0	0	0	0	0	0	0	0	0	0	0	0	0	0	0	0	0	0	0	0	0	0	0	0	0	55	38	76	8	9	105	41	96	44	48	126	108	51	20	75	93	107	93	83	111	85	109	123	100	87	91	114	59	122	101	72	67	74	77	95	85	99	79	77	2	9	92	38	19	68	80	53	7	17	78	69	71	7	123	2	35	67	101	23	63	111	24	3	19	5	53	43	20	14	70	55	27	3	108	12	115	115
0	0	0	0	0	0	0	0	0	0	0	0	0	0	0	0	0	0	0	0	0	0	0	0	0	0	0	0	0	0	0	0	0	0	0	0	0	0	0	0	0	0	0	0	0	0	0	0	0	0	0	0	74	121	67	105	44	119	84	128	41	115	48	66	71	80	25	79	60	121	92	103	89	101	10	32	107	79	79	111	12	83	34	4	104	67	57	34	40	51	10	41	85	74	64	41	96	26	65	61	84	51	112	107	85	124	74	63	88	92	40	34	101	25	34	14	41	67	55	113	114	81	40	87	96	72	41	86
0	0	0	0	0	0	0	0	0	0	0	0	0	0	0	0	0	0	0	0	0	0	0	0	0	0	0	0	0	0	0	0	0	0	0	0	0	0	0	0	0	0	0	0	0	0	0	0	0	0	0	0	0	63	76	42	54	101	104	106	43	24	104	26	128	79	3	5	40	9	12	46	126	120	39	84	85	115	50	51	80	22	64	112	96	126	121	74	45	17	83	68	32	40	35	4	112	127	72	93	67	18	99	126	98	67	14	70	45	91	100	55	82	124	82	13	48	6	98	38	118	60	36	37	26	123	110	117
0	0	0	0	0	0	0	0	0	0	0	0	0	0	0	0	0	0	0	0	0	0	0	0	0	0	0	0	0	0	0	0	0	0	0	0	0	0	0	0	0	0	0	0	0	0	0	0	0	0	0	0	0	0	59	127	11	43	25	77	68	24	35	65	107	19	73	1	5	35	51	11	29	42	69	82	92	109	99	46	117	127	51	43	73	93	13	97	12	128	33	96	95	31	21	33	110	15	118	78	34	26	118	101	33	35	59	56	82	80	98	27	41	79	120	61	60	62	25	87	43	80	18	88	34	40	122	13
0	0	0	0	0	0	0	0	0	0	0	0	0	0	0	0	0	0	0	0	0	0	0	0	0	0	0	0	0	0	0	0	0	0	0	0	0	0	0	0	0	0	0	0	0	0	0	0	0	0	0	0	0	0	0	51	23	100	42	43	126	76	32	106	67	82	112	52	111	58	11	2	55	100	128	67	25	24	116	94	78	80	38	25	31	48	109	63	5	65	101	69	45	101	31	65	53	76	105	7	11	96	76	51	61	34	19	69	6	85	46	96	110	11	109	35	20	106	122	119	71	16	96	120	15	90	112	121
0	0	0	0	0	0	0	0	0	0	0	0	0	0	0	0	0	0	0	0	0	0	0	0	0	0	0	0	0	0	0	0	0	0	0	0	0	0	0	0	0	0	0	0	0	0	0	0	0	0	0	0	0	0	0	0	71	54	39	42	34	82	69	38	22	127	10	11	13	109	105	94	8	49	86	109	66	111	126	90	87	59	98	9	126	68	109	78	22	4	56	30	4	58	113	89	121	1	41	91	6	11	103	93	35	88	119	31	106	37	23	89	26	122	82	91	60	17	4	105	91	10	116	34	15	44	19	84
0	0	0	0	0	0	0	0	0	0	0	0	0	0	0	0	0	0	0	0	0	0	0	0	0	0	0	0	0	0	0	0	0	0	0	0	0	0	0	0	0	0	0	0	0	0	0	0	0	0	0	0	0	0	0	0	0	13	22	8	71	65	88	21	99	67	7	54	47	93	26	12	14	35	123	42	3	28	24	94	80	49	96	21	71	65	20	55	122	19	121	109	122	18	97	16	57	66	25	2	7	26	107	122	21	27	117	83	108	123	65	121	126	23	109	16	36	13	6	127	25	56	26	111	94	55	107	86
0	0	0	0	0	0	0	0	0	0	0	0	0	0	0	0	0	0	0	0	0	0	0	0	0	0	0	0	0	0	0	0	0	0	0	0	0	0	0	0	0	0	0	0	0	0	0	0	0	0	0	0	0	0	0	0	0	0	117	22	85	66	111	73	108	68	91	15	90	101	27	25	47	66	107	92	83	79	73	94	105	87	82	91	66	100	106	60	67	83	49	38	18	71	91	102	31	107	125	59	89	42	96	13	119	92	63	26	124	126	14	11	118	88	112	84	72	63	70	126	30	71	68	78	83	115	63	42
0	0	0	0	0	0	0	0	0	0	0	0	0	0	0	0	0	0	0	0	0	0	0	0	0	0	0	0	0	0	0	0	0	0	0	0	0	0	0	0	0	0	0	0	0	0	0	0	0	0	0	0	0	0	0	0	0	0	0	126	87	39	78	110	8	100	30	75	32	52	80	73	69	42	121	27	26	113	6	72	62	65	37	24	74	66	75	127	85	121	97	35	57	41	16	69	48	89	14	116	49	61	29	39	1	1	11	4	35	57	118	27	120	68	15	34	30	83	28	105	97	26	39	31	81	95	50	75
0	0	0	0	0	0	0	0	0	0	0	0	0	0	0	0	0	0	0	0	0	0	0	0	0	0	0	0	0	0	0	0	0	0	0	0	0	0	0	0	0	0	0	0	0	0	0	0	0	0	0	0	0	0	0	0	0	0	0	0	25	63	65	110	56	17	128	55	25	33	11	21	80	114	22	65	107	16	8	42	100	67	114	15	67	70	28	42	1	21	41	18	55	87	79	120	97	92	72	127	83	60	82	44	48	119	23	39	4	112	66	73	15	10	116	126	97	84	69	51	82	54	69	112	26	62	111	79
0	0	0	0	0	0	0	0	0	0	0	0	0	0	0	0	0	0	0	0	0	0	0	0	0	0	0	0	0	0	0	0	0	0	0	0	0	0	0	0	0	0	0	0	0	0	0	0	0	0	0	0	0	0	0	0	0	0	0	0	0	73	66	90	49	123	37	99	99	127	33	46	93	51	102	103	81	57	33	94	64	69	30	83	124	45	120	52	67	11	105	108	12	29	33	78	94	12	72	46	76	66	40	94	75	86	100	109	91	59	16	16	79	1	122	5	104	72	86	92	8	94	87	126	46	102	3	86
0	0	0	0	0	0	0	0	0	0	0	0	0	0	0	0	0	0	0	0	0	0	0	0	0	0	0	0	0	0	0	0	0	0	0	0	0	0	0	0	0	0	0	0	0	0	0	0	0	0	0	0	0	0	0	0	0	0	0	0	0	0	125	38	22	9	23	63	111	111	66	100	117	118	61	125	9	29	102	27	31	116	41	59	2	3	61	19	56	102	55	31	77	72	117	97	13	35	105	51	35	109	25	73	37	104	35	60	85	25	117	10	9	73	80	44	67	44	49	33	26	89	2	56	91	107	99	50
0	0	0	0	0	0	0	0	0	0	0	0	0	0	0	0	0	0	0	0	0	0	0	0	0	0	0	0	0	0	0	0	0	0	0	0	0	0	0	0	0	0	0	0	0	0	0	0	0	0	0	0	0	0	0	0	0	0	0	0	0	0	0	97	104	96	87	38	114	103	21	88	53	127	77	23	44	80	104	31	120	46	125	78	34	25	74	18	107	70	107	124	59	12	80	50	39	87	75	36	6	4	73	27	47	36	37	126	90	77	16	49	85	97	51	121	85	95	29	99	73	61	122	5	34	80	79	32
0	0	0	0	0	0	0	0	0	0	0	0	0	0	0	0	0	0	0	0	0	0	0	0	0	0	0	0	0	0	0	0	0	0	0	0	0	0	0	0	0	0	0	0	0	0	0	0	0	0	0	0	0	0	0	0	0	0	0	0	0	0	0	0	10	54	70	95	46	42	20	34	96	104	10	111	8	39	5	80	71	85	114	85	114	79	61	61	97	19	4	98	55	128	8	47	59	107	106	42	31	77	24	110	51	73	3	40	72	102	100	50	104	118	56	115	77	52	62	108	69	82	102	6	96	36	25	18
0	0	0	0	0	0	0	0	0	0	0	0	0	0	0	0	0	0	0	0	0	0	0	0	0	0	0	0	0	0	0	0	0	0	0	0	0	0	0	0	0	0	0	0	0	0	0	0	0	0	0	0	0	0	0	0	0	0	0	0	0	0	0	0	0	48	22	112	29	111	24	45	104	88	48	109	71	84	96	79	89	51	87	111	112	92	25	90	81	16	59	57	100	114	83	78	59	77	3	34	85	37	4	122	100	65	15	52	126	126	19	41	66	47	111	7	126	79	5	26	16	113	50	39	54	35	6	119
0	0	0	0	0	0	0	0	0	0	0	0	0	0	0	0	0	0	0	0	0	0	0	0	0	0	0	0	0	0	0	0	0	0	0	0	0	0	0	0	0	0	0	0	0	0	0	0	0	0	0	0	0	0	0	0	0	0	0	0	0	0	0	0	0	0	25	98	84	13	116	65	91	36	96	31	111	4	97	85	116	13	58	85	13	88	125	88	32	8	27	49	89	85	53	80	126	37	37	2	51	80	4	124	111	32	12	115	125	62	71	48	90	42	44	20	52	73	95	67	85	118	84	96	73	21	86	34
0	0	0	0	0	0	0	0	0	0	0	0	0	0	0	0	0	0	0	0	0	0	0	0	0	0	0	0	0	0	0	0	0	0	0	0	0	0	0	0	0	0	0	0	0	0	0	0	0	0	0	0	0	0	0	0	0	0	0	0	0	0	0	0	0	0	0	80	29	6	21	14	91	109	51	76	38	126	45	61	20	119	30	122	97	1	2	17	75	89	11	84	6	75	24	18	20	70	83	81	61	25	114	3	73	52	34	57	12	41	70	17	103	69	87	106	58	91	113	55	25	19	75	89	102	49	70	2
0	0	0	0	0	0	0	0	0	0	0	0	0	0	0	0	0	0	0	0	0	0	0	0	0	0	0	0	0	0	0	0	0	0	0	0	0	0	0	0	0	0	0	0	0	0	0	0	0	0	0	0	0	0	0	0	0	0	0	0	0	0	0	0	0	0	0	0	124	108	76	127	84	111	85	105	19	15	95	81	78	67	20	121	76	94	123	31	2	98	114	109	107	74	9	89	50	108	20	95	18	9	72	17	69	8	107	22	91	39	60	11	117	103	74	5	108	65	42	119	116	32	124	18	6	103	110	97
0	0	0	0	0	0	0	0	0	0	0	0	0	0	0	0	0	0	0	0	0	0	0	0	0	0	0	0	0	0	0	0	0	0	0	0	0	0	0	0	0	0	0	0	0	0	0	0	0	0	0	0	0	0	0	0	0	0	0	0	0	0	0	0	0	0	0	0	0	26	89	97	24	73	37	85	92	50	127	21	93	5	31	113	45	47	17	11	118	121	32	85	71	54	92	71	70	4	67	64	49	78	83	26	9	31	12	124	119	81	80	6	23	74	37	25	83	49	80	68	41	32	104	14	113	43	89	72
0	0	0	0	0	0	0	0	0	0	0	0	0	0	0	0	0	0	0	0	0	0	0	0	0	0	0	0	0	0	0	0	0	0	0	0	0	0	0	0	0	0	0	0	0	0	0	0	0	0	0	0	0	0	0	0	0	0	0	0	0	0	0	0	0	0	0	0	0	0	127	91	110	108	56	75	86	59	21	39	21	100	83	45	88	110	58	19	106	51	119	13	92	113	117	71	93	90	50	5	21	90	52	2	57	46	89	97	15	108	48	107	114	84	82	33	22	69	57	51	124	76	36	108	10	117	88	88
0	0	0	0	0	0	0	0	0	0	0	0	0	0	0	0	0	0	0	0	0	0	0	0	0	0	0	0	0	0	0	0	0	0	0	0	0	0	0	0	0	0	0	0	0	0	0	0	0	0	0	0	0	0	0	0	0	0	0	0	0	0	0	0	0	0	0	0	0	0	0	31	58	72	29	91	124	116	118	61	17	13	112	100	86	66	86	112	116	96	101	42	57	104	54	57	118	112	74	103	27	85	52	77	97	35	112	77	116	70	128	74	94	45	127	51	128	9	64	72	120	24	79	123	102	22	117	11
0	0	0	0	0	0	0	0	0	0	0	0	0	0	0	0	0	0	0	0	0	0	0	0	0	0	0	0	0	0	0	0	0	0	0	0	0	0	0	0	0	0	0	0	0	0	0	0	0	0	0	0	0	0	0	0	0	0	0	0	0	0	0	0	0	0	0	0	0	0	0	0	45	8	53	29	10	54	76	122	67	17	11	96	60	109	103	75	124	15	94	31	35	16	11	102	59	116	94	119	49	52	107	98	54	86	49	35	121	34	128	127	66	7	44	27	83	60	55	41	43	46	118	3	32	98	128	92
0	0	0	0	0	0	0	0	0	0	0	0	0	0	0	0	0	0	0	0	0	0	0	0	0	0	0	0	0	0	0	0	0	0	0	0	0	0	0	0	0	0	0	0	0	0	0	0	0	0	0	0	0	0	0	0	0	0	0	0	0	0	0	0	0	0	0	0	0	0	0	0	0	15	93	12	98	64	54	116	49	35	7	71	20	103	118	20	85	73	79	105	100	110	80	49	90	25	51	71	29	48	86	13	27	27	73	3	78	43	52	53	1	25	33	117	54	70	56	91	11	30	124	93	68	11	7	116
0	0	0	0	0	0	0	0	0	0	0	0	0	0	0	0	0	0	0	0	0	0	0	0	0	0	0	0	0	0	0	0	0	0	0	0	0	0	0	0	0	0	0	0	0	0	0	0	0	0	0	0	0	0	0	0	0	0	0	0	0	0	0	0	0	0	0	0	0	0	0	0	0	0	78	85	27	25	21	38	104	120	72	30	30	53	24	119	67	23	7	67	96	19	103	68	23	91	89	43	106	96	110	75	82	99	128	7	127	117	76	85	96	109	68	52	24	36	51	124	26	104	81	69	67	121	37	128
0	0	0	0	0	0	0	0	0	0	0	0	0	0	0	0	0	0	0	0	0	0	0	0	0	0	0	0	0	0	0	0	0	0	0	0	0	0	0	0	0	0	0	0	0	0	0	0	0	0	0	0	0	0	0	0	0	0	0	0	0	0	0	0	0	0	0	0	0	0	0	0	0	0	0	93	65	11	127	8	41	30	65	14	78	113	92	34	2	8	80	108	93	41	125	39	79	99	1	75	10	12	30	75	95	95	113	36	21	37	94	102	55	94	77	8	6	14	7	123	96	95	63	117	113	87	72	107
0	0	0	0	0	0	0	0	0	0	0	0	0	0	0	0	0	0	0	0	0	0	0	0	0	0	0	0	0	0	0	0	0	0	0	0	0	0	0	0	0	0	0	0	0	0	0	0	0	0	0	0	0	0	0	0	0	0	0	0	0	0	0	0	0	0	0	0	0	0	0	0	0	0	0	0	24	69	8	4	32	69	62	47	82	44	56	28	23	108	24	48	71	46	34	114	53	28	128	64	40	19	41	92	99	89	46	34	23	12	40	120	51	80	50	53	101	38	74	125	94	22	97	127	96	114	88	17
0	0	0	0	0	0	0	0	0	0	0	0	0	0	0	0	0	0	0	0	0	0	0	0	0	0	0	0	0	0	0	0	0	0	0	0	0	0	0	0	0	0	0	0	0	0	0	0	0	0	0	0	0	0	0	0	0	0	0	0	0	0	0	0	0	0	0	0	0	0	0	0	0	0	0	0	0	7	85	51	44	106	77	95	43	53	125	8	6	81	85	1	108	27	23	75	30	37	9	96	88	108	25	16	85	114	41	33	39	48	47	45	89	54	68	31	124	117	92	61	102	105	54	100	83	8	83	29
0	0	0	0	0	0	0	0	0	0	0	0	0	0	0	0	0	0	0	0	0	0	0	0	0	0	0	0	0	0	0	0	0	0	0	0	0	0	0	0	0	0	0	0	0	0	0	0	0	0	0	0	0	0	0	0	0	0	0	0	0	0	0	0	0	0	0	0	0	0	0	0	0	0	0	0	0	0	85	65	123	12	8	55	112	15	118	9	44	92	81	105	109	70	97	35	76	9	79	124	66	5	95	88	37	22	109	20	51	7	60	113	121	104	50	121	72	9	6	30	32	3	7	76	111	6	53	80
0	0	0	0	0	0	0	0	0	0	0	0	0	0	0	0	0	0	0	0	0	0	0	0	0	0	0	0	0	0	0	0	0	0	0	0	0	0	0	0	0	0	0	0	0	0	0	0	0	0	0	0	0	0	0	0	0	0	0	0	0	0	0	0	0	0	0	0	0	0	0	0	0	0	0	0	0	0	0	48	71	24	127	65	11	97	38	72	35	65	8	59	126	31	46	21	103	62	113	33	49	70	73	90	59	18	47	15	102	11	95	60	73	128	121	106	76	74	40	39	99	63	52	119	20	19	120	60
0	0	0	0	0	0	0	0	0	0	0	0	0	0	0	0	0	0	0	0	0	0	0	0	0	0	0	0	0	0	0	0	0	0	0	0	0	0	0	0	0	0	0	0	0	0	0	0	0	0	0	0	0	0	0	0	0	0	0	0	0	0	0	0	0	0	0	0	0	0	0	0	0	0	0	0	0	0	0	0	9	70	54	126	112	118	46	40	37	93	49	122	115	96	74	106	50	74	20	113	119	27	35	29	77	49	33	87	127	22	27	115	75	81	28	20	69	3	63	106	90	124	68	105	4	32	106	117
0	0	0	0	0	0	0	0	0	0	0	0	0	0	0	0	0	0	0	0	0	0	0	0	0	0	0	0	0	0	0	0	0	0	0	0	0	0	0	0	0	0	0	0	0	0	0	0	0	0	0	0	0	0	0	0	0	0	0	0	0	0	0	0	0	0	0	0	0	0	0	0	0	0	0	0	0	0	0	0	0	118	2	45	77	89	88	66	90	39	122	123	16	24	106	104	125	45	4	44	52	108	77	91	100	113	23	106	119	119	79	73	5	115	127	45	107	12	16	53	31	123	72	65	125	61	92	11
0	0	0	0	0	0	0	0	0	0	0	0	0	0	0	0	0	0	0	0	0	0	0	0	0	0	0	0	0	0	0	0	0	0	0	0	0	0	0	0	0	0	0	0	0	0	0	0	0	0	0	0	0	0	0	0	0	0	0	0	0	0	0	0	0	0	0	0	0	0	0	0	0	0	0	0	0	0	0	0	0	0	43	90	108	83	122	5	36	125	85	9	57	88	87	40	69	104	21	100	97	56	30	58	60	33	57	61	105	25	73	86	94	49	124	64	85	26	86	25	90	27	54	65	83	47	1	61
0	0	0	0	0	0	0	0	0	0	0	0	0	0	0	0	0	0	0	0	0	0	0	0	0	0	0	0	0	0	0	0	0	0	0	0	0	0	0	0	0	0	0	0	0	0	0	0	0	0	0	0	0	0	0	0	0	0	0	0	0	0	0	0	0	0	0	0	0	0	0	0	0	0	0	0	0	0	0	0	0	0	0	108	67	94	76	48	94	19	66	52	54	28	96	44	120	115	114	114	5	50	128	35	68	90	41	48	2	95	95	107	37	35	42	121	30	96	24	5	126	76	57	34	66	118	89	36
0	0	0	0	0	0	0	0	0	0	0	0	0	0	0	0	0	0	0	0	0	0	0	0	0	0	0	0	0	0	0	0	0	0	0	0	0	0	0	0	0	0	0	0	0	0	0	0	0	0	0	0	0	0	0	0	0	0	0	0	0	0	0	0	0	0	0	0	0	0	0	0	0	0	0	0	0	0	0	0	0	0	0	0	86	51	69	83	62	47	84	18	83	18	51	41	33	56	25	44	21	43	57	115	76	28	35	47	2	21	32	9	4	31	121	26	69	98	28	110	21	86	37	28	111	53	59	65
0	0	0	0	0	0	0	0	0	0	0	0	0	0	0	0	0	0	0	0	0	0	0	0	0	0	0	0	0	0	0	0	0	0	0	0	0	0	0	0	0	0	0	0	0	0	0	0	0	0	0	0	0	0	0	0	0	0	0	0	0	0	0	0	0	0	0	0	0	0	0	0	0	0	0	0	0	0	0	0	0	0	0	0	0	37	100	119	9	26	123	9	56	122	75	44	102	45	69	104	60	102	49	76	34	24	98	13	7	10	97	111	106	67	80	11	57	5	116	73	17	17	110	53	30	103	123	43
0	0	0	0	0	0	0	0	0	0	0	0	0	0	0	0	0	0	0	0	0	0	0	0	0	0	0	0	0	0	0	0	0	0	0	0	0	0	0	0	0	0	0	0	0	0	0	0	0	0	0	0	0	0	0	0	0	0	0	0	0	0	0	0	0	0	0	0	0	0	0	0	0	0	0	0	0	0	0	0	0	0	0	0	0	0	56	118	94	52	124	30	115	20	110	36	5	63	64	92	90	3	74	123	86	9	49	95	47	104	40	10	42	123	122	32	48	107	37	80	122	19	14	60	33	9	76	42
0	0	0	0	0	0	0	0	0	0	0	0	0	0	0	0	0	0	0	0	0	0	0	0	0	0	0	0	0	0	0	0	0	0	0	0	0	0	0	0	0	0	0	0	0	0	0	0	0	0	0	0	0	0	0	0	0	0	0	0	0	0	0	0	0	0	0	0	0	0	0	0	0	0	0	0	0	0	0	0	0	0	0	0	0	0	0	88	66	123	89	19	31	4	117	44	57	93	118	45	37	91	126	58	124	82	87	81	96	94	34	41	113	28	101	5	63	115	40	4	114	106	63	111	98	62	56	67
0	0	0	0	0	0	0	0	0	0	0	0	0	0	0	0	0	0	0	0	0	0	0	0	0	0	0	0	0	0	0	0	0	0	0	0	0	0	0	0	0	0	0	0	0	0	0	0	0	0	0	0	0	0	0	0	0	0	0	0	0	0	0	0	0	0	0	0	0	0	0	0	0	0	0	0	0	0	0	0	0	0	0	0	0	0	0	0	92	16	88	24	54	72	68	73	113	2	20	28	44	5	114	102	23	23	16	98	67	31	62	7	65	118	124	90	53	63	93	47	38	105	46	27	119	101	20	120
0	0	0	0	0	0	0	0	0	0	0	0	0	0	0	0	0	0	0	0	0	0	0	0	0	0	0	0	0	0	0	0	0	0	0	0	0	0	0	0	0	0	0	0	0	0	0	0	0	0	0	0	0	0	0	0	0	0	0	0	0	0	0	0	0	0	0	0	0	0	0	0	0	0	0	0	0	0	0	0	0	0	0	0	0	0	0	0	0	73	2	60	96	16	121	87	21	8	15	38	37	121	31	126	100	99	118	59	25	44	16	18	103	32	94	13	128	48	58	31	111	115	5	58	80	105	44	62
0	0	0	0	0	0	0	0	0	0	0	0	0	0	0	0	0	0	0	0	0	0	0	0	0	0	0	0	0	0	0	0	0	0	0	0	0	0	0	0	0	0	0	0	0	0	0	0	0	0	0	0	0	0	0	0	0	0	0	0	0	0	0	0	0	0	0	0	0	0	0	0	0	0	0	0	0	0	0	0	0	0	0	0	0	0	0	0	0	0	1	17	52	19	105	118	6	89	55	45	112	65	109	101	6	73	122	20	98	49	25	49	73	38	6	115	74	52	87	11	8	128	65	105	87	99	8	30
0	0	0	0	0	0	0	0	0	0	0	0	0	0	0	0	0	0	0	0	0	0	0	0	0	0	0	0	0	0	0	0	0	0	0	0	0	0	0	0	0	0	0	0	0	0	0	0	0	0	0	0	0	0	0	0	0	0	0	0	0	0	0	0	0	0	0	0	0	0	0	0	0	0	0	0	0	0	0	0	0	0	0	0	0	0	0	0	0	0	0	37	25	23	87	111	27	123	100	75	18	33	84	111	74	88	123	39	50	37	8	56	68	45	29	25	68	18	56	42	94	10	109	24	24	67	75	96
0	0	0	0	0	0	0	0	0	0	0	0	0	0	0	0	0	0	0	0	0	0	0	0	0	0	0	0	0	0	0	0	0	0	0	0	0	0	0	0	0	0	0	0	0	0	0	0	0	0	0	0	0	0	0	0	0	0	0	0	0	0	0	0	0	0	0	0	0	0	0	0	0	0	0	0	0	0	0	0	0	0	0	0	0	0	0	0	0	0	0	0	23	95	119	93	69	94	37	119	31	48	34	36	93	119	72	37	74	15	30	7	87	118	46	82	9	47	4	8	29	26	53	86	28	81	69	83
0	0	0	0	0	0	0	0	0	0	0	0	0	0	0	0	0	0	0	0	0	0	0	0	0	0	0	0	0	0	0	0	0	0	0	0	0	0	0	0	0	0	0	0	0	0	0	0	0	0	0	0	0	0	0	0	0	0	0	0	0	0	0	0	0	0	0	0	0	0	0	0	0	0	0	0	0	0	0	0	0	0	0	0	0	0	0	0	0	0	0	0	0	54	108	39	40	36	124	69	31	70	112	56	110	80	95	121	93	41	1	33	81	14	14	122	24	23	33	25	37	14	100	116	58	29	40	117
0	0	0	0	0	0	0	0	0	0	0	0	0	0	0	0	0	0	0	0	0	0	0	0	0	0	0	0	0	0	0	0	0	0	0	0	0	0	0	0	0	0	0	0	0	0	0	0	0	0	0	0	0	0	0	0	0	0	0	0	0	0	0	0	0	0	0	0	0	0	0	0	0	0	0	0	0	0	0	0	0	0	0	0	0	0	0	0	0	0	0	0	0	0	105	48	110	123	116	99	85	127	69	2	98	108	89	11	30	84	5	74	69	8	27	125	70	80	18	95	95	32	105	96	29	85	85	96
0	0	0	0	0	0	0	0	0	0	0	0	0	0	0	0	0	0	0	0	0	0	0	0	0	0	0	0	0	0	0	0	0	0	0	0	0	0	0	0	0	0	0	0	0	0	0	0	0	0	0	0	0	0	0	0	0	0	0	0	0	0	0	0	0	0	0	0	0	0	0	0	0	0	0	0	0	0	0	0	0	0	0	0	0	0	0	0	0	0	0	0	0	0	0	26	83	79	86	11	65	10	50	118	20	4	124	14	37	89	27	76	28	47	126	124	13	23	47	65	121	119	40	75	46	56	47	58
0	0	0	0	0	0	0	0	0	0	0	0	0	0	0	0	0	0	0	0	0	0	0	0	0	0	0	0	0	0	0	0	0	0	0	0	0	0	0	0	0	0	0	0	0	0	0	0	0	0	0	0	0	0	0	0	0	0	0	0	0	0	0	0	0	0	0	0	0	0	0	0	0	0	0	0	0	0	0	0	0	0	0	0	0	0	0	0	0	0	0	0	0	0	0	0	72	64	46	67	109	101	116	51	119	123	35	32	17	125	38	62	84	12	46	108	82	74	19	74	55	115	67	82	109	8	27	52
0	0	0	0	0	0	0	0	0	0	0	0	0	0	0	0	0	0	0	0	0	0	0	0	0	0	0	0	0	0	0	0	0	0	0	0	0	0	0	0	0	0	0	0	0	0	0	0	0	0	0	0	0	0	0	0	0	0	0	0	0	0	0	0	0	0	0	0	0	0	0	0	0	0	0	0	0	0	0	0	0	0	0	0	0	0	0	0	0	0	0	0	0	0	0	0	0	63	49	105	72	66	97	112	123	49	16	93	83	27	83	90	116	9	119	125	114	43	4	1	46	76	12	87	27	126	59	8
0	0	0	0	0	0	0	0	0	0	0	0	0	0	0	0	0	0	0	0	0	0	0	0	0	0	0	0	0	0	0	0	0	0	0	0	0	0	0	0	0	0	0	0	0	0	0	0	0	0	0	0	0	0	0	0	0	0	0	0	0	0	0	0	0	0	0	0	0	0	0	0	0	0	0	0	0	0	0	0	0	0	0	0	0	0	0	0	0	0	0	0	0	0	0	0	0	0	102	95	79	44	40	88	1	101	71	92	77	93	124	34	4	21	127	52	53	76	65	116	88	56	63	10	45	1	79	22
0	0	0	0	0	0	0	0	0	0	0	0	0	0	0	0	0	0	0	0	0	0	0	0	0	0	0	0	0	0	0	0	0	0	0	0	0	0	0	0	0	0	0	0	0	0	0	0	0	0	0	0	0	0	0	0	0	0	0	0	0	0	0	0	0	0	0	0	0	0	0	0	0	0	0	0	0	0	0	0	0	0	0	0	0	0	0	0	0	0	0	0	0	0	0	0	0	0	0	38	114	100	100	98	33	42	24	70	15	90	20	46	59	94	19	26	30	86	55	125	109	120	123	53	30	62	27	85
0	0	0	0	0	0	0	0	0	0	0	0	0	0	0	0	0	0	0	0	0	0	0	0	0	0	0	0	0	0	0	0	0	0	0	0	0	0	0	0	0	0	0	0	0	0	0	0	0	0	0	0	0	0	0	0	0	0	0	0	0	0	0	0	0	0	0	0	0	0	0	0	0	0	0	0	0	0	0	0	0	0	0	0	0	0	0	0	0	0	0	0	0	0	0	0	0	0	0	0	32	52	65	13	5	92	40	80	118	105	91	67	120	66	62	112	51	99	50	21	74	28	112	87	7	26	56	91
0	0	0	0	0	0	0	0	0	0	0	0	0	0	0	0	0	0	0	0	0	0	0	0	0	0	0	0	0	0	0	0	0	0	0	0	0	0	0	0	0	0	0	0	0	0	0	0	0	0	0	0	0	0	0	0	0	0	0	0	0	0	0	0	0	0	0	0	0	0	0	0	0	0	0	0	0	0	0	0	0	0	0	0	0	0	0	0	0	0	0	0	0	0	0	0	0	0	0	0	0	21	62	39	19	76	67	4	32	56	45	38	72	1	111	32	16	28	122	97	30	25	80	92	32	126	67	11
0	0	0	0	0	0	0	0	0	0	0	0	0	0	0	0	0	0	0	0	0	0	0	0	0	0	0	0	0	0	0	0	0	0	0	0	0	0	0	0	0	0	0	0	0	0	0	0	0	0	0	0	0	0	0	0	0	0	0	0	0	0	0	0	0	0	0	0	0	0	0	0	0	0	0	0	0	0	0	0	0	0	0	0	0	0	0	0	0	0	0	0	0	0	0	0	0	0	0	0	0	0	56	71	121	116	86	117	6	75	122	112	20	64	51	51	76	124	126	42	20	79	66	66	80	12	90	13
0	0	0	0	0	0	0	0	0	0	0	0	0	0	0	0	0	0	0	0	0	0	0	0	0	0	0	0	0	0	0	0	0	0	0	0	0	0	0	0	0	0	0	0	0	0	0	0	0	0	0	0	0	0	0	0	0	0	0	0	0	0	0	0	0	0	0	0	0	0	0	0	0	0	0	0	0	0	0	0	0	0	0	0	0	0	0	0	0	0	0	0	0	0	0	0	0	0	0	0	0	0	0	119	90	61	76	90	15	18	27	127	75	41	80	123	57	80	26	47	65	21	40	83	89	7	91	113
0	0	0	0	0	0	0	0	0	0	0	0	0	0	0	0	0	0	0	0	0	0	0	0	0	0	0	0	0	0	0	0	0	0	0	0	0	0	0	0	0	0	0	0	0	0	0	0	0	0	0	0	0	0	0	0	0	0	0	0	0	0	0	0	0	0	0	0	0	0	0	0	0	0	0	0	0	0	0	0	0	0	0	0	0	0	0	0	0	0	0	0	0	0	0	0	0	0	0	0	0	0	0	0	119	103	81	125	42	111	70	126	63	42	126	57	104	23	120	85	123	12	81	71	97	96	28	47
0	0	0	0	0	0	0	0	0	0	0	0	0	0	0	0	0	0	0	0	0	0	0	0	0	0	0	0	0	0	0	0	0	0	0	0	0	0	0	0	0	0	0	0	0	0	0	0	0	0	0	0	0	0	0	0	0	0	0	0	0	0	0	0	0	0	0	0	0	0	0	0	0	0	0	0	0	0	0	0	0	0	0	0	0	0	0	0	0	0	0	0	0	0	0	0	0	0	0	0	0	0	0	0	0	34	1	52	91	21	65	60	32	10	62	124	21	106	69	10	125	49	128	61	3	89	23	62
0	0	0	0	0	0	0	0	0	0	0	0	0	0	0	0	0	0	0	0	0	0	0	0	0	0	0	0	0	0	0	0	0	0	0	0	0	0	0	0	0	0	0	0	0	0	0	0	0	0	0	0	0	0	0	0	0	0	0	0	0	0	0	0	0	0	0	0	0	0	0	0	0	0	0	0	0	0	0	0	0	0	0	0	0	0	0	0	0	0	0	0	0	0	0	0	0	0	0	0	0	0	0	0	0	0	101	28	92	23	67	119	120	120	13	90	40	64	24	11	120	17	83	43	6	117	61	34
0	0	0	0	0	0	0	0	0	0	0	0	0	0	0	0	0	0	0	0	0	0	0	0	0	0	0	0	0	0	0	0	0	0	0	0	0	0	0	0	0	0	0	0	0	0	0	0	0	0	0	0	0	0	0	0	0	0	0	0	0	0	0	0	0	0	0	0	0	0	0	0	0	0	0	0	0	0	0	0	0	0	0	0	0	0	0	0	0	0	0	0	0	0	0	0	0	0	0	0	0	0	0	0	0	0	0	101	111	68	3	57	119	7	27	5	32	60	103	120	117	80	54	75	103	36	79	45
0	0	0	0	0	0	0	0	0	0	0	0	0	0	0	0	0	0	0	0	0	0	0	0	0	0	0	0	0	0	0	0	0	0	0	0	0	0	0	0	0	0	0	0	0	0	0	0	0	0	0	0	0	0	0	0	0	0	0	0	0	0	0	0	0	0	0	0	0	0	0	0	0	0	0	0	0	0	0	0	0	0	0	0	0	0	0	0	0	0	0	0	0	0	0	0	0	0	0	0	0	0	0	0	0	0	0	0	6	36	107	69	125	107	59	65	43	94	1	37	7	74	62	23	74	121	24	48
0	0	0	0	0	0	0	0	0	0	0	0	0	0	0	0	0	0	0	0	0	0	0	0	0	0	0	0	0	0	0	0	0	0	0	0	0	0	0	0	0	0	0	0	0	0	0	0	0	0	0	0	0	0	0	0	0	0	0	0	0	0	0	0	0	0	0	0	0	0	0	0	0	0	0	0	0	0	0	0	0	0	0	0	0	0	0	0	0	0	0	0	0	0	0	0	0	0	0	0	0	0	0	0	0	0	0	0	0	20	5	106	69	65	42	62	35	22	5	1	102	124	83	24	126	68	78	26
0	0	0	0	0	0	0	0	0	0	0	0	0	0	0	0	0	0	0	0	0	0	0	0	0	0	0	0	0	0	0	0	0	0	0	0	0	0	0	0	0	0	0	0	0	0	0	0	0	0	0	0	0	0	0	0	0	0	0	0	0	0	0	0	0	0	0	0	0	0	0	0	0	0	0	0	0	0	0	0	0	0	0	0	0	0	0	0	0	0	0	0	0	0	0	0	0	0	0	0	0	0	0	0	0	0	0	0	0	0	108	63	71	67	45	28	60	31	32	12	58	32	30	61	24	3	6	89
0	0	0	0	0	0	0	0	0	0	0	0	0	0	0	0	0	0	0	0	0	0	0	0	0	0	0	0	0	0	0	0	0	0	0	0	0	0	0	0	0	0	0	0	0	0	0	0	0	0	0	0	0	0	0	0	0	0	0	0	0	0	0	0	0	0	0	0	0	0	0	0	0	0	0	0	0	0	0	0	0	0	0	0	0	0	0	0	0	0	0	0	0	0	0	0	0	0	0	0	0	0	0	0	0	0	0	0	0	0	0	72	36	110	58	14	76	15	52	57	18	73	7	5	45	13	73	54
0	0	0	0	0	0	0	0	0	0	0	0	0	0	0	0	0	0	0	0	0	0	0	0	0	0	0	0	0	0	0	0	0	0	0	0	0	0	0	0	0	0	0	0	0	0	0	0	0	0	0	0	0	0	0	0	0	0	0	0	0	0	0	0	0	0	0	0	0	0	0	0	0	0	0	0	0	0	0	0	0	0	0	0	0	0	0	0	0	0	0	0	0	0	0	0	0	0	0	0	0	0	0	0	0	0	0	0	0	0	0	0	122	5	34	91	75	100	123	125	106	41	110	71	116	29	117	39
0	0	0	0	0	0	0	0	0	0	0	0	0	0	0	0	0	0	0	0	0	0	0	0	0	0	0	0	0	0	0	0	0	0	0	0	0	0	0	0	0	0	0	0	0	0	0	0	0	0	0	0	0	0	0	0	0	0	0	0	0	0	0	0	0	0	0	0	0	0	0	0	0	0	0	0	0	0	0	0	0	0	0	0	0	0	0	0	0	0	0	0	0	0	0	0	0	0	0	0	0	0	0	0	0	0	0	0	0	0	0	0	0	34	86	88	67	45	5	89	99	51	40	55	101	39	115	1
0	0	0	0	0	0	0	0	0	0	0	0	0	0	0	0	0	0	0	0	0	0	0	0	0	0	0	0	0	0	0	0	0	0	0	0	0	0	0	0	0	0	0	0	0	0	0	0	0	0	0	0	0	0	0	0	0	0	0	0	0	0	0	0	0	0	0	0	0	0	0	0	0	0	0	0	0	0	0	0	0	0	0	0	0	0	0	0	0	0	0	0	0	0	0	0	0	0	0	0	0	0	0	0	0	0	0	0	0	0	0	0	0	0	122	35	82	81	39	122	79	39	66	41	72	115	69	98
0	0	0	0	0	0	0	0	0	0	0	0	0	0	0	0	0	0	0	0	0	0	0	0	0	0	0	0	0	0	0	0	0	0	0	0	0	0	0	0	0	0	0	0	0	0	0	0	0	0	0	0	0	0	0	0	0	0	0	0	0	0	0	0	0	0	0	0	0	0	0	0	0	0	0	0	0	0	0	0	0	0	0	0	0	0	0	0	0	0	0	0	0	0	0	0	0	0	0	0	0	0	0	0	0	0	0	0	0	0	0	0	0	0	0	96	100	91	77	3	30	11	56	53	11	123	72	121
0	0	0	0	0	0	0	0	0	0	0	0	0	0	0	0	0	0	0	0	0	0	0	0	0	0	0	0	0	0	0	0	0	0	0	0	0	0	0	0	0	0	0	0	0	0	0	0	0	0	0	0	0	0	0	0	0	0	0	0	0	0	0	0	0	0	0	0	0	0	0	0	0	0	0	0	0	0	0	0	0	0	0	0	0	0	0	0	0	0	0	0	0	0	0	0	0	0	0	0	0	0	0	0	0	0	0	0	0	0	0	0	0	0	0	0	91	59	38	117	73	5	68	43	71	58	86	104
0	0	0	0	0	0	0	0	0	0	0	0	0	0	0	0	0	0	0	0	0	0	0	0	0	0	0	0	0	0	0	0	0	0	0	0	0	0	0	0	0	0	0	0	0	0	0	0	0	0	0	0	0	0	0	0	0	0	0	0	0	0	0	0	0	0	0	0	0	0	0	0	0	0	0	0	0	0	0	0	0	0	0	0	0	0	0	0	0	0	0	0	0	0	0	0	0	0	0	0	0	0	0	0	0	0	0	0	0	0	0	0	0	0	0	0	0	125	88	50	36	116	10	91	23	22	54	29
0	0	0	0	0	0	0	0	0	0	0	0	0	0	0	0	0	0	0	0	0	0	0	0	0	0	0	0	0	0	0	0	0	0	0	0	0	0	0	0	0	0	0	0	0	0	0	0	0	0	0	0	0	0	0	0	0	0	0	0	0	0	0	0	0	0	0	0	0	0	0	0	0	0	0	0	0	0	0	0	0	0	0	0	0	0	0	0	0	0	0	0	0	0	0	0	0	0	0	0	0	0	0	0	0	0	0	0	0	0	0	0	0	0	0	0	0	0	59	8	33	48	55	59	61	33	39	46
0	0	0	0	0	0	0	0	0	0	0	0	0	0	0	0	0	0	0	0	0	0	0	0	0	0	0	0	0	0	0	0	0	0	0	0	0	0	0	0	0	0	0	0	0	0	0	0	0	0	0	0	0	0	0	0	0	0	0	0	0	0	0	0	0	0	0	0	0	0	0	0	0	0	0	0	0	0	0	0	0	0	0	0	0	0	0	0	0	0	0	0	0	0	0	0	0	0	0	0	0	0	0	0	0	0	0	0	0	0	0	0	0	0	0	0	0	0	0	100	63	117	83	44	110	41	63	46
0	0	0	0	0	0	0	0	0	0	0	0	0	0	0	0	0	0	0	0	0	0	0	0	0	0	0	0	0	0	0	0	0	0	0	0	0	0	0	0	0	0	0	0	0	0	0	0	0	0	0	0	0	0	0	0	0	0	0	0	0	0	0	0	0	0	0	0	0	0	0	0	0	0	0	0	0	0	0	0	0	0	0	0	0	0	0	0	0	0	0	0	0	0	0	0	0	0	0	0	0	0	0	0	0	0	0	0	0	0	0	0	0	0	0	0	0	0	0	0	27	44	28	80	39	104	77	74
0	0	0	0	0	0	0	0	0	0	0	0	0	0	0	0	0	0	0	0	0	0	0	0	0	0	0	0	0	0	0	0	0	0	0	0	0	0	0	0	0	0	0	0	0	0	0	0	0	0	0	0	0	0	0	0	0	0	0	0	0	0	0	0	0	0	0	0	0	0	0	0	0	0	0	0	0	0	0	0	0	0	0	0	0	0	0	0	0	0	0	0	0	0	0	0	0	0	0	0	0	0	0	0	0	0	0	0	0	0	0	0	0	0	0	0	0	0	0	0	0	35	108	111	74	30	75	64
0	0	0	0	0	0	0	0	0	0	0	0	0	0	0	0	0	0	0	0	0	0	0	0	0	0	0	0	0	0	0	0	0	0	0	0	0	0	0	0	0	0	0	0	0	0	0	0	0	0	0	0	0	0	0	0	0	0	0	0	0	0	0	0	0	0	0	0	0	0	0	0	0	0	0	0	0	0	0	0	0	0	0	0	0	0	0	0	0	0	0	0	0	0	0	0	0	0	0	0	0	0	0	0	0	0	0	0	0	0	0	0	0	0	0	0	0	0	0	0	0	0	103	41	91	43	100	60
0	0	0	0	0	0	0	0	0	0	0	0	0	0	0	0	0	0	0	0	0	0	0	0	0	0	0	0	0	0	0	0	0	0	0	0	0	0	0	0	0	0	0	0	0	0	0	0	0	0	0	0	0	0	0	0	0	0	0	0	0	0	0	0	0	0	0	0	0	0	0	0	0	0	0	0	0	0	0	0	0	0	0	0	0	0	0	0	0	0	0	0	0	0	0	0	0	0	0	0	0	0	0	0	0	0	0	0	0	0	0	0	0	0	0	0	0	0	0	0	0	0	0	65	87	81	52	51
0	0	0	0	0	0	0	0	0	0	0	0	0	0	0	0	0	0	0	0	0	0	0	0	0	0	0	0	0	0	0	0	0	0	0	0	0	0	0	0	0	0	0	0	0	0	0	0	0	0	0	0	0	0	0	0	0	0	0	0	0	0	0	0	0	0	0	0	0	0	0	0	0	0	0	0	0	0	0	0	0	0	0	0	0	0	0	0	0	0	0	0	0	0	0	0	0	0	0	0	0	0	0	0	0	0	0	0	0	0	0	0	0	0	0	0	0	0	0	0	0	0	0	0	68	109	82	12
0	0	0	0	0	0	0	0	0	0	0	0	0	0	0	0	0	0	0	0	0	0	0	0	0	0	0	0	0	0	0	0	0	0	0	0	0	0	0	0	0	0	0	0	0	0	0	0	0	0	0	0	0	0	0	0	0	0	0	0	0	0	0	0	0	0	0	0	0	0	0	0	0	0	0	0	0	0	0	0	0	0	0	0	0	0	0	0	0	0	0	0	0	0	0	0	0	0	0	0	0	0	0	0	0	0	0	0	0	0	0	0	0	0	0	0	0	0	0	0	0	0	0	0	0	44	63	17
0	0	0	0	0	0	0	0	0	0	0	0	0	0	0	0	0	0	0	0	0	0	0	0	0	0	0	0	0	0	0	0	0	0	0	0	0	0	0	0	0	0	0	0	0	0	0	0	0	0	0	0	0	0	0	0	0	0	0	0	0	0	0	0	0	0	0	0	0	0	0	0	0	0	0	0	0	0	0	0	0	0	0	0	0	0	0	0	0	0	0	0	0	0	0	0	0	0	0	0	0	0	0	0	0	0	0	0	0	0	0	0	0	0	0	0	0	0	0	0	0	0	0	0	0	0	26	93
0	0	0	0	0	0	0	0	0	0	0	0	0	0	0	0	0	0	0	0	0	0	0	0	0	0	0	0	0	0	0	0	0	0	0	0	0	0	0	0	0	0	0	0	0	0	0	0	0	0	0	0	0	0	0	0	0	0	0	0	0	0	0	0	0	0	0	0	0	0	0	0	0	0	0	0	0	0	0	0	0	0	0	0	0	0	0	0	0	0	0	0	0	0	0	0	0	0	0	0	0	0	0	0	0	0	0	0	0	0	0	0	0	0	0	0	0	0	0	0	0	0	0	0	0	0	0	46
0	0	0	0	0	0	0	0	0	0	0	0	0	0	0	0	0	0	0	0	0	0	0	0	0	0	0	0	0	0	0	0	0	0	0	0	0	0	0	0	0	0	0	0	0	0	0	0	0	0	0	0	0	0	0	0	0	0	0	0	0	0	0	0	0	0	0	0	0	0	0	0	0	0	0	0	0	0	0	0	0	0	0	0	0	0	0	0	0	0	0	0	0	0	0	0	0	0	0	0	0	0	0	0	0	0	0	0	0	0	0	0	0	0	0	0	0	0	0	0	0	0	0	0	0	0	0	0